"";"PERNOME_P";"SERBASE";"TEMNOME_P";"FNTNOME_P";"SERCODIGOTROLL";"SERNOME_P";"QtdConsultas";"Posicao"
"1";"Diária";"Macroeconômico";"Financeiras";"Bacen Outras/SGS";"GM366_TJOVER366";"Taxa de juros - Over / Selic";461;1
"2";"Diária";"Macroeconômico";"Câmbio";"Bacen Outras/SGS";"GM366_ERV366";"Taxa de câmbio - R$ / US$ - comercial - venda - média";447;2
"3";"Diária";"Macroeconômico";"Financeiras";"Valor Econômico";"VALOR366_TJCBOND366";"C-Bond - spread";391;3
"4";"Diária";"Macroeconômico";"Câmbio";"Bacen Outras/SGS";"GM366_ERC366";"Taxa de câmbio - R$ / US$ - comercial - compra - média";280;4
"5";"Diária";"Macroeconômico";"Financeiras";"BM&FBovespa";"GM366_IBVSP366";"Índice de ações - Ibovespa - fechamento";231;5
"6";"Diária";"Macroeconômico";"Câmbio";"Bacen Outras/SGS";"GM366_EREURO366";"Zona do Euro - taxa de câmbio - euro / US$ - média";170;6
"7";"Diária";"Macroeconômico";"Financeiras";"Bacen Outras/SGS";"GM366_TJTR366";"Taxa de juros - TR";144;7
"8";"Diária";"Macroeconômico";"Câmbio";"Valor Econômico";"GM366_ERPV366";"Taxa de câmbio - R$ / US$ - paralelo - venda - média";132;8
"9";"Diária";"Macroeconômico";"Câmbio";"BM&FBovespa";"BMF366_FUT1DOL366";"Taxa de câmbio - R$ / US$ - comercial - futuro: vencimento em t+1";86;9
"10";"Diária";"Macroeconômico";"Financeiras";"IPEA";"GM366_TJCDBPRE366";"Taxa de juros - CDB / pré-fixado";77;10
"11";"Diária";"Macroeconômico";"Financeiras";"BM&FBovespa";"BMF366_FUT1DI1366";"Taxa de juros - DI de 1 dia - futuro: vencimento em t+1";69;11
"12";"Diária";"Macroeconômico";"Economia internacional";"Valor Econômico";"GM366_DOW366";"índice de ações - Dow Jones - fechamento";61;12
"13";"Diária";"Macroeconômico";"Preços";"FGV/Conj. Econ. - IGP";"IGP366_IPCS366";"Inflação - IPC-S";53;13
"14";"Diária";"Macroeconômico";"Financeiras";"BM&FBovespa";"BMF366_FUT3DI1366";"Taxa de juros - DI de 1 dia - futuro: vencimento em t+3";43;14
"15";"Diária";"Macroeconômico";"Comércio exterior";"MDIC/SECEX";"SECEX366_XVTOT366";"Exportações - média semanal";42;15
"16";"Diária";"Macroeconômico";"Preços";"Procon-SP";"PROCON366_CBSP366";"Cesta básica - município de São Paulo";38;16
"17";"Diária";"Macroeconômico";"Câmbio";"BM&FBovespa";"BMF366_FUT6DOL366";"Taxa de câmbio - R$ / US$ - comercial - futuro: vencimento em t+6";32;17
"18";"Diária";"Macroeconômico";"Financeiras";"IPEA";"GM366_DU366";"Dias úteis - indicador";31;18
"19";"Diária";"Macroeconômico";"Comércio exterior";"MDIC/SECEX";"SECEX366_MVTOT366";"Importações - média semanal";31;18
"20";"Diária";"Macroeconômico";"Financeiras";"BM&FBovespa";"BMF366_FUT6DI1366";"Taxa de juros - DI de 1 dia - futuro: vencimento em t+6";30;20
"21";"Diária";"Macroeconômico";"Câmbio";"BM&FBovespa";"BMF366_FUT3DOL366";"Taxa de câmbio - R$ / US$ - comercial - futuro: vencimento em t+3";27;21
"22";"Diária";"Macroeconômico";"Economia internacional";"Valor Econômico";"GM366_NASDAQ366";"índice de ações - NASDAQ - fechamento";23;22
"23";"Diária";"Macroeconômico";"Preços";"FGV/Conj. Econ. - IGP";"IGP366_IPCSHAB366";"índice de preços ao consumidor semanal - IPC-S - habitação  - var.";3;23
"24";"Diária";"Macroeconômico";"Preços";"FGV/Conj. Econ. - IGP";"IGP366_IPCSEDU366";"índice de preços ao consumidor semanal - IPC-S - educação - var.";3;23
"25";"Diária";"Macroeconômico";"Preços";"FGV/Conj. Econ. - IGP";"IGP366_IPCSDES366";"índice de preços ao consumidor semanal - IPC-S - despesas diversas - var.";3;23
"26";"Diária";"Macroeconômico";"Preços";"FGV/Conj. Econ. - IGP";"IGP366_IPCSALIM366";"índice de preços ao consumidor semanal - IPC-S - alimentação - var.";3;23
"27";"Diária";"Macroeconômico";"Preços";"FGV/Conj. Econ. - IGP";"IGP366_IPCSVEST366";"índice de preços ao consumidor semanal - IPC-S - vestuario - var.";2;27
"28";"Diária";"Macroeconômico";"Preços";"FGV/Conj. Econ. - IGP";"IGP366_IPCSSAU366";"índice de preços ao consumidor semanal - IPC-S - saúde - var.";2;27
"29";"Diária";"Macroeconômico";"Preços";"FGV/Conj. Econ. - IGP";"IGP366_IPCSTRAN366";"índice de preços ao consumidor semanal - IPC-S - transporte - var.";2;27
"30";"Diária";"Macroeconômico";"Financeiras";"JP Morgan";"JPM366_EMBI366";"EMBI + Risco-Brasil";1;30
"31";"Mensal";"Macroeconômico";"Preços";"FGV/Conj. Econ. - IGP";"IGP12_IGPM12";"IGP-M - geral - índice (ago. 1994 = 100)";1587;1
"32";"Mensal";"Macroeconômico";"Preços";"FGV/Conj. Econ. - IGP";"IGP12_IGPMG12";"Inflação - IGP-M";1564;2
"33";"Mensal";"Macroeconômico";"Preços";"IBGE/SNIPC";"PRECOS12_IPCAG12";"Inflação - IPCA";1309;3
"34";"Mensal";"Macroeconômico";"Financeiras";"Bacen/Boletim/M. Finan.";"BM12_TJOVER12";"Taxa de juros - Over / Selic";1187;4
"35";"Mensal";"Macroeconômico";"Preços";"FGV/Conj. Econ. - IGP";"IGP12_IGPDIG12";"Inflação - IGP-DI";950;5
"36";"Mensal";"Macroeconômico";"Preços";"IBGE/SNIPC";"PRECOS12_INPCBR12";"Inflação - INPC";946;6
"37";"Mensal";"Macroeconômico";"Preços";"FGV/Conj. Econ. - IGP";"IGP12_IGPDI12";"IGP-DI - geral - índice (ago. 1994 = 100)";910;7
"38";"Mensal";"Macroeconômico";"Salário e renda";"IPEA";"GAC12_SALMINRE12";"Salário mínimo real";679;8
"39";"Mensal";"Macroeconômico";"Preços";"IBGE/SNIPC";"PRECOS12_IPCA12";"IPCA - geral - índice (dez. 1993 = 100)";607;9
"40";"Mensal";"Macroeconômico";"Preços";"Fipe";"FIPE12_FIPE0001";"Inflação - IPC (FIPE)";559;10
"41";"Mensal";"Macroeconômico";"Câmbio";"Bacen/Boletim/BP";"BM12_ERC12";"Taxa de câmbio - R$ / US$ - comercial - compra - média";546;11
"42";"Mensal";"Macroeconômico";"Comércio exterior";"Bacen/BP (BPM5)";"BPN12_SBC12";"Balança comercial - (FOB) - saldo (Antiga metod. - BPM5)";500;12
"43";"Mensal";"Macroeconômico";"Câmbio";"Bacen/Boletim/BP";"BM12_ERV12";"Taxa de câmbio - R$ / US$ - comercial - venda - média";470;13
"44";"Mensal";"Macroeconômico";"Emprego";"IBGE/PME antiga";"PME12_TDA12";"Taxa de desemprego - aberto - referência: 30 dias - RMs";467;14
"45";"Mensal";"Macroeconômico";"Emprego";"Seade/PED";"SEADE12_TDAGSP12";"Taxa de desemprego - aberto - RMSP";413;15
"46";"Mensal";"Macroeconômico";"Câmbio";"Bacen/Boletim/BP";"BM12_ERCF12";"Taxa de câmbio - R$ / US$ - comercial - compra - fim período";407;16
"47";"Mensal";"Macroeconômico";"Comércio exterior";"MDIC/SECEX";"SECEX12_XVTOT12";"Exportações - (FOB)";402;17
"48";"Mensal";"Macroeconômico";"Consumo e vendas";"Eletros";"ELET12_DVD12";"Vendas industriais - DVD players - qde.";400;18
"49";"Mensal";"Macroeconômico";"Emprego";"Seade/PED";"SEADE12_TDTGSP12";"Taxa de desemprego - RMSP";365;19
"50";"Mensal";"Macroeconômico";"Câmbio";"IPEA";"GAC12_TCERXTINPC12";"Taxa de câmbio - efetiva real - INPC - exportações - índice (média 2010 = 100)";340;20
"51";"Mensal";"Macroeconômico";"Consumo e vendas";"Eletros";"ELET12_VIDEO12";"Vendas industriais - videocassetes - qde.";332;21
"52";"Mensal";"Macroeconômico";"Preços";"FGV/Conj. Econ. - IGP";"IGP12_INCCG12";"Inflação - INCC";292;22
"53";"Mensal";"Macroeconômico";"Câmbio";"Bacen/Boletim/BP";"BM12_ERVF12";"Taxa de câmbio - R$ / US$ - comercial - venda - fim período";285;23
"54";"Mensal";"Macroeconômico";"Emprego";"IBGE/PME";"PMEN12_TD12";"Taxa de desemprego - referência: 30 dias - RMs";267;24
"55";"Mensal";"Macroeconômico";"Finanças públicas";"Bacen/Not. Imp./F. Púb.";"BM12_DTSPY12";"Dívida - total - setor público - líquida";254;25
"56";"Mensal";"Macroeconômico";"Consumo e vendas";"Anfavea";"ANFAVE12_VPASSA12";"Vendas - automóveis - nacionais -  montados e desmontados -qde.";254;25
"57";"Mensal";"Macroeconômico";"Financeiras";"Bacen/Boletim/M. Finan.";"BM12_TJCDI12";"Taxa de juros - CDI / Over";235;27
"58";"Mensal";"Macroeconômico";"Preços";"FGV/Conj. Econ. - IGP";"IGP12_INCC12";"INCC - geral - índice (ago. 1994 = 100)";233;28
"59";"Mensal";"Macroeconômico";"Finanças públicas";"Bacen/Not. Imp./F. Púb.";"BM12_DTSPN12";"Dívida - total - setor público - líquida";227;29
"60";"Mensal";"Macroeconômico";"Preços";"FGV/Conj. Econ. - IGP";"IGP12_IPCG12";"Inflação - IPC (FGV)";226;30
"61";"Mensal";"Macroeconômico";"Comércio exterior";"MDIC/SECEX";"SECEX12_MVTOT12";"Importações - (FOB)";226;30
"62";"Mensal";"Macroeconômico";"Preços";"FGV/Conj. Econ. - IGP";"IGP12_IPC12";"IPC - geral - índice (ago. 1994 = 100)";224;32
"63";"Mensal";"Macroeconômico";"Preços";"IBGE/SNIPC";"PRECOS12_INPC12";"INPC - geral - índice (dez. 1993 = 100)";210;33
"64";"Mensal";"Macroeconômico";"Câmbio";"IPEA";"GAC12_TCERXT12";"Taxa de câmbio - efetiva real - IPA-EP-DI - exportações - índice (média 2010 = 100)";208;34
"65";"Mensal";"Macroeconômico";"Consumo e vendas";"Eletros";"ELET12_TV12";"Vendas industriais - televisores em cores - qde.";186;35
"66";"Mensal";"Macroeconômico";"Salário e renda";"IBGE/PME antiga";"PME12_RMN12";"Rendimento médio do trabalho principal - RMs";181;36
"67";"Mensal";"Macroeconômico";"Câmbio";"Bacen/Boletim/BP";"BM12_SBCCC12";"Câmbio contratado - comercial";181;36
"68";"Mensal";"Macroeconômico";"Preços";"FGV/Conj. Econ. - IGP";"IGP12_IGPF12";"IGP-DI - geral - centrado - fim período - índice (ago. 1994 = 100)";177;38
"69";"Mensal";"Macroeconômico";"Financeiras";"Bacen/Boletim/M. Finan.";"BM12_TJLP12";"Taxa de juros - TJLP";170;39
"70";"Mensal";"Macroeconômico";"Emprego";"Fiesp";"FIESP12_NEINSP12";"Nível de emprego - indústria - índice (jun. 1994 = 100) - SP";169;40
"71";"Mensal";"Macroeconômico";"Preços";"FGV/Conj. Econ. - IGP";"IGP12_IPADIG12";"Inflação - IPA-EP-DI";153;41
"72";"Mensal";"Macroeconômico";"Consumo e vendas";"IBGE/PMC";"PMC12_IVVR12";"Vendas reais - varejo - índice (média 2014 = 100)";153;41
"73";"Mensal";"Macroeconômico";"Preços";"FGV/Conj. Econ.";"AGROAN12_PRSO12";"Preço médio - recebido pelo produtor - soja - kg";153;41
"74";"Mensal";"Macroeconômico";"Preços";"FGV/Conj. Econ. - IGP antigo";"IGP12_IPA0515";"IPA-OG - ferro, aço e derivados - índice (ago. 1994 = 100)";153;41
"75";"Mensal";"Macroeconômico";"Financeiras";"Bacen/Boletim/M. Finan.";"BM12_TJCDBN12";"Taxa de juros - CDB";152;45
"76";"Mensal";"Macroeconômico";"Preços";"FGV/Conj. Econ. - IGP";"IGP12_IPADI12";"IPA-EP-DI - geral - índice (ago. 1994 = 100)";148;46
"77";"Mensal";"Macroeconômico";"Consumo e vendas";"Eletros";"ELET12_COND12";"Vendas industriais - condicionadores de ar - qde.";146;47
"78";"Mensal";"Macroeconômico";"Salário e renda";"IBGE/PME";"PMEN12_RMR12";"Rendimento médio real efetivo - pessoas ocupadas - RMs";135;48
"79";"Mensal";"Macroeconômico";"Produção";"IBGE/PIM-PF antiga";"PIMPF12_QIIG12";"Produção industrial - indústria geral - quantum - índice (média 1991 = 100)";135;48
"80";"Mensal";"Macroeconômico";"Financeiras";"Valor Econômico";"VALOR12_TJCBOND12";"C-Bond - spread";132;50
"81";"Mensal";"Macroeconômico";"Produção";"SNIC";"SNIC12_QSCC12";"Produção - cimento - qde.";131;51
"82";"Mensal";"Macroeconômico";"Salário e renda";"Seade/PED";"SEADE12_SIRMRA12";"Rendimento médio - real - assalariados - trabalho principal - índice (média 2000 = 100) - RMSP";129;52
"83";"Mensal";"Macroeconômico";"Financeiras";"Anbima";"ANBIMA12_IBVSP12";"Índice de ações - Ibovespa - fechamento";122;53
"84";"Mensal";"Macroeconômico";"Sinopse macroeconômica";"IBGE/PME";"PAN12_TD12";"Taxa de desemprego";121;54
"85";"Mensal";"Macroeconômico";"Produção";"IBGE/PIM-PF antiga";"PIMPF12_PFIND12";"Produção industrial - indústria geral - quantum - índice dessaz. (média 1991 = 100)";120;55
"86";"Mensal";"Macroeconômico";"Produção";"IBS/IE";"IBSIE12_QSCAB12";"Produção - aço bruto";118;56
"87";"Mensal";"Macroeconômico";"Consumo e vendas";"Eletros";"ELET12_VENT12";"Vendas industriais - ventiladores - qde.";117;57
"88";"Mensal";"Macroeconômico";"Financeiras";"Bacen/Boletim/M. Finan.";"BM12_RNDPO12";"Poupança - rendimento nominal a partir de 04.05.2012 - Rentabilidade no período (1º dia do mês)";115;58
"89";"Mensal";"Macroeconômico";"Câmbio";"Valor Econômico";"GM12_BLACKF12";"Taxa de câmbio - R$ / US$ - paralelo - venda - fim período";112;59
"90";"Mensal";"Macroeconômico";"Finanças públicas";"Bacen/Not. Imp./F. Púb.";"BM12_DINSPY12";"Dívida interna - setor público - líquida";111;60
"91";"Mensal";"Macroeconômico";"Economia internacional";"FMI/IFS";"IFS12_IPAEUA12";"IPA - índice (média 2005 = 100)";111;60
"92";"Mensal";"Macroeconômico";"Financeiras";"Anbima";"ANBIMA12_TJPOUP12";"Poupança - rendimento nominal - 1º dia útil (até 03.05.2012)";109;62
"93";"Mensal";"Macroeconômico";"Preços";"IPEA";"GAC12_IPCA20P12";"IPCA - Núcleo média aparadas";109;62
"94";"Mensal";"Macroeconômico";"Emprego";"IBGE/PME antiga";"PME12_TDESA12";"Taxa de desemprego - aberto - referência: semana - RMs";107;64
"95";"Mensal";"Macroeconômico";"Emprego";"IBGE/PME antiga";"PME12_PEA12";"População economicamente ativa (PEA) - RMs";106;65
"96";"Mensal";"Macroeconômico";"Preços";"Fipe";"FIPE12_IPCFIPE12";"IPC - geral - índice (jun. 1994 = 100) - RMSP";106;65
"97";"Mensal";"Macroeconômico";"Produção";"Anfavea";"ANFAVE12_QPASSA12";"Produção - automóveis - montados e desmontados - qde.";104;67
"98";"Mensal";"Macroeconômico";"Câmbio";"IPEA";"GAC12_TCERXMINPC12";"Taxa de câmbio - efetiva real - INPC - exportações - manufaturados - índice (média 2010 = 100)";103;68
"99";"Mensal";"Macroeconômico";"Preços";"FGV/Conj. Econ. - IGP";"IGP12_IPAOG12";"IPA origem - geral - índice (ago. 1994 = 100)";103;68
"100";"Mensal";"Macroeconômico";"Balanço de pagamentos";"Bacen/BP (BPM5)";"BPN12_STC12";"Transações correntes - saldo (Antiga metod. - BPM5)";102;70
"101";"Mensal";"Macroeconômico";"Emprego";"Seade/PED";"SEADE12_TDOTSP12";"Taxa de desemprego - oculto - RMSP";101;71
"102";"Mensal";"Macroeconômico";"Salário e renda";"CNI";"CNI12_SALRE12";"Salário - real - indústria - índice (média 1992 = 100)";101;71
"103";"Mensal";"Macroeconômico";"Consumo e vendas";"Eletrobras";"ELETRO12_CEET12";"Consumo - energia elétrica - qde.";99;73
"104";"Mensal";"Macroeconômico";"Salário e renda";"Fiesp";"FIESP12_SRM12";"Salário real - médio - indústria - índice (média 2006 = 100) - SP";99;73
"105";"Mensal";"Macroeconômico";"Preços";"FGV/Conj. Econ. - IGP";"IGP12_IPAOGG12";"Inflação - IPA origem";94;75
"106";"Mensal";"Macroeconômico";"Consumo e vendas";"Eletrobras";"ELETRO12_CEECOM12";"Consumo - energia elétrica - comércio - qde.";92;76
"107";"Mensal";"Macroeconômico";"Economia internacional";"Bacen/Boletim/Intern.";"BM12_LIBOR12";"Taxa de juros - Libor / dólar americano - média";91;77
"108";"Mensal";"Macroeconômico";"Salário e renda";"Seade/PED";"SEADE12_RMNASS12";"Rendimento médio - nominal - assalariados - trabalho principal - RMSP";91;77
"109";"Mensal";"Macroeconômico";"Preços";"FGV/Conj. Econ. - IGP";"IGP12_IGPMG1D12";"Inflação - IGP-M - 1º decêndio";90;79
"110";"Mensal";"Macroeconômico";"Sinopse macroeconômica";"Bacen/Boletim/M. Finan.";"PAN12_TJOVER12";"Taxa de juros nominal - Over / Selic";89;80
"111";"Mensal";"Macroeconômico";"Financeiras";"Bacen/Boletim/M. Finan.";"BM12_TJTR12";"Taxa de juros - TR";88;81
"112";"Mensal";"Macroeconômico";"Finanças públicas";"Bacen/Not. Imp./F. Púb.";"BM12_NFSPPN12";"NFSP - setor público - primário - c/ desvalorização cambial";88;81
"113";"Mensal";"Macroeconômico";"Consumo e vendas";"Eletrobras";"ELETRO12_CEERES12";"Consumo - energia elétrica - residência - qde.";88;81
"114";"Mensal";"Macroeconômico";"Comércio exterior";"Funcex";"FUNCEX12_XVT12";"Exportações - (FOB)";88;81
"115";"Mensal";"Macroeconômico";"Câmbio";"IPEA";"GAC12_TCRXMINPC12";"Taxa de paridade - R$ / US$ - preços ao consumidor - índice (dez. 1998 = 100)";87;85
"116";"Mensal";"Macroeconômico";"Financeiras";"Fundap/Diesp";"DIESP12_GIRO12";"Taxa de juros - crédito - capital de giro - fim período";87;85
"117";"Mensal";"Macroeconômico";"Balanço de pagamentos";"Bacen/Not. Imp./Set. Ext.";"BM12_RESLIQ12";"Reservas internacionais - Conceito liquidez";86;87
"118";"Mensal";"Macroeconômico";"Preços";"IPEA";"GAC12_TPR12";"IPCA - Tendência prospectiva para 4 meses";85;88
"119";"Mensal";"Macroeconômico";"Preços";"Dieese";"DIEESE12_ICVSPDG12";"Inflação - ICV-SP";83;89
"120";"Mensal";"Macroeconômico";"Produção";"IBGE/PIM-PF antiga";"PIMPF12_QIBEB12";"Produção industrial - bebidas - quantum - índice (média 1991 = 100)";82;90
"121";"Mensal";"Macroeconômico";"Câmbio";"IPEA";"GAC12_TCERXM12";"Taxa de câmbio - efetiva real - IPA-OG-IT - exportações - manufaturados - índice (média 2010 = 100)";81;91
"122";"Mensal";"Macroeconômico";"Contas nacionais";"IPEA";"GAMMA12_PIBE12";"PIB - preços de mercado - índice encadeado (média 1990 = 100)";80;92
"123";"Mensal";"Macroeconômico";"Comércio exterior";"Funcex";"FUNCEX12_XPT12";"Exportações - preços - índice (média 2006 = 100)";80;92
"124";"Mensal";"Macroeconômico";"Preços";"IPEA";"GAC12_IPCAEXC12";"IPCA - Núcleo por exclusão";78;94
"125";"Mensal";"Macroeconômico";"Finanças públicas";"Bacen/Not. Imp./F. Púb.";"BM12_DTGFY12";"Dívida - total - gov. federal e Banco Central - líquida";78;94
"126";"Mensal";"Macroeconômico";"Consumo e vendas";"Eletrobras";"ELETRO12_CEEIND12";"Consumo - energia elétrica - indústria - qde.";77;96
"127";"Mensal";"Macroeconômico";"Emprego";"IBGE/PME";"PMEN12_DESPOC12";"População desocupada - RMs";77;96
"128";"Mensal";"Macroeconômico";"Consumo e vendas";"IBGE/PMC";"PMC12_IVVN12";"Vendas nominais - varejo - índice (média 2014 = 100)";77;96
"129";"Mensal";"Macroeconômico";"Sinopse macroeconômica";"IBGE/PIM-PF";"PAN12_QIIGG12";"Produção industrial";76;99
"130";"Mensal";"Macroeconômico";"Emprego";"Seade/PED";"SEADE12_TDOPSP12";"Taxa de desemprego - oculto - precário - RMSP";76;99
"131";"Mensal";"Macroeconômico";"Produção";"CNI";"CNI12_NUCAP12";"Utilização da capacidade instalada - indústria";76;99
"132";"Mensal";"Macroeconômico";"Emprego";"Seade/PED";"SEADE12_TDODSP12";"Taxa de desemprego - oculto - desalento - RMSP";74;102
"133";"Mensal";"Macroeconômico";"Finanças públicas";"Bacen/Not. Imp./F. Púb.";"BM12_NFSPJNN12";"NFSP - setor público - juros nominais - c/ desvalorização cambial";72;103
"134";"Mensal";"Macroeconômico";"Moeda e crédito";"Bacen/Not. Imp./Moeda";"BM12_PMPP12";"M1 - papel-moeda em poder do público - fim período";71;104
"135";"Mensal";"Macroeconômico";"Salário e renda";"IBGE/PME antiga";"PME12_RMR12";"Rendimento médio real do trabalho principal - RMs - índice (jul. 1994 = 100)";71;104
"136";"Mensal";"Macroeconômico";"Preços";"Dieese";"DIEESE12_CBSP12";"Cesta básica - município de São Paulo";69;106
"137";"Mensal";"Macroeconômico";"Finanças públicas";"Min. Fazenda/SRF";"SRF12_TOTREC12";"Receita administrada pela SRF - receita bruta";69;106
"138";"Mensal";"Macroeconômico";"Preços";"FGV/Conj. Econ. - IGP";"IGP12_IPAI12";"IPA-DI - origem - prod. industriais - índice (ago. 1994 = 100)";68;108
"139";"Mensal";"Macroeconômico";"Preços";"IBGE/SNIPC";"PRECOS12_IPCA15G12";"Inflação - IPCA-15";68;108
"140";"Mensal";"Macroeconômico";"Comércio exterior";"Funcex/Séries antigas";"FUNCEX12_XVAGP12";"Exportações - setor: agropecuária - (FOB)";68;108
"141";"Mensal";"Macroeconômico";"Sinopse macroeconômica";"IBGE/SNIPC";"PAN12_IPCAG12";"Índice de Preços ao Consumidor Ampliado (IPCA)";67;111
"142";"Mensal";"Macroeconômico";"Salário e renda";"IBGE/PME antiga";"PME12_MRTP12";"Massa de rendimentos do trabalho principal - índice (jul. 1994 = 100)";67;111
"143";"Mensal";"Macroeconômico";"Finanças públicas";"Bacen/Not. Imp./F. Púb.";"BM12_NFSPNN12";"NFSP - setor público - nominal - c/ desvalorização cambial";67;111
"144";"Mensal";"Macroeconômico";"Emprego";"IBGE/PME";"PMEN12_PEA12";"População economicamente ativa (PEA) - RMs";67;111
"145";"Mensal";"Macroeconômico";"Finanças públicas";"Bacen/Not. Imp./F. Púb.";"BM12_DEXSPY12";"Dívida externa - setor público - líquida";65;115
"146";"Mensal";"Macroeconômico";"Comércio exterior";"Bacen/BP (BPM5)";"BPN12_XTV12";"Exportações - (FOB) (Antiga metod. - BPM5)";65;115
"147";"Mensal";"Macroeconômico";"Produção";"IBS/IE";"IBSIE12_QSCFG12";"Produção - ferro-gusa";65;115
"148";"Mensal";"Macroeconômico";"Economia internacional";"FMI/IFS";"IFS12_IPCEUA12";"IPC - índice (média 2005 = 100)";65;115
"149";"Mensal";"Macroeconômico";"Câmbio";"IPEA";"GAC12_RTCS12";"Relação câmbio / salário - índice (média 2010 = 100)";65;115
"150";"Mensal";"Macroeconômico";"Produção";"IBGE/PIM-PF antiga";"PIMPF12_QIBK12";"Produção industrial - bens de capital - quantum - índice (média 1991 = 100)";63;120
"151";"Mensal";"Macroeconômico";"Comércio exterior";"Bacen/BP (BPM5)";"BPN12_MTV12";"Importações - (FOB) (Antiga metod. - BPM5)";62;121
"152";"Mensal";"Macroeconômico";"Finanças públicas";"Bacen/Not. Imp./F. Púb.";"BM12_DINSPN12";"Dívida interna - setor público - líquida";61;122
"153";"Mensal";"Macroeconômico";"Preços";"FGV/Conj. Econ.";"AGROAN12_PRBOIG12";"Preço médio - recebido pelo produtor - boi gordo (em corte) - 15 kg";61;122
"154";"Mensal";"Macroeconômico";"Financeiras";"Anbima";"ANBIMA12_TJCDBP12";"Taxa de juros - CDB pré-fixado";60;124
"155";"Mensal";"Macroeconômico";"Consumo e vendas";"Anfavea";"ANFAVE12_VVETOT12";"Vendas - autoveículos - nacionais -  montados e desmontados -qde.";60;124
"156";"Mensal";"Macroeconômico";"Finanças públicas";"Bacen/Not. Imp./F. Púb.";"BM12_DTEMY12";"Dívida - total - estados e municípios - líquida";59;126
"157";"Mensal";"Macroeconômico";"Emprego";"IBGE/PME antiga";"PME12_QPOC12";"População ocupada - RMs";58;127
"158";"Mensal";"Macroeconômico";"Balanço de pagamentos";"Bacen/BP (BPM5)";"BPN12_FINIDE12";"Conta financeira - invest. diretos - estrang. no país - saldo (Antiga metod. - BPM5)";57;128
"159";"Mensal";"Macroeconômico";"Consumo e vendas";"Eletros";"ELET12_CD12";"Vendas industriais - CD players - qde.";57;128
"160";"Mensal";"Macroeconômico";"Salário e renda";"CNI";"CNI12_SALNO12";"Salário - indústria - índice (média 1992 = 100)";56;130
"161";"Mensal";"Macroeconômico";"Salário e renda";"Fiesp";"FIESP12_TSR12";"Salário real - indústria - índice (média 2006 = 100) - SP";55;131
"162";"Mensal";"Macroeconômico";"Comércio exterior";"MDIC/SECEX";"SECEX12_BENCAP12";"Importações - categorias de uso - bens de capital - (FOB)";55;131
"163";"Mensal";"Macroeconômico";"Consumo e vendas";"Fecomercio SP";"FCESP12_AUTCONS12";"Comércio - automotivo e construção - faturamento - índice (média 1998 = 100) - RMSP";55;131
"164";"Mensal";"Macroeconômico";"Preços";"FGV/Conj. Econ. - IGP";"IGP12_IGPMG2D12";"Inflação - IGP-M - 2º decêndio";55;131
"165";"Mensal";"Macroeconômico";"Finanças públicas";"Bacen/Not. Imp./F. Púb.";"BM12_DIVFBC12";"Dívida mobiliária interna federal - títulos fora do BC - fim período";54;135
"166";"Mensal";"Macroeconômico";"Consumo e vendas";"Fecomercio SP";"FCESP12_VAREJOR12";"Comércio - bens de consumo - faturamento real - índice (média 1998 = 100) - RMSP";54;135
"167";"Mensal";"Macroeconômico";"Consumo e vendas";"ANP";"ANP12_CGASOL12";"Consumo aparente - gasolina - média - qde./dia";54;135
"168";"Mensal";"Macroeconômico";"Finanças públicas";"Min. Fazenda/Cotepe";"CONFAZ12_ICMSN12";"Imposto sobre a circulação de mercadorias (ICMS) - Total Brasil";54;135
"169";"Mensal";"Macroeconômico";"Emprego";"CNI";"CNI12_PEEMP12";"Pessoal empregado - indústria - índice (média 2006 = 100)";54;135
"170";"Mensal";"Macroeconômico";"Comércio exterior";"Funcex";"FUNCEX12_MDVT12";"Importações - (FOB)";54;135
"171";"Mensal";"Macroeconômico";"Preços";"FGV/Conj. Econ. - IGP antigo";"IGP12_IPAME12";"IPA-DI - máquinas, veículos e equipamentos - índice (ago. 1994 = 100)";52;141
"172";"Mensal";"Macroeconômico";"Salário e renda";"Seade/PED";"SEADE12_RMNOC12";"Rendimento médio - nominal - ocupados - trabalho principal - RMSP";52;141
"173";"Mensal";"Macroeconômico";"Consumo e vendas";"Fecomercio SP";"FCESP12_VAREJO12";"Comércio - bens de consumo - faturamento - índice (média 1998 = 100) - RMSP";52;141
"174";"Mensal";"Macroeconômico";"Finanças públicas";"Bacen/Not. Imp./F. Púb.";"BM12_TPFER12";"Títulos - federais - indexados ao câmbio - fim período";52;141
"175";"Mensal";"Macroeconômico";"Sinopse macroeconômica";"Bacen/Not. Imp./F. Púb.";"PAN12_DTSPY12";"Dívida pública total";52;141
"176";"Mensal";"Macroeconômico";"Preços";"FGV/Conj. Econ. - IGP";"IGP12_IGPOGG12";"Inflação - IGP-OG";52;141
"177";"Mensal";"Macroeconômico";"Preços";"Dieese";"DIEESE12_ICVSPD12";"ICV-SP - índice (jun. 1994 = 100)";52;141
"178";"Mensal";"Macroeconômico";"Emprego";"IBGE/PME antiga";"PME12_POCCCART12";"População ocupada - com carteira assinada - RMs";52;141
"179";"Mensal";"Macroeconômico";"Balanço de pagamentos";"Bacen/BP (BPM5)";"BPN12_MCI12";"Conta financeira - investimentos diretos - saldo (Antiga metod. - BPM5)";51;149
"180";"Mensal";"Macroeconômico";"Produção";"Abia";"ABIA12_ALIM12";"Produção física - alimentos - índice (média 1989 = 100)";51;149
"181";"Mensal";"Macroeconômico";"Consumo e vendas";"Fecomercio SP";"FCESP12_IICA12";"Índice de condições econômicas atuais (ICEA)";51;149
"182";"Mensal";"Macroeconômico";"Câmbio";"IPEA";"GAC12_RTCES12";"Relação câmbio efetivo / salário - índice (média 2005 = 100)";51;149
"183";"Mensal";"Macroeconômico";"Preços";"Bacen Outras/SGS";"PRECOS12_IPCAPM12";"IPCA - preços monitorados - var.";50;153
"184";"Mensal";"Macroeconômico";"Consumo e vendas";"CNI";"CNI12_VENRED12";"Faturamento real - indústria - índice dessaz. (média 2006 = 100)";50;153
"185";"Mensal";"Macroeconômico";"Preços";"FGV/Conj. Econ. - IGP antigo";"IGP12_IPA0698";"IPA-OG - papel e papelão - índice (ago. 1994 = 100)";50;153
"186";"Mensal";"Macroeconômico";"Preços";"FGV/Conj. Econ. - IGP antigo";"IGP12_IPA0736";"IPA-OG - combustíveis e lubrificantes - índice (ago. 1994 = 100)";50;153
"187";"Mensal";"Macroeconômico";"Comércio exterior";"Funcex";"FUNCEX12_MDPT12";"Importações - preços - índice (média 2006 = 100)";50;153
"188";"Mensal";"Macroeconômico";"Preços";"FGV/Conj. Econ.";"AGROAN12_PRMI12";"Preço médio - recebido pelo produtor - milho - kg";50;153
"189";"Mensal";"Macroeconômico";"Balanço de pagamentos";"Bacen/BP (BPM5)";"BPN12_SBP12";"Resultado global do balanço de pagamentos (Antiga metod. - BPM5)";50;153
"190";"Mensal";"Macroeconômico";"Moeda e crédito";"Bacen/Not. Imp./Moeda";"BM12_M1N12";"M1 - fim período";49;160
"191";"Mensal";"Macroeconômico";"Sinopse macroeconômica";"IBGE/PME";"PAN12_RMR12";"Rendimento médio real";49;160
"192";"Mensal";"Macroeconômico";"Produção";"IBGE/PIM-PF antiga";"PIMPF12_QITEX12";"Produção industrial - têxtil - quantum - índice (média 1991 = 100)";49;160
"193";"Mensal";"Macroeconômico";"Produção";"IBGE/PIM-PF antiga";"PIMPF12_QIFU12";"Produção industrial - fumo - quantum - índice (média 1991 = 100)";48;163
"194";"Mensal";"Macroeconômico";"Preços";"Bacen Outras/SGS";"PRECOS12_IPCAPL12";"IPCA - preços livres - var.";48;163
"195";"Mensal";"Macroeconômico";"Preços";"FGV/Conj. Econ. - IGP";"IGP12_IPAITR12";"IPA origem - prod. industriais - ind. transf. - índice (ago. 1994 = 100)";48;163
"196";"Mensal";"Macroeconômico";"Sinopse macroeconômica";"FGV/Conj. Econ. - IGP";"PAN12_IGPDIG12";"Índice Geral de Preços (IGP-DI)";48;163
"197";"Mensal";"Macroeconômico";"Preços";"FGV/Conj. Econ. - IGP";"IGP12_IGPOG12";"IGP-OG - geral - índice (ago. 1994 = 100)";48;163
"198";"Mensal";"Macroeconômico";"Finanças públicas";"Bacen/Not. Imp./F. Púb.";"BM12_DEXSPN12";"Dívida externa - setor público - líquida";48;163
"199";"Mensal";"Macroeconômico";"Moeda e crédito";"Bacen/Not. Imp./Moeda";"BM12_M0N12";"M0 - base monetária - fim período";48;163
"200";"Mensal";"Macroeconômico";"Emprego";"IBGE/PME antiga";"PME12_PRODIT12";"Produtividade - indústria transformação - (média 1991 = 100)";48;163
"201";"Mensal";"Macroeconômico";"Sinopse macroeconômica";"Bacen/Boletim/BP";"PAN12_ERV12";"Taxa de câmbio nominal";47;171
"202";"Mensal";"Macroeconômico";"Finanças públicas";"Min. Fazenda/STN";"STN12_NFTEMTOT12";"NFSP - gov. central - transf. estados e municípios - total";47;171
"203";"Mensal";"Macroeconômico";"Consumo e vendas";"CNI";"CNI12_VENREA12";"Faturamento real - indústria - índice (média 2006 = 100)";47;171
"204";"Mensal";"Macroeconômico";"Comércio exterior";"Funcex";"FUNCEX12_XQT12";"Exportações - quantum - índice (média 2006 = 100)";47;171
"205";"Mensal";"Macroeconômico";"Finanças públicas";"Bacen/Not. Imp./F. Púb.";"BM12_DEXGFY12";"Dívida externa - gov. federal e Banco Central - líquida";46;175
"206";"Mensal";"Macroeconômico";"Finanças públicas";"Min. Fazenda/STN";"STN12_DESTN12";"Execução financeira - despesas - total";45;176
"207";"Mensal";"Macroeconômico";"Consumo e vendas";"Fecomercio SP";"FCESP12_CONCESR12";"Comércio - concessionárias de veículos - faturamento real - índice (média 1998 = 100) - RMSP";45;176
"208";"Mensal";"Macroeconômico";"Produção";"IBGE/PIM-PF antiga";"PIMPF12_QIBCD12";"Produção industrial - bens de consumo duráveis - quantum - índice (média 1991 = 100)";45;176
"209";"Mensal";"Macroeconômico";"Preços";"FGV/Conj. Econ. - IGP antigo";"IGP12_IPA0558";"IPA-OG - máquinas e equipamentos industriais - índice (ago. 1994 = 100)";45;176
"210";"Mensal";"Macroeconômico";"Finanças públicas";"Min. Fazenda/SRF";"SRF12_IPMF12";"Contribuição provisória sobre movimentação financeira (CPMF) - receita bruta";44;180
"211";"Mensal";"Macroeconômico";"Câmbio";"IPEA";"GAC12_TCRXM12";"Taxa de paridade - R$ / US$ - IPA-IT - índice (dez. 1998 = 100)";44;180
"212";"Mensal";"Macroeconômico";"Comércio exterior";"MDIC/SECEX";"SECEX12_BENCON12";"Importações - categorias de uso - bens de consumo - (FOB)";44;180
"213";"Mensal";"Macroeconômico";"Economia internacional";"FMI/IFS";"IFS12_CAMBEURO12";"taxa de câmbio - euro / US$ - média";44;180
"214";"Mensal";"Macroeconômico";"Emprego";"IBGE/PME";"PMEN12_QPOC12";"População ocupada - RMs";43;184
"215";"Mensal";"Macroeconômico";"Emprego";"IBGE/PIM-DG";"PIMDG12_POIND12";"Pessoal ocupado - na produção - indústria geral - índice (média 1985 = 100)";43;184
"216";"Mensal";"Macroeconômico";"Produção";"IBGE/PIM-PF antiga";"PIMPF12_QIBKAS12";"Produção industrial - bens de capital - quantum - índice dessaz. (média 1991 = 100)";42;186
"217";"Mensal";"Macroeconômico";"Produção";"IBGE/PIM-PF antiga";"PIMPF12_QIBCT12";"Produção industrial - bens de consumo - quantum - índice (média 1991 = 100)";42;186
"218";"Mensal";"Macroeconômico";"Contas nacionais";"IPEA";"GAC12_FBKFCAMI12";"Consumo aparente - bens de capital - índice encadeado (média 2012 = 100)";42;186
"219";"Mensal";"Macroeconômico";"Finanças públicas";"Bacen/Not. Imp./F. Púb.";"BM12_DINGFY12";"Dívida interna - gov. federal e Banco Central - líquida";42;186
"220";"Mensal";"Macroeconômico";"Consumo e vendas";"Fecomercio SP";"FCESP12_COMGERR12";"Comércio - faturamento real - índice (média 1998 = 100) - RMSP";42;186
"221";"Mensal";"Macroeconômico";"Comércio exterior";"MDIC/SECEX";"SECEX12_XTOARG12";"Exportações (FOB) - destino: Argentina";41;191
"222";"Mensal";"Macroeconômico";"Finanças públicas";"Bacen/Not. Imp./F. Púb.";"BM12_DTEEY12";"Dívida - total - estatais - líquida";41;191
"223";"Mensal";"Macroeconômico";"Economia internacional";"Valor Econômico";"VALOR12_TBOND3012";"taxa de juros - T-Bond (30 anos)";41;191
"224";"Mensal";"Macroeconômico";"Moeda e crédito";"Bacen/Not. Imp./Moeda";"BM12_PME12";"M0 - base monetária - papel-moeda emitido - fim período";41;191
"225";"Mensal";"Macroeconômico";"Preços";"IPEA";"GAC12_TPRIN12";"INPC - Tendência prospectiva para 4 meses";41;191
"226";"Mensal";"Macroeconômico";"Preços";"FGV/Conj. Econ. - IGP antigo";"IGP12_IPA0523";"IPA-OG - metais não ferrosos - índice (ago. 1994 = 100)";41;191
"227";"Mensal";"Macroeconômico";"Produção";"IBGE/PIM-PF antiga";"PIMPF12_QIBCTAS12";"Produção industrial - bens de consumo - quantum - índice dessaz. (média 1991 = 100)";40;197
"228";"Mensal";"Macroeconômico";"Sinopse macroeconômica";"Bacen/Not. Imp./F. Púb.";"PAN12_NFSPPY12";"Nec. financiamento - conceito primário";40;197
"229";"Mensal";"Macroeconômico";"Consumo e vendas";"Eletrobras";"ELETRO12_CEETRES12";"Consumo - energia elétrica - residência - tarifa média por MWh";40;197
"230";"Mensal";"Macroeconômico";"Emprego";"IBGE/PME";"PMEN12_TATIV12";"Taxa de atividade - RMs";40;197
"231";"Mensal";"Macroeconômico";"Percepção e expectativa";"Fecomercio SP";"FCESP12_IIC12";"Índice de confiança do consumidor (ICC)";40;197
"232";"Mensal";"Macroeconômico";"Finanças públicas";"Min. Fazenda/STN";"STN12_CIRAP12";"Execução financeira - despesas - liberações ordinárias - custeio e investimento";40;197
"233";"Mensal";"Macroeconômico";"Finanças públicas";"Min. Fazenda/STN";"STN12_RTN12";"Execução financeira - receitas - total";40;197
"234";"Mensal";"Macroeconômico";"Preços";"FGV/Conj. Econ.";"AGROAN12_PRCN12";"Preço médio - recebido pelo produtor - cana-de-açúcar - tonelada";39;204
"235";"Mensal";"Macroeconômico";"Emprego";"IBGE/PME antiga";"PME12_POCSER12";"População ocupada - serviços - RMs";39;204
"236";"Mensal";"Macroeconômico";"Balanço de pagamentos";"Bacen/BP (BPM5)";"BPN12_INVT12";"Captação de recursos externos - investimentos (Antiga metod. - BPM5)";39;204
"237";"Mensal";"Macroeconômico";"Preços";"FGV/Conj. Econ. - IGP antigo";"IGP12_IPA0752";"IPA-OG - matérias plásticas - índice (ago. 1994 = 100)";39;204
"238";"Mensal";"Macroeconômico";"Produção";"CNI";"CNI12_NUCAPD12";"Utilização da capacidade instalada - indústria - dessaz.";39;204
"239";"Mensal";"Macroeconômico";"Sinopse macroeconômica";"IBGE/PMC";"PAN12_IVVRG12";"Valor real das vendas no varejo";38;209
"240";"Mensal";"Macroeconômico";"Finanças públicas";"Bacen/Not. Imp./F. Púb.";"BM12_DTGFN12";"Dívida - total - gov. federal e Banco Central - líquida";38;209
"241";"Mensal";"Macroeconômico";"Emprego";"Fiesp";"FIESP12_TPO12";"Pessoal ocupado - indústria - índice (média 2006 = 100) - SP";38;209
"242";"Mensal";"Macroeconômico";"Consumo e vendas";"Eletros";"ELET12_REFRI12";"Vendas industriais - refrigeradores - qde.";37;212
"243";"Mensal";"Macroeconômico";"Consumo e vendas";"Eletros";"ELET12_LMT12";"Vendas industriais - produtos eletroeletrônicos - linha marrom - imagem e som - qde.";37;212
"244";"Mensal";"Macroeconômico";"Produção";"ABPO";"ABPO12_PAPEL12";"Expedição de caixas, acessórios e chapas - papelão ondulado - qde.";37;212
"245";"Mensal";"Macroeconômico";"Balanço de pagamentos";"Bacen/Not. Imp./Set. Ext.";"BM12_RESCX12";"Reservas internacionais - Conceito caixa";37;212
"246";"Mensal";"Macroeconômico";"Balanço de pagamentos";"Bacen/Not. Imp./Set. Ext.";"BPN12_STCPIB12";"Transações correntes - últimos 12 meses (Antiga metod. - BPM5)";37;212
"247";"Mensal";"Macroeconômico";"Comércio exterior";"MDIC/SECEX";"SECEX12_XTOEUA12";"Exportações (FOB) - destino: EUA";37;212
"248";"Mensal";"Macroeconômico";"Finanças públicas";"Bacen/Not. Imp./F. Púb.";"BM12_DIVMFT12";"Dívida mobiliária federal emitida - responsabilidade do Tesouro Nacional - fim período";37;212
"249";"Mensal";"Macroeconômico";"Emprego";"IBGE/PME";"PMEN12_QPTOTAL12";"População em idade ativa  (PIA)  - RMs";37;212
"250";"Mensal";"Macroeconômico";"Preços";"FGV/Conj. Econ.";"AGROAN12_PRARR12";"Preço médio - recebido pelo produtor - arroz (em casca) - kg";37;212
"251";"Mensal";"Macroeconômico";"Preços";"FGV/Conj. Econ.";"AGROAN12_PRAL12";"Preço médio - recebido pelo produtor - algodão (em caroço) - kg";37;212
"252";"Mensal";"Macroeconômico";"Moeda e crédito";"Bacen/Not. Imp./Moeda";"BM12_PMPPM12";"M1 - papel-moeda em poder do público - média";37;212
"253";"Mensal";"Macroeconômico";"Produção";"IBGE/PIM-PF antiga";"PIMPF12_QICND12";"Produção industrial - bens de consumo não duráveis - quantum - índice (média 1991 = 100)";37;212
"254";"Mensal";"Macroeconômico";"Produção";"IBGE/PIM-PF antiga";"PIMPF12_QIBI12";"Produção industrial - bens intermediários - quantum - índice (média 1991 = 100)";36;224
"255";"Mensal";"Macroeconômico";"Preços";"FGV/Conj. Econ. - IGP antigo";"IGP12_IPA0701";"IPA-OG - borracha - índice (ago. 1994 = 100)";36;224
"256";"Mensal";"Macroeconômico";"Moeda e crédito";"Bacen/Not. Imp./Moeda";"BM12_M0NY12";"M0 - base monetária - fim período";36;224
"257";"Mensal";"Macroeconômico";"Preços";"IBGE/SNIPC";"PRECOS12_IPCAAB12";"IPCA - alimentos e bebidas - var.";36;224
"258";"Mensal";"Macroeconômico";"Preços";"Seab-PR";"DERAL12_ATFSO12";"Preço médio - atacado - soja (em farelo) - tonelada - PR";36;224
"259";"Mensal";"Macroeconômico";"Financeiras";"Bacen/Boletim/M. Finan.";"BM12_RNOSD12";"Dólar comercial - rendimento nominal";36;224
"260";"Mensal";"Macroeconômico";"Sinopse macroeconômica";"Bacen/Not. Imp./Set. Ext.";"PAN12_STC12";"Transações correntes - Saldo (BPM6)";36;224
"261";"Mensal";"Macroeconômico";"Finanças públicas";"Min. Fazenda/STN";"STN12_NFDTOT12";"NFSP - gov. central - despesa total";36;224
"262";"Mensal";"Macroeconômico";"Consumo e vendas";"Eletros";"ELET12_RADIO12";"Vendas industriais - rádios-gravadores - qde.";35;232
"263";"Mensal";"Macroeconômico";"Emprego";"Fiesp";"FIESP12_HTP12";"Horas trabalhadas - na produção - indústria - índice (média 2006 = 100) - SP";35;232
"264";"Mensal";"Macroeconômico";"Consumo e vendas";"Fiesp";"FIESP12_TVR12";"Vendas reais - indústria - índice (média 2006 = 100) - SP";35;232
"265";"Mensal";"Macroeconômico";"Preços";"FGV/Conj. Econ. - IGP";"IGP12_ICVRJ12A";"IPC - geral - índice (ago. 1994 = 100) - RJ";35;232
"266";"Mensal";"Macroeconômico";"Emprego";"IBGE/PME";"PMEN12_QDESPOC12";"População desocupada - RMs";35;232
"267";"Mensal";"Macroeconômico";"Salário e renda";"IBGE/PME antiga";"PME12_RMCCART12";"Rendimento médio do trabalho principal - com carteira assinada - RMs";35;232
"268";"Mensal";"Macroeconômico";"Emprego";"CNI";"CNI12_HTRABD12";"Horas trabalhadas - indústria - índice dessaz. (média 2006 = 100)";35;232
"269";"Mensal";"Macroeconômico";"Emprego";"CNI";"CNI12_HTRAB12";"Horas trabalhadas - indústria - índice (média 2006 = 100)";34;239
"270";"Mensal";"Macroeconômico";"Câmbio";"IPEA";"GAC12_TCRXT12";"Taxa de paridade - R$ / US$ - IPA-OG - índice (dez. 1998 = 100)";34;239
"271";"Mensal";"Macroeconômico";"Comércio exterior";"Anfavea";"ANFAVE12_XPASSA12";"Exportações - automóveis - montados e desmontados - qde.";34;239
"272";"Mensal";"Macroeconômico";"Produção";"IBGE/PIM-PF antiga";"PIMPF12_QICNDAS12";"Produção industrial - bens de consumo não duráveis - quantum - índice dessaz. (média 1991 = 100)";34;239
"273";"Mensal";"Macroeconômico";"Salário e renda";"IBGE/PIM-DG";"PIMDG12_FPNIND12";"Folha de pagamento - indústria geral - índice (média 1985 = 100)";34;239
"274";"Mensal";"Macroeconômico";"Moeda e crédito";"Bacen/Not. Imp./Moeda";"BM12_M1MN12";"M1 - média";34;239
"275";"Mensal";"Macroeconômico";"Salário e renda";"IBGE/PME";"PMEN12_RMRSPRI12";"Rendimento médio real efetivo - empregados - setor privado - RMs";34;239
"276";"Mensal";"Macroeconômico";"Salário e renda";"IBGE/PME";"PMEN12_RMRCCART12";"Rendimento médio real efetivo - empregados - setor privado - com carteira assinada - RMs";34;239
"277";"Mensal";"Macroeconômico";"Consumo e vendas";"Eletrobras";"ELETRO12_CEETT12";"Consumo - energia elétrica - tarifa média por MWh";34;239
"278";"Mensal";"Macroeconômico";"Preços";"FGV/Conj. Econ. - IGP";"IGP12_ICVRJG12";"Inflação - IPC-RJ";34;239
"279";"Mensal";"Macroeconômico";"Finanças públicas";"Bacen/Not. Imp./F. Púb.";"BM12_DIAJPY12";"Dívida - setor público - ajuste patrimonial - líquida";34;239
"280";"Mensal";"Macroeconômico";"Salário e renda";"Fiesp";"FIESP12_FPRM12";"Folha de pagamentos - real - média - indústria - índice (média 2006 = 100) - SP";34;239
"281";"Mensal";"Macroeconômico";"Finanças públicas";"Min. Fazenda/STN";"STN12_EDMM12";"Execução financeira - despesas - liberações ordinárias - encargos da dívida mobiliária - mercado";34;239
"282";"Mensal";"Macroeconômico";"Finanças públicas";"Min. Fazenda/Cotepe";"CONFAZ12_ICMSPE12";"Imposto sobre a circulação de mercadorias (ICMS) - Pernambuco (PE)";33;252
"283";"Mensal";"Macroeconômico";"Moeda e crédito";"Bacen/Not. Imp./Moeda";"BM12_REB12";"M0 - base monetária - reservas bancárias - fim período";33;252
"284";"Mensal";"Macroeconômico";"Produção";"IBGE/PIM-PF antiga";"PIMPF12_QIIT12";"Produção industrial - indústria de transformação - quantum - índice (média 1991 = 100)";33;252
"285";"Mensal";"Macroeconômico";"Preços";"FGV/Conj. Econ. - IGP antigo";"IGP12_IPA0507";"IPA-OG - metalúrgica - índice (ago. 1994 = 100)";33;252
"286";"Mensal";"Macroeconômico";"Preços";"IPEA";"GAC12_TCO12";"Tendência comum da inflação";33;252
"287";"Mensal";"Macroeconômico";"Produção";"Anfavea";"ANFAVE12_QVETOT12";"Produção - autoveículos - montados e desmontados - qde.";32;257
"288";"Mensal";"Macroeconômico";"Produção";"Anfavea";"ANFAVE12_MAGRIC12";"Produção - máquinas agrícolas automotrizes - montados e desmontados - qde.";32;257
"289";"Mensal";"Macroeconômico";"Produção";"IBGE/PIM-PF antiga";"PIMPF12_QIBCDAS12";"Produção industrial - bens de consumo duráveis - quantum - índice dessaz. (média 1991 = 100)";32;257
"290";"Mensal";"Macroeconômico";"Comércio exterior";"Funcex";"FUNCEX12_MDQT12";"Importações - quantum - índice (média 2006 = 100)";32;257
"291";"Mensal";"Macroeconômico";"Balanço de pagamentos";"Bacen/BP (BPM5)";"BPN12_FINIDEREC12";"Conta financeira - invest. diretos - estrang. no país - ingressos (Antiga metod. - BPM5)";32;257
"292";"Mensal";"Macroeconômico";"Balanço de pagamentos";"Bacen/BP (BPM5)";"BPN12_EROM12";"Balanço de pagamentos - erros e omissões (Antiga metod. - BPM5)";32;257
"293";"Mensal";"Macroeconômico";"Câmbio";"Bacen/Boletim/BP";"BM12_XCC12";"Câmbio contratado - comercial - exportação";32;257
"294";"Mensal";"Macroeconômico";"Economia internacional";"Valor Econômico";"GM12_DOW12";"índice de ações - Dow Jones - fechamento";32;257
"295";"Mensal";"Macroeconômico";"Finanças públicas";"Bacen/Not. Imp./F. Púb.";"BM12_DEXGFN12";"Dívida externa - gov. federal e Banco Central - líquida";31;265
"296";"Mensal";"Macroeconômico";"Finanças públicas";"Bacen/Not. Imp./F. Púb.";"BM12_TPFOVER12";"Títulos - federais - indexados à Over / Selic - fim período";31;265
"297";"Mensal";"Macroeconômico";"Preços";"Seab-PR";"DERAL12_PRSO12";"Preço médio - recebido pelo agricultor - soja - 60 kg - PR";31;265
"298";"Mensal";"Macroeconômico";"Salário e renda";"IBGE/Pimes";"PIMES12_FPNIND12";"Folha de pagamento - indústria geral - índice (jan. 2001 = 100)";31;265
"299";"Mensal";"Macroeconômico";"Salário e renda";"Fiesp";"FIESP12_SNM12";"Salário nominal - médio - indústria - índice (média 2006 = 100) - SP";31;265
"300";"Mensal";"Macroeconômico";"Consumo e vendas";"Eletros";"ELET12_FOG12";"Vendas industriais - fogões - qde.";31;265
"301";"Mensal";"Macroeconômico";"Consumo e vendas";"ANP";"ANP12_CALCO12";"Consumo aparente - álcool carburante - média - qde./dia";31;265
"302";"Mensal";"Macroeconômico";"Comércio exterior";"Funcex";"FUNCEX12_MDQBK12";"Importações - bens de capital - quantum - índice (média 2006 = 100) (série antiga)";31;265
"303";"Mensal";"Macroeconômico";"Produção";"IBGE/PIM-PF antiga";"PIMPF12_QIPP12";"Produção industrial - papel e papelão - quantum - índice (média 1991 = 100)";30;273
"304";"Mensal";"Macroeconômico";"Preços";"FGV/Conj. Econ. - IGP antigo";"IGP12_IPAMQE12";"IPA-DI - máquinas e equipamentos - índice (ago. 1994 = 100)";30;273
"305";"Mensal";"Macroeconômico";"Finanças públicas";"Min. Fazenda/SRF";"SRF12_IOF12";"Imposto sobre operações financeiras (IOF) - total - receita bruta";30;273
"306";"Mensal";"Macroeconômico";"Consumo e vendas";"Abras";"ABRAS12_INVR12";"Índice nacional de vendas - variação real";30;273
"307";"Mensal";"Macroeconômico";"Finanças públicas";"Min. Fazenda/STN";"STN12_SDIE12";"Execução financeira - despesas - liberações ordinárias - encargos dívida contratual - int. e ext.";30;273
"308";"Mensal";"Macroeconômico";"Finanças públicas";"MPS";"MPAS12_PREVDEF12";"Fluxo de caixa da previdência - déficit primário";30;273
"309";"Mensal";"Macroeconômico";"Finanças públicas";"Bacen/Not. Imp./F. Púb.";"BM12_NFEMPN12";"NFSP - estados e municípios - primário - c/ desvalorização cambial";30;273
"310";"Mensal";"Macroeconômico";"Finanças públicas";"Bacen/Not. Imp./F. Púb.";"BM12_NFSPPY12";"NFSP - setor público - primário - c/ desvalorização cambial - acum. 12 meses";29;280
"311";"Mensal";"Macroeconômico";"Emprego";"IBGE/PME";"PMEN12_POCSCART12";"População ocupada - empregada - sem carteira assinada - RMs";29;280
"312";"Mensal";"Macroeconômico";"Câmbio";"Bacen/Boletim/BP";"BM12_MCC12";"Câmbio contratado - comercial - importação";29;280
"313";"Mensal";"Macroeconômico";"Preços";"FGV/Conj. Econ.";"AGROAN12_PRFE12";"Preço médio - recebido pelo produtor - feijão - kg";29;280
"314";"Mensal";"Macroeconômico";"Emprego";"IBGE/Pimes";"PIMES12_POIND12";"Pessoal ocupado - assalariado - indústria geral - índice (jan. 2001 = 100)";29;280
"315";"Mensal";"Macroeconômico";"Sinopse macroeconômica";"Bacen/Not. Imp./Set. Ext.";"PAN12_XTV12";"Balança comercial - Exportações (BPM6)";29;280
"316";"Mensal";"Macroeconômico";"Sinopse macroeconômica";"Bacen/Not. Imp./Set. Ext.";"PAN12_SBC12";"Balança comercial - Saldo (BPM6)";29;280
"317";"Mensal";"Macroeconômico";"Comércio exterior";"MDIC/SECEX";"SECEX12_NDURAV12";"Importações - categorias de uso - bens de consumo não duráveis - (FOB)";29;280
"318";"Mensal";"Macroeconômico";"Comércio exterior";"MDIC/SECEX";"SECEX12_XTOALE12";"Exportações (FOB) - destino: Alemanha";29;280
"319";"Mensal";"Macroeconômico";"Comércio exterior";"MDIC/SECEX";"SECEX12_DURAV12";"Importações - categorias de uso - bens de consumo duráveis - (FOB)";29;280
"320";"Mensal";"Macroeconômico";"Emprego";"CNI";"CNI12_PEEMPD12";"Pessoal empregado - indústria - índice dessaz. (média 2006 = 100)";29;280
"321";"Mensal";"Macroeconômico";"Preços";"FGV/Conj. Econ. - IGP antigo";"IGP12_IPA0541";"IPA-OG - máquinas agrícolas - índice (ago. 1994 = 100)";29;280
"322";"Mensal";"Macroeconômico";"Consumo e vendas";"ACSP/IEGV";"ACSP12_INAD12";"Inadimplência - índice em t-3";28;292
"323";"Mensal";"Macroeconômico";"Consumo e vendas";"ACSP/IEGV";"ACSP12_INADI12";"Inadimplência - índice em t-4";28;292
"324";"Mensal";"Macroeconômico";"Produção";"IBGE/PIM-PF antiga";"PIMPF12_QIBIAS12";"Produção industrial - bens intermediários - quantum - índice dessaz. (média 1991 = 100)";28;292
"325";"Mensal";"Macroeconômico";"Comércio exterior";"MDIC/SECEX";"SECEX12_MPPRIN12";"Importações - categorias de uso - matérias-primas e produtos intermediários - (FOB)";28;292
"326";"Mensal";"Macroeconômico";"Consumo e vendas";"Fecomercio SP";"FCESP12_COMGER12";"Comércio - faturamento - índice (média 1998 = 100) - RMSP";28;292
"327";"Mensal";"Macroeconômico";"Preços";"Conab/IE";"DEPAE12_ATARAG12";"Preço médio - atacado - arroz - longo fino agulhinha - 30 kg - SP";28;292
"328";"Mensal";"Macroeconômico";"Salário e renda";"Fiesp";"FIESP12_TSN12";"Salário nominal - indústria - índice (média 2006 = 100) - SP";28;292
"329";"Mensal";"Macroeconômico";"Moeda e crédito";"Bacen/Not. Imp./Moeda";"BM12_M3NCN12";"M3 - fim período - novo conceito";28;292
"330";"Mensal";"Macroeconômico";"Emprego";"IBGE/PME antiga";"PME12_POCSCART12";"População ocupada - sem carteira assinada - RMs";28;292
"331";"Mensal";"Macroeconômico";"Financeiras";"Valor Econômico";"GM12_TJLFT12";"Taxa de juros - Letras do Tesouro Nacional - financeiras (LFT)";28;292
"332";"Mensal";"Macroeconômico";"Sinopse macroeconômica";"Bacen/Not. Imp./F. Púb.";"PAN12_NFSPNY12";"Nec. financiamento - conceito nominal";28;292
"333";"Mensal";"Macroeconômico";"Emprego";"Dieese";"DIEESE12_GRVT";"Número de greves";28;292
"334";"Mensal";"Macroeconômico";"Finanças públicas";"Bacen/Not. Imp./F. Púb.";"BM12_TPFIGP12";"Títulos - federais - indexados ao IGP-M - fim período";27;304
"335";"Mensal";"Macroeconômico";"Economia internacional";"FMI/IFS";"IFS12_CAMBARG12";"taxa de câmbio - peso argentino / US$ - média";27;304
"336";"Mensal";"Macroeconômico";"Finanças públicas";"Min. Fazenda/STN";"STN12_PEE12";"Execução financeira - despesas - liberações ordinárias - pessoal e encargos";27;304
"337";"Mensal";"Macroeconômico";"Percepção e expectativa";"Fecomercio SP";"FCESP12_IICF12";"Índice de expectativas (IEC)";27;304
"338";"Mensal";"Macroeconômico";"Comércio exterior";"MDIC/SECEX";"SECEX12_MVPETB12";"Importações - categorias de uso - petróleo bruto - (FOB)";27;304
"339";"Mensal";"Macroeconômico";"Preços";"FGV/Conj. Econ. - IGP antigo";"IGP12_IPAMP12";"IPA-DI - matérias-primas - índice (ago. 1994 = 100)";27;304
"340";"Mensal";"Macroeconômico";"Percepção e expectativa";"CNI";"CNI12_INEC12";"Expectativa do consumidor (INEC) - índice (média 2001 = 100)";27;304
"341";"Mensal";"Macroeconômico";"Consumo e vendas";"Abras";"ABRAS12_INV12";"Índice nacional de vendas - variação nominal";27;304
"342";"Mensal";"Macroeconômico";"Preços";"IPEA";"GAC12_TPRF12";"FIPE - Tendência prospectiva para 4 meses";27;304
"343";"Mensal";"Macroeconômico";"Economia internacional";"Economist";"ECONMI12_JPU12";"taxa de desemprego - força de trabalho";26;313
"344";"Mensal";"Macroeconômico";"Consumo e vendas";"ACSP/IEGV";"ACSP12_TELCH12";"Usecheque - número de consultas";26;313
"345";"Mensal";"Macroeconômico";"Consumo e vendas";"ACSP/IEGV";"ACSP12_SCPCC12";"SPC - número de consultas";26;313
"346";"Mensal";"Macroeconômico";"Comércio exterior";"Funcex";"FUNCEX12_MDVBK12";"Importações - bens de capital - (FOB) (série antiga)";26;313
"347";"Mensal";"Macroeconômico";"Salário e renda";"IBGE/PIM-DG";"PIMDG12_SCMIND12";"Salário - contratual - médio - indústria geral - índice (média 1985 = 100)";26;313
"348";"Mensal";"Macroeconômico";"Economia internacional";"FMI/IFS";"IFS12_CAMBUK12";"taxa de câmbio - libra esterlina / US$ - média";26;313
"349";"Mensal";"Macroeconômico";"Finanças públicas";"Bacen/Not. Imp./F. Púb.";"BM12_TPFOVERMA12";"Títulos - federais - indexados à Over / Selic - mercado aberto - fim período";26;313
"350";"Mensal";"Macroeconômico";"Preços";"IBGE/SNIPC";"PRECOS12_INPCHA12";"INPC - habitação - var.";26;313
"351";"Mensal";"Macroeconômico";"Balanço de pagamentos";"Bacen/Boletim/BP";"BM12_RESBOP12";"Reservas internacionais - balanço de pagamentos";25;321
"352";"Mensal";"Macroeconômico";"Economia internacional";"FMI/IFS";"IFS12_TJPRIMEUA12";"taxa de juros - Prime";25;321
"353";"Mensal";"Macroeconômico";"Consumo e vendas";"Fiesp";"FIESP12_CEEQ12";"Consumo na produção - energia elétrica - indústria - índice (jun. 1978 = 100) - SP";25;321
"354";"Mensal";"Macroeconômico";"Emprego";"Fiesp";"FIESP12_THP12";"Horas pagas - indústria - índice (média 2006 = 100) - SP";25;321
"355";"Mensal";"Macroeconômico";"Finanças públicas";"Min. Fazenda/STN";"STN12_NFRPGFTOTP12";"NFSP - gov. central - resultado primário do gov. central";25;321
"356";"Mensal";"Macroeconômico";"Comércio exterior";"MDIC/SECEX";"SECEX12_XVINDU12";"Exportações - fator agregado - produtos industrializados - (FOB)";25;321
"357";"Mensal";"Macroeconômico";"Comércio exterior";"MDIC/SECEX";"SECEX12_XVMANU12";"Exportações - fator agregado - produtos manufaturados - (FOB)";25;321
"358";"Mensal";"Macroeconômico";"Consumo e vendas";"ANP";"ANP12_CGLP12";"Consumo aparente - gás GLP - média - qde./dia";25;321
"359";"Mensal";"Macroeconômico";"Preços";"FGV/Conj. Econ. - IGP antigo";"IGP12_IPA0744";"IPA-OG - tintas e vernizes - índice (ago. 1994 = 100)";25;321
"360";"Mensal";"Macroeconômico";"Preços";"IPEA";"GAMMA12_DEFLPME12";"Deflator para rendimentos da PME: INPC";25;321
"361";"Mensal";"Macroeconômico";"Contas nacionais";"IPEA";"GAC12_FBKFCCI12";"Capital fixo - formação bruta - construção civil - índice encadeado (média 1995 = 100)";25;321
"362";"Mensal";"Macroeconômico";"Preços";"FGV/Conj. Econ. - IGP antigo";"IGP12_IPABCD12";"IPA-DI - bens de consumo duráveis - índice (ago. 1994 = 100)";24;332
"363";"Mensal";"Macroeconômico";"Preços";"FGV/Conj. Econ. - IGP antigo";"IGP12_IPA1562";"IPA-OG - produtos de matérias plásticas - índice (ago. 1994 = 100)";24;332
"364";"Mensal";"Macroeconômico";"Finanças públicas";"Min. Fazenda/SRF";"SRF12_TOTRECL12";"Receita administrada pela SRF - receita líquida";24;332
"365";"Mensal";"Macroeconômico";"Finanças públicas";"Min. Fazenda/SRF";"SRF12_IR12";"Imposto sobre a renda (IR) - total - receita bruta";24;332
"366";"Mensal";"Macroeconômico";"Produção";"IBGE/PIM-PF antiga";"PIMPF12_QIFA12";"Produção industrial - farmacêutica - quantum - índice (média 1991 = 100)";24;332
"367";"Mensal";"Macroeconômico";"Produção";"IBGE/PIM-PF antiga";"PIMPF12_QIITAS12";"Produção industrial - indústria de transformação - quantum - índice dessaz. (média 1991 = 100)";24;332
"368";"Mensal";"Macroeconômico";"Produção";"IBGE/PIM-PF antiga";"PIMPF12_QIPAL12";"Produção industrial - produtos alimentares - quantum - índice (média 1991 = 100)";24;332
"369";"Mensal";"Macroeconômico";"Salário e renda";"IBGE/PIM-DG";"PIMDG12_SCIND12";"Salário - contratual - indústria geral - índice (média 1985 = 100)";24;332
"370";"Mensal";"Macroeconômico";"Preços";"FGV/Conj. Econ.";"AGROAN12_PRCF12";"Preço médio - recebido pelo produtor - café (em coco) - kg";24;332
"371";"Mensal";"Macroeconômico";"Finanças públicas";"Bacen/Not. Imp./F. Púb.";"BM12_DINEMY12";"Dívida interna - estados e municípios - líquida";24;332
"372";"Mensal";"Macroeconômico";"Preços";"Seab-PR";"DERAL12_ATOLB12";"Preço médio - atacado - óleo de soja - bruto - tonelada - PR";24;332
"373";"Mensal";"Macroeconômico";"Preços";"FGV/Conj. Econ. - IGP";"IGP12_IPAA12";"IPA-DI - origem - prod. agropecuários - índice (ago. 1994 = 100)";24;332
"374";"Mensal";"Macroeconômico";"Salário e renda";"IBGE/PME";"PMEN12_RMRSPUB12";"Rendimento médio real efetivo - empregados - setor público - RMs";24;332
"375";"Mensal";"Macroeconômico";"Emprego";"IBGE/PME";"PMEN12_POCCCART12";"População ocupada - empregada - com carteira assinada - RMs";24;332
"376";"Mensal";"Macroeconômico";"Salário e renda";"IBGE/PME";"PMEN12_RMRHAB12";"Rendimento médio real habitual - pessoas ocupadas - RMs";24;332
"377";"Mensal";"Macroeconômico";"Balanço de pagamentos";"Bacen/BP (BPM5)";"BPN12_EMTOT12";"Captação recursos externos - emprést. moeda (Antiga metod. - BPM5)";24;332
"378";"Mensal";"Macroeconômico";"Comércio exterior";"Funcex/Séries antigas";"FUNCEX12_MDVAGP12";"Importações - setor: agropecuária - (FOB)";24;332
"379";"Mensal";"Macroeconômico";"Economia internacional";"Nasdaq";"GM12_NASDAQ12";"índice de ações - NASDAQ - fechamento";23;349
"380";"Mensal";"Macroeconômico";"Moeda e crédito";"Bacen/Not. Imp./Moeda";"BM12_PMEM12";"M0 - base monetária - papel-moeda emitido - média";23;349
"381";"Mensal";"Macroeconômico";"Emprego";"IBGE/PME";"PMEN12_POC12";"População ocupada - RMs";23;349
"382";"Mensal";"Macroeconômico";"Finanças públicas";"Bacen/Not. Imp./F. Púb.";"BM12_DIVBC12";"Dívida mobiliária interna federal - carteira do BC - fim período";23;349
"383";"Mensal";"Macroeconômico";"Câmbio";"Bacen/Boletim/BP";"BM12_XCCM12";"Câmbio contratado - comercial - exportação - média diária";23;349
"384";"Mensal";"Macroeconômico";"Consumo e vendas";"ANP";"ANP12_CDEPET12";"Consumo aparente - derivados de petróleo - média - qde./dia";23;349
"385";"Mensal";"Macroeconômico";"Financeiras";"Bacen/Boletim/M. Finan.";"BM12_RNACOES12";"Fundo de ações - rendimento nominal";23;349
"386";"Mensal";"Macroeconômico";"Comércio exterior";"MDIC/SECEX";"SECEX12_COBLUB12";"Importações - categorias de uso - combustíveis e lubrificantes - (FOB)";23;349
"387";"Mensal";"Macroeconômico";"Finanças públicas";"Min. Fazenda/STN";"STN12_ADIV12";"Execução financeira do Tesouro Nacional - amortização da dívida contratada interna e externa";23;349
"388";"Mensal";"Macroeconômico";"Consumo e vendas";"Eletros";"ELET12_PPT12";"Vendas industriais - produtos eletroeletrônicos - portáteis - qde.";23;349
"389";"Mensal";"Macroeconômico";"Produção";"IBGE/PIM-PF antiga";"PIMPF12_QIVCA12";"Produção industrial - vestuário, calçados e tecidos - quantum - índice (média 1991 = 100)";23;349
"390";"Mensal";"Macroeconômico";"Produção";"IBGE/PIM-PF antiga";"PIMPF12_QIBO12";"Produção industrial - borracha - quantum - índice (média 1991 = 100)";23;349
"391";"Mensal";"Macroeconômico";"Finanças públicas";"Min. Fazenda/SRF";"SRF12_COFINS12";"Contribuição - Finsocial / Cofins - total - receita bruta";23;349
"392";"Mensal";"Macroeconômico";"Finanças públicas";"Min. Fazenda/SRF";"SRF12_IPI12";"Imposto sobre produtos industrializados (IPI) - total - receita bruta";23;349
"393";"Mensal";"Macroeconômico";"Finanças públicas";"Min. Fazenda/SRF";"SRF12_IIL12";"Imposto sobre a importação (II) - total - receita líquida";23;349
"394";"Mensal";"Macroeconômico";"Consumo e vendas";"Anfavea";"ANFAVE12_VVEICL12";"Vendas - veículos comerciais leves - nacionais -  montados e desmontados -qde.";23;349
"395";"Mensal";"Macroeconômico";"Preços";"FGV/Conj. Econ. - IGP antigo";"IGP12_IPAMC12";"IPA-DI - materiais de construção - índice (ago. 1994 = 100)";22;365
"396";"Mensal";"Macroeconômico";"Comércio exterior";"Anfavea";"ANFAVE12_XONIBU12";"Exportações - ônibus - montados e desmontados - qde.";22;365
"397";"Mensal";"Macroeconômico";"Economia internacional";"Economist";"ECONMI12_ALU12";"taxa de desemprego - força de trabalho";22;365
"398";"Mensal";"Macroeconômico";"Consumo e vendas";"Fiesp";"FIESP12_TVN12";"Vendas nominais - indústria - índice (média 2006 = 100) - SP";22;365
"399";"Mensal";"Macroeconômico";"Finanças públicas";"Min. Fazenda/Cotepe";"CONFAZ12_ITCD12";"Imposto sobre transmissão causa mortis e doação (ITCMD)";22;365
"400";"Mensal";"Macroeconômico";"Comércio exterior";"MDIC/SECEX";"SECEX12_XTOURU12";"Exportações (FOB) - destino: Uruguai";22;365
"401";"Mensal";"Macroeconômico";"Financeiras";"Bacen/Boletim/M. Finan.";"BM12_TJTBF12";"Taxa de juros - TBF";22;365
"402";"Mensal";"Macroeconômico";"Consumo e vendas";"Fecomercio SP";"FCESP12_AUTOPE12";"Comércio - autopeças - faturamento - índice (média 1998 = 100) - RMSP";22;365
"403";"Mensal";"Macroeconômico";"Câmbio";"Bacen/Boletim/BP";"BM12_SBCCCM12";"Câmbio contratado - comercial - média diária";22;365
"404";"Mensal";"Macroeconômico";"Consumo e vendas";"Eletrobras";"ELETRO12_CEETCOM12";"Consumo - energia elétrica - comércio - tarifa média por MWh";22;365
"405";"Mensal";"Macroeconômico";"Consumo e vendas";"Eletrobras";"ELETRO12_CEETIND12";"Consumo - energia elétrica - indústria - tarifa média por MWh";22;365
"406";"Mensal";"Macroeconômico";"Moeda e crédito";"Bacen/Not. Imp./Moeda";"BM12_M0MN12";"M0 - base monetária - média";22;365
"407";"Mensal";"Macroeconômico";"Emprego";"IBGE/PME antiga";"PME12_POCCOM12";"População ocupada - comércio - RMs";22;365
"408";"Mensal";"Macroeconômico";"Balanço de pagamentos";"Bacen/BP (BPM5)";"BPN12_EMBN12";"Captação recursos externos - emprést. moeda - bônus e notes (Antiga metod. - BPM5)";22;365
"409";"Mensal";"Macroeconômico";"Preços";"IBGE/SNIPC";"PRECOS12_INPCTC12";"INPC - transportes - var.";22;365
"410";"Mensal";"Macroeconômico";"Preços";"IBGE/SNIPC";"PRECOS12_INPCAB12";"INPC - alimentos e bebidas - var.";21;380
"411";"Mensal";"Macroeconômico";"Preços";"IBGE/SNIPC";"PRECOS12_INPCVE12";"INPC - vestuário - var.";21;380
"412";"Mensal";"Macroeconômico";"Emprego";"IBGE/PME antiga";"PME12_POCCC12";"População ocupada - construção civil - RMs";21;380
"413";"Mensal";"Macroeconômico";"Finanças públicas";"Bacen/Not. Imp./F. Púb.";"BM12_DINGFN12";"Dívida interna - gov. federal e Banco Central - líquida";21;380
"414";"Mensal";"Macroeconômico";"Consumo e vendas";"Fecomercio SP";"FCESP12_CALCADR12";"Comércio - calçados - faturamento real - índice (média 1998 = 100) - RMSP";21;380
"415";"Mensal";"Macroeconômico";"Consumo e vendas";"Eletros";"ELET12_SOM12";"Vendas industriais - sistemas de som - qde.";21;380
"416";"Mensal";"Macroeconômico";"Consumo e vendas";"Eletros";"ELET12_FMICRO12";"Vendas industriais - fornos de microondas - qde.";21;380
"417";"Mensal";"Macroeconômico";"Finanças públicas";"Min. Fazenda/STN";"STN12_RTNF12";"Execução financeira do Tesouro Nacional - receitas - receita fiscal";21;380
"418";"Mensal";"Macroeconômico";"Preços";"IPEA";"GAC12_TPRIP12";"IPA-OG - Tendência prospectiva para 4 meses";21;380
"419";"Mensal";"Macroeconômico";"Preços";"Bacen Outras/SGS";"PRECOS12_IPCACOM12";"IPCA - preços livres - comercializáveis - var.";21;380
"420";"Mensal";"Macroeconômico";"Preços";"FGV/Conj. Econ. - IGP antigo";"IGP12_IPA0833";"IPA-OG - calçados - índice (ago. 1994 = 100)";21;380
"421";"Mensal";"Macroeconômico";"Preços";"Fipe";"FIPE12_FIPEQ3G12";"Inflação - IPC -3ª quadrissemana (FIPE)";21;380
"422";"Mensal";"Macroeconômico";"Produção";"IBGE/PIM-PF antiga";"PIMPF12_QIPSV12";"Produção industrial - perfumaria, sabões e velas - quantum - índice (média 1991 = 100)";20;392
"423";"Mensal";"Macroeconômico";"Preços";"FGV/Conj. Econ. - IGP antigo";"IGP12_IPABP12";"IPA-DI - grupo II: bens de produção - índice (ago. 1994 = 100)";20;392
"424";"Mensal";"Macroeconômico";"Preços";"FGV/Conj. Econ. - IGP antigo";"IGP12_IPA1465";"IPA-OG - açúcar - índice (ago. 1994 = 100)";20;392
"425";"Mensal";"Macroeconômico";"Comércio exterior";"Anfavea";"ANFAVE12_XVETOT12";"Exportações - autoveículos - montados e desmontados - qde.";20;392
"426";"Mensal";"Macroeconômico";"Comércio exterior";"Anfavea";"ANFAVE12_XCAMIN12";"Exportações - caminhões - montados e desmontados - qde.";20;392
"427";"Mensal";"Macroeconômico";"Finanças públicas";"Min. Fazenda/SRF";"SRF12_IPIVEI12";"Imposto sobre produtos industrializados (IPI) - automóveis - receita bruta";20;392
"428";"Mensal";"Macroeconômico";"Preços";"FGV/Conj. Econ. - IGP antigo";"IGP12_IPA0450";"IPA-OG - produtos agrícolas - outros - índice (ago. 1994 = 100)";20;392
"429";"Mensal";"Macroeconômico";"Comércio exterior";"Funcex";"FUNCEX12_XPB12";"Exportações - produtos básicos - preços - índice (média 2006 = 100)";20;392
"430";"Mensal";"Macroeconômico";"Economia internacional";"Economist";"ECONMI12_USBCY12";"balança comercial - saldo (acum. 12 meses)";20;392
"431";"Mensal";"Macroeconômico";"Produção";"ANP";"ANP12_PDPET12";"Produção - petróleo - média - qde./dia";20;392
"432";"Mensal";"Macroeconômico";"Comércio exterior";"MDIC/SECEX";"SECEX12_XVBASI12";"Exportações - fator agregado - produtos básicos - (FOB)";20;392
"433";"Mensal";"Macroeconômico";"Preços";"Seab-PR";"DERAL12_PRCAN12";"Preço médio - recebido pelo agricultor - cana-de-açúcar - tonelada - PR";20;392
"434";"Mensal";"Macroeconômico";"Sinopse macroeconômica";"IBGE/PME";"PAN12_POC12";"População ocupada";20;392
"435";"Mensal";"Macroeconômico";"Preços";"FGV/Conj. Econ.";"AGROAN12_PRBOIM12";"Preço médio - recebido pelo produtor - boi magro - cabeça";20;392
"436";"Mensal";"Macroeconômico";"Câmbio";"Bacen/Boletim/BP";"BM12_SFCC12";"Câmbio contratado - financeiro";20;392
"437";"Mensal";"Macroeconômico";"Câmbio";"Bacen/Boletim/BP";"BM12_ERFF12";"Taxa de câmbio - R$ / US$ - flutuante - venda - fim período";20;392
"438";"Mensal";"Macroeconômico";"Salário e renda";"IBGE/PME antiga";"PME12_RMSER12";"Rendimento médio do trabalho principal - serviços - RMs";20;392
"439";"Mensal";"Macroeconômico";"Emprego";"IBGE/PME antiga";"PME12_POC12";"População ocupada - RMs - índice (média 1993 = 100)";20;392
"440";"Mensal";"Macroeconômico";"Moeda e crédito";"Bacen/Not. Imp./Moeda";"BM12_M2NCN12";"M2 - fim período - novo conceito";20;392
"441";"Mensal";"Macroeconômico";"Moeda e crédito";"Bacen/Not. Imp./Moeda";"BM12_DEV12";"M1 - depósitos à vista - fim período";20;392
"442";"Mensal";"Macroeconômico";"Preços";"IBGE/SNIPC";"PRECOS12_IPCAHA12";"IPCA - habitação - var.";20;392
"443";"Mensal";"Macroeconômico";"Balanço de pagamentos";"Bacen/BP (BPM5)";"BPN12_AMPL12";"Usos e fontes - usos - amortizações - médio / longo prazos (Antiga metod. - BPM5)";20;392
"444";"Mensal";"Macroeconômico";"Balanço de pagamentos";"Bacen/BP (BPM5)";"BPN12_STKK12";"Conta capital e financeira - conta capital (Antiga metod. - BPM5)";20;392
"445";"Mensal";"Macroeconômico";"Balanço de pagamentos";"Bacen/BP (BPM5)";"BPN12_EMCP12";"Captação recursos externos - emprést. moeda - commercial paper (Antiga metod. - BPM5)";20;392
"446";"Mensal";"Macroeconômico";"Preços";"IBGE/SNIPC";"PRECOS12_INPCSC12";"INPC - saúde e cuidados pessoais - var.";19;416
"447";"Mensal";"Macroeconômico";"Preços";"IBGE/SNIPC";"PRECOS12_IPCAED12";"IPCA - educação, leitura e papelaria - var.";19;416
"448";"Mensal";"Macroeconômico";"Moeda e crédito";"Bacen/Not. Imp./Moeda";"BM12_M2N12";"M2 - fim período";19;416
"449";"Mensal";"Macroeconômico";"Emprego";"IBGE/PME";"PMEN12_POCCP12";"População ocupada - conta própria - RMs";19;416
"450";"Mensal";"Macroeconômico";"Comércio exterior";"MDIC/SECEX";"SECEX12_AUTO12";"Importações - categorias de uso - bens de consumo duráveis - automóveis - (FOB)";19;416
"451";"Mensal";"Macroeconômico";"Consumo e vendas";"Fecomercio SP";"FCESP12_TECIDOR12";"Comércio - tecidos - faturamento real - índice (média 1998 = 100) - RMSP";19;416
"452";"Mensal";"Macroeconômico";"Consumo e vendas";"Fecomercio SP";"FCESP12_MOVEIS12";"Comércio - móveis e decorações - faturamento - índice (média 1998 = 100) - RMSP";19;416
"453";"Mensal";"Macroeconômico";"Consumo e vendas";"Fecomercio SP";"FCESP12_SUPERMR12";"Comércio - supermercados - faturamento real - índice (média 1998 = 100) - RMSP";19;416
"454";"Mensal";"Macroeconômico";"Consumo e vendas";"Eletros";"ELET12_ASP12";"Vendas industriais - aspiradores de pó - qde.";19;416
"455";"Mensal";"Macroeconômico";"Economia internacional";"FMI/IFS";"IFS12_USEER12";"taxa de câmbio - efetiva real - índice (média 2005 = 100) - dólar americano";19;416
"456";"Mensal";"Macroeconômico";"Percepção e expectativa";"CNI";"CNI12_INECEXP12";"Expectativa do consumidor (INEC) - expectativa de renda pessoal - índice (média 2001 = 100)";19;416
"457";"Mensal";"Macroeconômico";"Comércio exterior";"Funcex";"FUNCEX12_XVM12";"Exportações - produtos manufaturados - (FOB)";19;416
"458";"Mensal";"Macroeconômico";"Finanças públicas";"Min. Fazenda/SRF";"SRF12_IRL12";"Imposto sobre a renda (IR) - total - receita líquida";19;416
"459";"Mensal";"Macroeconômico";"Consumo e vendas";"Anfavea";"ANFAVE12_VCAMIN12";"Vendas - caminhões - nacionais -  montados e desmontados -qde.";19;416
"460";"Mensal";"Macroeconômico";"Preços";"FGV/Conj. Econ. - IGP antigo";"IGP12_IPA0663";"IPA-OG - móveis de madeira - índice (ago. 1994 = 100)";19;416
"461";"Mensal";"Macroeconômico";"Preços";"FGV/Conj. Econ. - IGP antigo";"IGP12_IPA1546";"IPA-OG - produtos farmacêuticos - índice (ago. 1994 = 100)";19;416
"462";"Mensal";"Macroeconômico";"Produção";"IBGE/PIM-PF antiga";"PIMPF12_QIQI12";"Produção industrial - química - quantum - índice (média 1991 = 100)";19;416
"463";"Mensal";"Macroeconômico";"Produção";"IBGE/PIM-PF antiga";"PIMPF12_QICP12";"Produção industrial - couros e peles - quantum - índice (média 1991 = 100)";18;433
"464";"Mensal";"Macroeconômico";"Preços";"FGV/Conj. Econ. - IGP antigo";"IGP12_IPA0671";"IPA-OG - móveis de aço - índice (ago. 1994 = 100)";18;433
"465";"Mensal";"Macroeconômico";"Finanças públicas";"Min. Fazenda/SRF";"SRF12_II12";"Imposto sobre a importação (II) - total - receita bruta";18;433
"466";"Mensal";"Macroeconômico";"Comércio exterior";"Funcex";"FUNCEX12_MDVBI12";"Importações - bens intermediários - (FOB) (série antiga)";18;433
"467";"Mensal";"Macroeconômico";"Percepção e expectativa";"CNI";"CNI12_INECINT12";"Expectativa do consumidor (INEC) - expectativa de situação financeira - índice (média 2001 = 100)";18;433
"468";"Mensal";"Macroeconômico";"Economia internacional";"Economist";"ECONMI12_USU12";"taxa de desemprego - força de trabalho";18;433
"469";"Mensal";"Macroeconômico";"Consumo e vendas";"Eletros";"ELET12_PROC12";"Vendas industriais - processadores de alimentos - qde.";18;433
"470";"Mensal";"Macroeconômico";"Consumo e vendas";"Fecomercio SP";"FCESP12_CONSTR12";"Comércio - materiais de construção - faturamento real - índice (média 1998 = 100) - RMSP";18;433
"471";"Mensal";"Macroeconômico";"Sinopse macroeconômica";"Bacen/Not. Imp./Set. Ext.";"PAN12_MTV12";"Balança comercial - Importações (BPM6)";18;433
"472";"Mensal";"Macroeconômico";"Consumo e vendas";"Fecomercio SP";"FCESP12_CONST12";"Comércio - materiais de construção - faturamento - índice (média 1998 = 100) - RMSP";18;433
"473";"Mensal";"Macroeconômico";"Comércio exterior";"MDIC/SECEX";"SECEX12_XTOBEL12";"Exportações (FOB) - destino: Bélgica";18;433
"474";"Mensal";"Macroeconômico";"Comércio exterior";"MDIC/SECEX";"SECEX12_XTOCAN12";"Exportações (FOB) - destino: Canadá";18;433
"475";"Mensal";"Macroeconômico";"Emprego";"IBGE/PME";"PMEN12_POCSUB12";"População subocupada - RMs";18;433
"476";"Mensal";"Macroeconômico";"Emprego";"IBGE/PME";"PMEN12_POCSPCCART12";"População ocupada - empregada - setor privado - com carteira assinada - RMs";18;433
"477";"Mensal";"Macroeconômico";"Finanças públicas";"Bacen/Not. Imp./F. Púb.";"BM12_NFEMJNN12";"NFSP - estados e municípios - juros nominais - c/ desvalorização cambial";18;433
"478";"Mensal";"Macroeconômico";"Moeda e crédito";"Bacen/Not. Imp./Moeda";"BM12_DEVM12";"M1 - depósitos à vista - média";18;433
"479";"Mensal";"Macroeconômico";"Salário e renda";"IBGE/PME antiga";"PME12_RMSCART12";"Rendimento médio do trabalho principal - sem carteira assinada - RMs";17;449
"480";"Mensal";"Macroeconômico";"Preços";"IBGE/SNIPC";"PRECOS12_IPCATC12";"IPCA - transportes - var.";17;449
"481";"Mensal";"Macroeconômico";"Preços";"IBGE/SNIPC";"PRECOS12_IPCAAR12";"IPCA - artigos de residência - var.";17;449
"482";"Mensal";"Macroeconômico";"Preços";"IBGE/SNIPC";"PRECOS12_IPCASP12";"IPCA - SP - var.";17;449
"483";"Mensal";"Macroeconômico";"Balanço de pagamentos";"Bacen/BP (BPM5)";"BPN12_TUR12";"Serviços e rendas - serviços - viagens internacionais - saldo (Antiga metod. - BPM5)";17;449
"484";"Mensal";"Macroeconômico";"Finanças públicas";"Bacen/Not. Imp./F. Púb.";"BM12_TPFPRE12";"Títulos - federais - indexados a índice de correção pré-fixado - fim período";17;449
"485";"Mensal";"Macroeconômico";"Consumo e vendas";"Eletrobras";"ELETRO12_CEESU12";"Consumo - energia elétrica - Região Sul (S) - qde.";17;449
"486";"Mensal";"Macroeconômico";"Salário e renda";"IBGE/PME";"PMEN12_RMRCP12";"Rendimento médio real efetivo - trabalhadores por conta própria - RMs";17;449
"487";"Mensal";"Macroeconômico";"Câmbio";"Bacen/Boletim/BP";"BM12_MCCM12";"Câmbio contratado - comercial - importação - média diária";17;449
"488";"Mensal";"Macroeconômico";"Preços";"FGV/Conj. Econ.";"AGROAN12_PRFRA12";"Preço médio - recebido pelo produtor - frango (em corte) - kg";17;449
"489";"Mensal";"Macroeconômico";"Comércio exterior";"MDIC/SECEX";"SECEX12_XTOPAR12";"Exportações (FOB) - destino: Paraguai";17;449
"490";"Mensal";"Macroeconômico";"Consumo e vendas";"Fecomercio SP";"FCESP12_CDR12";"Comércio - CD - faturamento real - índice (média 1998 = 100) - RMSP";17;449
"491";"Mensal";"Macroeconômico";"Consumo e vendas";"Fecomercio SP";"FCESP12_CALCAD12";"Comércio - calçados - faturamento - índice (média 1998 = 100) - RMSP";17;449
"492";"Mensal";"Macroeconômico";"Consumo e vendas";"ANP";"ANP12_COLCOM12";"Consumo aparente - óleo combustível - média - qde./dia";17;449
"493";"Mensal";"Macroeconômico";"Preços";"Conab/IE";"DEPAE12_ATOL12";"Preço médio - atacado - óleo de soja - refinado - 20 latas - SP";17;449
"494";"Mensal";"Macroeconômico";"Moeda e crédito";"Anbima";"ANDIMA12_DU12";"Número de dias úteis";17;449
"495";"Mensal";"Macroeconômico";"Salário e renda";"Fiesp";"FIESP12_FPNM12";"Folha de pagamentos - média - indústria - índice (média 2006 = 100) - SP";17;449
"496";"Mensal";"Macroeconômico";"Comércio exterior";"Funcex";"FUNCEX12_MDPBK12";"Importações - bens de capital - preços - índice (média 2006 = 100) (série antiga)";17;449
"497";"Mensal";"Macroeconômico";"Comércio exterior";"Funcex";"FUNCEX12_XVB12";"Exportações - produtos básicos - (FOB)";17;449
"498";"Mensal";"Macroeconômico";"Finanças públicas";"Min. Fazenda/SRF";"SRF12_IPMFL12";"Contribuição provisória sobre movimentação financeira (CPMF) - receita líquida";17;449
"499";"Mensal";"Macroeconômico";"Preços";"FGV/Conj. Econ. - IGP antigo";"IGP12_IPACPV12";"IPA-DI - componentes para veículos - índice (ago. 1994 = 100)";17;449
"500";"Mensal";"Macroeconômico";"Preços";"FGV/Conj. Econ. - IGP antigo";"IGP12_IPA1430";"IPA-OG - produtos alimentares - índice (ago. 1994 = 100)";17;449
"501";"Mensal";"Macroeconômico";"Preços";"FGV/Conj. Econ. - IGP antigo";"IGP12_IPA0582";"IPA-OG - eletrodomésticos - índice (ago. 1994 = 100)";17;449
"502";"Mensal";"Macroeconômico";"Comércio exterior";"Anfavea";"ANFAVE12_XVEICL12";"Exportações - veículos comerciais leves - montados e desmontados - qde.";17;449
"503";"Mensal";"Macroeconômico";"Preços";"FGV/Conj. Econ. - IGP antigo";"IGP12_IPA0493";"IPA-OG - minerais não metálicos - índice (ago. 1994 = 100)";17;449
"504";"Mensal";"Macroeconômico";"Consumo e vendas";"ACSP/IEGV";"ACSP12_SCPCRR12";"SPC - número de registros recebidos";17;449
"505";"Mensal";"Macroeconômico";"Produção";"IBGE/PIM-PF antiga";"PIMPF12_QIMEC12";"Produção industrial - material elétrico e de comunicação - quantum - índice (média 1991 = 100)";17;449
"506";"Mensal";"Macroeconômico";"Preços";"Fipe";"FIPE12_FIPEQ1G12";"Inflação - IPC -1ª quadrissemana (FIPE)";17;449
"507";"Mensal";"Macroeconômico";"Produção";"IBGE/PIM-PF antiga";"PIMPF12_QIEM12";"Produção industrial - extrativa mineral - quantum - índice (média 1991 = 100)";16;477
"508";"Mensal";"Macroeconômico";"Preços";"FGV/Conj. Econ. - IGP antigo";"IGP12_IPA0647";"IPA-OG - madeira - índice (ago. 1994 = 100)";16;477
"509";"Mensal";"Macroeconômico";"Preços";"FGV/Conj. Econ. - IGP antigo";"IGP12_IPA0760";"IPA-OG - fertilizantes - índice (ago. 1994 = 100)";16;477
"510";"Mensal";"Macroeconômico";"Comércio exterior";"Funcex";"FUNCEX12_XQM12";"Exportações - produtos manufaturados - quantum - índice (média 2006 = 100)";16;477
"511";"Mensal";"Macroeconômico";"Economia internacional";"FMI/IFS";"IFS12_CAMBJAP12";"taxa de câmbio - iene japonês / US$ - média";16;477
"512";"Mensal";"Macroeconômico";"Produção";"ANP";"ANP12_PDGASN12";"Produção - gás natural - média - qde.";16;477
"513";"Mensal";"Macroeconômico";"Produção";"IBS/IE";"IBSIE12_QSCL12";"Produção - laminados";16;477
"514";"Mensal";"Macroeconômico";"Emprego";"IBGE/PME";"PMEN12_POCSPSCART12";"População ocupada - empregada - setor privado - sem carteira assinada - RMs";16;477
"515";"Mensal";"Macroeconômico";"Finanças públicas";"Bacen/Not. Imp./F. Púb.";"BM12_NFSPNY12";"NFSP - setor público - nominal - c/ desvalorização cambial - acum. 12 meses";16;477
"516";"Mensal";"Macroeconômico";"Finanças públicas";"Bacen/Not. Imp./F. Púb.";"BM12_DIAJPN12";"Dívida - setor público - ajuste patrimonial - líquida";16;477
"517";"Mensal";"Macroeconômico";"Emprego";"Dieese";"DIEESE12_GRV";"Número de grevistas";16;477
"518";"Mensal";"Macroeconômico";"Balanço de pagamentos";"Bacen/BP (BPM5)";"BPN12_SERRSAL12";"Serviços e rendas - rendas - salários e ordenados - saldo (Antiga metod. - BPM5)";16;477
"519";"Mensal";"Macroeconômico";"Emprego";"IBGE/PME antiga";"PME12_POCCP12";"População ocupada - conta própria - RMs";16;477
"520";"Mensal";"Macroeconômico";"Salário e renda";"IBGE/PME antiga";"PME12_RMCC12";"Rendimento médio do trabalho principal - construção civil - RMs";16;477
"521";"Mensal";"Macroeconômico";"Moeda e crédito";"Bacen/Not. Imp./Moeda";"BM12_M3N12";"M3 - fim período";15;491
"522";"Mensal";"Macroeconômico";"Balanço de pagamentos";"Bacen/BP (BPM5)";"BPN12_MCIDES12";"Conta financeira - investimentos diretos - despesas (Antiga metod. - BPM5)";15;491
"523";"Mensal";"Macroeconômico";"Balanço de pagamentos";"Bacen/BP (BPM5)";"BPN12_MCIREC12";"Conta financeira - investimentos diretos - receitas (Antiga metod. - BPM5)";15;491
"524";"Mensal";"Macroeconômico";"Balanço de pagamentos";"Bacen/BP (BPM5)";"BPN12_FINTO12";"Captação de recursos externos - financiamentos (Antiga metod. - BPM5)";15;491
"525";"Mensal";"Macroeconômico";"Salário e renda";"IBGE/Pimes";"PIMES12_HPIND12";"Horas pagas - indústria geral - índice (jan. 2001 = 100)";15;491
"526";"Mensal";"Macroeconômico";"Finanças públicas";"Bacen/Not. Imp./F. Púb.";"BM12_TPFIGPD12";"Títulos - federais - indexados ao IGP-DI - fim período";15;491
"527";"Mensal";"Macroeconômico";"Preços";"FGV/Conj. Econ.";"AGROAN12_PRFU12";"Preço médio - recebido pelo produtor - fumo (em folha) - kg";15;491
"528";"Mensal";"Macroeconômico";"Preços";"FGV/Conj. Econ.";"AGROAN12_PRBEZ12";"Preço médio - recebido pelo produtor - bezerro até 1 ano - cabeça";15;491
"529";"Mensal";"Macroeconômico";"Comércio exterior";"MDIC/SECEX";"SECEX12_XTOESP12";"Exportações (FOB) - destino: Espanha";15;491
"530";"Mensal";"Macroeconômico";"Comércio exterior";"MDIC/SECEX";"SECEX12_XTOJAP12";"Exportações (FOB) - destino: Japão";15;491
"531";"Mensal";"Macroeconômico";"Consumo e vendas";"ANP";"ANP12_COLDIE12";"Consumo aparente - óleo diesel - média - qde./dia";15;491
"532";"Mensal";"Macroeconômico";"Preços";"Conab/IE";"DEPAE12_ATMI12";"Preço médio - atacado - milho (em grão) - 60 kg - SP";15;491
"533";"Mensal";"Macroeconômico";"Consumo e vendas";"Fecomercio SP";"FCESP12_NAODURR12";"Comércio - bens não duráveis - faturamento real - índice (média 1998 = 100) - RMSP";15;491
"534";"Mensal";"Macroeconômico";"Consumo e vendas";"Fecomercio SP";"FCESP12_MOVEISR12";"Comércio - móveis e decorações - faturamento real - índice (média 1998 = 100) - RMSP";15;491
"535";"Mensal";"Macroeconômico";"Consumo e vendas";"Fecomercio SP";"FCESP12_AUTCONSR12";"Comércio - automotivo e construção - faturamento real - índice (média 1998 = 100) - RMSP";15;491
"536";"Mensal";"Macroeconômico";"Finanças públicas";"Min. Fazenda/STN";"STN12_NFDCCFATA12";"NFSP - gov. central - despesa total - cust. e cap. - FAT - abono seg. desemp.";15;491
"537";"Mensal";"Macroeconômico";"Comércio exterior";"Funcex";"FUNCEX12_XQBK12";"Exportações - bens de capital - quantum - índice (média 2006 = 100) (série antiga)";15;491
"538";"Mensal";"Macroeconômico";"Preços";"FGV/Conj. Econ. - IGP antigo";"IGP12_IPAVPT12";"IPA-DI - veículos pesados para transporte - índice (ago. 1994 = 100)";15;491
"539";"Mensal";"Macroeconômico";"Consumo e vendas";"Anfavea";"ANFAVE12_VONIBU12";"Vendas - ônibus - nacionais -  montados e desmontados -qde.";15;491
"540";"Mensal";"Macroeconômico";"Preços";"FGV/Conj. Econ. - IGP antigo";"IGP12_IPABCNO12";"IPA-DI - bens de consumo não duráveis - outros - índice (ago. 1994 = 100)";15;491
"541";"Mensal";"Macroeconômico";"Preços";"FGV/Conj. Econ. - IGP antigo";"IGP12_IPABC12";"IPA-DI - grupo I: bens de consumo - índice (ago. 1994 = 100)";15;491
"542";"Mensal";"Macroeconômico";"Preços";"FGV/Conj. Econ. - IGP antigo";"IGP12_IPABCN12";"IPA-DI - bens de consumo não duráveis - índice (ago. 1994 = 100)";15;491
"543";"Mensal";"Macroeconômico";"Produção";"IBGE/PIM-PF antiga";"PIMPF12_QIMP12";"Produção industrial - produtos de matéria plástica - quantum - índice (média 1991 = 100)";15;491
"544";"Mensal";"Macroeconômico";"Consumo e vendas";"ACSP/IEGV";"ACSP12_SCPCRC12";"SPC - número de registros cancelados";15;491
"545";"Mensal";"Macroeconômico";"Economia internacional";"Economist";"ECONMI12_UKU12";"taxa de desemprego - força de trabalho";15;491
"546";"Mensal";"Macroeconômico";"Percepção e expectativa";"CNI";"CNI12_INECPER12";"Expectativa do consumidor (INEC) - endividamento - índice (média 2001 = 100)";14;516
"547";"Mensal";"Macroeconômico";"Economia internacional";"Bacen/Boletim/Intern.";"BM12_PRIME12";"Taxa de juros - Prime - média";14;516
"548";"Mensal";"Macroeconômico";"Preços";"Bacen Outras/SGS";"PRECOS12_IPCANCOM12";"IPCA - preços livres - não comercializáveis - var.";14;516
"549";"Mensal";"Macroeconômico";"Produção";"IBGE/PIM-PF antiga";"PIMPF12_QIME12";"Produção industrial - mecânica - quantum - índice (média 1991 = 100)";14;516
"550";"Mensal";"Macroeconômico";"Produção";"Anfavea";"ANFAVE12_QVEICL12";"Produção - veículos comerciais leves - montados e desmontados - qde.";14;516
"551";"Mensal";"Macroeconômico";"Preços";"FGV/Conj. Econ. - IGP antigo";"IGP12_IPA0728";"IPA-OG - química - índice (ago. 1994 = 100)";14;516
"552";"Mensal";"Macroeconômico";"Preços";"FGV/Conj. Econ. - IGP antigo";"IGP12_IPA0795";"IPA-OG - tecidos e fios naturais - índice (ago. 1994 = 100)";14;516
"553";"Mensal";"Macroeconômico";"Preços";"FGV/Conj. Econ. - IGP antigo";"IGP12_IPA0604";"IPA-OG - material elétrico - outros - índice (ago. 1994 = 100)";14;516
"554";"Mensal";"Macroeconômico";"Preços";"FGV/Conj. Econ. - IGP antigo";"IGP12_IPA0590";"IPA-OG - motores e geradores - índice (ago. 1994 = 100)";14;516
"555";"Mensal";"Macroeconômico";"Finanças públicas";"Min. Fazenda/SRF";"SRF12_PIS12";"Contribuição - PIS / Pasep - total - receita bruta";14;516
"556";"Mensal";"Macroeconômico";"Finanças públicas";"Min. Fazenda/SRF";"SRF12_IRRF12";"Imposto sobre a renda (IR) - retido nas fontes - total - receita bruta";14;516
"557";"Mensal";"Macroeconômico";"Comércio exterior";"Funcex";"FUNCEX12_XPBK12";"Exportações - bens de capital - preços - índice (média 2006 = 100) (série antiga)";14;516
"558";"Mensal";"Macroeconômico";"Finanças públicas";"Min. Fazenda/STN";"STN12_RFF12";"Execução financeira - resultado financeiro do Tesouro Nacional";14;516
"559";"Mensal";"Macroeconômico";"Economia internacional";"FMI/IFS";"IFS12_IPAARG12";"IPA - índice (média 2005 = 100)";14;516
"560";"Mensal";"Macroeconômico";"Consumo e vendas";"Eletros";"ELET12_CAF12";"Vendas industriais - cafeteiras - qde.";14;516
"561";"Mensal";"Macroeconômico";"Consumo e vendas";"Fecomercio SP";"FCESP12_VESTUAR12";"Comércio - vestuário - faturamento real - índice (média 1998 = 100) - RMSP";14;516
"562";"Mensal";"Macroeconômico";"Consumo e vendas";"Fecomercio SP";"FCESP12_TECIDO12";"Comércio - tecidos - faturamento - índice (média 1998 = 100) - RMSP";14;516
"563";"Mensal";"Macroeconômico";"Consumo e vendas";"Fecomercio SP";"FCESP12_CD12";"Comércio - CD - faturamento - índice (média 1998 = 100) - RMSP";14;516
"564";"Mensal";"Macroeconômico";"Financeiras";"Bacen/Boletim/M. Finan.";"BM12_TJTBC12";"Taxa de juros - TBC";14;516
"565";"Mensal";"Macroeconômico";"Comércio exterior";"MDIC/SECEX";"SECEX12_XTOITA12";"Exportações (FOB) - destino: Itália";14;516
"566";"Mensal";"Macroeconômico";"Comércio exterior";"MDIC/SECEX";"SECEX12_XVSEMI12";"Exportações - fator agregado - produtos semimanufaturados - (FOB)";14;516
"567";"Mensal";"Macroeconômico";"Comércio exterior";"MDIC/SECEX";"SECEX12_XBKCAC12";"Exportações - bens de capital - (FOB)";14;516
"568";"Mensal";"Macroeconômico";"Finanças públicas";"Bacen/Not. Imp./F. Púb.";"BM12_DEXEMY12";"Dívida externa - estados e municípios - líquida";14;516
"569";"Mensal";"Macroeconômico";"Finanças públicas";"Bacen/Not. Imp./F. Púb.";"BM12_NFSPOY12";"NFSP - setor público - operacional - c/ desvalorização cambial - acum. 12 meses";14;516
"570";"Mensal";"Macroeconômico";"Salário e renda";"IBGE/PME";"PMEN12_RMRSCART12";"Rendimento médio real efetivo - empregados - setor privado - sem carteira assinada - RMs";14;516
"571";"Mensal";"Macroeconômico";"Comércio exterior";"Funcex/Séries antigas";"FUNCEX12_XVACUC12";"Exportações - setor: açúcar - (FOB)";14;516
"572";"Mensal";"Macroeconômico";"Balanço de pagamentos";"Bacen/BP (BPM5)";"BPN12_FINIDC12";"Conta financeira - invest. carteira (Antiga metod. - BPM5)";14;516
"573";"Mensal";"Macroeconômico";"Balanço de pagamentos";"Bacen/BP (BPM5)";"BPN12_FINIDBCA12";"Conta financeira - invest. brasil. carteira - ações (Antiga metod. - BPM5)";14;516
"574";"Mensal";"Macroeconômico";"Moeda e crédito";"Bacen/Not. Imp./Moeda";"BM12_FCPME12";"Fatores condicionantes da base monetária - variação da base monetária - papel-moeda emitido";14;516
"575";"Mensal";"Macroeconômico";"Moeda e crédito";"Bacen/Not. Imp./Moeda";"BM12_TFPPNCNY12";"M4 - títulos federais (Selic) - fim período - novo conceito";14;516
"576";"Mensal";"Macroeconômico";"Moeda e crédito";"Bacen/Not. Imp./Moeda";"BM12_TFPPNCN12";"M4 - títulos federais (Selic) - fim período - novo conceito";14;516
"577";"Mensal";"Macroeconômico";"Moeda e crédito";"Bacen/Not. Imp./Moeda";"BM12_M4NCN12";"M4 - fim período - novo conceito";14;516
"578";"Mensal";"Macroeconômico";"Finanças públicas";"MPS";"MPAS12_PREVT12";"Fluxo de caixa da previdência - recebimentos - total";14;516
"579";"Mensal";"Macroeconômico";"Finanças públicas";"MPS";"MPAS12_PREVDES12";"Fluxo de caixa da previdência - despesas - total";13;549
"580";"Mensal";"Macroeconômico";"Preços";"IBGE/SNIPC";"PRECOS12_IPCASC12";"IPCA - saúde e cuidados pessoais - var.";13;549
"581";"Mensal";"Macroeconômico";"Consumo e vendas";"Eletrobras";"ELETRO12_CEESE12";"Consumo - energia elétrica - Região Sudeste (SE) - qde.";13;549
"582";"Mensal";"Macroeconômico";"Finanças públicas";"Bacen/Not. Imp./F. Púb.";"BM12_DEXEEY12";"Dívida externa - estatais - líquida";13;549
"583";"Mensal";"Macroeconômico";"Finanças públicas";"Bacen/Not. Imp./F. Púb.";"BM12_DTEMN12";"Dívida - total - estados e municípios - líquida";13;549
"584";"Mensal";"Macroeconômico";"Preços";"FGV/Conj. Econ.";"AGROAN12_PRLEI12";"Preço médio - recebido pelo produtor - leite - litro";13;549
"585";"Mensal";"Macroeconômico";"Preços";"FGV/Conj. Econ.";"AGROAN12_PRMEL12";"Preço médio - recebido pelo produtor - mel de abelha - litro";13;549
"586";"Mensal";"Macroeconômico";"Preços";"FGV/Conj. Econ.";"AGROAN12_PRMA12";"Preço médio - recebido pelo produtor - mandioca - tonelada";13;549
"587";"Mensal";"Macroeconômico";"Preços";"FGV/Conj. Econ.";"AGROAN12_PRTR12";"Preço médio - recebido pelo produtor - trigo - kg";13;549
"588";"Mensal";"Macroeconômico";"Financeiras";"Bacen/Boletim/M. Finan.";"BM12_RNOURO12";"Ouro - rendimento nominal";13;549
"589";"Mensal";"Macroeconômico";"Consumo e vendas";"Fecomercio SP";"FCESP12_DURAV12";"Comércio - bens duráveis - faturamento - índice (média 1998 = 100) - RMSP";13;549
"590";"Mensal";"Macroeconômico";"Consumo e vendas";"Fecomercio SP";"FCESP12_CINECDR12";"Comércio - cine, foto, som, ótica e CD - faturamento real - índice (média 1998 = 100) - RMSP";13;549
"591";"Mensal";"Macroeconômico";"Consumo e vendas";"Fecomercio SP";"FCESP12_LOJDEP12";"Comércio - lojas de departamento - faturamento - índice (média 1998 = 100) - RMSP";13;549
"592";"Mensal";"Macroeconômico";"Consumo e vendas";"Fecomercio SP";"FCESP12_SUPERM12";"Comércio - supermercados - faturamento - índice (média 1998 = 100) - RMSP";13;549
"593";"Mensal";"Macroeconômico";"Consumo e vendas";"Eletros";"ELET12_CAM12";"Vendas industriais - camcorders - qde.";13;549
"594";"Mensal";"Macroeconômico";"Economia internacional";"FMI/IFS";"IFS12_TJGBY10AEUA12";"taxa de juros - bônus governamental - maturidade 10 anos";13;549
"595";"Mensal";"Macroeconômico";"Economia internacional";"FMI/IFS";"IFS12_IPAUALE12";"IPA - índice (média 2005 = 100)";13;549
"596";"Mensal";"Macroeconômico";"Salário e renda";"Fiesp";"FIESP12_FPR12";"Folha de pagamentos - real - indústria - índice (média 2006 = 100) - SP";13;549
"597";"Mensal";"Macroeconômico";"Emprego";"IBGE/PIM-DG";"PIMDG12_HPIND12";"Horas pagas - na produção - indústria geral - índice (média 1985 = 100)";13;549
"598";"Mensal";"Macroeconômico";"Preços";"FGV/Conj. Econ. - IGP antigo";"IGP12_IPA0809";"IPA-OG - tecidos e fios artificiais / sintéticos - índice (ago. 1994 = 100)";13;549
"599";"Mensal";"Macroeconômico";"Preços";"FGV/Conj. Econ. - IGP antigo";"IGP12_IPA0574";"IPA-OG - material elétrico - índice (ago. 1994 = 100)";13;549
"600";"Mensal";"Macroeconômico";"Preços";"FGV/Conj. Econ. - IGP antigo";"IGP12_IPA0620";"IPA-OG - veículos a motor - índice (ago. 1994 = 100)";13;549
"601";"Mensal";"Macroeconômico";"Preços";"FGV/Conj. Econ. - IGP antigo";"IGP12_IPA0711";"IPA-OG - couros e peles - índice (ago. 1994 = 100)";13;549
"602";"Mensal";"Macroeconômico";"Produção";"IBGE/PIM-PF antiga";"PIMPF12_QIMET12";"Produção industrial - metalúrgica - quantum - índice (média 1991 = 100)";13;549
"603";"Mensal";"Macroeconômico";"Consumo e vendas";"ACSP/IEGV";"ACSP12_SCPCRL12";"SPC - número de registros líquidos";13;549
"604";"Mensal";"Macroeconômico";"Finanças públicas";"IPEA";"GAMMA12_IMPINAN12";"Imposto inflacionário - método 1A";13;549
"605";"Mensal";"Macroeconômico";"Economia internacional";"Economist";"ECONMI12_USPCG12";"preços ao consumidor - var. em 12 meses";13;549
"606";"Mensal";"Macroeconômico";"Produção";"IBGE/PIM-PF antiga";"PIMPF12_QIMT12";"Produção industrial - material de transporte - quantum - índice (média 1991 = 100)";12;576
"607";"Mensal";"Macroeconômico";"Preços";"FGV/Conj. Econ. - IGP antigo";"IGP12_IPA0851";"IPA-OG - bebidas - índice (ago. 1994 = 100)";12;576
"608";"Mensal";"Macroeconômico";"Preços";"FGV/Conj. Econ. - IGP antigo";"IGP12_IPA0655";"IPA-OG - mobiliário - índice (ago. 1994 = 100)";12;576
"609";"Mensal";"Macroeconômico";"Finanças públicas";"Min. Fazenda/SRF";"SRF12_IRPF12";"Imposto sobre a renda (IR) - pessoas físicas - total - receita bruta";12;576
"610";"Mensal";"Macroeconômico";"Comércio exterior";"Funcex";"FUNCEX12_MDQBI12";"Importações - bens intermediários - quantum - índice (média 2006 = 100) (série antiga)";12;576
"611";"Mensal";"Macroeconômico";"Comércio exterior";"Funcex";"FUNCEX12_XQBCND12";"Exportações - bens de consumo não duráveis - quantum - índice (média 2006 = 100) (série antiga)";12;576
"612";"Mensal";"Macroeconômico";"Comércio exterior";"Funcex";"FUNCEX12_XPBCD12";"Exportações - bens de consumo duráveis - preços - índice (média 2006 = 100) (série antiga)";12;576
"613";"Mensal";"Macroeconômico";"Consumo e vendas";"Eletros";"ELET12_LIQUI12";"Vendas industriais - liquidificadores - qde.";12;576
"614";"Mensal";"Macroeconômico";"Consumo e vendas";"Eletros";"ELET12_BAT12";"Vendas industriais - batedeiras - qde.";12;576
"615";"Mensal";"Macroeconômico";"Finanças públicas";"Min. Fazenda/STN";"STN12_NFJN12";"NFSP - gov. central - juros nominais (abaixo da linha)";12;576
"616";"Mensal";"Macroeconômico";"Comércio exterior";"MDIC/SECEX";"SECEX12_XTORU12";"Exportações (FOB) - destino: Reino Unido";12;576
"617";"Mensal";"Macroeconômico";"Preços";"FGV/Conj. Econ.";"AGROAN12_PRBA12";"Preço médio - recebido pelo produtor - banana - kg";12;576
"618";"Mensal";"Macroeconômico";"Finanças públicas";"Bacen/Not. Imp./F. Púb.";"BM12_LFTBC12";"Títulos públicos federais - carteira do Banco Central - LFT - fim período";12;576
"619";"Mensal";"Macroeconômico";"Finanças públicas";"Bacen/Not. Imp./F. Púb.";"BM12_BTNFBC12";"Títulos públicos federais - fora do BC - Tesouro Nacional - BTN - fim período";12;576
"620";"Mensal";"Macroeconômico";"Finanças públicas";"Bacen/Not. Imp./F. Púb.";"BM12_NFEMJNY12";"NFSP - estados e municípios - juros nominais - c/ desvalorização cambial - acum. 12 meses";12;576
"621";"Mensal";"Macroeconômico";"Preços";"Seab-PR";"DERAL12_ATFUA12";"Preço médio - atacado - fubá amarelo - 50 kg - PR";12;576
"622";"Mensal";"Macroeconômico";"Emprego";"IBGE/PME";"PMEN12_POCEMPR12";"População ocupada - empregada - RMs";12;576
"623";"Mensal";"Macroeconômico";"Preços";"IBGE/SNIPC";"PRECOS12_INPCED12";"INPC - educação, leitura e papelaria - var.";12;576
"624";"Mensal";"Macroeconômico";"Preços";"IBGE/SNIPC";"PRECOS12_IPCAVE12";"IPCA - vestuário - var.";12;576
"625";"Mensal";"Macroeconômico";"Balanço de pagamentos";"Bacen/BP (BPM5)";"BPN12_JUR12";"Serviços e rendas - rendas - juros - saldo (Antiga metod. - BPM5)";12;576
"626";"Mensal";"Macroeconômico";"Balanço de pagamentos";"Bacen/BP (BPM5)";"BPN12_FINIDECRF12";"Conta financeira - invest. estrang. carteira - tít. renda fixa (Antiga metod. - BPM5)";12;576
"627";"Mensal";"Macroeconômico";"Balanço de pagamentos";"Bacen/BP (BPM5)";"BPN12_STK12";"Conta capital e financeira - saldo (Antiga metod. - BPM5)";12;576
"628";"Mensal";"Macroeconômico";"Balanço de pagamentos";"Bacen/BP (BPM5)";"BPN12_FINAUT12";"Captação recursos externos - financiamentos - autorizados (Antiga metod. - BPM5)";12;576
"629";"Mensal";"Macroeconômico";"Emprego";"IBGE/PME antiga";"PME12_POCOUT12";"População ocupada - outras atividades - RMs";12;576
"630";"Mensal";"Macroeconômico";"Salário e renda";"IBGE/PME antiga";"PME12_RMEMP12";"Rendimento médio do trabalho principal - empregador - RMs";12;576
"631";"Mensal";"Macroeconômico";"Moeda e crédito";"Bacen/Not. Imp./Moeda";"BM12_RBM12";"M0 - base monetária - reservas bancárias - média";12;576
"632";"Mensal";"Macroeconômico";"Moeda e crédito";"Bacen/Not. Imp./Moeda";"BM12_FCVARBM12";"Fatores condicionantes da base monetária - variação da base monetária";11;602
"633";"Mensal";"Macroeconômico";"Moeda e crédito";"Bacen/Not. Imp./Moeda";"BM12_M1NY12";"M1 - fim período";11;602
"634";"Mensal";"Macroeconômico";"Finanças públicas";"MPS";"MPAS12_PREV12";"Fluxo de caixa da previdência - saldo final";11;602
"635";"Mensal";"Macroeconômico";"Balanço de pagamentos";"Bacen/BP (BPM5)";"BPN12_FINIDECA12";"Conta financeira - invest. estrang. carteira - ações (Antiga metod. - BPM5)";11;602
"636";"Mensal";"Macroeconômico";"Balanço de pagamentos";"Bacen/BP (BPM5)";"BPN12_FINRG12";"Captação de recursos externos - financiamentos - registrados (Antiga metod. - BPM5)";11;602
"637";"Mensal";"Macroeconômico";"Comércio exterior";"Funcex/Séries antigas";"FUNCEX12_MDVFARM12";"Importações - setor: farmacêutica e perfumaria - (FOB)";11;602
"638";"Mensal";"Macroeconômico";"Emprego";"IBGE/PME";"PMEN12_PNEA12";"População não economicamente ativa (PNEA) - RMs";11;602
"639";"Mensal";"Macroeconômico";"Emprego";"IBGE/PME";"PMEN12_POCEMP12";"População ocupada - empregador - RMs";11;602
"640";"Mensal";"Macroeconômico";"Emprego";"IBGE/PME";"PMEN12_PNEAPRO12";"População não economicamente ativa - procurando trabalho - RMs";11;602
"641";"Mensal";"Macroeconômico";"Emprego";"Dieese";"DIEESE12_GRVHPAJ";"Trabalhadores / hora parados - ajustados";11;602
"642";"Mensal";"Macroeconômico";"Finanças públicas";"Bacen/Not. Imp./F. Púb.";"BM12_NFGFON12";"NFSP - gov. federal e Banco Central - operacional - c/ desvalorização cambial";11;602
"643";"Mensal";"Macroeconômico";"Finanças públicas";"Bacen/Not. Imp./F. Púb.";"BM12_LFT12";"Títulos públicos federais emitidos - responsabilidade do Tesouro Nacional - LFT - fim período";11;602
"644";"Mensal";"Macroeconômico";"Finanças públicas";"Bacen/Not. Imp./F. Púb.";"BM12_TPFERMA12";"Títulos - federais - indexados ao câmbio - mercado aberto - fim período";11;602
"645";"Mensal";"Macroeconômico";"Finanças públicas";"Bacen/Not. Imp./F. Púb.";"BM12_NFSPJNY12";"NFSP - setor público - juros nominais - c/ desvalorização cambial - acum. 12 meses";11;602
"646";"Mensal";"Macroeconômico";"Câmbio";"Bacen/Boletim/BP";"BM12_SGCC12";"Câmbio contratado - comercial e financeiro";11;602
"647";"Mensal";"Macroeconômico";"Preços";"FGV/Conj. Econ.";"AGROAN12_PRLAR12";"Preço médio - recebido pelo produtor - laranja - cento";11;602
"648";"Mensal";"Macroeconômico";"Preços";"FGV/Conj. Econ.";"AGROAN12_PRSI12";"Preço médio - recebido pelo produtor - sisal - kg";11;602
"649";"Mensal";"Macroeconômico";"Consumo e vendas";"Fecomercio SP";"FCESP12_AUTOPER12";"Comércio - autopeças - faturamento real - índice (média 1998 = 100) - RMSP";11;602
"650";"Mensal";"Macroeconômico";"Consumo e vendas";"Fecomercio SP";"FCESP12_CINER12";"Comércio - cine, foto, som e ótica - faturamento real - índice (média 1998 = 100) - RMSP";11;602
"651";"Mensal";"Macroeconômico";"Finanças públicas";"Min. Fazenda/STN";"STN12_EDMBC12";"Execução financeira - financiamento - resultado Tesouro/Bacen - des. no Bacen - encargos da DPMF";11;602
"652";"Mensal";"Macroeconômico";"Finanças públicas";"Min. Fazenda/STN";"STN12_TEM12";"Execução financeira do Tesouro Nacional - despesas - transferências a estados e municípios";11;602
"653";"Mensal";"Macroeconômico";"Consumo e vendas";"Eletros";"ELET12_LAV12";"Vendas industriais - lavadoras automáticas - qde.";11;602
"654";"Mensal";"Macroeconômico";"Consumo e vendas";"Eletros";"ELET12_FREEZ12";"Vendas industriais - freezers verticais - qde.";11;602
"655";"Mensal";"Macroeconômico";"Economia internacional";"FMI/IFS";"IFS12_TJCALLJAP12";"taxa de juros - call money";11;602
"656";"Mensal";"Macroeconômico";"Finanças públicas";"Min. Fazenda/Cotepe";"CONFAZ12_ICMSMG12";"Imposto sobre a circulação de mercadorias (ICMS) - Minas Gerais (MG)";11;602
"657";"Mensal";"Macroeconômico";"Comércio exterior";"Funcex";"FUNCEX12_XVBK12";"Exportações - bens de capital - (FOB) (série antiga)";11;602
"658";"Mensal";"Macroeconômico";"Comércio exterior";"Funcex";"FUNCEX12_XPM12";"Exportações - produtos manufaturados - preços - índice (média 2006 = 100)";11;602
"659";"Mensal";"Macroeconômico";"Finanças públicas";"Min. Fazenda/SRF";"SRF12_IEL12";"Imposto sobre a exportação (IE) - total - receita líquida";11;602
"660";"Mensal";"Macroeconômico";"Preços";"FGV/Conj. Econ. - IGP antigo";"IGP12_IPA1554";"IPA-OG - perfumaria e sabões - índice (ago. 1994 = 100)";11;602
"661";"Mensal";"Macroeconômico";"Preços";"FGV/Conj. Econ. - IGP antigo";"IGP12_IPAGA12";"IPA-DI - gêneros alimentícios - índice (ago. 1994 = 100)";11;602
"662";"Mensal";"Macroeconômico";"Preços";"FGV/Conj. Econ. - IGP antigo";"IGP12_IPA0787";"IPA-OG - tecidos, vestuário e calçados - índice (ago. 1994 = 100)";11;602
"663";"Mensal";"Macroeconômico";"Produção";"IBGE/PIM-PF antiga";"PIMPF12_QIMNM12";"Produção industrial - minerais não metálicos - quantum - índice (média 1991 = 100)";11;602
"664";"Mensal";"Macroeconômico";"Economia internacional";"Economist";"ECONMI12_FRU12";"taxa de desemprego - força de trabalho";11;602
"665";"Mensal";"Macroeconômico";"Câmbio";"Outras fontes";"HIST12_ERV12";"Taxa de câmbio - libra esterlina / mil réis - RJ";11;602
"666";"Mensal";"Macroeconômico";"Consumo e vendas";"CNI";"CNI12_VENNOM12";"Faturamento nominal - indústria - índice (média 2006 = 100)";11;602
"667";"Mensal";"Macroeconômico";"Economia internacional";"Bacen/Boletim/Intern.";"BM12_LIBORL12";"Taxa de juros - Libor / libra esterlina - média";11;602
"668";"Mensal";"Macroeconômico";"Finanças públicas";"IPEA";"GAMMA12_IMPINDR12";"Imposto inflacionário - real - método 2B";11;602
"669";"Mensal";"Macroeconômico";"Produção";"IBGE/PIM-PF antiga";"PIMPF12_QIEMAS12";"Produção industrial - extrativa mineral - quantum - índice dessaz. (média 1991 = 100)";10;639
"670";"Mensal";"Macroeconômico";"Produção";"IBGE/PIM-PF antiga";"PIMPF12_QIMAD12";"Produção industrial - madeira - quantum - índice (média 1991 = 100)";10;639
"671";"Mensal";"Macroeconômico";"Preços";"Fipe";"FIPE12_FIPE0348";"IPC - grupo: transportes - RMSP - var.";10;639
"672";"Mensal";"Macroeconômico";"Preços";"FGV/Conj. Econ. - IGP antigo";"IGP12_IPA1521";"IPA-OG - leite e derivados - índice (ago. 1994 = 100)";10;639
"673";"Mensal";"Macroeconômico";"Preços";"FGV/Conj. Econ. - IGP antigo";"IGP12_IPA1473";"IPA-OG - óleos e gorduras - índice (ago. 1994 = 100)";10;639
"674";"Mensal";"Macroeconômico";"Preços";"FGV/Conj. Econ. - IGP antigo";"IGP12_IPA0388";"IPA-OG - legumes e frutas - índice (ago. 1994 = 100)";10;639
"675";"Mensal";"Macroeconômico";"Preços";"FGV/Conj. Econ. - IGP antigo";"IGP12_IPAMPS12";"IPA-DI - matérias-primas semi-elaboradas - índice (ago. 1994 = 100)";10;639
"676";"Mensal";"Macroeconômico";"Preços";"FGV/Conj. Econ. - IGP antigo";"IGP12_IPABPO12";"IPA-DI - bens de produção - outros - índice (ago. 1994 = 100)";10;639
"677";"Mensal";"Macroeconômico";"Preços";"FGV/Conj. Econ. - IGP antigo";"IGP12_ICVHAB12";"IPC - habitação - índice (ago. 1994 = 100) - RJ";10;639
"678";"Mensal";"Macroeconômico";"Preços";"FGV/Conj. Econ. - IGP antigo";"IGP12_IPA1511";"IPA-OG - carnes e pescados - índice (ago. 1994 = 100)";10;639
"679";"Mensal";"Macroeconômico";"Comércio exterior";"Funcex";"FUNCEX12_XQB12";"Exportações - produtos básicos - quantum - índice (média 2006 = 100)";10;639
"680";"Mensal";"Macroeconômico";"Comércio exterior";"Funcex";"FUNCEX12_MDPBI12";"Importações - bens intermediários - preços - índice (média 2006 = 100) (série antiga)";10;639
"681";"Mensal";"Macroeconômico";"Finanças públicas";"Min. Fazenda/Cotepe";"CONFAZ12_ICMSAL12";"Imposto sobre a circulação de mercadorias (ICMS) - Alagoas (AL)";10;639
"682";"Mensal";"Macroeconômico";"Finanças públicas";"Min. Fazenda/Cotepe";"CONFAZ12_TAXAS12";"Imposto - taxas";10;639
"683";"Mensal";"Macroeconômico";"Salário e renda";"Fiesp";"FIESP12_TFPN12";"Folha de pagamentos - indústria - índice (média 2006 = 100) - SP";10;639
"684";"Mensal";"Macroeconômico";"Economia internacional";"FMI/IFS";"IFS12_SOJAGP12";"Commodities - soja em grão - cotação internacional";10;639
"685";"Mensal";"Macroeconômico";"Economia internacional";"FMI/IFS";"IFS12_IPAUK12";"IPA - índice (média 2005 = 100)";10;639
"686";"Mensal";"Macroeconômico";"Finanças públicas";"Min. Fazenda/STN";"STN12_RFC12";"Execução financeira - financiamento - fluxo de caixa total";10;639
"687";"Mensal";"Macroeconômico";"Finanças públicas";"Min. Fazenda/STN";"STN12_NFTEMTC12";"NFSP - gov. central - transf. estados e municípios - constitucionais";10;639
"688";"Mensal";"Macroeconômico";"Finanças públicas";"Min. Fazenda/STN";"STN12_NFRPGFTOT12";"NFSP - gov. central - resultado primário gov. federal - total";10;639
"689";"Mensal";"Macroeconômico";"Consumo e vendas";"Fecomercio SP";"FCESP12_DURAVR12";"Comércio - bens duráveis - faturamento real - índice (média 1998 = 100) - RMSP";10;639
"690";"Mensal";"Macroeconômico";"Financeiras";"Bacen/Boletim/M. Finan.";"BM12_TJLCTN12";"Taxa de juros - letras de câmbio ao tomador";10;639
"691";"Mensal";"Macroeconômico";"Comércio exterior";"MDIC/SECEX";"SECEX12_XTOHOL12";"Exportações (FOB) - destino: Holanda";10;639
"692";"Mensal";"Macroeconômico";"Preços";"FGV/Conj. Econ.";"AGROAN12_PRUVA12";"Preço médio - recebido pelo produtor - uva - kg";10;639
"693";"Mensal";"Macroeconômico";"Finanças públicas";"Bacen/Not. Imp./F. Púb.";"BM12_TPFLP12";"Títulos - federais - indexados à TJLP - fim período";10;639
"694";"Mensal";"Macroeconômico";"Finanças públicas";"Bacen/Not. Imp./F. Púb.";"BM12_DEXEMN12";"Dívida externa - estados e municípios - líquida";10;639
"695";"Mensal";"Macroeconômico";"Finanças públicas";"Bacen/Not. Imp./F. Púb.";"BM12_DIFISPN12";"Dívida fiscal - setor público - líquida";10;639
"696";"Mensal";"Macroeconômico";"Finanças públicas";"Bacen/Not. Imp./F. Púb.";"BM12_DTEEN12";"Dívida - total - estatais - líquida";10;639
"697";"Mensal";"Macroeconômico";"Finanças públicas";"Bacen/Not. Imp./F. Púb.";"BM12_DINEEY12";"Dívida interna - estatais - líquida";10;639
"698";"Mensal";"Macroeconômico";"Preços";"Seab-PR";"DERAL12_ATMC12";"Preço médio - atacado - milho - 60 kg - PR";10;639
"699";"Mensal";"Macroeconômico";"Preços";"Seab-PR";"DERAL12_ATFTRC12";"Preço médio - atacado - farinha de trigo - 50 kg - PR";10;639
"700";"Mensal";"Macroeconômico";"Preços";"FGV/Conj. Econ. - IGP";"IGP12_IPAIEX12";"IPA origem - prod. industriais - ind. extrativa - índice (ago. 1994 = 100)";10;639
"701";"Mensal";"Macroeconômico";"Emprego";"IBGE/PME";"PMEN12_POCSP12";"População ocupada - empregada - setor privado - RMs";10;639
"702";"Mensal";"Macroeconômico";"Emprego";"IBGE/PME";"PMEN12_PNEADIS12";"População não economicamente ativa - disponíveis - RMs";10;639
"703";"Mensal";"Macroeconômico";"Comércio exterior";"Funcex/Séries antigas";"FUNCEX12_MDVAUT12";"Importações - setor: veículos automotores - (FOB)";10;639
"704";"Mensal";"Macroeconômico";"Balanço de pagamentos";"Bacen/BP (BPM5)";"BPN12_SER12";"Serviços e rendas - saldo (Antiga metod. - BPM5)";10;639
"705";"Mensal";"Macroeconômico";"Balanço de pagamentos";"Bacen/BP (BPM5)";"BPN12_JURDES12";"Serviços e rendas - rendas - juros - despesas (Antiga metod. - BPM5)";10;639
"706";"Mensal";"Macroeconômico";"Preços";"IBGE/SNIPC";"PRECOS12_IPCACD12";"IPCA - despesas pessoais - var.";10;639
"707";"Mensal";"Macroeconômico";"Finanças públicas";"MPS";"MPAS12_PREVRLINSS12";"Fluxo de caixa da previdência - receita líquida do INSS";10;639
"708";"Mensal";"Macroeconômico";"Moeda e crédito";"Bacen/Not. Imp./Moeda";"BM12_DRME12";"Depósitos - moeda estrangeira - registrados";10;639
"709";"Mensal";"Macroeconômico";"Emprego";"IBGE/PME antiga";"PME12_POCIT12";"População ocupada - indústria transformação - RMs";10;639
"710";"Mensal";"Macroeconômico";"Moeda e crédito";"Bacen/Not. Imp./Moeda";"BM12_FCDEPFIN12";"Fatores condicionantes da base monetária - depósitos de instituições financeiras";9;680
"711";"Mensal";"Macroeconômico";"Salário e renda";"IBGE/PME antiga";"PME12_RMCOM12";"Rendimento médio do trabalho principal - comércio - RMs";9;680
"712";"Mensal";"Macroeconômico";"Preços";"IBGE/SNIPC";"PRECOS12_INPCCD12";"INPC - despesas pessoais - var.";9;680
"713";"Mensal";"Macroeconômico";"Preços";"IBGE/SNIPC";"PRECOS12_INPCAR12";"INPC - artigos de residência - var.";9;680
"714";"Mensal";"Macroeconômico";"Preços";"IBGE/SNIPC";"PRECOS12_IPCACO12";"IPCA - comunicação - var.";9;680
"715";"Mensal";"Macroeconômico";"Balanço de pagamentos";"Bacen/BP (BPM5)";"BPN12_TUN12";"Transferências unilaterais correntes - saldo (Antiga metod. - BPM5)";9;680
"716";"Mensal";"Macroeconômico";"Balanço de pagamentos";"Bacen/BP (BPM5)";"BPN12_FINIDBCRF12";"Conta financeira - invest. brasil. carteira - títulos de renda fixa (Antiga metod. - BPM5)";9;680
"717";"Mensal";"Macroeconômico";"Balanço de pagamentos";"Bacen/BP (BPM5)";"BPN12_EMRV12";"Captação recursos externos - emprést. moeda - renovações (Antiga metod. - BPM5)";9;680
"718";"Mensal";"Macroeconômico";"Salário e renda";"IBGE/Pimes";"PIMES12_FPMNIND12";"Folha de pagamento - média - indústria geral - índice (jan. 2001 = 100)";9;680
"719";"Mensal";"Macroeconômico";"Emprego";"IBGE/PME";"PMEN12_PNEADES12";"População não economicamente ativa - desalentadas - RMs";9;680
"720";"Mensal";"Macroeconômico";"Consumo e vendas";"Eletrobras";"ELETRO12_CEENE12";"Consumo - energia elétrica - Região Nordeste (NE) - qde.";9;680
"721";"Mensal";"Macroeconômico";"Emprego";"IBGE/PME";"PMEN12_PNEAMAR12";"População não economicamente ativa - marginalmente ligadas à PEA - RMs";9;680
"722";"Mensal";"Macroeconômico";"Preços";"Seab-PR";"DERAL12_ATARP12";"Preço médio - atacado - arroz (parboilizado tipo 2) - 30 kg - PR";9;680
"723";"Mensal";"Macroeconômico";"Finanças públicas";"Bacen/Not. Imp./F. Púb.";"BM12_NFSPPNA12";"NFSP - setor público - primário - c/ desvalorização cambial - acum. 12 meses";9;680
"724";"Mensal";"Macroeconômico";"Finanças públicas";"Bacen/Not. Imp./F. Púb.";"BM12_NFSPJRN12";"NFSP - setor público - juros reais - c/ desvalorização cambial";9;680
"725";"Mensal";"Macroeconômico";"Finanças públicas";"Bacen/Not. Imp./F. Púb.";"BM12_TPFTR12";"Títulos - federais - indexados à TR - fim período";9;680
"726";"Mensal";"Macroeconômico";"Finanças públicas";"Bacen/Not. Imp./F. Púb.";"BM12_NFSPON12";"NFSP - setor público - operacional - c/ desvalorização cambial";9;680
"727";"Mensal";"Macroeconômico";"Finanças públicas";"Bacen/Not. Imp./F. Púb.";"BM12_NFEMPY12";"NFSP - estados e municípios - primário - c/ desvalorização cambial - acum. 12 meses";9;680
"728";"Mensal";"Macroeconômico";"Finanças públicas";"Bacen/Not. Imp./F. Púb.";"BM12_NFEEPN12";"NFSP - estatais - primário - c/ desvalorização cambial";9;680
"729";"Mensal";"Macroeconômico";"Finanças públicas";"Bacen/Not. Imp./F. Púb.";"BM12_DIFISPY12";"Dívida fiscal - setor público - líquida";9;680
"730";"Mensal";"Macroeconômico";"Finanças públicas";"Bacen/Not. Imp./F. Púb.";"BM12_BTN12";"Títulos públicos federais emitidos - responsabilidade do Tesouro Nacional - BTN - fim período";9;680
"731";"Mensal";"Macroeconômico";"Preços";"FGV/Conj. Econ.";"AGROAN12_PRCJ12";"Preço médio - recebido pelo produtor - caju - kg";9;680
"732";"Mensal";"Macroeconômico";"Financeiras";"Valor Econômico";"VALOR12_GLOBAL1212";"Bônus global República (12) - spread";9;680
"733";"Mensal";"Macroeconômico";"Comércio exterior";"MDIC/SECEX";"SECEX12_XTOFRA12";"Exportações (FOB) - destino: França";9;680
"734";"Mensal";"Macroeconômico";"Finanças públicas";"FNDE";"FNDE12_SALEDU12";"Salário educação - arrecadação bruta";9;680
"735";"Mensal";"Macroeconômico";"Moeda e crédito";"Bacen/Boletim/M. Finan.";"BM12_RPOUM12";"Depósitos de poupança - média";9;680
"736";"Mensal";"Macroeconômico";"Financeiras";"Bacen/Boletim/M. Finan.";"BM12_TJLCMN12";"Taxa de juros - letras de câmbio ao mutuário";9;680
"737";"Mensal";"Macroeconômico";"Consumo e vendas";"Fecomercio SP";"FCESP12_FARMR12";"Comércio - farmácias e perfumarias - faturamento real - índice (média 1998 = 100) - RMSP";9;680
"738";"Mensal";"Macroeconômico";"Consumo e vendas";"Fecomercio SP";"FCESP12_VESTUA12";"Comércio - vestuário - faturamento - índice (média 1998 = 100) - RMSP";9;680
"739";"Mensal";"Macroeconômico";"Consumo e vendas";"Fecomercio SP";"FCESP12_CINE12";"Comércio - cine, foto, som e ótica - faturamento - índice (média 1998 = 100) - RMSP";9;680
"740";"Mensal";"Macroeconômico";"Consumo e vendas";"Fecomercio SP";"FCESP12_NAODUR12";"Comércio - bens não duráveis - faturamento - índice (média 1998 = 100) - RMSP";9;680
"741";"Mensal";"Macroeconômico";"Consumo e vendas";"Fecomercio SP";"FCESP12_UTIDOMR12";"Comércio - lojas de utilidades domésticas - faturamento real - índice (média 1998 = 100) - RMSP";9;680
"742";"Mensal";"Macroeconômico";"Economia internacional";"FMI/IFS";"IFS12_SOJAF12";"Commodities - soja em farelo - cotação internacional";9;680
"743";"Mensal";"Macroeconômico";"Economia internacional";"FMI/IFS";"IFS12_SOJAOP12";"Commodities - óleo de soja - cotação internacional";9;680
"744";"Mensal";"Macroeconômico";"Economia internacional";"FMI/IFS";"IFS12_ALUMP12";"Commodities - alumínio - cotação internacional";9;680
"745";"Mensal";"Macroeconômico";"Economia internacional";"FMI/IFS";"IFS12_IPAJAP12";"IPA - índice (média 2005 = 100)";9;680
"746";"Mensal";"Macroeconômico";"Economia internacional";"FMI/IFS";"IFS12_XWN12";"exportações";9;680
"747";"Mensal";"Macroeconômico";"Economia internacional";"FMI/IFS";"IFS12_MWN12";"importações";9;680
"748";"Mensal";"Macroeconômico";"Finanças públicas";"Min. Fazenda/Cotepe";"CONFAZ12_ICMSSP12";"Imposto sobre a circulação de mercadorias (ICMS) - São Paulo (SP)";9;680
"749";"Mensal";"Macroeconômico";"Preços";"FGV/Conj. Econ. - IGP antigo";"IGP12_IPA0434";"IPA-OG - animais e derivados - índice (ago. 1994 = 100)";9;680
"750";"Mensal";"Macroeconômico";"Preços";"FGV/Conj. Econ. - IGP antigo";"IGP12_IPA0612";"IPA-OG - material de transporte - índice (ago. 1994 = 100)";9;680
"751";"Mensal";"Macroeconômico";"Preços";"FGV/Conj. Econ. - IGP antigo";"IGP12_IPA0566";"IPA-OG - mecânica - outros - índice (ago. 1994 = 100)";9;680
"752";"Mensal";"Macroeconômico";"Preços";"FGV/Conj. Econ. - IGP antigo";"IGP12_IPA1414";"IPA-OG - bebidas não alcoólicas - índice (ago. 1994 = 100)";9;680
"753";"Mensal";"Macroeconômico";"Preços";"FGV/Conj. Econ. - IGP antigo";"IGP12_IPA0531";"IPA-OG - mecânica - índice (ago. 1994 = 100)";9;680
"754";"Mensal";"Macroeconômico";"Preços";"FGV/Conj. Econ. - IGP antigo";"IGP12_IPA1422";"IPA-OG - fumo - índice (ago. 1994 = 100)";9;680
"755";"Mensal";"Macroeconômico";"Finanças públicas";"Min. Fazenda/SRF";"SRF12_IE12";"Imposto sobre a exportação (IE) - total - receita bruta";9;680
"756";"Mensal";"Macroeconômico";"Finanças públicas";"Min. Fazenda/SRF";"SRF12_CIDE12";"Cide - combustíveis  - receita bruta";9;680
"757";"Mensal";"Macroeconômico";"Finanças públicas";"Min. Fazenda/SRF";"SRF12_IOFL12";"Imposto sobre operações financeiras (IOF) - total - receita líquida";9;680
"758";"Mensal";"Macroeconômico";"Finanças públicas";"IPEA";"GAMMA12_IMPINBR12";"Imposto inflacionário - real - método 1B";9;680
"759";"Mensal";"Macroeconômico";"Economia internacional";"Economist";"ECONMI12_ITU12";"taxa de desemprego - força de trabalho";9;680
"760";"Mensal";"Macroeconômico";"Economia internacional";"Economist";"ECONMI12_EUROBCY12";"balança comercial - saldo (acum. 12 meses)";9;680
"761";"Mensal";"Macroeconômico";"Economia internacional";"Economist";"ECONMI12_CAU12";"taxa de desemprego - força de trabalho";8;731
"762";"Mensal";"Macroeconômico";"Finanças públicas";"IPEA";"GAMMA12_IMPINCR12";"Imposto inflacionário - real - método 2A";8;731
"763";"Mensal";"Macroeconômico";"Finanças públicas";"Min. Fazenda/SRF";"SRF12_CSLL12";"Contribuição social sobre o lucro líquido (CSLL) - total - receita bruta";8;731
"764";"Mensal";"Macroeconômico";"Finanças públicas";"Min. Fazenda/SRF";"SRF12_IPIL12";"Imposto sobre produtos industrializados (IPI) - total - receita líquida";8;731
"765";"Mensal";"Macroeconômico";"Finanças públicas";"Min. Fazenda/SRF";"SRF12_CIDEL12";"Cide - combustíveis  - receita líquida";8;731
"766";"Mensal";"Macroeconômico";"Preços";"FGV/Conj. Econ. - IGP antigo";"IGP12_IPA0396";"IPA-OG - cereais e grãos - índice (ago. 1994 = 100)";8;731
"767";"Mensal";"Macroeconômico";"Produção";"Anfavea";"ANFAVE12_QONIBU12";"Produção - ônibus - montados e desmontados - qde.";8;731
"768";"Mensal";"Macroeconômico";"Preços";"FGV/Conj. Econ. - IGP antigo";"IGP12_IPA1503";"IPA-OG - produtos alimentares de origem animal - índice (ago. 1994 = 100)";8;731
"769";"Mensal";"Macroeconômico";"Preços";"Fipe";"FIPE12_FIPE0118";"IPC - grupo: alimentação - RMSP - var.";8;731
"770";"Mensal";"Macroeconômico";"Comércio exterior";"Funcex";"FUNCEX12_XQBI12";"Exportações - bens intermediários - quantum - índice (média 2006 = 100) (série antiga)";8;731
"771";"Mensal";"Macroeconômico";"Comércio exterior";"Funcex";"FUNCEX12_XQCOMB12";"Exportações - combustíveis - quantum - índice (média 2006 = 100) (série antiga)";8;731
"772";"Mensal";"Macroeconômico";"Comércio exterior";"Funcex";"FUNCEX12_MDPBCND12";"Importações - bens de consumo não duráveis - preços - índice (média 2006 = 100) (série antiga)";8;731
"773";"Mensal";"Macroeconômico";"Comércio exterior";"Funcex";"FUNCEX12_XQBCD12";"Exportações - bens de consumo duráveis - quantum - índice (média 2006 = 100) (série antiga)";8;731
"774";"Mensal";"Macroeconômico";"Comércio exterior";"Funcex";"FUNCEX12_MDPBCD12";"Importações - bens de consumo duráveis - preços - índice (média 2006 = 100) (série antiga)";8;731
"775";"Mensal";"Macroeconômico";"Consumo e vendas";"Eletros";"ELET12_ESPR12";"Vendas industriais - espremedores de frutas - qde.";8;731
"776";"Mensal";"Macroeconômico";"Consumo e vendas";"Eletros";"ELET12_SEC12";"Vendas industriais - secadores e modeladores - qde.";8;731
"777";"Mensal";"Macroeconômico";"Economia internacional";"FMI/IFS";"IFS12_IPCARG12";"IPC - índice (média 2005 = 100)";8;731
"778";"Mensal";"Macroeconômico";"Economia internacional";"FMI/IFS";"IFS12_TJMMARG12";"taxa de juros - money market";8;731
"779";"Mensal";"Macroeconômico";"Economia internacional";"FMI/IFS";"IFS12_TJEDLUK12";"taxa de juros - eurodólar Londres";8;731
"780";"Mensal";"Macroeconômico";"Finanças públicas";"Min. Fazenda/STN";"STN12_NFRLTOT12";"NFSP - gov. central - receita líquida total";8;731
"781";"Mensal";"Macroeconômico";"Finanças públicas";"Min. Fazenda/STN";"STN12_NFRNGCTOTJ12";"NFSP - gov. central - resultado nominal (abaixo da linha)";8;731
"782";"Mensal";"Macroeconômico";"Consumo e vendas";"Fecomercio SP";"FCESP12_SEMIDUR12";"Comércio - bens semi-duráveis - faturamento real - índice (média 1998 = 100) - RMSP";8;731
"783";"Mensal";"Macroeconômico";"Consumo e vendas";"Fecomercio SP";"FCESP12_CONCES12";"Comércio - concessionárias de veículos - faturamento - índice (média 1998 = 100) - RMSP";8;731
"784";"Mensal";"Macroeconômico";"Preços";"Conab/IE";"DEPAE12_ATFRA12";"Preço médio - atacado - frango resfriado - kg - SP";8;731
"785";"Mensal";"Macroeconômico";"Produção";"ANP";"ANP12_PDALCO12";"Produção - álcool - média - qde./dia";8;731
"786";"Mensal";"Macroeconômico";"Moeda e crédito";"Bacen/Boletim/M. Finan.";"BM12_VCDV12";"Depósitos à vista - velocidade de circulação - relação resgates / saldos";8;731
"787";"Mensal";"Macroeconômico";"Preços";"FGV/Conj. Econ.";"AGROAN12_PRTO12";"Preço médio - recebido pelo produtor - tomate - kg";8;731
"788";"Mensal";"Macroeconômico";"Preços";"FGV/Conj. Econ.";"AGROAN12_PRBUR12";"Preço médio - recebido pelo produtor - burro domado novo - cabeça";8;731
"789";"Mensal";"Macroeconômico";"Finanças públicas";"Bacen/Not. Imp./F. Púb.";"BM12_TPFE12";"Títulos públicos federais emitidos - responsabilidade do Tesouro Nacional - fim período";8;731
"790";"Mensal";"Macroeconômico";"Finanças públicas";"Bacen/Not. Imp./F. Púb.";"BM12_NFGFJRY12";"NFSP - gov. federal e Banco Central - juros reais - c/ desvalorização cambial - acum. 12 meses";8;731
"791";"Mensal";"Macroeconômico";"Preços";"Seab-PR";"DERAL12_PRBGO12";"Preço médio - recebido pelo agricultor - boi gordo - arroba - PR";8;731
"792";"Mensal";"Macroeconômico";"Preços";"Seab-PR";"DERAL12_ATQMZ12";"Preço médio - atacado - queijo mussarela (kg - PR)";8;731
"793";"Mensal";"Macroeconômico";"Comércio exterior";"Funcex/Séries antigas";"FUNCEX12_XVAUT12";"Exportações - setor: veículos automotores - (FOB)";8;731
"794";"Mensal";"Macroeconômico";"Balanço de pagamentos";"Bacen/BP (BPM5)";"BPN12_EMFNRU12";"Captação recursos externos - emprést. moeda - Res. nº 2.483 - financ. rural (Antiga metod. - BPM5)";8;731
"795";"Mensal";"Macroeconômico";"Balanço de pagamentos";"Bacen/BP (BPM5)";"BPN12_TURDES12";"Serviços e rendas - serviços - viagens internacionais - despesas (Antiga metod. - BPM5)";8;731
"796";"Mensal";"Macroeconômico";"Balanço de pagamentos";"Bacen/BP (BPM5)";"BPN12_FINIBOUT12";"Conta financeira - invest. brasil. - outros (Antiga metod. - BPM5)";8;731
"797";"Mensal";"Macroeconômico";"Moeda e crédito";"Bacen/Not. Imp./Moeda";"BM12_DEPOUCN12";"M2 - depósitos em poupança - fim período - novo conceito";8;731
"798";"Mensal";"Macroeconômico";"Moeda e crédito";"Bacen/Not. Imp./Moeda";"BM12_OPTFCN12";"M3 - oper. compromissadas com títulos federais - fim período - novo conceito";8;731
"799";"Mensal";"Macroeconômico";"Salário e renda";"IBGE/PME antiga";"PME12_RMIT12";"Rendimento médio do trabalho principal - indústria transformação - RMs";8;731
"800";"Mensal";"Macroeconômico";"Emprego";"IBGE/PME antiga";"PME12_POCEMP12";"População ocupada - empregador - RMs";8;731
"801";"Mensal";"Macroeconômico";"Finanças públicas";"MPS";"MPAS12_PREVRES12";"Fluxo de caixa da previdência - resultado de caixa";8;731
"802";"Mensal";"Macroeconômico";"Finanças públicas";"MPS";"MPAS12_PREVRECPR12";"Fluxo de caixa da previdência - recebimentos - próprios - total";7;772
"803";"Mensal";"Macroeconômico";"Moeda e crédito";"Bacen/Not. Imp./Moeda";"BM12_FCRB12";"Fatores condicionantes da base monetária - variação da base monetária - reservas bancárias";7;772
"804";"Mensal";"Macroeconômico";"Salário e renda";"IBGE/PME antiga";"PME12_RMCP12";"Rendimento médio do trabalho principal - conta própria - RMs";7;772
"805";"Mensal";"Macroeconômico";"Moeda e crédito";"Bacen/Not. Imp./Moeda";"BM12_DCRN12";"M0 - base monetária ampliada - depósitos compulsórios não remunerados - média";7;772
"806";"Mensal";"Macroeconômico";"Moeda e crédito";"Bacen/Not. Imp./Moeda";"BM12_DEPOU12";"M3 - depósitos em poupança - fim período";7;772
"807";"Mensal";"Macroeconômico";"Balanço de pagamentos";"Bacen/BP (BPM5)";"BPN12_FINIOUT12";"Conta financeira - invest. - outros (Antiga metod. - BPM5)";7;772
"808";"Mensal";"Macroeconômico";"Balanço de pagamentos";"Bacen/BP (BPM5)";"BPN12_EMFNIM12";"Captação recursos externos - emprést. moeda - Res. nº 2.170 - financ. Imob. (Antiga metod. - BPM5)";7;772
"809";"Mensal";"Macroeconômico";"Balanço de pagamentos";"Bacen/BP (BPM5)";"BPN12_EMFR1012";"Captação recursos externos - emprést. moeda - Comunicado Firce nº 10 (Antiga metod. - BPM5)";7;772
"810";"Mensal";"Macroeconômico";"Balanço de pagamentos";"Bacen/BP (BPM5)";"BPN12_PGAEXP12";"Captação de recursos externos - pagamentos antecipados de exportação (Antiga metod. - BPM5)";7;772
"811";"Mensal";"Macroeconômico";"Balanço de pagamentos";"Bacen/BP (BPM5)";"BPN12_FINIDB12";"Conta financeira - invest. diretos - brasil. no exterior - saldo (Antiga metod. - BPM5)";7;772
"812";"Mensal";"Macroeconômico";"Balanço de pagamentos";"Bacen/BP (BPM5)";"BPN12_EMRE6312";"Captação recursos externos - emprést. moeda - Resolução nº 63 (Antiga metod. - BPM5)";7;772
"813";"Mensal";"Macroeconômico";"Comércio exterior";"Funcex/Séries antigas";"FUNCEX12_MDVTEXT12";"Importações - setor: têxtil - (FOB)";7;772
"814";"Mensal";"Macroeconômico";"Comércio exterior";"Funcex/Séries antigas";"FUNCEX12_XVTEXT12";"Exportações - setor: têxtil - (FOB)";7;772
"815";"Mensal";"Macroeconômico";"Comércio exterior";"Funcex/Séries antigas";"FUNCEX12_XVCAL12";"Exportações - setor: calçados - (FOB)";7;772
"816";"Mensal";"Macroeconômico";"Preços";"Seab-PR";"DERAL12_PRLECO12";"Preço médio - recebido pelo agricultor - leite - litro - PR";7;772
"817";"Mensal";"Macroeconômico";"Preços";"Seab-PR";"DERAL12_ATALP12";"Preço médio - atacado - algodão (em pluma) - arroba - PR";7;772
"818";"Mensal";"Macroeconômico";"Preços";"Seab-PR";"DERAL12_PRMI12";"Preço médio - recebido pelo agricultor - milho - 60 kg - PR";7;772
"819";"Mensal";"Macroeconômico";"Preços";"Seab-PR";"DERAL12_ATARPO12";"Preço médio - atacado - arroz (polido tipo 1) - 30 kg - PR";7;772
"820";"Mensal";"Macroeconômico";"Finanças públicas";"Bacen/Not. Imp./F. Púb.";"BM12_OTNBC12";"Títulos públicos federais - carteira do Banco Central - OTN - fim período";7;772
"821";"Mensal";"Macroeconômico";"Finanças públicas";"Bacen/Not. Imp./F. Púb.";"BM12_NFEEPY12";"NFSP - estatais - primário - c/ desvalorização cambial - acum. 12 meses";7;772
"822";"Mensal";"Macroeconômico";"Finanças públicas";"Bacen/Not. Imp./F. Púb.";"BM12_DEXEEN12";"Dívida externa - estatais - líquida";7;772
"823";"Mensal";"Macroeconômico";"Finanças públicas";"Bacen/Not. Imp./F. Púb.";"BM12_DINEEN12";"Dívida interna - estatais - líquida";7;772
"824";"Mensal";"Macroeconômico";"Finanças públicas";"Bacen/Not. Imp./F. Púb.";"BM12_LFTFBC12";"Títulos públicos federais - fora do BC - Tesouro Nacional - LFT - fim período";7;772
"825";"Mensal";"Macroeconômico";"Consumo e vendas";"Eletrobras";"ELETRO12_CEENO12";"Consumo - energia elétrica - Região Norte (N) - qde.";7;772
"826";"Mensal";"Macroeconômico";"Preços";"FGV/Conj. Econ.";"AGROAN12_PRCC12";"Preço médio - recebido pelo produtor - coco - unidade";7;772
"827";"Mensal";"Macroeconômico";"Preços";"FGV/Conj. Econ.";"AGROAN12_PRPI12";"Preço médio - recebido pelo produtor - pimenta do reino - kg";7;772
"828";"Mensal";"Macroeconômico";"Preços";"FGV/Conj. Econ.";"AGROAN12_PRAM12";"Preço médio - recebido pelo produtor - amendoim (em casca) - kg";7;772
"829";"Mensal";"Macroeconômico";"Preços";"FGV/Conj. Econ.";"AGROAN12_PRSUI12";"Preço médio - recebido pelo produtor - suínos (em corte) - 15 kg";7;772
"830";"Mensal";"Macroeconômico";"Preços";"FGV/Conj. Econ.";"AGROAN12_PRCA12";"Preço médio - recebido pelo produtor - cacau - 15 kg";7;772
"831";"Mensal";"Macroeconômico";"Preços";"FGV/Conj. Econ.";"AGROAN12_PRCE12";"Preço médio - recebido pelo produtor - cebola - kg";7;772
"832";"Mensal";"Macroeconômico";"Economia internacional";"Valor Econômico";"VALOR12_TNOTES1012";"taxa de juros - T-Note (10 anos)";7;772
"833";"Mensal";"Macroeconômico";"Moeda e crédito";"Bacen/Boletim/M. Finan.";"BM12_RPOU12";"Depósitos de poupança - resgates no mês";7;772
"834";"Mensal";"Macroeconômico";"Financeiras";"Bacen/Boletim/M. Finan.";"BM12_TJTBAN12";"Taxa de juros - TBAN";7;772
"835";"Mensal";"Macroeconômico";"Financeiras";"Bacen/Boletim/M. Finan.";"BM12_RNFI9012";"Fundo de investimento - FIF - 90 dias - rendimento nominal";7;772
"836";"Mensal";"Macroeconômico";"Financeiras";"Bacen/Boletim/M. Finan.";"BM12_RNFRF12";"Fundo de investimento - FRF - rendimento nominal";7;772
"837";"Mensal";"Macroeconômico";"Comércio exterior";"MDIC/SECEX";"SECEX12_XMAARG12";"Exportações - produtos manufaturados - destino: Argentina - (FOB)";7;772
"838";"Mensal";"Macroeconômico";"Finanças públicas";"Min. Fazenda/STN";"STN12_DBPREV12";"Execução financeira - despesas - liberações ordinárias - benefícios previdenciários";7;772
"839";"Mensal";"Macroeconômico";"Finanças públicas";"Min. Fazenda/STN";"STN12_NFDOUT12";"NFSP - gov. central - despesa total - cust. e cap. - outras despesas";7;772
"840";"Mensal";"Macroeconômico";"Finanças públicas";"Min. Fazenda/STN";"STN12_NFRTOT12";"NFSP - gov. central - receita total";7;772
"841";"Mensal";"Macroeconômico";"Finanças públicas";"Min. Fazenda/STN";"STN12_NFDCC12";"NFSP - gov. central - despesa total - cust. e cap. - total";7;772
"842";"Mensal";"Macroeconômico";"Consumo e vendas";"Eletros";"ELET12_FERRO12";"Vendas industriais - ferros automáticos - qde.";7;772
"843";"Mensal";"Macroeconômico";"Economia internacional";"FMI/IFS";"IFS12_TJINT3MEURO12";"taxa de juros - interbancária - maturidade 3 meses";7;772
"844";"Mensal";"Macroeconômico";"Economia internacional";"FMI/IFS";"IFS12_TJFFEUA12";"taxa de juros - fundos federais";7;772
"845";"Mensal";"Macroeconômico";"Economia internacional";"FMI/IFS";"IFS12_TJTBEUA12";"taxa de juros - Notas do Tesouro";7;772
"846";"Mensal";"Macroeconômico";"Finanças públicas";"Min. Fazenda/Cotepe";"CONFAZ12_IPVA12";"Imposto sobre a propriedade de veículos automotores (IPVA)";7;772
"847";"Mensal";"Macroeconômico";"Comércio exterior";"Funcex";"FUNCEX12_XPS12";"Exportações - produtos semi-manufaturados - preços - índice (média 2006 = 100)";7;772
"848";"Mensal";"Macroeconômico";"Comércio exterior";"Funcex";"FUNCEX12_XPCOMB12";"Exportações - combustíveis - preços - índice (média 2006 = 100) (série antiga)";7;772
"849";"Mensal";"Macroeconômico";"Comércio exterior";"Funcex";"FUNCEX12_XVS12";"Exportações - produtos semi-manufaturados - (FOB)";7;772
"850";"Mensal";"Macroeconômico";"Comércio exterior";"Funcex";"FUNCEX12_XR12";"Exportações - rentabilidade - índice (dez. 2003 = 100)";7;772
"851";"Mensal";"Macroeconômico";"Comércio exterior";"Funcex";"FUNCEX12_MDQBCND12";"Importações - bens de consumo não duráveis - quantum - índice (média 2006 = 100) (série antiga)";7;772
"852";"Mensal";"Macroeconômico";"Comércio exterior";"Funcex";"FUNCEX12_MDQBCD12";"Importações - bens de consumo duráveis - quantum - índice (média 2006 = 100) (série antiga)";7;772
"853";"Mensal";"Macroeconômico";"Preços";"Fipe";"FIPE12_FIPE0002";"IPC - grupo: habitação - RMSP - var.";7;772
"854";"Mensal";"Macroeconômico";"Preços";"Fipe";"FIPE12_FIPEQ2G12";"Inflação - IPC -2ª quadrissemana (FIPE)";7;772
"855";"Mensal";"Macroeconômico";"Preços";"Fipe";"FIPE12_FIPE0553";"IPC - grupo: educação - RMSP - var.";7;772
"856";"Mensal";"Macroeconômico";"Preços";"FGV/Conj. Econ. - IGP antigo";"IGP12_IPA0825";"IPA-OG - vestuário (exceto malharia) - índice (ago. 1994 = 100)";7;772
"857";"Mensal";"Macroeconômico";"Preços";"FGV/Conj. Econ. - IGP antigo";"IGP12_IPA0418";"IPA-OG - oleaginosas - índice (ago. 1994 = 100)";7;772
"858";"Mensal";"Macroeconômico";"Preços";"FGV/Conj. Econ. - IGP antigo";"IGP12_IPA1406";"IPA-OG - bebidas alcoólicas - índice (ago. 1994 = 100)";7;772
"859";"Mensal";"Macroeconômico";"Preços";"FGV/Conj. Econ. - IGP antigo";"IGP12_IPA1538";"IPA-OG - sal, rações e outros - índice (ago. 1994 = 100)";7;772
"860";"Mensal";"Macroeconômico";"Preços";"FGV/Conj. Econ. - IGP antigo";"IGP12_IPA0426";"IPA-OG - raízes e tubérculos - índice (ago. 1994 = 100)";7;772
"861";"Mensal";"Macroeconômico";"Finanças públicas";"Min. Fazenda/SRF";"SRF12_CPSS12";"Contribuição para o plano de seguridade social do servidor (CPSS) - receita bruta";7;772
"862";"Mensal";"Macroeconômico";"Finanças públicas";"Min. Fazenda/SRF";"SRF12_IOFOUTL12";"Imposto sobre operações financeiras (IOF) - demais operações - receita líquida";7;772
"863";"Mensal";"Macroeconômico";"Finanças públicas";"IPEA";"GAMMA12_IMPINAR12";"Imposto inflacionário - real - método 1A";7;772
"864";"Mensal";"Macroeconômico";"Economia internacional";"Economist";"ECONMI12_USBC12";"balança comercial - saldo (mês)";7;772
"865";"Mensal";"Macroeconômico";"Economia internacional";"Economist";"ECONMI12_USPPG12";"preços ao produtor - var. em 12 meses";7;772
"866";"Mensal";"Macroeconômico";"Economia internacional";"Economist";"ECONMI12_JPBCY12";"balança comercial - saldo (acum. 12 meses)";7;772
"867";"Mensal";"Macroeconômico";"Economia internacional";"Economist";"ECONMI12_ALBCY12";"balança comercial - saldo (acum. 12 meses)";7;772
"868";"Mensal";"Macroeconômico";"Economia internacional";"Economist";"ECONMI12_USPIG12";"produção industrial - var. em 12 meses";7;772
"869";"Mensal";"Macroeconômico";"Economia internacional";"Economist";"ECONMI12_EUROCCY12";"balanço - conta corrente - saldo (acum. 12 meses)";6;839
"870";"Mensal";"Macroeconômico";"Economia internacional";"Economist";"ECONMI12_JPRI12";"reservas internacionais";6;839
"871";"Mensal";"Macroeconômico";"Finanças públicas";"IPEA";"GAMMA12_IMPINBN12";"Imposto inflacionário - método 1B";6;839
"872";"Mensal";"Macroeconômico";"Finanças públicas";"Min. Fazenda/SRF";"SRF12_IRPFL12";"Imposto sobre a renda (IR) - pessoas físicas - total - receita líquida";6;839
"873";"Mensal";"Macroeconômico";"Finanças públicas";"Min. Fazenda/SRF";"SRF12_IRPJ12";"Imposto sobre a renda (IR) - pessoas jurídicas - total - receita bruta";6;839
"874";"Mensal";"Macroeconômico";"Preços";"FGV/Conj. Econ. - IGP antigo";"IGP12_IPA0639";"IPA-OG - material de transporte - outros - índice (ago. 1994 = 100)";6;839
"875";"Mensal";"Macroeconômico";"Preços";"FGV/Conj. Econ. - IGP antigo";"IGP12_IPA0817";"IPA-OG - malharia - índice (ago. 1994 = 100)";6;839
"876";"Mensal";"Macroeconômico";"Preços";"FGV/Conj. Econ. - IGP antigo";"IGP12_IPAUD12";"IPA-DI - utilidades domésticas - índice (ago. 1994 = 100)";6;839
"877";"Mensal";"Macroeconômico";"Preços";"FGV/Conj. Econ. - IGP antigo";"IGP12_IPA0681";"IPA-OG - mobiliário - outros - índice (ago. 1994 = 100)";6;839
"878";"Mensal";"Macroeconômico";"Preços";"FGV/Conj. Econ. - IGP antigo";"IGP12_IPA1457";"IPA-OG - farinhas e derivados - índice (ago. 1994 = 100)";6;839
"879";"Mensal";"Macroeconômico";"Preços";"FGV/Conj. Econ. - IGP antigo";"IGP12_IPA0442";"IPA-OG - lavouras para exportação - índice (ago. 1994 = 100)";6;839
"880";"Mensal";"Macroeconômico";"Preços";"FGV/Conj. Econ. - IGP antigo";"IGP12_IPAMPB12";"IPA-DI - matérias-primas brutas - índice (ago. 1994 = 100)";6;839
"881";"Mensal";"Macroeconômico";"Preços";"FGV/Conj. Econ. - IGP antigo";"IGP12_IPA0841";"IPA-OG - tecidos, vestuário e calçados - outros - índice (ago. 1994 = 100)";6;839
"882";"Mensal";"Macroeconômico";"Preços";"FGV/Conj. Econ. - IGP antigo";"IGP12_ICVSPB12";"IPC - serviços setor público - índice (ago. 1994 = 100) - RJ";6;839
"883";"Mensal";"Macroeconômico";"Produção";"Anfavea";"ANFAVE12_QCAMIN12";"Produção - caminhões - montados e desmontados - qde.";6;839
"884";"Mensal";"Macroeconômico";"Preços";"FGV/Conj. Econ. - IGP antigo";"IGP12_IPA0401";"IPA-OG - fibras vegetais - índice (ago. 1994 = 100)";6;839
"885";"Mensal";"Macroeconômico";"Preços";"FGV/Conj. Econ. - IGP antigo";"IGP12_IPA0779";"IPA-OG - química - outros - índice (ago. 1994 = 100)";6;839
"886";"Mensal";"Macroeconômico";"Preços";"FGV/Conj. Econ. - IGP antigo";"IGP12_IPABCDO12";"IPA-DI - bens de consumo duráveis - outros - índice (ago. 1994 = 100)";6;839
"887";"Mensal";"Macroeconômico";"Preços";"Fipe";"FIPE12_FIPE0482";"IPC - grupo: saúde - RMSP - var.";6;839
"888";"Mensal";"Macroeconômico";"Preços";"Fipe";"FIPE12_FIPE0516";"IPC - grupo: vestuário - RMSP - var.";6;839
"889";"Mensal";"Macroeconômico";"Produção";"IBGE/PIM-PF antiga";"PIMPF12_QIMOB12";"Produção industrial - mobiliário - quantum - índice (média 1991 = 100)";6;839
"890";"Mensal";"Macroeconômico";"Comércio exterior";"Funcex";"FUNCEX12_MDQCOMB12";"Importações - combustíveis - quantum - índice (média 2006 = 100) (série antiga)";6;839
"891";"Mensal";"Macroeconômico";"Comércio exterior";"Funcex";"FUNCEX12_XQS12";"Exportações - produtos semi-manufaturados - quantum - índice (média 2006 = 100)";6;839
"892";"Mensal";"Macroeconômico";"Comércio exterior";"Funcex";"FUNCEX12_XPBI12";"Exportações - bens intermediários - preços - índice (média 2006 = 100) (série antiga)";6;839
"893";"Mensal";"Macroeconômico";"Comércio exterior";"Funcex";"FUNCEX12_MDVBCND12";"Importações - bens de consumo não duráveis - (FOB) (série antiga)";6;839
"894";"Mensal";"Macroeconômico";"Finanças públicas";"Min. Fazenda/Cotepe";"CONFAZ12_ICMSCE12";"Imposto sobre a circulação de mercadorias (ICMS) - Ceará (CE)";6;839
"895";"Mensal";"Macroeconômico";"Finanças públicas";"Min. Fazenda/Cotepe";"CONFAZ12_OUT12";"Imposto - outros";6;839
"896";"Mensal";"Macroeconômico";"Economia internacional";"FMI/IFS";"IFS12_CAMBALE12";"taxa de câmbio - marco alemão / US$ - média";6;839
"897";"Mensal";"Macroeconômico";"Consumo e vendas";"Eletros";"ELET12_TOST12";"Vendas industriais - tostadores - qde.";6;839
"898";"Mensal";"Macroeconômico";"Economia internacional";"FMI/IFS";"IFS12_IPCJAP12";"IPC - índice (média 2005 = 100)";6;839
"899";"Mensal";"Macroeconômico";"Economia internacional";"FMI/IFS";"IFS12_EUATCNE12";"taxa de câmbio - efetiva - índice (média 2005 = 100)";6;839
"900";"Mensal";"Macroeconômico";"Finanças públicas";"Min. Fazenda/STN";"STN12_NFDBEM12";"NFSP - gov. central - despesa total - benefícios previdenciários";6;839
"901";"Mensal";"Macroeconômico";"Finanças públicas";"Min. Fazenda/STN";"STN12_NFRPBC12";"NFSP - gov. central - resultado primário gov. federal - Banco Central";6;839
"902";"Mensal";"Macroeconômico";"Consumo e vendas";"Fecomercio SP";"FCESP12_LOJDEPR12";"Comércio - lojas de departamento - faturamento real - índice (média 1998 = 100) - RMSP";6;839
"903";"Mensal";"Macroeconômico";"Consumo e vendas";"Fecomercio SP";"FCESP12_FARM12";"Comércio - farmácias e perfumarias - faturamento - índice (média 1998 = 100) - RMSP";6;839
"904";"Mensal";"Macroeconômico";"Preços";"FGV/Conj. Econ.";"AGROAN12_PROVO12";"Preço médio - recebido pelo produtor - ovo - dúzia";6;839
"905";"Mensal";"Macroeconômico";"Preços";"FGV/Conj. Econ.";"AGROAN12_PRMM12";"Preço médio - recebido pelo produtor - mamona - kg";6;839
"906";"Mensal";"Macroeconômico";"Câmbio";"Bacen/Boletim/BP";"BM12_CFCC12";"Câmbio contratado - financeiro - compra";6;839
"907";"Mensal";"Macroeconômico";"Câmbio";"Bacen/Boletim/BP";"BM12_VFCC12";"Câmbio contratado - financeiro - venda";6;839
"908";"Mensal";"Macroeconômico";"Consumo e vendas";"Eletrobras";"ELETRO12_CEECO12";"Consumo - energia elétrica - Região Centro-Oeste (CO) - qde.";6;839
"909";"Mensal";"Macroeconômico";"Finanças públicas";"Bacen/Not. Imp./F. Púb.";"BM12_NTN12";"Títulos públicos federais emitidos - responsabilidade do Tesouro Nacional - NTN - fim período";6;839
"910";"Mensal";"Macroeconômico";"Finanças públicas";"Bacen/Not. Imp./F. Púb.";"BM12_NFEEJNY12";"NFSP - estatais - juros nominais - c/ desvalorização cambial - acum. 12 meses";6;839
"911";"Mensal";"Macroeconômico";"Finanças públicas";"Bacen/Not. Imp./F. Púb.";"BM12_NFGFNN12";"NFSP - gov. federal e Banco Central - nominal - c/ desvalorização cambial";6;839
"912";"Mensal";"Macroeconômico";"Finanças públicas";"Bacen/Not. Imp./F. Púb.";"BM12_NFEEJNNA12";"NFSP - estatais - juros nominais - c/ desvalorização cambial - acum. 12 meses";6;839
"913";"Mensal";"Macroeconômico";"Finanças públicas";"Bacen/Not. Imp./F. Púb.";"BM12_TPFOUT12";"Títulos - federais - indexados - outros - fim período";6;839
"914";"Mensal";"Macroeconômico";"Finanças públicas";"Bacen/Not. Imp./F. Púb.";"BM12_NFGFPN12";"NFSP - gov. federal e Banco Central - primário  - c/ desvalorização cambial";6;839
"915";"Mensal";"Macroeconômico";"Preços";"Seab-PR";"DERAL12_ATALC12";"Preço médio - atacado - algodão (em caroço) - arroba - PR";6;839
"916";"Mensal";"Macroeconômico";"Comércio exterior";"Funcex/Séries antigas";"FUNCEX12_XVCAFE12";"Exportações - setor: café - (FOB)";6;839
"917";"Mensal";"Macroeconômico";"Balanço de pagamentos";"Bacen/BP (BPM5)";"BPN12_FINIDBCDES12";"Conta financeira - invest. brasil. carteira - despesas (Antiga metod. - BPM5)";6;839
"918";"Mensal";"Macroeconômico";"Balanço de pagamentos";"Bacen/BP (BPM5)";"BPN12_FINIDBC12";"Conta financeira - invest. brasil. carteira - saldo (Antiga metod. - BPM5)";6;839
"919";"Mensal";"Macroeconômico";"Balanço de pagamentos";"Bacen/BP (BPM5)";"BPN12_SERDES12";"Serviços e rendas - despesas (Antiga metod. - BPM5)";6;839
"920";"Mensal";"Macroeconômico";"Balanço de pagamentos";"Bacen/BP (BPM5)";"BPN12_FINIDEDES12";"Conta financeira - invest. diretos - estrang. no país - saídas (Antiga metod. - BPM5)";6;839
"921";"Mensal";"Macroeconômico";"Balanço de pagamentos";"Bacen/BP (BPM5)";"BPN12_FINIDBPKDES12";"Conta financeira - invest. diretos - brasil. no ext. - partic. capital - saídas (Antiga metod. - BPM";6;839
"922";"Mensal";"Macroeconômico";"Balanço de pagamentos";"Bacen/BP (BPM5)";"BPN12_STF12";"Conta capital e financeira - conta financeira (Antiga metod. - BPM5)";6;839
"923";"Mensal";"Macroeconômico";"Balanço de pagamentos";"Bacen/BP (BPM5)";"BPN12_TUNREC12";"Transferências unilaterais correntes - receitas (Antiga metod. - BPM5)";6;839
"924";"Mensal";"Macroeconômico";"Moeda e crédito";"Bacen/Not. Imp./Moeda";"BM12_FCTN12";"Fatores condicionantes da base monetária - Tesouro Nacional";6;839
"925";"Mensal";"Macroeconômico";"Moeda e crédito";"Bacen/Not. Imp./Moeda";"BM12_TPFM12";"M0 - base monetária ampliada - títulos federais - média";6;839
"926";"Mensal";"Macroeconômico";"Moeda e crédito";"Bacen/Not. Imp./Moeda";"BM12_FCOTPF12";"Fatores condicionantes da base monetária - oper. com títulos públicos federais";6;839
"927";"Mensal";"Macroeconômico";"Moeda e crédito";"Bacen/Not. Imp./Moeda";"BM12_TIPRINCN12";"M2 - títulos privados - fim período - novo conceito";6;839
"928";"Mensal";"Macroeconômico";"Moeda e crédito";"Bacen/Not. Imp./Moeda";"BM12_FRFCN12";"M3 - quotas de fundos de renda fixa - fim período - novo conceito";6;839
"929";"Mensal";"Macroeconômico";"Moeda e crédito";"Bacen/Not. Imp./Moeda";"BM12_DCNR12";"M0 - base monetária ampliada - depósitos compulsórios não remunerados - fim período";5;899
"930";"Mensal";"Macroeconômico";"Moeda e crédito";"Bacen/Not. Imp./Moeda";"BM12_DCRM12";"M0 - base monetária ampliada - depósitos compulsórios remunerados - média";5;899
"931";"Mensal";"Macroeconômico";"Finanças públicas";"Bacen/Not. Imp./Moeda";"BM12_LC12";"Letras de câmbio";5;899
"932";"Mensal";"Macroeconômico";"Moeda e crédito";"Bacen/Not. Imp./Moeda";"BM12_DEPOUCNY12";"M2 - depósitos em poupança - fim período - novo conceito";5;899
"933";"Mensal";"Macroeconômico";"Moeda e crédito";"Bacen/Not. Imp./Moeda";"BM12_DCR12";"M0 - base monetária ampliada - depósitos compulsórios remunerados - fim período";5;899
"934";"Mensal";"Macroeconômico";"Moeda e crédito";"Bacen/Not. Imp./Moeda";"BM12_FCOSE12";"Fatores condicionantes da base monetária - oper. do setor externo";5;899
"935";"Mensal";"Macroeconômico";"Finanças públicas";"MPS";"MPAS12_DINSST12";"Fluxo de caixa da previdência - despesas - INSS - Total";5;899
"936";"Mensal";"Macroeconômico";"Balanço de pagamentos";"Bacen/BP (BPM5)";"BPN12_IEDREC12";"Conta financeira - invest. diretos - estrang. no país - partic. capital - ingressos (Antiga metod. -";5;899
"937";"Mensal";"Macroeconômico";"Balanço de pagamentos";"Bacen/BP (BPM5)";"BPN12_FINIDBDES12";"Conta financeira - invest. diretos - brasil. no ext. - saídas (Antiga metod. - BPM5)";5;899
"938";"Mensal";"Macroeconômico";"Balanço de pagamentos";"Bacen/BP (BPM5)";"BPN12_FINIDECRFC12";"Conta financeira - invest. estrang. carteira - tít. renda fixa - commercial papers (Antiga metod. -";5;899
"939";"Mensal";"Macroeconômico";"Preços";"IBGE/SNIPC";"PRECOS12_INPCCO12";"INPC - comunicação - var.";5;899
"940";"Mensal";"Macroeconômico";"Comércio exterior";"Funcex/Séries antigas";"FUNCEX12_MDVCAL12";"Importações - setor: calçados - (FOB)";5;899
"941";"Mensal";"Macroeconômico";"Comércio exterior";"Funcex/Séries antigas";"FUNCEX12_XVBOR12";"Exportações - setor: borracha - (FOB)";5;899
"942";"Mensal";"Macroeconômico";"Comércio exterior";"Funcex/Séries antigas";"FUNCEX12_MDVQUIM12";"Importações - setor: elementos químicos - (FOB)";5;899
"943";"Mensal";"Macroeconômico";"Preços";"Seab-PR";"DERAL12_ATFTRE12";"Preço médio - atacado - farinha de trigo - especial - kg - PR";5;899
"944";"Mensal";"Macroeconômico";"Preços";"Seab-PR";"DERAL12_ATFEP12";"Preço médio - atacado - feijão preto - 30 kg - PR";5;899
"945";"Mensal";"Macroeconômico";"Preços";"Seab-PR";"DERAL12_PRCCO12";"Preço médio - recebido pelo agricultor - café (em coco) -  kg / renda - PR";5;899
"946";"Mensal";"Macroeconômico";"Preços";"Seab-PR";"DERAL12_ATOLR12";"Preço médio - atacado - óleo de soja - refinado - 20 latas - PR";5;899
"947";"Mensal";"Macroeconômico";"Emprego";"Dieese";"DIEESE12_GRVHP";"Trabalhadores / hora parados - não ajustados";5;899
"948";"Mensal";"Macroeconômico";"Emprego";"Dieese";"DIEESE12_GRVC";"Número de greves - contadas";5;899
"949";"Mensal";"Macroeconômico";"Finanças públicas";"Bacen/Not. Imp./F. Púb.";"BM12_NFEMJNNA12";"NFSP - estados e municípios - juros nominais - c/ desvalorização cambial - acum. 12 meses";5;899
"950";"Mensal";"Macroeconômico";"Finanças públicas";"Bacen/Not. Imp./F. Púb.";"BM12_DEMCIRR12";"Dívida interna - pública - estadual e municipal - títulos emitidos - em circulação - fim período";5;899
"951";"Mensal";"Macroeconômico";"Finanças públicas";"Bacen/Not. Imp./F. Púb.";"BM12_NFGFJNN12";"NFSP - gov. federal e Banco Central - juros nominais - c/ desvalorização cambial";5;899
"952";"Mensal";"Macroeconômico";"Finanças públicas";"Bacen/Not. Imp./F. Púb.";"BM12_NFEEPNA12";"NFSP - estatais - primário - c/ desvalorização cambial - acum. 12 meses";5;899
"953";"Mensal";"Macroeconômico";"Finanças públicas";"Bacen/Not. Imp./F. Púb.";"BM12_DIVEOU12";"Dívida interna - pública - estadual - títulos emitidos - demais estados - fim período";5;899
"954";"Mensal";"Macroeconômico";"Finanças públicas";"Bacen/Not. Imp./F. Púb.";"BM12_NFSPJRY12";"NFSP - setor público - juros reais - c/ desvalorização cambial - acum. 12 meses";5;899
"955";"Mensal";"Macroeconômico";"Finanças públicas";"Bacen/Not. Imp./F. Púb.";"BM12_DINEMN12";"Dívida interna - estados e municípios - líquida";5;899
"956";"Mensal";"Macroeconômico";"Finanças públicas";"Bacen/Not. Imp./F. Púb.";"BM12_TPFPREMA12";"Títulos - federais - indexados a índice de correção pré-fixado - mercado aberto - fim período";5;899
"957";"Mensal";"Macroeconômico";"Finanças públicas";"Bacen/Not. Imp./F. Púb.";"BM12_NFGFPY12";"NFSP - gov. federal e Banco Central - primário - c/ desvalorização cambial - acum. 12 meses";5;899
"958";"Mensal";"Macroeconômico";"Preços";"FGV/Conj. Econ.";"AGROAN12_PRJU12";"Preço médio - recebido pelo produtor - juta - kg";5;899
"959";"Mensal";"Macroeconômico";"Economia internacional";"Valor Econômico";"VALOR12_TNOTES512";"taxa de juros - T-Note (5 anos)";5;899
"960";"Mensal";"Macroeconômico";"Economia internacional";"Valor Econômico";"VALOR12_TNOTES212";"taxa de juros - T-Note (2 anos)";5;899
"961";"Mensal";"Macroeconômico";"Consumo e vendas";"ANP";"ANP12_CODP12";"Consumo aparente - derivados de petróleo - outros - média - qde./dia";5;899
"962";"Mensal";"Macroeconômico";"Financeiras";"Bacen/Boletim/M. Finan.";"BM12_RNEM12";"Fundo extramercado - rendimento nominal";5;899
"963";"Mensal";"Macroeconômico";"Financeiras";"Bacen/Boletim/M. Finan.";"BM12_RNFIFCP12";"Fundo de investimento - FIF - curto prazo - rendimento nominal";5;899
"964";"Mensal";"Macroeconômico";"Comércio exterior";"MDIC/SECEX";"SECEX12_XVTRES12";"Exportações - fator agregado - transações especiais - (FOB)";5;899
"965";"Mensal";"Macroeconômico";"Comércio exterior";"MDIC/SECEX";"SECEX12_XMAALE12";"Exportações - produtos manufaturados - destino: Alemanha - (FOB)";5;899
"966";"Mensal";"Macroeconômico";"Finanças públicas";"Min. Fazenda/STN";"STN12_NFRPGFTN12";"NFSP - gov. central - resultado primário gov. federal - Tesouro Nacional";5;899
"967";"Mensal";"Macroeconômico";"Finanças públicas";"Min. Fazenda/STN";"STN12_REGDIV12";"Execução financeira do Tesouro Nacional - renegociação da dívida externa e aquisição de garantias";5;899
"968";"Mensal";"Macroeconômico";"Finanças públicas";"Min. Fazenda/STN";"STN12_NFTEML12";"NFSP - gov. central - transf. estados e municípios - Lei Complementar nº 87/96";5;899
"969";"Mensal";"Macroeconômico";"Finanças públicas";"Min. Fazenda/STN";"STN12_NFTEMOUT12";"NFSP - gov. central - transf. estados e municípios - demais";5;899
"970";"Mensal";"Macroeconômico";"Finanças públicas";"Min. Fazenda/STN";"STN12_NFRPGCTOT12";"NFSP - gov. central - resultado primário do gov. central (abaixo da linha)";5;899
"971";"Mensal";"Macroeconômico";"Economia internacional";"FMI/IFS";"IFS12_IPCEURO12";"IPC - índice (média 2005 = 100)";5;899
"972";"Mensal";"Macroeconômico";"Economia internacional";"FMI/IFS";"IFS12_TJTB3MEUA12";"taxa de juros - Notas do Tesouro - maturidade 3 meses";5;899
"973";"Mensal";"Macroeconômico";"Economia internacional";"FMI/IFS";"IFS12_TJMMCHI12";"taxa de juros - money market";5;899
"974";"Mensal";"Macroeconômico";"Economia internacional";"FMI/IFS";"IFS12_TJGBY3AEUA12";"taxa de juros - bônus governamental - maturidade 3 anos";5;899
"975";"Mensal";"Macroeconômico";"Economia internacional";"FMI/IFS";"IFS12_MWIND12";"importações";5;899
"976";"Mensal";"Macroeconômico";"Economia internacional";"FMI/IFS";"IFS12_TJOVERUK12";"taxa de juros - interbancária mínima - over";5;899
"977";"Mensal";"Macroeconômico";"Moeda e crédito";"Anbima";"ANBIMA12_IBVRJ12";"Índice de ações - IBV - fechamento";5;899
"978";"Mensal";"Macroeconômico";"Finanças públicas";"Min. Fazenda/Cotepe";"CONFAZ12_ICMSRS12";"Imposto sobre a circulação de mercadorias (ICMS) - Rio Grande do Sul (RS)";5;899
"979";"Mensal";"Macroeconômico";"Finanças públicas";"Min. Fazenda/Cotepe";"CONFAZ12_ICMSAC12";"Imposto sobre a circulação de mercadorias (ICMS) - Acre (AC)";5;899
"980";"Mensal";"Macroeconômico";"Comércio exterior";"Funcex";"FUNCEX12_MDPCOMB12";"Importações - combustíveis - preços - índice (média 2006 = 100) (série antiga)";5;899
"981";"Mensal";"Macroeconômico";"Comércio exterior";"Funcex";"FUNCEX12_XPBCND12";"Exportações - bens de consumo não duráveis - preços - índice (média 2006 = 100) (série antiga)";5;899
"982";"Mensal";"Macroeconômico";"Comércio exterior";"Funcex";"FUNCEX12_MDVBCD12";"Importações - bens de consumo duráveis - (FOB) (série antiga)";5;899
"983";"Mensal";"Macroeconômico";"Comércio exterior";"Funcex";"FUNCEX12_MDVCOMB12";"Importações - combustíveis - (FOB) (série antiga)";5;899
"984";"Mensal";"Macroeconômico";"Preços";"Fipe";"FIPE12_FIPE0379Q1";"IPC - grupo: despesas pessoais - 1ª quadrissemana - RMSP - var.";5;899
"985";"Mensal";"Macroeconômico";"Preços";"FGV/Conj. Econ. - IGP antigo";"IGP12_IPA1481";"IPA-OG - café e estimulantes - índice (ago. 1994 = 100)";5;899
"986";"Mensal";"Macroeconômico";"Preços";"FGV/Conj. Econ. - IGP antigo";"IGP12_IPA1491";"IPA-OG - produtos alimentares de origem vegetal - outros - índice (ago. 1994 = 100)";5;899
"987";"Mensal";"Macroeconômico";"Finanças públicas";"Min. Fazenda/SRF";"SRF12_CSLLL12";"Contribuição social sobre o lucro líquido (CSLL) - total - receita líquida";5;899
"988";"Mensal";"Macroeconômico";"Finanças públicas";"Min. Fazenda/SRF";"SRF12_PISPRIL12";"Contribuição - PIS / Pasep - principal - receita líquida";5;899
"989";"Mensal";"Macroeconômico";"Finanças públicas";"Min. Fazenda/SRF";"SRF12_COFINSPRIL12";"Contribuição - Finsocial / Cofins - principal - receita líquida";5;899
"990";"Mensal";"Macroeconômico";"Finanças públicas";"Min. Fazenda/SRF";"SRF12_REFIS12";"Refis";5;899
"991";"Mensal";"Macroeconômico";"Finanças públicas";"Min. Fazenda/SRF";"SRF12_COFINSL12";"Contribuição - Finsocial / Cofins - total - receita líquida";5;899
"992";"Mensal";"Macroeconômico";"Finanças públicas";"IPEA";"GAMMA12_IMPINCN12";"Imposto inflacionário - método 2A";5;899
"993";"Mensal";"Macroeconômico";"Economia internacional";"Economist";"ECONMI12_USPCG312";"preços ao consumidor - var. trimestral anualiz.";5;899
"994";"Mensal";"Macroeconômico";"Economia internacional";"Bacen/Boletim/Intern.";"BM12_LIBORY12";"Taxa de juros - Libor / iene japonês - média";5;899
"995";"Mensal";"Macroeconômico";"Economia internacional";"Economist";"ECONMI12_JPBC12";"balança comercial - saldo (mês)";4;965
"996";"Mensal";"Macroeconômico";"Economia internacional";"Economist";"ECONMI12_ALPCG12";"preços ao consumidor - var. em 12 meses";4;965
"997";"Mensal";"Macroeconômico";"Economia internacional";"Economist";"ECONMI12_EUROPIG12";"produção industrial - var. em 12 meses";4;965
"998";"Mensal";"Macroeconômico";"Economia internacional";"Economist";"ECONMI12_JPPIG12";"produção industrial - var. em 12 meses";4;965
"999";"Mensal";"Macroeconômico";"Economia internacional";"Economist";"ECONMI12_USWG12";"salário - var. em 12 meses";4;965
"1000";"Mensal";"Macroeconômico";"Economia internacional";"Economist";"ECONMI12_ALRI12";"reservas internacionais";4;965
"1001";"Mensal";"Macroeconômico";"Finanças públicas";"Min. Fazenda/SRF";"SRF12_ITRL12";"Imposto sobre a propriedade territorial rural (ITR) - receita líquida";4;965
"1002";"Mensal";"Macroeconômico";"Finanças públicas";"Min. Fazenda/SRF";"SRF12_CPSSL12";"Contribuição para o plano de seguridade social do servidor (CPSS) - receita líquida";4;965
"1003";"Mensal";"Macroeconômico";"Finanças públicas";"Min. Fazenda/SRF";"SRF12_IRRFL12";"Imposto sobre a renda (IR) - retido nas fontes - total - receita líquida";4;965
"1004";"Mensal";"Macroeconômico";"Finanças públicas";"Min. Fazenda/SRF";"SRF12_PAES12";"Pagamento unificado (PAES)";4;965
"1005";"Mensal";"Macroeconômico";"Preços";"FGV/Conj. Econ. - IGP antigo";"IGP12_IPA1449";"IPA-OG - produtos alimentares de origem vegetal - índice (ago. 1994 = 100)";4;965
"1006";"Mensal";"Macroeconômico";"Comércio exterior";"Funcex";"FUNCEX12_XVBCD12";"Exportações - bens de consumo duráveis - (FOB) (série antiga)";4;965
"1007";"Mensal";"Macroeconômico";"Finanças públicas";"Min. Fazenda/Cotepe";"CONFAZ12_ICMSPB12";"Imposto sobre a circulação de mercadorias (ICMS) - Paraíba (PB)";4;965
"1008";"Mensal";"Macroeconômico";"Finanças públicas";"Min. Fazenda/Cotepe";"CONFAZ12_ICMSRN12";"Imposto sobre a circulação de mercadorias (ICMS) - Rio Grande do Norte (RN)";4;965
"1009";"Mensal";"Macroeconômico";"Finanças públicas";"Min. Fazenda/Cotepe";"CONFAZ12_ICMSPI12";"Imposto sobre a circulação de mercadorias (ICMS) - Piauí (PI)";4;965
"1010";"Mensal";"Macroeconômico";"Finanças públicas";"Min. Fazenda/Cotepe";"CONFAZ12_ICMSMA12";"Imposto sobre a circulação de mercadorias (ICMS) - Maranhão (MA)";4;965
"1011";"Mensal";"Macroeconômico";"Finanças públicas";"Min. Fazenda/Cotepe";"CONFAZ12_ICMSSE12";"Imposto sobre a circulação de mercadorias (ICMS) - Sergipe (SE)";4;965
"1012";"Mensal";"Macroeconômico";"Economia internacional";"FMI/IFS";"IFS12_TJOVERCAN12";"taxa de juros - mercado interbancário - over";4;965
"1013";"Mensal";"Macroeconômico";"Economia internacional";"FMI/IFS";"IFS12_IPAESP12";"IPA - índice (média 2005 = 100)";4;965
"1014";"Mensal";"Macroeconômico";"Economia internacional";"FMI/IFS";"IFS12_TJCALLALE12";"taxa de juros - call money";4;965
"1015";"Mensal";"Macroeconômico";"Economia internacional";"FMI/IFS";"IFS12_IPCUK12";"IPC - índice (média 2005 = 100)";4;965
"1016";"Mensal";"Macroeconômico";"Economia internacional";"FMI/IFS";"IFS12_CAMBURU12";"taxa de câmbio - peso uruguaio / US$ - média";4;965
"1017";"Mensal";"Macroeconômico";"Consumo e vendas";"Eletros";"ELET12_CONSERV12";"Vendas industriais - congeladores e conservadores horizontais - qde.";4;965
"1018";"Mensal";"Macroeconômico";"Finanças públicas";"Min. Fazenda/STN";"STN12_RFBC12";"Execução financeira - financiamento - resultado Tesouro/Bacen - rec. do Bacen - resultado do Bacen";4;965
"1019";"Mensal";"Macroeconômico";"Finanças públicas";"Min. Fazenda/STN";"STN12_DOOC12";"Execução financeira - despesas - liberações ordinárias - opererações oficiais de crédito";4;965
"1020";"Mensal";"Macroeconômico";"Finanças públicas";"Min. Fazenda/STN";"STN12_RLPREV12";"Execução financeira - receitas - arrecadação líquida da previdência social";4;965
"1021";"Mensal";"Macroeconômico";"Finanças públicas";"Min. Fazenda/STN";"STN12_DOVN12";"Execução financeira - despesas - liberações vinculadas - outras vinculações";4;965
"1022";"Mensal";"Macroeconômico";"Comércio exterior";"MDIC/SECEX";"SECEX12_MVOTMB12";"Importações - outras (FOB)";4;965
"1023";"Mensal";"Macroeconômico";"Financeiras";"Bacen/Boletim/M. Finan.";"BM12_RNFI3012";"Fundo de investimento - FIF - 30 dias - rendimento nominal";4;965
"1024";"Mensal";"Macroeconômico";"Preços";"Conab/IE";"DEPAE12_ATBOI12";"Preço médio - atacado - bovinos - traseiro - kg - SP";4;965
"1025";"Mensal";"Macroeconômico";"Consumo e vendas";"Fecomercio SP";"FCESP12_UTIDOM12";"Comércio - lojas de utilidades domésticas - faturamento - índice (média 1998 = 100) - RMSP";4;965
"1026";"Mensal";"Macroeconômico";"Consumo e vendas";"Fecomercio SP";"FCESP12_COMSAU12";"Comércio - exceto concessionárias - faturamento - índice (média 1998 = 100) - RMSP";4;965
"1027";"Mensal";"Macroeconômico";"Consumo e vendas";"Fecomercio SP";"FCESP12_SEMIDU12";"Comércio - bens semi-duráveis - faturamento - índice (média 1998 = 100) - RMSP";4;965
"1028";"Mensal";"Macroeconômico";"Consumo e vendas";"Fecomercio SP";"FCESP12_CINECD12";"Comércio - cine, foto, som, ótica e CD - faturamento - índice (média 1998 = 100) - RMSP";4;965
"1029";"Mensal";"Macroeconômico";"Consumo e vendas";"Fecomercio SP";"FCESP12_COMSAUR12";"Comércio - exceto concessionárias - faturamento real - índice (média 1998 = 100) - RMSP";4;965
"1030";"Mensal";"Macroeconômico";"Financeiras";"Valor Econômico";"VALOR12_GLOBAL4012";"Bônus global República (40) - spread";4;965
"1031";"Mensal";"Macroeconômico";"Financeiras";"Valor Econômico";"VALOR12_GLOBAL2412";"Bônus global República (24) - spread";4;965
"1032";"Mensal";"Macroeconômico";"Preços";"FGV/Conj. Econ.";"AGROAN12_PRLA12";"Preço médio - recebido pelo produtor - lã - 15 kg";4;965
"1033";"Mensal";"Macroeconômico";"Preços";"FGV/Conj. Econ.";"AGROAN12_PRVAC12";"Preço médio - recebido pelo produtor - vaca leiteira comum - cabeça";4;965
"1034";"Mensal";"Macroeconômico";"Preços";"FGV/Conj. Econ.";"AGROAN12_PRML12";"Preço médio - recebido pelo produtor - malva - kg";4;965
"1035";"Mensal";"Macroeconômico";"Preços";"FGV/Conj. Econ.";"AGROAN12_PRVAR12";"Preço médio - recebido pelo produtor - vaca leiteira de raça - cabeça";4;965
"1036";"Mensal";"Macroeconômico";"Preços";"FGV/Conj. Econ.";"AGROAN12_PRBAT12";"Preço médio - recebido pelo produtor - batata inglesa - kg";4;965
"1037";"Mensal";"Macroeconômico";"Finanças públicas";"Bacen/Not. Imp./F. Púb.";"BM12_NFEMNN12";"NFSP - estados e municípios - nominal - c/ desvalorização cambial";4;965
"1038";"Mensal";"Macroeconômico";"Finanças públicas";"Bacen/Not. Imp./F. Púb.";"BM12_NFGFJRN12";"NFSP - gov. federal e Banco Central - juros reais - c/ desvalorização cambial";4;965
"1039";"Mensal";"Macroeconômico";"Finanças públicas";"Bacen/Not. Imp./F. Púb.";"BM12_NFEMJRN12";"NFSP - estados e municípios - juros reais - c/ desvalorização cambial";4;965
"1040";"Mensal";"Macroeconômico";"Finanças públicas";"Bacen/Not. Imp./F. Púb.";"BM12_TPFLPMA12";"Títulos - federais - indexados à TJLP - mercado aberto - fim período";4;965
"1041";"Mensal";"Macroeconômico";"Preços";"Seab-PR";"DERAL12_PRALC12";"Preço médio - recebido pelo agricultor - algodão (em caroço) - arroba - PR";4;965
"1042";"Mensal";"Macroeconômico";"Preços";"Seab-PR";"DERAL12_ATFRC12";"Preço médio - atacado - frango congelado - kg - PR";4;965
"1043";"Mensal";"Macroeconômico";"Finanças públicas";"Bacen/Not. Imp./F. Púb.";"BM12_DIPEM12";"Dívida interna - pública - estadual e municipal - títulos emitidos - fim período";4;965
"1044";"Mensal";"Macroeconômico";"Comércio exterior";"Funcex/Séries antigas";"FUNCEX12_XVPET12";"Exportações - setor: refino de petróleo - (FOB)";4;965
"1045";"Mensal";"Macroeconômico";"Comércio exterior";"Funcex/Séries antigas";"FUNCEX12_MDVVEST12";"Importações - setor: artigos de vestuário - (FOB)";4;965
"1046";"Mensal";"Macroeconômico";"Balanço de pagamentos";"Bacen/BP (BPM5)";"BPN12_SERRID12";"Serviços e rendas - rendas - renda de investimentos diretos - saldo (Antiga metod. - BPM5)";4;965
"1047";"Mensal";"Macroeconômico";"Balanço de pagamentos";"Bacen/BP (BPM5)";"BPN12_FINIDBCREC12";"Conta financeira - invest. brasil. carteira - receitas (Antiga metod. - BPM5)";4;965
"1048";"Mensal";"Macroeconômico";"Balanço de pagamentos";"Bacen/BP (BPM5)";"BPN12_EMSEC12";"Captação recursos externos - emprést. moeda - securitização (Antiga metod. - BPM5)";4;965
"1049";"Mensal";"Macroeconômico";"Balanço de pagamentos";"Bacen/BP (BPM5)";"BPN12_IEDL12";"Conta financeira - invest. diretos - estrang. no país - partic. capital - saldo (Antiga metod. - BPM";4;965
"1050";"Mensal";"Macroeconômico";"Balanço de pagamentos";"Bacen/BP (BPM5)";"BPN12_SERS12";"Serviços e rendas - serviços - saldo (Antiga metod. - BPM5)";4;965
"1051";"Mensal";"Macroeconômico";"Balanço de pagamentos";"Bacen/BP (BPM5)";"BPN12_LUDREC12";"Serviços e rendas - rendas - lucros e dividendos - receitas (Antiga metod. - BPM5)";4;965
"1052";"Mensal";"Macroeconômico";"Finanças públicas";"MPS";"MPAS12_RTUCOTA12";"Fluxo de caixa da previdência - recebimentos - transferências da União - cota da previdência";4;965
"1053";"Mensal";"Macroeconômico";"Finanças públicas";"MPS";"MPAS12_RPRAF12";"Fluxo de caixa da previdência - recebimentos - rendimentos de aplicações financeiras";4;965
"1054";"Mensal";"Macroeconômico";"Finanças públicas";"MPS";"MPAS12_PREVRB12";"Fluxo de caixa da previdência - resultado entre receita e benefícios";4;965
"1055";"Mensal";"Macroeconômico";"Finanças públicas";"MPS";"MPAS12_RTUCONFINS12";"Fluxo de caixa da previdência - recebimentos - transferências da União - Cofins / LOAS";4;965
"1056";"Mensal";"Macroeconômico";"Finanças públicas";"Caixa Econômica Federal";"FED12_FGTS12";"Fundo de garantia por tempo de serviço (FGTS) - arrecadação bruta";4;965
"1057";"Mensal";"Macroeconômico";"Moeda e crédito";"Bacen/Not. Imp./Moeda";"BM12_TBCF12";"M0 - base monetária ampliada - títulos do Banco Central - financiamento - fim período";4;965
"1058";"Mensal";"Macroeconômico";"Moeda e crédito";"Bacen/Not. Imp./Moeda";"BM12_M0AN12";"M0 - base monetária ampliada - fim período";4;965
"1059";"Mensal";"Macroeconômico";"Moeda e crédito";"Bacen/Not. Imp./Moeda";"BM12_HM12";"Haveres - monetários - fim período";4;965
"1060";"Mensal";"Macroeconômico";"Moeda e crédito";"Bacen/Not. Imp./Moeda";"BM12_M2NCNY12";"M2 - fim período - novo conceito";4;965
"1061";"Mensal";"Macroeconômico";"Moeda e crédito";"Bacen/Not. Imp./Moeda";"BM12_M4N12";"M4 - fim período";4;965
"1062";"Mensal";"Macroeconômico";"Moeda e crédito";"Bacen/Not. Imp./Moeda";"BM12_DEVO12";"Depósitos à vista - fora do Banco do Brasil";4;965
"1063";"Mensal";"Macroeconômico";"Moeda e crédito";"Bacen/Not. Imp./Moeda";"BM12_FCODA12";"Fatores condicionantes da base monetária - oper. com derivativos - ajustes";3;1033
"1064";"Mensal";"Macroeconômico";"Moeda e crédito";"Bacen/Not. Imp./Moeda";"BM12_TIPRINCNY12";"M2 - títulos privados - fim período - novo conceito";3;1033
"1065";"Mensal";"Macroeconômico";"Moeda e crédito";"Bacen/Not. Imp./Moeda";"BM12_M4NCNY12";"M4 - fim período - novo conceito";3;1033
"1066";"Mensal";"Macroeconômico";"Moeda e crédito";"Bacen/Not. Imp./Moeda";"BM12_HNMBC12";"Haveres - monetários - inclui títulos em poder do BC - fim período";3;1033
"1067";"Mensal";"Macroeconômico";"Finanças públicas";"Bacen/Not. Imp./Moeda";"BM12_LI12";"Letras imobiliárias ou hipotecárias";3;1033
"1068";"Mensal";"Macroeconômico";"Moeda e crédito";"Bacen/Not. Imp./Moeda";"BM12_TTN12";"M0 - base monetária ampliada - títulos do Tesouro Nacional - fim período";3;1033
"1069";"Mensal";"Macroeconômico";"Moeda e crédito";"Bacen/Not. Imp./Moeda";"BM12_TTNCM12";"M0 - base monetária ampliada - títulos do Tesouro Nacional - carteira - média";3;1033
"1070";"Mensal";"Macroeconômico";"Moeda e crédito";"Bacen/Not. Imp./Moeda";"BM12_TTNC12";"M0 - base monetária ampliada - títulos do Tesouro Nacional - carteira - fim período";3;1033
"1071";"Mensal";"Macroeconômico";"Moeda e crédito";"Bacen/Not. Imp./Moeda";"BM12_FCAFIN12";"Fatores condicionantes da base monetária - oper. de redesconto do BC";3;1033
"1072";"Mensal";"Macroeconômico";"Moeda e crédito";"Bacen/Not. Imp./Moeda";"BM12_TPF12";"M0 - base monetária ampliada - títulos federais - fim período";3;1033
"1073";"Mensal";"Macroeconômico";"Moeda e crédito";"Bacen/Not. Imp./Moeda";"BM12_OPTFCNY12";"M3 - oper. compromissadas com títulos federais - fim período - novo conceito";3;1033
"1074";"Mensal";"Macroeconômico";"Finanças públicas";"MPS";"MPAS12_DINSSBEN12";"Fluxo de caixa da previdência - despesas - INSS - benefícios provisionados";3;1033
"1075";"Mensal";"Macroeconômico";"Balanço de pagamentos";"Bacen/BP (BPM5)";"BPN12_FINIDEC12";"Conta financeira - invest. estrang. carteira - saldo (Antiga metod. - BPM5)";3;1033
"1076";"Mensal";"Macroeconômico";"Balanço de pagamentos";"Bacen/BP (BPM5)";"BPN12_LSAL12";"Captação de recursos externos - leasing e aluguel (Antiga metod. - BPM5)";3;1033
"1077";"Mensal";"Macroeconômico";"Balanço de pagamentos";"Bacen/BP (BPM5)";"BPN12_FINIDEE12";"Conta financeira - invest. diretos - estrang. no país - emprést. Intercom. (Antiga metod. - BPM5)";3;1033
"1078";"Mensal";"Macroeconômico";"Comércio exterior";"Funcex/Séries antigas";"FUNCEX12_XVOAL12";"Exportações - setor: outros produtos alimentares - (FOB)";3;1033
"1079";"Mensal";"Macroeconômico";"Comércio exterior";"Funcex/Séries antigas";"FUNCEX12_MDVEQP12";"Importações - setor: equipamentos eletrônicos - (FOB)";3;1033
"1080";"Mensal";"Macroeconômico";"Comércio exterior";"Funcex/Séries antigas";"FUNCEX12_XVQUIM12";"Exportações - setor: elementos químicos - (FOB)";3;1033
"1081";"Mensal";"Macroeconômico";"Comércio exterior";"Funcex/Séries antigas";"FUNCEX12_MDVOPM12";"Importações - setor: outros produtos metalúrgicos - (FOB)";3;1033
"1082";"Mensal";"Macroeconômico";"Salário e renda";"IBGE/Pimes";"PIMES12_HPMIND12";"Horas pagas - média - indústria geral - índice (jan. 2001 = 100)";3;1033
"1083";"Mensal";"Macroeconômico";"Finanças públicas";"Bacen/Not. Imp./F. Púb.";"BM12_NFEMON12";"NFSP - estados e municípios - operacional - c/ desvalorização cambial";3;1033
"1084";"Mensal";"Macroeconômico";"Finanças públicas";"Bacen/Not. Imp./F. Púb.";"BM12_LTNBC12";"Títulos públicos federais - carteira do Banco Central - LTN - fim período";3;1033
"1085";"Mensal";"Macroeconômico";"Finanças públicas";"Bacen/Not. Imp./F. Púb.";"BM12_NFEEJRN12";"NFSP - estatais - juros reais - c/ desvalorização cambial";3;1033
"1086";"Mensal";"Macroeconômico";"Finanças públicas";"Bacen/Not. Imp./F. Púb.";"BM12_NFGFJNY12";"NFSP - gov. federal e Banco Central - juros nominais - c/ desvalorização cambial - acum. 12 meses";3;1033
"1087";"Mensal";"Macroeconômico";"Finanças públicas";"Bacen/Not. Imp./F. Púb.";"BM12_NFEEJNN12";"NFSP - estatais - juros nominais - c/ desvalorização cambial";3;1033
"1088";"Mensal";"Macroeconômico";"Finanças públicas";"Bacen/Not. Imp./F. Púb.";"BM12_NFEMPNA12";"NFSP - estados e municípios - primário - c/ desvalorização cambial - acum. 12 meses";3;1033
"1089";"Mensal";"Macroeconômico";"Finanças públicas";"Bacen/Not. Imp./F. Púb.";"BM12_NFSPNNA12";"NFSP - setor público - nominal - c/ desvalorização cambial - acum. 12 meses";3;1033
"1090";"Mensal";"Macroeconômico";"Finanças públicas";"Bacen/Not. Imp./F. Púb.";"BM12_NFSPJNNA12";"NFSP - setor público - juros nominais - c/ desvalorização cambial - acum. 12 meses";3;1033
"1091";"Mensal";"Macroeconômico";"Finanças públicas";"Bacen/Not. Imp./F. Púb.";"BM12_BBCFBC12";"Títulos públicos federais - fora do BC - Banco Central - BBC - fim período";3;1033
"1092";"Mensal";"Macroeconômico";"Preços";"Seab-PR";"DERAL12_ATFECU12";"Preço médio - atacado - fécula - 25 kg - PR";3;1033
"1093";"Mensal";"Macroeconômico";"Preços";"Conab/IE";"DEPAE12_ATFECO12";"Preço médio - atacado - feijão de cor - 60 kg - SP";3;1033
"1094";"Mensal";"Macroeconômico";"Preços";"Conab/IE";"DEPAE12_ATSUIN12";"Preço médio - atacado - suínos - kg - SP";3;1033
"1095";"Mensal";"Macroeconômico";"Moeda e crédito";"Bacen/Boletim/M. Finan.";"BM12_RFIFM12";"Fundo de investimento - FIF - curto prazo - média";3;1033
"1096";"Mensal";"Macroeconômico";"Moeda e crédito";"Bacen/Boletim/M. Finan.";"BM12_RDPM12";"Depósitos a prazo - média";3;1033
"1097";"Mensal";"Macroeconômico";"Finanças públicas";"Min. Fazenda/STN";"STN12_NFDE12";"NFSP - gov. central - discrepância estatística";3;1033
"1098";"Mensal";"Macroeconômico";"Finanças públicas";"Min. Fazenda/STN";"STN12_NFDSFR12";"NFSP - gov. central - despesa total - cust. e cap. - subs. subv. - fundos reg.";3;1033
"1099";"Mensal";"Macroeconômico";"Produção";"IBS/ES";"IBSES12_PLEVE12";"Produção - perfis leves - qde.";3;1033
"1100";"Mensal";"Macroeconômico";"Economia internacional";"FMI/IFS";"IFS12_TJBANKACMEX12";"taxa de juros - aceites bancários";3;1033
"1101";"Mensal";"Macroeconômico";"Economia internacional";"FMI/IFS";"IFS12_TJCALLFRA12";"taxa de juros - call money";3;1033
"1102";"Mensal";"Macroeconômico";"Economia internacional";"FMI/IFS";"IFS12_TJMMITA12";"taxa de juros - money market";3;1033
"1103";"Mensal";"Macroeconômico";"Economia internacional";"FMI/IFS";"IFS12_IPAEURO12";"IPA - índice (média 2005 = 100)";3;1033
"1104";"Mensal";"Macroeconômico";"Economia internacional";"FMI/IFS";"IFS12_IPCCHIN12";"IPC";3;1033
"1105";"Mensal";"Macroeconômico";"Economia internacional";"FMI/IFS";"IFS12_BEEFP12";"Commodities - carne  - cotação internacional";3;1033
"1106";"Mensal";"Macroeconômico";"Economia internacional";"FMI/IFS";"IFS12_TJMMCOR12";"taxa de juros - money market";3;1033
"1107";"Mensal";"Macroeconômico";"Economia internacional";"FMI/IFS";"IFS12_TJCALLPAR12";"taxa de juros - money market";3;1033
"1108";"Mensal";"Macroeconômico";"Economia internacional";"FMI/IFS";"IFS12_IPAFRA12";"IPA - industrial - índice (média 2005 = 100)";3;1033
"1109";"Mensal";"Macroeconômico";"Economia internacional";"FMI/IFS";"IFS12_IPAPAR12";"IPA - índice (média 2005 = 100)";3;1033
"1110";"Mensal";"Macroeconômico";"Finanças públicas";"Min. Fazenda/Cotepe";"CONFAZ12_ICMSBA12";"Imposto sobre a circulação de mercadorias (ICMS) - Bahia (BA)";3;1033
"1111";"Mensal";"Macroeconômico";"Finanças públicas";"Min. Fazenda/Cotepe";"CONFAZ12_ICMSAM12";"Imposto sobre a circulação de mercadorias (ICMS) - Amazonas (AM)";3;1033
"1112";"Mensal";"Macroeconômico";"Finanças públicas";"Min. Fazenda/Cotepe";"CONFAZ12_ICMSTO12";"Imposto sobre a circulação de mercadorias (ICMS) - Tocantins (TO)";3;1033
"1113";"Mensal";"Macroeconômico";"Finanças públicas";"Min. Fazenda/Cotepe";"CONFAZ12_ICMSRO12";"Imposto sobre a circulação de mercadorias (ICMS) - Rondônia (RO)";3;1033
"1114";"Mensal";"Macroeconômico";"Finanças públicas";"Min. Fazenda/Cotepe";"CONFAZ12_ICMSRJ12";"Imposto sobre a circulação de mercadorias (ICMS) - Rio de Janeiro (RJ)";3;1033
"1115";"Mensal";"Macroeconômico";"Finanças públicas";"Min. Fazenda/Cotepe";"CONFAZ12_ICMSAP12";"Imposto sobre a circulação de mercadorias (ICMS) - Amapá (AP)";3;1033
"1116";"Mensal";"Macroeconômico";"Comércio exterior";"Funcex";"FUNCEX12_XVBI12";"Exportações - bens intermediários - (FOB) (série antiga)";3;1033
"1117";"Mensal";"Macroeconômico";"Preços";"FGV/Conj. Econ. - IGP antigo";"IGP12_ICVSPE12";"IPC - serviços pessoais - índice (ago. 1994 = 100) - RJ";3;1033
"1118";"Mensal";"Macroeconômico";"Preços";"FGV/Conj. Econ. - IGP antigo";"IGP12_ICVAL12";"IPC - alimentação - índice (ago. 1994 = 100) - RJ";3;1033
"1119";"Mensal";"Macroeconômico";"Finanças públicas";"Min. Fazenda/SRF";"SRF12_IIOUT12";"Imposto sobre a importação (II) - demais produtos - receita bruta";3;1033
"1120";"Mensal";"Macroeconômico";"Finanças públicas";"Min. Fazenda/SRF";"SRF12_IPIFU12";"Imposto sobre produtos industrializados (IPI) - fumo - receita bruta";3;1033
"1121";"Mensal";"Macroeconômico";"Finanças públicas";"Min. Fazenda/SRF";"SRF12_IPIVI12";"Imposto sobre produtos industrializados (IPI) - vinculado à importação - receita bruta";3;1033
"1122";"Mensal";"Macroeconômico";"Finanças públicas";"Min. Fazenda/SRF";"SRF12_IFCXL12";"Incentivos fiscais - caixa - receita líquida";3;1033
"1123";"Mensal";"Macroeconômico";"Finanças públicas";"Min. Fazenda/SRF";"SRF12_IPIBEB12";"Imposto sobre produtos industrializados (IPI) - bebidas - receita bruta";3;1033
"1124";"Mensal";"Macroeconômico";"Preços";"Fipe";"FIPE12_FIPE0348Q1";"IPC - grupo: transportes - 1ª quadrissemana - RMSP - var.";3;1033
"1125";"Mensal";"Macroeconômico";"Preços";"Fipe";"FIPE12_FIPE0002Q1";"IPC - grupo: habitação - 1ª quadrissemana - RMSP - var.";3;1033
"1126";"Mensal";"Macroeconômico";"Preços";"Fipe";"FIPE12_FIPE0516Q1";"IPC - grupo: vestuário - 1ª quadrissemana - RMSP - var.";3;1033
"1127";"Mensal";"Macroeconômico";"Economia internacional";"Economist";"ECONMI12_USPIG312";"produção industrial - var. trimestral anualiz.";3;1033
"1128";"Mensal";"Macroeconômico";"Economia internacional";"Economist";"ECONMI12_EUROPCG12";"preços ao consumidor - var. em 12 meses";3;1033
"1129";"Mensal";"Macroeconômico";"Economia internacional";"Economist";"ECONMI12_EUROPPG12";"preços ao produtor - var. em 12 meses";3;1033
"1130";"Mensal";"Macroeconômico";"Economia internacional";"Economist";"ECONMI12_EUROBC12";"balança comercial - saldo (mês)";2;1100
"1131";"Mensal";"Macroeconômico";"Economia internacional";"Economist";"ECONMI12_ALWG12";"salário - var. em 12 meses";2;1100
"1132";"Mensal";"Macroeconômico";"Economia internacional";"Economist";"ECONMI12_JPCCY12";"balanço - conta corrente - saldo (acum. 12 meses)";2;1100
"1133";"Mensal";"Macroeconômico";"Economia internacional";"Economist";"ECONMI12_CABCY12";"balança comercial - saldo (acum. 12 meses)";2;1100
"1134";"Mensal";"Macroeconômico";"Economia internacional";"Economist";"ECONMI12_JPPCG12";"preços ao consumidor - var. em 12 meses";2;1100
"1135";"Mensal";"Macroeconômico";"Economia internacional";"Economist";"ECONMI12_ALBC12";"balança comercial - saldo (mês)";2;1100
"1136";"Mensal";"Macroeconômico";"Economia internacional";"Economist";"ECONMI12_USRI12";"reservas internacionais";2;1100
"1137";"Mensal";"Macroeconômico";"Economia internacional";"Economist";"ECONMI12_CAPCG12";"preços ao consumidor - var. em 12 meses";2;1100
"1138";"Mensal";"Macroeconômico";"Preços";"Fipe";"FIPE12_FIPE0379";"IPC - grupo: despesas pessoais - RMSP - var.";2;1100
"1139";"Mensal";"Macroeconômico";"Preços";"Fipe";"FIPE12_FIPE0118Q1";"IPC - grupo: alimentação - 1ª quadrissemana - RMSP - var.";2;1100
"1140";"Mensal";"Macroeconômico";"Preços";"Fipe";"FIPE12_FIPE0516Q3";"IPC - grupo: vestuário - 3ª quadrissemana - RMSP - var.";2;1100
"1141";"Mensal";"Macroeconômico";"Preços";"Fipe";"FIPE12_FIPE0516Q2";"IPC - grupo: vestuário - 2ª quadrissemana - RMSP - var.";2;1100
"1142";"Mensal";"Macroeconômico";"Finanças públicas";"Min. Fazenda/SRF";"SRF12_IPIOUT12";"Imposto sobre produtos industrializados (IPI) - outros - receita bruta";2;1100
"1143";"Mensal";"Macroeconômico";"Finanças públicas";"Min. Fazenda/SRF";"SRF12_COFINSMULL12";"Contribuição - Finsocial / Cofins - multas - receita líquida";2;1100
"1144";"Mensal";"Macroeconômico";"Finanças públicas";"Min. Fazenda/SRF";"SRF12_IOFOUROL12";"Imposto sobre operações financeiras (IOF) - ouro - receita líquida";2;1100
"1145";"Mensal";"Macroeconômico";"Finanças públicas";"Min. Fazenda/SRF";"SRF12_IRRFOUT12";"Imposto sobre a renda (IR) - retido nas fontes - outros rendimentos - receita bruta";2;1100
"1146";"Mensal";"Macroeconômico";"Finanças públicas";"Min. Fazenda/SRF";"SRF12_PISMULL12";"Contribuição - PIS / Pasep - multas - receita líquida";2;1100
"1147";"Mensal";"Macroeconômico";"Finanças públicas";"Min. Fazenda/SRF";"SRF12_IRRFRT12";"Imposto sobre a renda (IR) - retido nas fontes - rendimento do trabalho - receita bruta";2;1100
"1148";"Mensal";"Macroeconômico";"Finanças públicas";"Min. Fazenda/SRF";"SRF12_CSLLMULL12";"Contribuição social sobre o lucro líquido (CSLL) - multas - receita líquida";2;1100
"1149";"Mensal";"Macroeconômico";"Finanças públicas";"Min. Fazenda/SRF";"SRF12_OUTREC12";"Outras receitas administradas - receita bruta";2;1100
"1150";"Mensal";"Macroeconômico";"Finanças públicas";"Min. Fazenda/SRF";"SRF12_IEMULL12";"Imposto sobre a exportação (IE) - multas - receita líquida";2;1100
"1151";"Mensal";"Macroeconômico";"Finanças públicas";"Min. Fazenda/SRF";"SRF12_IRRFRE12";"Imposto sobre a renda (IR) - retido nas fontes - rendimento de remessa p/ ext. - receita bruta";2;1100
"1152";"Mensal";"Macroeconômico";"Finanças públicas";"Min. Fazenda/SRF";"SRF12_OUTRECL12";"Outras receitas administradas - receita líquida";2;1100
"1153";"Mensal";"Macroeconômico";"Finanças públicas";"Min. Fazenda/Cotepe";"CONFAZ12_ICMSRR12";"Imposto sobre a circulação de mercadorias (ICMS) - Roraima (RR)";2;1100
"1154";"Mensal";"Macroeconômico";"Finanças públicas";"Min. Fazenda/Cotepe";"CONFAZ12_ICMSPR12";"Imposto sobre a circulação de mercadorias (ICMS) - Paraná (PR)";2;1100
"1155";"Mensal";"Macroeconômico";"Finanças públicas";"Min. Fazenda/Cotepe";"CONFAZ12_ICMSDF12";"Imposto sobre a circulação de mercadorias (ICMS) - Distrito Federal (DF)";2;1100
"1156";"Mensal";"Macroeconômico";"Finanças públicas";"Min. Fazenda/Cotepe";"CONFAZ12_ICMSSC12";"Imposto sobre a circulação de mercadorias (ICMS) - Santa Catarina (SC)";2;1100
"1157";"Mensal";"Macroeconômico";"Economia internacional";"FMI/IFS";"IFS12_IPMW12";"importações - índice de preços (média 2005 = 100)";2;1100
"1158";"Mensal";"Macroeconômico";"Economia internacional";"FMI/IFS";"IFS12_TJCALLESP12";"taxa de juros - call money";2;1100
"1159";"Mensal";"Macroeconômico";"Economia internacional";"FMI/IFS";"IFS12_CAMBPAR12";"taxa de câmbio - guarani paraguaio / US$ - média";2;1100
"1160";"Mensal";"Macroeconômico";"Economia internacional";"FMI/IFS";"IFS12_CAMBCHI12";"taxa de câmbio - peso chileno / US$ - média";2;1100
"1161";"Mensal";"Macroeconômico";"Economia internacional";"FMI/IFS";"IFS12_CAMBMEX12";"taxa de câmbio - peso novo mexicano / US$ - média";2;1100
"1162";"Mensal";"Macroeconômico";"Economia internacional";"FMI/IFS";"IFS12_IPAMEX12";"IPA - índice (média 2005 = 100)";2;1100
"1163";"Mensal";"Macroeconômico";"Economia internacional";"FMI/IFS";"IFS12_CAMBCAN12";"taxa de câmbio - dólar canadense / US$ - média";2;1100
"1164";"Mensal";"Macroeconômico";"Economia internacional";"FMI/IFS";"IFS12_IPACHI12";"IPA - índice (média 2005 = 100)";2;1100
"1165";"Mensal";"Macroeconômico";"Economia internacional";"FMI/IFS";"IFS12_EUROTCNE12";"taxa de câmbio - efetiva - índice (média 2005 = 100)";2;1100
"1166";"Mensal";"Macroeconômico";"Economia internacional";"FMI/IFS";"IFS12_IPCALE12";"IPC - índice (média 2005 = 100)";2;1100
"1167";"Mensal";"Macroeconômico";"Finanças públicas";"Min. Fazenda/STN";"STN12_NFDCCFATO12";"NFSP - gov. central - despesa total - cust. e cap. - FAT - demais";2;1100
"1168";"Mensal";"Macroeconômico";"Finanças públicas";"Min. Fazenda/STN";"STN12_RDISBB12";"Execução financeira do Tesouro Nacional - receitas - oper. ofic. créditos e remun. disponib. no BB";2;1100
"1169";"Mensal";"Macroeconômico";"Finanças públicas";"Min. Fazenda/STN";"STN12_RDBC12";"Execução financeira do Tesouro Nacional - remuneração de disponibilidades no BC";2;1100
"1170";"Mensal";"Macroeconômico";"Finanças públicas";"Min. Fazenda/STN";"STN12_NFRRTBI12";"NFSP - gov. central - receita total - Tesouro Nacional - bruta - impostos";2;1100
"1171";"Mensal";"Macroeconômico";"Finanças públicas";"Min. Fazenda/STN";"STN12_NFDS12";"NFSP - gov. central - despesa total - cust. e cap. - subs. subv. - total";2;1100
"1172";"Mensal";"Macroeconômico";"Finanças públicas";"Min. Fazenda/STN";"STN12_RDBB12";"Execução financeira - receitas - remuneração de disponibilidades no BB";2;1100
"1173";"Mensal";"Macroeconômico";"Finanças públicas";"Min. Fazenda/STN";"STN12_OTF12";"Execução financeira do Tesouro Nacional - oper. com títulos públicos federais";2;1100
"1174";"Mensal";"Macroeconômico";"Finanças públicas";"Min. Fazenda/STN";"STN12_RDE12";"Execução financeira - financiamento - receitas - oper. de créditos - outras";2;1100
"1175";"Mensal";"Macroeconômico";"Financeiras";"Bacen/Boletim/M. Finan.";"BM12_RNFI6012";"Fundo de investimento - FIF - 60 dias - rendimento nominal";2;1100
"1176";"Mensal";"Macroeconômico";"Moeda e crédito";"Bacen/Boletim/M. Finan.";"BM12_RFIF12";"Fundo de investimento - FIF - curto prazo - resgate no mês";2;1100
"1177";"Mensal";"Macroeconômico";"Comércio exterior";"MDIC/SECEX";"SECEX12_XMAJAP12";"Exportações - produtos manufaturados - destino: Japão - (FOB)";2;1100
"1178";"Mensal";"Macroeconômico";"Preços";"Seab-PR";"DERAL12_PRFEP12";"Preço médio - recebido pelo agricultor - feijão preto - 60 kg - PR";2;1100
"1179";"Mensal";"Macroeconômico";"Preços";"Seab-PR";"DERAL12_PRFRV12";"Preço médio - atacado - frango vivo - kg - PR";2;1100
"1180";"Mensal";"Macroeconômico";"Preços";"Seab-PR";"DERAL12_ATFRR12";"Preço médio - atacado - frango resfriado - kg - PR";2;1100
"1181";"Mensal";"Macroeconômico";"Preços";"Seab-PR";"DERAL12_ATFRM12";"Preço médio - atacado - milho (em farelo) - tonelada - PR";2;1100
"1182";"Mensal";"Macroeconômico";"Emprego";"Dieese";"DIEESE12_GRVNC";"Número de greves - não contadas";2;1100
"1183";"Mensal";"Macroeconômico";"Preços";"FGV/Conj. Econ. - IGP";"IGP12_IPCSNUCL12";"Nucleo - IPC-S";2;1100
"1184";"Mensal";"Macroeconômico";"Finanças públicas";"Bacen/Not. Imp./F. Púb.";"BM12_DIVMSP12";"Dívida interna - pública - municipal - títulos emitidos - SP - fim período";2;1100
"1185";"Mensal";"Macroeconômico";"Finanças públicas";"Bacen/Not. Imp./F. Púb.";"BM12_OTN12";"Títulos públicos federais emitidos - responsabilidade do Tesouro Nacional - OTN - fim período";2;1100
"1186";"Mensal";"Macroeconômico";"Finanças públicas";"Bacen/Not. Imp./F. Púb.";"BM12_NFSPJRNA12";"NFSP - setor público - juros reais - c/ desvalorização cambial - acum. 12 meses";2;1100
"1187";"Mensal";"Macroeconômico";"Finanças públicas";"Bacen/Not. Imp./F. Púb.";"BM12_NTNBC12";"Títulos públicos federais - carteira do Banco Central - NTN - fim período";2;1100
"1188";"Mensal";"Macroeconômico";"Finanças públicas";"Bacen/Not. Imp./F. Púb.";"BM12_TPFMA12";"Títulos - federais - operações - mercado aberto - fim período";2;1100
"1189";"Mensal";"Macroeconômico";"Finanças públicas";"Bacen/Not. Imp./F. Púb.";"BM12_LTN12";"Títulos públicos federais emitidos - responsabilidade do Tesouro Nacional - LTN - fim período";2;1100
"1190";"Mensal";"Macroeconômico";"Finanças públicas";"Bacen/Not. Imp./F. Púb.";"BM12_DIVMRJ12";"Dívida interna - pública - municipal - títulos emitidos - RJ - fim período";2;1100
"1191";"Mensal";"Macroeconômico";"Finanças públicas";"Bacen/Not. Imp./F. Púb.";"BM12_NFEENN12";"NFSP - estatais - nominal - c/ desvalorização cambial";2;1100
"1192";"Mensal";"Macroeconômico";"Finanças públicas";"Bacen/Not. Imp./F. Púb.";"BM12_TPFIPMA12";"Títulos - federais - indexados aos índices de preços - mercado aberto - fim período";2;1100
"1193";"Mensal";"Macroeconômico";"Finanças públicas";"Bacen/Not. Imp./F. Púb.";"BM12_NFEEOY12";"NFSP - estatais - operacional - c/ desvalorização cambial - acum. 12 meses";2;1100
"1194";"Mensal";"Macroeconômico";"Finanças públicas";"Bacen/Not. Imp./F. Púb.";"BM12_NFEEONA12";"NFSP - estatais - operacional - c/ desvalorização cambial - acum. 12 meses";2;1100
"1195";"Mensal";"Macroeconômico";"Finanças públicas";"Bacen/Not. Imp./F. Púb.";"BM12_NFEENY12";"NFSP - estatais - nominal - c/ desvalorização cambial - acum. 12 meses";2;1100
"1196";"Mensal";"Macroeconômico";"Finanças públicas";"Bacen/Not. Imp./F. Púb.";"BM12_NFGFPNA12";"NFSP - gov. federal e Banco Central - primário - c/ desvalorização cambial - acum. 12 meses";2;1100
"1197";"Mensal";"Macroeconômico";"Finanças públicas";"Bacen/Not. Imp./F. Púb.";"BM12_TPFBC12";"Títulos públicos federais - fora do BC - Banco Central - fim período";2;1100
"1198";"Mensal";"Macroeconômico";"Finanças públicas";"Bacen/Not. Imp./F. Púb.";"BM12_NFGFJNNA12";"NFSP - gov. federal e Banco Central - juros nominais - c/ desvalorização cambial - acum. 12 meses";2;1100
"1199";"Mensal";"Macroeconômico";"Finanças públicas";"Bacen/Not. Imp./F. Púb.";"BM12_NFEMOY12";"NFSP - estados e municípios - operacional - c/ desvalorização cambial - acum. 12 meses";2;1100
"1200";"Mensal";"Macroeconômico";"Finanças públicas";"Bacen/Not. Imp./F. Púb.";"BM12_NFEMNNA12";"NFSP - estados e municípios - nominal - c/ desvalorização cambial - acum. 12 meses";2;1100
"1201";"Mensal";"Macroeconômico";"Finanças públicas";"Bacen/Not. Imp./F. Púb.";"BM12_NFGFNY12";"NFSP - gov. federal e Banco Central - nominal - c/ desvalorização cambial - acum. 12 meses";2;1100
"1202";"Mensal";"Macroeconômico";"Comércio exterior";"Funcex/Séries antigas";"FUNCEX12_XVPAP12";"Exportações - setor: celulose, papel e gráfica - (FOB)";2;1100
"1203";"Mensal";"Macroeconômico";"Comércio exterior";"Funcex/Séries antigas";"FUNCEX12_XVMAD12";"Exportações - setor: madeira e mobiliário - (FOB)";2;1100
"1204";"Mensal";"Macroeconômico";"Comércio exterior";"Funcex/Séries antigas";"FUNCEX12_MDVBOR12";"Importações - setor: borracha - (FOB)";2;1100
"1205";"Mensal";"Macroeconômico";"Comércio exterior";"Funcex/Séries antigas";"FUNCEX12_XVQDIV12";"Exportações - setor: químicos diversos - (FOB)";2;1100
"1206";"Mensal";"Macroeconômico";"Comércio exterior";"Funcex/Séries antigas";"FUNCEX12_MDVABAT12";"Importações - setor: abate de animais - (FOB)";2;1100
"1207";"Mensal";"Macroeconômico";"Balanço de pagamentos";"Bacen/BP (BPM5)";"BPN12_SERSR12";"Serviços e rendas - serviços - royalties e licenças - saldo (Antiga metod. - BPM5)";2;1100
"1208";"Mensal";"Macroeconômico";"Balanço de pagamentos";"Bacen/BP (BPM5)";"BPN12_FINIDBPK12";"Conta financeira - invest. diretos - brasil. no ext. - partic. capital - saldo (Antiga metod. - BPM5";2;1100
"1209";"Mensal";"Macroeconômico";"Balanço de pagamentos";"Bacen/BP (BPM5)";"BPN12_FONINV12";"Usos e fontes - fontes - investimento - ações e papéis domésticos - longo prazo (Antiga metod. - BPM";2;1100
"1210";"Mensal";"Macroeconômico";"Balanço de pagamentos";"Bacen/BP (BPM5)";"BPN12_LUD12";"Serviços e rendas - rendas - lucros e dividendos - saldo (Antiga metod. - BPM5)";2;1100
"1211";"Mensal";"Macroeconômico";"Balanço de pagamentos";"Bacen/BP (BPM5)";"BPN12_IEDDES12";"Conta financeira - invest. diretos - estrang. no país - partic. capital - saídas (Antiga metod. - BP";2;1100
"1212";"Mensal";"Macroeconômico";"Balanço de pagamentos";"Bacen/BP (BPM5)";"BPN12_SERSOUT12";"Serviços e rendas - serviços - outros serviços - saldo (Antiga metod. - BPM5)";2;1100
"1213";"Mensal";"Macroeconômico";"Balanço de pagamentos";"Bacen/BP (BPM5)";"BPN12_FINDERDES12";"Conta financeira - derivativos - passivos (Antiga metod. - BPM5)";2;1100
"1214";"Mensal";"Macroeconômico";"Balanço de pagamentos";"Bacen/BP (BPM5)";"BPN12_FINIDBEREC12";"Conta financeira - invest. diretos - brasil. no ext. - emprést. intercom. - amort. (Antiga metod. -";2;1100
"1215";"Mensal";"Macroeconômico";"Balanço de pagamentos";"Bacen/BP (BPM5)";"BPN12_FINIDBREC12";"Conta financeira - invest. diretos - brasil. no ext. - retornos (Antiga metod. - BPM5)";2;1100
"1216";"Mensal";"Macroeconômico";"Balanço de pagamentos";"Bacen/BP (BPM5)";"BPN12_TRP12";"Serviços e rendas - serviços - transportes - saldo (Antiga metod. - BPM5)";2;1100
"1217";"Mensal";"Macroeconômico";"Balanço de pagamentos";"Bacen/BP (BPM5)";"BPN12_FINIDBE12";"Conta financeira - invest. diretos - brasil. no ext. - emprést. Intercom. - saldo (Antiga metod. - B";2;1100
"1218";"Mensal";"Macroeconômico";"Moeda e crédito";"Bacen/Not. Imp./Moeda";"BM12_FCOUTC12";"Fatores condicionantes da base monetária - outras contas";2;1100
"1219";"Mensal";"Macroeconômico";"Moeda e crédito";"Bacen/Not. Imp./Moeda";"BM12_HFINBC12";"Haveres - financeiros - inclui títulos em poder do BC - fim período";2;1100
"1220";"Mensal";"Macroeconômico";"Moeda e crédito";"Bacen/Not. Imp./Moeda";"BM12_VOBCN12";"M5 - valores à ordem do Banco Central - fim período";2;1100
"1221";"Mensal";"Macroeconômico";"Moeda e crédito";"Bacen/Not. Imp./Moeda";"BM12_M0ANH12";"M0 - base monetária ampliada - média";2;1100
"1222";"Mensal";"Macroeconômico";"Salário e renda";"IBGE/PME antiga";"PME12_RMOUT12";"Rendimento médio do trabalho principal - outras atividades - RMs";2;1100
"1223";"Mensal";"Macroeconômico";"Moeda e crédito";"Bacen/Not. Imp./Moeda";"BM12_DERN12";"M2 - depósitos especiais remunerados (DER) - fim período";1;1193
"1224";"Mensal";"Macroeconômico";"Moeda e crédito";"Bacen/Not. Imp./Moeda";"BM12_M3NCNY12";"M3 - fim período - novo conceito";1;1193
"1225";"Mensal";"Macroeconômico";"Moeda e crédito";"Bacen/Not. Imp./Moeda";"BM12_HFIN12";"Haveres - financeiros - exceto títulos em poder do BC - fim período";1;1193
"1226";"Mensal";"Macroeconômico";"Moeda e crédito";"Bacen/Not. Imp./Moeda";"BM12_M5N12";"M5 - fim período";1;1193
"1227";"Mensal";"Macroeconômico";"Moeda e crédito";"Bacen/Not. Imp./Moeda";"BM12_TTNFM12";"M0 - base monetária ampliada - títulos do Tesouro Nacional - financiamento - média";1;1193
"1228";"Mensal";"Macroeconômico";"Moeda e crédito";"Bacen/Not. Imp./Moeda";"BM12_HFTEMP12";"M2 - títulos estaduais e municipais - em poder do público não financeiro - fim período";1;1193
"1229";"Mensal";"Macroeconômico";"Moeda e crédito";"Bacen/Not. Imp./Moeda";"BM12_TIPRIN12";"M4 - títulos privados - fim período";1;1193
"1230";"Mensal";"Macroeconômico";"Moeda e crédito";"Bacen/Not. Imp./Moeda";"BM12_DEVBB12";"Depósitos à vista - no Banco do Brasil";1;1193
"1231";"Mensal";"Macroeconômico";"Moeda e crédito";"Bacen/Not. Imp./Moeda";"BM12_FAFN12";"M2 - fundos - aplicação financeira - fim período";1;1193
"1232";"Mensal";"Macroeconômico";"Moeda e crédito";"Bacen/Not. Imp./Moeda";"BM12_TFPPN12";"M2 - títulos federais - em poder do público não financeiro - fim período";1;1193
"1233";"Mensal";"Macroeconômico";"Finanças públicas";"MPS";"MPAS12_DINSSOUT12";"Fluxo de caixa da previdência - despesas - INSS - demais";1;1193
"1234";"Mensal";"Macroeconômico";"Finanças públicas";"MPS";"MPAS12_RPRESTARR12";"Fluxo de caixa da previdência - recebimentos - próprios - restituição de arrecadação";1;1193
"1235";"Mensal";"Macroeconômico";"Finanças públicas";"MPS";"MPAS12_RPDEVBEN12";"Fluxo de caixa da previdência - despesas - devolução de benefícios";1;1193
"1236";"Mensal";"Macroeconômico";"Finanças públicas";"MPS";"MPAS12_DINSSAM12";"Fluxo de caixa da previdência - despesas - INSS - assistência médica";1;1193
"1237";"Mensal";"Macroeconômico";"Finanças públicas";"MPS";"MPAS12_RPBANCS12";"Fluxo de caixa da previdência - recebimentos - próprios - Simples";1;1193
"1238";"Mensal";"Macroeconômico";"Finanças públicas";"MPS";"MPAS12_DINSSTT12";"Fluxo de caixa da previdência - despesas - transferências a terceiros";1;1193
"1239";"Mensal";"Macroeconômico";"Finanças públicas";"MPS";"MPAS12_RTUCSL12";"Fluxo de caixa da previdência - recebimentos - transferências da União - CSLL";1;1193
"1240";"Mensal";"Macroeconômico";"Balanço de pagamentos";"Bacen/BP (BPM5)";"BPN12_SERRDES12";"Serviços e rendas - rendas - despesas (Antiga metod. - BPM5)";1;1193
"1241";"Mensal";"Macroeconômico";"Balanço de pagamentos";"Bacen/BP (BPM5)";"BPN12_SEG12";"Serviços e rendas - serviços - seguros - saldo (Antiga metod. - BPM5)";1;1193
"1242";"Mensal";"Macroeconômico";"Balanço de pagamentos";"Bacen/BP (BPM5)";"BPN12_FONDLP12";"Usos e fontes - fontes - desembolsos - médio / longo prazos (Antiga metod. - BPM5)";1;1193
"1243";"Mensal";"Macroeconômico";"Balanço de pagamentos";"Bacen/BP (BPM5)";"BPN12_SERSFREC12";"Serviços e rendas - serviços - serviços financeiros - receitas (Antiga metod. - BPM5)";1;1193
"1244";"Mensal";"Macroeconômico";"Balanço de pagamentos";"Bacen/BP (BPM5)";"BPN12_SERR12";"Serviços e rendas - rendas - saldo (Antiga metod. - BPM5)";1;1193
"1245";"Mensal";"Macroeconômico";"Balanço de pagamentos";"Bacen/BP (BPM5)";"BPN12_FINIDBEDES12";"Conta financeira - invest. diretos - brasil. no ext. - emprést. intercom. - desemb. (Antiga metod. -";1;1193
"1246";"Mensal";"Macroeconômico";"Balanço de pagamentos";"Bacen/BP (BPM5)";"BPN12_FINDER12";"Conta financeira - derivativos - saldo (Antiga metod. - BPM5)";1;1193
"1247";"Mensal";"Macroeconômico";"Balanço de pagamentos";"Bacen/BP (BPM5)";"BPN12_FINDERREC12";"Conta financeira - derivativos - ativos (Antiga metod. - BPM5)";1;1193
"1248";"Mensal";"Macroeconômico";"Balanço de pagamentos";"Bacen/BP (BPM5)";"BPN12_SERSFDES12";"Serviços e rendas - serviços - serviços financeiros - despesas (Antiga metod. - BPM5)";1;1193
"1249";"Mensal";"Macroeconômico";"Balanço de pagamentos";"Bacen/BP (BPM5)";"BPN12_SERSC12";"Serviços e rendas - serviços - computação e informações - saldo (Antiga metod. - BPM5)";1;1193
"1250";"Mensal";"Macroeconômico";"Balanço de pagamentos";"Bacen/BP (BPM5)";"BPN12_OT12";"Serviços e rendas - exceto juros (Antiga metod. - BPM5)";1;1193
"1251";"Mensal";"Macroeconômico";"Balanço de pagamentos";"Bacen/BP (BPM5)";"BPN12_SERSRDES12";"Serviços e rendas - serviços - royalties e licenças - despesas (Antiga metod. - BPM5)";1;1193
"1252";"Mensal";"Macroeconômico";"Balanço de pagamentos";"Bacen/BP (BPM5)";"BPN12_FINIDEEDES12";"Conta financeira - invest. diretos - estrang. no país - emprést. intercom. - amort. (Antiga metod. -";1;1193
"1253";"Mensal";"Macroeconômico";"Balanço de pagamentos";"Bacen/BP (BPM5)";"BPN12_SERREC12";"Serviços e rendas - receitas (Antiga metod. - BPM5)";1;1193
"1254";"Mensal";"Macroeconômico";"Balanço de pagamentos";"Bacen/BP (BPM5)";"BPN12_TURREC12";"Serviços e rendas - serviços - viagens internacionais - receitas (Antiga metod. - BPM5)";1;1193
"1255";"Mensal";"Macroeconômico";"Balanço de pagamentos";"Bacen/BP (BPM5)";"BPN12_FINIDECDES12";"Conta financeira - invest. estrang. carteira - despesas (Antiga metod. - BPM5)";1;1193
"1256";"Mensal";"Macroeconômico";"Balanço de pagamentos";"Bacen/BP (BPM5)";"BPN12_SERSRREC12";"Serviços e rendas - serviços - royalties e licenças - receitas (Antiga metod. - BPM5)";1;1193
"1257";"Mensal";"Macroeconômico";"Balanço de pagamentos";"Bacen/BP (BPM5)";"BPN12_SERRSALREC12";"Serviços e rendas - rendas - salários e ordenados - receitas (Antiga metod. - BPM5)";1;1193
"1258";"Mensal";"Macroeconômico";"Comércio exterior";"Funcex/Séries antigas";"FUNCEX12_XVBVEG12";"Exportações - setor: beneficiamento de produtos vegetais - (FOB)";1;1193
"1259";"Mensal";"Macroeconômico";"Comércio exterior";"Funcex/Séries antigas";"FUNCEX12_MDVOAL12";"Importações - setor: outros produtos alimentares - (FOB)";1;1193
"1260";"Mensal";"Macroeconômico";"Comércio exterior";"Funcex/Séries antigas";"FUNCEX12_XVABAT12";"Exportações - setor: abate de animais - (FOB)";1;1193
"1261";"Mensal";"Macroeconômico";"Comércio exterior";"Funcex/Séries antigas";"FUNCEX12_MDVMAQ12";"Importações - setor: máquinas e tratores - (FOB)";1;1193
"1262";"Mensal";"Macroeconômico";"Comércio exterior";"Funcex/Séries antigas";"FUNCEX12_MDVPET12";"Importações - setor: refino de petróleo - (FOB)";1;1193
"1263";"Mensal";"Macroeconômico";"Comércio exterior";"Funcex/Séries antigas";"FUNCEX12_MDVOVEG12";"Importações - setor: óleos vegetais - (FOB)";1;1193
"1264";"Mensal";"Macroeconômico";"Comércio exterior";"Funcex/Séries antigas";"FUNCEX12_XVOPM12";"Exportações - setor: outros produtos metalúrgicos - (FOB)";1;1193
"1265";"Mensal";"Macroeconômico";"Comércio exterior";"Funcex/Séries antigas";"FUNCEX12_XVIDIV12";"Exportações - setor: indústrias diversas - (FOB)";1;1193
"1266";"Mensal";"Macroeconômico";"Comércio exterior";"Funcex/Séries antigas";"FUNCEX12_XVELET12";"Exportações - setor: material elétrico - (FOB)";1;1193
"1267";"Mensal";"Macroeconômico";"Comércio exterior";"Funcex/Séries antigas";"FUNCEX12_XVMAQ12";"Exportações - setor: máquinas e tratores - (FOB)";1;1193
"1268";"Mensal";"Macroeconômico";"Comércio exterior";"Funcex/Séries antigas";"FUNCEX12_MDVPETC12";"Importações - setor: petróleo e carvão - (FOB)";1;1193
"1269";"Mensal";"Macroeconômico";"Finanças públicas";"Bacen/Not. Imp./F. Púb.";"BM12_TPFTN12";"Títulos públicos federais - fora do BC - Tesouro Nacional - fim período";1;1193
"1270";"Mensal";"Macroeconômico";"Finanças públicas";"Bacen/Not. Imp./F. Púb.";"BM12_DEMTES12";"Dívida interna - pública - estadual e municipal - títulos emitidos - em tesouraria - fim período";1;1193
"1271";"Mensal";"Macroeconômico";"Finanças públicas";"Bacen/Not. Imp./F. Púb.";"BM12_LTNEBC12";"Títulos públicos federais - carteira do Banco Central - LTN especiais - fim período";1;1193
"1272";"Mensal";"Macroeconômico";"Finanças públicas";"Bacen/Not. Imp./F. Púb.";"BM12_DIVMOU12";"Dívida interna - pública - municipal - títulos emitidos - outros municípios - fim período";1;1193
"1273";"Mensal";"Macroeconômico";"Finanças públicas";"Bacen/Not. Imp./F. Púb.";"BM12_NFEMONA12";"NFSP - estados e municípios - operacional - c/ desvalorização cambial - acum. 12 meses";1;1193
"1274";"Mensal";"Macroeconômico";"Finanças públicas";"Bacen/Not. Imp./F. Púb.";"BM12_NFEEJRY12";"NFSP - estatais - juros reais - c/ desvalorização cambial - acum. 12 meses";1;1193
"1275";"Mensal";"Macroeconômico";"Finanças públicas";"Bacen/Not. Imp./F. Púb.";"BM12_LTNFBC12";"Títulos públicos federais - fora do BC - Tesouro Nacional - LTN - fim período";1;1193
"1276";"Mensal";"Macroeconômico";"Finanças públicas";"Bacen/Not. Imp./F. Púb.";"BM12_DIVEMG12";"Dívida interna - pública - estadual - títulos emitidos - MG - fim período";1;1193
"1277";"Mensal";"Macroeconômico";"Finanças públicas";"Bacen/Not. Imp./F. Púb.";"BM12_DIVERJ12";"Dívida interna - pública - estadual - títulos emitidos - RJ - fim período";1;1193
"1278";"Mensal";"Macroeconômico";"Finanças públicas";"Bacen/Not. Imp./F. Púb.";"BM12_DEMCUB12";"Dívida interna - pública - estadual e municipal - títulos emitidos - em poder do BC - fim período";1;1193
"1279";"Mensal";"Macroeconômico";"Finanças públicas";"Bacen/Not. Imp./F. Púb.";"BM12_OTNFBC12";"Títulos públicos federais - fora do BC - Tesouro Nacional - OTN - fim período";1;1193
"1280";"Mensal";"Macroeconômico";"Finanças públicas";"Bacen/Not. Imp./F. Púb.";"BM12_NFEENNA12";"NFSP - estatais - nominal - c/ desvalorização cambial - acum. 12 meses";1;1193
"1281";"Mensal";"Macroeconômico";"Finanças públicas";"Bacen/Not. Imp./F. Púb.";"BM12_DIVEST12";"Dívida interna - pública - estadual - títulos emitidos - fim período";1;1193
"1282";"Mensal";"Macroeconômico";"Finanças públicas";"Bacen/Not. Imp./F. Púb.";"BM12_DIVERS12";"Dívida interna - pública - estadual - títulos emitidos - RS - fim período";1;1193
"1283";"Mensal";"Macroeconômico";"Finanças públicas";"Bacen/Not. Imp./F. Púb.";"BM12_LBCFBC12";"Títulos públicos federais - fora do BC - Banco Central - LBC - fim período";1;1193
"1284";"Mensal";"Macroeconômico";"Finanças públicas";"Bacen/Not. Imp./F. Púb.";"BM12_DIVESP12";"Dívida interna - pública - estadual - títulos emitidos - SP - fim período";1;1193
"1285";"Mensal";"Macroeconômico";"Finanças públicas";"Bacen/Not. Imp./F. Púb.";"BM12_NFEMNY12";"NFSP - estados e municípios - nominal - c/ desvalorização cambial - acum. 12 meses";1;1193
"1286";"Mensal";"Macroeconômico";"Finanças públicas";"Bacen/Not. Imp./F. Púb.";"BM12_DEMDP12";"Dívida interna - pública - estadual e municipal - títulos emitidos - em poder do público - fim per.";1;1193
"1287";"Mensal";"Macroeconômico";"Finanças públicas";"Bacen/Not. Imp./F. Púb.";"BM12_NFEMJRY12";"NFSP - estados e municípios - juros reais - c/ desvalorização cambial - acum. 12 meses";1;1193
"1288";"Mensal";"Macroeconômico";"Finanças públicas";"Bacen/Not. Imp./F. Púb.";"BM12_NFEEON12";"NFSP - estatais - operacional - c/ desvalorização cambial";1;1193
"1289";"Mensal";"Macroeconômico";"Finanças públicas";"Bacen/Not. Imp./F. Púb.";"BM12_DIVMUN12";"Dívida interna - pública - municipal - títulos emitidos - fim período";1;1193
"1290";"Mensal";"Macroeconômico";"Finanças públicas";"Bacen/Not. Imp./F. Púb.";"BM12_TPFOUTMA12";"Títulos - federais - indexados - outros - mercado aberto - fim período";1;1193
"1291";"Mensal";"Macroeconômico";"Preços";"Seab-PR";"DERAL12_ATSUPA12";"Preço médio - atacado - suínos - paleta com osso - kg - PR";1;1193
"1292";"Mensal";"Macroeconômico";"Preços";"Seab-PR";"DERAL12_ATSULO12";"Preço médio - atacado - suínos - lombo sem osso - kg - PR";1;1193
"1293";"Mensal";"Macroeconômico";"Preços";"Seab-PR";"DERAL12_PRFEC12";"Preço médio - recebido pelo agricultor - feijão de cor - 60 kg - PR";1;1193
"1294";"Mensal";"Macroeconômico";"Preços";"Seab-PR";"DERAL12_ATSUPE12";"Preço médio - atacado - suínos - pernil com osso - kg - PR";1;1193
"1295";"Mensal";"Macroeconômico";"Preços";"Seab-PR";"DERAL12_PRBMA12";"Preço médio - recebido pelo agricultor - boi magro para engorda - cabeça - PR";1;1193
"1296";"Mensal";"Macroeconômico";"Preços";"Seab-PR";"DERAL12_ATSCAC12";"Preço médio - atacado - suínos - comuns - carcaça - kg - PR";1;1193
"1297";"Mensal";"Macroeconômico";"Preços";"Seab-PR";"DERAL12_PRLEE12";"Preço médio - recebido pelo agricultor - leite extra - litro - PR";1;1193
"1298";"Mensal";"Macroeconômico";"Preços";"Seab-PR";"DERAL12_PROVM12";"Preço médio - recebido pelo agricultor - ovo médio - 30 dúzias - PR";1;1193
"1299";"Mensal";"Macroeconômico";"Preços";"Seab-PR";"DERAL12_PRSUC12";"Preço médio - recebido pelo agricultor - suínos - comuns - kg - PR";1;1193
"1300";"Mensal";"Macroeconômico";"Preços";"Seab-PR";"DERAL12_ATFEC12";"Preço médio - atacado - feijão de cor - 30 kg - PR";1;1193
"1301";"Mensal";"Macroeconômico";"Preços";"Seab-PR";"DERAL12_ATFMP12";"Preço médio - atacado - farinha de mandioca prensada - 50 kg - PR";1;1193
"1302";"Mensal";"Macroeconômico";"Financeiras";"Valor Econômico";"VALOR12_GLOBAL2712";"Bônus global República (27) - spread";1;1193
"1303";"Mensal";"Macroeconômico";"Financeiras";"Valor Econômico";"VALOR12_GLOBAL912";"Bônus global República (9) - spread";1;1193
"1304";"Mensal";"Macroeconômico";"Moeda e crédito";"Bacen/Boletim/M. Finan.";"BM12_VCFIF12";"Fundo de investimento - FIF - curto prazo - velocidade de circulação - relação resgate / saldo";1;1193
"1305";"Mensal";"Macroeconômico";"Moeda e crédito";"Bacen/Boletim/M. Finan.";"BM12_VCPOU12";"Depósitos de poupança - velocidade de circulação - relação resgates / saldos";1;1193
"1306";"Mensal";"Macroeconômico";"Preços";"Conab/IE";"DEPAE12_ATARSE12";"Preço médio - atacado - arroz - longo fino sequeiro - 30 kg - SP";1;1193
"1307";"Mensal";"Macroeconômico";"Preços";"Conab/IE";"DEPAE12_ATOVO12";"Preço médio - atacado - ovos - dúzia - SP";1;1193
"1308";"Mensal";"Macroeconômico";"Finanças públicas";"Min. Fazenda/STN";"STN12_NFDPESS12";"NFSP - gov. central - despesa total - pessoal e encargos sociais";1;1193
"1309";"Mensal";"Macroeconômico";"Finanças públicas";"Min. Fazenda/STN";"STN12_NFRRP12";"NFSP - gov. central - receita total - previdência social";1;1193
"1310";"Mensal";"Macroeconômico";"Finanças públicas";"Min. Fazenda/STN";"STN12_NFDSOP12";"NFSP - gov. central - despesa total - cust. e cap. - subs. subv. - op. of. créd.";1;1193
"1311";"Mensal";"Macroeconômico";"Finanças públicas";"Min. Fazenda/STN";"STN12_ROOC12";"Execução financeira - receitas - oper. oficiais de créditos - outras";1;1193
"1312";"Mensal";"Macroeconômico";"Finanças públicas";"Min. Fazenda/STN";"STN12_NFRRTT12";"NFSP - gov. central - receita total - Tesouro Nacional - total";1;1193
"1313";"Mensal";"Macroeconômico";"Finanças públicas";"Min. Fazenda/STN";"STN12_NFRPGFPREV12";"NFSP - gov. central - resultado primário gov. federal - Previdência social (RGPS)";1;1193
"1314";"Mensal";"Macroeconômico";"Finanças públicas";"Min. Fazenda/STN";"STN12_NFDCCFAT12";"NFSP - gov. central - despesa total - cust. e cap. - FAT - total";1;1193
"1315";"Mensal";"Macroeconômico";"Finanças públicas";"Min. Fazenda/STN";"STN12_OODC12";"Execução financeira - receitas - oper. oficiais de créditos";1;1193
"1316";"Mensal";"Macroeconômico";"Produção";"IBS/ES";"IBSES12_PMEDIO12";"Produção - perfis médios e pesados - qde.";1;1193
"1317";"Mensal";"Macroeconômico";"Produção";"IBS/ES";"IBSES12_VERG12";"Produção - vergalhões - qde.";1;1193
"1318";"Mensal";"Macroeconômico";"Economia internacional";"FMI/IFS";"IFS12_TJCMBEL12";"taxa de juros - call money";1;1193
"1319";"Mensal";"Macroeconômico";"Economia internacional";"FMI/IFS";"IFS12_CAMBCHIN12";"taxa de câmbio - yuan / US$ - média";1;1193
"1320";"Mensal";"Macroeconômico";"Economia internacional";"FMI/IFS";"IFS12_IPABEL12";"IPA - índice (média 2005 = 100)";1;1193
"1321";"Mensal";"Macroeconômico";"Economia internacional";"FMI/IFS";"IFS12_CAMBCOR12";"taxa de câmbio - won sul-coreano / US$ - média";1;1193
"1322";"Mensal";"Macroeconômico";"Economia internacional";"FMI/IFS";"IFS12_IPCCOR12";"IPC - índice (média 2005 = 100)";1;1193
"1323";"Mensal";"Macroeconômico";"Economia internacional";"FMI/IFS";"IFS12_IPCESP12";"IPC - índice (média 2005 = 100)";1;1193
"1324";"Mensal";"Macroeconômico";"Economia internacional";"FMI/IFS";"IFS12_IPCPAR12";"IPC - índice (média 2005 = 100)";1;1193
"1325";"Mensal";"Macroeconômico";"Economia internacional";"FMI/IFS";"IFS12_TJCPEUA12";"taxa de juros - commercial paper - maturidade 3 meses";1;1193
"1326";"Mensal";"Macroeconômico";"Economia internacional";"FMI/IFS";"IFS12_IPCCHI12";"IPC - índice (média 2005 = 100)";1;1193
"1327";"Mensal";"Macroeconômico";"Economia internacional";"FMI/IFS";"IFS12_IPCMEX12";"IPC - índice (média 2005 = 100)";1;1193
"1328";"Mensal";"Macroeconômico";"Economia internacional";"FMI/IFS";"IFS12_TJDEUA12";"taxa de juros - taxa de desconto - fim período";1;1193
"1329";"Mensal";"Macroeconômico";"Economia internacional";"FMI/IFS";"IFS12_IPCFRA12";"IPC - índice (média 2005 = 100)";1;1193
"1330";"Mensal";"Macroeconômico";"Economia internacional";"FMI/IFS";"IFS12_IVUMWIND12";"importações - valor unitário - índice de preços (média 2005 = 100)";1;1193
"1331";"Mensal";"Macroeconômico";"Economia internacional";"FMI/IFS";"IFS12_IPCCAN12";"IPC - índice (média 2005 = 100)";1;1193
"1332";"Mensal";"Macroeconômico";"Finanças públicas";"Min. Fazenda/Cotepe";"CONFAZ12_ICMSMS12";"Imposto sobre a circulação de mercadorias (ICMS) - Mato Grosso do Sul (MS)";1;1193
"1333";"Mensal";"Macroeconômico";"Finanças públicas";"Min. Fazenda/Cotepe";"CONFAZ12_ICMSGO12";"Imposto sobre a circulação de mercadorias (ICMS) - Goiás (GO)";1;1193
"1334";"Mensal";"Macroeconômico";"Finanças públicas";"Min. Fazenda/Cotepe";"CONFAZ12_ICMSPA12";"Imposto sobre a circulação de mercadorias (ICMS) - Pará (PA)";1;1193
"1335";"Mensal";"Macroeconômico";"Finanças públicas";"Min. Fazenda/Cotepe";"CONFAZ12_ICMSES12";"Imposto sobre a circulação de mercadorias (ICMS) - Espírito Santo (ES)";1;1193
"1336";"Mensal";"Macroeconômico";"Finanças públicas";"Min. Fazenda/Cotepe";"CONFAZ12_ICMSMT12";"Imposto sobre a circulação de mercadorias (ICMS) - Mato Grosso (MT)";1;1193
"1337";"Mensal";"Macroeconômico";"Finanças públicas";"Min. Fazenda/SRF";"SRF12_IRRFOUTL12";"Imposto sobre a renda (IR) - retido nas fontes - outros rendimentos - receita líquida";1;1193
"1338";"Mensal";"Macroeconômico";"Finanças públicas";"Min. Fazenda/SRF";"SRF12_IRRFRC12";"Imposto sobre a renda (IR) - retido nas fontes - rendimento do capital - receita bruta";1;1193
"1339";"Mensal";"Macroeconômico";"Finanças públicas";"Min. Fazenda/SRF";"SRF12_PISL12";"Contribuição - PIS / Pasep - total - receita líquida";1;1193
"1340";"Mensal";"Macroeconômico";"Finanças públicas";"Min. Fazenda/SRF";"SRF12_ITR12";"Imposto sobre a propriedade territorial rural (ITR) - receita bruta";1;1193
"1341";"Mensal";"Macroeconômico";"Finanças públicas";"Min. Fazenda/SRF";"SRF12_CSLLPRIL12";"Contribuição social sobre o lucro líquido (CSLL) - principal - receita líquida";1;1193
"1342";"Mensal";"Macroeconômico";"Finanças públicas";"Min. Fazenda/SRF";"SRF12_IRMULL12";"Imposto sobre a renda (IR) - multas - receita líquida";1;1193
"1343";"Mensal";"Macroeconômico";"Finanças públicas";"Min. Fazenda/SRF";"SRF12_IRRFRTL12";"Imposto sobre a renda (IR) - retido nas fontes - rendimento do trabalho - receita líquida";1;1193
"1344";"Mensal";"Macroeconômico";"Finanças públicas";"Min. Fazenda/SRF";"SRF12_IRRFREL12";"Imposto sobre a renda (IR) - retido nas fontes - rendimento de remessa p/ ext. - receita líquida";1;1193
"1345";"Mensal";"Macroeconômico";"Finanças públicas";"Min. Fazenda/SRF";"SRF12_IPIOUTL12";"Imposto sobre produtos industrializados (IPI) - outros - receita líquida";1;1193
"1346";"Mensal";"Macroeconômico";"Finanças públicas";"Min. Fazenda/SRF";"SRF12_IRRFRCL12";"Imposto sobre a renda (IR) - retido nas fontes - rendimento do capital - receita líquida";1;1193
"1347";"Mensal";"Macroeconômico";"Preços";"Fipe";"FIPE12_FIPE0544";"IPC - acessórios de vestuário - RMSP - var.";1;1193
"1348";"Mensal";"Macroeconômico";"Preços";"Fipe";"FIPE12_FIPE0348Q3";"IPC - grupo: transportes - 3ª quadrissemana - RMSP - var.";1;1193
"1349";"Mensal";"Macroeconômico";"Preços";"Fipe";"FIPE12_FIPE0482Q1";"IPC - grupo: saúde - 1ª quadrissemana - RMSP - var.";1;1193
"1350";"Mensal";"Macroeconômico";"Preços";"Fipe";"FIPE12_FIPE0118Q2";"IPC - grupo: alimentação - 2ª quadrissemana - RMSP - var.";1;1193
"1351";"Mensal";"Macroeconômico";"Preços";"Fipe";"FIPE12_FIPE0553Q1";"IPC - grupo: educação - 1ª quadrissemana - RMSP - var.";1;1193
"1352";"Mensal";"Macroeconômico";"Comércio exterior";"Funcex";"FUNCEX12_XVBCND12";"Exportações - bens de consumo não duráveis - (FOB) (série antiga)";1;1193
"1353";"Mensal";"Macroeconômico";"Comércio exterior";"Funcex";"FUNCEX12_XVCOMB12";"Exportações - combustíveis - (FOB) (série antiga)";1;1193
"1354";"Mensal";"Macroeconômico";"Economia internacional";"Economist";"ECONMI12_ALPPG12";"preços ao produtor - var. em 12 meses";1;1193
"1355";"Mensal";"Macroeconômico";"Economia internacional";"Economist";"ECONMI12_CARI12";"reservas internacionais";1;1193
"1356";"Mensal";"Macroeconômico";"Economia internacional";"Economist";"ECONMI12_CAWG312";"salário - var. trimestral anualiz.";1;1193
"1357";"Mensal";"Macroeconômico";"Economia internacional";"Economist";"ECONMI12_UKPPG12";"preços ao produtor - var. em 12 meses";1;1193
"1358";"Mensal";"Macroeconômico";"Economia internacional";"Economist";"ECONMI12_ITBCY12";"balança comercial - saldo (acum. 12 meses)";1;1193
"1359";"Mensal";"Macroeconômico";"Economia internacional";"Economist";"ECONMI12_EUROPIG312";"produção industrial - var. trimestral anualiz.";1;1193
"1360";"Mensal";"Macroeconômico";"Economia internacional";"Economist";"ECONMI12_JPWG12";"salário - var. em 12 meses";1;1193
"1361";"Mensal";"Macroeconômico";"Economia internacional";"Economist";"ECONMI12_FRBCY12";"balança comercial - saldo (acum. 12 meses)";1;1193
"1362";"Mensal";"Macroeconômico";"Economia internacional";"Economist";"ECONMI12_EUROPPG312";"preços ao produtor - var. trimestral anualiz.";1;1193
"1363";"Mensal";"Macroeconômico";"Economia internacional";"Economist";"ECONMI12_FRPCG12";"preços ao consumidor - var. em 12 meses";1;1193
"1364";"Mensal";"Macroeconômico";"Economia internacional";"Economist";"ECONMI12_UKWG12";"salário - var. em 12 meses";1;1193
"1365";"Mensal";"Macroeconômico";"Economia internacional";"Economist";"ECONMI12_CAPPG12";"preços ao produtor - var. em 12 meses";1;1193
"1366";"Mensal";"Macroeconômico";"Economia internacional";"Economist";"ECONMI12_FRPIG12";"produção industrial - var. em 12 meses";1;1193
"1367";"Mensal";"Macroeconômico";"Economia internacional";"Economist";"ECONMI12_ITWG312";"salário - var. trimestral anualiz.";1;1193
"1368";"Mensal";"Macroeconômico";"Economia internacional";"Economist";"ECONMI12_ITRI12";"reservas internacionais";1;1193
"1369";"Mensal";"Macroeconômico";"Economia internacional";"Economist";"ECONMI12_UKRI12";"reservas internacionais";1;1193
"1370";"Mensal";"Macroeconômico";"Economia internacional";"Economist";"ECONMI12_EUROPCG312";"preços ao consumidor - var. trimestral anualiz.";1;1193
"1371";"Mensal";"Macroeconômico";"Economia internacional";"Economist";"ECONMI12_UKPIG12";"produção industrial - var. em 12 meses";1;1193
"1372";"Mensal";"Macroeconômico";"Economia internacional";"Economist";"ECONMI12_ALPIG12";"produção industrial - var. em 12 meses";1;1193
"1373";"Mensal";"Macroeconômico";"Economia internacional";"Economist";"ECONMI12_UKBCY12";"balança comercial - saldo (acum. 12 meses)";1;1193
"1374";"Mensal";"Macroeconômico";"Economia internacional";"Economist";"ECONMI12_UKPCG12";"preços ao consumidor - var. em 12 meses";1;1193
"1375";"Trimestral";"Macroeconômico";"Contas nacionais";"IBGE/SCN 2000 Trim.";"SCN4_PIBPMV4";"PIB - preços de mercado - ref. 2000";301;1
"1376";"Trimestral";"Macroeconômico";"Sinopse macroeconômica";"IBGE/SCN Trim.";"PAN4_PIBPMG4";"PIB real";214;2
"1377";"Trimestral";"Macroeconômico";"Contas nacionais";"IBGE/SCN 2000 Trim.";"SCN4_PIBPM4";"PIB - preços de mercado - índice encadeado (média 1995 = 100) - ref. 2000";151;3
"1378";"Trimestral";"Macroeconômico";"Sinopse macroeconômica";"IBGE/SCN Trim.";"PAN4_PIBPMV4";"PIB nominal";127;4
"1379";"Trimestral";"Macroeconômico";"Contas nacionais";"IBGE/SCN 2000 Trim.";"SCN4_PIBAGPV4";"PIB - agropecuária - ref. 2000";100;5
"1380";"Trimestral";"Macroeconômico";"Contas nacionais";"IBGE/SCN 2000 Trim.";"SCN4_PIBINDV4";"PIB - indústria - ref. 2000";99;6
"1381";"Trimestral";"Macroeconômico";"Balanço de pagamentos";"Bacen/Boletim/BP";"BM4_DEXTEI4";"Dívida externa";91;7
"1382";"Trimestral";"Macroeconômico";"Contas nacionais";"IBGE/SCN 2000 Trim.";"SCN4_PIBPBN4";"PIB - preços básicos - ref. 2000";90;8
"1383";"Trimestral";"Macroeconômico";"Contas nacionais";"IBGE/SCN 2000 Trim.";"SCN4_CFPPN4";"Consumo final - famílias - ref. 2000";86;9
"1384";"Trimestral";"Macroeconômico";"Contas nacionais";"IBGE/SCN 2000 Trim.";"SCN4_DIPIBG4";"PIB - deflator implícito - var. - ref. 2000";83;10
"1385";"Trimestral";"Macroeconômico";"Contas nacionais";"IBGE/SCN 2000 Trim.";"SCN4_PIBPMAS4";"PIB - preços de mercado - índice encadeado - dessaz. (média 1995 = 100) - ref. 2000";81;11
"1386";"Trimestral";"Macroeconômico";"Projeções";"IPEA";"Gac4_IPCA4";"IPCA - geral - índice (dez. 1993 = 100) - projeção";77;12
"1387";"Trimestral";"Macroeconômico";"Projeções";"IPEA";"Gac4_PIBPM14";"PIB - preços de mercado - índice encadeado (média 1990 = 100) - projeção";76;13
"1388";"Trimestral";"Macroeconômico";"Contas nacionais";"IBGE/SCN 2000 Trim.";"SCN4_FBKFPIB904";"Taxa de investimento (preços 2006) - ref. 2000";64;14
"1389";"Trimestral";"Macroeconômico";"Contas nacionais";"IBGE/SCN 2000 Trim.";"SCN4_PIBPMBM4";"PIB - preços de mercado - base móvel (média do ano anterior = 100) - ref. 2000";63;15
"1390";"Trimestral";"Macroeconômico";"Contas nacionais";"IBGE/SCN 2000 Trim.";"SCN4_FBKFPIBBM4";"Taxa de investimento - preços do ano anterior - ref. 2000";58;16
"1391";"Trimestral";"Macroeconômico";"Comércio exterior";"Bacen/BP (BPM5)";"BPN4_SBC4";"Balança comercial - (FOB) - saldo (Antiga metod. - BPM5)";56;17
"1392";"Trimestral";"Macroeconômico";"Projeções";"IPEA";"Gac4_ERV4";"Taxa de câmbio - R$ / US$ - venda - média - projeção";56;17
"1393";"Trimestral";"Macroeconômico";"Sinopse macroeconômica";"IPEA";"PAN4_FBKFI90G4";"Investimento real";53;19
"1394";"Trimestral";"Macroeconômico";"Projeções";"IPEA";"Gac4_PIBPMVD4";"PIB - preços de mercado - projeção";53;19
"1395";"Trimestral";"Macroeconômico";"Contas nacionais";"IBGE/SCN 2000 Trim.";"SCN4_PIBAS4";"PIB - preços básicos - índice encadeado - dessaz. (média 1995 = 100) - ref. 2000";53;19
"1396";"Trimestral";"Macroeconômico";"Produção";"FGV/Conj. Econômica Inativa";"CE4_CUTIND4";"Utilização da capacidade instalada - indústria - média";53;19
"1397";"Trimestral";"Macroeconômico";"Contas nacionais";"IBGE/SCN 2000 Trim.";"SCN4_FBKFN4";"Capital fixo - formação bruta - ref. 2000";52;23
"1398";"Trimestral";"Macroeconômico";"Produção";"FGV/Conj. Econômica Inativa";"CE4_CUTBC4";"Utilização da capacidade instalada - indústria - bens de consumo";51;24
"1399";"Trimestral";"Macroeconômico";"Projeções";"IPEA";"Gac4_TJOVERR4";"Taxa de juros real (IPCA) - Over / Selic - projeção";51;24
"1400";"Trimestral";"Macroeconômico";"Contas nacionais";"IBGE/SCN 2000 Trim.";"SCN4_PIB4";"PIB - preços básicos - índice encadeado (média 1995 = 100) - ref. 2000";49;26
"1401";"Trimestral";"Macroeconômico";"Contas nacionais";"IBGE/SCN 2000 Trim.";"SCN4_CTN4";"Consumo final - ref. 2000";46;27
"1402";"Trimestral";"Macroeconômico";"Projeções";"IPEA";"Gac4_TJOVER4";"Taxa de juros - Over / Selic - projeção";46;27
"1403";"Trimestral";"Macroeconômico";"Comércio exterior";"Bacen/BP (BPM5)";"BPN4_MTV4";"Importações - (FOB) (Antiga metod. - BPM5)";44;29
"1404";"Trimestral";"Macroeconômico";"Percepção e expectativa";"FGV/Conj. Econômica Inativa";"CE4_EAPL4";"Expectativas de aumento na produção - líquidas";43;30
"1405";"Trimestral";"Macroeconômico";"Contas nacionais";"IBGE/SCN 2000 Trim.";"SCN4_PNBN4";"Renda nacional bruta - ref. 2000";42;31
"1406";"Trimestral";"Macroeconômico";"Contas nacionais";"IBGE/SCN 2000 Trim.";"SCN4_PIBAGR4";"PIB - agropecuária - índice encadeado (média 1995 = 100) - ref. 2000";42;31
"1407";"Trimestral";"Macroeconômico";"Projeções";"IPEA";"Gac4_IGP4";"IGP-DI - geral - índice (ago. 1994 = 100) - projeção";42;31
"1408";"Trimestral";"Macroeconômico";"Contas nacionais";"IBGE/SCN 2000 Trim.";"SCN4_PIBIND4";"PIB - indústria - índice encadeado (média 1995 = 100) - ref. 2000";40;34
"1409";"Trimestral";"Macroeconômico";"Contas nacionais";"IBGE/SCN 2000 Trim.";"SCN4_FBKN4";"Capital - formação bruta - ref. 2000";40;34
"1410";"Trimestral";"Macroeconômico";"Produção";"FGV/Conj. Econômica Inativa";"CE4_CUTBI4";"Utilização da capacidade instalada - indústria - bens intermediários";40;34
"1411";"Trimestral";"Macroeconômico";"Contas nacionais";"IPEA";"GAMMA4_PIBE4";"PIB - preços de mercado - índice encadeado (média 1990 = 100)";39;37
"1412";"Trimestral";"Macroeconômico";"Sinopse macroeconômica";"IPEA";"PAN4_FBKFPIBV4";"Taxa de investimento nominal";38;38
"1413";"Trimestral";"Macroeconômico";"Contas nacionais";"IPEA";"Gac4_FBKFPIB804";"Taxa de investimento (preços 1980)";37;39
"1414";"Trimestral";"Macroeconômico";"Projeções";"IPEA";"Gac4_ERVIPCA4";"Taxa de câmbio real (IPCA) - R$ / US$ - venda - média - projeção";37;39
"1415";"Trimestral";"Macroeconômico";"Produção";"FGV/Conj. Econômica Inativa";"CE4_CUTBK4";"Utilização da capacidade instalada - indústria - bens de capital";35;41
"1416";"Trimestral";"Macroeconômico";"Produção";"FGV/Conj. Econômica Inativa";"CE4_CUTBMC4";"Utilização da capacidade instalada - indústria - material para construção";33;42
"1417";"Trimestral";"Macroeconômico";"Contas nacionais";"IBGE/SCN 2000 Trim.";"SCN4_RNDBN4";"Renda disponível bruta - ref. 2000";33;42
"1418";"Trimestral";"Macroeconômico";"Economia internacional";"FMI/IFS";"IFS4_GDPEUAN4";"PIB";33;42
"1419";"Trimestral";"Macroeconômico";"Projeções";"IPEA";"Gac4_PIBPMV4";"PIB - preços de mercado - projeção";33;42
"1420";"Trimestral";"Macroeconômico";"Projeções";"IPEA";"Gac4_PIBPM24";"PIB - preços de mercado - índice encadeado (média 1990 = 100) - projeção";32;46
"1421";"Trimestral";"Macroeconômico";"Economia internacional";"FMI/IFS";"IFS4_GDPEUA4";"PIB - índice (média 2005 = 100)";31;47
"1422";"Trimestral";"Macroeconômico";"Contas nacionais";"IBGE/SCN 2000 Trim.";"SCN4_PIBSERV4";"PIB - serviços - ref. 2000";30;48
"1423";"Trimestral";"Macroeconômico";"Comércio exterior";"Funcex/Séries antigas";"FUNCEX4_XPAGP4";"Exportações - setor: agropecuária - preços - índice (média 2006 = 100)";30;48
"1424";"Trimestral";"Macroeconômico";"Comércio exterior";"Bacen/BP (BPM5)";"BPN4_XTV4";"Exportações - (FOB) (Antiga metod. - BPM5)";30;48
"1425";"Trimestral";"Macroeconômico";"Contas nacionais";"IBGE/SCN 2000 Trim.";"SCN4_SBN4";"Poupança nacional bruta - ref. 2000";29;51
"1426";"Trimestral";"Macroeconômico";"Economia internacional";"FMI/IFS";"IFS4_IPAEUA4";"IPA - índice (média 2005 = 100)";29;51
"1427";"Trimestral";"Macroeconômico";"Balanço de pagamentos";"Bacen/Boletim/BP";"BM4_DEXCP4";"Dívida externa - curto prazo";27;53
"1428";"Trimestral";"Macroeconômico";"Contas nacionais";"IBGE/SCN 2000 Trim.";"SCN4_FBKI4";"Capital - formação bruta - índice encadeado (média 1995 = 100) - ref. 2000";26;54
"1429";"Trimestral";"Macroeconômico";"Economia internacional";"FMI/IFS";"IFS4_GDPALEN4";"PIB";26;54
"1430";"Trimestral";"Macroeconômico";"Contas nacionais";"IBGE/SCN 2000 Trim.";"SCN4_PIBINDAS4";"PIB - indústria - índice encadeado - dessaz. (média 1995 = 100) - ref. 2000";25;56
"1431";"Trimestral";"Macroeconômico";"Contas nacionais";"IBGE/SCN 2000 Trim.";"SCN4_PIBINDBM4";"PIB - indústria - base móvel (média do ano anterior = 100) - ref. 2000";25;56
"1432";"Trimestral";"Macroeconômico";"Contas nacionais";"IBGE/SCN 2000 Trim.";"SCN4_PIBICC4";"PIB - indústria - construção - índice encadeado (média 1995 = 100) - ref. 2000";25;56
"1433";"Trimestral";"Macroeconômico";"Contas nacionais";"IBGE/SCN 2000 Trim.";"SCN4_CFPPI4";"Consumo final - famílias - índice encadeado (média 1995 = 100) - ref. 2000";24;59
"1434";"Trimestral";"Macroeconômico";"Contas nacionais";"IBGE/SCN 2000 Trim.";"SCN4_PIBFBKFAS4";"Capital fixo - formação bruta - índice encadeado - dessaz. (média 1995 = 100) - ref. 2000";23;60
"1435";"Trimestral";"Macroeconômico";"Balanço de pagamentos";"Bacen/Boletim/BP";"BM4_DEXLP4";"Dívida externa - médio / longo prazos";23;60
"1436";"Trimestral";"Macroeconômico";"Projeções";"IPEA";"Gac4_PIBIND4";"PIB - indústria - índice encadeado (média 1990 = 100) - projeção";23;60
"1437";"Trimestral";"Macroeconômico";"Projeções";"IPEA";"Gac4_FBKFI4";"Capital fixo - formação bruta - índice encadeado (média 1990 = 100) - projeção";23;60
"1438";"Trimestral";"Macroeconômico";"Projeções";"IPEA";"Gac4_ERVIPA4";"Taxa de câmbio real (IPA) - R$ / US$ - venda - média - projeção";23;60
"1439";"Trimestral";"Macroeconômico";"Projeções";"IPEA";"Gac4_PIBICC4";"PIB - indústria - construção civil - índice encadeado (média 1990 = 100) - projeção";22;65
"1440";"Trimestral";"Macroeconômico";"Contas nacionais";"IBGE/SCN 2000 Trim.";"SCN4_XLBM4";"Exportações líquidas - base móvel (média do ano anterior = 100) - ref. 2000";22;65
"1441";"Trimestral";"Macroeconômico";"Contas nacionais";"IBGE/SCN 2000 Trim.";"SCN4_PIBICCV4";"PIB - indústria - construção - ref. 2000";21;67
"1442";"Trimestral";"Macroeconômico";"Contas nacionais";"IBGE/SCN 2000 Trim.";"SCN4_FBKFI4";"Capital fixo - formação bruta - índice encadeado (média 1995 = 100) - ref. 2000";21;67
"1443";"Trimestral";"Macroeconômico";"Contas nacionais";"IBGE/SCN 2000 Trim.";"SCN4_PIBAGPAS4";"PIB - agropecuária - índice encadeado - dessaz. (média 1995 = 100) - ref. 2000";21;67
"1444";"Trimestral";"Macroeconômico";"Contas nacionais";"IBGE/SCN 2000 Trim.";"SCN4_PIBITR4";"PIB - indústria - transformação - índice encadeado (média 1995 = 100) - ref. 2000";20;70
"1445";"Trimestral";"Macroeconômico";"Projeções";"IPEA";"Gac4_IPA4";"IPA-DI - geral - índice (ago. 1994 = 100) - projeção";20;70
"1446";"Trimestral";"Macroeconômico";"Projeções";"IPEA";"Gac4_PIBAS4";"PIB - preços básicos - índice encadeado - dessaz. (média 1990 = 100) - projeção";19;72
"1447";"Trimestral";"Macroeconômico";"Projeções";"IPEA";"Gac4_XTV4";"Exportações - (FOB) - projeção";19;72
"1448";"Trimestral";"Macroeconômico";"Projeções";"IPEA";"Gac4_CFPPI4";"Consumo final - famílias - índice encadeado (média 1990 = 100) - projeção";19;72
"1449";"Trimestral";"Macroeconômico";"Contas nacionais";"IBGE/SCN 2000 Trim.";"SCN4_PIBAGRBM4";"PIB - agropecuária - base móvel (média do ano anterior = 100) - ref. 2000";19;72
"1450";"Trimestral";"Macroeconômico";"Economia internacional";"FMI/IFS";"IFS4_GDPARGN4";"PIB";19;72
"1451";"Trimestral";"Macroeconômico";"Economia internacional";"FMI/IFS";"IFS4_IPCEUA4";"IPC - índice (média 2005 = 100)";18;77
"1452";"Trimestral";"Macroeconômico";"Balanço de pagamentos";"Bacen/Boletim/BP";"BM4_DEXLPG4";"Dívida externa - pública - médio / longo prazos";18;77
"1453";"Trimestral";"Macroeconômico";"Balanço de pagamentos";"Bacen/Boletim/BP";"BM4_DEXCPG4";"Dívida externa - pública - curto prazo";18;77
"1454";"Trimestral";"Macroeconômico";"Projeções";"IPEA";"Gac4_SBC4";"Balança comercial - (FOB) - saldo - projeção";18;77
"1455";"Trimestral";"Macroeconômico";"Projeções";"IPEA";"Gac4_PIBINDAS4";"PIB - indústria - índice encadeado - dessaz. (média 1990 = 100) - projeção";18;77
"1456";"Trimestral";"Macroeconômico";"Projeções";"IPEA";"Gac4_SERR4";"Serviços e rendas - rendas - projeção";17;82
"1457";"Trimestral";"Macroeconômico";"Projeções";"IPEA";"Gac4_PIBAGR4";"PIB - agropecuária - índice encadeado (média 1990 = 100) - projeção";17;82
"1458";"Trimestral";"Macroeconômico";"Contas nacionais";"IPEA";"Gac4_FBKFCAMI4";"Capital fixo - formação bruta - consumo aparente de máquinas - índice encadeado (média 1996 = 100)";17;82
"1459";"Trimestral";"Macroeconômico";"Percepção e expectativa";"CNI";"CNI4_ICEIEXP4";"Confiança do empresário industrial (ICEI) - expectativas";17;82
"1460";"Trimestral";"Macroeconômico";"Balanço de pagamentos";"Bacen/Boletim/BP";"BM4_DEXLPP4";"Dívida externa - privada - médio / longo prazos";17;82
"1461";"Trimestral";"Macroeconômico";"Contas nacionais";"IBGE/SCN 2000 Trim.";"SCN4_PIBCPPAS4";"Consumo final - famílias - índice encadeado - dessaz. (média 1995 = 100) - ref. 2000";17;82
"1462";"Trimestral";"Macroeconômico";"Balanço de pagamentos";"Bacen/BP (BPM5)";"BPN4_STC4";"Transações correntes - saldo (Antiga metod. - BPM5)";17;82
"1463";"Trimestral";"Macroeconômico";"Economia internacional";"FMI/IFS";"IFS4_GDPARG4";"PIB - índice (média 2005 = 100)";17;82
"1464";"Trimestral";"Macroeconômico";"Economia internacional";"FMI/IFS";"IFS4_GDPJAPN4";"PIB";16;90
"1465";"Trimestral";"Macroeconômico";"Contas nacionais";"IBGE/SCN 2000 Trim.";"SCN4_XLI4";"Exportações líquidas - índice encadeado (média 1995 = 100) - ref. 2000";16;90
"1466";"Trimestral";"Macroeconômico";"Contas nacionais";"IBGE/SCN 2000 Trim.";"SCN4_PIBITRV4";"PIB - indústria - transformação - ref. 2000";16;90
"1467";"Trimestral";"Macroeconômico";"Contas nacionais";"IBGE/SCN 2000 Trim.";"SCN4_FBKFPIBV4";"Taxa de investimento - preços correntes - ref. 2000";15;93
"1468";"Trimestral";"Macroeconômico";"Contas nacionais";"IBGE/SCN 2000 Trim.";"SCN4_XBSZN4";"Exportações - bens e serviços - ref. 2000";15;93
"1469";"Trimestral";"Macroeconômico";"Contas nacionais";"IBGE/SCN 2000 Trim.";"SCN4_PIBIVAV4";"PIB - impostos sobre produtos - ref. 2000";15;93
"1470";"Trimestral";"Macroeconômico";"Contas nacionais";"IBGE/SCN 2000 Trim.";"SCN4_PIBDUMV4";"PIB - dummy financeiro - ref. 2000";15;93
"1471";"Trimestral";"Macroeconômico";"Percepção e expectativa";"CNI";"CNI4_ICEICA4";"Confiança do empresário industrial (ICEI) - condições atuais";15;93
"1472";"Trimestral";"Macroeconômico";"Economia internacional";"Economist";"ECONMI4_ALPIBG4";"PIB - var. real contra igual trimestre do ano anterior";15;93
"1473";"Trimestral";"Macroeconômico";"Economia internacional";"Economist";"ECONMI4_JPPIBG4";"PIB - var. real contra igual trimestre do ano anterior";15;93
"1474";"Trimestral";"Macroeconômico";"Economia internacional";"Economist";"ECONMI4_USPIBG34";"PIB - var. real trimestral anualiz.";14;100
"1475";"Trimestral";"Macroeconômico";"Projeções";"IPEA";"Gac4_PIBAGPAS4";"PIB - agropecuária - índice encadeado - dessaz. (média 1990 = 100) - projeção";14;100
"1476";"Trimestral";"Macroeconômico";"Contas nacionais";"IBGE/SCN 2000 Trim.";"SCN4_PIBMBSZAS4";"Importações - bens e serviços - índice encadeado - dessaz. (média 1995 = 100) - ref. 2000";14;100
"1477";"Trimestral";"Macroeconômico";"Contas nacionais";"IBGE/SCN 2000 Trim.";"SCN4_MBSZN4";"Importações - bens e serviços - ref. 2000";14;100
"1478";"Trimestral";"Macroeconômico";"Contas nacionais";"IBGE/SCN 2000 Trim.";"SCN4_PIBBM4";"PIB - preços básicos - base móvel (média do ano anterior = 100) - ref. 2000";13;104
"1479";"Trimestral";"Macroeconômico";"Balanço de pagamentos";"Bacen/Boletim/BP";"BM4_DEXCPP4";"Dívida externa - privada - curto prazo";13;104
"1480";"Trimestral";"Macroeconômico";"Economia internacional";"FMI/IFS";"IFS4_GDPJAP4";"PIB - índice (média 2005 = 100)";13;104
"1481";"Trimestral";"Macroeconômico";"Economia internacional";"Economist";"ECONMI4_USPIBG4";"PIB - var. real contra igual trimestre do ano anterior";13;104
"1482";"Trimestral";"Macroeconômico";"Contas nacionais";"IBGE/SCN 2000 Trim.";"SCN4_XBSZI4";"Exportações - bens e serviços - índice encadeado (média 1995 = 100) - ref. 2000";12;108
"1483";"Trimestral";"Macroeconômico";"Contas nacionais";"IBGE/SCN 2000 Trim.";"SCN4_PIBXBSZAS4";"Exportações - bens e serviços - índice encadeado - dessaz. (média 1995 = 100) - ref. 2000";12;108
"1484";"Trimestral";"Macroeconômico";"Contas nacionais";"IBGE/SCN 2000 Trim.";"SCN4_PIBIEX4";"PIB - indústria - extrativa mineral - índice encadeado (média 1995 = 100) - ref. 2000";12;108
"1485";"Trimestral";"Macroeconômico";"Contas nacionais";"IBGE/SCN 2000 Trim.";"SCN4_DIFBKG4";"Capital - formação bruta - deflator implícito - var. - ref. 2000";12;108
"1486";"Trimestral";"Macroeconômico";"Contas nacionais";"IBGE/SCN 2000 Trim.";"SCN4_DICFPPG4";"Consumo final - famílias - deflator implícito - var. - ref. 2000";12;108
"1487";"Trimestral";"Macroeconômico";"Contas nacionais";"IBGE/SCN 2000 Trim.";"SCN4_PIBICCAS4";"PIB - indústria - construção - índice encadeado - dessaz. (média 1995 = 100) - ref. 2000";12;108
"1488";"Trimestral";"Macroeconômico";"Contas nacionais";"IBGE/SCN 2000 Trim.";"SCN4_MBSZI4";"Importações - bens e serviços - índice encadeado (média 1995 = 100) - ref. 2000";12;108
"1489";"Trimestral";"Macroeconômico";"Comércio exterior";"Funcex/Séries antigas";"FUNCEX4_XPACUC4";"Exportações - setor: açúcar - preços - índice (média 2006 = 100)";12;108
"1490";"Trimestral";"Macroeconômico";"Comércio exterior";"Funcex/Séries antigas";"FUNCEX4_MDPAGP4";"Importações - setor: agropecuária - preços - índice (média 2006 = 100)";11;116
"1491";"Trimestral";"Macroeconômico";"Balanço de pagamentos";"Bacen/BP (BPM5)";"BPN4_EROM4";"Balanço de pagamentos - erros e omissões (Antiga metod. - BPM5)";11;116
"1492";"Trimestral";"Macroeconômico";"Balanço de pagamentos";"Bacen/BP (BPM5)";"BPN4_FINIDE4";"Conta financeira - invest. diretos - estrang. no país - saldo (Antiga metod. - BPM5)";11;116
"1493";"Trimestral";"Macroeconômico";"Balanço de pagamentos";"Bacen/BP (BPM5)";"BPN4_MCI4";"Conta financeira - investimentos diretos - saldo (Antiga metod. - BPM5)";11;116
"1494";"Trimestral";"Macroeconômico";"Economia internacional";"FMI/IFS";"IFS4_CAMBUK4";"taxa de câmbio - libra esterlina / US$ - média";11;116
"1495";"Trimestral";"Macroeconômico";"Economia internacional";"Economist";"ECONMI4_USCCY4";"balanço - conta corrente - saldo (acum. 12 meses)";11;116
"1496";"Trimestral";"Macroeconômico";"Projeções";"IPEA";"Gac4_CUTIND4";"Utilização da capacidade - indústria - média - projeção";11;116
"1497";"Trimestral";"Macroeconômico";"Projeções";"IPEA";"Gac4_PIBPMAS4";"PIB - preços de mercado - índice encadeado - dessaz. (média 1990 = 100) - projeção";11;116
"1498";"Trimestral";"Macroeconômico";"Contas nacionais";"IPEA";"Gac4_FBKF804";"Capital fixo - formação bruta - índice real (média 1980 = 100)";10;124
"1499";"Trimestral";"Macroeconômico";"Projeções";"IPEA";"Gac4_FBKFPIBV4";"Taxa de investimento - preços correntes - projeção";10;124
"1500";"Trimestral";"Macroeconômico";"Contas nacionais";"IPEA";"Gac4_FBKFCCI4";"Capital fixo - formação bruta - construção civil - índice encadeado (média 1995 = 100)";10;124
"1501";"Trimestral";"Macroeconômico";"Moeda e crédito";"Outras fontes";"HIST4_M14";"M1 - fim período";10;124
"1502";"Trimestral";"Macroeconômico";"Economia internacional";"FMI/IFS";"IFS4_GDPUKN4";"PIB";10;124
"1503";"Trimestral";"Macroeconômico";"Balanço de pagamentos";"Bacen/BP (BPM5)";"BPN4_FINIDEEDES4";"Conta financeira - invest. diretos - estrang. no país - emprést. intercom. - amort. (Antiga metod. -";10;124
"1504";"Trimestral";"Macroeconômico";"Contas nacionais";"IBGE/SCN 2000 Trim.";"SCN4_NFB4";"Necessidade (-) ou capacidade (+) de financiamento - ref. 2000";10;124
"1505";"Trimestral";"Macroeconômico";"Contas nacionais";"IBGE/SCN 2000 Trim.";"SCN4_VESTON4";"Capital - formação bruta - variação de estoque - ref. 2000";10;124
"1506";"Trimestral";"Macroeconômico";"Contas nacionais";"IBGE/SCN 2000 Trim.";"SCN4_PIBICCBM4";"PIB - indústria - construção - base móvel (média do ano anterior = 100) - ref. 2000";10;124
"1507";"Trimestral";"Macroeconômico";"Contas nacionais";"IBGE/SCN 2000 Trim.";"SCN4_CFGGN4";"Consumo final - adm. pública - ref. 2000";10;124
"1508";"Trimestral";"Macroeconômico";"Contas nacionais";"IBGE/SCN 2000 Trim.";"SCN4_CFPPBM4";"Consumo final - famílias - base móvel (média do ano anterior = 100) - ref. 2000";10;124
"1509";"Trimestral";"Macroeconômico";"Contas nacionais";"IBGE/SCN 2000 Trim.";"SCN4_PIBSTR4";"PIB - serviços - transporte e correio - índice encadeado (média 1995 = 100) - ref. 2000";10;124
"1510";"Trimestral";"Macroeconômico";"Contas nacionais";"IBGE/SCN 2000 Trim.";"SCN4_DIVESTG4";"Capital - formação bruta - variação de estoque - deflator implícito - var. - ref. 2000";10;124
"1511";"Trimestral";"Macroeconômico";"Contas nacionais";"IBGE/SCN 2000 Trim.";"SCN4_PIBIEXV4";"PIB - indústria - extrativa mineral - ref. 2000";10;124
"1512";"Trimestral";"Macroeconômico";"Contas nacionais";"IBGE/SCN 2000 Trim.";"SCN4_PIBDUM4";"PIB - dummy financeiro - índice encadeado (média 1990 = 100) - ref. 2000";9;138
"1513";"Trimestral";"Macroeconômico";"Contas nacionais";"IBGE/SCN 2000 Trim.";"SCN4_PIBSERAS4";"PIB - serviços - índice encadeado - dessaz. (média 1995 = 100) - ref. 2000";9;138
"1514";"Trimestral";"Macroeconômico";"Contas nacionais";"IBGE/SCN 2000 Trim.";"SCN4_VESTOI4";"Capital - formação bruta - variação de estoque - índice encadeado (média 1995 = 100) - ref. 2000";9;138
"1515";"Trimestral";"Macroeconômico";"Contas nacionais";"IBGE/SCN 2000 Trim.";"SCN4_CFGGI4";"Consumo final - adm. pública - índice encadeado (média 1995 = 100) - ref. 2000";9;138
"1516";"Trimestral";"Macroeconômico";"Contas nacionais";"IBGE/SCN 2000 Trim.";"SCN4_PIBSER4";"PIB - serviços - índice encadeado (média 1995 = 100) - ref. 2000";9;138
"1517";"Trimestral";"Macroeconômico";"Finanças públicas";"Bacen/Not. Imp./F. Púb.";"BM4_NFEMPY4";"NFSP - estados e municípios - primário - c/ desvalorização cambial - acum. 4 trim.";9;138
"1518";"Trimestral";"Macroeconômico";"Economia internacional";"FMI/IFS";"IFS4_CAMBJAP4";"taxa de câmbio - iene japonês / US$ - média";9;138
"1519";"Trimestral";"Macroeconômico";"Economia internacional";"Economist";"ECONMI4_JPPIBG34";"PIB - var. real trimestral anualiz.";9;138
"1520";"Trimestral";"Macroeconômico";"Moeda e crédito";"Outras fontes";"HIST4_M24";"M2 - fim período";8;146
"1521";"Trimestral";"Macroeconômico";"Economia internacional";"FMI/IFS";"IFS4_CAMBARG4";"taxa de câmbio - peso argentino / US$ - média";8;146
"1522";"Trimestral";"Macroeconômico";"Economia internacional";"FMI/IFS";"IFS4_GDPEURON4";"PIB";8;146
"1523";"Trimestral";"Macroeconômico";"Economia internacional";"FMI/IFS";"IFS4_GDPMEXN4";"PIB";8;146
"1524";"Trimestral";"Macroeconômico";"Economia internacional";"FMI/IFS";"IFS4_SOJAGP4";"Commodities - soja em grão - cotação internacional";8;146
"1525";"Trimestral";"Macroeconômico";"Balanço de pagamentos";"Bacen/Boletim/BP";"BM4_DEXT4";"Dívida externa (exclui empréstimos intercompanhias)";8;146
"1526";"Trimestral";"Macroeconômico";"Contas nacionais";"IBGE/SCN 2000 Trim.";"SCN4_DIFBKFG4";"Capital fixo - formação bruta - deflator implícito - var. - ref. 2000";8;146
"1527";"Trimestral";"Macroeconômico";"Contas nacionais";"IBGE/SCN 2000 Trim.";"SCN4_CTI4";"Consumo final - índice encadeado (média 1995 = 100) - ref. 2000";8;146
"1528";"Trimestral";"Macroeconômico";"Balanço de pagamentos";"Bacen/BP (BPM5)";"BPN4_STKK4";"Conta capital e financeira - conta capital (Antiga metod. - BPM5)";8;146
"1529";"Trimestral";"Macroeconômico";"Balanço de pagamentos";"Bacen/BP (BPM5)";"BPN4_FINIDEREC4";"Conta financeira - invest. diretos - estrang. no país - ingressos (Antiga metod. - BPM5)";8;146
"1530";"Trimestral";"Macroeconômico";"Balanço de pagamentos";"Bacen/BP (BPM5)";"BPN4_SBP4";"Resultado global do balanço de pagamentos (Antiga metod. - BPM5)";8;146
"1531";"Trimestral";"Macroeconômico";"Balanço de pagamentos";"Bacen/BP (BPM5)";"BPN4_FINIDECREC4";"Conta financeira - invest. estrang. carteira - receitas (Antiga metod. - BPM5)";7;157
"1532";"Trimestral";"Macroeconômico";"Contas nacionais";"IBGE/SCN 2000 Trim.";"SCN4_PIBIVA4";"PIB - impostos sobre produtos - índice encadeado (média 1995 = 100) - ref. 2000";7;157
"1533";"Trimestral";"Macroeconômico";"Contas nacionais";"IBGE/SCN 2000 Trim.";"SCN4_PIBSCMN4";"PIB - serviços - serviços de informação - índice encadeado (média 1995 = 100) - ref. 2000";7;157
"1534";"Trimestral";"Macroeconômico";"Contas nacionais";"IBGE/SCN 2000 Trim.";"SCN4_PIBSCMNAS4";"PIB - serviços - serviços de informação - índice encadeado - dessaz. (média 1995 = 100) - ref. 2000";7;157
"1535";"Trimestral";"Macroeconômico";"Contas nacionais";"IBGE/SCN 2000 Trim.";"SCN4_PIBITRAS4";"PIB - indústria - transformação - índice encadeado - dessaz. (média 1995 = 100) - ref. 2000";7;157
"1536";"Trimestral";"Macroeconômico";"Finanças públicas";"Bacen/Not. Imp./F. Púb.";"BM4_NFEMPN4";"NFSP - estados e municípios - primário - c/ desvalorização cambial";7;157
"1537";"Trimestral";"Macroeconômico";"Finanças públicas";"Bacen/Not. Imp./F. Púb.";"BM4_NFSPPY4";"NFSP - setor público - primário - c/ desvalorização cambial - acum. 4 trim.";7;157
"1538";"Trimestral";"Macroeconômico";"Economia internacional";"FMI/IFS";"IFS4_GDPCANN4";"PIB";7;157
"1539";"Trimestral";"Macroeconômico";"Economia internacional";"FMI/IFS";"IFS4_GDPALE4";"PIB - índice (média 2005 = 100)";7;157
"1540";"Trimestral";"Macroeconômico";"Economia internacional";"Economist";"ECONMI4_EUROPIBG4";"PIB - var. real contra igual trimestre do ano anterior";7;157
"1541";"Trimestral";"Macroeconômico";"Projeções";"IPEA";"Gac4_PIB4";"PIB - preços básicos - índice encadeado (média 1990 = 100) - projeção";7;157
"1542";"Trimestral";"Macroeconômico";"Projeções";"IPEA";"Gac4_PIBITR4";"PIB - indústria - transformação - índice encadeado (média 1990 = 100) - projeção";7;157
"1543";"Trimestral";"Macroeconômico";"Projeções";"IPEA";"Gac4_XBSZI4";"Exportações - bens e serviços - índice encadeado (média 1990 = 100) - projeção";7;157
"1544";"Trimestral";"Macroeconômico";"Projeções";"IPEA";"Gac4_MTV4";"Importações - (FOB) - projeção";6;170
"1545";"Trimestral";"Macroeconômico";"Projeções";"IPEA";"Gac4_CTI4";"Consumo final - índice encadeado (média 1990 = 100) - projeção";6;170
"1546";"Trimestral";"Macroeconômico";"Projeções";"IPEA";"Gac4_PIBIVA4";"PIB - impostos sobre produtos - índice encadeado (média 1990 = 100) - projeção";6;170
"1547";"Trimestral";"Macroeconômico";"Projeções";"IPEA";"Gac4_PIBSCO4";"PIB - serviços - comércio - índice encadeado (média 1990 = 100) - projeção";6;170
"1548";"Trimestral";"Macroeconômico";"Projeções";"IPEA";"Gac4_TUR4";"Serviços e rendas - serviços - viagens internacionais - projeção";6;170
"1549";"Trimestral";"Macroeconômico";"Percepção e expectativa";"CNI";"CNI4_ICEIGER4";"Confiança do empresário industrial (ICEI) - geral";6;170
"1550";"Trimestral";"Macroeconômico";"Economia internacional";"FMI/IFS";"IFS4_GDPCOR4";"PIB - índice (média 2005 = 100)";6;170
"1551";"Trimestral";"Macroeconômico";"Economia internacional";"FMI/IFS";"IFS4_CAMBALE4";"taxa de câmbio - marco alemão / US$ - média";6;170
"1552";"Trimestral";"Macroeconômico";"Finanças públicas";"Bacen/Not. Imp./F. Púb.";"BM4_NFEEJNY4";"NFSP - estatais - juros nominais - c/ desvalorização cambial - acum. 4 trim.";6;170
"1553";"Trimestral";"Macroeconômico";"Comércio exterior";"Funcex/Séries antigas";"FUNCEX4_XQMAQ4";"Exportações - setor: máquinas e tratores - quantum - índice (média 2006 = 100)";6;170
"1554";"Trimestral";"Macroeconômico";"Comércio exterior";"Funcex/Séries antigas";"FUNCEX4_XRPAP4";"Exportações - setor: celulose, papel e gráfica - rentabilidade - índice (2003.III = 100)";6;170
"1555";"Trimestral";"Macroeconômico";"Balanço de pagamentos";"Bacen/BP (BPM5)";"BPN4_FINIDEDES4";"Conta financeira - invest. diretos - estrang. no país - saídas (Antiga metod. - BPM5)";6;170
"1556";"Trimestral";"Macroeconômico";"Balanço de pagamentos";"Bacen/BP (BPM5)";"BPN4_JURDES4";"Serviços e rendas - rendas - juros - despesas (Antiga metod. - BPM5)";6;170
"1557";"Trimestral";"Macroeconômico";"Balanço de pagamentos";"Bacen/BP (BPM5)";"BPN4_FINIOUT4";"Conta financeira - invest. - outros (Antiga metod. - BPM5)";6;170
"1558";"Trimestral";"Macroeconômico";"Balanço de pagamentos";"Bacen/BP (BPM5)";"BPN4_TUN4";"Transferências unilaterais correntes - saldo (Antiga metod. - BPM5)";5;184
"1559";"Trimestral";"Macroeconômico";"Balanço de pagamentos";"Bacen/BP (BPM5)";"BPN4_STK4";"Conta capital e financeira - saldo (Antiga metod. - BPM5)";5;184
"1560";"Trimestral";"Macroeconômico";"Balanço de pagamentos";"Bacen/BP (BPM5)";"BPN4_TRP4";"Serviços e rendas - serviços - transportes - saldo (Antiga metod. - BPM5)";5;184
"1561";"Trimestral";"Macroeconômico";"Balanço de pagamentos";"Bacen/BP (BPM5)";"BPN4_FINIBOUT4";"Conta financeira - invest. brasil. - outros (Antiga metod. - BPM5)";5;184
"1562";"Trimestral";"Macroeconômico";"Comércio exterior";"Funcex/Séries antigas";"FUNCEX4_XRACUC4";"Exportações - setor: açúcar - rentabilidade - índice (2003.III = 100)";5;184
"1563";"Trimestral";"Macroeconômico";"Comércio exterior";"Funcex/Séries antigas";"FUNCEX4_XQAGP4";"Exportações - setor: agropecuária - quantum - índice (média 2006 = 100)";5;184
"1564";"Trimestral";"Macroeconômico";"Contas nacionais";"IBGE/SCN 2000 Trim.";"SCN4_PIBSAPAS4";"PIB - serviços - adm., saúde e ed. públicas - índice encadeado - dessaz. (média 1995=100) - ref.2010";5;184
"1565";"Trimestral";"Macroeconômico";"Contas nacionais";"IBGE/SCN 2000 Trim.";"SCN4_PIBSALAS4";"PIB - serviços - imobiliárias e aluguel - índice encadeado - dessaz. (média 1995 = 100) - ref. 2000";5;184
"1566";"Trimestral";"Macroeconômico";"Contas nacionais";"IBGE/SCN 2000 Trim.";"SCN4_PIBSCO4";"PIB - serviços - comércio - índice encadeado (média 1995 = 100) - ref. 2000";5;184
"1567";"Trimestral";"Macroeconômico";"Contas nacionais";"IBGE/SCN 2000 Trim.";"SCN4_DICTG4";"Consumo final - deflator implícito - var. - ref. 2000";5;184
"1568";"Trimestral";"Macroeconômico";"Contas nacionais";"IBGE/SCN 2000 Trim.";"SCN4_PIBSCOAS4";"PIB - serviços - comércio - índice encadeado - dessaz. (média 1995 = 100) - ref. 2000";5;184
"1569";"Trimestral";"Macroeconômico";"Contas nacionais";"IBGE/SCN 2000 Trim.";"SCN4_FBKBM4";"Capital - formação bruta - base móvel (média do ano anterior = 100) - ref. 2000";5;184
"1570";"Trimestral";"Macroeconômico";"Contas nacionais";"IBGE/SCN 2000 Trim.";"SCN4_DIXBSZG4";"Exportações - bens e serviços - deflator implícito - var. - ref. 2000";5;184
"1571";"Trimestral";"Macroeconômico";"Contas nacionais";"IBGE/SCN 2000 Trim.";"SCN4_PIBIUP4";"PIB - indústria - eletricidade, gás e água - índice encadeado (média 1995 = 10 - ref. 2000";5;184
"1572";"Trimestral";"Macroeconômico";"Contas nacionais";"IBGE/SCN 2000 Trim.";"SCN4_PIBSAP4";"PIB - serviços - adm., saúde e educação públicas - índice encadeado (média 1995 = 100) - ref. 2000";5;184
"1573";"Trimestral";"Macroeconômico";"Contas nacionais";"IBGE/SCN 2000 Trim.";"SCN4_PIBSAL4";"PIB - serviços - imobiliárias e aluguel - índice encadeado (média 1995 = 100) - ref. 2000";5;184
"1574";"Trimestral";"Macroeconômico";"Contas nacionais";"IBGE/SCN 2000 Trim.";"SCN4_PIBSCOBM4";"PIB - serviços - comércio - base móvel (média do ano anterior = 100) - ref. 2000";5;184
"1575";"Trimestral";"Macroeconômico";"Contas nacionais";"IBGE/SCN 2000 Trim.";"SCN4_FBKFBM4";"Capital fixo - formação bruta - base móvel (média do ano anterior = 100) - ref. 2000";5;184
"1576";"Trimestral";"Macroeconômico";"Contas nacionais";"IBGE/SCN 2000 Trim.";"SCN4_PIBIUPAS4";"PIB - indústria - eletricidade, gás e água - índice encadeado - dessaz. (média - ref. 2000";5;184
"1577";"Trimestral";"Macroeconômico";"Contas nacionais";"IBGE/SCN 2000 Trim.";"SCN4_PIBIUPV4";"PIB - indústria - eletricidade, gás e água - ref. 2000";5;184
"1578";"Trimestral";"Macroeconômico";"Finanças públicas";"Bacen/Not. Imp./F. Púb.";"BM4_NFGFJNY4";"NFSP - gov. federal e Banco Central - juros nominais - c/ desvalorização cambial - acum. 4 trim.";5;184
"1579";"Trimestral";"Macroeconômico";"Finanças públicas";"Bacen/Not. Imp./F. Púb.";"BM4_NFEMPNA4";"NFSP - estados e municípios - primário - c/ desvalorização cambial - acum. 4 trim.";5;184
"1580";"Trimestral";"Macroeconômico";"Economia internacional";"FMI/IFS";"IFS4_CAMBCAN4";"taxa de câmbio - dólar canadense / US$ - média";5;184
"1581";"Trimestral";"Macroeconômico";"Economia internacional";"FMI/IFS";"IFS4_TJPRIMEUA4";"taxa de juros - Prime";5;184
"1582";"Trimestral";"Macroeconômico";"Economia internacional";"FMI/IFS";"IFS4_GDPESPN4";"PIB";5;184
"1583";"Trimestral";"Macroeconômico";"Economia internacional";"FMI/IFS";"IFS4_GDPCHI4";"PIB - índice (média 2005 = 100)";5;184
"1584";"Trimestral";"Macroeconômico";"Economia internacional";"FMI/IFS";"IFS4_GDPMEX4";"PIB - índice (média 2005 = 100)";5;184
"1585";"Trimestral";"Macroeconômico";"Economia internacional";"Economist";"ECONMI4_FRPIBG4";"PIB - var. real contra igual trimestre do ano anterior";5;184
"1586";"Trimestral";"Macroeconômico";"Economia internacional";"Economist";"ECONMI4_ALPIBG34";"PIB - var. real trimestral anualiz.";5;184
"1587";"Trimestral";"Macroeconômico";"Economia internacional";"Economist";"ECONMI4_CAPIBG4";"PIB - var. real contra igual trimestre do ano anterior";5;184
"1588";"Trimestral";"Macroeconômico";"Moeda e crédito";"Outras fontes";"HIST4_PME4";"M0 - base monetária - papel moeda emitido - fim período";5;184
"1589";"Trimestral";"Macroeconômico";"Projeções";"IPEA";"Gac4_LUD4";"Serviços e rendas - rendas - lucros e dividendos  - projeção";5;184
"1590";"Trimestral";"Macroeconômico";"Projeções";"IPEA";"Gac4_JUR4";"Serviços e rendas - rendas - juros  - projeção";5;184
"1591";"Trimestral";"Macroeconômico";"Projeções";"IPEA";"Gac4_PIBSERAS4";"PIB - serviços - índice encadeado - dessaz. (média 1990 = 100) - projeção";4;217
"1592";"Trimestral";"Macroeconômico";"Projeções";"IPEA";"Gac4_PIBSER4";"PIB - serviços - índice encadeado (média 1990 = 100) - projeção";4;217
"1593";"Trimestral";"Macroeconômico";"Moeda e crédito";"Outras fontes";"HIST4_PMPP4";"M1 - papel-moeda em poder do público - fim período";4;217
"1594";"Trimestral";"Macroeconômico";"Moeda e crédito";"Outras fontes";"HIST4_DEP4";"M2 - depósitos à prazo - fim período";4;217
"1595";"Trimestral";"Macroeconômico";"Economia internacional";"Economist";"ECONMI4_EUROPIBG34";"PIB - var. real trimestral anualiz.";4;217
"1596";"Trimestral";"Macroeconômico";"Economia internacional";"Economist";"ECONMI4_FRPPG4";"preços ao produtor - var. contra igual trimestre do ano anterior";4;217
"1597";"Trimestral";"Macroeconômico";"Economia internacional";"FMI/IFS";"IFS4_GDPCORN4";"PIB";4;217
"1598";"Trimestral";"Macroeconômico";"Finanças públicas";"Bacen/Not. Imp./F. Púb.";"BM4_NFEMNY4";"NFSP - estados e municípios - nominal - c/ desvalorização cambial - acum. 4 trim.";4;217
"1599";"Trimestral";"Macroeconômico";"Contas nacionais";"IBGE/SCN 2000 Trim.";"SCN4_PIBIUPBM4";"PIB - indústria - eletricidade, gás e água - base móvel (média do ano anterior - ref. 2000";4;217
"1600";"Trimestral";"Macroeconômico";"Contas nacionais";"IBGE/SCN 2000 Trim.";"SCN4_PIBSERBM4";"PIB - serviços - base móvel (média do ano anterior = 100) - ref. 2000";4;217
"1601";"Trimestral";"Macroeconômico";"Contas nacionais";"IBGE/SCN 2000 Trim.";"SCN4_PIBSAPBM4";"PIB - serviços - adm., saúde e ed. públicas - base móvel (média do ano anterior = 100) - ref. 2000";4;217
"1602";"Trimestral";"Macroeconômico";"Contas nacionais";"IBGE/SCN 2000 Trim.";"SCN4_PIBSCOV4";"PIB - serviços - comércio - ref. 2000";4;217
"1603";"Trimestral";"Macroeconômico";"Contas nacionais";"IBGE/SCN 2000 Trim.";"SCN4_PIBSTRAS4";"PIB - serviços - transporte e correio - índice encadeado - dessaz. (média 1995 = 100) - ref. 2000";4;217
"1604";"Trimestral";"Macroeconômico";"Contas nacionais";"IBGE/SCN 2000 Trim.";"SCN4_PIBSIFAS4";"PIB - serviços - intermediação financeira - índice encadeado - dessaz. (média - ref. 2000";4;217
"1605";"Trimestral";"Macroeconômico";"Contas nacionais";"IBGE/SCN 2000 Trim.";"SCN4_PIBSOSAS4";"PIB - serviços - outros - índice encadeado - dessaz. (média 1995 = 100) - ref. 2000";4;217
"1606";"Trimestral";"Macroeconômico";"Contas nacionais";"IBGE/SCN 2000 Trim.";"SCN4_PIBSOS4";"PIB - serviços - outros - índice encadeado (média 1995 = 100) - ref. 2000";4;217
"1607";"Trimestral";"Macroeconômico";"Contas nacionais";"IBGE/SCN 2000 Trim.";"SCN4_DICFGGG4";"Consumo final - adm. pública - deflator implícito - var. - ref. 2000";4;217
"1608";"Trimestral";"Macroeconômico";"Contas nacionais";"IBGE/SCN 2000 Trim.";"SCN4_PIBSIF4";"PIB - serviços - intermediação financeira - índice encadeado (média 1995 = 100 - ref. 2000";4;217
"1609";"Trimestral";"Macroeconômico";"Comércio exterior";"Funcex/Séries antigas";"FUNCEX4_MDPTEXT4";"Importações - setor: têxtil - preços - índice (média 2006 = 100)";4;217
"1610";"Trimestral";"Macroeconômico";"Comércio exterior";"Funcex/Séries antigas";"FUNCEX4_MDQTEXT4";"Importações - setor: têxtil - quantum - índice (média 2006 = 100)";4;217
"1611";"Trimestral";"Macroeconômico";"Comércio exterior";"Funcex/Séries antigas";"FUNCEX4_XPCAFE4";"Exportações - setor: café - preços - índice (média 2006 = 100)";4;217
"1612";"Trimestral";"Macroeconômico";"Comércio exterior";"Funcex/Séries antigas";"FUNCEX4_XQACUC4";"Exportações - setor: açúcar - quantum - índice (média 2006 = 100)";4;217
"1613";"Trimestral";"Macroeconômico";"Comércio exterior";"Funcex/Séries antigas";"FUNCEX4_XQTEXT4";"Exportações - setor: têxtil - quantum - índice (média 2006 = 100)";4;217
"1614";"Trimestral";"Macroeconômico";"Comércio exterior";"Funcex/Séries antigas";"FUNCEX4_XRMAQ4";"Exportações - setor: máquinas e tratores - rentabilidade - índice (2003.III = 100)";4;217
"1615";"Trimestral";"Macroeconômico";"Comércio exterior";"Funcex/Séries antigas";"FUNCEX4_XQEXT4";"Exportações - setor: extrativa mineral - quantum - índice (média 2006 = 100)";4;217
"1616";"Trimestral";"Macroeconômico";"Comércio exterior";"Funcex/Séries antigas";"FUNCEX4_XQAUT4";"Exportações - setor: veículos automotores - quantum - índice (média 2006 = 100)";4;217
"1617";"Trimestral";"Macroeconômico";"Comércio exterior";"Funcex/Séries antigas";"FUNCEX4_XPTEXT4";"Exportações - setor: têxtil - preços - índice (média 2006 = 100)";4;217
"1618";"Trimestral";"Macroeconômico";"Comércio exterior";"Funcex/Séries antigas";"FUNCEX4_XQSID4";"Exportações - setor: siderurgia - quantum - índice (média 2006 = 100)";4;217
"1619";"Trimestral";"Macroeconômico";"Comércio exterior";"Funcex/Séries antigas";"FUNCEX4_XQBOR4";"Exportações - setor: borracha - quantum - índice (média 2006 = 100)";4;217
"1620";"Trimestral";"Macroeconômico";"Balanço de pagamentos";"Bacen/BP (BPM5)";"BPN4_SERDES4";"Serviços e rendas - despesas (Antiga metod. - BPM5)";4;217
"1621";"Trimestral";"Macroeconômico";"Balanço de pagamentos";"Bacen/BP (BPM5)";"BPN4_SER4";"Serviços e rendas - saldo (Antiga metod. - BPM5)";4;217
"1622";"Trimestral";"Macroeconômico";"Balanço de pagamentos";"Bacen/BP (BPM5)";"BPN4_SEG4";"Serviços e rendas - serviços - seguros - saldo (Antiga metod. - BPM5)";4;217
"1623";"Trimestral";"Macroeconômico";"Balanço de pagamentos";"Bacen/BP (BPM5)";"BPN4_FINIDBEREC4";"Conta financeira - invest. diretos - brasil. no ext. - emprést. intercom. - amort. (Antiga metod. -";4;217
"1624";"Trimestral";"Macroeconômico";"Balanço de pagamentos";"Bacen/BP (BPM5)";"BPN4_SERSR4";"Serviços e rendas - serviços - royalties e licenças - saldo (Antiga metod. - BPM5)";3;250
"1625";"Trimestral";"Macroeconômico";"Balanço de pagamentos";"Bacen/BP (BPM5)";"BPN4_AMPL4";"Usos e fontes - usos - amortizações - médio / longo prazos (Antiga metod. - BPM5)";3;250
"1626";"Trimestral";"Macroeconômico";"Balanço de pagamentos";"Bacen/BP (BPM5)";"BPN4_SERSRDES4";"Serviços e rendas - serviços - royalties e licenças - despesas (Antiga metod. - BPM5)";3;250
"1627";"Trimestral";"Macroeconômico";"Balanço de pagamentos";"Bacen/BP (BPM5)";"BPN4_FINIDC4";"Conta financeira - invest. carteira (Antiga metod. - BPM5)";3;250
"1628";"Trimestral";"Macroeconômico";"Balanço de pagamentos";"Bacen/BP (BPM5)";"BPN4_TUNDES4";"Transferências unilaterais correntes - despesas (Antiga metod. - BPM5)";3;250
"1629";"Trimestral";"Macroeconômico";"Balanço de pagamentos";"Bacen/BP (BPM5)";"BPN4_JURREC4";"Serviços e rendas - rendas - juros - receitas (Antiga metod. - BPM5)";3;250
"1630";"Trimestral";"Macroeconômico";"Balanço de pagamentos";"Bacen/BP (BPM5)";"BPN4_JUR4";"Serviços e rendas - rendas - juros - saldo (Antiga metod. - BPM5)";3;250
"1631";"Trimestral";"Macroeconômico";"Balanço de pagamentos";"Bacen/BP (BPM5)";"BPN4_STF4";"Conta capital e financeira - conta financeira (Antiga metod. - BPM5)";3;250
"1632";"Trimestral";"Macroeconômico";"Comércio exterior";"Funcex/Séries antigas";"FUNCEX4_XQQDIV4";"Exportações - setor: químicos diversos - quantum - índice (média 2006 = 100)";3;250
"1633";"Trimestral";"Macroeconômico";"Comércio exterior";"Funcex/Séries antigas";"FUNCEX4_XRSID4";"Exportações - setor: siderurgia - rentabilidade - índice (2003.III = 100)";3;250
"1634";"Trimestral";"Macroeconômico";"Comércio exterior";"Funcex/Séries antigas";"FUNCEX4_XRTEXT4";"Exportações - setor: têxtil - rentabilidade - índice (2003.III = 100)";3;250
"1635";"Trimestral";"Macroeconômico";"Comércio exterior";"Funcex/Séries antigas";"FUNCEX4_XQEQP4";"Exportações - setor: equipamentos eletrônicos - quantum - índice (média 2006 = 100)";3;250
"1636";"Trimestral";"Macroeconômico";"Comércio exterior";"Funcex/Séries antigas";"FUNCEX4_XQELET4";"Exportações - setor: material elétrico - quantum - índice (média 2006 = 100)";3;250
"1637";"Trimestral";"Macroeconômico";"Comércio exterior";"Funcex/Séries antigas";"FUNCEX4_MDQELET4";"Importações - setor: material elétrico - quantum - índice (média 2006 = 100)";3;250
"1638";"Trimestral";"Macroeconômico";"Comércio exterior";"Funcex/Séries antigas";"FUNCEX4_XQPAP4";"Exportações - setor: celulose, papel e gráfica - quantum - índice (média 2006 = 100)";3;250
"1639";"Trimestral";"Macroeconômico";"Comércio exterior";"Funcex/Séries antigas";"FUNCEX4_XQIDIV4";"Exportações - setor: indústrias diversas - quantum - índice (média 2006 = 100)";3;250
"1640";"Trimestral";"Macroeconômico";"Comércio exterior";"Funcex/Séries antigas";"FUNCEX4_XPPET4";"Exportações - setor: refino de petróleo - preços - índice (média 2006 = 100)";3;250
"1641";"Trimestral";"Macroeconômico";"Comércio exterior";"Funcex/Séries antigas";"FUNCEX4_XPMAQ4";"Exportações - setor: máquinas e tratores - preços - índice (média 2006 = 100)";3;250
"1642";"Trimestral";"Macroeconômico";"Contas nacionais";"IBGE/SCN 2000 Trim.";"SCN4_PIBIEXAS4";"PIB - indústria - extrativa mineral - índice encadeado - dessaz. (média 1995 = 100) - ref. 2000";3;250
"1643";"Trimestral";"Macroeconômico";"Comércio exterior";"Funcex/Séries antigas";"FUNCEX4_MDPPETC4";"Importações - setor: petróleo e carvão - preços - índice (média 2006 = 100)";3;250
"1644";"Trimestral";"Macroeconômico";"Contas nacionais";"IBGE/SCN 2000 Trim.";"SCN4_DIMBSZG4";"Importações - bens e serviços - deflator implícito - var. - ref. 2000";3;250
"1645";"Trimestral";"Macroeconômico";"Contas nacionais";"IBGE/SCN 2000 Trim.";"SCN4_PIBSCMNV4";"PIB - serviços - serviços de informação - ref. 2000";3;250
"1646";"Trimestral";"Macroeconômico";"Contas nacionais";"IBGE/SCN 2000 Trim.";"SCN4_PIBIVABM4";"PIB - impostos sobre produtos - base móvel (média do ano anterior = 100) - ref. 2000";3;250
"1647";"Trimestral";"Macroeconômico";"Contas nacionais";"IBGE/SCN 2000 Trim.";"SCN4_PIBCGGAS4";"Consumo final - adm. pública - índice encadeado - dessaz. (média 1995 = 100) - ref. 2000";3;250
"1648";"Trimestral";"Macroeconômico";"Contas nacionais";"IBGE/SCN 2000 Trim.";"SCN4_PIBSTRBM4";"PIB - serviços - transporte e correio - base móvel (média do ano anterior = 100) - ref. 2000";3;250
"1649";"Trimestral";"Macroeconômico";"Contas nacionais";"IBGE/SCN 2000 Trim.";"SCN4_PIBSTRV4";"PIB - serviços - transporte e correio - ref. 2000";3;250
"1650";"Trimestral";"Macroeconômico";"Finanças públicas";"Bacen/Not. Imp./F. Púb.";"BM4_NFSPNN4";"NFSP - setor público - nominal - c/ desvalorização cambial";3;250
"1651";"Trimestral";"Macroeconômico";"Finanças públicas";"Bacen/Not. Imp./F. Púb.";"BM4_NFSPNNA4";"NFSP - setor público - nominal - c/ desvalorização cambial - acum. 4 trim.";3;250
"1652";"Trimestral";"Macroeconômico";"Finanças públicas";"Bacen/Not. Imp./F. Púb.";"BM4_NFEMJNNA4";"NFSP - estados e municípios - juros nominais - c/ desvalorização cambial - acum. 4 trim.";3;250
"1653";"Trimestral";"Macroeconômico";"Finanças públicas";"Bacen/Not. Imp./F. Púb.";"BM4_NFSPPNA4";"NFSP - setor público - primário - c/ desvalorização cambial - acum. 4 trim.";3;250
"1654";"Trimestral";"Macroeconômico";"Economia internacional";"FMI/IFS";"IFS4_GDPESP4";"PIB - índice (média 2005 = 100)";3;250
"1655";"Trimestral";"Macroeconômico";"Economia internacional";"FMI/IFS";"IFS4_GDPEURO4";"PIB - índice (média 2005 = 100)";3;250
"1656";"Trimestral";"Macroeconômico";"Economia internacional";"FMI/IFS";"IFS4_GDPUK4";"PIB - índice (média 2005 = 100)";3;250
"1657";"Trimestral";"Macroeconômico";"Economia internacional";"FMI/IFS";"IFS4_GDPITAN4";"PIB";3;250
"1658";"Trimestral";"Macroeconômico";"Economia internacional";"FMI/IFS";"IFS4_CAMBMEX4";"taxa de câmbio - peso novo mexicano / US$ - média";3;250
"1659";"Trimestral";"Macroeconômico";"Economia internacional";"FMI/IFS";"IFS4_CAMBEURO4";"taxa de câmbio - euro / US$ - média";3;250
"1660";"Trimestral";"Macroeconômico";"Economia internacional";"FMI/IFS";"IFS4_IPCARG4";"IPC - índice (média 2005 = 100)";3;250
"1661";"Trimestral";"Macroeconômico";"Economia internacional";"FMI/IFS";"IFS4_GDPBELN4";"PIB";3;250
"1662";"Trimestral";"Macroeconômico";"Economia internacional";"FMI/IFS";"IFS4_GDPITA4";"PIB - índice (média 2005 = 100)";3;250
"1663";"Trimestral";"Macroeconômico";"Moeda e crédito";"Outras fontes";"HIST4_REBAM4";"M0 - base monetária - papel moeda emitido - caixa nas autoridades monetárias - fim período";3;250
"1664";"Trimestral";"Macroeconômico";"Moeda e crédito";"Outras fontes";"HIST4_DEV4";"M1 - depósitos à vista - fim período";3;250
"1665";"Trimestral";"Macroeconômico";"Projeções";"IPEA";"Gac4_STC4";"Transações correntes - saldo - projeção";3;250
"1666";"Trimestral";"Macroeconômico";"Projeções";"IPEA";"Gac4_FONINV4";"Usos e fontes - fontes - investimento - ações e papéis domésticos - longo prazo - projeção";2;292
"1667";"Trimestral";"Macroeconômico";"Projeções";"IPEA";"Gac4_IEDL4";"Conta financeira - investimentos diretos - estrang. no país - participação no capital - projeção";2;292
"1668";"Trimestral";"Macroeconômico";"Projeções";"IPEA";"Gac4_CFGGI4";"Consumo final - adm. pública - índice encadeado (média 1990 = 100) - projeção";2;292
"1669";"Trimestral";"Macroeconômico";"Projeções";"IPEA";"Gac4_PIBSTR4";"PIB - serviços - transportes - índice encadeado (média 1990 = 100) - projeção";2;292
"1670";"Trimestral";"Macroeconômico";"Projeções";"IPEA";"Gac4_SERSOUT4";"Serviços e rendas - serviços - outros serviços - projeção";2;292
"1671";"Trimestral";"Macroeconômico";"Projeções";"IPEA";"Gac4_EMPBCB4";"Usos e fontes - fontes - empréstimos ao Banco Central - projeção";2;292
"1672";"Trimestral";"Macroeconômico";"Projeções";"IPEA";"Gac4_SERS4";"Serviços e rendas - serviços - projeção";2;292
"1673";"Trimestral";"Macroeconômico";"Finanças públicas";"IPEA";"GAMMA4_IMPINDR4";"Imposto inflacionário - real - método 2B";2;292
"1674";"Trimestral";"Macroeconômico";"Moeda e crédito";"Outras fontes";"HIST4_REBBC4";"M0 - base monetária - papel moeda emitido - caixa nos bancos comerciais - fim período";2;292
"1675";"Trimestral";"Macroeconômico";"Economia internacional";"Economist";"ECONMI4_FRWG4";"salário - var. contra igual trimestre do ano anterior";2;292
"1676";"Trimestral";"Macroeconômico";"Economia internacional";"Economist";"ECONMI4_ITPIBG4";"PIB - var. real contra igual trimestre do ano anterior";2;292
"1677";"Trimestral";"Macroeconômico";"Economia internacional";"Economist";"ECONMI4_UKPIBG4";"PIB - var. real contra igual trimestre do ano anterior";2;292
"1678";"Trimestral";"Macroeconômico";"Economia internacional";"FMI/IFS";"IFS4_GDPHOLN4";"PIB";2;292
"1679";"Trimestral";"Macroeconômico";"Economia internacional";"FMI/IFS";"IFS4_IPAPAR4";"IPA - índice (média 2005 = 100)";2;292
"1680";"Trimestral";"Macroeconômico";"Economia internacional";"FMI/IFS";"IFS4_GDPCAN4";"PIB - índice (média 2005 = 100)";2;292
"1681";"Trimestral";"Macroeconômico";"Economia internacional";"FMI/IFS";"IFS4_GDPBEL4";"PIB - índice (média 2005 = 100)";2;292
"1682";"Trimestral";"Macroeconômico";"Economia internacional";"FMI/IFS";"IFS4_GDPFRAN4";"PIB";2;292
"1683";"Trimestral";"Macroeconômico";"Economia internacional";"FMI/IFS";"IFS4_TJGBY10AEUA4";"taxa de juros - bônus governamental - maturidade 10 anos";2;292
"1684";"Trimestral";"Macroeconômico";"Economia internacional";"FMI/IFS";"IFS4_SOJAOP4";"Commodities - óleo de soja - cotação internacional";2;292
"1685";"Trimestral";"Macroeconômico";"Economia internacional";"FMI/IFS";"IFS4_GDPFRA4";"PIB - índice (média 2005 = 100)";2;292
"1686";"Trimestral";"Macroeconômico";"Balanço de pagamentos";"Bacen/Not. Imp./Set. Ext.";"BPN4_STCPIB4";"Transações correntes - últimos 12 meses (Antiga metod. - BPM5)";2;292
"1687";"Trimestral";"Macroeconômico";"Finanças públicas";"Bacen/Not. Imp./F. Púb.";"BM4_NFSPJNNA4";"NFSP - setor público - juros nominais - c/ desvalorização cambial - acum. 4 trim.";2;292
"1688";"Trimestral";"Macroeconômico";"Finanças públicas";"Bacen/Not. Imp./F. Púb.";"BM4_NFGFNY4";"NFSP - gov. federal e Banco Central - nominal - c/ desvalorização cambial - acum. 4 trim.";2;292
"1689";"Trimestral";"Macroeconômico";"Finanças públicas";"Bacen/Not. Imp./F. Púb.";"BM4_NFSPPN4";"NFSP - setor público - primário - c/ desvalorização cambial";2;292
"1690";"Trimestral";"Macroeconômico";"Finanças públicas";"Bacen/Not. Imp./F. Púb.";"BM4_NFSPON4";"NFSP - setor público - operacional - c/ desvalorização cambial";2;292
"1691";"Trimestral";"Macroeconômico";"Finanças públicas";"Bacen/Not. Imp./F. Púb.";"BM4_NFSPNY4";"NFSP - setor público - nominal - c/ desvalorização cambial - acum. 4 trim.";2;292
"1692";"Trimestral";"Macroeconômico";"Finanças públicas";"Bacen/Not. Imp./F. Púb.";"BM4_NFSPOY4";"NFSP - setor público - operacional - c/ desvalorização cambial - acum. 4 trim.";2;292
"1693";"Trimestral";"Macroeconômico";"Comércio exterior";"Funcex/Séries antigas";"FUNCEX4_XQMAD4";"Exportações - setor: madeira e mobiliário - quantum - índice (média 2006 = 100)";2;292
"1694";"Trimestral";"Macroeconômico";"Comércio exterior";"Funcex/Séries antigas";"FUNCEX4_XPBOR4";"Exportações - setor: borracha - preços - índice (média 2006 = 100)";2;292
"1695";"Trimestral";"Macroeconômico";"Comércio exterior";"Funcex/Séries antigas";"FUNCEX4_MDQBVEG4";"Importações - setor: beneficiamento de produtos vegetais - quantum - índice (média 2006 = 100)";2;292
"1696";"Trimestral";"Macroeconômico";"Comércio exterior";"Funcex/Séries antigas";"FUNCEX4_MDQLAT4";"Importações - setor: laticínios - quantum - índice (média 2006 = 100)";2;292
"1697";"Trimestral";"Macroeconômico";"Comércio exterior";"Funcex/Séries antigas";"FUNCEX4_XRCAFE4";"Exportações - setor: café - rentabilidade - índice (2003.III = 100)";2;292
"1698";"Trimestral";"Macroeconômico";"Comércio exterior";"Funcex/Séries antigas";"FUNCEX4_MDQMAQ4";"Importações - setor: máquinas e tratores - quantum - índice (média 2006 = 100)";2;292
"1699";"Trimestral";"Macroeconômico";"Comércio exterior";"Funcex/Séries antigas";"FUNCEX4_XQBVEG4";"Exportações - setor: beneficiamento de produtos vegetais - quantum - índice (média 2006 = 100)";2;292
"1700";"Trimestral";"Macroeconômico";"Comércio exterior";"Funcex/Séries antigas";"FUNCEX4_XQPET4";"Exportações - setor: refino de petróleo - quantum - índice (média 2006 = 100)";2;292
"1701";"Trimestral";"Macroeconômico";"Comércio exterior";"Funcex/Séries antigas";"FUNCEX4_XQCAL4";"Exportações - setor: calçados - quantum - índice (média 2006 = 100)";2;292
"1702";"Trimestral";"Macroeconômico";"Comércio exterior";"Funcex/Séries antigas";"FUNCEX4_XQMNF4";"Exportações - setor: metalurgia não ferrosos - quantum - índice (média 2006 = 100)";2;292
"1703";"Trimestral";"Macroeconômico";"Comércio exterior";"Funcex/Séries antigas";"FUNCEX4_XQMNM4";"Exportações - setor: minerais não metálicos - quantum - índice (média 2006 = 100)";2;292
"1704";"Trimestral";"Macroeconômico";"Comércio exterior";"Funcex/Séries antigas";"FUNCEX4_XRQUIM4";"Exportações - setor: elementos químicos - rentabilidade - índice (2003.III = 100)";2;292
"1705";"Trimestral";"Macroeconômico";"Comércio exterior";"Funcex/Séries antigas";"FUNCEX4_XRPET4";"Exportações - setor: refino de petróleo - rentabilidade - índice (2003.III = 100)";2;292
"1706";"Trimestral";"Macroeconômico";"Comércio exterior";"Funcex/Séries antigas";"FUNCEX4_XRBOR4";"Exportações - setor: borracha - rentabilidade - índice (2003.III = 100)";2;292
"1707";"Trimestral";"Macroeconômico";"Comércio exterior";"Funcex/Séries antigas";"FUNCEX4_XQOPM4";"Exportações - setor: outros produtos metalúrgicos - quantum - índice (média 2006 = 100)";2;292
"1708";"Trimestral";"Macroeconômico";"Contas nacionais";"IBGE/SCN 2000 Trim.";"SCN4_PIBSCMNBM4";"PIB - serviços - serviços de informação - base móvel (média do ano anterio = 100) - ref. 2000";2;292
"1709";"Trimestral";"Macroeconômico";"Contas nacionais";"IBGE/SCN 2000 Trim.";"SCN4_PIBSAPV4";"PIB - serviços - administração, saúde e educação públicas - ref. 2000";2;292
"1710";"Trimestral";"Macroeconômico";"Contas nacionais";"IBGE/SCN 2000 Trim.";"SCN4_PIBSALBM4";"PIB - serviços - imobiliárias e aluguel - base móvel (média do ano anterior = 100) - ref. 2000";2;292
"1711";"Trimestral";"Macroeconômico";"Contas nacionais";"IBGE/SCN 2000 Trim.";"SCN4_CFGGBM4";"Consumo final - adm. pública - base móvel (média do ano anterior = 100) - ref. 2000";2;292
"1712";"Trimestral";"Macroeconômico";"Contas nacionais";"IBGE/SCN 2000 Trim.";"SCN4_PIBSIFV4";"PIB - serviços - intermediação financeira - ref. 2000";2;292
"1713";"Trimestral";"Macroeconômico";"Contas nacionais";"IBGE/SCN 2000 Trim.";"SCN4_PIBSALV4";"PIB - serviços - imobiliárias e aluguel - ref. 2000";2;292
"1714";"Trimestral";"Macroeconômico";"Contas nacionais";"IBGE/SCN 2000 Trim.";"SCN4_VESTOBM4";"Capital - formação bruta - variação de estoque - base móvel (média do ano anterior =100) - ref. 2000";2;292
"1715";"Trimestral";"Macroeconômico";"Contas nacionais";"IBGE/SCN 2000 Trim.";"SCN4_MBSZBM4";"Importações - bens e serviços - base móvel (média do ano anterior = 100) - ref. 2000";2;292
"1716";"Trimestral";"Macroeconômico";"Contas nacionais";"IBGE/SCN 2000 Trim.";"SCN4_XBSZBM4";"Exportações - bens e serviços - base móvel (média do ano anterior = 100) - ref. 2000";2;292
"1717";"Trimestral";"Macroeconômico";"Comércio exterior";"Funcex/Séries antigas";"FUNCEX4_MDQEQP4";"Importações - setor: equipamentos eletrônicos - quantum - índice (média 2006 = 100)";2;292
"1718";"Trimestral";"Macroeconômico";"Comércio exterior";"Funcex/Séries antigas";"FUNCEX4_MDQVEST4";"Importações - setor: artigos de vestuário - quantum - índice (média 2006 = 100)";2;292
"1719";"Trimestral";"Macroeconômico";"Comércio exterior";"Funcex/Séries antigas";"FUNCEX4_XQPOV4";"Exportações - setor: peças e outros veículos - quantum - índice (média 2006 = 100)";2;292
"1720";"Trimestral";"Macroeconômico";"Comércio exterior";"Funcex/Séries antigas";"FUNCEX4_XQQUIM4";"Exportações - setor: elementos químicos - quantum - índice (média 2006 = 100)";2;292
"1721";"Trimestral";"Macroeconômico";"Comércio exterior";"Funcex/Séries antigas";"FUNCEX4_XQABAT4";"Exportações - setor: abate de animais - quantum - índice (média 2006 = 100)";2;292
"1722";"Trimestral";"Macroeconômico";"Comércio exterior";"Funcex/Séries antigas";"FUNCEX4_MDQABAT4";"Importações - setor: abate de animais - quantum - índice (média 2006 = 100)";2;292
"1723";"Trimestral";"Macroeconômico";"Balanço de pagamentos";"Bacen/BP (BPM5)";"BPN4_IEDREC4";"Conta financeira - invest. diretos - estrang. no país - partic. capital - ingressos (Antiga metod. -";2;292
"1724";"Trimestral";"Macroeconômico";"Balanço de pagamentos";"Bacen/BP (BPM5)";"BPN4_FINIDEE4";"Conta financeira - invest. diretos - estrang. no país - emprést. Intercom. (Antiga metod. - BPM5)";2;292
"1725";"Trimestral";"Macroeconômico";"Balanço de pagamentos";"Bacen/BP (BPM5)";"BPN4_MCIDES4";"Conta financeira - investimentos diretos - despesas (Antiga metod. - BPM5)";2;292
"1726";"Trimestral";"Macroeconômico";"Balanço de pagamentos";"Bacen/BP (BPM5)";"BPN4_TUNREC4";"Transferências unilaterais correntes - receitas (Antiga metod. - BPM5)";2;292
"1727";"Trimestral";"Macroeconômico";"Balanço de pagamentos";"Bacen/BP (BPM5)";"BPN4_FINIDB4";"Conta financeira - invest. diretos - brasil. no exterior - saldo (Antiga metod. - BPM5)";2;292
"1728";"Trimestral";"Macroeconômico";"Balanço de pagamentos";"Bacen/BP (BPM5)";"BPN4_IEDDES4";"Conta financeira - invest. diretos - estrang. no país - partic. capital - saídas (Antiga metod. - BP";2;292
"1729";"Trimestral";"Macroeconômico";"Balanço de pagamentos";"Bacen/BP (BPM5)";"BPN4_FINIDBPK4";"Conta financeira - invest. diretos - brasil. no ext. - partic. capital - saldo (Antiga metod. - BPM5";2;292
"1730";"Trimestral";"Macroeconômico";"Balanço de pagamentos";"Bacen/BP (BPM5)";"BPN4_SERSRREC4";"Serviços e rendas - serviços - royalties e licenças - receitas (Antiga metod. - BPM5)";2;292
"1731";"Trimestral";"Macroeconômico";"Balanço de pagamentos";"Bacen/BP (BPM5)";"BPN4_OT4";"Serviços e rendas - exceto juros (Antiga metod. - BPM5)";1;357
"1732";"Trimestral";"Macroeconômico";"Balanço de pagamentos";"Bacen/BP (BPM5)";"BPN4_SEGREC4";"Serviços e rendas - serviços - seguros - receitas (Antiga metod. - BPM5)";1;357
"1733";"Trimestral";"Macroeconômico";"Balanço de pagamentos";"Bacen/BP (BPM5)";"BPN4_SERSOUTDES4";"Serviços e rendas - serviços - outros serviços - despesas (Antiga metod. - BPM5)";1;357
"1734";"Trimestral";"Macroeconômico";"Balanço de pagamentos";"Bacen/BP (BPM5)";"BPN4_FINIDBCA4";"Conta financeira - invest. brasil. carteira - ações (Antiga metod. - BPM5)";1;357
"1735";"Trimestral";"Macroeconômico";"Balanço de pagamentos";"Bacen/BP (BPM5)";"BPN4_SERSREC4";"Serviços e rendas - serviços - receitas (Antiga metod. - BPM5)";1;357
"1736";"Trimestral";"Macroeconômico";"Balanço de pagamentos";"Bacen/BP (BPM5)";"BPN4_IEDL4";"Conta financeira - invest. diretos - estrang. no país - partic. capital - saldo (Antiga metod. - BPM";1;357
"1737";"Trimestral";"Macroeconômico";"Balanço de pagamentos";"Bacen/BP (BPM5)";"BPN4_SERRIDDES4";"Serviços e rendas - rendas - renda de investimentos diretos - despesas (Antiga metod. - BPM5)";1;357
"1738";"Trimestral";"Macroeconômico";"Balanço de pagamentos";"Bacen/BP (BPM5)";"BPN4_SERRICREC4";"Serviços e rendas - rendas - renda de investimentos em carteira - receitas (Antiga metod. - BPM5)";1;357
"1739";"Trimestral";"Macroeconômico";"Balanço de pagamentos";"Bacen/BP (BPM5)";"BPN4_FINIDBREC4";"Conta financeira - invest. diretos - brasil. no ext. - retornos (Antiga metod. - BPM5)";1;357
"1740";"Trimestral";"Macroeconômico";"Balanço de pagamentos";"Bacen/BP (BPM5)";"BPN4_SEGDES4";"Serviços e rendas - serviços - seguros - despesas (Antiga metod. - BPM5)";1;357
"1741";"Trimestral";"Macroeconômico";"Balanço de pagamentos";"Bacen/BP (BPM5)";"BPN4_FINIDBDES4";"Conta financeira - invest. diretos - brasil. no ext. - saídas (Antiga metod. - BPM5)";1;357
"1742";"Trimestral";"Macroeconômico";"Balanço de pagamentos";"Bacen/BP (BPM5)";"BPN4_SERSOUT4";"Serviços e rendas - serviços - outros serviços - saldo (Antiga metod. - BPM5)";1;357
"1743";"Trimestral";"Macroeconômico";"Balanço de pagamentos";"Bacen/BP (BPM5)";"BPN4_FINIDBEDES4";"Conta financeira - invest. diretos - brasil. no ext. - emprést. intercom. - desemb. (Antiga metod. -";1;357
"1744";"Trimestral";"Macroeconômico";"Balanço de pagamentos";"Bacen/BP (BPM5)";"BPN4_MCIREC4";"Conta financeira - investimentos diretos - receitas (Antiga metod. - BPM5)";1;357
"1745";"Trimestral";"Macroeconômico";"Balanço de pagamentos";"Bacen/BP (BPM5)";"BPN4_FINIDBE4";"Conta financeira - invest. diretos - brasil. no ext. - emprést. Intercom. - saldo (Antiga metod. - B";1;357
"1746";"Trimestral";"Macroeconômico";"Balanço de pagamentos";"Bacen/BP (BPM5)";"BPN4_SERRIDREC4";"Serviços e rendas - rendas - renda de investimentos diretos - receitas (Antiga metod. - BPM5)";1;357
"1747";"Trimestral";"Macroeconômico";"Balanço de pagamentos";"Bacen/BP (BPM5)";"BPN4_FINIDEEREC4";"Conta financeira - invest. diretos - estrang. no país - emprést. intercom. - desemb. (Antiga metod.";1;357
"1748";"Trimestral";"Macroeconômico";"Balanço de pagamentos";"Bacen/BP (BPM5)";"BPN4_FINIDBC4";"Conta financeira - invest. brasil. carteira - saldo (Antiga metod. - BPM5)";1;357
"1749";"Trimestral";"Macroeconômico";"Balanço de pagamentos";"Bacen/BP (BPM5)";"BPN4_FINIDBPKREC4";"Conta financeira - invest. diretos - brasil. no ext. - partic. capital - retornos (Antiga metod. - B";1;357
"1750";"Trimestral";"Macroeconômico";"Balanço de pagamentos";"Bacen/BP (BPM5)";"BPN4_SERSOUTREC4";"Serviços e rendas - serviços - outros serviços - receitas (Antiga metod. - BPM5)";1;357
"1751";"Trimestral";"Macroeconômico";"Comércio exterior";"Funcex/Séries antigas";"FUNCEX4_MDQOAL4";"Importações - setor: outros produtos alimentares - quantum - índice (média 2006 = 100)";1;357
"1752";"Trimestral";"Macroeconômico";"Comércio exterior";"Funcex/Séries antigas";"FUNCEX4_MDQOPM4";"Importações - setor: outros produtos metalúrgicos - quantum - índice (média 2006 = 100)";1;357
"1753";"Trimestral";"Macroeconômico";"Comércio exterior";"Funcex/Séries antigas";"FUNCEX4_XPAUT4";"Exportações - setor: veículos automotores - preços - índice (média 2006 = 100)";1;357
"1754";"Trimestral";"Macroeconômico";"Comércio exterior";"Funcex/Séries antigas";"FUNCEX4_MDQCAL4";"Importações - setor: calçados - quantum - índice (média 2006 = 100)";1;357
"1755";"Trimestral";"Macroeconômico";"Comércio exterior";"Funcex/Séries antigas";"FUNCEX4_XPMAD4";"Exportações - setor: madeira e mobiliário - preços - índice (média 2006 = 100)";1;357
"1756";"Trimestral";"Macroeconômico";"Comércio exterior";"Funcex/Séries antigas";"FUNCEX4_MDQEXT4";"Importações - setor: extrativa mineral - quantum - índice (média 2006 = 100)";1;357
"1757";"Trimestral";"Macroeconômico";"Comércio exterior";"Funcex/Séries antigas";"FUNCEX4_MDQQUIM4";"Importações - setor: elementos químicos - quantum - índice (média 2006 = 100)";1;357
"1758";"Trimestral";"Macroeconômico";"Comércio exterior";"Funcex/Séries antigas";"FUNCEX4_XQOAL4";"Exportações - setor: outros produtos alimentares - quantum - índice (média 2006 = 100)";1;357
"1759";"Trimestral";"Macroeconômico";"Comércio exterior";"Funcex/Séries antigas";"FUNCEX4_MDPAUT4";"Importações - setor: veículos automotores - preços - índice (média 2006 = 100)";1;357
"1760";"Trimestral";"Macroeconômico";"Comércio exterior";"Funcex/Séries antigas";"FUNCEX4_MDQFARM4";"Importações - setor: farmacêutica e perfumaria - quantum - índice (média 2006 = 100)";1;357
"1761";"Trimestral";"Macroeconômico";"Comércio exterior";"Funcex/Séries antigas";"FUNCEX4_MDQQDIV4";"Importações - setor: químicos diversos - quantum - índice (média 2006 = 100)";1;357
"1762";"Trimestral";"Macroeconômico";"Comércio exterior";"Funcex/Séries antigas";"FUNCEX4_MDQSID4";"Importações - setor: siderurgia - quantum - índice (média 2006 = 100)";1;357
"1763";"Trimestral";"Macroeconômico";"Comércio exterior";"Funcex/Séries antigas";"FUNCEX4_MDPEQP4";"Importações - setor: equipamentos eletrônicos - preços - índice (média 2006 = 100)";1;357
"1764";"Trimestral";"Macroeconômico";"Comércio exterior";"Funcex/Séries antigas";"FUNCEX4_MDQIDIV4";"Importações - setor: indústrias diversas - quantum - índice (média 2006 = 100)";1;357
"1765";"Trimestral";"Macroeconômico";"Comércio exterior";"Funcex/Séries antigas";"FUNCEX4_MDQMAD4";"Importações - setor: madeira e mobiliário - quantum - índice (média 2006 = 100)";1;357
"1766";"Trimestral";"Macroeconômico";"Comércio exterior";"Funcex/Séries antigas";"FUNCEX4_XPEQP4";"Exportações - setor: equipamentos eletrônicos - preços - índice (média 2006 = 100)";1;357
"1767";"Trimestral";"Macroeconômico";"Comércio exterior";"Funcex/Séries antigas";"FUNCEX4_MDQAGP4";"Importações - setor: agropecuária - quantum - índice (média 2006 = 100)";1;357
"1768";"Trimestral";"Macroeconômico";"Comércio exterior";"Funcex/Séries antigas";"FUNCEX4_MDQPAP4";"Importações - setor: celulose, papel e gráfica - quantum - índice (média 2006 = 100)";1;357
"1769";"Trimestral";"Macroeconômico";"Comércio exterior";"Funcex/Séries antigas";"FUNCEX4_XPABAT4";"Exportações - setor: abate de animais - preços - índice (média 2006 = 100)";1;357
"1770";"Trimestral";"Macroeconômico";"Comércio exterior";"Funcex/Séries antigas";"FUNCEX4_MDPPAP4";"Importações - setor: celulose, papel e gráfica - preços - índice (média 2006 = 100)";1;357
"1771";"Trimestral";"Macroeconômico";"Comércio exterior";"Funcex/Séries antigas";"FUNCEX4_MDQPET4";"Importações - setor: refino de petróleo - quantum - índice (média 2006 = 100)";1;357
"1772";"Trimestral";"Macroeconômico";"Comércio exterior";"Funcex/Séries antigas";"FUNCEX4_MDPELET4";"Importações - setor: material elétrico - preços - índice (média 2006 = 100)";1;357
"1773";"Trimestral";"Macroeconômico";"Comércio exterior";"Funcex/Séries antigas";"FUNCEX4_MDPOPM4";"Importações - setor: outros produtos metalúrgicos - preços - índice (média 2006 = 100)";1;357
"1774";"Trimestral";"Macroeconômico";"Comércio exterior";"Funcex/Séries antigas";"FUNCEX4_MDQAUT4";"Importações - setor: veículos automotores - quantum - índice (média 2006 = 100)";1;357
"1775";"Trimestral";"Macroeconômico";"Comércio exterior";"Funcex/Séries antigas";"FUNCEX4_XRCAL4";"Exportações - setor: calçados - rentabilidade - índice (2003.III = 100)";1;357
"1776";"Trimestral";"Macroeconômico";"Comércio exterior";"Funcex/Séries antigas";"FUNCEX4_MDQPETC4";"Importações - setor: petróleo e carvão - quantum - índice (média 2006 = 100)";1;357
"1777";"Trimestral";"Macroeconômico";"Comércio exterior";"Funcex/Séries antigas";"FUNCEX4_XREXT4";"Exportações - setor: extrativa mineral - rentabilidade - índice (2003.III = 100)";1;357
"1778";"Trimestral";"Macroeconômico";"Comércio exterior";"Funcex/Séries antigas";"FUNCEX4_MDQMNF4";"Importações - setor: metalurgia não ferrosos - quantum - índice (média 2006 = 100)";1;357
"1779";"Trimestral";"Macroeconômico";"Comércio exterior";"Funcex/Séries antigas";"FUNCEX4_MDQMNM4";"Importações - setor: minerais não metálicos - quantum - índice (média 2006 = 100)";1;357
"1780";"Trimestral";"Macroeconômico";"Comércio exterior";"Funcex/Séries antigas";"FUNCEX4_MDQOVEG4";"Importações - setor: óleos vegetais - quantum - índice (média 2006 = 100)";1;357
"1781";"Trimestral";"Macroeconômico";"Comércio exterior";"Funcex/Séries antigas";"FUNCEX4_MDPLAT4";"Importações - setor: laticínios - preços - índice (média 2006 = 100)";1;357
"1782";"Trimestral";"Macroeconômico";"Comércio exterior";"Funcex/Séries antigas";"FUNCEX4_MDPPET4";"Importações - setor: refino de petróleo - preços - índice (média 2006 = 100)";1;357
"1783";"Trimestral";"Macroeconômico";"Comércio exterior";"Funcex/Séries antigas";"FUNCEX4_MDQPOV4";"Importações - setor: peças e outros veículos - quantum - índice (média 2006 = 100)";1;357
"1784";"Trimestral";"Macroeconômico";"Comércio exterior";"Funcex/Séries antigas";"FUNCEX4_MDQPLAS4";"Importações - setor: plástica - quantum - índice (média 2006 = 100)";1;357
"1785";"Trimestral";"Macroeconômico";"Comércio exterior";"Funcex/Séries antigas";"FUNCEX4_XPCAL4";"Exportações - setor: calçados - preços - índice (média 2006 = 100)";1;357
"1786";"Trimestral";"Macroeconômico";"Comércio exterior";"Funcex/Séries antigas";"FUNCEX4_XQCAFE4";"Exportações - setor: café - quantum - índice (média 2006 = 100)";1;357
"1787";"Trimestral";"Macroeconômico";"Comércio exterior";"Funcex/Séries antigas";"FUNCEX4_MDQBOR4";"Importações - setor: borracha - quantum - índice (média 2006 = 100)";1;357
"1788";"Trimestral";"Macroeconômico";"Comércio exterior";"Funcex/Séries antigas";"FUNCEX4_XPELET4";"Exportações - setor: material elétrico - preços - índice (média 2006 = 100)";1;357
"1789";"Trimestral";"Macroeconômico";"Comércio exterior";"Funcex/Séries antigas";"FUNCEX4_XQOVEG4";"Exportações - setor: óleos vegetais - quantum - índice (média 2006 = 100)";1;357
"1790";"Trimestral";"Macroeconômico";"Contas nacionais";"IBGE/SCN 2000 Trim.";"SCN4_CTBM4";"Consumo final - base móvel (média do ano anterior = 100) - ref. 2000";1;357
"1791";"Trimestral";"Macroeconômico";"Contas nacionais";"IBGE/SCN 2000 Trim.";"SCN4_PIBSIFBM4";"PIB - serviços - intermediação financeira - base móvel (média do ano anterior - ref. 2000";1;357
"1792";"Trimestral";"Macroeconômico";"Contas nacionais";"IBGE/SCN 2000 Trim.";"SCN4_TRUNIN4";"Transferências correntes - enviadas e recebidas do resto do mundo - total - ref. 2000";1;357
"1793";"Trimestral";"Macroeconômico";"Contas nacionais";"IBGE/SCN 2000 Trim.";"SCN4_RLEX1N4";"Remuneração empregados - não residentes - ref. 2000";1;357
"1794";"Trimestral";"Macroeconômico";"Contas nacionais";"IBGE/SCN 2000 Trim.";"SCN4_PIBSOSV4";"PIB - serviços - outros - ref. 2000";1;357
"1795";"Trimestral";"Macroeconômico";"Contas nacionais";"IBGE/SCN 2000 Trim.";"SCN4_PIBIVAAS4";"PIB - impostos sobre produtos - índice encadeado - dessaz. (média 1995 = 100) - ref. 2000";1;357
"1796";"Trimestral";"Macroeconômico";"Contas nacionais";"IBGE/SCN 2000 Trim.";"SCN4_PIBDUMBM4";"PIB - dummy financeiro - base móvel (média do ano anterior = 100) - ref. 2000";1;357
"1797";"Trimestral";"Macroeconômico";"Contas nacionais";"IBGE/SCN 2000 Trim.";"SCN4_PIBSOSBM4";"PIB - serviços - outros - base móvel (média do ano anterior = 100) - ref. 2000";1;357
"1798";"Trimestral";"Macroeconômico";"Contas nacionais";"IBGE/SCN 2000 Trim.";"SCN4_PIBITRBM4";"PIB - indústria - transformação - base móvel (média do ano anterior = 100) - ref. 2000";1;357
"1799";"Trimestral";"Macroeconômico";"Comércio exterior";"Funcex/Séries antigas";"FUNCEX4_XRELET4";"Exportações - setor: material elétrico - rentabilidade - índice (2003.III = 100)";1;357
"1800";"Trimestral";"Macroeconômico";"Comércio exterior";"Funcex/Séries antigas";"FUNCEX4_XRIDIV4";"Exportações - setor: indústrias diversas - rentabilidade - índice (2003.III = 100)";1;357
"1801";"Trimestral";"Macroeconômico";"Comércio exterior";"Funcex/Séries antigas";"FUNCEX4_XREQP4";"Exportações - setor: equipamentos eletrônicos - rentabilidade - índice (2003.III = 100)";1;357
"1802";"Trimestral";"Macroeconômico";"Comércio exterior";"Funcex/Séries antigas";"FUNCEX4_MDPMAQ4";"Importações - setor: máquinas e tratores - preços - índice (média 2006 = 100)";1;357
"1803";"Trimestral";"Macroeconômico";"Comércio exterior";"Funcex/Séries antigas";"FUNCEX4_MDPVEST4";"Importações - setor: artigos de vestuário - preços - índice (média 2006 = 100)";1;357
"1804";"Trimestral";"Macroeconômico";"Finanças públicas";"Bacen/Not. Imp./F. Púb.";"BM4_NFSPJRY4";"NFSP - setor público - juros reais - c/ desvalorização cambial - acum. 4 trim.";1;357
"1805";"Trimestral";"Macroeconômico";"Finanças públicas";"Bacen/Not. Imp./F. Púb.";"BM4_NFSPJRN4";"NFSP - setor público - juros reais - c/ desvalorização cambial";1;357
"1806";"Trimestral";"Macroeconômico";"Finanças públicas";"Bacen/Not. Imp./F. Púb.";"BM4_NFSPJNY4";"NFSP - setor público - juros nominais - c/ desvalorização cambial - acum. 4 trim.";1;357
"1807";"Trimestral";"Macroeconômico";"Finanças públicas";"Bacen/Not. Imp./F. Púb.";"BM4_NFGFPY4";"NFSP - gov. federal e Banco Central - primário - c/ desvalorização cambial - acum. 4 trim.";1;357
"1808";"Trimestral";"Macroeconômico";"Finanças públicas";"Bacen/Not. Imp./F. Púb.";"BM4_NFEMJRY4";"NFSP - estados e municípios - juros reais - c/ desvalorização cambial - acum. 4 trim.";1;357
"1809";"Trimestral";"Macroeconômico";"Finanças públicas";"Bacen/Not. Imp./F. Púb.";"BM4_NFEMON4";"NFSP - estados e municípios - operacional - c/ desvalorização cambial";1;357
"1810";"Trimestral";"Macroeconômico";"Finanças públicas";"Bacen/Not. Imp./F. Púb.";"BM4_NFEEJRN4";"NFSP - estatais - juros reais - c/ desvalorização cambial";1;357
"1811";"Trimestral";"Macroeconômico";"Finanças públicas";"Bacen/Not. Imp./F. Púb.";"BM4_NFSPONA4";"NFSP - setor público - operacional - c/ desvalorização cambial - acum. 4 trim.";1;357
"1812";"Trimestral";"Macroeconômico";"Finanças públicas";"Bacen/Not. Imp./F. Púb.";"BM4_NFEEJNNA4";"NFSP - estatais - juros nominais - c/ desvalorização cambial - acum. 4 trim.";1;357
"1813";"Trimestral";"Macroeconômico";"Finanças públicas";"Bacen/Not. Imp./F. Púb.";"BM4_NFEMJNN4";"NFSP - estados e municípios - juros nominais - c/ desvalorização cambial";1;357
"1814";"Trimestral";"Macroeconômico";"Finanças públicas";"Bacen/Not. Imp./F. Púb.";"BM4_NFSPJRNA4";"NFSP - setor público - juros reais - c/ desvalorização cambial - acum. 4 trim.";1;357
"1815";"Trimestral";"Macroeconômico";"Finanças públicas";"Bacen/Not. Imp./F. Púb.";"BM4_NFEMJRNA4";"NFSP - estados e municípios - juros reais - c/ desvalorização cambial - acum. 4 trim.";1;357
"1816";"Trimestral";"Macroeconômico";"Finanças públicas";"Bacen/Not. Imp./F. Púb.";"BM4_NFSPJNN4";"NFSP - setor público - juros nominais - c/ desvalorização cambial";1;357
"1817";"Trimestral";"Macroeconômico";"Finanças públicas";"Bacen/Not. Imp./F. Púb.";"BM4_NFGFNNA4";"NFSP - gov. federal e Banco Central - nominal - c/ desvalorização cambial - acum. 4 trim.";1;357
"1818";"Trimestral";"Macroeconômico";"Finanças públicas";"Bacen/Not. Imp./F. Púb.";"BM4_NFEEJRNA4";"NFSP - estatais - juros reais - c/ desvalorização cambial - acum. 4 trim.";1;357
"1819";"Trimestral";"Macroeconômico";"Economia internacional";"FMI/IFS";"IFS4_IPCJAP4";"IPC - índice (média 2005 = 100)";1;357
"1820";"Trimestral";"Macroeconômico";"Economia internacional";"FMI/IFS";"IFS4_EUATCNE4";"taxa de câmbio - efetiva - índice (média 2005 = 100)";1;357
"1821";"Trimestral";"Macroeconômico";"Economia internacional";"FMI/IFS";"IFS4_CAMBPAR4";"taxa de câmbio - guarani paraguaio / US$ - média";1;357
"1822";"Trimestral";"Macroeconômico";"Economia internacional";"FMI/IFS";"IFS4_IPCPAR4";"IPC - índice (média 2005 = 100)";1;357
"1823";"Trimestral";"Macroeconômico";"Economia internacional";"FMI/IFS";"IFS4_CAMBURU4";"taxa de câmbio - peso uruguaio / US$ - média";1;357
"1824";"Trimestral";"Macroeconômico";"Economia internacional";"FMI/IFS";"IFS4_TJFFEUA4";"taxa de juros - fundos federais";1;357
"1825";"Trimestral";"Macroeconômico";"Economia internacional";"FMI/IFS";"IFS4_TJEDLUK4";"taxa de juros - eurodólar Londres";1;357
"1826";"Trimestral";"Macroeconômico";"Economia internacional";"FMI/IFS";"IFS4_MWN4";"importações";1;357
"1827";"Trimestral";"Macroeconômico";"Economia internacional";"FMI/IFS";"IFS4_TJCALLJAP4";"taxa de juros - call money";1;357
"1828";"Trimestral";"Macroeconômico";"Economia internacional";"FMI/IFS";"IFS4_TJCALLALE4";"taxa de juros - call money";1;357
"1829";"Trimestral";"Macroeconômico";"Economia internacional";"FMI/IFS";"IFS4_IPCALE4";"IPC - índice (média 2005 = 100)";1;357
"1830";"Trimestral";"Macroeconômico";"Economia internacional";"FMI/IFS";"IFS4_TJCPEUA4";"taxa de juros - commercial paper - maturidade 3 meses";1;357
"1831";"Trimestral";"Macroeconômico";"Economia internacional";"Economist";"ECONMI4_EUROWG34";"salário - var. trimestral anualiz.";1;357
"1832";"Trimestral";"Macroeconômico";"Projeções";"IPEA";"Gac4_TUN4";"Transferências unilaterais correntes - saldo - projeção";1;357
"1833";"Trimestral";"Macroeconômico";"Finanças públicas";"IPEA";"GAMMA4_IMPINAN4";"Imposto inflacionário - método 1A";1;357
"1834";"Trimestral";"Macroeconômico";"Projeções";"IPEA";"Gac4_SER4";"Serviços e rendas - saldo - projeção";1;357
"1835";"Trimestral";"Macroeconômico";"Projeções";"IPEA";"Gac4_MBSZI4";"Importações - bens e serviços - índice encadeado (média 1990 = 100) - projeção";1;357
"1836";"Trimestral";"Macroeconômico";"Projeções";"IPEA";"Gac4_FONDLP4";"Usos e fontes - fontes - desembolsos - médio / longo prazos - projeção";1;357
"1837";"Trimestral";"Macroeconômico";"Projeções";"IPEA";"Gac4_AMPL4";"Usos e fontes - usos - amortizações - médio / longo prazos - projeção";1;357
"1838";"Trimestral";"Macroeconômico";"Projeções";"IPEA";"Gac4_FONATB4";"Usos e fontes - fontes - ativos brasileiros no exterior - projeção";1;357
"1839";"Trimestral";"Macroeconômico";"Projeções";"IPEA";"Gac4_FONOUT4";"Usos e fontes - fontes - curto prazo e demais - projeção";1;357
"1840";"Anual";"Macroeconômico";"Contas nacionais";"IBGE/SCN 2000 Anual";"SCN_PIBN";"PIB - preços de mercado - ref. 2000";1586;1
"1841";"Anual";"Macroeconômico";"Contas nacionais";"IPEA";"GAC_PIB";"PIB (preços 2013) - ref. 2000";1002;2
"1842";"Anual";"Macroeconômico";"Contas nacionais";"IBGE/SCN 2000 Anual";"SCN_PIBG";"PIB - preços de mercado - var. real anual - ref. 2000";768;3
"1843";"Anual";"Regional";"Contas Regionais";"IBGE";"PIBE";"PIB Estadual a preços constantes";530;4
"1844";"Anual";"Macroeconômico";"Contas nacionais";"IPEA";"GAC_PIBCAP";"PIB per capita (preços 2013) - ref. 2000";508;5
"1845";"Anual";"Macroeconômico";"Comércio exterior";"Bacen/BP (BPM5)";"BPN_SBC";"Balança comercial - (FOB) - saldo (Antiga metod. - BPM5)";451;6
"1846";"Anual";"Macroeconômico";"Preços";"IBGE/SNIPC";"PRECOS_IPCAG";"Inflação - IPCA";285;7
"1847";"Anual";"Macroeconômico";"Contas nacionais";"Bacen/Boletim/Ativ. Ec.";"BM_PIBUSDCM";"PIB - câmbio médio";279;8
"1848";"Anual";"Macroeconômico";"População";"IBGE/Pop";"DEPIS_POP";"População residente";253;9
"1849";"Anual";"Macroeconômico";"Contas nacionais";"IBGE/SCN 2000 Anual";"SCN_CFPPN";"Consumo final - famílias - ref. 2000";248;10
"1850";"Anual";"Macroeconômico";"Emprego";"IPEA";"GEPS_PEAURB";"População economicamente ativa (PEA) - urbana";229;11
"1851";"Anual";"Macroeconômico";"Preços";"FGV/Conj. Econ. - IGP";"IGP_IGPMG";"Inflação - IGP-M";229;11
"1852";"Anual";"Macroeconômico";"Preços";"FGV/Conj. Econ. - IGP";"IGP_IGPDIG";"Inflação - IGP-DI";223;13
"1853";"Anual";"Macroeconômico";"Contas nacionais";"IPEA";"GAC_PIBCAPR";"PIB per capita (preços 2013) - ref. 2000";219;14
"1854";"Anual";"Macroeconômico";"Preços";"IBGE/SNIPC";"PRECOS_INPCBR";"Inflação - INPC";213;15
"1855";"Anual";"Macroeconômico";"Indicadores sociais";"IPEA";"DISOC_RDCG";"Renda - desigualdade - coeficiente de Gini";209;16
"1856";"Anual";"Regional";"Contas Regionais";"IBGE";"PIBPCE";"PIB Estadual per capita";190;17
"1857";"Anual";"Regional";"Contas Regionais";"IBGE";"PIBIE";"PIB Estadual - indústria - valor adicionado - preços básicos";174;18
"1858";"Anual";"Regional";"Contas Regionais";"IBGE";"PIBAGE";"PIB Estadual - agropecuária - valor adicionado - preços básicos";163;19
"1859";"Anual";"Macroeconômico";"Contas nacionais";"IBGE/SCN 2000 Anual";"SCN_CTN";"Consumo final - ref. 2000";161;20
"1860";"Anual";"Macroeconômico";"Projeções";"ONU/LINK";"LINKBR_PIBG";"PIB - projeção - var. real anual";155;21
"1861";"Anual";"Macroeconômico";"Indicadores sociais";"IPEA";"DISOC_PIN";"Pobreza - número de pessoas extremamente pobres";153;22
"1862";"Anual";"Macroeconômico";"Preços";"FGV/Conj. Econ. - IGP";"IGP_IGP";"IGP-DI - geral - índice (ago. 1994 = 100)";152;23
"1863";"Anual";"Macroeconômico";"Preços";"FGV/Conj. Econ. - IGP";"IGP_IGPFG";"IGP-DI - geral - centrado - fim período - var.";151;24
"1864";"Anual";"Macroeconômico";"Câmbio";"Bacen/Boletim/BP";"BM_ERC";"Taxa de câmbio - R$ / US$ - comercial - compra - média";150;25
"1865";"Anual";"Macroeconômico";"Contas nacionais";"IBGE/SCN 2000 Anual";"SCN_RNDBN";"Renda disponível bruta - ref. 2000";148;26
"1866";"Anual";"Regional";"Estoque de capital";"IPEA";"CHTOTMUN";"Capital Humano";147;27
"1867";"Anual";"Macroeconômico";"Câmbio";"Bacen/Boletim/BP";"BM_ERV";"Taxa de câmbio - R$ / US$ - comercial - venda - média";143;28
"1868";"Anual";"Regional";"Contas Regionais";"IBGE";"PIBSEE";"PIB Estadual - serviços - valor adicionado - preços básicos";141;29
"1869";"Anual";"Social";"Renda";"IPEA";"PGINI";"Renda - desigualdade - coeficiente de Gini";138;30
"1870";"Anual";"Macroeconômico";"Contas nacionais";"IBGE/SCN 2000 Anual";"SCN_CARGATY";"Carga tributária - total - ref. 2000";138;30
"1871";"Anual";"Social";"Renda";"IPEA";"P50ME";"Renda domiciliar - participação dos 50% mais pobres";137;32
"1872";"Anual";"Macroeconômico";"Contas nacionais";"IPEA";"GAC_PIBCAPN";"PIB per capita - ref. 2000";136;33
"1873";"Anual";"Macroeconômico";"Contas nacionais";"IBGE/SCN 2000 Anual";"SCN_SBN";"Poupança nacional bruta - ref. 2000";127;34
"1874";"Anual";"Macroeconômico";"População";"Outras fontes";"HIST_ESCR";"Escravos africanos - importação";126;35
"1875";"Anual";"Macroeconômico";"Preços";"Fipe";"FIPE_FIPE0001";"Inflação - IPC (FIPE)";126;35
"1876";"Anual";"Macroeconômico";"Contas nacionais";"IBGE/SCN 2000 Anual";"SCN_DIPIBG";"PIB - deflator implícito - var. anual - ref. 2000";123;37
"1877";"Anual";"Macroeconômico";"Balanço de pagamentos";"Bacen/BP (BPM5)";"BPN_STC";"Transações correntes - saldo (Antiga metod. - BPM5)";121;38
"1878";"Anual";"Social";"Renda";"IPEA";"MRDPC";"Renda domiciliar per capita - média";120;39
"1879";"Anual";"Macroeconômico";"Finanças públicas";"Outras fontes";"HIST_DTGFN";"Dívida interna - gov. federal";120;39
"1880";"Anual";"Macroeconômico";"Balanço de pagamentos";"Outras fontes";"HIST_DEXCONS";"Dívida externa (velha)";115;41
"1881";"Anual";"Macroeconômico";"Contas nacionais";"IBGE/SCN 2000 Anual";"SCN_FBKFN";"Capital fixo - formação bruta - ref. 2000";112;42
"1882";"Anual";"Macroeconômico";"Contas nacionais";"IBGE/SCN 2000 Anual";"SCN_CFGGN";"Consumo final - adm. pública - ref. 2000";111;43
"1883";"Anual";"Social";"Educação";"IPEA";"P25AEP";"Anos de estudo - média - pessoas 25 anos e mais";110;44
"1884";"Anual";"Macroeconômico";"Comércio exterior";"Bacen/BP (BPM5)";"BPN_XTV";"Exportações - (FOB) (Antiga metod. - BPM5)";109;45
"1885";"Anual";"Macroeconômico";"Contas nacionais";"Outras fontes";"HIST_PIBR";"PIB";104;46
"1886";"Anual";"Macroeconômico";"Contas nacionais";"Outras fontes";"HIST_YAGG";"PIB - agropecuária - var. real anual";102;47
"1887";"Anual";"Macroeconômico";"Indicadores sociais";"IPEA";"DISOC_PPY";"Pobreza - taxa de pobreza (P0)";100;48
"1888";"Anual";"Macroeconômico";"Balanço de pagamentos";"Outras fontes";"HIST_DEXREG";"Dívida externa - registrada";99;49
"1889";"Anual";"Macroeconômico";"Sinopse macroeconômica";"IPEA";"PAN_PIBCAP";"PIB per capita";98;50
"1890";"Anual";"Macroeconômico";"Contas nacionais";"IPEA";"GAC_PIBCAPUSN";"PIB per capita - ref. 2000";97;51
"1891";"Anual";"Macroeconômico";"Contas nacionais";"IBGE/SCN 1985 Anual";"SCN85R_PIBI";"PIB - índice real encadeado (média 1980 = 100)";96;52
"1892";"Anual";"Macroeconômico";"Comércio exterior";"Funcex";"FUNCEX_XVT";"Exportações - (FOB)";95;53
"1893";"Anual";"Macroeconômico";"Contas nacionais";"Outras fontes";"HIST_YINDG";"PIB - indústria - var. real anual";95;53
"1894";"Anual";"Macroeconômico";"Comércio exterior";"Bacen/BP (BPM5)";"BPN_MTV";"Importações - (FOB) (Antiga metod. - BPM5)";95;53
"1895";"Anual";"Macroeconômico";"Contas nacionais";"IBGE/SCN 2000 Anual";"SCN_FBKFPIBV";"Taxa de investimento - preços correntes - ref. 2000";93;56
"1896";"Anual";"Macroeconômico";"Contas nacionais";"Outras fontes";"HIST_VAINDU";"PIB - indústria - índice (média 1939 = 100)";92;57
"1897";"Anual";"Macroeconômico";"Balanço de pagamentos";"Bacen/Boletim/BP";"BM_DEXTEI";"Dívida externa bruta";91;58
"1898";"Anual";"Social";"Renda";"IPEA";"P1MA";"Renda domiciliar - participação do 1% mais rico";90;59
"1899";"Anual";"Social";"Renda";"IPEA";"P10MA";"Renda domiciliar - participação por décimo da população - 10º";89;60
"1900";"Anual";"Macroeconômico";"Contas nacionais";"Outras fontes";"HIST_YSERG";"PIB - serviços - var. real anual";88;61
"1901";"Anual";"Macroeconômico";"Contas nacionais";"IBGE/SCN 2000 Anual";"SCN_PIBPBN";"PIB - preços básicos - ref. 2000";86;62
"1902";"Anual";"Macroeconômico";"Indicadores sociais";"IPEA";"DISOC_PIY";"Pobreza - taxa de extrema pobreza (P0)";85;63
"1903";"Anual";"Macroeconômico";"Contas nacionais";"IBGE/SCN 2000 Anual";"SCN_VAAGRO";"PIB - agropecuária - var. real - ref. 2000";84;64
"1904";"Anual";"Macroeconômico";"Contas nacionais";"IBGE/SCN 2000 Anual";"SCN_PNBN";"Renda nacional bruta - ref. 2000";84;64
"1905";"Anual";"Macroeconômico";"Contas nacionais";"IBGE/SCN 2000 Anual";"SCN_PIBR";"PIB - preços de mercado - ref. 2000";84;64
"1906";"Anual";"Macroeconômico";"Finanças públicas";"Outras fontes";"HIST_GOVRECL";"Receita arrecadada líquida - governo consolidado";84;64
"1907";"Anual";"Macroeconômico";"Câmbio";"Bacen/Boletim/BP";"BM_ERCF";"Taxa de câmbio - R$ / US$ - comercial - compra - fim período";84;64
"1908";"Anual";"Macroeconômico";"População";"IBGE/Pop";"DEPIS_CV";"População - crescimento vegetativo";83;69
"1909";"Anual";"Macroeconômico";"População";"IBGE/Pop";"DEPIS_TGCPOP";"População - taxa média geométrica de crescimento";83;69
"1910";"Anual";"Macroeconômico";"Balanço de pagamentos";"Outras fontes";"HIST_DEXVELHA";"Dívida externa (velha) - saldo em circulação";83;69
"1911";"Anual";"Social";"Renda";"IPEA";"PMP0";"Proporção de pobres (P0) – Linha de Pobreza Baseada em Necessidades Calóricas";82;72
"1912";"Anual";"Macroeconômico";"Contas nacionais";"IBGE/SCN 2000 Anual";"SCN_XBSZN";"Exportações - bens e serviços - ref. 2000";81;73
"1913";"Anual";"Macroeconômico";"Contas nacionais";"IBGE/SCN 2000 Anual";"SCN_FBKN";"Capital - formação bruta - ref. 2000";81;73
"1914";"Anual";"Social";"Mercado de trabalho";"IPEA";"SPRENDAT";"Renda média - todos os trabalhos";75;75
"1915";"Anual";"Macroeconômico";"Indicadores sociais";"IPEA";"DISOC_PPN";"Pobreza - número de pessoas pobres";74;76
"1916";"Anual";"Macroeconômico";"Preços";"FGV/Conj. Econ. - IGP";"IGP_IPCG";"Inflação - IPC (FGV)";74;76
"1917";"Anual";"Social";"Renda";"IPEA";"NP";"Número de indivíduos pobres - Linha de Pobreza Baseada em Necessidades Calóricas";73;78
"1918";"Anual";"Social";"Mercado de trabalho";"IPEA";"SPSALHOR";"Salário hora - média";73;78
"1919";"Anual";"Macroeconômico";"Contas nacionais";"IBGE/SCN 2000 Anual";"SCN_MBSZN";"Importações - bens e serviços - ref. 2000";72;80
"1920";"Anual";"Macroeconômico";"Contas nacionais";"IBGE/SCN 2000 Anual";"SCN_VAIND";"PIB - indústria - var. real - ref. 2000";70;81
"1921";"Anual";"Macroeconômico";"Contas nacionais";"IBGE/SCN 2000 Anual";"SCN_CTY";"Consumo final - ref. 2000";70;81
"1922";"Anual";"Macroeconômico";"Contas nacionais";"IBGE/SCN 2000 Anual";"SCN_DIPIB";"PIB - deflator implícito - índice encadeado (média 1980 = 100) - ref. 2000";69;83
"1923";"Anual";"Macroeconômico";"Câmbio";"Bacen/Boletim/BP";"BM_ERVF";"Taxa de câmbio - R$ / US$ - comercial - venda - fim período";69;83
"1924";"Anual";"Macroeconômico";"Preços";"FGV/Conj. Econ. - IGP";"IGP_ICVRJ";"IPC - geral - índice (ago. 1994 = 100) - RJ";67;85
"1925";"Anual";"Macroeconômico";"Projeções";"ONU/LINK";"LINKBR_U";"Taxa de desemprego - projeção";67;85
"1926";"Anual";"Macroeconômico";"Comércio exterior";"Funcex";"FUNCEX_MDVT";"Importações - (FOB)";67;85
"1927";"Anual";"Social";"Educação";"IPEA";"TXA15MP";"Analfabetos - pessoas 15 anos e mais";65;88
"1928";"Anual";"Social";"Educação";"IPEA";"TXA1014";"Analfabetos - pessoas 10 a 14 anos";64;89
"1929";"Anual";"Macroeconômico";"Consumo e vendas";"ANP";"ANP_CGASOL";"Consumo aparente - gasolina - qde.";64;89
"1930";"Anual";"Macroeconômico";"Consumo e vendas";"Eletrobras";"ELETRO_CEET";"Consumo - energia elétrica - qde.";63;91
"1931";"Anual";"Regional";"Contas Regionais";"IBGE";"PIBCOE";"PIB Estadual - serviços - comércio - valor adicionado - preços básicos";63;91
"1932";"Anual";"Macroeconômico";"Finanças públicas";"Bacen/Not. Imp./F. Púb.";"BM_DTSPN";"Dívida - total - setor público - líquida";62;93
"1933";"Anual";"Macroeconômico";"Balanço de pagamentos";"Bacen/BP (BPM5)";"BPN_MCI";"Conta financeira - investimentos diretos - saldo (Antiga metod. - BPM5)";61;94
"1934";"Anual";"Regional";"Finanças públicas";"Min. Fazenda/STN";"RICMSM";"Transferências para os municípios referentes ICMS";61;94
"1935";"Anual";"Macroeconômico";"Indicadores sociais";"IPEA";"DISOC_RPMRI";"Renda domiciliar - participação do 1% mais rico";60;96
"1936";"Anual";"Social";"Mercado de trabalho";"IPEA";"SPCARTEIRA";"População ocupada - empregada - com carteira assinada";60;96
"1937";"Anual";"Macroeconômico";"Balanço de pagamentos";"Bacen/BP (BPM5)";"BPN_FINIDE";"Conta financeira - invest. diretos - estrang. no país - saldo (Antiga metod. - BPM5)";59;98
"1938";"Anual";"Regional";"Finanças públicas";"Min. Fazenda/STN";"RIPTUM";"Receita tributária - IPTU - municipal";58;99
"1939";"Anual";"Macroeconômico";"População";"IPEA";"GEPS_BENPREV";"Beneficiários - previdência social";58;99
"1940";"Anual";"Social";"Renda";"IPEA";"PMA0";"Proporção de extremamente pobres (P0) – Linha de Pobreza Baseada em Necessidades Calóricas";57;101
"1941";"Anual";"Macroeconômico";"Indicadores sociais";"IPEA";"DISOC_RMT";"Renda domiciliar per capita - média";56;102
"1942";"Anual";"Social";"Renda";"IPEA";"NI";"Número de indivíduos extremamente pobres - Linha de Pobreza Baseada em Necessidades Calóricas";55;103
"1943";"Anual";"Macroeconômico";"Consumo e vendas";"ANP";"ANP_CALCO";"Consumo aparente - álcool carburante - média - qde./dia";55;103
"1944";"Anual";"Macroeconômico";"Balanço de pagamentos";"Bacen/Not. Imp./Set. Ext.";"BM_RES";"Reservas internacionais";55;103
"1945";"Anual";"Macroeconômico";"Contas nacionais";"Bacen/Boletim/Ativ. Ec.";"BM_PIBUSDPPC";"PIB - conceito: paridade do poder de compra (PPC)";54;106
"1946";"Anual";"Macroeconômico";"Balanço de pagamentos";"Bacen/BP (BPM5)";"BPN_SBP";"Resultado global do balanço de pagamentos (Antiga metod. - BPM5)";54;106
"1947";"Anual";"Macroeconômico";"Produção";"IBGE/PAM";"LSPA_QARRO";"Produção - arroz - qde.";54;106
"1948";"Anual";"Macroeconômico";"Produção";"IBGE/PAM";"LSPA_QCANA";"Produção - cana-de-açúcar - qde.";53;109
"1949";"Anual";"Macroeconômico";"Contas nacionais";"IBGE/SCN 2000 Anual";"SCN_FBKFR";"Capital fixo - formação bruta - ref. 2000";53;109
"1950";"Anual";"Macroeconômico";"Contas nacionais";"IBGE/SCN 2000 Anual";"SCN_SBG";"Taxa de poupança - ref. 2000";52;111
"1951";"Anual";"Macroeconômico";"Contas nacionais";"IBGE/SCN 2000 Anual";"SCN_CARGGFY";"Carga tributária - federal - ref. 2000";52;111
"1952";"Anual";"Macroeconômico";"Comércio exterior";"Outras fontes";"HIST_CAPIMP";"Capacidade de importar (média 1995 = 100)";52;111
"1953";"Anual";"Social";"Mercado de trabalho";"IPEA";"SPAGRIPES";"População ocupada - empregada - agricultura e pesca";51;114
"1954";"Anual";"Regional";"Finanças públicas";"Min. Fazenda/STN";"RECORRM";"Receita corrente - municipal";51;114
"1955";"Anual";"Regional";"Contas Regionais";"IBGE";"PIBALE";"PIB Estadual - serviços - atividades imobiliárias e aluguel - valor adicionado - preços básicos";50;116
"1956";"Anual";"Macroeconômico";"Consumo e vendas";"Anfavea";"ANFAVE_VQVEICL";"Vendas - automóveis - nacionais - montados - qde.";49;117
"1957";"Anual";"Macroeconômico";"Projeções";"ONU/LINK";"LINKBR_CAMB";"Taxa de câmbio - R$ / US$ - projeção";49;117
"1958";"Anual";"Macroeconômico";"Produção";"Fiesp";"FIESP_NUCI";"Utilização da capacidade instalada - indústria - SP";48;119
"1959";"Anual";"Macroeconômico";"Projeções";"ONU/LINK";"LINKBR_PIBN";"PIB - projeção";47;120
"1960";"Anual";"Macroeconômico";"Finanças públicas";"Bacen/Not. Imp./F. Púb.";"BM_NFSPPY";"NFSP - setor público - primário - c/ desvalorização cambial";47;120
"1961";"Anual";"Macroeconômico";"Contas nacionais";"IBGE/SCN 1985 Anual";"SCN85R_SPPN";"Poupança nacional bruta - setor privado";47;120
"1962";"Anual";"Macroeconômico";"População";"IPEA";"GEPS_CONTPREV";"Contribuintes - previdência social";47;120
"1963";"Anual";"Macroeconômico";"Contas nacionais";"IBGE/SCN 2000 Anual";"SCN_FBKR";"Capital - formação bruta - ref. 2000";47;120
"1964";"Anual";"Macroeconômico";"Contas nacionais";"IBGE/SCN 2000 Anual";"SCN_CPPG";"Consumo final - famílias - var. real anual - ref. 2000";46;125
"1965";"Anual";"Social";"Mercado de trabalho";"IPEA";"SPSOCUP";"População ocupada";46;125
"1966";"Anual";"Macroeconômico";"Preços";"FGV/Conj. Econ. - IGP";"IGP_INCCG";"Inflação - INCC";46;125
"1967";"Anual";"Macroeconômico";"Finanças públicas";"Bacen/Not. Imp./F. Púb.";"BM_NFSPNY";"NFSP - setor público - nominal - c/ desvalorização cambial";45;128
"1968";"Anual";"Macroeconômico";"Balanço de pagamentos";"Outras fontes";"HIST_STK";"Balanço de pagamentos - conta de capital - saldo";45;128
"1969";"Anual";"Social";"Habitação";"IPEA";"SPAGUA";"Domicílios - com água potável na rede geral - pessoas";44;130
"1970";"Anual";"Macroeconômico";"Contas nacionais";"IBGE/SCN 2000 Anual";"SCN_FBKFGN";"Capital fixo - formação bruta - adm. pública - ref. 2000";44;130
"1971";"Anual";"Social";"Renda";"IPEA";"RPOB";"Renda domiciliar per capita - média dos pobres";43;132
"1972";"Anual";"Macroeconômico";"Indicadores sociais";"IPEA";"DISOC_RPMPI";"Renda domiciliar - participação dos 50% mais pobres";43;132
"1973";"Anual";"Macroeconômico";"População";"IBGE/Pop";"DEPIS_TBN";"População - taxa bruta de natalidade (por mil hab.)";43;132
"1974";"Anual";"Regional";"Contas Regionais";"IBGE";"PIBITE";"PIB Estadual - indústria - transformação - valor adicionado - preços básicos";42;135
"1975";"Anual";"Macroeconômico";"Estoque de capital";"IPEA";"GAMMA_EBKT";"Capital fixo - estoque bruto - total";41;136
"1976";"Anual";"Macroeconômico";"Contas nacionais";"IBGE/SCN 2000 Anual";"SCN_FBKFG";"Capital fixo - formação bruta - var. real anual - ref. 2000";41;136
"1977";"Anual";"Macroeconômico";"Balanço de pagamentos";"Outras fontes";"HIST_SBP";"Balanço de pagamentos - saldo";41;136
"1978";"Anual";"Regional";"Finanças públicas";"Min. Fazenda/STN";"RECORM";"Receita orçamentária - municipal";41;136
"1979";"Anual";"Macroeconômico";"Finanças públicas";"Bacen/Not. Imp./F. Púb.";"BM_DEXSPN";"Dívida externa - setor público - líquida";41;136
"1980";"Anual";"Macroeconômico";"Finanças públicas";"Bacen/Not. Imp./F. Púb.";"BM_NFSPOY";"NFSP - setor público - operacional - c/ desvalorização cambial";41;136
"1981";"Anual";"Macroeconômico";"Preços";"FGV/Conj. Econ. - IGP";"IGP_IGPF";"IGP-DI - geral - centrado - fim período - índice (ago. 1994 = 100)";41;136
"1982";"Anual";"Macroeconômico";"Preços";"Dieese";"DIEESE_ICVSPDG";"Inflação - ICV-SP";40;143
"1983";"Anual";"Regional";"Finanças públicas";"Min. Fazenda/STN";"RIMPTOTM";"Receita tributária - impostos - municipal";40;143
"1984";"Anual";"Macroeconômico";"Contas nacionais";"IBGE/SCN 2000 Anual";"SCN_XBSZY";"Exportações - bens e serviços - ref. 2000";40;143
"1985";"Anual";"Macroeconômico";"Contas nacionais";"IBGE/SCN 2000 Anual";"SCN_FBKG";"Capital - formação bruta - var. real anual - ref. 2000";39;146
"1986";"Anual";"Macroeconômico";"Indicadores sociais";"IPEA";"DISOC_RPMRII";"Renda domiciliar - participação dos 10% mais ricos";39;146
"1987";"Anual";"Social";"Renda";"IPEA";"RMEDIA1";"Renda domiciliar per capita - média por décimo da população - 1º";39;146
"1988";"Anual";"Macroeconômico";"Finanças públicas";"Bacen/Not. Imp./F. Púb.";"BM_DINSPN";"Dívida interna - setor público - líquida";39;146
"1989";"Anual";"Macroeconômico";"Produção";"IBGE/PAM";"LSPA_QFEIJ";"Produção - feijão - qde.";39;146
"1990";"Anual";"Macroeconômico";"População";"IBGE/Pop";"DEPIS_MIGRANTS";"População - migrantes";38;151
"1991";"Anual";"Macroeconômico";"Indicadores sociais";"IPEA";"DISOC_RMDI";"Renda domiciliar per capita - média por décimo da população - 1º";38;151
"1992";"Anual";"Social";"Mercado de trabalho";"IPEA";"SPINDUSTR";"População ocupada - empregada - indústria";38;151
"1993";"Anual";"Regional";"Finanças públicas";"Min. Fazenda/STN";"RTRCOFPMM";"Cota-parte do fundo de participação - municipal";37;154
"1994";"Anual";"Macroeconômico";"Balanço de pagamentos";"Bacen/BP (BPM5)";"BPN_EROM";"Balanço de pagamentos - erros e omissões (Antiga metod. - BPM5)";37;154
"1995";"Anual";"Macroeconômico";"Consumo e vendas";"Eletrobras";"ELETRO_CEERES";"Consumo - energia elétrica - residência - qde.";37;154
"1996";"Anual";"Macroeconômico";"Balanço de pagamentos";"Bacen/BP (BPM5)";"BPN_STKK";"Conta capital e financeira - conta capital (Antiga metod. - BPM5)";36;157
"1997";"Anual";"Macroeconômico";"Moeda e crédito";"Bacen/Not. Imp./Moeda";"BM_M1FN";"M1 - fim período";36;157
"1998";"Anual";"Regional";"Finanças públicas";"Min. Fazenda/STN";"RISSM";"Receita tributária - ISS - municipal";36;157
"1999";"Anual";"Regional";"Contas Regionais";"IBGE";"PIBCNE";"PIB Estadual - indústria - construção - valor adicionado - preços básicos";36;157
"2000";"Anual";"Social";"Habitação";"IPEA";"SPESCO";"Domicílios - com instalação adequada de esgoto - pessoas";36;157
"2001";"Anual";"Macroeconômico";"Contas nacionais";"IBGE/SCN 1985 Anual";"SCN85R_SGN";"Poupança nacional bruta - setor público";36;157
"2002";"Anual";"Macroeconômico";"Produção";"Anfavea";"ANFAVE_QVEICL";"Produção - automóveis - montados - qde.";35;163
"2003";"Anual";"Macroeconômico";"Projeções";"IPEA";"GEPS_PEAURBP";"População economicamente ativa (PEA) - urbana - projeção";35;163
"2004";"Anual";"Regional";"Contas Regionais";"IBGE";"PIBIEE";"PIB Estadual - indústria - extrativa mineral - valor adicionado - preços básicos";35;163
"2005";"Anual";"Macroeconômico";"Comércio exterior";"IPEA";"GAMMA_TL";"Importações - tarifa - alíquota legal";35;163
"2006";"Anual";"Macroeconômico";"Contas nacionais";"IBGE/SCN 2000 Anual";"SCN_VASERV";"PIB - serviços - var. real - ref. 2000";35;163
"2007";"Anual";"Macroeconômico";"Contas nacionais";"IBGE/SCN 2000 Anual";"SCN_CTR";"Consumo final - ref. 2000";35;163
"2008";"Anual";"Macroeconômico";"Contas nacionais";"IBGE/SCN 2000 Anual";"SCN_VACOGY";"PIB - indústria - construção - var. real - ref. 2000";35;163
"2009";"Anual";"Regional";"Finanças públicas";"Min. Fazenda/STN";"RECTRIBM";"Receita tributária - municipal";35;163
"2010";"Anual";"Regional";"Finanças públicas";"Min. Fazenda/STN";"DESPKM";"Despesa de capital - municipal";35;163
"2011";"Anual";"Macroeconômico";"Produção";"IBGE/PAM";"LSPA_QALGA";"Produção - algodão - arbóreo (caroço) - qde.";35;163
"2012";"Anual";"Macroeconômico";"Projeções";"ONU/LINK";"LINKBR_PIBPG";"PIB - deflator implícito - projeção - var. anual";34;173
"2013";"Anual";"Macroeconômico";"Consumo e vendas";"Eletrobras";"ELETRO_CEECOM";"Consumo - energia elétrica - comércio - qde.";34;173
"2014";"Anual";"Macroeconômico";"Sinopse macroeconômica";"Bacen/Boletim/BP";"PAN_DEXT";"Dívida externa bruta";34;173
"2015";"Anual";"Macroeconômico";"Produção";"FGV/Conj. Econ.";"CE_CUTIND";"Utilização da capacidade instalada - indústria - média";34;173
"2016";"Anual";"Macroeconômico";"Contas nacionais";"IBGE/SCN 2000 Anual";"SCN_VAAGRON";"PIB - agropecuária - ref. 2000";34;173
"2017";"Anual";"Regional";"Contas Regionais";"IBGE";"PIBSAE";"PIB Estadual - serviços - outros - saúde e educação mercantis - valor adicionado - preços básicos";34;173
"2018";"Anual";"Macroeconômico";"Contas nacionais";"IBGE/SCN 1985 Anual";"SCN85R_ILSPIN";"Impostos sobre produção e importação (líquidos de subsídios)";34;173
"2019";"Anual";"Macroeconômico";"Contas nacionais";"IBGE/SCN 1985 Anual";"SCN85R_FBKFPIB80";"Taxa de investimento (preços 1980)";33;180
"2020";"Anual";"Social";"Mercado de trabalho";"IPEA";"SPNHORA";"Horas trabalhadas - média";33;180
"2021";"Anual";"Social";"Mercado de trabalho";"IPEA";"SPCOMERCI";"População ocupada - empregada - comércio";33;180
"2022";"Anual";"Social";"Mercado de trabalho";"IPEA";"SPCONSTRU";"População ocupada - empregada - construção";33;180
"2023";"Anual";"Macroeconômico";"Projeções";"ONU/LINK";"LINKBR_CPN";"Consumo privado - projeção";33;180
"2024";"Anual";"Macroeconômico";"Produção";"IBGE/PAM";"LSPA_QSOJA";"Produção - soja - qde.";33;180
"2025";"Anual";"Macroeconômico";"Moeda e crédito";"Bacen/Not. Imp./Moeda";"BM_M0FN";"M0 - base monetária - fim período";33;180
"2026";"Anual";"Macroeconômico";"Economia internacional";"FMI/IFS";"IFS_GDPEUAN";"PIB";33;180
"2027";"Anual";"Macroeconômico";"População";"IBGE/Pop";"DEPIS_BIRTHS";"População - nascimentos";33;180
"2028";"Anual";"Macroeconômico";"Contas nacionais";"IBGE/SCN Anual";"SCN_PIBPBN1";"PIB - imputação de serviços intermediação financeira (-)";32;189
"2029";"Anual";"Macroeconômico";"Consumo e vendas";"Eletrobras";"ELETRO_CEETRES";"Consumo - energia elétrica - residência - tarifa média por MWh";32;189
"2030";"Anual";"Macroeconômico";"Indicadores sociais";"IPEA";"DISOC_RDIT";"Renda - desigualdade - índice T de Theil";32;189
"2031";"Anual";"Macroeconômico";"Contas nacionais";"IBGE/SCN 2000 Anual";"SCN_FBKFPN";"Capital fixo - formação bruta - empresas e famílias - ref. 2000";32;189
"2032";"Anual";"Macroeconômico";"Comércio exterior";"Outras fontes";"HIST_TROCA";"Termos de troca - índice (média 1995 = 100)";32;189
"2033";"Anual";"Macroeconômico";"Balanço de pagamentos";"Outras fontes";"HIST_STC";"Balanço de pagamentos - transações correntes - saldo";32;189
"2034";"Anual";"Social";"Mercado de trabalho";"IPEA";"SPRENDAP";"Renda média - do primeiro trabalho";31;195
"2035";"Anual";"Macroeconômico";"Balanço de pagamentos";"Bacen/BP (BPM5)";"BPN_STK";"Conta capital e financeira - saldo (Antiga metod. - BPM5)";31;195
"2036";"Anual";"Macroeconômico";"População";"IBGE/Pop";"DEPIS_TBM";"População - taxa bruta de mortalidade (por mil hab.)";31;195
"2037";"Anual";"Macroeconômico";"Salário e renda";"Fiesp";"FIESP_SRM";"Salário real - médio - indústria - SP - var. anual";30;198
"2038";"Anual";"Macroeconômico";"Produção";"IBGE/PAM";"LSPA_QTRIG";"Produção - trigo - qde.";30;198
"2039";"Anual";"Macroeconômico";"Finanças públicas";"Bacen/Not. Imp./F. Púb.";"BM_DTGFN";"Dívida - total - gov. federal e Banco Central - líquida";30;198
"2040";"Anual";"Social";"Renda";"IPEA";"D_MA0";"Pobreza - proporção de domicílios extremamente pobres";30;198
"2041";"Anual";"Macroeconômico";"Contas nacionais";"IPEA";"HIST_FBKFN";"Capital fixo - formação bruta";30;198
"2042";"Anual";"Macroeconômico";"Contas nacionais";"IPEA";"RITR_HLRBKPP";"Ativos líquidos reais - bens de capital - setor privado";30;198
"2043";"Anual";"Regional";"Contas Regionais";"IBGE";"PIBGE";"PIB Estadual - serviços - administração pública - valor adicionado - preços básicos";30;198
"2044";"Anual";"Macroeconômico";"Contas nacionais";"IBGE/SCN 2000 Anual";"SCN_CTG";"Consumo final - var. real anual - ref. 2000";30;198
"2045";"Anual";"Macroeconômico";"Contas nacionais";"IBGE/SCN 2000 Anual";"SCN_RWN";"Remuneração empregados - salários - ref. 2000";30;198
"2046";"Anual";"Macroeconômico";"Contas nacionais";"IBGE/SCN 2000 Anual";"SCN_DAN";"Demanda total - ref. 2000";30;198
"2047";"Anual";"Macroeconômico";"Contas nacionais";"IBGE/SCN 2000 Anual";"SCN_CGG";"Consumo final - adm. pública - var. real anual - ref. 2000";30;198
"2048";"Anual";"Macroeconômico";"Contas nacionais";"IBGE/SCN 2000 Anual";"SCN_VAITGY";"PIB - indústria - transformação - var. real - ref. 2000";30;198
"2049";"Anual";"Macroeconômico";"Comércio exterior";"Funcex";"FUNCEX_MDVBK";"Importações - bens de capital - (FOB)";30;198
"2050";"Anual";"Social";"Mercado de trabalho";"IPEA";"SPSERVICO";"População ocupada - empregada - serviços";29;211
"2051";"Anual";"Macroeconômico";"Estoque de capital";"IPEA";"GAMMA_EBKG";"Capital fixo - estoque bruto - adm. pública";29;211
"2052";"Anual";"Social";"Educação";"IPEA";"TXA1524";"Analfabetos - pessoas 15 a 24 anos";29;211
"2053";"Anual";"Macroeconômico";"Produção";"IBGE/PAM";"LSPA_QMILH";"Produção - milho - qde.";29;211
"2054";"Anual";"Regional";"Finanças públicas";"Min. Fazenda/STN";"DESPORM";"Despesa orçamentária - municipal";29;211
"2055";"Anual";"Regional";"Finanças públicas";"Min. Fazenda/STN";"DESPCORRM";"Despesa corrente - municipal";28;216
"2056";"Anual";"Macroeconômico";"Projeções";"IBGE/Pop";"DEPIS_CVP";"População - crescimento vegetativo - projeção";28;216
"2057";"Anual";"Macroeconômico";"Comércio exterior";"MDIC/SECEX";"SECEX_XBAV";"Exportações - fator agregado - produtos básicos - (FOB)";28;216
"2058";"Anual";"Macroeconômico";"Balanço de pagamentos";"Bacen/BP (BPM5)";"BPN_TUN";"Transferências unilaterais correntes - saldo (Antiga metod. - BPM5)";28;216
"2059";"Anual";"Macroeconômico";"Balanço de pagamentos";"Bacen/BP (BPM5)";"BPN_SER";"Serviços e rendas - saldo (Antiga metod. - BPM5)";28;216
"2060";"Anual";"Macroeconômico";"Balanço de pagamentos";"Bacen/BP (BPM5)";"BPN_FINIDBC";"Conta financeira - invest. brasil. carteira - saldo (Antiga metod. - BPM5)";28;216
"2061";"Anual";"Macroeconômico";"Contas nacionais";"IBGE/SCN 2000 Anual";"SCN_FBKF";"Capital fixo - formação bruta (preços do ano anterior) - ref. 2000";28;216
"2062";"Anual";"Macroeconômico";"Economia internacional";"Outras fontes";"HIST_IPAEUA";"IPA - índice (média 1995 = 100)";28;216
"2063";"Anual";"Macroeconômico";"Contas nacionais";"IBGE/SCN 2000 Anual";"SCN_MBSZY";"Importações - bens e serviços - ref. 2000";27;224
"2064";"Anual";"Macroeconômico";"Indicadores sociais";"IPEA";"DISOC_RPMPII";"Renda domiciliar - participação dos 20% mais pobres";27;224
"2065";"Anual";"Macroeconômico";"Balanço de pagamentos";"Bacen/BP (BPM5)";"BPN_JUR";"Serviços e rendas - rendas - juros - saldo (Antiga metod. - BPM5)";27;224
"2066";"Anual";"Macroeconômico";"Projeções";"ONU/LINK";"LINKBR_PI";"Produção industrial - (índice 1998 = 100) - projeção";27;224
"2067";"Anual";"Macroeconômico";"População";"IBGE/Pop";"DEPIS_POPH";"População residente - homens";27;224
"2068";"Anual";"Regional";"Finanças públicas";"Min. Fazenda/STN";"DINVESTM";"Despesa de capital - investimento - municipal";27;224
"2069";"Anual";"Regional";"Finanças públicas";"Min. Fazenda/STN";"REKM";"Receita de capital - municipal";26;230
"2070";"Anual";"Macroeconômico";"Finanças públicas";"Bacen/Not. Imp./F. Púb.";"BM_DINGFN";"Dívida interna - gov. federal e Banco Central - líquida";26;230
"2071";"Anual";"Macroeconômico";"Preços";"FGV/Conj. Econ. - IGP";"IGP_IPADIG";"Inflação - IPA-EP-DI";26;230
"2072";"Anual";"Macroeconômico";"Contas nacionais";"IBGE/SCN 2000 Anual";"SCN_XTG";"Exportações - bens e serviços - var. real anual - ref. 2000";26;230
"2073";"Anual";"Macroeconômico";"Indicadores sociais";"IPEA";"DISOC_RMDX";"Renda domiciliar per capita - média por décimo da população - 10º";25;234
"2074";"Anual";"Regional";"Contas Regionais";"IBGE";"PIBFE";"PIB Estadual - serviços - intermediação financeira - valor adicionado - preços básicos";25;234
"2075";"Anual";"Macroeconômico";"Contas nacionais";"IPEA";"HIST_FBKFR";"Capital fixo - formação bruta";25;234
"2076";"Anual";"Macroeconômico";"Produção";"Outras fontes";"HIST_ACOQ";"Produção - aço - qde.";25;234
"2077";"Anual";"Macroeconômico";"Finanças públicas";"Bacen/Not. Imp./F. Púb.";"BM_NFSPJNY";"NFSP - setor público - juros nominais - c/ desvalorização cambial";25;234
"2078";"Anual";"Macroeconômico";"Projeções";"ONU/LINK";"LINKBR_TJ";"Taxa de juros - nominal - projeção";25;234
"2079";"Anual";"Macroeconômico";"Balanço de pagamentos";"Bacen/BP (BPM5)";"BPN_FINIDEREC";"Conta financeira - invest. diretos - estrang. no país - ingressos (Antiga metod. - BPM5)";25;234
"2080";"Anual";"Macroeconômico";"Salário e renda";"Fiesp";"FIESP_TSR";"Salário real - indústria - SP - var. anual";25;234
"2081";"Anual";"Macroeconômico";"Projeções";"IBGE/Pop";"DEPIS_POPP";"População residente - 1º de julho - projeção";25;234
"2082";"Anual";"Macroeconômico";"Comércio exterior";"MDIC/SECEX";"SECEX_XMV";"Exportações - fator agregado - produtos industrializados - (FOB)";25;234
"2083";"Anual";"Macroeconômico";"Balanço de pagamentos";"Bacen/BP (BPM5)";"BPN_STF";"Conta capital e financeira - conta financeira (Antiga metod. - BPM5)";24;244
"2084";"Anual";"Macroeconômico";"Balanço de pagamentos";"Bacen/BP (BPM5)";"BPN_FINIOUT";"Conta financeira - invest. - outros (Antiga metod. - BPM5)";24;244
"2085";"Anual";"Macroeconômico";"Produção";"IBGE/PAM";"LSPA_QBANA";"Produção - banana - qde.";24;244
"2086";"Anual";"Macroeconômico";"Consumo e vendas";"Eletrobras";"ELETRO_CEEIND";"Consumo - energia elétrica - indústria - qde.";24;244
"2087";"Anual";"Regional";"Contas Regionais";"IBGE";"PIBOSE";"PIB Estadual - serviços - outros - valor adicionado - preços básicos";24;244
"2088";"Anual";"Social";"Renda";"IPEA";"PREND1";"Renda domiciliar - participação por décimo da população - 1º";24;244
"2089";"Anual";"Social";"Mercado de trabalho";"IPEA";"SPFINANCI";"População ocupada - empregada - financeiro";24;244
"2090";"Anual";"Macroeconômico";"Estoque de capital";"IPEA";"GAMMA_ELKT";"Capital fixo - estoque líquido - total";24;244
"2091";"Anual";"Macroeconômico";"Indicadores sociais";"IPEA";"DISOC_RMDIX";"Renda domiciliar per capita - média por décimo da população - 9º";24;244
"2092";"Anual";"Macroeconômico";"Contas nacionais";"IBGE/SCN 2000 Anual";"SCN_FBKMN";"Capital fixo - formação bruta - máquinas e equipamentos - ref. 2000";24;244
"2093";"Anual";"Macroeconômico";"Contas nacionais";"IBGE/SCN 2000 Anual";"SCN_NFPIB";"NFSP - ref. 2000";24;244
"2094";"Anual";"Macroeconômico";"Contas nacionais";"IBGE/SCN 2000 Anual";"SCN_VBPN";"Produção - ref. 2000";23;255
"2095";"Anual";"Macroeconômico";"Contas nacionais";"IBGE/SCN 2000 Anual";"SCN_FBKFMR";"Capital fixo - formação bruta - máquinas e equipamentos - ref. 2000";23;255
"2096";"Anual";"Macroeconômico";"Contas nacionais";"IPEA";"RITR_HLBKCCJJ";"Ativos líquidos reais - construção civil - empresas privadas";23;255
"2097";"Anual";"Social";"Habitação";"IPEA";"SPDENS";"Domicílios - com densidade acima de 2 pessoas por dormitório - pessoas";23;255
"2098";"Anual";"Macroeconômico";"Estoque de capital";"IPEA";"GAMMA_ELWP";"Riqueza - estoque líquido - privado";23;255
"2099";"Anual";"Macroeconômico";"Estoque de capital";"IPEA";"GAMMA_EBKMQET";"Capital fixo - estoque bruto - máquinas e equipamentos";23;255
"2100";"Anual";"Social";"Educação";"IPEA";"FES1517";"Freqüencia escolar - pessoas 15 a 17 anos";23;255
"2101";"Anual";"Macroeconômico";"Contas nacionais";"IPEA";"HIST_VAAGR";"PIB - agricultura - índice (média 1939 = 100)";23;255
"2102";"Anual";"Macroeconômico";"Preços";"Outras fontes";"HIST_ICVRJ";"Inflação - Custo de vida - RJ - índice (média 1912 = 100)";23;255
"2103";"Anual";"Macroeconômico";"Consumo e vendas";"Fiesp";"FIESP_TVR";"Vendas reais - indústria - SP - var. anual";23;255
"2104";"Anual";"Regional";"Finanças públicas";"Min. Fazenda/STN";"DFHABM";"Despesas por função - habitação e urbanismo - municipal";23;255
"2105";"Anual";"Regional";"Finanças públicas";"Min. Fazenda/STN";"RTAXASM";"Receita tributária - taxas - municipal";22;266
"2106";"Anual";"Regional";"Finanças públicas";"Min. Fazenda/STN";"RTRCORTOM";"Receita - transferências correntes - municipal";22;266
"2107";"Anual";"Macroeconômico";"Economia internacional";"FMI/IFS";"IFS_GDPARGN";"PIB";22;266
"2108";"Anual";"Macroeconômico";"Projeções";"FMI/IFS";"IFS_PWN";"PIB - projeção - var. real anual";22;266
"2109";"Anual";"Macroeconômico";"Balanço de pagamentos";"Bacen/Boletim/BP";"BM_DEXRSP";"Dívida externa - pública - registrada";22;266
"2110";"Anual";"Macroeconômico";"Produção";"IBGE/PAM";"LSPA_QMAND";"Produção - mandioca - qde.";22;266
"2111";"Anual";"Macroeconômico";"Projeções";"ONU/LINK";"LINKBR_BCV";"Balança comercial - projeção";22;266
"2112";"Anual";"Macroeconômico";"Contas nacionais";"IPEA";"HIST_FBKFGN";"Capital fixo - formação bruta - adm. pública";22;266
"2113";"Anual";"Social";"Renda";"IPEA";"RMEDIA2";"Renda domiciliar per capita - média por décimo da população - 2º";22;266
"2114";"Anual";"Macroeconômico";"Preços";"IPEA";"GAMMA_DEFLPNAD";"Deflator para rendimentos da PNAD: INPC";22;266
"2115";"Anual";"Social";"Educação";"IPEA";"SGR1517W";"Freqüencia escolar - pessoas 15 a 17 anos - frequentando 2º grau ou com mais de 8 anos de estudo - m";22;266
"2116";"Anual";"Regional";"Contas Regionais";"IBGE";"PIBTE";"PIB Estadual - serviços - transportes e comunicações - valor adicionado - preços básicos";22;266
"2117";"Anual";"Social";"Renda";"IPEA";"RMEDIA3";"Renda domiciliar per capita - média por décimo da população - 3º";22;266
"2118";"Anual";"Social";"Educação";"IPEA";"TXA1517";"Analfabetos - pessoas 15 a 17 anos";22;266
"2119";"Anual";"Macroeconômico";"Contas nacionais";"IBGE/SCN 2000 Anual";"SCN_CARGESY";"Carga tributária - estadual - ref. 2000";22;266
"2120";"Anual";"Macroeconômico";"Contas nacionais";"IBGE/SCN 2000 Anual";"SCN_FBKM";"Capital fixo - formação bruta - máquinas e equipamentos (preços do ano anterior) - ref. 2000";22;266
"2121";"Anual";"Macroeconômico";"Contas nacionais";"IBGE/SCN 2000 Anual";"SCN_RWTN";"Remuneração empregados (usos) - ref. 2000";22;266
"2122";"Anual";"Macroeconômico";"Contas nacionais";"IBGE/SCN 2000 Anual";"SCN_VESTON";"Capital - formação bruta - variação de estoque - ref. 2000";22;266
"2123";"Anual";"Macroeconômico";"Comércio exterior";"Funcex";"FUNCEX_XVM";"Exportações - produtos manufaturados - (FOB)";22;266
"2124";"Anual";"Macroeconômico";"Contas nacionais";"IBGE/SCN 1985 Anual";"SCN85R_CFPPEN";"Consumo final - famílias (inclui variação de estoque)";21;285
"2125";"Anual";"Social";"Educação";"IPEA";"FES0714";"Freqüencia escolar - pessoas 7 a 14 anos";21;285
"2126";"Anual";"Macroeconômico";"Indicadores sociais";"IPEA";"DISOC_RMDII";"Renda domiciliar per capita - média por décimo da população - 2º";21;285
"2127";"Anual";"Macroeconômico";"Contas nacionais";"IPEA";"HIST_FBKMN";"Capital fixo - formação bruta - máquinas e equipamentos";21;285
"2128";"Anual";"Social";"Renda";"IPEA";"RMEDIA10";"Renda domiciliar per capita - média por décimo da população - 10º";21;285
"2129";"Anual";"Regional";"Contas Regionais";"IBGE";"PIBEGAE";"PIB Estadual - indústria - serviços de utilidade pública";21;285
"2130";"Anual";"Macroeconômico";"Comércio exterior";"Outras fontes";"HIST_XPTG";"Exportações - preços - var. anual";21;285
"2131";"Anual";"Macroeconômico";"Produção";"IBGE/PAM";"LSPA_QCAFE";"Produção - café - qde.";21;285
"2132";"Anual";"Macroeconômico";"Preços";"FGV/Conj. Econ. - IGP";"IGP_IPAOGG";"Inflação - IPA origem";21;285
"2133";"Anual";"Regional";"Finanças públicas";"Min. Fazenda/STN";"DFEDUCM";"Despesas por função - educação e cultura - municipal";21;285
"2134";"Anual";"Regional";"Finanças públicas";"Min. Fazenda/STN";"DFSAUSM";"Despesas por função - saúde e saneamento - municipal";21;285
"2135";"Anual";"Regional";"Finanças públicas";"Min. Fazenda/STN";"RTRKFPMM";"Despesa de capital - transferência do geverno federal para os municípios";20;296
"2136";"Anual";"Regional";"Finanças públicas";"Min. Fazenda/STN";"DFADMM";"Despesas por função - administração e planejamento - municipal";20;296
"2137";"Anual";"Regional";"Finanças públicas";"Min. Fazenda/STN";"DINVESTE";"Despesa de capital - investimento - estadual";20;296
"2138";"Anual";"Macroeconômico";"Economia internacional";"FMI/IFS";"IFS_GDPEUA";"PIB - índice (média 2005 = 100)";20;296
"2139";"Anual";"Macroeconômico";"Economia internacional";"FMI/IFS";"IFS_IPAEUA";"IPA - índice (média 2005 = 100)";20;296
"2140";"Anual";"Macroeconômico";"Produção";"ANP";"ANP_PDPET";"Produção - petróleo - qde.";20;296
"2141";"Anual";"Macroeconômico";"Preços";"FGV/Conj. Econ. - IGP";"IGP_ICVRJG";"Inflação - IPC-RJ";20;296
"2142";"Anual";"Macroeconômico";"Finanças públicas";"Bacen/Not. Imp./F. Púb.";"BM_NFSPJNN";"NFSP - setor público - juros nominais - c/ desvalorização cambial";20;296
"2143";"Anual";"Macroeconômico";"Consumo e vendas";"Eletrobras";"ELETRO_CEEOUT";"Consumo - energia elétrica - outros setores - qde.";20;296
"2144";"Anual";"Macroeconômico";"Produção";"IBGE/PAM";"LSPA_QCACA";"Produção - cacau - qde.";20;296
"2145";"Anual";"Macroeconômico";"Moeda e crédito";"Bacen/Not. Imp./Moeda";"BM_DEV";"M1 - depósitos à vista - fim período";20;296
"2146";"Anual";"Macroeconômico";"Contas nacionais";"Outras fontes";"HIST_VAAGRL";"PIB - agricultura - valor adicionado líquido";20;296
"2147";"Anual";"Regional";"Contas Regionais";"IBGE";"PIBSCE";"PIB Estadual - serviços - outros - outros serviços coletivos, sociais e pessoais - valor adicionado ";20;296
"2148";"Anual";"Social";"Renda";"IPEA";"RMEDIA5";"Renda domiciliar per capita - média por décimo da população - 5º";20;296
"2149";"Anual";"Social";"Renda";"IPEA";"RMEDIA4";"Renda domiciliar per capita - média por décimo da população - 4º";20;296
"2150";"Anual";"Social";"Mercado de trabalho";"IPEA";"SPTRANPCO";"População ocupada - empregada - transporte e comunicação";20;296
"2151";"Anual";"Macroeconômico";"Contas nacionais";"IBGE/SCN 2000 Anual";"SCN_IPBN";"Impostos sobre produtos - ref. 2000";20;296
"2152";"Anual";"Macroeconômico";"Contas nacionais";"IBGE/SCN 1985 Anual";"SCN85R_DIAGROG";"PIB - agropecuária - deflator implícito - var. anual";20;296
"2153";"Anual";"Macroeconômico";"Contas nacionais";"IBGE/SCN 1985 Anual";"SCN85R_SGGN";"Poupança nacional bruta - adm. pública";20;296
"2154";"Anual";"Macroeconômico";"Comércio exterior";"Funcex";"FUNCEX_XVB";"Exportações - produtos básicos - (FOB)";20;296
"2155";"Anual";"Macroeconômico";"Contas nacionais";"IBGE/SCN 1985 Anual";"SCN85R_FBKFMNR";"Capital fixo - formação bruta - máquinas e equipamentos nacionais";19;316
"2156";"Anual";"Macroeconômico";"Contas nacionais";"IBGE/SCN 2000 Anual";"SCN_CARGGFL";"Carga tributária - federal - líquida - ref. 2000";19;316
"2157";"Anual";"Macroeconômico";"Contas nacionais";"IBGE/SCN 2000 Anual";"SCN_TIN";"Impostos sobre produção e importação (tributos indiretos) - ref. 2000";19;316
"2158";"Anual";"Macroeconômico";"Contas nacionais";"IBGE/SCN 2000 Anual";"SCN_FBKO";"Capital fixo - formação bruta - outros (preços do ano anterior) - ref. 2000";19;316
"2159";"Anual";"Social";"Renda";"IPEA";"D_MP0";"Pobreza - proporção de domicílios pobres";19;316
"2160";"Anual";"Social";"Educação";"IPEA";"P25AEW";"Anos de estudo - média - pessoas 25 anos e mais - mulheres";19;316
"2161";"Anual";"Macroeconômico";"Estoque de capital";"IPEA";"GAMMA_EBWP";"Riqueza - estoque bruto - privado";19;316
"2162";"Anual";"Macroeconômico";"Comércio exterior";"IPEA";"GAMMA_TLBC";"Importações - tarifa - alíquota legal - bens de consumo";19;316
"2163";"Anual";"Macroeconômico";"Comércio exterior";"Outras fontes";"HIST_XQTG";"Exportações - quantum - var. anual";19;316
"2164";"Anual";"Macroeconômico";"Preços";"FGV/Conj. Econ. - IGP";"IGP_IPAA";"IPA origem - prod. agropecuários - índice (ago. 1994 = 100)";19;316
"2165";"Anual";"Macroeconômico";"População";"IBGE/Pop";"DEPIS_DEATHS";"População - mortes";19;316
"2166";"Anual";"Regional";"Finanças públicas";"Min. Fazenda/STN";"DFOFM";"Despesas por função - municipal";19;316
"2167";"Anual";"Regional";"Finanças públicas";"Min. Fazenda/STN";"DESPCUPM";"Despesa de custeio - pessoal -  municipal";18;328
"2168";"Anual";"Macroeconômico";"Salário e renda";"Fiesp";"FIESP_SNM";"Salário nominal - médio - indústria - SP - var. anual";18;328
"2169";"Anual";"Macroeconômico";"Finanças públicas";"Bacen/Not. Imp./F. Púb.";"BM_DPIPP";"Dívida mobiliária interna federal - títulos fora do BC - fim período";18;328
"2170";"Anual";"Macroeconômico";"Consumo e vendas";"Eletrobras";"ELETRO_CEETT";"Consumo - energia elétrica - tarifa média por MWh";18;328
"2171";"Anual";"Macroeconômico";"Produção";"IBGE/PAM";"LSPA_QALGH";"Produção - algodão - herbáceo (caroço) - qde.";18;328
"2172";"Anual";"Macroeconômico";"Produção";"IBGE/PAM";"LSPA_QLARA";"Produção - laranja - qde.";18;328
"2173";"Anual";"Macroeconômico";"Projeções";"ONU/LINK";"LINK_PETROLOG";"Commodities - petróleo - cotação internacional em US$ - projeção - var. anual";18;328
"2174";"Anual";"Macroeconômico";"Comércio exterior";"Funcex/Séries antigas";"FUNCEX_MDVTEXT";"Importações - setor: têxtil - (FOB)";18;328
"2175";"Anual";"Macroeconômico";"Balanço de pagamentos";"Bacen/BP (BPM5)";"BPN_JURDES";"Serviços e rendas - rendas - juros - despesas (Antiga metod. - BPM5)";18;328
"2176";"Anual";"Macroeconômico";"Produção";"Outras fontes";"HIST_CERVQ";"Produção - cerveja - qde.";18;328
"2177";"Anual";"Macroeconômico";"Estoque de capital";"IPEA";"GAMMA_ELKMQET";"Capital fixo - estoque líquido - máquinas e equipamentos";18;328
"2178";"Anual";"Macroeconômico";"Indicadores sociais";"IPEA";"DISOC_RMDIV";"Renda domiciliar per capita - média por décimo da população - 4º";18;328
"2179";"Anual";"Macroeconômico";"Indicadores sociais";"IPEA";"DISOC_RMDV";"Renda domiciliar per capita - média por décimo da população - 5º";18;328
"2180";"Anual";"Social";"Educação";"IPEA";"ATRASOH";"Defasagem escolar - mais de 1 ano atraso - homens";18;328
"2181";"Anual";"Macroeconômico";"Finanças públicas";"IPEA";"RITR_DEXPP";"Dívida externa - pública - líquida - setor privado";18;328
"2182";"Anual";"Social";"Educação";"IPEA";"FES0506";"Freqüencia escolar - pessoas 5 a 6 anos";18;328
"2183";"Anual";"Regional";"Contas Regionais";"IBGE";"PIBSDE";"PIB Estadual - serviços - outros - serviços domésticos - valor adicionado - preços básicos";18;328
"2184";"Anual";"Macroeconômico";"Contas nacionais";"IBGE/SCN 2000 Anual";"SCN_FBKFCR";"Capital fixo - formação bruta - construção - ref. 2000";18;328
"2185";"Anual";"Macroeconômico";"Contas nacionais";"IBGE/SCN 2000 Anual";"SCN_CARGALY";"Carga tributária - líquida - ref. 2000";18;328
"2186";"Anual";"Macroeconômico";"Contas nacionais";"IBGE/SCN 1985 Anual";"SCN85R_DIINDG";"PIB - indústria - deflator implícito - var. anual";18;328
"2187";"Anual";"Macroeconômico";"Contas nacionais";"IBGE/SCN 1985 Anual";"SCN85R_FBKFMMR";"Capital fixo - formação bruta - máquinas e equipamentos importados";18;328
"2188";"Anual";"Macroeconômico";"Contas nacionais";"IBGE/SCN 1985 Anual";"SCN85R_SEEN";"Poupança nacional bruta - empresas públicas";17;349
"2189";"Anual";"Macroeconômico";"Comércio exterior";"Funcex";"FUNCEX_XVBK";"Exportações - bens de capital - (FOB)";17;349
"2190";"Anual";"Macroeconômico";"Comércio exterior";"Funcex";"FUNCEX_MDVBI";"Importações - bens intermediários - (FOB)";17;349
"2191";"Anual";"Macroeconômico";"Comércio exterior";"Funcex";"FUNCEX_XPT";"Exportações - preços - índice (média 2006 = 100)";17;349
"2192";"Anual";"Macroeconômico";"Contas nacionais";"IBGE/SCN 2000 Anual";"SCN_VASERVN";"PIB - serviços - ref. 2000";17;349
"2193";"Anual";"Regional";"Contas Regionais";"IBGE";"PIBCME";"PIB Estadual - serviços - transportes e comunicações - serviços de informação - valor adicionado - p";17;349
"2194";"Anual";"Regional";"Contas Regionais";"IBGE";"PIBTAE";"PIB Estadual - serviços - transportes e comunicações - transportes, armazenagem e correio - valor ad";17;349
"2195";"Anual";"Macroeconômico";"Indicadores sociais";"IPEA";"DISOC_RMDIII";"Renda domiciliar per capita - média por décimo da população - 3º";17;349
"2196";"Anual";"Social";"Mercado de trabalho";"IPEA";"SPMINERIA";"População ocupada - empregada - minerio";17;349
"2197";"Anual";"Social";"Renda";"IPEA";"RIND";"Renda domiciliar per capita - média dos extremamente pobres";17;349
"2198";"Anual";"Macroeconômico";"Contas nacionais";"IPEA";"HIST_FBKFOR";"Capital fixo - formação bruta - outros";17;349
"2199";"Anual";"Macroeconômico";"Finanças públicas";"Bacen/Not. Imp./F. Púb.";"BM_NFSPJRY";"NFSP - setor público - juros reais - c/ desvalorização cambial";17;349
"2200";"Anual";"Macroeconômico";"Economia internacional";"FMI/IFS";"IFS_GDPARG";"PIB - índice (média 2005 = 100)";17;349
"2201";"Anual";"Macroeconômico";"Economia internacional";"FMI/IFS";"IFS_GDPALE";"PIB - índice (média 2005 = 100)";17;349
"2202";"Anual";"Regional";"Finanças públicas";"Min. Fazenda/STN";"DFDESRM";"Despesas por função - desenvolvimento regional - municipal";17;349
"2203";"Anual";"Regional";"Finanças públicas";"Min. Fazenda/STN";"RTRKESTM";"Despesa de capital - transferência dos estados para os municípios";16;364
"2204";"Anual";"Regional";"Finanças públicas";"Min. Fazenda/STN";"DFICSM";"Despesas por função - indústria, comércio e serviços - municipal";16;364
"2205";"Anual";"Macroeconômico";"Balanço de pagamentos";"Bacen/Not. Imp./Set. Ext.";"BPN_STCPIB";"Transações correntes - últimos 12 meses (Antiga metod. - BPM5)";16;364
"2206";"Anual";"Macroeconômico";"Finanças públicas";"Bacen/Not. Imp./F. Púb.";"BM_DTEMN";"Dívida - total - estados e municípios - líquida";16;364
"2207";"Anual";"Macroeconômico";"Finanças públicas";"Bacen/Not. Imp./F. Púb.";"BM_NFGFPY";"NFSP - gov. federal e Banco Central - primário - c/ desvalorização cambial";16;364
"2208";"Anual";"Macroeconômico";"Balanço de pagamentos";"Bacen/BP (BPM5)";"BPN_SERS";"Serviços e rendas - serviços - saldo (Antiga metod. - BPM5)";16;364
"2209";"Anual";"Macroeconômico";"Comércio exterior";"Funcex/Séries antigas";"FUNCEX_XVAGP";"Exportações - setor: agropecuária - (FOB)";16;364
"2210";"Anual";"Macroeconômico";"Moeda e crédito";"Bacen/Not. Imp./Moeda";"BM_DEPOU";"M3 - depósitos em poupança - fim período";16;364
"2211";"Anual";"Social";"Renda";"IPEA";"PREND3";"Renda domiciliar - participação por décimo da população - 3º";16;364
"2212";"Anual";"Macroeconômico";"Contas nacionais";"IPEA";"HIST_FBKFPN";"Capital fixo - formação bruta - empresas e famílias";16;364
"2213";"Anual";"Macroeconômico";"Contas nacionais";"IPEA";"HIST_FBKCN";"Capital fixo - formação bruta - construção";16;364
"2214";"Anual";"Social";"Educação";"IPEA";"DE1014P";"Defasagem escolar - média - pessoas 10 a 14 anos";16;364
"2215";"Anual";"Regional";"Contas Regionais";"IBGE";"PIBAAE";"PIB Estadual - serviços - outros - alojamento e alimentação - valor adicionado - preços básicos";16;364
"2216";"Anual";"Macroeconômico";"Contas nacionais";"IPEA";"HIST_FBKCGN";"Capital fixo - formação bruta - construção - adm. pública";16;364
"2217";"Anual";"Macroeconômico";"Contas nacionais";"IBGE/SCN 2000 Anual";"SCN_FBKC";"Capital fixo - formação bruta - construção (preços do ano anterior) - ref. 2000";16;364
"2218";"Anual";"Macroeconômico";"Contas nacionais";"IBGE/SCN 2000 Anual";"SCN_VACOMGY";"PIB - serviços - comércio - var. real - ref. 2000";16;364
"2219";"Anual";"Macroeconômico";"Comércio exterior";"Funcex";"FUNCEX_XQT";"Exportações - quantum - índice (média 2006 = 100)";16;364
"2220";"Anual";"Macroeconômico";"Comércio exterior";"Funcex";"FUNCEX_MDVBCD";"Importações - bens de consumo duráveis - (FOB)";16;364
"2221";"Anual";"Macroeconômico";"Consumo e vendas";"Anfavea";"ANFAVE_VTOT";"Vendas - autoveículos - nacionais - montados - qde.";16;364
"2222";"Anual";"Macroeconômico";"Produção";"Anfavea";"ANFAVE_QTOT";"Produção - autoveículos - montados - qde.";15;383
"2223";"Anual";"Macroeconômico";"Contas nacionais";"IBGE/SCN 1985 Anual";"SCN85R_FBKPPN";"Capital - formação bruta - setor privado";15;383
"2224";"Anual";"Macroeconômico";"Contas nacionais";"IBGE/SCN 1985 Anual";"SCN85R_FBKGGN";"Capital - formação bruta - setor público - adm. pública";15;383
"2225";"Anual";"Macroeconômico";"Contas nacionais";"IBGE/SCN 1985 Anual";"SCN85R_PRODG";"Produtividade do trabalho - total";15;383
"2226";"Anual";"Macroeconômico";"Contas nacionais";"IBGE/SCN 2000 Anual";"SCN_FBKMGN";"Capital fixo - formação bruta - máquinas e equipamentos - adm. pública - ref. 2000";15;383
"2227";"Anual";"Macroeconômico";"Contas nacionais";"IBGE/SCN 2000 Anual";"SCN_MTG";"Importações - bens e serviços - var. real anual - ref. 2000";15;383
"2228";"Anual";"Social";"Educação";"IPEA";"TXA15H";"Analfabetos - pessoas 15 anos e mais - homens";15;383
"2229";"Anual";"Macroeconômico";"Contas nacionais";"IPEA";"HIST_FBKFMR";"Capital fixo - formação bruta - máquinas e equipamentos";15;383
"2230";"Anual";"Social";"Habitação";"IPEA";"SPDURA";"Domicílios - com material de construção durável - pessoas";15;383
"2231";"Anual";"Social";"Renda";"IPEA";"PREND2";"Renda domiciliar - participação por décimo da população - 2º";15;383
"2232";"Anual";"Social";"Educação";"IPEA";"SGR1517";"Freqüencia escolar - pessoas 15 a 17 anos - frequentando 2º grau ou com mais de 8 anos de estudo";15;383
"2233";"Anual";"Macroeconômico";"Comércio exterior";"Outras fontes";"HIST_MPTG";"Importações - preços - var. anual";15;383
"2234";"Anual";"Macroeconômico";"Preços";"Outras fontes";"HIST_ICVCOMBRJ";"Inflação - Custo de vida - combustível e luz - RJ - índice (média 1912 = 100)";15;383
"2235";"Anual";"Macroeconômico";"Comércio exterior";"Funcex/Séries antigas";"FUNCEX_XVCAL";"Exportações - setor: calçados - (FOB)";15;383
"2236";"Anual";"Macroeconômico";"Projeções";"ONU/LINK";"LINKBR_CPG";"Consumo privado - projeção - var. real anual";15;383
"2237";"Anual";"Macroeconômico";"Balanço de pagamentos";"Bacen/BP (BPM5)";"BPN_FINIDC";"Conta financeira - invest. carteira (Antiga metod. - BPM5)";15;383
"2238";"Anual";"Macroeconômico";"Finanças públicas";"Bacen/Not. Imp./F. Púb.";"BM_NFSPPN";"NFSP - setor público - primário - c/ desvalorização cambial";15;383
"2239";"Anual";"Macroeconômico";"Consumo e vendas";"Eletrobras";"ELETRO_CEETCOM";"Consumo - energia elétrica - comércio - tarifa média por MWh";15;383
"2240";"Anual";"Macroeconômico";"Balanço de pagamentos";"Bacen/Boletim/BP";"BM_RESNOU";"Reservas internacionais - liquidez internacional - exceto ouro";15;383
"2241";"Anual";"Macroeconômico";"Balanço de pagamentos";"Bacen/Boletim/BP";"BM_DEXRPR";"Dívida externa - privada - registrada";15;383
"2242";"Anual";"Regional";"Finanças públicas";"Min. Fazenda/STN";"DFLEGM";"Despesas por função - legislativa- municipal";15;383
"2243";"Anual";"Regional";"Finanças públicas";"Min. Fazenda/STN";"RTRKTOM";"Receita - transferências de capital - municipal";15;383
"2244";"Anual";"Macroeconômico";"Economia internacional";"FMI/IFS";"IFS_IPCEUA";"IPC - índice (média 2005 = 100)";15;383
"2245";"Anual";"Regional";"Finanças públicas";"Min. Fazenda/STN";"DFAGRM";"Despesas por função - agricultura - municipal";14;406
"2246";"Anual";"Macroeconômico";"Consumo e vendas";"ANP";"ANP_GLP";"Vendas - gás GLP - qde.";14;406
"2247";"Anual";"Macroeconômico";"Produção";"ANP";"ANP_PDGASN";"Produção - gás natural - qde.";14;406
"2248";"Anual";"Macroeconômico";"População";"IBGE/Pop";"DEPIS_POPM";"População residente - mulheres";14;406
"2249";"Anual";"Macroeconômico";"Finanças públicas";"Bacen/Not. Imp./F. Púb.";"BM_DIPF";"Dívida mobiliária federal emitida - responsabilidade do Tesouro Nacional - fim período";14;406
"2250";"Anual";"Macroeconômico";"Finanças públicas";"Bacen/Not. Imp./F. Púb.";"BM_NFSPNN";"NFSP - setor público - nominal - c/ desvalorização cambial";14;406
"2251";"Anual";"Macroeconômico";"Balanço de pagamentos";"Bacen/BP (BPM5)";"BPN_FINIDEDES";"Conta financeira - invest. diretos - estrang. no país - saídas (Antiga metod. - BPM5)";14;406
"2252";"Anual";"Macroeconômico";"Balanço de pagamentos";"Bacen/BP (BPM5)";"BPN_LUD";"Serviços e rendas - rendas - lucros e dividendos - saldo (Antiga metod. - BPM5)";14;406
"2253";"Anual";"Macroeconômico";"Projeções";"ONU/LINK";"LINKBR_CGN";"Consumo do governo - projeção";14;406
"2254";"Anual";"Macroeconômico";"Comércio exterior";"Funcex/Séries antigas";"FUNCEX_XVPAP";"Exportações - setor: celulose, papel e gráfica - (FOB)";14;406
"2255";"Anual";"Macroeconômico";"Comércio exterior";"Funcex/Séries antigas";"FUNCEX_XQSID";"Exportações - setor: siderurgia - quantum - índice (média 2006 = 100)";14;406
"2256";"Anual";"Macroeconômico";"Comércio exterior";"Funcex/Séries antigas";"FUNCEX_XVACUC";"Exportações - setor: açúcar - (FOB)";14;406
"2257";"Anual";"Macroeconômico";"Moeda e crédito";"Outras fontes";"HIST_PME";"M0 - base monetária - papel moeda emitido - fim período";14;406
"2258";"Anual";"Macroeconômico";"Balanço de pagamentos";"Outras fontes";"HIST_SERF";"Balanço de pagamentos - serviços fatores";14;406
"2259";"Anual";"Macroeconômico";"Balanço de pagamentos";"Outras fontes";"HIST_RESINT";"Reservas internacionais - var.";14;406
"2260";"Anual";"Social";"Renda";"IPEA";"PR1040";"Renda - razão entre a dos 10% mais ricos e a dos 40% mais pobres";14;406
"2261";"Anual";"Social";"Renda";"IPEA";"RMEDIA100";"Renda domiciliar per capita - média do 1% mais rico";14;406
"2262";"Anual";"Social";"Renda";"IPEA";"RMEDIA8";"Renda domiciliar per capita - média por décimo da população - 8º";14;406
"2263";"Anual";"Social";"Renda";"IPEA";"RMEDIA9";"Renda domiciliar per capita - média por décimo da população - 9º";14;406
"2264";"Anual";"Social";"Mercado de trabalho";"IPEA";"SPMENO40";"População ocupada - empregada - que trabalham menos de 40 horas";14;406
"2265";"Anual";"Social";"Educação";"IPEA";"ATRASO";"Defasagem escolar - mais de 1 ano atraso";14;406
"2266";"Anual";"Macroeconômico";"Indicadores sociais";"IPEA";"DISOC_RMDVIII";"Renda domiciliar per capita - média por décimo da população - 8º";14;406
"2267";"Anual";"Macroeconômico";"Indicadores sociais";"IPEA";"DISOC_RMDVII";"Renda domiciliar per capita - média por décimo da população - 7º";14;406
"2268";"Anual";"Macroeconômico";"Contas nacionais";"IBGE/SCN 2000 Anual";"SCN_FBKMG";"Capital fixo - formação bruta - máquinas e equipamentos - var. real anual - ref. 2000";14;406
"2269";"Anual";"Macroeconômico";"Contas nacionais";"IBGE/SCN 2000 Anual";"SCN_GARGPRY";"Carga tributária - previdência - ref. 2000";14;406
"2270";"Anual";"Macroeconômico";"Contas nacionais";"IBGE/SCN 2000 Anual";"SCN_FBKCN";"Capital fixo - formação bruta - construção - ref. 2000";14;406
"2271";"Anual";"Macroeconômico";"Contas nacionais";"IBGE/SCN 1985 Anual";"SCN85R_FBKSPN";"Capital - formação bruta - setor público";14;406
"2272";"Anual";"Macroeconômico";"Contas nacionais";"IBGE/SCN 1985 Anual";"SCN85R_RWGGN";"Remuneração empregados - adm. pública - total";13;433
"2273";"Anual";"Macroeconômico";"Comércio exterior";"Funcex";"FUNCEX_MDVBCND";"Importações - bens de consumo não duráveis - (FOB)";13;433
"2274";"Anual";"Macroeconômico";"Comércio exterior";"Funcex";"FUNCEX_MDQT";"Importações - quantum - índice (média 2006 = 100)";13;433
"2275";"Anual";"Macroeconômico";"Contas nacionais";"IBGE/SCN 2000 Anual";"SCN_FBKFPIBBM";"Taxa de investimento - preços do ano anterior - ref. 2000";13;433
"2276";"Anual";"Macroeconômico";"Contas nacionais";"IBGE/SCN 2000 Anual";"SCN_VAIFGY";"PIB - serviços - intermediação financeira - var. real - ref. 2000";13;433
"2277";"Anual";"Macroeconômico";"Contas nacionais";"IBGE/SCN 2000 Anual";"SCN_VAAGROY";"PIB - agropecuária - ref. 2000";13;433
"2278";"Anual";"Macroeconômico";"Contas nacionais";"IBGE/SCN 2000 Anual";"SCN_VAINDN";"PIB - indústria - ref. 2000";13;433
"2279";"Anual";"Macroeconômico";"Contas nacionais";"IBGE/SCN 2000 Anual";"SCN_XBSZR";"Exportações - bens e serviços - ref. 2000";13;433
"2280";"Anual";"Macroeconômico";"Contas nacionais";"IBGE/SCN 2000 Anual";"SCN_FBKMPN";"Capital fixo - formação bruta - máquinas e equipamentos - empresas e famílias - ref. 2000";13;433
"2281";"Anual";"Macroeconômico";"Contas nacionais";"IBGE/SCN 2000 Anual";"SCN_DIFBKF";"Capital fixo - formação bruta - deflator implícito - índice encadeado (média 1980 = 100) - ref. 2000";13;433
"2282";"Anual";"Macroeconômico";"Contas nacionais";"IBGE/SCN 2000 Anual";"SCN_NFB";"Necessidade (-) ou capacidade (+) de financiamento - ref. 2000";13;433
"2283";"Anual";"Macroeconômico";"Indicadores sociais";"IPEA";"DISOC_RMDVI";"Renda domiciliar per capita - média por décimo da população - 6º";13;433
"2284";"Anual";"Macroeconômico";"Finanças públicas";"IPEA";"GAMMA_IMPINDR";"Imposto inflacionário - real - método 2B";13;433
"2285";"Anual";"Macroeconômico";"Estoque de capital";"IPEA";"GAMMA_EBKCERT";"Capital fixo - estoque bruto - construção - residencial";13;433
"2286";"Anual";"Social";"Mercado de trabalho";"IPEA";"SPELETRIC";"População ocupada - empregada - eletricidade, água e gás";13;433
"2287";"Anual";"Social";"Renda";"IPEA";"RMEDIA6";"Renda domiciliar per capita - média por décimo da população - 6º";13;433
"2288";"Anual";"Social";"Renda";"IPEA";"D_NP";"Pobreza - número de domicílios pobres";13;433
"2289";"Anual";"Social";"Habitação";"IPEA";"SPNDOM";"Domicilios -  particulares permanentes - número";13;433
"2290";"Anual";"Macroeconômico";"Balanço de pagamentos";"Outras fontes";"HIST_EROM";"Balanço de pagamentos - erros e omissões";13;433
"2291";"Anual";"Macroeconômico";"Comércio exterior";"Funcex/Séries antigas";"FUNCEX_XVTEXT";"Exportações - setor: têxtil - (FOB)";13;433
"2292";"Anual";"Macroeconômico";"Balanço de pagamentos";"Bacen/BP (BPM5)";"BPN_FINIDB";"Conta financeira - invest. diretos - brasil. no exterior - saldo (Antiga metod. - BPM5)";13;433
"2293";"Anual";"Macroeconômico";"Produção";"IBGE/PAM";"LSPA_QUVA";"Produção - uva - qde.";13;433
"2294";"Anual";"Macroeconômico";"Finanças públicas";"Bacen/Not. Imp./F. Púb.";"BM_NFGFJRY";"NFSP - gov. federal e Banco Central - juros reais - c/ desvalorização cambial";13;433
"2295";"Anual";"Macroeconômico";"Consumo e vendas";"ANP";"ANP_CDEPET";"Consumo aparente - derivados de petróleo - média - qde./dia";13;433
"2296";"Anual";"Regional";"Finanças públicas";"Min. Fazenda/STN";"RECOROUTM";"Receita corrente - outras - municipal";13;433
"2297";"Anual";"Regional";"Finanças públicas";"Min. Fazenda/STN";"RIPVAM";"Despesa de capital - transferência para os municípios referentes ao IPVA";13;433
"2298";"Anual";"Regional";"Finanças públicas";"Min. Fazenda/STN";"DFSAUSE";"Despesas por função - saúde e saneamento - estadual";13;433
"2299";"Anual";"Regional";"Finanças públicas";"Min. Fazenda/STN";"DESCOROUM";"Despesa corrente - outras - municipal";13;433
"2300";"Anual";"Macroeconômico";"Economia internacional";"FMI/IFS";"IFS_GDPALEN";"PIB";13;433
"2301";"Anual";"Macroeconômico";"Economia internacional";"FMI/IFS";"IFS_GDPITAN";"PIB";12;462
"2302";"Anual";"Macroeconômico";"Economia internacional";"FMI/IFS";"IFS_GDPFRA";"PIB - índice (média 2005 = 100)";12;462
"2303";"Anual";"Macroeconômico";"Economia internacional";"FMI/IFS";"IFS_GDPFRAN";"PIB";12;462
"2304";"Anual";"Regional";"Finanças públicas";"Min. Fazenda/STN";"RALIBENSM";"Receita de capital -alienação de bens - municipal";12;462
"2305";"Anual";"Regional";"Finanças públicas";"Min. Fazenda/STN";"DESPCUTM";"Despesa de custeio - municipal";12;462
"2306";"Anual";"Macroeconômico";"Finanças públicas";"Bacen/Not. Imp./F. Púb.";"BM_DEXGFN";"Dívida externa - gov. federal e Banco Central - líquida";12;462
"2307";"Anual";"Macroeconômico";"Finanças públicas";"Bacen/Not. Imp./F. Púb.";"BM_NFGFOY";"NFSP - gov. federal e Banco Central - operacional - c/ desvalorização cambial";12;462
"2308";"Anual";"Macroeconômico";"Balanço de pagamentos";"Bacen/BP (BPM5)";"BPN_TUR";"Serviços e rendas - serviços - viagens internacionais - saldo (Antiga metod. - BPM5)";12;462
"2309";"Anual";"Macroeconômico";"Balanço de pagamentos";"Bacen/BP (BPM5)";"BPN_FINIBOUT";"Conta financeira - invest. brasil. - outros (Antiga metod. - BPM5)";12;462
"2310";"Anual";"Macroeconômico";"Balanço de pagamentos";"Bacen/BP (BPM5)";"BPN_SERR";"Serviços e rendas - rendas - saldo (Antiga metod. - BPM5)";12;462
"2311";"Anual";"Macroeconômico";"Produção";"Outras fontes";"HIST_VINHOQ";"Produção - vinho - qde.";12;462
"2312";"Anual";"Macroeconômico";"Moeda e crédito";"Outras fontes";"HIST_PMPP";"M1 - papel-moeda em poder do público - fim período";12;462
"2313";"Anual";"Social";"Renda";"IPEA";"RMEDIA7";"Renda domiciliar per capita - média por décimo da população - 7º";12;462
"2314";"Anual";"Macroeconômico";"Estoque de capital";"IPEA";"GAMMA_EBKP";"Capital fixo - estoque bruto - empresas e famílias";12;462
"2315";"Anual";"Social";"Renda";"IPEA";"PREND9";"Renda domiciliar - participação por décimo da população - 9º";12;462
"2316";"Anual";"Macroeconômico";"Estoque de capital";"IPEA";"GAMMA_ELKCP";"Capital fixo - estoque líquido - construção - empresas e famílias";12;462
"2317";"Anual";"Social";"Renda";"IPEA";"PREND8";"Renda domiciliar - participação por décimo da população - 8º";12;462
"2318";"Anual";"Macroeconômico";"Estoque de capital";"IPEA";"GAMMA_EBKMQEG";"Capital fixo - estoque bruto - máquinas e equipamentos - adm. pública";12;462
"2319";"Anual";"Macroeconômico";"Contas nacionais";"IPEA";"HIST_FBKMPN";"Capital fixo - formação bruta - máquinas e equipamentos - empresas e famílias";12;462
"2320";"Anual";"Social";"Renda";"IPEA";"PREND5";"Renda domiciliar - participação por décimo da população - 5º";12;462
"2321";"Anual";"Macroeconômico";"Contas nacionais";"IPEA";"RITR_HLBKCCFF";"Ativos líquidos reais - construção civil - famílias";12;462
"2322";"Anual";"Social";"Habitação";"IPEA";"SPPARE";"Domicílios - com parede durável - pessoas";12;462
"2323";"Anual";"Regional";"Estoque de capital";"IPEA";"CHTOTBR";"Capital Humano";12;462
"2324";"Anual";"Macroeconômico";"Contas nacionais";"IBGE/SCN 2000 Anual";"SCN_VAEMGY";"PIB - indústria - extrativa mineral - var. real - ref. 2000";12;462
"2325";"Anual";"Macroeconômico";"Contas nacionais";"IBGE/SCN 2000 Anual";"SCN_VAOSGY";"PIB - serviços - outros - var. real - ref. 2000";12;462
"2326";"Anual";"Macroeconômico";"Contas nacionais";"IBGE/SCN 2000 Anual";"SCN_FBKCG";"Capital fixo - formação bruta - construção - var. real anual - ref. 2000";12;462
"2327";"Anual";"Macroeconômico";"Contas nacionais";"IBGE/SCN 2000 Anual";"SCN_SUBN";"Subsídios à produção (-) - ref. 2000";12;462
"2328";"Anual";"Macroeconômico";"Comércio exterior";"Funcex";"FUNCEX_XVS";"Exportações - produtos semi-manufaturados - (FOB)";12;462
"2329";"Anual";"Macroeconômico";"Preços";"FGV/Conj. Econ. - IGP antigo";"IGP_IPACL";"IPA-OG - combustíveis e lubrificantes - índice (ago. 1994 = 100)";12;462
"2330";"Anual";"Macroeconômico";"Comércio exterior";"Funcex";"FUNCEX_XVBI";"Exportações - bens intermediários - (FOB)";11;491
"2331";"Anual";"Macroeconômico";"Comércio exterior";"Funcex";"FUNCEX_MDPT";"Importações - preços - índice (média 2006 = 100)";11;491
"2332";"Anual";"Macroeconômico";"Contas nacionais";"IBGE/SCN 1985 Anual";"SCN85R_FBKMNN";"Capital fixo - formação bruta - máquinas e equipamentos - nacionais";11;491
"2333";"Anual";"Macroeconômico";"Contas nacionais";"IBGE/SCN 2000 Anual";"SCN_FBKCGN";"Capital fixo - formação bruta - construção - adm. pública - ref. 2000";11;491
"2334";"Anual";"Macroeconômico";"Contas nacionais";"IBGE/SCN 2000 Anual";"SCN_CARGMUY";"Carga tributária - municipal - ref. 2000";11;491
"2335";"Anual";"Macroeconômico";"Contas nacionais";"IBGE/SCN 2000 Anual";"SCN_FBKOG";"Capital fixo - formação bruta - outros - var. real anual - ref. 2000";11;491
"2336";"Anual";"Macroeconômico";"Contas nacionais";"IBGE/SCN 2000 Anual";"SCN_VAIFN";"PIB - serviços - intermediação financeira - ref. 2000";11;491
"2337";"Anual";"Macroeconômico";"Contas nacionais";"IBGE/SCN 2000 Anual";"SCN_MBN";"Importações - bens - ref. 2000";11;491
"2338";"Anual";"Macroeconômico";"Contas nacionais";"IBGE/SCN 2000 Anual";"SCN_VATRAGY";"PIB - serviços - transporte, armazenagem e correio -  var. real - ref. 2000";11;491
"2339";"Anual";"Macroeconômico";"Contas nacionais";"IBGE/SCN 2000 Anual";"SCN_FBKFOR";"Capital fixo - formação bruta - outros - ref. 2000";11;491
"2340";"Anual";"Macroeconômico";"Estoque de capital";"IPEA";"GAMMA_ELKG";"Capital fixo - estoque líquido - adm. pública";11;491
"2341";"Anual";"Social";"Educação";"IPEA";"TXA15W";"Analfabetos - pessoas 15 anos e mais - mulheres";11;491
"2342";"Anual";"Macroeconômico";"Estoque de capital";"IPEA";"GAMMA_EBKMQEP";"Capital fixo - estoque bruto - máquinas e equipamentos - empresas e famílias";11;491
"2343";"Anual";"Social";"Renda";"IPEA";"PREND6";"Renda domiciliar - participação por décimo da população - 6º";11;491
"2344";"Anual";"Macroeconômico";"Contas nacionais";"IPEA";"HIST_FBKMGN";"Capital fixo - formação bruta - máquinas e equipamentos - adm. pública";11;491
"2345";"Anual";"Macroeconômico";"Balanço de pagamentos";"Outras fontes";"HIST_TUN";"Balanço de pagamentos - transferências unilaterais";11;491
"2346";"Anual";"Macroeconômico";"Balanço de pagamentos";"Bacen/BP (BPM5)";"BPN_IEDL";"Conta financeira - invest. diretos - estrang. no país - partic. capital - saldo (Antiga metod. - BPM";11;491
"2347";"Anual";"Macroeconômico";"Balanço de pagamentos";"Bacen/BP (BPM5)";"BPN_FINIDECA";"Conta financeira - invest. estrang. carteira - ações (Antiga metod. - BPM5)";11;491
"2348";"Anual";"Macroeconômico";"Comércio exterior";"Funcex/Séries antigas";"FUNCEX_MDPTEXT";"Importações - setor: têxtil - preços - índice (média 2006 = 100)";11;491
"2349";"Anual";"Macroeconômico";"Projeções";"ONU/LINK";"LINK_SOJAGG";"Commodities - soja (em grão) - cotação internacional em US$ - projeção - var. anual";11;491
"2350";"Anual";"Macroeconômico";"Projeções";"ONU/LINK";"LINKBR_NFSP";"NFSP";11;491
"2351";"Anual";"Macroeconômico";"Projeções";"ONU/LINK";"LINK_CELULG";"Commodities - celulose - cotação internacional em US$ - projeção - var. anual";11;491
"2352";"Anual";"Macroeconômico";"Produção";"IBGE/PAM";"LSPA_QAMEN";"Produção - amendoim - qde.";11;491
"2353";"Anual";"Macroeconômico";"Moeda e crédito";"Bacen/Not. Imp./Moeda";"BM_CRBCC";"Empréstimos - setor privado - origem: bancos comerciais";11;491
"2354";"Anual";"Macroeconômico";"Finanças públicas";"Bacen/Not. Imp./F. Púb.";"BM_NFGFJRN";"NFSP - gov. federal e Banco Central - juros reais - c/ desvalorização cambial";11;491
"2355";"Anual";"Macroeconômico";"Finanças públicas";"Bacen/Not. Imp./F. Púb.";"BM_NFEMJRY";"NFSP - estados e municípios - juros reais - c/ desvalorização cambial";11;491
"2356";"Anual";"Macroeconômico";"Finanças públicas";"Bacen/Not. Imp./F. Púb.";"BM_NFEMOY";"NFSP - estados e municípios - operacional - c/ desvalorização cambial";11;491
"2357";"Anual";"Macroeconômico";"Finanças públicas";"Bacen/Not. Imp./F. Púb.";"BM_NFGFNY";"NFSP - gov. federal e Banco Central - nominal - c/ desvalorização cambial";11;491
"2358";"Anual";"Macroeconômico";"Finanças públicas";"Bacen/Not. Imp./F. Púb.";"BM_NFEMJNY";"NFSP - estados e municípios - juros nominais - c/ desvalorização cambial";11;491
"2359";"Anual";"Macroeconômico";"Balanço de pagamentos";"Bacen/Boletim/BP";"BM_DEXR";"Dívida externa - registrada";11;491
"2360";"Anual";"Regional";"Finanças públicas";"Min. Fazenda/STN";"DFCOMM";"Despesas por função - comunicações - municipal";11;491
"2361";"Anual";"Macroeconômico";"Economia internacional";"FMI/IFS";"IFS_GDPCOR";"PIB - índice (média 2005 = 100)";11;491
"2362";"Anual";"Macroeconômico";"Economia internacional";"FMI/IFS";"IFS_CAMBARG";"taxa de câmbio - peso argentino / US$ - média";11;491
"2363";"Anual";"Macroeconômico";"Economia internacional";"FMI/IFS";"IFS_GDPCANN";"PIB";11;491
"2364";"Anual";"Macroeconômico";"Economia internacional";"FMI/IFS";"IFS_CAMBFRA";"taxa de câmbio - franco francês / US$ - média";10;525
"2365";"Anual";"Macroeconômico";"Economia internacional";"FMI/IFS";"IFS_GDPESPN";"PIB";10;525
"2366";"Anual";"Macroeconômico";"Economia internacional";"FMI/IFS";"IFS_GDPJAPN";"PIB";10;525
"2367";"Anual";"Regional";"Finanças públicas";"Min. Fazenda/STN";"DFDEFSM";"Despesas por função - segurança nacional e eefesa pública - municipal";10;525
"2368";"Anual";"Regional";"Finanças públicas";"Min. Fazenda/STN";"ROUTIMPM";"Receita tributária - outros impostos - municipal";10;525
"2369";"Anual";"Macroeconômico";"Consumo e vendas";"ANP";"ANP_CGLP";"Consumo aparente - gás GLP - qde.";10;525
"2370";"Anual";"Macroeconômico";"Projeções";"IBGE/Pop";"DEPIS_TGCPOPP";"População - taxa média geométrica de crescimento - projeção";10;525
"2371";"Anual";"Macroeconômico";"Finanças públicas";"Bacen/Not. Imp./F. Púb.";"BM_NFEEJNY";"NFSP - estatais - juros nominais - c/ desvalorização cambial";10;525
"2372";"Anual";"Macroeconômico";"Finanças públicas";"Bacen/Not. Imp./F. Púb.";"BM_NFEMPN";"NFSP - estados e municípios - primário - c/ desvalorização cambial";10;525
"2373";"Anual";"Macroeconômico";"Finanças públicas";"Bacen/Not. Imp./F. Púb.";"BM_NFEMNY";"NFSP - estados e municípios - nominal - c/ desvalorização cambial";10;525
"2374";"Anual";"Macroeconômico";"Finanças públicas";"Bacen/Not. Imp./F. Púb.";"BM_NFGFJNY";"NFSP - gov. federal e Banco Central - juros nominais - c/ desvalorização cambial";10;525
"2375";"Anual";"Macroeconômico";"Finanças públicas";"Bacen/Not. Imp./F. Púb.";"BM_NFSPJRN";"NFSP - setor público - juros reais - c/ desvalorização cambial";10;525
"2376";"Anual";"Macroeconômico";"Projeções";"ONU/LINK";"LINKBR_TINV";"Investimentos - projeção";10;525
"2377";"Anual";"Macroeconômico";"Projeções";"ONU/LINK";"LINKBR_FORDEBT";"Dívida externa - projeção";10;525
"2378";"Anual";"Macroeconômico";"Comércio exterior";"Funcex/Séries antigas";"FUNCEX_XQACUC";"Exportações - setor: açúcar - quantum - índice (média 2006 = 100)";10;525
"2379";"Anual";"Macroeconômico";"Balanço de pagamentos";"Bacen/BP (BPM5)";"BPN_SERDES";"Serviços e rendas - despesas (Antiga metod. - BPM5)";10;525
"2380";"Anual";"Macroeconômico";"Balanço de pagamentos";"Bacen/BP (BPM5)";"BPN_FINIDBCDES";"Conta financeira - invest. brasil. carteira - despesas (Antiga metod. - BPM5)";10;525
"2381";"Anual";"Macroeconômico";"Balanço de pagamentos";"Bacen/BP (BPM5)";"BPN_AMPL";"Usos e fontes - usos - amortizações - médio / longo prazos (Antiga metod. - BPM5)";10;525
"2382";"Anual";"Macroeconômico";"Produção";"Outras fontes";"HIST_GUSAQ";"Produção - ferro gusa - qde.";10;525
"2383";"Anual";"Macroeconômico";"Moeda e crédito";"Outras fontes";"HIST_DEP";"M2 - depósitos à prazo - fim período";10;525
"2384";"Anual";"Macroeconômico";"Contas nacionais";"Outras fontes";"HIST_INDENER";"Indústria - energia - índice (média 1939 = 100)";10;525
"2385";"Anual";"Macroeconômico";"Produção";"Outras fontes";"HIST_PERFQ";"Produção - perfumaria e cosméticos - qde.";10;525
"2386";"Anual";"Macroeconômico";"Estoque de capital";"IPEA";"GAMMA_ELKMQEP";"Capital fixo - estoque líquido - máquinas e equipamentos - empresas e famílias";10;525
"2387";"Anual";"Social";"Habitação";"IPEA";"SPTELH";"Domicílios - com telhado durável - pessoas";10;525
"2388";"Anual";"Social";"Renda";"IPEA";"PREND4";"Renda domiciliar - participação por décimo da população - 4º";10;525
"2389";"Anual";"Macroeconômico";"Estoque de capital";"IPEA";"GAMMA_ELKCERT";"Capital fixo - estoque líquido - construção - residencial";10;525
"2390";"Anual";"Social";"Renda";"IPEA";"THEIL_T";"Renda - desigualdade - índice de Theil";10;525
"2391";"Anual";"Macroeconômico";"Contas nacionais";"IBGE/SCN 2000 Anual";"SCN_FBKON";"Capital fixo - formação bruta - outros - ref. 2000";10;525
"2392";"Anual";"Macroeconômico";"Contas nacionais";"IBGE/SCN 2000 Anual";"SCN_VACCGY";"PIB - serviços - serviços de informação - var. real - ref. 2000";10;525
"2393";"Anual";"Macroeconômico";"Contas nacionais";"IBGE/SCN 2000 Anual";"SCN_FBKCPN";"Capital fixo - formação bruta - construção - empresas e famílias - ref. 2000";10;525
"2394";"Anual";"Macroeconômico";"Contas nacionais";"IBGE/SCN 2000 Anual";"SCN_VAIFY";"PIB - serviços - intermediação financeira - ref. 2000";10;525
"2395";"Anual";"Macroeconômico";"Contas nacionais";"IBGE/SCN 2000 Anual";"SCN_VAITY";"PIB - indústria - transformação - ref. 2000";10;525
"2396";"Anual";"Macroeconômico";"Contas nacionais";"IBGE/SCN 2000 Anual";"SCN_VAALGY";"PIB - serviços - atividades imobiliárias e aluguel  - var. real - ref. 2000";10;525
"2397";"Anual";"Macroeconômico";"Contas nacionais";"IBGE/SCN 1985 Anual";"SCN85R_FBKMNNN";"Capital fixo - formação bruta - máquinas e equipamentos - nacionais (preços do ano anterior)";10;525
"2398";"Anual";"Macroeconômico";"Comércio exterior";"Funcex";"FUNCEX_XVBCD";"Exportações - bens de consumo duráveis - (FOB)";10;525
"2399";"Anual";"Macroeconômico";"Preços";"FGV/Conj. Econ. - IGP antigo";"IGP_ICVAL";"IPC - alimentação - índice (ago. 1994 = 100) - RJ";10;525
"2400";"Anual";"Macroeconômico";"Consumo e vendas";"Anfavea";"ANFAVE_VVEICL";"Vendas - veículos comerciais leves - nacionais - montados - qde.";9;561
"2401";"Anual";"Macroeconômico";"Produção";"Anfavea";"ANFAVE_MAGRIC";"Produção - máquinas agrícolas automotrizes - montados - qde.";9;561
"2402";"Anual";"Macroeconômico";"Comércio exterior";"Funcex";"FUNCEX_XQBK";"Exportações - bens de capital - quantum - índice (média 2006 = 100)";9;561
"2403";"Anual";"Macroeconômico";"Contas nacionais";"IBGE/SCN 1985 Anual";"SCN85R_FBKEEN";"Capital - formação bruta - setor público - empresas públicas";9;561
"2404";"Anual";"Macroeconômico";"Contas nacionais";"IBGE/SCN 1985 Anual";"SCN85R_FBKMIG";"Capital fixo - formação bruta - máquinas e equipamentos - importados - var. real anual";9;561
"2405";"Anual";"Macroeconômico";"Contas nacionais";"IBGE/SCN 1985 Anual";"SCN85R_DISERVG";"PIB - serviços - deflator implícito - var. anual";9;561
"2406";"Anual";"Macroeconômico";"Contas nacionais";"IBGE/SCN 2000 Anual";"SCN_TRUNIN";"Transferências correntes - enviadas e receb. resto do mundo - total - ref. 2000";9;561
"2407";"Anual";"Macroeconômico";"Contas nacionais";"IBGE/SCN 2000 Anual";"SCN_CARGESL";"Carga tributária - estadual - líquida - ref. 2000";9;561
"2408";"Anual";"Macroeconômico";"Contas nacionais";"IBGE/SCN 2000 Anual";"SCN_BSCSG";"Benefícios sociais / contribuições sociais - ref. 2000";9;561
"2409";"Anual";"Macroeconômico";"Contas nacionais";"IBGE/SCN 2000 Anual";"SCN_VAINDY";"PIB - indústria - ref. 2000";9;561
"2410";"Anual";"Macroeconômico";"Contas nacionais";"IBGE/SCN 2000 Anual";"SCN_XBN";"Exportações - bens - ref. 2000";9;561
"2411";"Anual";"Social";"Renda";"IPEA";"D_NI";"Pobreza - número de domicílios extremamente pobres";9;561
"2412";"Anual";"Macroeconômico";"Estoque de capital";"IPEA";"GAMMA_ELWG";"Riqueza - estoque líquido - público";9;561
"2413";"Anual";"Macroeconômico";"Comércio exterior";"IPEA";"GAMMA_TLBK";"Importações - tarifa - alíquota legal - bens de capital";9;561
"2414";"Anual";"Macroeconômico";"Estoque de capital";"IPEA";"GAMMA_EBKCENRT";"Capital fixo - estoque bruto - construção - não residencial";9;561
"2415";"Anual";"Social";"Educação";"IPEA";"P25AEH";"Anos de estudo - média - pessoas 25 anos e mais - homens";9;561
"2416";"Anual";"Social";"Renda";"IPEA";"PREND7";"Renda domiciliar - participação por décimo da população - 7º";9;561
"2417";"Anual";"Macroeconômico";"Estoque de capital";"IPEA";"GAMMA_ELKP";"Capital fixo - estoque líquido - empresas e famílias";9;561
"2418";"Anual";"Social";"Renda";"IPEA";"R2020";"Renda - razão entre a dos 20% mais ricos e a dos 20% mais pobres";9;561
"2419";"Anual";"Macroeconômico";"Contas nacionais";"IPEA";"HIST_FBKCPN";"Capital fixo - formação bruta - construção - empresas e famílias";9;561
"2420";"Anual";"Macroeconômico";"Contas nacionais";"IPEA";"HIST_AGRCULEX";"Produção - agricultura - culturas - exportação - índice (média 1939 = 100)";9;561
"2421";"Anual";"Macroeconômico";"Comércio exterior";"Outras fontes";"HIST_MQTG";"Importações - quantum - var. anual";9;561
"2422";"Anual";"Macroeconômico";"Finanças públicas";"Outras fontes";"HIST_GOVSALV";"Salários pagos - governo consolidado";9;561
"2423";"Anual";"Macroeconômico";"Economia internacional";"Bacen/Boletim/Intern.";"BM_PRIME";"Taxa de juros - Prime - média";9;561
"2424";"Anual";"Macroeconômico";"Balanço de pagamentos";"Bacen/BP (BPM5)";"BPN_SERSREC";"Serviços e rendas - serviços - receitas (Antiga metod. - BPM5)";9;561
"2425";"Anual";"Macroeconômico";"Balanço de pagamentos";"Bacen/BP (BPM5)";"BPN_FINIDBCREC";"Conta financeira - invest. brasil. carteira - receitas (Antiga metod. - BPM5)";9;561
"2426";"Anual";"Macroeconômico";"Balanço de pagamentos";"Bacen/BP (BPM5)";"BPN_SERSDES";"Serviços e rendas - serviços - despesas (Antiga metod. - BPM5)";9;561
"2427";"Anual";"Macroeconômico";"Balanço de pagamentos";"Bacen/BP (BPM5)";"BPN_FINIDEC";"Conta financeira - invest. estrang. carteira - saldo (Antiga metod. - BPM5)";9;561
"2428";"Anual";"Macroeconômico";"Projeções";"ONU/LINK";"LINK_ACUCARG";"Commodities - açúcar - cotação internacional em US$ - projeção - var. anual";9;561
"2429";"Anual";"Macroeconômico";"Projeções";"ONU/LINK";"LINKBR_TUCP";"Utilização da capacidade instalada - indústria - projeção";9;561
"2430";"Anual";"Macroeconômico";"Comércio exterior";"Funcex/Séries antigas";"FUNCEX_MDQTEXT";"Importações - setor: têxtil - quantum - índice (média 2006 = 100)";9;561
"2431";"Anual";"Macroeconômico";"Projeções";"ONU/LINK";"LINKBR_IFN";"Investimento fixo - projeção";9;561
"2432";"Anual";"Macroeconômico";"Finanças públicas";"Bacen/Not. Imp./F. Púb.";"BM_NFGFJNN";"NFSP - gov. federal e Banco Central - juros nominais - c/ desvalorização cambial";9;561
"2433";"Anual";"Regional";"Finanças públicas";"Min. Fazenda/STN";"DAMODIVE";"Despesa de capital - amortização da dívida - estadual";9;561
"2434";"Anual";"Regional";"Finanças públicas";"Min. Fazenda/STN";"RTRCOESTM";"Transferências correntes de tributos estaduais para os municípios";9;561
"2435";"Anual";"Regional";"Finanças públicas";"Min. Fazenda/STN";"ROPCREDM";"Receita de capital - operações de crédito - municipal";9;561
"2436";"Anual";"Macroeconômico";"Economia internacional";"FMI/IFS";"IFS_CAMBITA";"taxa de câmbio - lira italiana / US$ - média";9;561
"2437";"Anual";"Macroeconômico";"Comércio exterior";"Min. Fazenda/Cotec";"COTEC_TVBK";"Importações - tarifa - alíquota efetiva - bens de capital";9;561
"2438";"Anual";"Macroeconômico";"Economia internacional";"FMI/IFS";"IFS_CAMBUK";"taxa de câmbio - libra esterlina / US$ - média";9;561
"2439";"Anual";"Macroeconômico";"Economia internacional";"FMI/IFS";"IFS_CAMBJAP";"taxa de câmbio - iene japonês / US$ - média";9;561
"2440";"Anual";"Macroeconômico";"Economia internacional";"FMI/IFS";"IFS_MWN";"importações";9;561
"2441";"Anual";"Macroeconômico";"Economia internacional";"FMI/IFS";"IFS_GDPCAN";"PIB - índice (média 2005 = 100)";9;561
"2442";"Anual";"Macroeconômico";"Economia internacional";"FMI/IFS";"IFS_GDPPARN";"PIB";9;561
"2443";"Anual";"Macroeconômico";"Economia internacional";"FMI/IFS";"IFS_GDPURUN";"PIB";8;604
"2444";"Anual";"Macroeconômico";"Economia internacional";"FMI/IFS";"IFS_GDPESP";"PIB - índice (média 2005 = 100)";8;604
"2445";"Anual";"Regional";"Finanças públicas";"Min. Fazenda/STN";"DINVFINAM";"Despesa de capital - inversão financeira - municipal";8;604
"2446";"Anual";"Regional";"Finanças públicas";"Min. Fazenda/STN";"DTRKTOM";"Despesa - transferências de capital - municipal";8;604
"2447";"Anual";"Regional";"Finanças públicas";"Min. Fazenda/STN";"RECTRIBE";"Receita tributária - estadual";8;604
"2448";"Anual";"Regional";"Finanças públicas";"Min. Fazenda/STN";"DFOFE";"Despesas por função - estadual";8;604
"2449";"Anual";"Regional";"Finanças públicas";"Min. Fazenda/STN";"DFASPRM";"Despesas por função - assistência e previdência - municipal";8;604
"2450";"Anual";"Regional";"Finanças públicas";"Min. Fazenda/STN";"ROPCREDE";"Receita de capital - operações de crédito - estadual";8;604
"2451";"Anual";"Regional";"Finanças públicas";"Min. Fazenda/STN";"DFTRABM";"Despesas por função - trabalho- municipal";8;604
"2452";"Anual";"Regional";"Finanças públicas";"Min. Fazenda/STN";"DFTRAM";"Despesas por função - transporte- municipal";8;604
"2453";"Anual";"Macroeconômico";"Comércio exterior";"MDIC/SECEX";"SECEX_XTEV";"Exportações - transações especiais - (FOB)";8;604
"2454";"Anual";"Macroeconômico";"Finanças públicas";"Bacen/Not. Imp./F. Púb.";"BM_DINEMN";"Dívida interna - estados e municípios - líquida";8;604
"2455";"Anual";"Macroeconômico";"Preços";"FGV/Conj. Econ. - IGP";"IGP_IPA";"IPA-EP-DI - geral - índice (ago. 1994 = 100)";8;604
"2456";"Anual";"Macroeconômico";"Finanças públicas";"Bacen/Not. Imp./F. Púb.";"BM_NFEEPY";"NFSP - estatais - primário - c/ desvalorização cambial";8;604
"2457";"Anual";"Macroeconômico";"Preços";"FGV/Conj. Econ. - IGP";"IGP_IGPOG";"IGP-OG - geral - índice (ago. 1994 = 100)";8;604
"2458";"Anual";"Macroeconômico";"Finanças públicas";"Bacen/Not. Imp./F. Púb.";"BM_NFEMPY";"NFSP - estados e municípios - primário - c/ desvalorização cambial";8;604
"2459";"Anual";"Macroeconômico";"Finanças públicas";"Bacen/Not. Imp./F. Púb.";"BM_DIPEM";"Dívida interna - pública - estadual e municipal - títulos emitidos - fim período";8;604
"2460";"Anual";"Macroeconômico";"Balanço de pagamentos";"Bacen/Boletim/BP";"BM_KED";"Investimentos / reinvestimentos diretos - estrangeiros - registrados no país";8;604
"2461";"Anual";"Macroeconômico";"Projeções";"ONU/LINK";"LINK_ALUMG";"Commodities - alumínio - cotação internacional em US$ - projeção - var. anual";8;604
"2462";"Anual";"Macroeconômico";"Projeções";"ONU/LINK";"LINK_SOJAFARG";"Commodities - soja (em farelo) - cotação internacional em US$ - projeção - var. anual";8;604
"2463";"Anual";"Macroeconômico";"Projeções";"ONU/LINK";"LINK_LATPIBG";"PIB - projeção - var. real anual";8;604
"2464";"Anual";"Macroeconômico";"Projeções";"ONU/LINK";"LINKBR_CPPG";"Consumo privado - deflator implícito - projeção - var. anual";8;604
"2465";"Anual";"Macroeconômico";"Projeções";"ONU/LINK";"LINK_UEPIBG";"PIB - projeção - var. real anual";8;604
"2466";"Anual";"Macroeconômico";"Comércio exterior";"Funcex/Séries antigas";"FUNCEX_XQTEXT";"Exportações - setor: têxtil - quantum - índice (média 2006 = 100)";8;604
"2467";"Anual";"Macroeconômico";"Balanço de pagamentos";"Bacen/BP (BPM5)";"BPN_MCIREC";"Conta financeira - investimentos diretos - receitas (Antiga metod. - BPM5)";8;604
"2468";"Anual";"Macroeconômico";"Balanço de pagamentos";"Bacen/BP (BPM5)";"BPN_SERRSAL";"Serviços e rendas - rendas - salários e ordenados - saldo (Antiga metod. - BPM5)";8;604
"2469";"Anual";"Macroeconômico";"Balanço de pagamentos";"Bacen/BP (BPM5)";"BPN_FINIDECRFB";"Conta financeira - invest. estrang. carteira - tít. renda fixa - bônus (Antiga metod. - BPM5)";8;604
"2470";"Anual";"Macroeconômico";"Balanço de pagamentos";"Bacen/BP (BPM5)";"BPN_LUDDES";"Serviços e rendas - rendas - lucros e dividendos - despesas (Antiga metod. - BPM5)";8;604
"2471";"Anual";"Macroeconômico";"Moeda e crédito";"Bacen/Not. Imp./Moeda";"BM_CRBBC";"Empréstimos - setor privado - origem: Banco do Brasil";8;604
"2472";"Anual";"Macroeconômico";"Produção";"IBGE/PAM";"LSPA_QFUMO";"Produção - fumo - qde.";8;604
"2473";"Anual";"Macroeconômico";"Moeda e crédito";"Outras fontes";"HIST_REBBC12";"M0 - base monetária - papel moeda emitido - caixa nos bancos comerciais - fim período";8;604
"2474";"Anual";"Macroeconômico";"Preços";"Outras fontes";"HIST_ICVALIRJ";"Inflação - Custo de vida - alimentação - RJ - índice (média 1912 = 100)";8;604
"2475";"Anual";"Macroeconômico";"Contas nacionais";"Outras fontes";"HIST_VAENERG";"Valor adicionado - energia";8;604
"2476";"Anual";"Macroeconômico";"Balanço de pagamentos";"Outras fontes";"HIST_SERNF";"Balanço de pagamentos - serviços não fatores";8;604
"2477";"Anual";"Macroeconômico";"Produção";"Outras fontes";"HIST_ACOV";"Produção - aço";8;604
"2478";"Anual";"Macroeconômico";"Moeda e crédito";"Outras fontes";"HIST_REBAM12";"M0 - base monetária - papel moeda emitido - caixa nas autoridades monetárias - fim período";8;604
"2479";"Anual";"Macroeconômico";"Estoque de capital";"IPEA";"GAMMA_ELKMQEG";"Capital fixo - estoque líquido - máquinas e equipamentos - adm. pública";8;604
"2480";"Anual";"Macroeconômico";"Estoque de capital";"IPEA";"GAMMA_ELKCERP";"Capital fixo - estoque líquido - construção - residencial - empresas e famílias";8;604
"2481";"Anual";"Social";"Educação";"IPEA";"FES0714H";"Freqüencia escolar - pessoas 7 a 14 anos - homens";8;604
"2482";"Anual";"Social";"Renda";"IPEA";"PROPO";"Porcentagem mais pobre da população com renda total igual à do 1% mais rico";8;604
"2483";"Anual";"Macroeconômico";"Estoque de capital";"IPEA";"GAMMA_EBKCT";"Capital fixo - estoque bruto - construção";8;604
"2484";"Anual";"Macroeconômico";"Estoque de capital";"IPEA";"GAMMA_ELKCT";"Capital fixo - estoque líquido - construção";8;604
"2485";"Anual";"Macroeconômico";"Estoque de capital";"IPEA";"GAMMA_EBKCP";"Capital fixo - estoque bruto - construção - empresas e famílias";8;604
"2486";"Anual";"Macroeconômico";"Contas nacionais";"IBGE/SCN 2000 Anual";"SCN_VAITN";"PIB - indústria - transformação - ref. 2000";8;604
"2487";"Anual";"Macroeconômico";"Contas nacionais";"IBGE/SCN 2000 Anual";"SCN_VASUPGY";"PIB - indústria - eletricidade, gás e água - var. real - ref. 2000";8;604
"2488";"Anual";"Macroeconômico";"Contas nacionais";"IBGE/SCN 2000 Anual";"SCN_VACOMN";"PIB - serviços - comércio - ref. 2000";8;604
"2489";"Anual";"Macroeconômico";"Contas nacionais";"IBGE/SCN 2000 Anual";"SCN_RLEX2N";"Rendas de propriedade enviadas e recebidas do resto do mundo - ref. 2000";8;604
"2490";"Anual";"Macroeconômico";"Contas nacionais";"IBGE/SCN 1985 Anual";"SCN85R_TRKGGN";"Transferências capital - adm. pública - total (recursos)";8;604
"2491";"Anual";"Macroeconômico";"Contas nacionais";"IBGE/SCN 1985 Anual";"SCN85R_IIMN";"Impostos sobre produtos - Imposto sobre a importação (II)";8;604
"2492";"Anual";"Macroeconômico";"Contas nacionais";"IBGE/SCN 1985 Anual";"SCN85R_OGN";"Oferta total a preço do consumidor";8;604
"2493";"Anual";"Macroeconômico";"Contas nacionais";"IBGE/SCN 1985 Anual";"SCN85R_FBKMI";"Capital fixo - formação bruta - máquinas e equipamentos - importados (preços do ano anterior)";8;604
"2494";"Anual";"Macroeconômico";"Comércio exterior";"Funcex";"FUNCEX_XPBK";"Exportações - bens de capital - preços - índice (média 2006 = 100)";8;604
"2495";"Anual";"Macroeconômico";"Comércio exterior";"Anfavea";"ANFAVE_XONIBU";"Exportações - ônibus - montados - qde.";8;604
"2496";"Anual";"Macroeconômico";"Preços";"FGV/Conj. Econ. - IGP antigo";"IGP_IPABC";"IPA-DI - grupo I: bens de consumo - índice (ago. 1994 = 100)";8;604
"2497";"Anual";"Macroeconômico";"Preços";"FGV/Conj. Econ. - IGP antigo";"IGP_IPABCD";"IPA-DI - bens de consumo duráveis - índice (ago. 1994 = 100)";7;658
"2498";"Anual";"Macroeconômico";"Preços";"FGV/Conj. Econ. - IGP antigo";"IGP_IPABP";"IPA-DI - grupo II: bens de produção - índice (ago. 1994 = 100)";7;658
"2499";"Anual";"Macroeconômico";"Comércio exterior";"Anfavea";"ANFAVE_XTOT";"Exportações - autoveículos - montados - qde.";7;658
"2500";"Anual";"Macroeconômico";"Comércio exterior";"Anfavea";"ANFAVE_XQVEICL";"Exportações - automóveis - montados - qde.";7;658
"2501";"Anual";"Macroeconômico";"Contas nacionais";"IBGE/SCN 1985 Anual";"SCN85R_FBKMNNG";"Capital fixo - formação bruta - máquinas e equipamentos - nacionais - var. real anual";7;658
"2502";"Anual";"Macroeconômico";"Contas nacionais";"IBGE/SCN 1985 Anual";"SCN85R_FBKMIN";"Capital fixo - formação bruta - máquinas e equipamentos - importados";7;658
"2503";"Anual";"Macroeconômico";"Contas nacionais";"IBGE/SCN 2000 Anual";"SCN_VAAPY";"PIB - serviços - admin., saúde e educação públicas - ref. 2000";7;658
"2504";"Anual";"Macroeconômico";"Contas nacionais";"IBGE/SCN 2000 Anual";"SCN_JUROUN";"Rendas de propriedades - juros (usos) - ref. 2000";7;658
"2505";"Anual";"Macroeconômico";"Contas nacionais";"IBGE/SCN 2000 Anual";"SCN_SECN";"Saldo externo corrente - ref. 2000";7;658
"2506";"Anual";"Macroeconômico";"Contas nacionais";"IBGE/SCN 2000 Anual";"SCN_CARGPRL";"Carga tributária - previdência - líquida - ref. 2000";7;658
"2507";"Anual";"Macroeconômico";"Contas nacionais";"IBGE/SCN 2000 Anual";"SCN_RLON";"Excedente operacional bruto - ref. 2000";7;658
"2508";"Anual";"Macroeconômico";"Contas nacionais";"IBGE/SCN 2000 Anual";"SCN_SECY";"Saldo externo corrente - ref. 2000";7;658
"2509";"Anual";"Macroeconômico";"Contas nacionais";"IBGE/SCN 2000 Anual";"SCN_VAALY";"PIB - serviços - atividades imobiliárias e aluguel - ref. 2000";7;658
"2510";"Anual";"Macroeconômico";"Contas nacionais";"IBGE/SCN 2000 Anual";"SCN_JURORN";"Rendas de propriedades - juros (recursos) - ref. 2000";7;658
"2511";"Anual";"Macroeconômico";"Contas nacionais";"IBGE/SCN 2000 Anual";"SCN_VAAPGY";"PIB - serviços - admin., saúde e educação públicas - var. real - ref. 2000";7;658
"2512";"Anual";"Macroeconômico";"Estoque de capital";"IPEA";"GAMMA_EBKCG";"Capital fixo - estoque bruto - construção - adm. pública";7;658
"2513";"Anual";"Macroeconômico";"Estoque de capital";"IPEA";"GAMMA_ELKCG";"Capital fixo - estoque líquido - construção - adm. pública";7;658
"2514";"Anual";"Macroeconômico";"Finanças públicas";"IPEA";"RITR_DIMGG";"Títulos públicos - em poder do público";7;658
"2515";"Anual";"Macroeconômico";"Contas nacionais";"IPEA";"HIST_FBKFCR";"Capital fixo - formação bruta - construção";7;658
"2516";"Anual";"Macroeconômico";"Estoque de capital";"IPEA";"GAMMA_ELKCENRP";"Capital fixo - estoque líquido - construção - não residencial - empresas e famílias";7;658
"2517";"Anual";"Macroeconômico";"Estoque de capital";"IPEA";"GAMMA_EBWG";"Riqueza - estoque bruto - público";7;658
"2518";"Anual";"Macroeconômico";"Estoque de capital";"IPEA";"GAMMA_ELKCENRT";"Capital fixo - estoque líquido - construção - não residencial";7;658
"2519";"Anual";"Macroeconômico";"Estoque de capital";"IPEA";"GAMMA_EBKCERP";"Capital fixo - estoque bruto - construção - residencial - empresas e famílias";7;658
"2520";"Anual";"Social";"Educação";"IPEA";"DE1014WP";"Defasagem escolar - média - pessoas 10 a 14 anos - mulheres";7;658
"2521";"Anual";"Macroeconômico";"Projeções";"IPEA";"GEPS_BENPREVP";"Beneficiários - previdência social - projeção";7;658
"2522";"Anual";"Macroeconômico";"Contas nacionais";"Outras fontes";"HIST_INDMAAUT";"Indústria - manufaturas - automóveis - índice (média 1939 = 100)";7;658
"2523";"Anual";"Macroeconômico";"Moeda e crédito";"Bacen/Not. Imp./Moeda";"BM_PMPP";"M1 - papel-moeda em poder do público - fim período";7;658
"2524";"Anual";"Macroeconômico";"Balanço de pagamentos";"Bacen/BP (BPM5)";"BPN_FINIDBEREC";"Conta financeira - invest. diretos - brasil. no ext. - emprést. intercom. - amort. (Antiga metod. -";7;658
"2525";"Anual";"Macroeconômico";"Balanço de pagamentos";"Bacen/BP (BPM5)";"BPN_SERREC";"Serviços e rendas - receitas (Antiga metod. - BPM5)";7;658
"2526";"Anual";"Macroeconômico";"Projeções";"ONU/LINK";"LINK_MILHOG";"Commodities - milho - cotação internacional em US$ - projeção - var. anual";7;658
"2527";"Anual";"Macroeconômico";"Projeções";"ONU/LINK";"LINK_WLDPIBG";"PIB - projeção - var. real anual";7;658
"2528";"Anual";"Macroeconômico";"Comércio exterior";"Funcex/Séries antigas";"FUNCEX_XVABAT";"Exportações - setor: abate de animais - (FOB)";7;658
"2529";"Anual";"Macroeconômico";"Comércio exterior";"Funcex/Séries antigas";"FUNCEX_XQAGP";"Exportações - setor: agropecuária - quantum - índice (média 2006 = 100)";7;658
"2530";"Anual";"Macroeconômico";"Comércio exterior";"Funcex/Séries antigas";"FUNCEX_XQAUT";"Exportações - setor: veículos automotores - quantum - índice (média 2006 = 100)";7;658
"2531";"Anual";"Macroeconômico";"Comércio exterior";"Funcex/Séries antigas";"FUNCEX_XVCAFE";"Exportações - setor: café - (FOB)";7;658
"2532";"Anual";"Macroeconômico";"Finanças públicas";"Bacen/Not. Imp./F. Púb.";"BM_DINEEN";"Dívida interna - estatais - líquida";7;658
"2533";"Anual";"Macroeconômico";"Finanças públicas";"Bacen/Not. Imp./F. Púb.";"BM_NFEENY";"NFSP - estatais - nominal - c/ desvalorização cambial";7;658
"2534";"Anual";"Macroeconômico";"Preços";"FGV/Conj. Econ. - IGP";"IGP_IPAI";"IPA origem - prod. industriais - índice (ago. 1994 = 100)";7;658
"2535";"Anual";"Regional";"Finanças públicas";"Min. Fazenda/STN";"DESPCUDM";"Despesa de custeio - demais - municipal";7;658
"2536";"Anual";"Regional";"Finanças públicas";"Min. Fazenda/STN";"ROUTRCORM";"Despesa - transferências correntes para os municípios";7;658
"2537";"Anual";"Regional";"Finanças públicas";"Min. Fazenda/STN";"DFENERM";"Despesas por função - energia e recursos minerais - municipal";7;658
"2538";"Anual";"Regional";"Finanças públicas";"Min. Fazenda/STN";"DTRCORTOM";"Despesa - transferências correntes - municipal";7;658
"2539";"Anual";"Regional";"Finanças públicas";"Min. Fazenda/STN";"RTRPRUE";"Participação estadual na receita da união";7;658
"2540";"Anual";"Regional";"Finanças públicas";"Min. Fazenda/STN";"DESPCORRE";"Despesa Corrente - estadual";7;658
"2541";"Anual";"Regional";"Finanças públicas";"Min. Fazenda/STN";"DESPKE";"Despesa de capital - estadual";7;658
"2542";"Anual";"Macroeconômico";"Economia internacional";"FMI/IFS";"IFS_TJMMARG";"taxa de juros - money market";7;658
"2543";"Anual";"Macroeconômico";"Economia internacional";"FMI/IFS";"IFS_IPCMEX";"IPC - índice (média 2005 = 100)";7;658
"2544";"Anual";"Macroeconômico";"Economia internacional";"FMI/IFS";"IFS_GDPCHIN";"PIB";7;658
"2545";"Anual";"Macroeconômico";"Economia internacional";"FMI/IFS";"IFS_CAMBEURO";"taxa de câmbio - euro / US$ - média";7;658
"2546";"Anual";"Macroeconômico";"Economia internacional";"FMI/IFS";"IFS_GDPUKN";"PIB";6;707
"2547";"Anual";"Macroeconômico";"Economia internacional";"FMI/IFS";"IFS_TJGBY10AEUA";"taxa de juros - bônus governamental - maturidade 10 anos";6;707
"2548";"Anual";"Macroeconômico";"Economia internacional";"FMI/IFS";"IFS_CAMBALE";"taxa de câmbio - marco alemão / US$ - média";6;707
"2549";"Anual";"Macroeconômico";"Economia internacional";"FMI/IFS";"IFS_GDPBEL";"PIB - índice (média 2005 = 100)";6;707
"2550";"Anual";"Regional";"Finanças públicas";"Min. Fazenda/STN";"DFEDUCE";"Despesas por função - educação e cultura - estadual";6;707
"2551";"Anual";"Regional";"Finanças públicas";"Min. Fazenda/STN";"REKOUTM";"Receitas de capital - outros - municipal";6;707
"2552";"Anual";"Regional";"Finanças públicas";"Min. Fazenda/STN";"RECORE";"Receita orçamentária - estadual";6;707
"2553";"Anual";"Regional";"Finanças públicas";"Min. Fazenda/STN";"RECORRE";"Receita corrente - estadual";6;707
"2554";"Anual";"Regional";"Finanças públicas";"Min. Fazenda/STN";"DESPORE";"Despesa orçamentária - estadual";6;707
"2555";"Anual";"Regional";"Finanças públicas";"Min. Fazenda/STN";"DFJUDM";"Despesas por função - judiciária- municipal";6;707
"2556";"Anual";"Regional";"Finanças públicas";"Min. Fazenda/STN";"RTRFPEE";"Cota-parte do fundo de participação - estadual";6;707
"2557";"Anual";"Macroeconômico";"Projeções";"IBGE/Pop";"DEPIS_TBMP";"População - taxa bruta de mortalidade (por mil hab.) - projeção";6;707
"2558";"Anual";"Macroeconômico";"Projeções";"IBGE/Pop";"DEPIS_TBNP";"População - taxa bruta de natalidade (por mil hab.) - projeção";6;707
"2559";"Anual";"Macroeconômico";"Finanças públicas";"Bacen/Not. Imp./F. Púb.";"BM_DEXEEN";"Dívida externa - estatais - líquida";6;707
"2560";"Anual";"Macroeconômico";"Preços";"FGV/Conj. Econ. - IGP";"IGP_IGPOGG";"Inflação - IGP-OG";6;707
"2561";"Anual";"Macroeconômico";"Finanças públicas";"Bacen/Not. Imp./F. Púb.";"BM_NFEMNN";"NFSP - estados e municípios - nominal - c/ desvalorização cambial";6;707
"2562";"Anual";"Macroeconômico";"Finanças públicas";"Bacen/Not. Imp./F. Púb.";"BM_DEXEMN";"Dívida externa - estados e municípios - líquida";6;707
"2563";"Anual";"Macroeconômico";"Finanças públicas";"Bacen/Not. Imp./F. Púb.";"BM_NFEEOY";"NFSP - estatais - operacional - c/ desvalorização cambial";6;707
"2564";"Anual";"Macroeconômico";"Consumo e vendas";"Eletrobras";"ELETRO_CEETIND";"Consumo - energia elétrica - indústria - tarifa média por MWh";6;707
"2565";"Anual";"Macroeconômico";"Balanço de pagamentos";"Bacen/Boletim/BP";"BM_DEXNR";"Dívida externa - não registrada";6;707
"2566";"Anual";"Macroeconômico";"Balanço de pagamentos";"Bacen/Boletim/BP";"BM_DEXUS";"Dívida externa - registrada - dólar americano";6;707
"2567";"Anual";"Macroeconômico";"Projeções";"ONU/LINK";"LINKBR_PJ";"Conta de serviços - juros - despesa - projeção";6;707
"2568";"Anual";"Macroeconômico";"Projeções";"ONU/LINK";"LINKBR_BCCV";"Transações correntes - projeção";6;707
"2569";"Anual";"Macroeconômico";"Comércio exterior";"Funcex/Séries antigas";"FUNCEX_XVAUT";"Exportações - setor: veículos automotores - (FOB)";6;707
"2570";"Anual";"Macroeconômico";"Comércio exterior";"Funcex/Séries antigas";"FUNCEX_MDVFARM";"Importações - setor: farmacêutica e perfumaria - (FOB)";6;707
"2571";"Anual";"Macroeconômico";"Balanço de pagamentos";"Bacen/BP (BPM5)";"BPN_MCIDES";"Conta financeira - investimentos diretos - despesas (Antiga metod. - BPM5)";6;707
"2572";"Anual";"Macroeconômico";"Balanço de pagamentos";"Bacen/BP (BPM5)";"BPN_IEDREC";"Conta financeira - invest. diretos - estrang. no país - partic. capital - ingressos (Antiga metod. -";6;707
"2573";"Anual";"Macroeconômico";"Balanço de pagamentos";"Bacen/BP (BPM5)";"BPN_EMPBCB";"Usos e fontes - fontes - empréstimos ao Banco Central (Antiga metod. - BPM5)";6;707
"2574";"Anual";"Macroeconômico";"Moeda e crédito";"Bacen/Not. Imp./Moeda";"BM_HFINBC";"Haveres - financeiros - inclui títulos em poder do BC - fim período";6;707
"2575";"Anual";"Macroeconômico";"Produção";"IBGE/PAM";"LSPA_QCEBO";"Produção - cebola - qde.";6;707
"2576";"Anual";"Macroeconômico";"Produção";"IBGE/PAM";"LSPA_QBATI";"Produção - batata inglesa - qde.";6;707
"2577";"Anual";"Macroeconômico";"Produção";"Outras fontes";"HIST_CERVV";"Produção - cerveja";6;707
"2578";"Anual";"Macroeconômico";"Produção";"Outras fontes";"HIST_AGUARQ";"Produção - álcool e aguardente (quantidade) - índice (média 1939 = 100)";6;707
"2579";"Anual";"Macroeconômico";"Produção";"Outras fontes";"HIST_ACUCARQ";"Produção - açúcar - qde.";6;707
"2580";"Anual";"Macroeconômico";"Produção";"Outras fontes";"HIST_TECALGV";"Produção - tecidos de algodão";6;707
"2581";"Anual";"Macroeconômico";"Preços";"Outras fontes";"HIST_ICVALRJ";"Inflação - Custo de vida - aluguéis - RJ - índice (média 1912 = 100)";6;707
"2582";"Anual";"Macroeconômico";"Produção";"Outras fontes";"HIST_PAPELQ";"Produção - papel - qde.";6;707
"2583";"Anual";"Macroeconômico";"Moeda e crédito";"Outras fontes";"HIST_M2";"M2 - fim período";6;707
"2584";"Anual";"Macroeconômico";"Moeda e crédito";"Outras fontes";"HIST_M1";"M1 - fim período";6;707
"2585";"Anual";"Macroeconômico";"Moeda e crédito";"Outras fontes";"HIST_DEV";"M1 - depósitos à vista - fim período";6;707
"2586";"Anual";"Macroeconômico";"Estoque de capital";"IPEA";"GAMMA_EBKCENRP";"Capital fixo - estoque bruto - construção - não residencial - empresas e famílias";6;707
"2587";"Anual";"Macroeconômico";"Contas nacionais";"IPEA";"HIST_INDMATEX";"Indústria - manufaturas - têxtil - índice (média 1939 = 100)";6;707
"2588";"Anual";"Macroeconômico";"Comércio exterior";"IPEA";"GAMMA_TLBINP";"Importações - tarifa - alíquota legal - bens intermediários - exceto petróleo";6;707
"2589";"Anual";"Macroeconômico";"Contas nacionais";"IPEA";"RITR_HLBKCCPP";"Ativos líquidos reais - construção civil - setor privado";6;707
"2590";"Anual";"Macroeconômico";"Contas nacionais";"IBGE/SCN 2000 Anual";"SCN_VATRAY";"PIB - serviços - transporte, armazenagem e correio - ref. 2000";6;707
"2591";"Anual";"Macroeconômico";"Contas nacionais";"IBGE/SCN 2000 Anual";"SCN_VAALN";"PIB - serviços - atividades imobiliárias e aluguel-  ref. 2000";6;707
"2592";"Anual";"Macroeconômico";"Contas nacionais";"IBGE/SCN 2000 Anual";"SCN_RWTRN";"Remuneração empregados (recursos) - ref. 2000";6;707
"2593";"Anual";"Macroeconômico";"Contas nacionais";"IBGE/SCN 2000 Anual";"SCN_VACON";"PIB - indústria - construção - ref. 2000";6;707
"2594";"Anual";"Macroeconômico";"Contas nacionais";"IBGE/SCN 2000 Anual";"SCN_TRUNIDN";"Transferências correntes - enviadas e receb. resto do mundo - total (recursos) - ref. 2000";6;707
"2595";"Anual";"Macroeconômico";"Contas nacionais";"IBGE/SCN 2000 Anual";"SCN_TRUNIRN";"Transferências correntes - enviadas e receb. resto do mundo - total (usos) - ref. 2000";6;707
"2596";"Anual";"Macroeconômico";"Contas nacionais";"IBGE/SCN 2000 Anual";"SCN_VATRAN";"PIB - serviços - transporte, armazenagem e correio - ref. 2000";6;707
"2597";"Anual";"Macroeconômico";"Contas nacionais";"IBGE/SCN 2000 Anual";"SCN_MBSZR";"Importações - bens e serviços - ref. 2000";6;707
"2598";"Anual";"Macroeconômico";"Comércio exterior";"Funcex";"FUNCEX_XQS";"Exportações - produtos semi-manufaturados - quantum - índice (média 2006 = 100)";6;707
"2599";"Anual";"Macroeconômico";"Comércio exterior";"Funcex";"FUNCEX_XQBI";"Exportações - bens intermediários - quantum - índice (média 2006 = 100)";6;707
"2600";"Anual";"Macroeconômico";"Comércio exterior";"Funcex";"FUNCEX_MDPBK";"Importações - bens de capital - preços - índice (média 2006 = 100)";6;707
"2601";"Anual";"Macroeconômico";"Comércio exterior";"Funcex";"FUNCEX_XPBI";"Exportações - bens intermediários - preços - índice (média 2006 = 100)";5;762
"2602";"Anual";"Macroeconômico";"Comércio exterior";"Funcex";"FUNCEX_XPB";"Exportações - produtos básicos - preços - índice (média 2006 = 100)";5;762
"2603";"Anual";"Macroeconômico";"Comércio exterior";"Funcex";"FUNCEX_XQB";"Exportações - produtos básicos - quantum - índice (média 2006 = 100)";5;762
"2604";"Anual";"Macroeconômico";"Comércio exterior";"Funcex";"FUNCEX_XQM";"Exportações - produtos manufaturados - quantum - índice (média 2006 = 100)";5;762
"2605";"Anual";"Macroeconômico";"Contas nacionais";"IBGE/SCN 1985 Anual";"SCN85R_RWGMN";"Remuneração empregados - adm. pública - municipal";5;762
"2606";"Anual";"Macroeconômico";"Contas nacionais";"IBGE/SCN 1985 Anual";"SCN85R_RWGFN";"Remuneração empregados - adm. pública - federal";5;762
"2607";"Anual";"Macroeconômico";"Contas nacionais";"IBGE/SCN 1985 Anual";"SCN85R_TRKGFN";"Transferências capital - adm. pública - federal (recursos)";5;762
"2608";"Anual";"Macroeconômico";"Contas nacionais";"IBGE/SCN 1985 Anual";"SCN85R_RWGEN";"Remuneração empregados - adm. pública - estadual";5;762
"2609";"Anual";"Macroeconômico";"Contas nacionais";"IBGE/SCN 1985 Anual";"SCN85R_POCTOT";"Pessoal ocupado - total";5;762
"2610";"Anual";"Macroeconômico";"Consumo e vendas";"Anfavea";"ANFAVE_VONIBU";"Vendas - ônibus - nacionais - montados - qde.";5;762
"2611";"Anual";"Macroeconômico";"Comércio exterior";"Anfavea";"ANFAVE_XVEICL";"Exportações - veículos comerciais leves - montados - qde.";5;762
"2612";"Anual";"Macroeconômico";"Preços";"FGV/Conj. Econ. - IGP antigo";"IGP_IPABCN";"IPA-DI - bens de consumo não duráveis - índice (ago. 1994 = 100)";5;762
"2613";"Anual";"Macroeconômico";"Contas nacionais";"IBGE/SCN 2000 Anual";"SCN_VAOSN";"PIB - serviços - outros - ref. 2000";5;762
"2614";"Anual";"Macroeconômico";"Contas nacionais";"IBGE/SCN 2000 Anual";"SCN_VACOMY";"PIB - serviços - comércio - ref. 2000";5;762
"2615";"Anual";"Macroeconômico";"Finanças públicas";"IPEA";"GAMMA_IMPINBR";"Imposto inflacionário - real - método 1B";5;762
"2616";"Anual";"Macroeconômico";"Finanças públicas";"IPEA";"GAMMA_IMPINAN";"Imposto inflacionário - método 1A";5;762
"2617";"Anual";"Macroeconômico";"Contas nacionais";"IPEA";"HIST_INDMAMOB";"Indústria - manufaturas - papel e mobiliário - índice (média 1939 = 100)";5;762
"2618";"Anual";"Social";"Educação";"IPEA";"FES1517H";"Freqüencia escolar - pessoas 15 a 17 anos - homens";5;762
"2619";"Anual";"Macroeconômico";"Preços";"IPEA";"GAMMA_DEFLCENSO";"Deflator para rendimentos do Censo Demográfico: INPC";5;762
"2620";"Anual";"Macroeconômico";"Contas nacionais";"IPEA";"HIST_VAGOV";"PIB - governo - índice (média 1939 = 100)";5;762
"2621";"Anual";"Macroeconômico";"Contas nacionais";"IPEA";"HIST_INDMABEB";"Indústria - manufaturas - bebidas - índice (média 1939 = 100)";5;762
"2622";"Anual";"Macroeconômico";"Preços";"Outras fontes";"HIST_ICVVESTRJ";"Inflação - Custo de vida - vestuário - RJ - índice (média 1912 = 100)";5;762
"2623";"Anual";"Macroeconômico";"Produção";"Outras fontes";"HIST_ACUCARV";"Produção - açúcar";5;762
"2624";"Anual";"Macroeconômico";"Produção";"Outras fontes";"HIST_AGUARV";"Produção - álcool e aguardente";5;762
"2625";"Anual";"Macroeconômico";"Produção";"Outras fontes";"HIST_CIMENTQ";"Produção - cimento - qde.";5;762
"2626";"Anual";"Macroeconômico";"Produção";"Outras fontes";"HIST_PNEUQ";"Produção - pneumáticos - qde.";5;762
"2627";"Anual";"Macroeconômico";"Produção";"Outras fontes";"HIST_VINHOV";"Produção - vinho";5;762
"2628";"Anual";"Macroeconômico";"Balanço de pagamentos";"Bacen/BP (BPM5)";"BPN_FINIDECREC";"Conta financeira - invest. estrang. carteira - receitas (Antiga metod. - BPM5)";5;762
"2629";"Anual";"Macroeconômico";"Balanço de pagamentos";"Bacen/BP (BPM5)";"BPN_TRP";"Serviços e rendas - serviços - transportes - saldo (Antiga metod. - BPM5)";5;762
"2630";"Anual";"Macroeconômico";"Balanço de pagamentos";"Bacen/BP (BPM5)";"BPN_OT";"Serviços e rendas - exceto juros (Antiga metod. - BPM5)";5;762
"2631";"Anual";"Macroeconômico";"Balanço de pagamentos";"Bacen/BP (BPM5)";"BPN_SERSR";"Serviços e rendas - serviços - royalties e licenças - saldo (Antiga metod. - BPM5)";5;762
"2632";"Anual";"Macroeconômico";"Balanço de pagamentos";"Bacen/BP (BPM5)";"BPN_FINIDEE";"Conta financeira - invest. diretos - estrang. no país - emprést. Intercom. (Antiga metod. - BPM5)";5;762
"2633";"Anual";"Macroeconômico";"Balanço de pagamentos";"Bacen/BP (BPM5)";"BPN_FINDER";"Conta financeira - derivativos - saldo (Antiga metod. - BPM5)";5;762
"2634";"Anual";"Macroeconômico";"Balanço de pagamentos";"Bacen/BP (BPM5)";"BPN_SEG";"Serviços e rendas - serviços - seguros - saldo (Antiga metod. - BPM5)";5;762
"2635";"Anual";"Macroeconômico";"Balanço de pagamentos";"Bacen/BP (BPM5)";"BPN_FINIDECDES";"Conta financeira - invest. estrang. carteira - despesas (Antiga metod. - BPM5)";5;762
"2636";"Anual";"Macroeconômico";"Projeções";"ONU/LINK";"LINKBR_CGG";"Consumo do governo - projeção - var. real anual";5;762
"2637";"Anual";"Macroeconômico";"Projeções";"ONU/LINK";"LINKBR_XV";"Exportações - mercadorias - projeção";5;762
"2638";"Anual";"Macroeconômico";"Projeções";"ONU/LINK";"LINK_SOJAOLEG";"Commodities - óleo de soja - cotação internacional em US$ - projeção - var. anual";5;762
"2639";"Anual";"Macroeconômico";"Projeções";"ONU/LINK";"LINK_CHIPIBG";"PIB - projeção - var. real anual";5;762
"2640";"Anual";"Macroeconômico";"Projeções";"ONU/LINK";"LINK_USPIBG";"PIB - projeção - var. real anual";5;762
"2641";"Anual";"Macroeconômico";"Comércio exterior";"Funcex/Séries antigas";"FUNCEX_XQMNF";"Exportações - setor: metalurgia não ferrosos - quantum - índice (média 2006 = 100)";5;762
"2642";"Anual";"Macroeconômico";"Comércio exterior";"Funcex/Séries antigas";"FUNCEX_XQMNM";"Exportações - setor: minerais não metálicos - quantum - índice (média 2006 = 100)";5;762
"2643";"Anual";"Macroeconômico";"Comércio exterior";"Funcex/Séries antigas";"FUNCEX_MDQAUT";"Importações - setor: veículos automotores - quantum - índice (média 2006 = 100)";5;762
"2644";"Anual";"Macroeconômico";"Comércio exterior";"Funcex/Séries antigas";"FUNCEX_XPAGP";"Exportações - setor: agropecuária - preços - índice (média 2006 = 100)";5;762
"2645";"Anual";"Macroeconômico";"Comércio exterior";"Funcex/Séries antigas";"FUNCEX_XQMAD";"Exportações - setor: madeira e mobiliário - quantum - índice (média 2006 = 100)";5;762
"2646";"Anual";"Macroeconômico";"Comércio exterior";"Funcex/Séries antigas";"FUNCEX_XPMAD";"Exportações - setor: madeira e mobiliário - preços - índice (média 2006 = 100)";5;762
"2647";"Anual";"Macroeconômico";"Comércio exterior";"Funcex/Séries antigas";"FUNCEX_XVQUIM";"Exportações - setor: elementos químicos - (FOB)";5;762
"2648";"Anual";"Macroeconômico";"Comércio exterior";"Funcex/Séries antigas";"FUNCEX_XVSID";"Exportações - setor: siderurgia - (FOB)";5;762
"2649";"Anual";"Macroeconômico";"Comércio exterior";"Funcex/Séries antigas";"FUNCEX_XQPOV";"Exportações - setor: peças e outros veículos - quantum - índice (média 2006 = 100)";5;762
"2650";"Anual";"Macroeconômico";"Balanço de pagamentos";"Bacen/Boletim/BP";"BM_DEXRFLL";"Dívida externa - registrada - taxa Libor";5;762
"2651";"Anual";"Macroeconômico";"Balanço de pagamentos";"Bacen/Boletim/BP";"BM_DEXT";"Dívida externa bruta (exclui empréstimos intercompanhias)";5;762
"2652";"Anual";"Macroeconômico";"Balanço de pagamentos";"Bacen/Boletim/BP";"BM_RESOU";"Reservas internacionais - liquidez internacional - ouro";5;762
"2653";"Anual";"Macroeconômico";"Balanço de pagamentos";"Bacen/Boletim/BP";"BM_AID";"Dívida externa - registrada - empréstimos-programa (AID)";5;762
"2654";"Anual";"Macroeconômico";"Finanças públicas";"Bacen/Not. Imp./F. Púb.";"BM_DPIBC";"Dívida mobiliária interna federal - carteira do BC - fim período";5;762
"2655";"Anual";"Macroeconômico";"Finanças públicas";"Bacen/Not. Imp./F. Púb.";"BM_LTN";"Títulos públicos federais emitidos - responsabilidade do Tesouro Nacional - LTN - fim período";5;762
"2656";"Anual";"Macroeconômico";"Finanças públicas";"Bacen/Not. Imp./F. Púb.";"BM_NFEEJNN";"NFSP - estatais - juros nominais - c/ desvalorização cambial";5;762
"2657";"Anual";"Macroeconômico";"Projeções";"IBGE/Pop";"DEPIS_POPMP";"População residente - mulheres - 1º de julho - projeção";5;762
"2658";"Anual";"Macroeconômico";"Produção";"ANP";"ANP_PDALCO";"Produção - álcool - qde.";5;762
"2659";"Anual";"Macroeconômico";"Consumo e vendas";"ANP";"ANP_CODP";"Consumo aparente - derivados de petróleo - outros - média - qde./dia";5;762
"2660";"Anual";"Regional";"Finanças públicas";"Min. Fazenda/STN";"DTRCORTOE";"Despesa - transferências correntes - estadual";5;762
"2661";"Anual";"Regional";"Finanças públicas";"Min. Fazenda/STN";"DFRELEXM";"Despesas por função - relações exteriores - municipal";5;762
"2662";"Anual";"Macroeconômico";"Economia internacional";"FMI/IFS";"IFS_TJTBEUA";"taxa de juros - Notas do Tesouro";5;762
"2663";"Anual";"Macroeconômico";"Economia internacional";"FMI/IFS";"IFS_GDPMEXN";"PIB";5;762
"2664";"Anual";"Macroeconômico";"Economia internacional";"FMI/IFS";"IFS_TJPRIMEUA";"taxa de juros - Prime";5;762
"2665";"Anual";"Macroeconômico";"Economia internacional";"FMI/IFS";"IFS_GDPCORN";"PIB";5;762
"2666";"Anual";"Macroeconômico";"Economia internacional";"FMI/IFS";"IFS_ALUMP";"Commodities - alumínio - cotação internacional";5;762
"2667";"Anual";"Macroeconômico";"Economia internacional";"FMI/IFS";"IFS_IPCCHI";"IPC - índice (média 2005 = 100)";5;762
"2668";"Anual";"Macroeconômico";"Economia internacional";"FMI/IFS";"IFS_IPCCHIN";"IPC";5;762
"2669";"Anual";"Macroeconômico";"Comércio exterior";"Min. Fazenda/Cotec";"COTEC_TVBC";"Importações - tarifa - alíquota efetiva - bens de consumo";5;762
"2670";"Anual";"Macroeconômico";"Economia internacional";"FMI/IFS";"IFS_GDPBELN";"PIB";4;831
"2671";"Anual";"Macroeconômico";"Economia internacional";"FMI/IFS";"IFS_CAMBESP";"taxa de câmbio - peseta espanhola / US$ - média";4;831
"2672";"Anual";"Macroeconômico";"Economia internacional";"FMI/IFS";"IFS_CAMBCHI";"taxa de câmbio - peso chileno / US$ - média";4;831
"2673";"Anual";"Macroeconômico";"Economia internacional";"FMI/IFS";"IFS_IPCEURO";"IPC - índice (média 2005 = 100)";4;831
"2674";"Anual";"Macroeconômico";"Economia internacional";"FMI/IFS";"IFS_GDPUK";"PIB - índice (média 2005 = 100)";4;831
"2675";"Anual";"Macroeconômico";"Economia internacional";"FMI/IFS";"IFS_IPCPAR";"IPC - índice (média 2005 = 100)";4;831
"2676";"Anual";"Macroeconômico";"Economia internacional";"FMI/IFS";"IFS_XWN";"exportações";4;831
"2677";"Anual";"Macroeconômico";"Economia internacional";"FMI/IFS";"IFS_IPCCAN";"IPC - índice (média 2005 = 100)";4;831
"2678";"Anual";"Macroeconômico";"Economia internacional";"FMI/IFS";"IFS_GDPHOLN";"PIB";4;831
"2679";"Anual";"Macroeconômico";"Economia internacional";"FMI/IFS";"IFS_TJBANKACMEX";"taxa de juros - aceites bancários";4;831
"2680";"Anual";"Regional";"Finanças públicas";"Min. Fazenda/STN";"DFDESRE";"Despesas por função - desenvolvimento regional - estadual";4;831
"2681";"Anual";"Regional";"Finanças públicas";"Min. Fazenda/STN";"DFICSE";"Despesas por função - indústria, comércio e serviços - estadual";4;831
"2682";"Anual";"Regional";"Finanças públicas";"Min. Fazenda/STN";"DFRELEXE";"Despesas por função - relações exteriores - estadual";4;831
"2683";"Anual";"Regional";"Finanças públicas";"Min. Fazenda/STN";"DFDEFSE";"Despesas por função - segurança nacional e eefesa pública - estadual";4;831
"2684";"Anual";"Regional";"Finanças públicas";"Min. Fazenda/STN";"RECOROUTE";"Receita corrente - outras - estadual";4;831
"2685";"Anual";"Regional";"Finanças públicas";"Min. Fazenda/STN";"REKE";"Receita de capital - estadual";4;831
"2686";"Anual";"Regional";"Finanças públicas";"Min. Fazenda/STN";"DFASPRE";"Despesas por função - assistência e previdência - estadual";4;831
"2687";"Anual";"Regional";"Finanças públicas";"Min. Fazenda/STN";"ROUTRKM";"Despesa de capital - transferência  outras aos municípios";4;831
"2688";"Anual";"Regional";"Finanças públicas";"Min. Fazenda/STN";"DTRKINTRE";"Despesa de capital - transferências intragovernamentais - estadual";4;831
"2689";"Anual";"Regional";"Finanças públicas";"Min. Fazenda/STN";"DFENERE";"Despesas por função - energia e recursos minerais - estadual";4;831
"2690";"Anual";"Regional";"Finanças públicas";"Min. Fazenda/STN";"DFHABE";"Despesas por função - habitação e urbanismo - estadual";4;831
"2691";"Anual";"Regional";"Finanças públicas";"Min. Fazenda/STN";"DESPCUTE";"Despesa de custeio - estadual";4;831
"2692";"Anual";"Regional";"Finanças públicas";"Min. Fazenda/STN";"DESPCUPE";"Despesa de custeio - pessoal - estadual";4;831
"2693";"Anual";"Macroeconômico";"Consumo e vendas";"ANP";"ANP_COLDIE";"Consumo aparente - óleo diesel - qde.";4;831
"2694";"Anual";"Macroeconômico";"Moeda e crédito";"Bacen/Boletim/M. Finan.";"BM_DEPF";"Depósitos a prazo - fim período";4;831
"2695";"Anual";"Macroeconômico";"Projeções";"IBGE/Pop";"DEPIS_MIGRANTSP";"População - migrantes - projeção";4;831
"2696";"Anual";"Macroeconômico";"Finanças públicas";"Bacen/Not. Imp./F. Púb.";"BM_NFEENN";"NFSP - estatais - nominal - c/ desvalorização cambial";4;831
"2697";"Anual";"Macroeconômico";"Finanças públicas";"Bacen/Not. Imp./F. Púb.";"BM_NFEEJRY";"NFSP - estatais - juros reais - c/ desvalorização cambial";4;831
"2698";"Anual";"Macroeconômico";"Finanças públicas";"Bacen/Not. Imp./F. Púb.";"BM_NFGFNN";"NFSP - gov. federal e Banco Central - nominal - c/ desvalorização cambial";4;831
"2699";"Anual";"Macroeconômico";"Sinopse macroeconômica";"IBGE/PME";"PAN_TD";"Taxa de desemprego";4;831
"2700";"Anual";"Macroeconômico";"Comércio exterior";"Funcex/Séries antigas";"FUNCEX_MDVPAP";"Importações - setor: celulose, papel e gráfica - (FOB)";4;831
"2701";"Anual";"Macroeconômico";"Comércio exterior";"Funcex/Séries antigas";"FUNCEX_MDVAGP";"Importações - setor: agropecuária - (FOB)";4;831
"2702";"Anual";"Macroeconômico";"Comércio exterior";"Funcex/Séries antigas";"FUNCEX_MDVAUT";"Importações - setor: veículos automotores - (FOB)";4;831
"2703";"Anual";"Macroeconômico";"Comércio exterior";"Funcex/Séries antigas";"FUNCEX_XQOVEG";"Exportações - setor: óleos vegetais - quantum - índice (média 2006 = 100)";4;831
"2704";"Anual";"Macroeconômico";"Comércio exterior";"Funcex/Séries antigas";"FUNCEX_MDPPETC";"Importações - setor: petróleo e carvão - preços - índice (média 2006 = 100)";4;831
"2705";"Anual";"Macroeconômico";"Comércio exterior";"Funcex/Séries antigas";"FUNCEX_XVBOR";"Exportações - setor: borracha - (FOB)";4;831
"2706";"Anual";"Macroeconômico";"Comércio exterior";"Funcex/Séries antigas";"FUNCEX_MDQAGP";"Importações - setor: agropecuária - quantum - índice (média 2006 = 100)";4;831
"2707";"Anual";"Macroeconômico";"Comércio exterior";"Funcex/Séries antigas";"FUNCEX_XPTEXT";"Exportações - setor: têxtil - preços - índice (média 2006 = 100)";4;831
"2708";"Anual";"Macroeconômico";"Projeções";"ONU/LINK";"LINK_ASIAPIBG";"PIB - projeção - var. real anual";4;831
"2709";"Anual";"Macroeconômico";"Projeções";"ONU/LINK";"LINK_CHIMV";"importações - projeção";4;831
"2710";"Anual";"Macroeconômico";"Projeções";"ONU/LINK";"LINK_PEDPIBG";"PIB - projeção - var. real anual";4;831
"2711";"Anual";"Macroeconômico";"Projeções";"ONU/LINK";"LINK_ALGODAOG";"Commodities - algodão - cotação internacional em US$ - projeção - var. anual";4;831
"2712";"Anual";"Macroeconômico";"Projeções";"ONU/LINK";"LINK_USMV";"importações - projeção";4;831
"2713";"Anual";"Macroeconômico";"Projeções";"ONU/LINK";"LINKBR_XG";"Exportações - projeção - var. real anual";4;831
"2714";"Anual";"Macroeconômico";"Balanço de pagamentos";"Bacen/BP (BPM5)";"BPN_FINIDECRF";"Conta financeira - invest. estrang. carteira - tít. renda fixa (Antiga metod. - BPM5)";4;831
"2715";"Anual";"Macroeconômico";"Balanço de pagamentos";"Bacen/BP (BPM5)";"BPN_FONINV";"Usos e fontes - fontes - investimento - ações e papéis domésticos - longo prazo (Antiga metod. - BPM";4;831
"2716";"Anual";"Macroeconômico";"Balanço de pagamentos";"Bacen/BP (BPM5)";"BPN_FINIDECRFC";"Conta financeira - invest. estrang. carteira - tít. renda fixa - commercial papers (Antiga metod. -";4;831
"2717";"Anual";"Macroeconômico";"Balanço de pagamentos";"Bacen/BP (BPM5)";"BPN_IEDDES";"Conta financeira - invest. diretos - estrang. no país - partic. capital - saídas (Antiga metod. - BP";4;831
"2718";"Anual";"Macroeconômico";"Balanço de pagamentos";"Bacen/BP (BPM5)";"BPN_GOV";"Serviços e rendas - serviços - serviços governamentais - saldo (Antiga metod. - BPM5)";4;831
"2719";"Anual";"Macroeconômico";"Balanço de pagamentos";"Bacen/BP (BPM5)";"BPN_FONATB";"Usos e fontes - fontes - ativos brasileiros no exterior (Antiga metod. - BPM5)";4;831
"2720";"Anual";"Macroeconômico";"Balanço de pagamentos";"Bacen/BP (BPM5)";"BPN_SERRDES";"Serviços e rendas - rendas - despesas (Antiga metod. - BPM5)";4;831
"2721";"Anual";"Macroeconômico";"Balanço de pagamentos";"Bacen/BP (BPM5)";"BPN_SERSRDES";"Serviços e rendas - serviços - royalties e licenças - despesas (Antiga metod. - BPM5)";4;831
"2722";"Anual";"Macroeconômico";"Balanço de pagamentos";"Bacen/BP (BPM5)";"BPN_SERSF";"Serviços e rendas - serviços - serviços financeiros - saldo (Antiga metod. - BPM5)";4;831
"2723";"Anual";"Macroeconômico";"Produção";"IBGE/PAM";"LSPA_QTOMA";"Produção - tomate - qde.";4;831
"2724";"Anual";"Macroeconômico";"Finanças públicas";"Outras fontes";"HIST_GOVFSALV";"Salários pagos - governo federal";4;831
"2725";"Anual";"Macroeconômico";"Produção";"Outras fontes";"HIST_QUEIJOQ";"Produção - queijo - qde.";4;831
"2726";"Anual";"Macroeconômico";"Finanças públicas";"Outras fontes";"HIST_GOVESALV";"Salários pagos - governo estadual";4;831
"2727";"Anual";"Macroeconômico";"Produção";"Outras fontes";"HIST_BORRQ";"Produção - borracha - qde.";4;831
"2728";"Anual";"Macroeconômico";"Produção";"Outras fontes";"HIST_COUROPQ";"Produção - couros e peles - qde.";4;831
"2729";"Anual";"Macroeconômico";"Contas nacionais";"Outras fontes";"HIST_VAALIM";"Valor adicionado - alimentos";4;831
"2730";"Anual";"Macroeconômico";"Produção";"Outras fontes";"HIST_FARMACQ";"Produção - produtos farmacêuticos - qde.";4;831
"2731";"Anual";"Macroeconômico";"Contas nacionais";"Outras fontes";"HIST_VAIND";"Valor adicionado - indústria";4;831
"2732";"Anual";"Macroeconômico";"Contas nacionais";"Outras fontes";"HIST_VAGRAF";"Valor adicionado - gráfica";4;831
"2733";"Anual";"Macroeconômico";"Produção";"Outras fontes";"HIST_COUROPV";"Produção - couros e peles";4;831
"2734";"Anual";"Macroeconômico";"Produção";"Outras fontes";"HIST_CARVAOQ";"Produção - carvão - qde.";4;831
"2735";"Anual";"Macroeconômico";"Produção";"Outras fontes";"HIST_SALQ";"Produção - sal - qde.";4;831
"2736";"Anual";"Macroeconômico";"Contas nacionais";"Outras fontes";"HIST_INDMAALM";"Indústria - manufaturas - alimentos - índice (média 1939 = 100)";4;831
"2737";"Anual";"Macroeconômico";"Produção";"Outras fontes";"HIST_OVIV";"Abate - ovinos";4;831
"2738";"Anual";"Macroeconômico";"Produção";"Outras fontes";"HIST_LEITEQ";"Produção - leite - qde.";4;831
"2739";"Anual";"Regional";"Estoque de capital";"IPEA";"CRBRTOT";"Capital Residencial - Total";4;831
"2740";"Anual";"Macroeconômico";"Contas nacionais";"IPEA";"HIST_VATRANSCO";"PIB - transportes e comunicações - índice (média 1939 = 100)";4;831
"2741";"Anual";"Macroeconômico";"Contas nacionais";"IPEA";"HIST_INDMINER";"Indústria - mineração - índice (média 1939 = 100)";4;831
"2742";"Anual";"Social";"Educação";"IPEA";"ATRASOW";"Defasagem escolar - mais de 1 ano atraso - mulheres";4;831
"2743";"Anual";"Macroeconômico";"Contas nacionais";"IBGE/SCN 2000 Anual";"SCN_VASUPN";"PIB - indústria - eletricidade, gás e água - ref. 2000";4;831
"2744";"Anual";"Macroeconômico";"Contas nacionais";"IBGE/SCN 2000 Anual";"SCN_VAAPN";"PIB - serviços - admin., saúde e educação públicas - ref. 2000";4;831
"2745";"Anual";"Macroeconômico";"Contas nacionais";"IBGE/SCN 2000 Anual";"SCN_VASUPY";"PIB - indústria - eletricidade, gás e água - ref. 2000";4;831
"2746";"Anual";"Macroeconômico";"Contas nacionais";"IBGE/SCN 2000 Anual";"SCN_VACOY";"PIB - indústria - construção - ref. 2000";4;831
"2747";"Anual";"Macroeconômico";"Contas nacionais";"IBGE/SCN 2000 Anual";"SCN_VACCN";"PIB - serviços - serviços de informação - ref. 2000";4;831
"2748";"Anual";"Macroeconômico";"Finanças públicas";"IPEA";"GAMMA_IMPINCR";"Imposto inflacionário - real - método 2A";4;831
"2749";"Anual";"Macroeconômico";"Contas nacionais";"IBGE/SCN 2000 Anual";"SCN_RTRTOY";"Receita disponível após transferências correntes - adm. pública - total - ref. 2000";4;831
"2750";"Anual";"Macroeconômico";"Preços";"FGV/Conj. Econ. - IGP antigo";"IGP_IPAMC";"IPA-DI - materiais de construção - índice (ago. 1994 = 100)";4;831
"2751";"Anual";"Macroeconômico";"Consumo e vendas";"Anfavea";"ANFAVE_VCAMIN";"Vendas - caminhões - nacionais - montados - qde.";4;831
"2752";"Anual";"Macroeconômico";"Contas nacionais";"IBGE/SCN 1985 Anual";"SCN85R_CIGEN";"Consumo intermediário - adm. pública - estadual";4;831
"2753";"Anual";"Macroeconômico";"Contas nacionais";"IBGE/SCN 1985 Anual";"SCN85R_CIGGN";"Consumo intermediário - adm. pública - total";4;831
"2754";"Anual";"Macroeconômico";"Comércio exterior";"Funcex";"FUNCEX_XVCOMB";"Exportações - combustíveis - (FOB)";4;831
"2755";"Anual";"Macroeconômico";"Comércio exterior";"Funcex";"FUNCEX_XPBCD";"Exportações - bens de consumo duráveis - preços - índice (média 2006 = 100)";4;831
"2756";"Anual";"Macroeconômico";"Comércio exterior";"Funcex";"FUNCEX_XPM";"Exportações - produtos manufaturados - preços - índice (média 2006 = 100)";4;831
"2757";"Anual";"Macroeconômico";"Comércio exterior";"Funcex";"FUNCEX_MDVCOMB";"Importações - combustíveis - (FOB)";3;918
"2758";"Anual";"Macroeconômico";"Comércio exterior";"Funcex";"FUNCEX_XQBCD";"Exportações - bens de consumo duráveis - quantum - índice (média 2006 = 100)";3;918
"2759";"Anual";"Macroeconômico";"Comércio exterior";"Funcex";"FUNCEX_MDQBK";"Importações - bens de capital - quantum - índice (média 2006 = 100)";3;918
"2760";"Anual";"Macroeconômico";"Comércio exterior";"Funcex";"FUNCEX_MDPCOMB";"Importações - combustíveis - preços - índice (média 2006 = 100)";3;918
"2761";"Anual";"Macroeconômico";"Contas nacionais";"IBGE/SCN 1985 Anual";"SCN85R_TUKGGN";"Transferências capital - adm. pública - total (usos)";3;918
"2762";"Anual";"Macroeconômico";"Contas nacionais";"IBGE/SCN 1985 Anual";"SCN85R_RWPSN";"Remuneração empregados - adm. pública - previdência";3;918
"2763";"Anual";"Macroeconômico";"Comércio exterior";"Anfavea";"ANFAVE_XCAMIN";"Exportações - caminhões  - montados - qde.";3;918
"2764";"Anual";"Macroeconômico";"Produção";"Anfavea";"ANFAVE_QONIBU";"Produção - ônibus - montados - qde.";3;918
"2765";"Anual";"Macroeconômico";"Preços";"FGV/Conj. Econ. - IGP antigo";"IGP_IPAMEV";"IPA-DI - máquinas, veículos e equipamentos - índice (ago. 1994 = 100)";3;918
"2766";"Anual";"Macroeconômico";"Contas nacionais";"IBGE/SCN 2000 Anual";"SCN_XSN";"Exportações - serviços - ref. 2000";3;918
"2767";"Anual";"Macroeconômico";"Contas nacionais";"IBGE/SCN 2000 Anual";"SCN_RAN";"Rendimento - autônomos - misto - ref. 2000";3;918
"2768";"Anual";"Macroeconômico";"Contas nacionais";"IBGE/SCN 2000 Anual";"SCN_VACCY";"PIB - serviços - serviços de informação - ref. 2000";3;918
"2769";"Anual";"Macroeconômico";"Contas nacionais";"IBGE/SCN 2000 Anual";"SCN_VAOSY";"PIB - serviços - outros - ref. 2000";3;918
"2770";"Anual";"Social";"Educação";"IPEA";"TXA1014H";"Analfabetos - pessoas 10 a 14 anos - homens";3;918
"2771";"Anual";"Macroeconômico";"Estoque de capital";"IPEA";"GAMMA_EBAUT";"Automóveis - estoque bruto - privado";3;918
"2772";"Anual";"Macroeconômico";"Finanças públicas";"IPEA";"GAMMA_IMPINBN";"Imposto inflacionário - método 1B";3;918
"2773";"Anual";"Macroeconômico";"Contas nacionais";"IPEA";"RITR_HLBKMEPP";"Ativos líquidos reais - máquinas e equipamentos - setor privado";3;918
"2774";"Anual";"Macroeconômico";"Contas nacionais";"IPEA";"HIST_VACOM";"PIB - comércio - índice (média 1939 = 100)";3;918
"2775";"Anual";"Social";"Educação";"IPEA";"TXA1524W";"Analfabetos - pessoas 15 a 24 anos - mulheres";3;918
"2776";"Anual";"Macroeconômico";"Estoque de capital";"IPEA";"RITR_VELAUT";"Automóveis - estoque líquido";3;918
"2777";"Anual";"Macroeconômico";"Finanças públicas";"IPEA";"GAMMA_IMPINAR";"Imposto inflacionário - real - método 1A";3;918
"2778";"Anual";"Macroeconômico";"Produção";"Outras fontes";"HIST_OUROQ";"Produção - ouro - qde.";3;918
"2779";"Anual";"Macroeconômico";"Produção";"Outras fontes";"HIST_PAPELV";"Produção - papel";3;918
"2780";"Anual";"Macroeconômico";"Contas nacionais";"Outras fontes";"HIST_VAFUMO";"Valor adicionado - indústria do fumo";3;918
"2781";"Anual";"Macroeconômico";"Preços";"Outras fontes";"HIST_ICVMOVRJ";"Inflação - Custo de vida - móveis e utensílios - cidade do Riode Janeiro - índice (média 1912 = 100)";3;918
"2782";"Anual";"Macroeconômico";"Contas nacionais";"Outras fontes";"HIST_VAQUI";"Valor adicionado - química";3;918
"2783";"Anual";"Macroeconômico";"Produção";"Outras fontes";"HIST_REFRIGQ";"Produção - refrigerantes (quantidade) - índice (média 1939 = 100)";3;918
"2784";"Anual";"Macroeconômico";"Produção";"Outras fontes";"HIST_CSUIQ";"Produção - carne suína - qde.";3;918
"2785";"Anual";"Macroeconômico";"Produção";"Outras fontes";"HIST_BORRV";"Produção - borracha";3;918
"2786";"Anual";"Macroeconômico";"Contas nacionais";"Outras fontes";"HIST_VAMANUIND";"Valor adicionado na indústria - manufaturados";3;918
"2787";"Anual";"Macroeconômico";"Produção";"Outras fontes";"HIST_PERFV";"Produção - perfumaria e cosméticos";3;918
"2788";"Anual";"Macroeconômico";"Produção";"Outras fontes";"HIST_MANDFAQ";"Produção - farinha de mandioca - qde.";3;918
"2789";"Anual";"Macroeconômico";"Contas nacionais";"Outras fontes";"HIST_VAPNEU";"Valor adicionado - pneumáticos";3;918
"2790";"Anual";"Macroeconômico";"Contas nacionais";"Outras fontes";"HIST_VAMINER";"Valor adicionado - mineração";3;918
"2791";"Anual";"Macroeconômico";"Produção";"Outras fontes";"HIST_BOVQ";"Abate - bovinos - qde.";3;918
"2792";"Anual";"Macroeconômico";"Produção";"Outras fontes";"HIST_COUROV";"Produção - couro";3;918
"2793";"Anual";"Macroeconômico";"Finanças públicas";"Bacen/Not. Imp./Moeda";"BM_LC";"Letras de câmbio";3;918
"2794";"Anual";"Macroeconômico";"Balanço de pagamentos";"Bacen/BP (BPM5)";"BPN_SERRSALREC";"Serviços e rendas - rendas - salários e ordenados - receitas (Antiga metod. - BPM5)";3;918
"2795";"Anual";"Macroeconômico";"Balanço de pagamentos";"Bacen/BP (BPM5)";"BPN_FINIDBDES";"Conta financeira - invest. diretos - brasil. no ext. - saídas (Antiga metod. - BPM5)";3;918
"2796";"Anual";"Macroeconômico";"Balanço de pagamentos";"Bacen/BP (BPM5)";"BPN_FINIEOUTOR";"Conta financeira - invest. estrang. - outros - oper. de regularização (Antiga metod. - BPM5)";3;918
"2797";"Anual";"Macroeconômico";"Balanço de pagamentos";"Bacen/BP (BPM5)";"BPN_SERSC";"Serviços e rendas - serviços - computação e informações - saldo (Antiga metod. - BPM5)";3;918
"2798";"Anual";"Macroeconômico";"Balanço de pagamentos";"Bacen/BP (BPM5)";"BPN_FINIDBCRF";"Conta financeira - invest. brasil. carteira - títulos de renda fixa (Antiga metod. - BPM5)";3;918
"2799";"Anual";"Macroeconômico";"Balanço de pagamentos";"Bacen/BP (BPM5)";"BPN_TURREC";"Serviços e rendas - serviços - viagens internacionais - receitas (Antiga metod. - BPM5)";3;918
"2800";"Anual";"Macroeconômico";"Balanço de pagamentos";"Bacen/BP (BPM5)";"BPN_TUNDES";"Transferências unilaterais correntes - despesas (Antiga metod. - BPM5)";3;918
"2801";"Anual";"Macroeconômico";"Balanço de pagamentos";"Bacen/BP (BPM5)";"BPN_FINIDBCA";"Conta financeira - invest. brasil. carteira - ações (Antiga metod. - BPM5)";3;918
"2802";"Anual";"Macroeconômico";"Projeções";"ONU/LINK";"LINK_UEMV";"importações - projeção - var. real anual";3;918
"2803";"Anual";"Macroeconômico";"Projeções";"ONU/LINK";"LINK_MINFERRG";"Commodities - minério de ferro - cotação internacional em US$ - projeção - var. anual";3;918
"2804";"Anual";"Macroeconômico";"Projeções";"ONU/LINK";"LINK_UKCAMB";"taxa de câmbio - nominal - libra esterlina / US$ - projeção";3;918
"2805";"Anual";"Macroeconômico";"Projeções";"ONU/LINK";"LINKBR_XPG";"Exportações - deflator implícito - projeção";3;918
"2806";"Anual";"Macroeconômico";"Projeções";"ONU/LINK";"LINK_JPPIBG";"PIB - projeção - var. real anual";3;918
"2807";"Anual";"Macroeconômico";"Projeções";"ONU/LINK";"LINK_LEPIBG";"PIB - projeção - var. real anual";3;918
"2808";"Anual";"Macroeconômico";"Projeções";"ONU/LINK";"LINKBR_MG";"Importações - projeção - var. real anual";3;918
"2809";"Anual";"Macroeconômico";"Comércio exterior";"Funcex/Séries antigas";"FUNCEX_XVMAQ";"Exportações - setor: máquinas e tratores - (FOB)";3;918
"2810";"Anual";"Macroeconômico";"Comércio exterior";"Funcex/Séries antigas";"FUNCEX_XPABAT";"Exportações - setor: abate de animais - preços - índice (média 2006 = 100)";3;918
"2811";"Anual";"Macroeconômico";"Comércio exterior";"Funcex/Séries antigas";"FUNCEX_XVMAD";"Exportações - setor: madeira e mobiliário - (FOB)";3;918
"2812";"Anual";"Macroeconômico";"Comércio exterior";"Funcex/Séries antigas";"FUNCEX_XVEQP";"Exportações - setor: equipamentos eletrônicos - (FOB)";3;918
"2813";"Anual";"Macroeconômico";"Comércio exterior";"Funcex/Séries antigas";"FUNCEX_XPACUC";"Exportações - setor: açúcar - preços - índice (média 2006 = 100)";3;918
"2814";"Anual";"Macroeconômico";"Comércio exterior";"Funcex/Séries antigas";"FUNCEX_MDVCAL";"Importações - setor: calçados - (FOB)";3;918
"2815";"Anual";"Macroeconômico";"Comércio exterior";"Funcex/Séries antigas";"FUNCEX_MDVELET";"Importações - setor: material elétrico - (FOB)";3;918
"2816";"Anual";"Macroeconômico";"Comércio exterior";"Funcex/Séries antigas";"FUNCEX_XPSID";"Exportações - setor: siderurgia - preços - índice (média 2006 = 100)";3;918
"2817";"Anual";"Macroeconômico";"Finanças públicas";"Bacen/Not. Imp./F. Púb.";"BM_NFEMJRN";"NFSP - estados e municípios - juros reais - c/ desvalorização cambial";3;918
"2818";"Anual";"Macroeconômico";"Finanças públicas";"Bacen/Not. Imp./F. Púb.";"BM_NFSPON";"NFSP - setor público - operacional - c/ desvalorização cambial";3;918
"2819";"Anual";"Macroeconômico";"Preços";"FGV/Conj. Econ. - IGP";"IGP_IPAIEX";"IPA origem - prod. industriais - ind. extrativa - índice (ago. 1994 = 100)";3;918
"2820";"Anual";"Macroeconômico";"Preços";"FGV/Conj. Econ. - IGP";"IGP_IPAITR";"IPA origem - prod. industriais - ind. transf. - índice (ago. 1994 = 100)";3;918
"2821";"Anual";"Macroeconômico";"Preços";"FGV/Conj. Econ. - IGP";"IGP_IPAOG";"IPA origem - geral - índice (ago. 1994 = 100)";3;918
"2822";"Anual";"Macroeconômico";"Projeções";"IBGE/Pop";"DEPIS_POPHP";"População residente - homens - 1º de julho - projeção";3;918
"2823";"Anual";"Macroeconômico";"Consumo e vendas";"ANP";"ANP_COLCOM";"Consumo aparente - óleo combustível - qde.";3;918
"2824";"Anual";"Regional";"Finanças públicas";"Min. Fazenda/STN";"DTRKINTEE";"Despesa de capital - transferências intergovernamentais - estadual";3;918
"2825";"Anual";"Regional";"Finanças públicas";"Min. Fazenda/STN";"DFCOME";"Despesas por função - comunicações - estadual";3;918
"2826";"Anual";"Regional";"Finanças públicas";"Min. Fazenda/STN";"DEDIVE";"Despesa de custeio - encargos - estadual";3;918
"2827";"Anual";"Regional";"Finanças públicas";"Min. Fazenda/STN";"DTRCINTRE";"Despesa - transferências intragovernamentais - estadual";3;918
"2828";"Anual";"Regional";"Finanças públicas";"Min. Fazenda/STN";"DFLEGE";"Despesas por função - legislativa- estadual";3;918
"2829";"Anual";"Regional";"Finanças públicas";"Min. Fazenda/STN";"DTRKTOE";"Despesa - transferências de capital - estadual";3;918
"2830";"Anual";"Regional";"Finanças públicas";"Min. Fazenda/STN";"DFAGRE";"Despesas por função - agricultura - estadual";3;918
"2831";"Anual";"Regional";"Finanças públicas";"Min. Fazenda/STN";"DTRCINTEE";"Despesa - transferências intergovernamentais - estadual";3;918
"2832";"Anual";"Regional";"Finanças públicas";"Min. Fazenda/STN";"DFADME";"Despesas por função - administração e planejamento - estadual";3;918
"2833";"Anual";"Regional";"Finanças públicas";"Min. Fazenda/STN";"DFJUDE";"Despesas por função - judiciária- estadual";3;918
"2834";"Anual";"Regional";"Finanças públicas";"Min. Fazenda/STN";"DESPEENE";"Despesa de custeio - pessoal e encargos - estadual";3;918
"2835";"Anual";"Regional";"Finanças públicas";"Min. Fazenda/STN";"DFTRABE";"Despesas por função - trabalho- estadual";3;918
"2836";"Anual";"Regional";"Finanças públicas";"Min. Fazenda/STN";"DFTRAE";"Despesas por função - transporte- estadual";3;918
"2837";"Anual";"Macroeconômico";"Economia internacional";"FMI/IFS";"IFS_USEER";"taxa de câmbio - efetiva real - índice (média 2005 = 100) - dólar americano;";3;918
"2838";"Anual";"Macroeconômico";"Economia internacional";"FMI/IFS";"IFS_CAMBPAR";"taxa de câmbio - guarani paraguaio / US$ - média";3;918
"2839";"Anual";"Macroeconômico";"Economia internacional";"FMI/IFS";"IFS_GDPMEX";"PIB - índice (média 2005 = 100)";3;918
"2840";"Anual";"Macroeconômico";"Economia internacional";"FMI/IFS";"IFS_TJCALLESP";"taxa de juros - call money";3;918
"2841";"Anual";"Macroeconômico";"Economia internacional";"FMI/IFS";"IFS_CAMBCAN";"taxa de câmbio - dólar canadense / US$ - média";3;918
"2842";"Anual";"Macroeconômico";"Economia internacional";"FMI/IFS";"IFS_CAMBCHIN";"taxa de câmbio - yuan / US$ - média";3;918
"2843";"Anual";"Macroeconômico";"Economia internacional";"FMI/IFS";"IFS_EUATCNE";"taxa de câmbio - efetiva - índice (média 2005 = 100)";3;918
"2844";"Anual";"Macroeconômico";"Economia internacional";"FMI/IFS";"IFS_TJOVERCAN";"taxa de juros - mercado interbancário - over";3;918
"2845";"Anual";"Macroeconômico";"Economia internacional";"FMI/IFS";"IFS_IPCESP";"IPC - índice (média 2005 = 100)";3;918
"2846";"Anual";"Macroeconômico";"Economia internacional";"FMI/IFS";"IFS_GDPEURON";"PIB";3;918
"2847";"Anual";"Macroeconômico";"Economia internacional";"FMI/IFS";"IFS_TJCALLHOL";"taxa de juros - call money";3;918
"2848";"Anual";"Macroeconômico";"Economia internacional";"FMI/IFS";"IFS_GDPITA";"PIB - índice (média 2005 = 100)";3;918
"2849";"Anual";"Macroeconômico";"Economia internacional";"FMI/IFS";"IFS_IPAESP";"IPA - índice (média 2005 = 100)";3;918
"2850";"Anual";"Macroeconômico";"Economia internacional";"FMI/IFS";"IFS_IPCALE";"IPC - índice (média 2005 = 100)";3;918
"2851";"Anual";"Macroeconômico";"Economia internacional";"FMI/IFS";"IFS_TJCALLFRA";"taxa de juros - call money";3;918
"2852";"Anual";"Macroeconômico";"Economia internacional";"FMI/IFS";"IFS_TJCALLALE";"taxa de juros - call money";3;918
"2853";"Anual";"Macroeconômico";"Economia internacional";"FMI/IFS";"IFS_TJCALLPAR";"taxa de juros - money market";2;1014
"2854";"Anual";"Macroeconômico";"Economia internacional";"FMI/IFS";"IFS_GDPJAP";"PIB - índice (média 2005 = 100)";2;1014
"2855";"Anual";"Macroeconômico";"Economia internacional";"FMI/IFS";"IFS_IPAHOL";"IPA - índice (média 2005 = 100)";2;1014
"2856";"Anual";"Macroeconômico";"Economia internacional";"FMI/IFS";"IFS_IPCURU";"IPC - índice (média 2005 = 100)";2;1014
"2857";"Anual";"Macroeconômico";"Economia internacional";"FMI/IFS";"IFS_IPCCOL";"IPC - índice (média 2005 = 100)";2;1014
"2858";"Anual";"Macroeconômico";"Economia internacional";"FMI/IFS";"IFS_TJCALLJAP";"taxa de juros - call money";2;1014
"2859";"Anual";"Macroeconômico";"Economia internacional";"FMI/IFS";"IFS_CAMBCOR";"taxa de câmbio - won sul-coreano / US$ - média";2;1014
"2860";"Anual";"Macroeconômico";"Economia internacional";"FMI/IFS";"IFS_IPAUALE";"IPA - índice (média 2005 = 100)";2;1014
"2861";"Anual";"Macroeconômico";"Economia internacional";"FMI/IFS";"IFS_CAMBMEX";"taxa de câmbio - peso novo mexicano / US$ - média";2;1014
"2862";"Anual";"Macroeconômico";"Economia internacional";"FMI/IFS";"IFS_IPCCOR";"IPC - índice (média 2005 = 100)";2;1014
"2863";"Anual";"Macroeconômico";"Economia internacional";"FMI/IFS";"IFS_GDPHOL";"PIB - índice (média 2005 = 100)";2;1014
"2864";"Anual";"Macroeconômico";"Economia internacional";"FMI/IFS";"IFS_IPCFRA";"IPC - índice (média 2005 = 100)";2;1014
"2865";"Anual";"Macroeconômico";"Economia internacional";"FMI/IFS";"IFS_TJCMBEL";"taxa de juros - call money";2;1014
"2866";"Anual";"Regional";"Finanças públicas";"Min. Fazenda/STN";"RTRKTOE";"Receita - transferências de capital - estadual";2;1014
"2867";"Anual";"Regional";"Finanças públicas";"Min. Fazenda/STN";"RTRCORTOE";"Receita - transferências correntes - estadual";2;1014
"2868";"Anual";"Macroeconômico";"Projeções";"IBGE/Pop";"DEPIS_BIRTHSP";"População - nascimentos - projeção";2;1014
"2869";"Anual";"Macroeconômico";"Finanças públicas";"Bacen/Not. Imp./F. Púb.";"BM_NFEMJNN";"NFSP - estados e municípios - juros nominais - c/ desvalorização cambial";2;1014
"2870";"Anual";"Macroeconômico";"Finanças públicas";"Bacen/Not. Imp./F. Púb.";"BM_NFGFPN";"NFSP - gov. federal e Banco Central - primário - c/ desvalorização cambial";2;1014
"2871";"Anual";"Macroeconômico";"Finanças públicas";"Bacen/Not. Imp./F. Púb.";"BM_OTN";"Títulos públicos federais emitidos - responsabilidade do Tesouro Nacional - OTN - fim período";2;1014
"2872";"Anual";"Macroeconômico";"Finanças públicas";"Bacen/Not. Imp./F. Púb.";"BM_DTEEN";"Dívida - total - estatais - líquida";2;1014
"2873";"Anual";"Macroeconômico";"Finanças públicas";"Bacen/Not. Imp./F. Púb.";"BM_LFT";"Títulos públicos federais emitidos - responsabilidade do Tesouro Nacional - LFT - fim período";2;1014
"2874";"Anual";"Macroeconômico";"Finanças públicas";"Bacen/Not. Imp./F. Púb.";"BM_NFEMON";"NFSP - estados e municípios - operacional - c/ desvalorização cambial";2;1014
"2875";"Anual";"Macroeconômico";"Finanças públicas";"Bacen/Not. Imp./F. Púb.";"BM_LTNBC";"Títulos públicos federais - carteira do Banco Central - LTN - fim período";2;1014
"2876";"Anual";"Macroeconômico";"Finanças públicas";"Bacen/Not. Imp./F. Púb.";"BM_OTNPP";"Títulos públicos federais - fora do BC - Tesouro Nacional - OTN - fim período";2;1014
"2877";"Anual";"Macroeconômico";"Finanças públicas";"Bacen/Not. Imp./F. Púb.";"BM_OTNBC";"Títulos públicos federais - carteira do Banco Central - OTN - fim período";2;1014
"2878";"Anual";"Macroeconômico";"Finanças públicas";"Bacen/Not. Imp./F. Púb.";"BM_NFGFON";"NFSP - gov. federal e Banco Central - operacional - c/ desvalorização cambial";2;1014
"2879";"Anual";"Macroeconômico";"Balanço de pagamentos";"Bacen/Boletim/BP";"BM_DEXRFLP";"Dívida externa - registrada - taxa Prime";2;1014
"2880";"Anual";"Macroeconômico";"Balanço de pagamentos";"Bacen/Boletim/BP";"BM_DEXRFI";"Dívida externa - registrada - taxa fixa";2;1014
"2881";"Anual";"Macroeconômico";"Balanço de pagamentos";"Bacen/Boletim/BP";"BM_EMDI";"Dívida externa - registrada - empréstimos externos - diversos";2;1014
"2882";"Anual";"Macroeconômico";"Balanço de pagamentos";"Bacen/Boletim/BP";"BM_BONUS";"Dívida externa - registrada - bônus";2;1014
"2883";"Anual";"Macroeconômico";"Comércio exterior";"Funcex/Séries antigas";"FUNCEX_MDQPET";"Importações - setor: refino de petróleo - quantum - índice (média 2006 = 100)";2;1014
"2884";"Anual";"Macroeconômico";"Comércio exterior";"Funcex/Séries antigas";"FUNCEX_XVELET";"Exportações - setor: material elétrico - (FOB)";2;1014
"2885";"Anual";"Macroeconômico";"Comércio exterior";"Funcex/Séries antigas";"FUNCEX_MDQSID";"Importações - setor: siderurgia - quantum - índice (média 2006 = 100)";2;1014
"2886";"Anual";"Macroeconômico";"Comércio exterior";"Funcex/Séries antigas";"FUNCEX_XVPOV";"Exportações - setor: peças e outros veículos - (FOB)";2;1014
"2887";"Anual";"Macroeconômico";"Comércio exterior";"Funcex/Séries antigas";"FUNCEX_MDVABAT";"Importações - setor: abate de animais - (FOB)";2;1014
"2888";"Anual";"Macroeconômico";"Comércio exterior";"Funcex/Séries antigas";"FUNCEX_XQCAL";"Exportações - setor: calçados - quantum - índice (média 2006 = 100)";2;1014
"2889";"Anual";"Macroeconômico";"Projeções";"ONU/LINK";"LINK_USBCV";"balança comercial - projeção";2;1014
"2890";"Anual";"Macroeconômico";"Projeções";"ONU/LINK";"LINK_ASIAMV";"importações - projeção - var. real anual";2;1014
"2891";"Anual";"Macroeconômico";"Projeções";"ONU/LINK";"LINK_SITC59G";"preços internacionais (SITC 59) - cotação internacional em US$ - projeção - var. anual";2;1014
"2892";"Anual";"Macroeconômico";"Comércio exterior";"Funcex/Séries antigas";"FUNCEX_MDQMAD";"Importações - setor: madeira e mobiliário - quantum - índice (média 2006 = 100)";2;1014
"2893";"Anual";"Macroeconômico";"Comércio exterior";"Funcex/Séries antigas";"FUNCEX_MDVVEST";"Importações - setor: artigos de vestuário - (FOB)";2;1014
"2894";"Anual";"Macroeconômico";"Comércio exterior";"Funcex/Séries antigas";"FUNCEX_MDVOVEG";"Importações - setor: óleos vegetais - (FOB)";2;1014
"2895";"Anual";"Macroeconômico";"Comércio exterior";"Funcex/Séries antigas";"FUNCEX_MDQABAT";"Importações - setor: abate de animais - quantum - índice (média 2006 = 100)";2;1014
"2896";"Anual";"Macroeconômico";"Comércio exterior";"Funcex/Séries antigas";"FUNCEX_MDPAGP";"Importações - setor: agropecuária - preços - índice (média 2006 = 100)";2;1014
"2897";"Anual";"Macroeconômico";"Comércio exterior";"Funcex/Séries antigas";"FUNCEX_XVEXT";"Exportações - setor: extrativa mineral - (FOB)";2;1014
"2898";"Anual";"Macroeconômico";"Comércio exterior";"Funcex/Séries antigas";"FUNCEX_MDQOVEG";"Importações - setor: óleos vegetais - quantum - índice (média 2006 = 100)";2;1014
"2899";"Anual";"Macroeconômico";"Comércio exterior";"Funcex/Séries antigas";"FUNCEX_MDVMAQ";"Importações - setor: máquinas e tratores - (FOB)";2;1014
"2900";"Anual";"Macroeconômico";"Comércio exterior";"Funcex/Séries antigas";"FUNCEX_XPBVEG";"Exportações - setor: beneficiamento de produtos vegetais - preços - índice (média 2006 = 100)";2;1014
"2901";"Anual";"Macroeconômico";"Comércio exterior";"Funcex/Séries antigas";"FUNCEX_MDVEQP";"Importações - setor: equipamentos eletrônicos - (FOB)";2;1014
"2902";"Anual";"Macroeconômico";"Comércio exterior";"Funcex/Séries antigas";"FUNCEX_XQPAP";"Exportações - setor: celulose, papel e gráfica - quantum - índice (média 2006 = 100)";2;1014
"2903";"Anual";"Macroeconômico";"Comércio exterior";"Funcex/Séries antigas";"FUNCEX_XQABAT";"Exportações - setor: abate de animais - quantum - índice (média 2006 = 100)";2;1014
"2904";"Anual";"Macroeconômico";"Comércio exterior";"Funcex/Séries antigas";"FUNCEX_MDVSID";"Importações - setor: siderurgia - (FOB)";2;1014
"2905";"Anual";"Macroeconômico";"Comércio exterior";"Funcex/Séries antigas";"FUNCEX_MDVPETC";"Importações - setor: petróleo e carvão - (FOB)";2;1014
"2906";"Anual";"Macroeconômico";"Comércio exterior";"Funcex/Séries antigas";"FUNCEX_MDVOPM";"Importações - setor: outros produtos metalúrgicos - (FOB)";2;1014
"2907";"Anual";"Macroeconômico";"Comércio exterior";"Funcex/Séries antigas";"FUNCEX_XVIDIV";"Exportações - setor: indústrias diversas - (FOB)";2;1014
"2908";"Anual";"Macroeconômico";"Comércio exterior";"Funcex/Séries antigas";"FUNCEX_XVPET";"Exportações - setor: refino de petróleo - (FOB)";2;1014
"2909";"Anual";"Macroeconômico";"Comércio exterior";"Funcex/Séries antigas";"FUNCEX_XPBOR";"Exportações - setor: borracha - preços - índice (média 2006 = 100)";2;1014
"2910";"Anual";"Macroeconômico";"Projeções";"ONU/LINK";"LINKBR_XBSZN";"Exportações - bens e serviços - projeção";2;1014
"2911";"Anual";"Macroeconômico";"Projeções";"ONU/LINK";"LINK_CAFEG";"Commodities - café - cotação internacional em US$ - projeção - var. anual";2;1014
"2912";"Anual";"Macroeconômico";"Projeções";"ONU/LINK";"LINK_ARROZG";"Commodities - arroz - cotação internacional em US$ - projeção - var. anual";2;1014
"2913";"Anual";"Macroeconômico";"Projeções";"ONU/LINK";"LINK_UEBCV";"balança comercial - projeção";2;1014
"2914";"Anual";"Macroeconômico";"Projeções";"ONU/LINK";"LINK_LATBCV";"balança comercial - projeção";2;1014
"2915";"Anual";"Macroeconômico";"Projeções";"ONU/LINK";"LINK_CACAUG";"Commodities - cacau - cotação internacional em US$ - projeção - var. anual";2;1014
"2916";"Anual";"Macroeconômico";"Projeções";"ONU/LINK";"LINKBR_X24V";"Exportações - SITC 24 - projeção";2;1014
"2917";"Anual";"Macroeconômico";"Projeções";"ONU/LINK";"LINK_OCDXV";"exportações - projeção - var. real anual";2;1014
"2918";"Anual";"Macroeconômico";"Projeções";"ONU/LINK";"LINK_ALECAMB";"taxa de câmbio - nominal - marco alemão / US$ - projeção";2;1014
"2919";"Anual";"Macroeconômico";"Projeções";"ONU/LINK";"LINK_WLDXV";"exportações - projeção - var. real anual";2;1014
"2920";"Anual";"Macroeconômico";"Projeções";"ONU/LINK";"LINK_OCDPIBG";"PIB - projeção - var. real anual";2;1014
"2921";"Anual";"Macroeconômico";"Projeções";"ONU/LINK";"LINK_USJC";"taxa de juros - curto prazo - projeção";2;1014
"2922";"Anual";"Macroeconômico";"Balanço de pagamentos";"Bacen/BP (BPM5)";"BPN_SERRID";"Serviços e rendas - rendas - renda de investimentos diretos - saldo (Antiga metod. - BPM5)";2;1014
"2923";"Anual";"Macroeconômico";"Balanço de pagamentos";"Bacen/BP (BPM5)";"BPN_SERSOUT";"Serviços e rendas - serviços - outros serviços - saldo (Antiga metod. - BPM5)";2;1014
"2924";"Anual";"Macroeconômico";"Balanço de pagamentos";"Bacen/BP (BPM5)";"BPN_LUDREC";"Serviços e rendas - rendas - lucros e dividendos - receitas (Antiga metod. - BPM5)";2;1014
"2925";"Anual";"Macroeconômico";"Balanço de pagamentos";"Bacen/BP (BPM5)";"BPN_FONDLP";"Usos e fontes - fontes - desembolsos - médio / longo prazos (Antiga metod. - BPM5)";2;1014
"2926";"Anual";"Macroeconômico";"Balanço de pagamentos";"Bacen/BP (BPM5)";"BPN_FONOUT";"Usos e fontes - fontes - curto prazo e demais (Antiga metod. - BPM5)";2;1014
"2927";"Anual";"Macroeconômico";"Balanço de pagamentos";"Bacen/BP (BPM5)";"BPN_SERSRREC";"Serviços e rendas - serviços - royalties e licenças - receitas (Antiga metod. - BPM5)";2;1014
"2928";"Anual";"Macroeconômico";"Balanço de pagamentos";"Bacen/BP (BPM5)";"BPN_FINIDBEDES";"Conta financeira - invest. diretos - brasil. no ext. - emprést. intercom. - desemb. (Antiga metod. -";2;1014
"2929";"Anual";"Macroeconômico";"Balanço de pagamentos";"Bacen/BP (BPM5)";"BPN_SERSALU";"Serviços e rendas - serviços - aluguel de equipamentos - saldo (Antiga metod. - BPM5)";2;1014
"2930";"Anual";"Macroeconômico";"Balanço de pagamentos";"Bacen/BP (BPM5)";"BPN_FINIDEEDES";"Conta financeira - invest. diretos - estrang. no país - emprést. intercom. - amort. (Antiga metod. -";2;1014
"2931";"Anual";"Macroeconômico";"Balanço de pagamentos";"Bacen/BP (BPM5)";"BPN_TURDES";"Serviços e rendas - serviços - viagens internacionais - despesas (Antiga metod. - BPM5)";2;1014
"2932";"Anual";"Macroeconômico";"Balanço de pagamentos";"Bacen/BP (BPM5)";"BPN_TRPDES";"Serviços e rendas - serviços - transportes - despesas (Antiga metod. - BPM5)";2;1014
"2933";"Anual";"Macroeconômico";"Balanço de pagamentos";"Bacen/BP (BPM5)";"BPN_FINIDBREC";"Conta financeira - invest. diretos - brasil. no ext. - retornos (Antiga metod. - BPM5)";2;1014
"2934";"Anual";"Macroeconômico";"Moeda e crédito";"Bacen/Not. Imp./Moeda";"BM_HNM";"Haveres - não monetários - exceto títulos em poder do BC - fim período";2;1014
"2935";"Anual";"Macroeconômico";"Moeda e crédito";"Bacen/Not. Imp./Moeda";"BM_HM";"Haveres - monetários - fim período";2;1014
"2936";"Anual";"Macroeconômico";"Produção";"Outras fontes";"HIST_CARVAOV";"Produção - carvão";2;1014
"2937";"Anual";"Macroeconômico";"Contas nacionais";"Outras fontes";"HIST_VAMOBIL";"Valor adicionado - mobiliário";2;1014
"2938";"Anual";"Macroeconômico";"Contas nacionais";"Outras fontes";"HIST_VAINDL";"PIB - indústria - valor adicionado líquido";2;1014
"2939";"Anual";"Macroeconômico";"Produção";"Outras fontes";"HIST_FUMOPACQ";"Produção - cigarros - qde.";2;1014
"2940";"Anual";"Macroeconômico";"Contas nacionais";"Outras fontes";"HIST_VAFERR";"Valor adicionado - transportes e comunicações - transporte ferroviário";2;1014
"2941";"Anual";"Macroeconômico";"Contas nacionais";"Outras fontes";"HIST_VATRANSCOL";"PIB - transportes e comunicações - valor adicionado líquido";2;1014
"2942";"Anual";"Macroeconômico";"Produção";"Outras fontes";"HIST_TECLAQ";"Produção - tecidos de lã - qde.";2;1014
"2943";"Anual";"Macroeconômico";"Produção";"Outras fontes";"HIST_SUIQ";"Abate - suínos - qde.";2;1014
"2944";"Anual";"Macroeconômico";"Produção";"Outras fontes";"HIST_TECSEDAQ";"Produção - tecidos de seda - qde.";2;1014
"2945";"Anual";"Macroeconômico";"Produção";"Outras fontes";"HIST_CBOVQ";"Produção - carne bovina - qde.";2;1014
"2946";"Anual";"Macroeconômico";"Preços";"Outras fontes";"HIST_ICVCRIRJ";"Inflação - Custo de vida - criados - RJ - índice (média 1912 = 100)";2;1014
"2947";"Anual";"Macroeconômico";"Produção";"Outras fontes";"HIST_GUSAV";"Produção - ferro gusa";2;1014
"2948";"Anual";"Macroeconômico";"Produção";"Outras fontes";"HIST_SALV";"Produção - sal";2;1014
"2949";"Anual";"Macroeconômico";"Produção";"Outras fontes";"HIST_CALCADQ";"Produção - calçados - qde.";2;1014
"2950";"Anual";"Macroeconômico";"Produção";"Outras fontes";"HIST_FERROQ";"Produção - ferro - qde.";2;1014
"2951";"Anual";"Macroeconômico";"Contas nacionais";"Outras fontes";"HIST_VASIUPIND";"Valor adicionado na indústria - serviços utilid. púb. (SIUP)";2;1014
"2952";"Anual";"Macroeconômico";"Produção";"Outras fontes";"HIST_TECALGQ";"Produção - tecidos de algodão - qde.";2;1014
"2953";"Anual";"Macroeconômico";"Contas nacionais";"Outras fontes";"HIST_VAANIM";"Valor adicionado na agricultura - produção animal";2;1014
"2954";"Anual";"Macroeconômico";"Produção";"Outras fontes";"HIST_CALCADV";"Produção - calçados";2;1014
"2955";"Anual";"Macroeconômico";"Contas nacionais";"Outras fontes";"HIST_VATOTL";"PIB - valor adicionado líquido";2;1014
"2956";"Anual";"Macroeconômico";"Produção";"Outras fontes";"HIST_CASTQ";"Produção - castanhas - qde.";2;1014
"2957";"Anual";"Macroeconômico";"Produção";"Outras fontes";"HIST_ERVAQ";"Produção - erva-mate - qde.";2;1014
"2958";"Anual";"Macroeconômico";"Contas nacionais";"Outras fontes";"HIST_VATEXT";"Valor adicionado - indústria têxtil";2;1014
"2959";"Anual";"Macroeconômico";"Produção";"Outras fontes";"HIST_BANHAQ";"Produção - banha - qde.";2;1014
"2960";"Anual";"Macroeconômico";"Produção";"Outras fontes";"HIST_CAFETORRQ";"Produção - café (torrefação) - qde.";2;1014
"2961";"Anual";"Macroeconômico";"Produção";"Outras fontes";"HIST_OVOSQ";"Produção - ovos - qde.";2;1014
"2962";"Anual";"Macroeconômico";"Produção";"Outras fontes";"HIST_TECLAV";"Produção - tecidos de lã";2;1014
"2963";"Anual";"Macroeconômico";"Contas nacionais";"Outras fontes";"HIST_VACULT";"Valor adicionado na agricultura - produção de culturas";2;1014
"2964";"Anual";"Macroeconômico";"Produção";"Outras fontes";"HIST_TECSEDAV";"Produção - tecidos de seda";2;1014
"2965";"Anual";"Macroeconômico";"Produção";"Outras fontes";"HIST_MANDFAV";"Produção - farinha de mandioca";2;1014
"2966";"Anual";"Macroeconômico";"Contas nacionais";"IPEA";"HIST_INDMASID";"Indústria - manufaturas - siderurgia - índice (média 1939 = 100)";2;1014
"2967";"Anual";"Regional";"Estoque de capital";"IPEA";"CRBRURB";"Capital Residencial - Urbano";2;1014
"2968";"Anual";"Macroeconômico";"Projeções";"IPEA";"GEPS_CONTPREVP";"Contribuintes - previdência social - projeção";2;1014
"2969";"Anual";"Macroeconômico";"Contas nacionais";"IPEA";"HIST_AGRCULOUT";"Produção - agricultura - culturas - outras - índice (média 1939 = 100)";2;1014
"2970";"Anual";"Macroeconômico";"Contas nacionais";"IPEA";"HIST_INDMAFUM";"Indústria - manufaturas - artefatos de fumo - índice (média 1939 = 100)";2;1014
"2971";"Anual";"Macroeconômico";"Contas nacionais";"IPEA";"HIST_INDMACOU";"Indústria - manufaturas - couros e peles - índice (média 1939 = 100)";2;1014
"2972";"Anual";"Macroeconômico";"Contas nacionais";"IPEA";"HIST_AGRCULMP";"Produção - agricultura - culturas - matérias-primas - índice (média 1939 = 100)";2;1014
"2973";"Anual";"Social";"Educação";"IPEA";"FES1517W";"Freqüencia escolar - pessoas 15 a 17 anos - mulheres";2;1014
"2974";"Anual";"Macroeconômico";"Contas nacionais";"IPEA";"HIST_TRANSCO";"Transportes e comunicações - transporte - índice (média 1939 = 100)";2;1014
"2975";"Anual";"Macroeconômico";"Contas nacionais";"IPEA";"HIST_INDMAQUI";"Indústria - manufaturas - produtos químicos - índice (média 1939 = 100)";2;1014
"2976";"Anual";"Macroeconômico";"Contas nacionais";"IPEA";"HIST_AGRANIMAB";"Produção - agricultura - animal - abate - índice (média 1939 = 100)";2;1014
"2977";"Anual";"Macroeconômico";"Contas nacionais";"IPEA";"HIST_INDMAGRAF";"Indústria - manufaturas - gráfica - índice (média 1939 = 100)";2;1014
"2978";"Anual";"Social";"Educação";"IPEA";"DE1014HP";"Defasagem escolar - média - pessoas 10 a 14 anos - homens";2;1014
"2979";"Anual";"Social";"Educação";"IPEA";"TXA1014W";"Analfabetos - pessoas 10 a 14 anos - mulheres";2;1014
"2980";"Anual";"Social";"Educação";"IPEA";"SGR1517H";"Freqüencia escolar - pessoas 15 a 17 anos - frequentando 2º grau ou com mais de 8 anos de estudo - h";2;1014
"2981";"Anual";"Macroeconômico";"Finanças públicas";"IPEA";"GAMMA_IMPINCN";"Imposto inflacionário - método 2A";2;1014
"2982";"Anual";"Macroeconômico";"Contas nacionais";"IBGE/SCN 2000 Anual";"SCN_BSSN";"Bens e serviços - saldo externo - ref. 2000";2;1014
"2983";"Anual";"Macroeconômico";"Contas nacionais";"IBGE/SCN 2000 Anual";"SCN_CARGMUL";"Carga tributária - municipal - líquida - ref. 2000";2;1014
"2984";"Anual";"Macroeconômico";"Contas nacionais";"IBGE/SCN 2000 Anual";"SCN_RLEX1N";"Remuneração empregados - não residentes - ref. 2000";2;1014
"2985";"Anual";"Macroeconômico";"Contas nacionais";"IBGE/SCN 2000 Anual";"SCN_AUTOFING";"Taxa de autofinanciamento - ref. 2000";2;1014
"2986";"Anual";"Macroeconômico";"Contas nacionais";"IBGE/SCN 2000 Anual";"SCN_VAEMN";"PIB - indústria - extrativa mineral - ref. 2000";2;1014
"2987";"Anual";"Macroeconômico";"Preços";"FGV/Conj. Econ. - IGP antigo";"IGP_IPABPO";"IPA-DI - bens de produção - outros - índice (ago. 1994 = 100)";2;1014
"2988";"Anual";"Macroeconômico";"Preços";"FGV/Conj. Econ. - IGP antigo";"IGP_ICVHAB";"IPC - habitação - índice (ago. 1994 = 100) - RJ";2;1014
"2989";"Anual";"Macroeconômico";"Produção";"Anfavea";"ANFAVE_QCAMIN";"Produção - caminhões - montados - qde.";2;1014
"2990";"Anual";"Macroeconômico";"Produção";"Anfavea";"ANFAVE_QVEICL2";"Produção - veículos comerciais leves - montados - qde.";2;1014
"2991";"Anual";"Macroeconômico";"Contas nacionais";"IBGE/SCN 1985 Anual";"SCN85R_TUKAGGN";"Transferências capital - entre adm. públicas - total (usos)";2;1014
"2992";"Anual";"Macroeconômico";"Contas nacionais";"IBGE/SCN 1985 Anual";"SCN85R_POCSER";"Pessoal ocupado - serviços";2;1014
"2993";"Anual";"Macroeconômico";"Contas nacionais";"IBGE/SCN 1985 Anual";"SCN85R_TRKAGGN";"Transferências capital - entre adm. públicas - total (recursos)";2;1014
"2994";"Anual";"Macroeconômico";"Contas nacionais";"IBGE/SCN 1985 Anual";"SCN85R_TUCAPGGN";"Transferências correntes - p/ instit. privadas s/ fins lucr. - adm. pública - total (usos)";2;1014
"2995";"Anual";"Macroeconômico";"Contas nacionais";"IBGE/SCN 1985 Anual";"SCN85R_SOBGFN";"Remuneração empregados - salários e ordenados brutos - adm. pública - federal";2;1014
"2996";"Anual";"Macroeconômico";"Contas nacionais";"IBGE/SCN 1985 Anual";"SCN85R_VAGGN";"Valor adicionado bruto - adm. pública - total";2;1014
"2997";"Anual";"Macroeconômico";"Contas nacionais";"IBGE/SCN 1985 Anual";"SCN85R_POCNR";"Pessoal ocupado - trabalho não remunerado";2;1014
"2998";"Anual";"Macroeconômico";"Contas nacionais";"IBGE/SCN 1985 Anual";"SCN85R_SOBGGN";"Remuneração empregados - salários e ordenados brutos - adm. pública - total";2;1014
"2999";"Anual";"Macroeconômico";"Comércio exterior";"Funcex";"FUNCEX_XPBCND";"Exportações - bens de consumo não duráveis - preços - índice (média 2006 = 100)";2;1014
"3000";"Anual";"Macroeconômico";"Comércio exterior";"Funcex";"FUNCEX_MDPBCD";"Importações - bens de consumo duráveis - preços - índice (média 2006 = 100)";2;1014
"3001";"Anual";"Macroeconômico";"Comércio exterior";"Funcex";"FUNCEX_XVBCND";"Exportações - bens de consumo não duráveis - (FOB)";2;1014
"3002";"Anual";"Macroeconômico";"Comércio exterior";"Funcex";"FUNCEX_XPS";"Exportações - produtos semi-manufaturados - preços - índice (média 2006 = 100)";2;1014
"3003";"Anual";"Macroeconômico";"Comércio exterior";"Funcex";"FUNCEX_XQBCND";"Exportações - bens de consumo não duráveis - quantum - índice (média 2006 = 100)";2;1014
"3004";"Anual";"Macroeconômico";"Comércio exterior";"Funcex";"FUNCEX_MDQBI";"Importações - bens intermediários - quantum - índice (média 2006 = 100)";2;1014
"3005";"Anual";"Macroeconômico";"Comércio exterior";"Funcex";"FUNCEX_XPCOMB";"Exportações - combustíveis - preços - índice (média 2006 = 100)";1;1166
"3006";"Anual";"Macroeconômico";"Contas nacionais";"IBGE/SCN 1985 Anual";"SCN85R_TRCGEN";"Transferências correntes - adm. pública - estadual (recursos)";1;1166
"3007";"Anual";"Macroeconômico";"Contas nacionais";"IBGE/SCN 1985 Anual";"SCN85R_IODN";"Impostos sobre produtos - demais impostos sobre produtos";1;1166
"3008";"Anual";"Macroeconômico";"Contas nacionais";"IBGE/SCN 1985 Anual";"SCN85R_TUKGFN";"Transferências capital - adm. pública - federal (usos)";1;1166
"3009";"Anual";"Macroeconômico";"Contas nacionais";"IBGE/SCN 1985 Anual";"SCN85R_TRKGEN";"Transferências capital - adm. pública - estadual (recursos)";1;1166
"3010";"Anual";"Macroeconômico";"Contas nacionais";"IBGE/SCN 1985 Anual";"SCN85R_RLOPSN";"Excedente operacional bruto - exceto autônomos - adm. pública - previdência";1;1166
"3011";"Anual";"Macroeconômico";"Contas nacionais";"IBGE/SCN 1985 Anual";"SCN85R_CIGFN";"Consumo intermediário - adm. pública - federal";1;1166
"3012";"Anual";"Macroeconômico";"Contas nacionais";"IBGE/SCN 1985 Anual";"SCN85R_POCIND";"Pessoal ocupado - indústria";1;1166
"3013";"Anual";"Macroeconômico";"Contas nacionais";"IBGE/SCN 1985 Anual";"SCN85R_TUCPLN";"Transferências correntes - enviadas e receb. resto do mundo - prêmios líq. seg. não-vida (usos)";1;1166
"3014";"Anual";"Macroeconômico";"Contas nacionais";"IBGE/SCN 1985 Anual";"SCN85R_POCEMPR";"Pessoal ocupado - empregado";1;1166
"3015";"Anual";"Macroeconômico";"Contas nacionais";"IBGE/SCN 1985 Anual";"SCN85R_YSGGN";"Produção - adm. pública - total";1;1166
"3016";"Anual";"Macroeconômico";"Contas nacionais";"IBGE/SCN 1985 Anual";"SCN85R_OTPGGN";"Outros impostos sobre a produção - adm. pública - total";1;1166
"3017";"Anual";"Macroeconômico";"Contas nacionais";"IBGE/SCN 1985 Anual";"SCN85R_CSEGMN";"Remuneração empregados - contr. sociais efetivas - adm. pública - municipal";1;1166
"3018";"Anual";"Macroeconômico";"Contas nacionais";"IBGE/SCN 1985 Anual";"SCN85R_YSGMN";"Produção - adm. pública - municipal";1;1166
"3019";"Anual";"Macroeconômico";"Contas nacionais";"IBGE/SCN 2000 Anual";"SCN_TUKN";"Transferências capital - enviadas e recebidas do resto do mundo (usos) - ref. 2000";1;1166
"3020";"Anual";"Macroeconômico";"Contas nacionais";"IBGE/SCN 2000 Anual";"SCN_CIN";"Consumo intermediário - ref. 2000";1;1166
"3021";"Anual";"Macroeconômico";"Contas nacionais";"IBGE/SCN 2000 Anual";"SCN_RLEX1DN";"Remuneração empregados - não residentes (paga ao resto do mundo) - ref. 2000";1;1166
"3022";"Anual";"Macroeconômico";"Contas nacionais";"IBGE/SCN 2000 Anual";"SCN_VASERVY";"PIB - serviços - ref. 2000";1;1166
"3023";"Anual";"Macroeconômico";"Contas nacionais";"IBGE/SCN 2000 Anual";"SCN_DIVRN";"Rendas de propriedades - dividendos (recursos) - ref. 2000";1;1166
"3024";"Anual";"Macroeconômico";"Contas nacionais";"IBGE/SCN 2000 Anual";"SCN_RPRN";"Rendas de propriedade - recursos - ref. 2000";1;1166
"3025";"Anual";"Macroeconômico";"Contas nacionais";"IBGE/SCN 2000 Anual";"SCN_TRKN";"Transferências capital - enviadas e recebidas do resto do mundo (recursos) - ref. 2000";1;1166
"3026";"Anual";"Macroeconômico";"Contas nacionais";"IBGE/SCN 2000 Anual";"SCN_RWRDN";"Remuneração empregados - residentes - ref. 2000";1;1166
"3027";"Anual";"Macroeconômico";"Contas nacionais";"IBGE/SCN 2000 Anual";"SCN_RTRGFY";"Receita disponível após transferências correntes - adm. pública - federal - ref. 2000";1;1166
"3028";"Anual";"Macroeconômico";"Contas nacionais";"IPEA";"HIST_AGRCUL";"Produção - agricultura - culturas - índice (média 1939 = 100)";1;1166
"3029";"Anual";"Social";"Educação";"IPEA";"FES0714W";"Freqüencia escolar - pessoas 7 a 14 anos - mulheres";1;1166
"3030";"Anual";"Macroeconômico";"Contas nacionais";"IPEA";"HIST_AGRCULDOM";"Produção - agricultura - culturas - domésticas - índice (média 1939 = 100)";1;1166
"3031";"Anual";"Social";"Educação";"IPEA";"FES0506H";"Freqüencia escolar - pessoas 5 a 6 anos - homens";1;1166
"3032";"Anual";"Social";"Educação";"IPEA";"FES0506W";"Freqüencia escolar - pessoas 5 a 6 anos - mulheres";1;1166
"3033";"Anual";"Macroeconômico";"Contas nacionais";"IPEA";"HIST_INDMACH";"Indústria - manufaturas - chapéus e calçados - índice (média 1939 = 100)";1;1166
"3034";"Anual";"Regional";"Estoque de capital";"IPEA";"CRBRRUR";"Capital Residencial - Rural";1;1166
"3035";"Anual";"Social";"Educação";"IPEA";"TXA1524H";"Analfabetos - pessoas 15 a 24 anos - homens";1;1166
"3036";"Anual";"Macroeconômico";"Contas nacionais";"IPEA";"HIST_AGRANIM";"Produção - agricultura - animal - índice (média 1939 = 100)";1;1166
"3037";"Anual";"Social";"Educação";"IPEA";"TXA1517H";"Analfabetos - pessoas 15 a 17 anos - homens";1;1166
"3038";"Anual";"Social";"Educação";"IPEA";"TXA1517W";"Analfabetos - pessoas 15 a 17 anos - mulheres";1;1166
"3039";"Anual";"Macroeconômico";"Contas nacionais";"IPEA";"HIST_AGREXT";"Produção - agricultura - extrativa - índice (média 1939 = 100)";1;1166
"3040";"Anual";"Macroeconômico";"Contas nacionais";"IPEA";"HIST_AGRANIMDER";"Produção - agricultura - animal - derivados - índice (média 1939 = 100)";1;1166
"3041";"Anual";"Macroeconômico";"Produção";"Outras fontes";"HIST_LAMINAV";"Produção - laminados";1;1166
"3042";"Anual";"Macroeconômico";"Produção";"Outras fontes";"HIST_BABQ";"Produção - babaçu - qde.";1;1166
"3043";"Anual";"Macroeconômico";"Produção";"Outras fontes";"HIST_CAPV";"Abate - caprinos";1;1166
"3044";"Anual";"Macroeconômico";"Produção";"Outras fontes";"HIST_SUIV";"Abate - suínos";1;1166
"3045";"Anual";"Macroeconômico";"Produção";"Outras fontes";"HIST_CSUIV";"Produção - carne suína";1;1166
"3046";"Anual";"Macroeconômico";"Consumo e vendas";"Outras fontes";"HIST_FERRV";"Receita - transportes e comunicações - transporte ferroviário";1;1166
"3047";"Anual";"Macroeconômico";"Produção";"Outras fontes";"HIST_FUMOPACV";"Produção - cigarros";1;1166
"3048";"Anual";"Macroeconômico";"Produção";"Outras fontes";"HIST_CARNEV";"Produção - carne";1;1166
"3049";"Anual";"Macroeconômico";"Contas nacionais";"Outras fontes";"HIST_INDSIUP";"Indústria - serviços de utilidade pública - índice (média 1939 = 100)";1;1166
"3050";"Anual";"Macroeconômico";"Produção";"Outras fontes";"HIST_BABV";"Produção - babaçu";1;1166
"3051";"Anual";"Macroeconômico";"Finanças públicas";"Outras fontes";"HIST_GOVMSALV";"Salários pagos - governo municipal";1;1166
"3052";"Anual";"Macroeconômico";"Contas nacionais";"Outras fontes";"HIST_VAGOVL";"PIB - governo - valor adicionado líquido";1;1166
"3053";"Anual";"Macroeconômico";"Produção";"Outras fontes";"HIST_BOVV";"Abate - bovinos";1;1166
"3054";"Anual";"Macroeconômico";"Produção";"Outras fontes";"HIST_CAFETORRV";"Produção - café (torrefação)";1;1166
"3055";"Anual";"Macroeconômico";"Produção";"Outras fontes";"HIST_CASTV";"Produção - castanhas";1;1166
"3056";"Anual";"Macroeconômico";"Produção";"Outras fontes";"HIST_LEITEPV";"Produção - leite pasteurizado";1;1166
"3057";"Anual";"Macroeconômico";"Produção";"Outras fontes";"HIST_TOUCV";"Produção - toucinho";1;1166
"3058";"Anual";"Macroeconômico";"Produção";"Outras fontes";"HIST_CHAPQ";"Produção - chapéus - qde.";1;1166
"3059";"Anual";"Macroeconômico";"Produção";"Outras fontes";"HIST_FUMOPRQ";"Produção - charutos - qde.";1;1166
"3060";"Anual";"Macroeconômico";"Produção";"Outras fontes";"HIST_TOUCQ";"Produção - toucinho - qde.";1;1166
"3061";"Anual";"Macroeconômico";"Produção";"Outras fontes";"HIST_FARMACV";"Produção - produtos farmacêuticos";1;1166
"3062";"Anual";"Macroeconômico";"Produção";"Outras fontes";"HIST_FERROV";"Produção - ferro";1;1166
"3063";"Anual";"Macroeconômico";"Contas nacionais";"Outras fontes";"HIST_VACIMENT";"Valor adicionado - cimento";1;1166
"3064";"Anual";"Macroeconômico";"Contas nacionais";"Outras fontes";"HIST_VASIDER";"Valor adicionado - siderurgia";1;1166
"3065";"Anual";"Macroeconômico";"Produção";"Outras fontes";"HIST_LAQ";"Produção - lã - qde.";1;1166
"3066";"Anual";"Macroeconômico";"Produção";"Outras fontes";"HIST_MOBILQ";"Produção - mobiliário - qde.";1;1166
"3067";"Anual";"Macroeconômico";"Contas nacionais";"Outras fontes";"HIST_VACOUROP";"Valor adicionado - couros e peles";1;1166
"3068";"Anual";"Macroeconômico";"Produção";"Outras fontes";"HIST_FOSFQ";"Produção - fósforos - qde.";1;1166
"3069";"Anual";"Macroeconômico";"Contas nacionais";"Outras fontes";"HIST_VABEB";"Valor adicionado - bebidas";1;1166
"3070";"Anual";"Macroeconômico";"Consumo e vendas";"Outras fontes";"HIST_PASSMARQ";"Receita - transportes e comunicações - transporte marítimo - passageiros";1;1166
"3071";"Anual";"Macroeconômico";"Produção";"Outras fontes";"HIST_LEITEV";"Produção - leite";1;1166
"3072";"Anual";"Macroeconômico";"Produção";"Outras fontes";"HIST_MANTV";"Produção - manteiga";1;1166
"3073";"Anual";"Macroeconômico";"Contas nacionais";"Outras fontes";"HIST_TRANSCOCOM";"Transportes e comunicações - comunicações - correios - salários pagos - índice (média 1939 = 100)";1;1166
"3074";"Anual";"Macroeconômico";"Consumo e vendas";"Outras fontes";"HIST_GADOFERRV";"Receita - transportes e comunicações - transporte ferroviário - gado";1;1166
"3075";"Anual";"Macroeconômico";"Consumo e vendas";"Outras fontes";"HIST_MERFERRV";"Receita - transportes e comunicações - transporte ferroviário - mercadorias";1;1166
"3076";"Anual";"Macroeconômico";"Contas nacionais";"Outras fontes";"HIST_TRANSCOFERR";"Transportes e comunicações - transporte ferroviário - índice (média 1939 = 100)";1;1166
"3077";"Anual";"Macroeconômico";"Contas nacionais";"Outras fontes";"HIST_TRANSCOMAR";"Transportes e comunicações - transporte marítimo - índice (média 1939 = 100)";1;1166
"3078";"Anual";"Macroeconômico";"Contas nacionais";"Outras fontes";"HIST_VAAUTO";"Valor adicionado - automóveis";1;1166
"3079";"Anual";"Macroeconômico";"Consumo e vendas";"Outras fontes";"HIST_MERMARQ";"Receita - transportes e comunicações - transporte marítimo - mercadorias";1;1166
"3080";"Anual";"Macroeconômico";"Produção";"Outras fontes";"HIST_LAV";"Produção - lã";1;1166
"3081";"Anual";"Macroeconômico";"Produção";"Outras fontes";"HIST_FUMOPRV";"Produção - charutos";1;1166
"3082";"Anual";"Macroeconômico";"Produção";"Outras fontes";"HIST_BANHAV";"Produção - banha";1;1166
"3083";"Anual";"Macroeconômico";"Produção";"Outras fontes";"HIST_CAPQ";"Abate - caprinos - qde.";1;1166
"3084";"Anual";"Macroeconômico";"Produção";"Outras fontes";"HIST_TECJUTAQ";"Produção - tecidos de juta - qde.";1;1166
"3085";"Anual";"Macroeconômico";"Contas nacionais";"Outras fontes";"HIST_VAMINERIND";"Valor adicionado na indústria - mineração";1;1166
"3086";"Anual";"Macroeconômico";"Produção";"Outras fontes";"HIST_LEITEPQ";"Produção - leite pasteurizado - qde.";1;1166
"3087";"Anual";"Macroeconômico";"Produção";"Outras fontes";"HIST_ERVAV";"Produção - erva-mate";1;1166
"3088";"Anual";"Macroeconômico";"Produção";"Outras fontes";"HIST_CERAV";"Produção - cera de carnaúba";1;1166
"3089";"Anual";"Macroeconômico";"Produção";"Outras fontes";"HIST_MOBILV";"Produção - mobiliário";1;1166
"3090";"Anual";"Macroeconômico";"Consumo e vendas";"Outras fontes";"HIST_MARV";"Receita - transportes e comunicações - transporte marítimo";1;1166
"3091";"Anual";"Macroeconômico";"Produção";"Outras fontes";"HIST_MANGANESQ";"Produção - manganês - qde.";1;1166
"3092";"Anual";"Macroeconômico";"Consumo e vendas";"Outras fontes";"HIST_PASSFERRV";"Receita - transportes e comunicações - transporte ferroviário - passageiros";1;1166
"3093";"Anual";"Macroeconômico";"Contas nacionais";"Outras fontes";"HIST_VACALC";"Valor adicionado - calçados";1;1166
"3094";"Anual";"Macroeconômico";"Contas nacionais";"Outras fontes";"HIST_VAEXTR";"Valor adicionado na agricultura - produção extrativa";1;1166
"3095";"Anual";"Macroeconômico";"Produção";"Outras fontes";"HIST_OUROV";"Produção - ouro";1;1166
"3096";"Anual";"Macroeconômico";"Consumo e vendas";"Outras fontes";"HIST_MERMARV";"Receita - transportes e comunicações - transporte marítimo - mercadorias";1;1166
"3097";"Anual";"Macroeconômico";"Contas nacionais";"Outras fontes";"HIST_VAPAPEL";"Valor adicionado - papel";1;1166
"3098";"Anual";"Macroeconômico";"Produção";"Outras fontes";"HIST_FOSFV";"Produção - fósforos";1;1166
"3099";"Anual";"Macroeconômico";"Produção";"Outras fontes";"HIST_CHAPV";"Produção - chapéus";1;1166
"3100";"Anual";"Macroeconômico";"Produção";"Outras fontes";"HIST_CBOVV";"Produção - carne bovina";1;1166
"3101";"Anual";"Macroeconômico";"Contas nacionais";"Outras fontes";"HIST_VACHAP";"Valor adicionado - chapéus";1;1166
"3102";"Anual";"Macroeconômico";"Produção";"Outras fontes";"HIST_OVOSV";"Produção - ovos";1;1166
"3103";"Anual";"Macroeconômico";"Produção";"Outras fontes";"HIST_TECJUTAV";"Produção - tecidos de juta";1;1166
"3104";"Anual";"Macroeconômico";"Produção";"Outras fontes";"HIST_LAMINAQ";"Produção - laminados - qde.";1;1166
"3105";"Anual";"Macroeconômico";"Contas nacionais";"Outras fontes";"HIST_VAMANUF";"Valor adicionado - manufaturados";1;1166
"3106";"Anual";"Macroeconômico";"Produção";"Outras fontes";"HIST_CERAQ";"Produção - cera de carnaúba - qde.";1;1166
"3107";"Anual";"Macroeconômico";"Contas nacionais";"Outras fontes";"HIST_INDMANU";"Indústria - manufaturas - índice (média 1939 = 100)";1;1166
"3108";"Anual";"Macroeconômico";"Produção";"Outras fontes";"HIST_QUEIJOV";"Produção - queijo";1;1166
"3109";"Anual";"Macroeconômico";"Produção";"Outras fontes";"HIST_MANTQ";"Produção - manteiga - qde.";1;1166
"3110";"Anual";"Macroeconômico";"Consumo e vendas";"Outras fontes";"HIST_BAGFERRV";"Receita - transportes e comunicações - transporte ferroviário - bagagens";1;1166
"3111";"Anual";"Macroeconômico";"Contas nacionais";"Outras fontes";"HIST_VAMAR";"Valor adicionado - transportes e comunicações - transporte marítimo";1;1166
"3112";"Anual";"Macroeconômico";"Produção";"Outras fontes";"HIST_REFRIGV";"Produção - refrigerantes";1;1166
"3113";"Anual";"Macroeconômico";"Produção";"Outras fontes";"HIST_MANGANESV";"Produção - manganês";1;1166
"3114";"Anual";"Macroeconômico";"Produção";"Outras fontes";"HIST_OVIQ";"Abate - ovinos - qde.";1;1166
"3115";"Anual";"Macroeconômico";"Consumo e vendas";"Outras fontes";"HIST_PASSMARV";"Receita - transportes e comunicações - transporte marítimo - passageiros";1;1166
"3116";"Anual";"Macroeconômico";"Consumo e vendas";"Outras fontes";"HIST_CORREISALV";"Transportes e comunicações - comunicações - correios - salários pagos";1;1166
"3117";"Anual";"Macroeconômico";"Moeda e crédito";"Bacen/Not. Imp./Moeda";"BM_HBC";"Haveres - bancos comerciais";1;1166
"3118";"Anual";"Macroeconômico";"Produção";"IBGE/PAM";"LSPA_QPIME";"Produção - pimenta do reino - qde.";1;1166
"3119";"Anual";"Macroeconômico";"Balanço de pagamentos";"Bacen/BP (BPM5)";"BPN_SERRINV";"Serviços e rendas - rendas - renda de investimentos - saldo (Antiga metod. - BPM5)";1;1166
"3120";"Anual";"Macroeconômico";"Balanço de pagamentos";"Bacen/BP (BPM5)";"BPN_TRPREC";"Serviços e rendas - serviços - transportes - receitas (Antiga metod. - BPM5)";1;1166
"3121";"Anual";"Macroeconômico";"Balanço de pagamentos";"Bacen/BP (BPM5)";"BPN_SERRINVDES";"Serviços e rendas - rendas - renda de investimentos - despesas (Antiga metod. - BPM5)";1;1166
"3122";"Anual";"Macroeconômico";"Balanço de pagamentos";"Bacen/BP (BPM5)";"BPN_SERRSALDES";"Serviços e rendas - rendas - salários e ordenados - despesas (Antiga metod. - BPM5)";1;1166
"3123";"Anual";"Macroeconômico";"Balanço de pagamentos";"Bacen/BP (BPM5)";"BPN_FINIDECRFE";"Conta financeira - invest. estrang. carteira - tít. renda fixa - negoc. no exterior (Antiga metod. -";1;1166
"3124";"Anual";"Macroeconômico";"Balanço de pagamentos";"Bacen/BP (BPM5)";"BPN_FINIDBE";"Conta financeira - invest. diretos - brasil. no ext. - emprést. Intercom. - saldo (Antiga metod. - B";1;1166
"3125";"Anual";"Macroeconômico";"Balanço de pagamentos";"Bacen/BP (BPM5)";"BPN_SERRIC";"Serviços e rendas - rendas - renda de investimentos em carteira - saldo (Antiga metod. - BPM5)";1;1166
"3126";"Anual";"Macroeconômico";"Balanço de pagamentos";"Bacen/BP (BPM5)";"BPN_SERRICDES";"Serviços e rendas - rendas - renda de investimentos em carteira - despesas (Antiga metod. - BPM5)";1;1166
"3127";"Anual";"Macroeconômico";"Balanço de pagamentos";"Bacen/BP (BPM5)";"BPN_FINIDEEREC";"Conta financeira - invest. diretos - estrang. no país - emprést. intercom. - desemb. (Antiga metod.";1;1166
"3128";"Anual";"Macroeconômico";"Balanço de pagamentos";"Bacen/BP (BPM5)";"BPN_FINIDECRFP";"Conta financeira - invest. estrang. carteira - tít. renda fixa - negoc. no país (Antiga metod. - BPM";1;1166
"3129";"Anual";"Macroeconômico";"Balanço de pagamentos";"Bacen/BP (BPM5)";"BPN_GOVREC";"Serviços e rendas - serviços - serviços governamentais - receitas (Antiga metod. - BPM5)";1;1166
"3130";"Anual";"Macroeconômico";"Balanço de pagamentos";"Bacen/BP (BPM5)";"BPN_HACP";"Usos e fontes - fontes - ativos de reservas (Antiga metod. - BPM5)";1;1166
"3131";"Anual";"Macroeconômico";"Balanço de pagamentos";"Bacen/BP (BPM5)";"BPN_SERRIOUT";"Serviços e rendas - rendas - renda de outros investimentos - saldo (Antiga metod. - BPM5)";1;1166
"3132";"Anual";"Macroeconômico";"Balanço de pagamentos";"Bacen/BP (BPM5)";"BPN_FINDERREC";"Conta financeira - derivativos - ativos (Antiga metod. - BPM5)";1;1166
"3133";"Anual";"Macroeconômico";"Balanço de pagamentos";"Bacen/BP (BPM5)";"BPN_FINIEOUT";"Conta financeira - invest. estrang. - outros (Antiga metod. - BPM5)";1;1166
"3134";"Anual";"Macroeconômico";"Projeções";"ONU/LINK";"LINK_CHIBCV";"balança comercial - projeção";1;1166
"3135";"Anual";"Macroeconômico";"Projeções";"ONU/LINK";"LINKBR_IFG";"Investimentos - projeção - var. real anual";1;1166
"3136";"Anual";"Macroeconômico";"Projeções";"ONU/LINK";"LINK_TRIGOG";"Commodities - trigo - cotação internacional em US$ - projeção - var. anual";1;1166
"3137";"Anual";"Macroeconômico";"Projeções";"ONU/LINK";"LINKBR_IFPG";"Investimentos - deflator implícito - projeção - var. anual";1;1166
"3138";"Anual";"Macroeconômico";"Projeções";"ONU/LINK";"LINK_UKJC";"taxa de juros - curto prazo - projeção";1;1166
"3139";"Anual";"Macroeconômico";"Projeções";"ONU/LINK";"LINKBR_MPG";"Importações - deflator implícito - projeção - var. anual";1;1166
"3140";"Anual";"Macroeconômico";"Projeções";"ONU/LINK";"LINK_OCDCPDG";"consumo privado - deflator - projeção - var. anual";1;1166
"3141";"Anual";"Macroeconômico";"Projeções";"ONU/LINK";"LINK_PEDXV";"exportações - projeção - var. real anual";1;1166
"3142";"Anual";"Macroeconômico";"Projeções";"ONU/LINK";"LINK_CARNEG";"Commodities - carne - cotação internacional em US$ - projeção - var. anual";1;1166
"3143";"Anual";"Macroeconômico";"Comércio exterior";"Funcex/Séries antigas";"FUNCEX_XQBVEG";"Exportações - setor: beneficiamento de produtos vegetais - quantum - índice (média 2006 = 100)";1;1166
"3144";"Anual";"Macroeconômico";"Comércio exterior";"Funcex/Séries antigas";"FUNCEX_MDQBOR";"Importações - setor: borracha - quantum - índice (média 2006 = 100)";1;1166
"3145";"Anual";"Macroeconômico";"Comércio exterior";"Funcex/Séries antigas";"FUNCEX_XVQDIV";"Exportações - setor: químicos diversos - (FOB)";1;1166
"3146";"Anual";"Macroeconômico";"Comércio exterior";"Funcex/Séries antigas";"FUNCEX_XVBVEG";"Exportações - setor: beneficiamento de produtos vegetais - (FOB)";1;1166
"3147";"Anual";"Macroeconômico";"Comércio exterior";"Funcex/Séries antigas";"FUNCEX_MDVPLAS";"Importações - setor: plástica - (FOB)";1;1166
"3148";"Anual";"Macroeconômico";"Comércio exterior";"Funcex/Séries antigas";"FUNCEX_XPEQP";"Exportações - setor: equipamentos eletrônicos - preços - índice (média 2006 = 100)";1;1166
"3149";"Anual";"Macroeconômico";"Comércio exterior";"Funcex/Séries antigas";"FUNCEX_XQBOR";"Exportações - setor: borracha - quantum - índice (média 2006 = 100)";1;1166
"3150";"Anual";"Macroeconômico";"Comércio exterior";"Funcex/Séries antigas";"FUNCEX_MDVEXT";"Importações - setor: extrativa mineral - (FOB)";1;1166
"3151";"Anual";"Macroeconômico";"Comércio exterior";"Funcex/Séries antigas";"FUNCEX_MDPVEST";"Importações - setor: artigos de vestuário - preços - índice (média 2006 = 100)";1;1166
"3152";"Anual";"Macroeconômico";"Comércio exterior";"Funcex/Séries antigas";"FUNCEX_XPCAFE";"Exportações - setor: café - preços - índice (média 2006 = 100)";1;1166
"3153";"Anual";"Macroeconômico";"Comércio exterior";"Funcex/Séries antigas";"FUNCEX_MDPELET";"Importações - setor: material elétrico - preços - índice (média 2006 = 100)";1;1166
"3154";"Anual";"Macroeconômico";"Comércio exterior";"Funcex/Séries antigas";"FUNCEX_MDPPET";"Importações - setor: refino de petróleo - preços - índice (média 2006 = 100)";1;1166
"3155";"Anual";"Macroeconômico";"Comércio exterior";"Funcex/Séries antigas";"FUNCEX_XPPET";"Exportações - setor: refino de petróleo - preços - índice (média 2006 = 100)";1;1166
"3156";"Anual";"Macroeconômico";"Comércio exterior";"Funcex/Séries antigas";"FUNCEX_XVOAL";"Exportações - setor: outros produtos alimentares - (FOB)";1;1166
"3157";"Anual";"Macroeconômico";"Comércio exterior";"Funcex/Séries antigas";"FUNCEX_XVMNF";"Exportações - setor: metalurgia não ferrosos - (FOB)";1;1166
"3158";"Anual";"Macroeconômico";"Comércio exterior";"Funcex/Séries antigas";"FUNCEX_XQCAFE";"Exportações - setor: café - quantum - índice (média 2006 = 100)";1;1166
"3159";"Anual";"Macroeconômico";"Comércio exterior";"Funcex/Séries antigas";"FUNCEX_XQQUIM";"Exportações - setor: elementos químicos - quantum - índice (média 2006 = 100)";1;1166
"3160";"Anual";"Macroeconômico";"Comércio exterior";"Funcex/Séries antigas";"FUNCEX_MDVIDIV";"Importações - setor: indústrias diversas - (FOB)";1;1166
"3161";"Anual";"Macroeconômico";"Comércio exterior";"Funcex/Séries antigas";"FUNCEX_MDVMAD";"Importações - setor: madeira e mobiliário - (FOB)";1;1166
"3162";"Anual";"Macroeconômico";"Comércio exterior";"Funcex/Séries antigas";"FUNCEX_MDPIDIV";"Importações - setor: indústrias diversas - preços - índice (média 2006 = 100)";1;1166
"3163";"Anual";"Macroeconômico";"Comércio exterior";"Funcex/Séries antigas";"FUNCEX_MDQEQP";"Importações - setor: equipamentos eletrônicos - quantum - índice (média 2006 = 100)";1;1166
"3164";"Anual";"Macroeconômico";"Comércio exterior";"Funcex/Séries antigas";"FUNCEX_XVOPM";"Exportações - setor: outros produtos metalúrgicos - (FOB)";1;1166
"3165";"Anual";"Macroeconômico";"Comércio exterior";"Funcex/Séries antigas";"FUNCEX_MDQVEST";"Importações - setor: artigos de vestuário - quantum - índice (média 2006 = 100)";1;1166
"3166";"Anual";"Macroeconômico";"Comércio exterior";"Funcex/Séries antigas";"FUNCEX_XVOVEG";"Exportações - setor: óleos vegetais - (FOB)";1;1166
"3167";"Anual";"Macroeconômico";"Comércio exterior";"Funcex/Séries antigas";"FUNCEX_MDQIDIV";"Importações - setor: indústrias diversas - quantum - índice (média 2006 = 100)";1;1166
"3168";"Anual";"Macroeconômico";"Comércio exterior";"Funcex/Séries antigas";"FUNCEX_MDVQUIM";"Importações - setor: elementos químicos - (FOB)";1;1166
"3169";"Anual";"Macroeconômico";"Comércio exterior";"Funcex/Séries antigas";"FUNCEX_XPOAL";"Exportações - setor: outros produtos alimentares - preços - índice (média 2006 = 100)";1;1166
"3170";"Anual";"Macroeconômico";"Comércio exterior";"Funcex/Séries antigas";"FUNCEX_MDPEQP";"Importações - setor: equipamentos eletrônicos - preços - índice (média 2006 = 100)";1;1166
"3171";"Anual";"Macroeconômico";"Comércio exterior";"Funcex/Séries antigas";"FUNCEX_MDPLAT";"Importações - setor: laticínios - preços - índice (média 2006 = 100)";1;1166
"3172";"Anual";"Macroeconômico";"Comércio exterior";"Funcex/Séries antigas";"FUNCEX_XQIDIV";"Exportações - setor: indústrias diversas - quantum - índice (média 2006 = 100)";1;1166
"3173";"Anual";"Macroeconômico";"Comércio exterior";"Funcex/Séries antigas";"FUNCEX_XPCAL";"Exportações - setor: calçados - preços - índice (média 2006 = 100)";1;1166
"3174";"Anual";"Macroeconômico";"Comércio exterior";"Funcex/Séries antigas";"FUNCEX_MDVBOR";"Importações - setor: borracha - (FOB)";1;1166
"3175";"Anual";"Macroeconômico";"Comércio exterior";"Funcex/Séries antigas";"FUNCEX_MDQPAP";"Importações - setor: celulose, papel e gráfica - quantum - índice (média 2006 = 100)";1;1166
"3176";"Anual";"Macroeconômico";"Comércio exterior";"Funcex/Séries antigas";"FUNCEX_XPIDIV";"Exportações - setor: indústrias diversas - preços - índice (média 2006 = 100)";1;1166
"3177";"Anual";"Macroeconômico";"Comércio exterior";"Funcex/Séries antigas";"FUNCEX_MDQELET";"Importações - setor: material elétrico - quantum - índice (média 2006 = 100)";1;1166
"3178";"Anual";"Macroeconômico";"Balanço de pagamentos";"Bacen/Boletim/BP";"BM_FINIMP";"Dívida externa - registrada - financiamentos de importações";1;1166
"3179";"Anual";"Macroeconômico";"Balanço de pagamentos";"Bacen/Boletim/BP";"BM_DEXRFL";"Dívida externa - registrada - taxa flutuante";1;1166
"3180";"Anual";"Macroeconômico";"Balanço de pagamentos";"Bacen/Boletim/BP";"BM_IN289";"Dívida externa - registrada - empréstimos externos em moeda - Instrução nº 289";1;1166
"3181";"Anual";"Macroeconômico";"Balanço de pagamentos";"Bacen/Boletim/BP";"BM_L4131";"Dívida externa - registrada - empréstimos externos em moeda - Lei nº 4.131";1;1166
"3182";"Anual";"Macroeconômico";"Finanças públicas";"Bacen/Not. Imp./F. Púb.";"BM_LFTPP";"Títulos públicos federais - fora do BC - Tesouro Nacional - LFT - fim período";1;1166
"3183";"Anual";"Macroeconômico";"Finanças públicas";"Bacen/Not. Imp./F. Púb.";"BM_LFTBC";"Títulos públicos federais - carteira do Banco Central - LFT - fim período";1;1166
"3184";"Anual";"Macroeconômico";"Finanças públicas";"Bacen/Not. Imp./F. Púb.";"BM_LTNPP";"Títulos públicos federais - fora do BC - Tesouro Nacional - LTN - fim período";1;1166
"3185";"Anual";"Macroeconômico";"Projeções";"IBGE/Pop";"DEPIS_DEATHSP";"População - mortes - projeção";1;1166
"3186";"Anual";"Macroeconômico";"Economia internacional";"FMI/IFS";"IFS_IPCITA";"IPC - índice (média 2005 = 100)";1;1166
"3187";"Anual";"Macroeconômico";"Economia internacional";"FMI/IFS";"IFS_TJDEUA";"taxa de juros - taxa de desconto - fim período";1;1166
"3188";"Anual";"Macroeconômico";"Comércio exterior";"Min. Fazenda/Cotec";"COTEC_TVBINPET";"Importações - tarifa - alíquota efetiva - bens intermediários - exceto combustíveis e lubrificantes";1;1166
"3189";"Anual";"Macroeconômico";"Economia internacional";"FMI/IFS";"IFS_IPXW";"exportações - índice de preços (média 2005 = 100)";1;1166
"3190";"Anual";"Macroeconômico";"Economia internacional";"FMI/IFS";"IFS_GDPPAR";"PIB - índice (média 2005 = 100)";1;1166
"3191";"Anual";"Macroeconômico";"Economia internacional";"FMI/IFS";"IFS_IPAFRA";"IPA - industrial - índice (média 2005 = 100)";1;1166
"3192";"Anual";"Macroeconômico";"Economia internacional";"FMI/IFS";"IFS_IPCJAP";"IPC - índice (média 2005 = 100)";1;1166
"3193";"Anual";"Macroeconômico";"Economia internacional";"FMI/IFS";"IFS_GDPCHI";"PIB - índice (média 2005 = 100)";1;1166
"3194";"Anual";"Macroeconômico";"Economia internacional";"FMI/IFS";"IFS_IPCUK";"IPC - índice (média 2005 = 100)";1;1166
"3195";"Anual";"Macroeconômico";"Economia internacional";"FMI/IFS";"IFS_TJGBY3AEUA";"taxa de juros - bônus governamental - maturidade 3 anos";1;1166
"3196";"Anual";"Macroeconômico";"Economia internacional";"FMI/IFS";"IFS_IPAMEX";"IPA - índice (média 2005 = 100)";1;1166
"3197";"Anual";"Macroeconômico";"Economia internacional";"FMI/IFS";"IFS_TJMMCOR";"taxa de juros - money market";1;1166
"3198";"Anual";"Macroeconômico";"Economia internacional";"FMI/IFS";"IFS_TJMMURU";"taxa de juros - money market";1;1166
"3199";"Anual";"Macroeconômico";"Economia internacional";"FMI/IFS";"IFS_TJEDLUK";"taxa de juros - eurodólar Londres";1;1166
"3200";"Anual";"Macroeconômico";"Economia internacional";"FMI/IFS";"IFS_TJMMITA";"taxa de juros - money market";1;1166
"3201";"Anual";"Macroeconômico";"Economia internacional";"FMI/IFS";"IFS_EUROTCNE";"taxa de câmbio - efetiva - índice (média 2005 = 100)";1;1166
"3202";"Anual";"Macroeconômico";"Economia internacional";"FMI/IFS";"IFS_TJOVERUK";"taxa de juros - interbancária mínima - over";1;1166
"3203";"Anual";"Macroeconômico";"Economia internacional";"FMI/IFS";"IFS_CAMBCOL";"taxa de câmbio - peso colombiano / US$ - média";1;1166
"3204";"Anual";"Macroeconômico";"Economia internacional";"FMI/IFS";"IFS_TJMMCHI";"taxa de juros - money market";1;1166
"3205";"Anual";"Macroeconômico";"Sinopse macroeconômica";"IBGE/SCN Anual";"PAN_PIBPMV";"PIB nominal";1;1166
"3206";"Irregular";"Regional";"Transporte";"Nemesis";"DISECE";"Custos de transportes da Sede Municipal até a Capital mais próxima";50;1
"3207";"Irregular";"Regional";"Transporte";"Nemesis";"DISESP";"Custos de transportes da Sede Municipal até São Paulo";19;2
"3208";"Quadrienal";"Regional";"Eleitorado";"TSE";"ELEMUN";"Eleitorado";24;1
"3209";"Quadrienal";"Regional";"Deputado Estadual";"TSE";"EMAISPT";"Partido do candidato a deputado estadual mais votado(Municipal)";14;2
"3210";"Quadrienal";"Regional";"Presidente";"TSE";"PUTEIS";"Votos úteis - presidente no primeiro turno";14;2
"3211";"Quadrienal";"Regional";"Eleitorado";"TSE";"COMP2";"Comparecimento no segundo turno das eleições";12;4
"3212";"Quadrienal";"Regional";"Prefeito";"TSE";"FPT";"Votação do PT - prefeito no primeiro turno";11;5
"3213";"Quadrienal";"Regional";"Prefeito";"TSE";"NCANDVOF";"Número de candidatos votados - prefeito";10;6
"3214";"Quadrienal";"Regional";"Deputado Estadual";"TSE";"EPMDB";"Votação do PMDB - deputado estadual";9;7
"3215";"Quadrienal";"Regional";"Governador";"TSE";"G2PT1";"Partido do candidato a governador mais votado no segundo turno(Municipal)";8;8
"3216";"Quadrienal";"Regional";"Governador";"TSE";"PARTGOV";"Partido do governador eleito";8;8
"3217";"Quadrienal";"Regional";"Presidente";"TSE";"NCANDVOP";"Número de candidatos votados - presidente(Municipal)";8;8
"3218";"Quadrienal";"Regional";"Vereador";"TSE";"VPTC";"Total de vereadores eleitos do PT";7;11
"3219";"Quadrienal";"Regional";"Deputado Estadual";"TSE";"EOUTR";"Votação de outros partidos para deputado estadual";7;11
"3220";"Quadrienal";"Regional";"Prefeito";"TSE";"FUTEIS";"Votos úteis - prefeito no primeiro turno";7;11
"3221";"Quadrienal";"Regional";"Presidente";"TSE";"PARTPRES";"Partido do presidente eleito";7;11
"3222";"Quadrienal";"Regional";"Prefeito";"TSE";"F1PT1";"Partido do candidato a prefeito mais votado no primeiro turno";5;15
"3223";"Quadrienal";"Regional";"Prefeito";"TSE";"NPTVOF";"Número de partidos votados - prefeito";5;15
"3224";"Quadrienal";"Regional";"Deputado Estadual";"TSE";"EMAISPTE";"Partido do candidato a deputado estadual mais votado(Estadual)";5;15
"3225";"Quadrienal";"Regional";"Presidente";"TSE";"PBRANCO2";"Votos brancos - presidente no segundo turno";5;15
"3226";"Quadrienal";"Regional";"Deputado Estadual";"TSE";"EPDT";"Votação do PDT - deputado estadual";5;15
"3227";"Quadrienal";"Regional";"Governador";"TSE";"G1PT1E";"Partido do candidato a governador mais votado no primeiro turno(Estadual)";4;20
"3228";"Quadrienal";"Regional";"Presidente";"TSE";"NCANDVOPBR";"Número de candidatos votados - presidente(Brasil)";4;20
"3229";"Quadrienal";"Regional";"Presidente";"TSE";"PBRANCO";"Votos brancos - presidente no primeiro turno";4;20
"3230";"Quadrienal";"Regional";"Presidente";"TSE";"P1PT1E";"Partido do candidato a presidente mais votado no primeiro turno(Estadual)";4;20
"3231";"Quadrienal";"Regional";"Presidente";"TSE";"NCANDVOPE";"Número de candidatos votados - presidente(Estadual)";4;20
"3232";"Quadrienal";"Regional";"Governador";"TSE";"G1PT2";"Partido do segundo candidato a governador mais votado no primeiro turno(Municipal)";4;20
"3233";"Quadrienal";"Regional";"Presidente";"TSE";"PNULO";"Votos nulos - presidente no primeiro turno";4;20
"3234";"Quadrienal";"Regional";"Deputado Estadual";"TSE";"EPEQ";"Votação dos pequenos partidos de esquerda para deputado estadual";3;27
"3235";"Quadrienal";"Regional";"Deputado Federal";"TSE";"DMAISPT";"Partido do candidato a deputado federal mais votado(Municipal)";3;27
"3236";"Quadrienal";"Regional";"Deputado Federal";"TSE";"DMAISPT2";"Partido do segundo candidato a deputado federal mais votado(Municipal)";3;27
"3237";"Quadrienal";"Regional";"Presidente";"TSE";"PNULO2";"Votos nulos - presidente no segundo turno";3;27
"3238";"Quadrienal";"Regional";"Prefeito";"TSE";"F1PT2";"Partido do segundo candidato a prefeito mais votado no primeiro turno";3;27
"3239";"Quadrienal";"Regional";"Deputado Estadual";"TSE";"EPTN";"Votação do PTN - deputado estadual";3;27
"3240";"Quadrienal";"Regional";"Governador";"TSE";"GPDT";"Votação do PDT - governador no primeiro turno";3;27
"3241";"Quadrienal";"Regional";"Presidente";"TSE";"NPTVOP";"Número de partidos votados - presidente(Municipal)";3;27
"3242";"Quadrienal";"Regional";"Presidente";"TSE";"PPT";"Votação do PT - presidente no primeiro turno";3;27
"3243";"Quadrienal";"Regional";"Presidente";"TSE";"P2PT1";"Partido do candidato a presidente mais votado no segundo turno(Municipal)";3;27
"3244";"Quadrienal";"Regional";"Presidente";"TSE";"P1PT1";"Partido do candidato a presidente mais votado no primeiro turno(Municipal)";3;27
"3245";"Quadrienal";"Regional";"Deputado Federal";"TSE";"DPEQ";"Votação dos pequenos partidos de esquerda para deputado federal";3;27
"3246";"Quadrienal";"Regional";"Presidente";"TSE";"P2VO1";"Votação do candidato a presidente mais votado no segundo turno(Municipal)";3;27
"3247";"Quadrienal";"Regional";"Prefeito";"TSE";"F1VO1";"Votação do candidato a prefeito mais votado no primeiro turno";3;27
"3248";"Quadrienal";"Regional";"Deputado Estadual";"TSE";"EPAN";"Votação do PAN - deputado estadual";3;27
"3249";"Quadrienal";"Regional";"Vereador";"TSE";"VPDSC";"Total de vereadores eleitos do PDS";2;42
"3250";"Quadrienal";"Regional";"Presidente";"TSE";"PPDT";"Votação do PDT - presidente no primeiro turno";2;42
"3251";"Quadrienal";"Regional";"Senador";"TSE";"SMAISPT";"Partido do candidato a senador mais votado(Municipal)";2;42
"3252";"Quadrienal";"Regional";"Governador";"TSE";"NCANDVOG";"Número de candidatos votados - governador(Municipal)";2;42
"3253";"Quadrienal";"Regional";"Presidente";"TSE";"NPTVOPBR";"Número de partidos votados - presidente(Brasil)";2;42
"3254";"Quadrienal";"Regional";"Presidente";"TSE";"P1PT2E";"Partido do segundo candidato a presidente mais votado no primeiro turno(Estadual)";2;42
"3255";"Quadrienal";"Regional";"Presidente";"TSE";"P2PT2BR";"Partido do segundo candidato a presidente mais votado no segundo turno(Brasil)";2;42
"3256";"Quadrienal";"Regional";"Senador";"TSE";"SPEQ";"Votação dos pequenos partidos de esquerda para senador";2;42
"3257";"Quadrienal";"Regional";"Presidente";"TSE";"P1PT2";"Partido do segundo candidato a presidente mais votado no primeiro turno(Municipal)";2;42
"3258";"Quadrienal";"Regional";"Governador";"TSE";"G2PT2";"Partido do segundo candidato a governador mais votado no segundo turno(Municipal)";2;42
"3259";"Quadrienal";"Regional";"Presidente";"TSE";"PPSTU";"Votação do PSTU - presidente no primeiro turno";2;42
"3260";"Quadrienal";"Regional";"Governador";"TSE";"GPAN";"Votação do PAN - governador no primeiro turno";2;42
"3261";"Quadrienal";"Regional";"Deputado Federal";"TSE";"DPT";"Votação do PT - deputado federal";2;42
"3262";"Quadrienal";"Regional";"Presidente";"TSE";"P2PT1E";"Partido do candidato a presidente mais votado no segundo turno(Estadual)";2;42
"3263";"Quadrienal";"Regional";"Deputado Estadual";"TSE";"EMAISPT2";"Partido do segundo candidato a deputado estadual mais votado(Municipal)";2;42
"3264";"Quadrienal";"Regional";"Vereador";"TSE";"VMAISPT2";"Partido do segundo candidato a vereador mais votado";2;42
"3265";"Quadrienal";"Regional";"Vereador";"TSE";"VMAISPT";"Partido do candidato a vereador mais votado";2;42
"3266";"Quadrienal";"Regional";"Presidente";"TSE";"PPMN";"Votação do PMN - presidente no primeiro turno";2;42
"3267";"Quadrienal";"Regional";"Deputado Federal";"TSE";"DOUTR";"Votação de outros partidos para deputado federal";2;42
"3268";"Quadrienal";"Regional";"Deputado Estadual";"TSE";"NPTVOEE";"Número de partidos votados - deputado estadual(Estadual)";2;42
"3269";"Quadrienal";"Regional";"Governador";"TSE";"G1PT2E";"Partido do segundo candidato a governador mais votado no primeiro turno(Estadual)";2;42
"3270";"Quadrienal";"Regional";"Presidente";"TSE";"NPTVOPE";"Número de partidos votados - presidente(Estadual)";2;42
"3271";"Quadrienal";"Regional";"Presidente";"TSE";"P1VO2BR";"Votação do segundo candidato a presidente mais votado no primeiro turno(Brasil)";2;42
"3272";"Quadrienal";"Regional";"Presidente";"TSE";"PPSC";"Votação do PSC - presidente no primeiro turno";2;42
"3273";"Quadrienal";"Regional";"Presidente";"TSE";"P2PT2";"Partido do segundo candidato a presidente mais votado no segundo turno(Municipal)";2;42
"3274";"Quadrienal";"Regional";"Senador";"TSE";"SOUTR";"Votação de outros partidos para senador";2;42
"3275";"Quadrienal";"Regional";"Prefeito";"TSE";"F2PT2";"Partido do segundo candidato a prefeito mais votado no segundo turno";2;42
"3276";"Quadrienal";"Regional";"Senador";"TSE";"SMAISPT2";"Partido do segundo candidato a senador mais votado(Municipal)";2;42
"3277";"Quadrienal";"Regional";"Presidente";"TSE";"PUTEIS2";"Votos úteis - presidente no segundo turno";2;42
"3278";"Quadrienal";"Regional";"Presidente";"TSE";"P2VO2BR";"Votação do segundo candidato a presidente mais votado no segundo turno(Brasil)";1;71
"3279";"Quadrienal";"Regional";"Deputado Estadual";"TSE";"EPDS";"Votação do PDS - deputado estadual";1;71
"3280";"Quadrienal";"Regional";"Deputado Federal";"TSE";"DPSDB";"Votação do PSDB - deputado federal";1;71
"3281";"Quadrienal";"Regional";"Presidente";"TSE";"P2PT1R";"Partido do candidato a presidente mais votado no segundo turno(Regional)";1;71
"3282";"Quadrienal";"Regional";"Deputado Estadual";"TSE";"EPSDB";"Votação do PSDB - deputado estadual";1;71
"3283";"Quadrienal";"Regional";"Presidente";"TSE";"P1VO1";"Votação do candidato a presidente mais votado no primeiro turno(Municipal)";1;71
"3284";"Quadrienal";"Regional";"Prefeito";"TSE";"FBRANCO";"Votos brancos - prefeito no primeiro turno";1;71
"3285";"Quadrienal";"Regional";"Vereador";"TSE";"VPTV";"Votação do PT - vereador";1;71
"3286";"Quadrienal";"Regional";"Deputado Federal";"TSE";"DMAISPTE";"Partido do candidato a deputado federal mais votado(Estadual)";1;71
"3287";"Quadrienal";"Regional";"Deputado Federal";"TSE";"NPTVODE";"Número de partidos votados - deputado federal(Estadual)";1;71
"3288";"Quadrienal";"Regional";"Vereador";"TSE";"VPRONAC";"Total de vereadores eleitos do PRONA";1;71
"3289";"Quadrienal";"Regional";"Governador";"TSE";"G1VO1";"Votação do candidato a governador mais votado no primeiro turno(Municipal)";1;71
"3290";"Quadrienal";"Regional";"Governador";"TSE";"G2VO2";"Votação do segundo candidato a governador mais votado no segundo turno(Municipal)";1;71
"3291";"Quadrienal";"Regional";"Prefeito";"TSE";"F2PT1";"Partido do candidato a prefeito mais votado no segundo turno";1;71
"3292";"Quadrienal";"Regional";"Vereador";"TSE";"VPSDBC";"Total de vereadores eleitos do PSDB";1;71
"3293";"Quadrienal";"Regional";"Governador";"TSE";"NPTVOG";"Número de partidos votados - governador(Municipal)";1;71
"3294";"Quadrienal";"Regional";"Presidente";"TSE";"PPSN";"Votação do PSN - presidente no primeiro turno";1;71
"3295";"Quadrienal";"Regional";"Deputado Estadual";"TSE";"EPTDOB";"Votação do PT do B - deputado estadual";1;71
"3296";"Quadrienal";"Regional";"Governador";"TSE";"G2VO1";"Votação do candidato a governador mais votado no segundo turno(Municipal)";1;71
"3297";"Quadrienal";"Regional";"Prefeito";"TSE";"FPSDB";"Votação do PSDB - prefeito no primeiro turno";1;71
"3298";"Quadrienal";"Regional";"Vereador";"TSE";"VTOTC";"Total de vereadores eleitos";1;71
"3299";"Quadrienal";"Regional";"Governador";"TSE";"GPT2";"Votação do PT - governador no segundo turno";1;71
"3300";"Quadrienal";"Regional";"Deputado Estadual";"TSE";"NCANDVOEE";"Número de candidatos votados - deputado estadual(Estadual)";1;71
"3301";"Quadrienal";"Regional";"Vereador";"TSE";"VPHSC";"Total de vereadores eleitos do PHS";1;71
"3302";"Quadrienal";"Regional";"Governador";"TSE";"GPSDB";"Votação do PSDB - governador no primeiro turno";1;71
"3303";"Quadrienal";"Regional";"Deputado Estadual";"TSE";"EPCO";"Votação do PCO - deputado estadual";1;71
"3304";"Quadrienal";"Regional";"Senador";"TSE";"SPMDB";"Votação do PMDB - senador";1;71
"3305";"Quadrienal";"Regional";"Vereador";"TSE";"VPANC";"Total de vereadores eleitos do PAN";1;71
"3306";"Quadrienal";"Regional";"Vereador";"TSE";"VPSTUC";"Total de vereadores eleitos do PSTU";1;71
"3307";"Quadrienal";"Regional";"Presidente";"TSE";"P1PT1R";"Partido do candidato a presidente mais votado no primeiro turno(Regional)";1;71
"3308";"Quadrienal";"Regional";"Governador";"TSE";"G1VO1E";"Votação do candidato a governador mais votado no primeiro turno(Estadual)";1;71
"3309";"Quadrienal";"Regional";"Presidente";"TSE";"NCANDVOPR";"Número de candidatos votados - presidente(Regional)";1;71
"3310";"Quadrienal";"Regional";"Presidente";"TSE";"PPRONA";"Votação do PRONA - presidente no primeiro turno";1;71
"3311";"Quadrienal";"Regional";"Vereador";"TSE";"VUTEIS";"Votos úteis - vereador";1;71
"3312";"Quadrienal";"Regional";"Deputado Estadual";"TSE";"EPTB";"Votação do PTB - deputado estadual";1;71
"3313";"Quadrienal";"Regional";"Presidente";"TSE";"PPCB";"Votação do PCB - presidente no primeiro turno";1;71
"3314";"Quadrienal";"Regional";"Prefeito";"TSE";"FPTB2";"Votação do PTB - prefeito no segundo turno";1;71
"3315";"Quadrienal";"Regional";"Presidente";"TSE";"NPTVOPR";"Número de partidos votados - presidente(Regional)";1;71
"3316";"Quinquenal";"Regional";"Contas Regionais";"IBGE";"PIB";"PIB Municipal a preços constantes";323;1
"3317";"Quinquenal";"Regional";"Contas Regionais";"IBGE";"PIBI";"PIB Municipal - indústria - valor adicionado - preços básicos";141;2
"3318";"Quinquenal";"Regional";"Contas Regionais";"IBGE";"PIBAG";"PIB Municipal - agropecuária - valor adicionado - preços básicos";133;3
"3319";"Quinquenal";"Regional";"Contas Regionais";"IBGE";"PIBSE";"PIB Municipal - serviços - valor adicionado - preços básicos";120;4
"3320";"Quinquenal";"Regional";"Agropecuária";"IBGE";"AEAGP";"Utilização das terras - Área do Estabelecimento- Total";109;5
"3321";"Quinquenal";"Regional";"Contas Regionais";"IBGE";"PIBCC";"PIB Municipal - indústria - construção - valor adicionado - preços básicos";79;6
"3322";"Quinquenal";"Regional";"Agropecuária";"IBGE";"VNAGP";"Valor da produção da agropecuária (exclusive industria rural)";61;7
"3323";"Quinquenal";"Regional";"Agropecuária";"IBGE";"LAPER";"Utilização das terras - lavouras permanentes - área";43;8
"3324";"Quinquenal";"Regional";"Agropecuária";"IBGE";"PASPLA";"Utilização das terras - pastagens plantadas (artificiais) - área";42;9
"3325";"Quinquenal";"Regional";"Agropecuária";"IBGE";"INVTOT";"Investimentos realizados no ano - agropecuária - total";42;9
"3326";"Quinquenal";"Regional";"Agropecuária";"IBGE";"FLONAT";"Utilização das terras - matas e florestas naturais - área";40;11
"3327";"Quinquenal";"Regional";"Agropecuária";"IBGE";"RTEAG";"Receitas no ano - agropecuária -  total";39;12
"3328";"Quinquenal";"Regional";"Agropecuária";"IBGE";"LATEM";"Utilização das terras - lavouras temporarias - área";37;13
"3329";"Quinquenal";"Regional";"Contas Regionais";"IBGE";"PIBIN";"PIB Municipal - indústria - transformação e extrativa mineral - valor adicionado - preços básicos";37;13
"3330";"Quinquenal";"Regional";"Agropecuária";"IBGE";"PASNAT";"Utilização das terras - pastagens naturais - área";37;13
"3331";"Quinquenal";"Regional";"Agropecuária";"IBGE";"IRRIG";"Terras irrigadas no ano - total da area irrigada - área";31;16
"3332";"Quinquenal";"Regional";"Agropecuária";"IBGE";"TENUT";"Utilização das terras - terras produtivas nao utilizadas - área";31;16
"3333";"Quinquenal";"Regional";"Agropecuária";"IBGE";"TRATOT";"Total de tratores existentes nos estabelecimentos agropecuários";31;16
"3334";"Quinquenal";"Regional";"Agropecuária";"IBGE";"PEOCO";"Pessoal ocupado - agropecuária - outros";29;19
"3335";"Quinquenal";"Regional";"Agropecuária";"IBGE";"TEROC";"Área do estabelecimento - terras ocupadas";28;20
"3336";"Quinquenal";"Regional";"Contas Regionais";"IBGE";"PIBG";"PIB Municipal - serviços - administração pública - valor adicionado - preços básicos";28;20
"3337";"Quinquenal";"Regional";"Agropecuária";"IBGE";"NESTAB";"Utilização das terras - Estabelecimentos Agropecuários- Total";26;22
"3338";"Quinquenal";"Regional";"Agropecuária";"IBGE";"TINAP";"Utilização das terras - terras inaproveitáveis - área";26;22
"3339";"Quinquenal";"Regional";"Contas Regionais";"IBGE";"PIBF";"PIB Municipal - serviços - intermediação financeira - valor adicionado - preços básicos";26;22
"3340";"Quinquenal";"Regional";"Agropecuária";"IBGE";"TEDESC";"Utilização das terras - terras das lavouras temporárias em descanso - área";26;22
"3341";"Quinquenal";"Regional";"Agropecuária";"IBGE";"FLOPLA";"Utilização das terras - matas plantadas (artificiais) - área";26;22
"3342";"Quinquenal";"Regional";"Agropecuária";"IBGE";"DETOT";"Despesas no ano - agropecuária - total";25;27
"3343";"Quinquenal";"Regional";"Agropecuária";"IBGE";"EMPAG";"Pessoal ocupado - agropecuária - total";25;27
"3344";"Quinquenal";"Regional";"Agropecuária";"IBGE";"TERAR";"Área do estabelecimento - terras arrendadas";25;27
"3345";"Quinquenal";"Regional";"Agropecuária";"IBGE";"BENS";"Valor dos bens - agropecuária  - total";23;30
"3346";"Quinquenal";"Regional";"Contas Regionais";"IBGE";"PIBCO";"PIB Municipal - serviços - comércio - valor adicionado - preços básicos";23;30
"3347";"Quinquenal";"Regional";"Agropecuária";"IBGE";"TERPR";"Área do estabelecimento - terras proprias";21;32
"3348";"Quinquenal";"Regional";"Contas Regionais";"IBGE";"PIBSIU";"PIB Municipal - indústria - serviços de utilidade pública";19;33
"3349";"Quinquenal";"Regional";"Agropecuária";"IBGE";"TERPA";"Área do estabelecimento - terras em parceira";18;34
"3350";"Quinquenal";"Regional";"Agropecuária";"IBGE";"IMOVEL";"Valor dos bens - terras (próprias, arrendadas ou ocupadas )";16;35
"3351";"Quinquenal";"Regional";"Contas Regionais";"IBGE";"PIBAL";"PIB Municipal - serviços - atividades imobiliárias e aluguel - valor adicionado - preços básicos";13;36
"3352";"Quinquenal";"Regional";"Contas Regionais";"IBGE";"PIBOS";"PIB Municipal - serviços - outros - valor adicionado - preços básicos";13;36
"3353";"Quinquenal";"Regional";"Contas Regionais";"IBGE";"PIBT";"PIB Municipal - serviços - transporte, armazenagem e correio - valor adicionado - preços básicos";13;36
"3354";"Quinquenal";"Regional";"Agropecuária";"IBGE";"RESFAM";"Pessoal ocupado - agropecuária - responsáveis e membros da família";9;39
"3355";"Quinquenal";"Regional";"Agropecuária";"IBGE";"NEAR";"Produtor - condição do produtor em relação as terras do estabelecimento agropecuário - arrendatário ";7;40
"3356";"Quinquenal";"Regional";"Agropecuária";"IBGE";"NEPA";"Produtor - condição do produtor em relação as terras do estabelecimento agropecuário - parceiro (mee";6;41
"3357";"Quinquenal";"Regional";"Agropecuária";"IBGE";"NEOC";"Produtor - condição do produtor em relação as terras do estabelecimento agropecuário - ocupante";5;42
"3358";"Quinquenal";"Regional";"Agropecuária";"IBGE";"NEPR";"Produtor - condição do produtor em relação as terras do estabelecimento agropecuário - proprietário";5;42
"3359";"Decenal";"Social";"IDHm2000";"IPEA";"IDH_M";"Índice de Desenvolvimento Humano Municipal-ed 2003";242;1
"3360";"Decenal";"Regional";"População";"IBGE";"POPUR";"População  residente - urbana";230;2
"3361";"Decenal";"Regional";"População";"IBGE";"POPRU";"População  residente - rural";193;3
"3362";"Decenal";"Social";"IDHm2000";"IPEA";"IDHRM";"Índice de Desenvolvimento Humano Municipal - Dimensão Renda-ed 2003";151;4
"3363";"Decenal";"Social";"Renda";"IPEA";"M_SAL";"Renda per capita";149;5
"3364";"Decenal";"Social";"IDHm2000";"IPEA";"IDHEM";"Índice de Desenvolvimento Humano Municipal - Dimensão Educação-ed 2003";148;6
"3365";"Decenal";"Social";"Desenvolvimento humano";"IPEA";"IDHM";"Índice de Desenvolvimento Humano (IDH)";115;7
"3366";"Decenal";"Social";"Educação";"IBGE";"TXA15M";"Analfabetos - pessoas 15 anos e mais";95;8
"3367";"Decenal";"Social";"Educação";"IPEA";"MEDUCA";"Anos de estudo - média - pessoas 25 anos e mais";90;9
"3368";"Decenal";"Social";"Educação";"IPEA";"M15MANF";"Analfabetos - pessoas 15 anos e mais";86;10
"3369";"Decenal";"Social";"IDHm2000";"IPEA";"IDHLM";"Índice de Desenvolvimento Humano Municipal  - Dimensão Longevidade-ed 2003";83;11
"3370";"Decenal";"Social";"Renda";"IPEA";"P10RICO";"Renda domiciliar - participação por decil - 10º";73;12
"3371";"Decenal";"Social";"Renda";"IPEA";"MA0C";"Pobreza - pessoas indigentes (P0) - 0 a 14 anos";71;13
"3372";"Decenal";"Social";"Renda";"IPEA";"PORTRAB";"Renda - rendimentos do trabalho";71;13
"3373";"Decenal";"Regional";"Estoque de capital";"IPEA";"CRMUNTOT";"Capital Residencial - Total";70;15
"3374";"Decenal";"Regional";"Estoque de capital";"IPEA";"CRMUNURB";"Capital Residencial - Urbano";66;16
"3375";"Decenal";"Social";"Desenvolvimento humano";"IPEA";"IDHMRE";"Índice de Desenvolvimento Humano (IDH) - renda";65;17
"3376";"Decenal";"Regional";"População";"IBGE";"POPFUR";"População  residente - urbana  mulheres";65;17
"3377";"Decenal";"Social";"Desenvolvimento humano";"IPEA";"IDHMED";"Índice de Desenvolvimento Humano (IDH) - educação";62;19
"3378";"Decenal";"Social";"Educação";"IPEA";"ALFIDH";"Alfabetizados - pessoas 15 anos e mais";59;20
"3379";"Decenal";"Regional";"População";"IBGE";"POPF";"População residente - mulheres";59;20
"3380";"Decenal";"Regional";"População";"IBGE";"POPMUR";"População  residente - urbana  homens";58;22
"3381";"Decenal";"Social";"Renda";"IPEA";"P20ME";"Renda domiciliar - participação por quintil - 1º";57;23
"3382";"Decenal";"Social";"Renda";"IPEA";"MP0C";"Pobreza - pessoas pobres (P0) - 0 a 14 anos";56;24
"3383";"Decenal";"Social";"Habitação";"IPEA";"PDMCD";"Domicílios - com material de construção durável - pessoas";55;25
"3384";"Decenal";"Social";"Educação";"IPEA";"MFRE714";"Freqüencia escolar - pessoas 7 a 14 anos";54;26
"3385";"Decenal";"Social";"Educação";"IPEA";"M714ANF";"Analfabetos - pessoas 7 a 14 anos";53;27
"3386";"Decenal";"Social";"Demografia";"IPEA";"MORT5";"Mortalidade até cinco anos de idade (por mil nascidos vivos)";51;28
"3387";"Decenal";"Social";"Desenvolvimento humano";"IPEA";"IDHMLO";"Índice de Desenvolvimento Humano (IDH) - longevidade";50;29
"3388";"Decenal";"Regional";"População";"IBGE";"POPFRU";"População residente - rural  mulheres";50;29
"3389";"Decenal";"Social";"Educação";"IPEA";"DEM1";"Defasagem escolar - mais de 1 ano atraso - pessoas 10 a 14 anos";49;31
"3390";"Decenal";"Social";"Educação";"IPEA";"P25AE";"Anos de estudo - média - pessoas 25 anos e mais";49;31
"3391";"Decenal";"Social";"Renda";"IPEA";"P0";"Pobreza - pessoas pobres (P0)";48;33
"3392";"Decenal";"Social";"Habitação";"IPEA";"PDAAA";"Domicílios - com água potável na rede geral - pessoas";45;34
"3393";"Decenal";"Regional";"Estoque de capital";"IPEA";"CRMUNRUR";"Capital Residencial  - Rural";42;35
"3394";"Decenal";"Social";"Demografia";"IPEA";"PESOTOT";"População";41;36
"3395";"Decenal";"Social";"Educação";"IPEA";"M25MANF";"Analfabetos - pessoas 25 anos e mais";41;36
"3396";"Decenal";"Social";"Saúde";"IPEA";"MEDHAB";"Médicos residentes (por mil habitantes)";41;36
"3397";"Decenal";"Social";"Demografia";"IPEA";"PESORUR";"População rural";41;36
"3398";"Decenal";"Social";"Habitação";"IPEA";"PDIAE";"Domicílios - com instalação adequada de esgoto - pessoas";40;40
"3399";"Decenal";"Social";"Renda";"IPEA";"RM5QUI";"Renda domiciliar - per capita - média do quintil - 5º";40;40
"3400";"Decenal";"Social";"Renda";"IPEA";"RMED10";"Renda domiciliar - per capita - média do decil - 10º";38;42
"3401";"Decenal";"Social";"Renda";"IPEA";"PORTRAF";"Renda - de transferências governamentais";38;42
"3402";"Decenal";"Regional";"População";"IBGE";"POPM";"População  residente - homens";35;44
"3403";"Decenal";"Social";"Educação";"IPEA";"NE0714";"Evasão escolar - pessoas 7 a 14 anos - fora da escola";34;45
"3404";"Decenal";"Social";"Educação";"IPEA";"M1517FORA";"Evasão escolar - pessoas 15 a 17 anos - fora da escola";34;45
"3405";"Decenal";"Regional";"População";"IBGE";"POPMRU";"População residente - rural  homens";34;45
"3406";"Decenal";"Social";"Demografia";"IPEA";"FECTOT";"Taxa de fecundidade";34;45
"3407";"Decenal";"Social";"Renda";"IPEA";"MA0";"Pobreza - pessoas indigentes (P0)";32;49
"3408";"Decenal";"Social";"Educação";"IPEA";"FREQIDH";"Freqüencia escolar - pessoas 7 a 22 anos";31;50
"3409";"Decenal";"Social";"Renda";"IPEA";"P60ME";"Renda domiciliar - participação dos 60% mais pobres";31;50
"3410";"Decenal";"Social";"Educação";"IPEA";"MATRAS1";"Defasagem escolar - mais de 1 ano atraso - pessoas 7 a 14 anos";31;50
"3411";"Decenal";"Social";"Demografia";"IPEA";"PESOURB";"População urbana";31;50
"3412";"Decenal";"Social";"Habitação";"IPEA";"SUB";"Domicílios - subnormais - pessoas";30;54
"3413";"Decenal";"Social";"Educação";"IPEA";"P25M11";"Anos de estudo - mais de 11 - pessoas 25 anos e mais";30;54
"3414";"Decenal";"Social";"Renda";"IPEA";"P80ME";"Renda domiciliar - participação dos 80% mais pobres";29;56
"3415";"Decenal";"Social";"Educação";"IPEA";"TR1014";"Evasão escolar - pessoas 10 a 14 anos - trabalhando";29;56
"3416";"Decenal";"Social";"Renda";"IPEA";"RM1QUI";"Renda domiciliar - per capita - média do quintil - 1º";29;56
"3417";"Decenal";"Social";"Habitação";"IPEA";"AGUA";"Domicílios - com água encanada - pessoas";28;59
"3418";"Decenal";"Social";"Demografia";"IPEA";"SOBRE60";"Probabilidade de sobrevivência até 60 anos";28;59
"3419";"Decenal";"Social";"Habitação";"IPEA";"LUZ";"Domicílios - com energia elétrica - pessoas";27;61
"3420";"Decenal";"Social";"Demografia";"IPEA";"M1517CF";"Pessoas 15 e 17 anos - mulheres com filhos";26;62
"3421";"Decenal";"Social";"Demografia";"IPEA";"POPU";"População urbana";26;62
"3422";"Decenal";"Social";"Renda";"IPEA";"MRF";"Renda familiar - per capita - média";26;62
"3423";"Decenal";"Social";"Demografia";"IPEA";"SOBRE40";"Probabilidade de sobrevivência até 40 anos";25;65
"3424";"Decenal";"Social";"Educação";"IPEA";"MMAIS113";"Anos de estudo - mais de 11 - pessoas 25 anos e mais";25;65
"3425";"Decenal";"Social";"Demografia";"IPEA";"M1014CF";"Pessoas 10 e 14 anos - mulheres com filhos";25;65
"3426";"Decenal";"Social";"Renda";"IPEA";"P20RICO";"Renda domiciliar - participação por quintil - 5º";25;65
"3427";"Decenal";"Social";"Saúde";"IPEA";"MENFER";"Enfermeiros residentes com curso superior";24;69
"3428";"Decenal";"Social";"Educação";"IPEA";"P25_4";"Anos de estudo - menos de 4 - pessoas 25 anos e mais";24;69
"3429";"Decenal";"Social";"Renda";"IPEA";"THEIL_L";"Renda - desigualdade - índice L de Theil";23;71
"3430";"Decenal";"Social";"Renda";"IPEA";"MP0";"Pobreza - pessoas pobres (P0)";23;71
"3431";"Decenal";"Social";"Habitação";"IPEA";"BANAGUA";"Domicílios - com água encanada e banheiro - pessoas";22;73
"3432";"Decenal";"Social";"Demografia";"IPEA";"PESO25";"Pessoas 25 anos e mais";22;73
"3433";"Decenal";"Social";"Renda";"IPEA";"P40ME";"Renda domiciliar - participação dos 40% mais pobres";22;73
"3434";"Decenal";"Social";"Educação";"IPEA";"DE1014";"Defasagem escolar - média - pessoas 10 a 14 anos";22;73
"3435";"Decenal";"Social";"Saúde";"IPEA";"MFAMMULF";"Mulheres chefes de família, sem cônjuge e com filhos menores de 15 anos";22;73
"3436";"Decenal";"Social";"Educação";"IPEA";"MOCUP";"Evasão escolar - pessoas 10 a 14 anos - trabalhando";21;78
"3437";"Decenal";"Social";"Demografia";"IPEA";"PESO15";"Pessoas 15 anos e mais";21;78
"3438";"Decenal";"Social";"Educação";"IPEA";"P25_8";"Anos de estudo - menos de 8 - pessoas 25 anos e mais";21;78
"3439";"Decenal";"Social";"Educação";"IPEA";"MATE83";"Anos de estudo - menos de 8 - pessoas 25 anos e mais";21;78
"3440";"Decenal";"Social";"Educação";"IPEA";"M1014FORA";"Evasão escolar - pessoas 10 a 14 anos - fora da escola";20;82
"3441";"Decenal";"Social";"Renda";"IPEA";"R1040";"Renda - razão entre a renda dos 10% mais ricos e 40% mais pobres";20;82
"3442";"Decenal";"Social";"Renda";"IPEA";"P10RICOC2";"Renda domiciliar - participação por decil - 10º - negros";19;84
"3443";"Decenal";"Social";"Renda";"IPEA";"P10RICOC1";"Renda domiciliar - participação por decil - 10º - brancos";19;84
"3444";"Decenal";"Social";"Renda";"IPEA";"RM4QUI";"Renda domiciliar - per capita - média do quintil - 4º";18;86
"3445";"Decenal";"Social";"Renda";"IPEA";"RM2QUI";"Renda domiciliar - per capita - média do quintil - 2º";18;86
"3446";"Decenal";"Social";"Educação";"IPEA";"M45FORA";"Evasão escolar - pessoas 4 a 5 anos - fora da escola";18;86
"3447";"Decenal";"Social";"Renda";"IPEA";"M50PTRA";"Renda - de transferências governamentais - mais de 50% da renda total";18;86
"3448";"Decenal";"Social";"Demografia";"IPEA";"MPROF";"Professores do fundamental residentescom curso superior";18;86
"3449";"Decenal";"Social";"Habitação";"IPEA";"COMPU";"Domicílios - com computador - pessoas";17;91
"3450";"Decenal";"Social";"Demografia";"IPEA";"POP";"População";17;91
"3451";"Decenal";"Social";"Demografia";"IPEA";"PO1014";"Pessoas 10 a 14 anos";17;91
"3452";"Decenal";"Social";"Educação";"IPEA";"M56FORA";"Evasão escolar - pessoas 5 a 6 anos - fora da escola";16;94
"3453";"Decenal";"Social";"Demografia";"IPEA";"POP15M";"Pessoas 15 anos e mais";16;94
"3454";"Decenal";"Social";"Educação";"IPEA";"M714FORA";"Evasão escolar - pessoas 7 a 14 anos - fora da escola";16;94
"3455";"Decenal";"Social";"Habitação";"IPEA";"LIXO";"Domicílios - com serviço de coleta de lixo - pessoas";15;97
"3456";"Decenal";"Social";"Educação";"IPEA";"MEDUCAC2";"Anos de estudo - média - pessoas 25 anos e mais - negros";14;98
"3457";"Decenal";"Social";"Educação";"IPEA";"MATE43";"Anos de estudo - menos de 4 - pessoas 25 anos e mais";14;98
"3458";"Decenal";"Social";"Demografia";"IPEA";"PO0714";"Pessoas 7 a 14 anos";14;98
"3459";"Decenal";"Social";"Habitação";"IPEA";"CARRO";"Domicílios - com carro - pessoas";14;98
"3460";"Decenal";"Social";"Renda";"IPEA";"THEILL";"Renda - desigualdade - índice L de Theil";14;98
"3461";"Decenal";"Social";"Educação";"IPEA";"MEDUCAC1";"Anos de estudo - média - pessoas 25 anos e mais - brancos";13;103
"3462";"Decenal";"Social";"Demografia";"IPEA";"MRD75";"Pessoas em famílias - com razão de dependência maior 75%";13;103
"3463";"Decenal";"Social";"Renda";"IPEA";"M_SALC1";"Renda per capita - brancos";13;103
"3464";"Decenal";"Social";"Demografia";"IPEA";"MFAMUNI";"Pessoas 65 anos ou mais - morando sozinhas";13;103
"3465";"Decenal";"Social";"Habitação";"IPEA";"FONE";"Domicílios - com telefone - pessoas";13;103
"3466";"Decenal";"Social";"Desenvolvimento humano";"IPEA";"IDHEMC1";"Índice de Desenvolvimento Humano (IDH) - educação - brancos";12;108
"3467";"Decenal";"Social";"Renda";"IPEA";"R2040";"Renda - razão entre a renda dos 20% mais ricos e 40% mais pobres";12;108
"3468";"Decenal";"Social";"Renda";"IPEA";"M_SALC2";"Renda per capita - negros";12;108
"3469";"Decenal";"Social";"Habitação";"IPEA";"PDM2PD";"Domicílios - com densidade acima de 2 pessoas por dormitório - pessoas";12;108
"3470";"Decenal";"Social";"Renda";"IPEA";"GINIC1";"Renda - desigualdade - índice de Gini - brancos";11;112
"3471";"Decenal";"Social";"Habitação";"IPEA";"BEMS";"Domicílios - com pelo menos 3 dos bens duráveis - pessoas";11;112
"3472";"Decenal";"Social";"Demografia";"IPEA";"ESPVIDAC1";"Esperança de vida ao nascer - brancos";11;112
"3473";"Decenal";"Social";"Educação";"IPEA";"M15MANFC2";"Analfabetos - pessoas 15 anos e mais - negros";10;115
"3474";"Decenal";"Social";"Educação";"IPEA";"M15MANFC1";"Analfabetos - pessoas 15 anos e mais - brancos";10;115
"3475";"Decenal";"Social";"Demografia";"IPEA";"PESOTOTC1";"População - brancos";10;115
"3476";"Decenal";"Social";"Demografia";"IPEA";"PESOTOTC2";"População - negros";10;115
"3477";"Decenal";"Social";"Educação";"IPEA";"ALFIDHC1";"Alfabetizados - pessoas 15 anos e mais - brancos";10;115
"3478";"Decenal";"Social";"Demografia";"IPEA";"FECTOTC1";"Taxa de fecundidade - brancos";9;120
"3479";"Decenal";"Social";"Renda";"IPEA";"MP0CC1";"Pobreza - pessoas pobres (P0) - 0 a 14 anos - brancos";9;120
"3480";"Decenal";"Social";"Demografia";"IPEA";"POP25M";"Pessoas 25 anos e mais";9;120
"3481";"Decenal";"Social";"Renda";"IPEA";"MA0CC2";"Pobreza - pessoas indigentes (P0) - 0 a 14 anos - negros";9;120
"3482";"Decenal";"Social";"Renda";"IPEA";"MP0CC2";"Pobreza - pessoas pobres (P0) - 0 a 14 anos - negros";9;120
"3483";"Decenal";"Social";"Renda";"IPEA";"MA0CC1";"Pobreza - pessoas indigentes (P0) - 0 a 14 anos - brancos";9;120
"3484";"Decenal";"Social";"Renda";"IPEA";"P20RICOC2";"Renda domiciliar - participação por quintil - 5º - negros";9;120
"3485";"Decenal";"Social";"Renda";"IPEA";"P20RICOC1";"Renda domiciliar - participação por quintil - 5º - brancos";9;120
"3486";"Decenal";"Social";"Renda";"IPEA";"P80MEC2";"Renda domiciliar - participação dos 80% mais pobres - negros";9;120
"3487";"Decenal";"Social";"Habitação";"IPEA";"TV";"Domicílios - com energia elétrica e televisão - pessoas";9;120
"3488";"Decenal";"Social";"Demografia";"IPEA";"M1014CFC1";"Pessoas 10 e 14 anos - mulheres com filhos - brancos";9;120
"3489";"Decenal";"Social";"Educação";"IPEA";"MATRAS1C2";"Defasagem escolar - mais de 1 ano atraso - pessoas 7 a 14 anos - negros";9;120
"3490";"Decenal";"Social";"Habitação";"IPEA";"GELA";"Domicílios - com energia elétrica e geladeira - pessoas";8;132
"3491";"Decenal";"Social";"Educação";"IPEA";"M25MANFC2";"Analfabetos - pessoas 25 anos e mais - negros";8;132
"3492";"Decenal";"Social";"Educação";"IPEA";"M714ANFC1";"Analfabetos - pessoas 7 a 14 anos - brancos";8;132
"3493";"Decenal";"Social";"Renda";"IPEA";"P20MEC2";"Renda domiciliar - participação por quintil - 1º - negros";8;132
"3494";"Decenal";"Social";"Habitação";"IPEA";"DENS";"Domicílios - com densidade acima de 2 pessoas por dormitório - pessoas";8;132
"3495";"Decenal";"Social";"Demografia";"IPEA";"FECTOTC2";"Taxa de fecundidade - negros";8;132
"3496";"Decenal";"Social";"Renda";"IPEA";"M50PTRAC1";"Renda - de transferências governamentais - mais de 50% da renda total - brancos";8;132
"3497";"Decenal";"Social";"Educação";"IPEA";"M714ANFC2";"Analfabetos - pessoas 7 a 14 anos - negros";8;132
"3498";"Decenal";"Social";"Renda";"IPEA";"RM3QUI";"Renda domiciliar - per capita - média do quintil - 3º";8;132
"3499";"Decenal";"Social";"Demografia";"IPEA";"ESPVIDAC2";"Esperança de vida ao nascer - negros";8;132
"3500";"Decenal";"Social";"Renda";"IPEA";"MP0C1";"Pobreza - pessoas pobres (P0) - brancos";8;132
"3501";"Decenal";"Social";"Demografia";"IPEA";"M1014CFC2";"Pessoas 10 e 14 anos - mulheres com filhos - negros";8;132
"3502";"Decenal";"Social";"Desenvolvimento humano";"IPEA";"IDH_MC1";"Índice de Desenvolvimento Humano (IDH) - brancos";8;132
"3503";"Decenal";"Social";"Renda";"IPEA";"M50PTRAC2";"Renda - de transferências governamentais - mais de 50% da renda total - negros";8;132
"3504";"Decenal";"Social";"Demografia";"IPEA";"SOBRE40C2";"Probabilidade de sobrevivência até 40 anos - negros";7;146
"3505";"Decenal";"Social";"Renda";"IPEA";"P60MEC2";"Renda domiciliar - participação dos 60% mais pobres - negros";7;146
"3506";"Decenal";"Social";"Renda";"IPEA";"P80MEC1";"Renda domiciliar - participação dos 80% mais pobres - brancos";7;146
"3507";"Decenal";"Social";"Educação";"IPEA";"MPROFC1";"Professores do fundamental residentes com curso superior - brancos";7;146
"3508";"Decenal";"Social";"Desenvolvimento humano";"IPEA";"IDHEMC2";"Índice de Desenvolvimento Humano (IDH) - educação - negros";7;146
"3509";"Decenal";"Social";"Habitação";"IPEA";"INMOVEL";"Domicílios - com terreno próprio e quitado - pessoas";7;146
"3510";"Decenal";"Social";"Educação";"IPEA";"MATRAS1C1";"Defasagem escolar - mais de 1 ano atraso - pessoas 7 a 14 anos - brancos";7;146
"3511";"Decenal";"Social";"Saúde";"IPEA";"MEDHABC1";"Médicos residentes (por mil habitantes) - brancos";7;146
"3512";"Decenal";"Social";"Educação";"IPEA";"MOCUPC1";"Evasão escolar - pessoas 10 a 14 anos - trabalhando - brancos";7;146
"3513";"Decenal";"Social";"Desenvolvimento humano";"IPEA";"IDH_MC2";"Índice de Desenvolvimento Humano (IDH) - negros";7;146
"3514";"Decenal";"Social";"Educação";"IPEA";"MOCUPC2";"Evasão escolar - pessoas 10 a 14 anos - trabalhando - negros";7;146
"3515";"Decenal";"Social";"Habitação";"IPEA";"BANAGUAC1";"Domicílios - com água encanada e banheiro - pessoas - brancos";7;146
"3516";"Decenal";"Social";"Educação";"IPEA";"ALFIDHC2";"Alfabetizados- pessoas 15 anos e mais - negros";7;146
"3517";"Decenal";"Social";"Demografia";"IPEA";"SOBRE60C2";"Probabilidade de sobrevivência até 60 anos - negros";7;146
"3518";"Decenal";"Social";"Demografia";"IPEA";"MORT1C2";"Mortalidade até um ano de idade (por mil nascidos vivos) - negros";7;146
"3519";"Decenal";"Social";"Educação";"IPEA";"M1014FORAC2";"Evasão escolar - pessoas 10 a 14 anos - fora da escola - negros";7;146
"3520";"Decenal";"Social";"Demografia";"IPEA";"SOBRE40C1";"Probabilidade de sobrevivência até 40 anos - brancos";7;146
"3521";"Decenal";"Social";"Renda";"IPEA";"P20MEC1";"Renda domiciliar - participação por quintil - 1º - brancos";7;146
"3522";"Decenal";"Social";"Saúde";"IPEA";"MENFERC1";"Enfermeiros residentes com curso superior - brancos";6;164
"3523";"Decenal";"Social";"Habitação";"IPEA";"BANAGUAC2";"Domicílios - com água encanada e banheiro - pessoas - negros";6;164
"3524";"Decenal";"Social";"Demografia";"IPEA";"PESOURBC1";"População urbana - brancos";6;164
"3525";"Decenal";"Social";"Habitação";"IPEA";"AGUAC1";"Domicílios - com água encanada - pessoas - brancos";6;164
"3526";"Decenal";"Social";"Demografia";"IPEA";"MRD75C2";"Pessoas em famílias - com razão de dependência maior 75% - negros";6;164
"3527";"Decenal";"Social";"Educação";"IPEA";"MATE43C1";"Anos de estudo - menos de 4 - pessoas 25 anos e mais - brancos";6;164
"3528";"Decenal";"Social";"Educação";"IPEA";"MMAIS113C2";"Anos de estudo - mais de 11 - pessoas 25 anos e mais - negros";6;164
"3529";"Decenal";"Social";"Educação";"IPEA";"MMAIS113C1";"Anos de estudo - mais de 11 - pessoas 25 anos e mais - brancos";6;164
"3530";"Decenal";"Social";"Demografia";"IPEA";"MFAMUNIC1";"Pessoas 65 anos ou mais - morando sozinhas - brancos";6;164
"3531";"Decenal";"Social";"Saúde";"IPEA";"MENFERC2";"Enfermeiros residentes com curso superior - negros";6;164
"3532";"Decenal";"Social";"Demografia";"IPEA";"PESOURBC2";"População urbana - negros";6;164
"3533";"Decenal";"Social";"Educação";"IPEA";"M1517FORAC1";"Evasão escolar - pessoas 15 a 17 anos - fora da escola - brancos";6;164
"3534";"Decenal";"Social";"Demografia";"IPEA";"M1517CFC1";"Pessoas 15 e 17 anos - mulheres com filhos - brancos";6;164
"3535";"Decenal";"Social";"Demografia";"IPEA";"SOBRE60C1";"Probabilidade de sobrevivência até 60 anos - brancos";6;164
"3536";"Decenal";"Social";"Renda";"IPEA";"PORTRAFC2";"Renda - de transferências governamentais - negros";6;164
"3537";"Decenal";"Social";"Demografia";"IPEA";"MFAMUNIC2";"Pessoas 65 anos ou mais - morando sozinhas - negros";6;164
"3538";"Decenal";"Social";"Educação";"IPEA";"M45FORAC1";"Evasão escolar - pessoas 4 a 5 anos - fora da escola - brancos";6;164
"3539";"Decenal";"Social";"Educação";"IPEA";"M714FORAC1";"Evasão escolar - pessoas 7 a 14 anos - fora da escola - brancos";6;164
"3540";"Decenal";"Social";"Desenvolvimento humano";"IPEA";"IDHRMC1";"Índice de Desenvolvimento Humano (IDH) - renda - brancos";6;164
"3541";"Decenal";"Social";"Saúde";"IPEA";"MFAMMULFC1";"Mulheres chefes de família, sem cônjuge e com filhos menores de 15 anos - brancos";6;164
"3542";"Decenal";"Social";"Educação";"IPEA";"MPROFC2";"Professores do fundamental residentes com curso superior - negros";6;164
"3543";"Decenal";"Social";"Educação";"IPEA";"M56FORAC1";"Evasão escolar - pessoas 5 a 6 anos - fora da escola - brancos";6;164
"3544";"Decenal";"Social";"Renda";"IPEA";"PORTRAFC1";"Renda - de transferências governamentais - brancos";6;164
"3545";"Decenal";"Social";"Educação";"IPEA";"M45FORAC2";"Evasão escolar - pessoas 4 a 5 anos - fora da escola - negros";6;164
"3546";"Decenal";"Social";"Educação";"IPEA";"FREQIDHC2";"Freqüencia escolar - pessoas 7 a 22 anos - negros";5;188
"3547";"Decenal";"Social";"Demografia";"IPEA";"MORT1C1";"Mortalidade até um ano de idade (por mil nascidos vivos) - brancos";5;188
"3548";"Decenal";"Social";"Habitação";"IPEA";"FONEC1";"Domicílios - com telefone - pessoas - brancos";5;188
"3549";"Decenal";"Social";"Demografia";"IPEA";"M1517CFC2";"Pessoas 15 e 17 anos - mulheres com filhos - negros";5;188
"3550";"Decenal";"Social";"Habitação";"IPEA";"COMPUC1";"Domicílios - com computador - pessoas - brancos";5;188
"3551";"Decenal";"Social";"Educação";"IPEA";"M714FORAC2";"Evasão escolar - pessoas 7 a 14 anos - fora da escola - negros";5;188
"3552";"Decenal";"Social";"Educação";"IPEA";"MFRE714C1";"Freqüencia escolar - pessoas 7 a 14 anos - brancos";5;188
"3553";"Decenal";"Social";"Renda";"IPEA";"P40MEC2";"Renda domiciliar - participação dos 40% mais pobres - negros";5;188
"3554";"Decenal";"Social";"Renda";"IPEA";"PORTRABC1";"Renda - rendimentos do trabalho - brancos";5;188
"3555";"Decenal";"Social";"Educação";"IPEA";"M1014FORAC1";"Evasão escolar - pessoas 10 a 14 anos - fora da escola - brancos";5;188
"3556";"Decenal";"Social";"Desenvolvimento humano";"IPEA";"IDHLMC1";"Índice de Desenvolvimento Humano (IDH) - longevidade - brancos";5;188
"3557";"Decenal";"Social";"Educação";"IPEA";"M1517FORAC2";"Evasão escolar - pessoas 15 a 17 anos - fora da escola - negros";5;188
"3558";"Decenal";"Social";"Renda";"IPEA";"P60MEC1";"Renda domiciliar - participação dos 60% mais pobres - brancos";5;188
"3559";"Decenal";"Social";"Demografia";"IPEA";"MRD75C1";"Pessoas em famílias - com razão de dependência maior 75% - brancos";5;188
"3560";"Decenal";"Social";"Habitação";"IPEA";"LUZC1";"Domicílios - com energia elétrica - pessoas - brancos";5;188
"3561";"Decenal";"Social";"Saúde";"IPEA";"MEDHABC2";"Médicos residentes (por mil habitantes) - negros";5;188
"3562";"Decenal";"Social";"Educação";"IPEA";"M25MANFC1";"Analfabetos - pessoas 25 anos e mais -brancos";5;188
"3563";"Decenal";"Social";"Educação";"IPEA";"M56FORAC2";"Evasão escolar - pessoas 5 a 6 anos - fora da escola - negros";5;188
"3564";"Decenal";"Social";"Habitação";"IPEA";"COMPUC2";"Domicílios - com computador - pessoas - negros";5;188
"3565";"Decenal";"Social";"Habitação";"IPEA";"GELAC1";"Domicílios - com energia elétrica e geladeira - pessoas - brancos";5;188
"3566";"Decenal";"Social";"Educação";"IPEA";"FREQIDHC1";"Freqüencia escolar - pessoas 7 a 22 anos - brancos";5;188
"3567";"Decenal";"Social";"Desenvolvimento humano";"IPEA";"IDHRMC2";"Índice de Desenvolvimento Humano (IDH) - renda - negros";5;188
"3568";"Decenal";"Social";"Renda";"IPEA";"P40MEC1";"Renda domiciliar - participação dos 40% mais pobres - brancos";5;188
"3569";"Decenal";"Social";"Renda";"IPEA";"R2040C2";"Renda - razão entre a renda dos 20% mais ricos e 40% mais pobres - negros";4;211
"3570";"Decenal";"Social";"Demografia";"IPEA";"PESORURC1";"População rural - brancos";4;211
"3571";"Decenal";"Social";"Demografia";"IPEA";"MORT5C2";"Mortalidade até cinco anos de idade (por mil nascidos vivos) - negros";4;211
"3572";"Decenal";"Social";"Demografia";"IPEA";"PESORURC2";"População rural - negros";4;211
"3573";"Decenal";"Social";"Habitação";"IPEA";"LUZC2";"Domicílios - com energia elétrica - pessoas - negros";4;211
"3574";"Decenal";"Social";"Habitação";"IPEA";"TVC1";"Domicílios - com energia elétrica e televisão - pessoas - brancos";4;211
"3575";"Decenal";"Social";"Habitação";"IPEA";"GELAC2";"Domicílios - com energia elétrica e geladeira - pessoas - negros";4;211
"3576";"Decenal";"Social";"Habitação";"IPEA";"BEMSC2";"Domicílios - com pelo menos 3 dos bens duráveis - pessoas - negros";4;211
"3577";"Decenal";"Social";"Educação";"IPEA";"MATE83C1";"Anos de estudo - menos de 8 - pessoas 25 anos e mais - brancos";4;211
"3578";"Decenal";"Social";"Desenvolvimento humano";"IPEA";"IDHLMC2";"Índice de Desenvolvimento Humano (IDH) - longevidade - negros";4;211
"3579";"Decenal";"Social";"Educação";"IPEA";"MATE83C2";"Anos de estudo - menos de 8 - pessoas 25 anos e mais - negros";4;211
"3580";"Decenal";"Social";"Renda";"IPEA";"RMED10C2";"Renda domiciliar - per capita - média do decil - 10º  - negros";4;211
"3581";"Decenal";"Social";"Educação";"IPEA";"MFRE714C2";"Freqüencia escolar - pessoas 7 a 14 anos - negros";4;211
"3582";"Decenal";"Social";"Demografia";"IPEA";"PESO25C2";"Pessoas 25 anos e mais - negros";4;211
"3583";"Decenal";"Social";"Habitação";"IPEA";"CARROC1";"Domicílios - com carro - pessoas - brancos";4;211
"3584";"Decenal";"Social";"Demografia";"IPEA";"PESO15C2";"Pessoas 15 anos e mais - negros";4;211
"3585";"Decenal";"Social";"Habitação";"IPEA";"DENSC1";"Domicílios - com densidade acima de 2 pessoas por dormitório - pessoas - brancos";4;211
"3586";"Decenal";"Social";"Renda";"IPEA";"RM5QUIC1";"Renda domiciliar - per capita - média do quintil - 5º - brancos";4;211
"3587";"Decenal";"Social";"Demografia";"IPEA";"PESO25C1";"Pessoas 25 anos e mais - brancos";4;211
"3588";"Decenal";"Social";"Demografia";"IPEA";"PESO15C1";"Pessoas 15 anos e mais - brancos";4;211
"3589";"Decenal";"Social";"Renda";"IPEA";"MA0C1";"Pobreza - pessoas indigentes (P0) - brancos";4;211
"3590";"Decenal";"Social";"Habitação";"IPEA";"DENSC2";"Domicílios - com densidade acima de 2 pessoas por dormitório - pessoas - negros";4;211
"3591";"Decenal";"Social";"Renda";"IPEA";"MA0C2";"Pobreza - pessoas indigentes (P0) - negros";4;211
"3592";"Decenal";"Social";"Habitação";"IPEA";"BEMSC1";"Domicílios - com pelo menos 3 dos bens duráveis - pessoas - brancos";4;211
"3593";"Decenal";"Social";"Renda";"IPEA";"PORTRABC2";"Renda - rendimentos do trabalho - negros";4;211
"3594";"Decenal";"Social";"Renda";"IPEA";"GINIC2";"Renda - desigualdade - índice de Gini - negros";4;211
"3595";"Decenal";"Social";"Demografia";"IPEA";"MORT5C1";"Mortalidade até cinco anos de idade (por mil nascidos vivos) - brancos";4;211
"3596";"Decenal";"Social";"Habitação";"IPEA";"AGUAC2";"Domicílios - com água encanada - pessoas - negros";4;211
"3597";"Decenal";"Social";"Saúde";"IPEA";"MFAMMULFC2";"Mulheres chefes de família, sem cônjuge e com filhos menores de 15 anos - negros";4;211
"3598";"Decenal";"Social";"Habitação";"IPEA";"CARROC2";"Domicílios - com carro - pessoas - negros";4;211
"3599";"Decenal";"Social";"Renda";"IPEA";"MP0C2";"Pobreza - pessoas pobres (P0) - negros";4;211
"3600";"Decenal";"Social";"Educação";"IPEA";"MATE43C2";"Anos de estudo - menos de 4 - pessoas 25 anos e mais - negros";3;242
"3601";"Decenal";"Social";"Habitação";"IPEA";"SUBC2";"Domicílios - subnormais - pessoas - negros";3;242
"3602";"Decenal";"Social";"Renda";"IPEA";"R2040C1";"Renda - razão entre a renda dos 20% mais ricos e 40% mais pobres - brancos";3;242
"3603";"Decenal";"Social";"Habitação";"IPEA";"INMOVELC1";"Domicílios - com terreno próprio e quitado - pessoas - brancos";3;242
"3604";"Decenal";"Social";"Renda";"IPEA";"R1040C1";"Renda - razão entre a renda dos 10% mais ricos e 40% mais pobres - brancos";3;242
"3605";"Decenal";"Social";"Renda";"IPEA";"RM5QUIC2";"Renda domiciliar - per capita - média do quintil - 5º - negros";3;242
"3606";"Decenal";"Social";"Habitação";"IPEA";"TVC2";"Domicílios - com energia elétrica e televisão - pessoas - negros";3;242
"3607";"Decenal";"Social";"Renda";"IPEA";"THEIL_LC2";"Renda - desigualdade - índice L de Theil - negros";3;242
"3608";"Decenal";"Social";"Renda";"IPEA";"RMED10C1";"Renda domiciliar - per capita - média do decil - 10º  - brancos";3;242
"3609";"Decenal";"Social";"Habitação";"IPEA";"LIXOC1";"Domicílios - com serviço de coleta de lixo - pessoas - brancos";3;242
"3610";"Decenal";"Social";"Habitação";"IPEA";"LIXOC2";"Domicílios - com serviço de coleta de lixo - pessoas - negros";3;242
"3611";"Decenal";"Social";"Habitação";"IPEA";"INMOVELC2";"Domicílios - com terreno próprio e quitado - pessoas - negros";3;242
"3612";"Decenal";"Social";"Habitação";"IPEA";"SUBC1";"Domicílios - subnormais - pessoas - brancos";3;242
"3613";"Decenal";"Social";"Habitação";"IPEA";"FONEC2";"Domicílios - com telefone - pessoas - negros";3;242
"3614";"Decenal";"Social";"Renda";"IPEA";"RM4QUIC1";"Renda domiciliar - per capita - média do quintil - 4º - brancos";2;256
"3615";"Decenal";"Social";"Renda";"IPEA";"RM1QUIC2";"Renda domiciliar - per capita - média do quintil - 1º - negros";2;256
"3616";"Decenal";"Social";"Renda";"IPEA";"RM3QUIC1";"Renda domiciliar - per capita - média do quintil - 3º - brancos";2;256
"3617";"Decenal";"Social";"Renda";"IPEA";"RM2QUIC1";"Renda domiciliar - per capita - média do quintil - 2º - brancos";2;256
"3618";"Decenal";"Social";"Renda";"IPEA";"THEIL_LC1";"Renda - desigualdade - índice L de Theil - brancos";2;256
"3619";"Decenal";"Social";"Renda";"IPEA";"RM2QUIC2";"Renda domiciliar - per capita - média do quintil - 2º - negros";2;256
"3620";"Decenal";"Social";"Renda";"IPEA";"RM4QUIC2";"Renda domiciliar - per capita - média do quintil - 4º - negros";2;256
"3621";"Decenal";"Social";"Renda";"IPEA";"RM1QUIC1";"Renda domiciliar - per capita - média do quintil - 1º - brancos";2;256
"3622";"Decenal";"Social";"Renda";"IPEA";"R1040C2";"Renda - razão entre a renda dos 10% mais ricos e 40% mais pobres - negros";2;256
"3623";"Decenal";"Social";"Renda";"IPEA";"RM3QUIC2";"Renda domiciliar - per capita - média do quintil - 3º - negros";2;256
