"";"SERCODIGOTROLL";"QtdConsultas";"Posicao";"SERSTATUS";"FNTID";"TEMID";"SERNOME_P";"SERDESCRICAO_P";"SERLIBERADA";"SERPRIVATIVA";"SERPRAZOATUALIZACAO";"SERINDICADORIPEA";"SERHISTORICA";"SERHISTORICO";"SERINDGER";"BANCO";"COND_EXIB";"GRANDE_TEMA"
"1";"GAC12_TCERXTS212";NA;NA;"Ativa";"IPEA";"Câmbio";"Taxa de câmbio - efetiva real - produção florestal (média 2010 = 100)";"Taxa de câmbio - efetiva real - setor: produção florestal (média 2010 = 100)";"Não oculta";"Internet";120;1;0;"Incluída em 31/março/2017.";NA;"GAC12";"Internet";"Macro"
"2";"GAC12_TCERXTS312";NA;NA;"Ativa";"IPEA";"Câmbio";"Taxa de câmbio - efetiva real - pesca e aqüicultura (média 2010 = 100)";"Taxa de câmbio - efetiva real - setor: pesca e aqüicultura (média 2010 = 100)";"Não oculta";"Internet";120;1;0;"Incluída em 31/março/2017.";NA;"GAC12";"Internet";"Macro"
"3";"GAC12_TCERXTS1812";NA;NA;"Ativa";"IPEA";"Câmbio";"Taxa de câmbio - efetiva real - impressão e reprodução de gravações (média 2010 = 100)";"Taxa de câmbio - efetiva real - setor: impressão e reprodução de gravações (média 2010 = 100)";"Não oculta";"Internet";120;1;0;"Incluída em 31/março/2017.";NA;"GAC12";"Internet";"Macro"
"4";"GAC12_CAIEX12";NA;NA;"Ativa";"IPEA";"Contas nacionais";"Consumo aparente - indústria extrativa - índice encadeado (média 2012 = 100)";"Consumo aparente - indústria extrativa - índice encadeado (média 2012 = 100)";"Não oculta";"Internet";120;1;0;"Incluída em 20/set/2017.";NA;"GAC12";"Internet";"Macro"
"5";"GAC12_CAIEXDESSAZ12";NA;NA;"Ativa";"IPEA";"Contas nacionais";"Consumo aparente - indústria extrativa - índice encadeado - dessaz (média 2002= 100)";"Consumo aparente - indústria extrativa - índice encadeado - dessaz (média 2002= 100)";"Não oculta";"Internet";120;1;0;"Incluída em 20/set/2017.";NA;"GAC12";"Internet";"Macro"
"6";"GAC12_INDFBCF12";NA;NA;"Ativa";"IPEA";"Contas nacionais";"Indicador IPEA de FBCF - índice encadeado (média1995 = 100)";"Indicador IPEA de FBCF - índice encadeado (média1995 = 100)";"Não oculta";"Internet";120;1;0;"Incluída em 290/set/2017.";NA;"GAC12";"Internet";"Macro"
"7";"GAC12_INDFBCFCC12";NA;NA;"Ativa";"IPEA";"Contas nacionais";"Indicador IPEA de FBCF - construção civil - índice encadeado (média1995 = 100)";"Indicador IPEA de FBCF - construção civil - índice encadeado (média1995 = 100)";"Não oculta";"Internet";120;1;0;"Incluída em 290/set/2017.";NA;"GAC12";"Internet";"Macro"
"8";"GAC12_INDFBCFDESSAZ12";NA;NA;"Ativa";"IPEA";"Contas nacionais";"Indicador IPEA de FBCF - índice encadeado - dessaz (média 1995 = 100)";"Indicador IPEA de FBCF - índice encadeado - dessaz (média 1995 = 100)";"Não oculta";"Internet";120;1;0;"Incluída em 290/set/2017.";NA;"GAC12";"Internet";"Macro"
"9";"GAC12_INDFBCFCCDESSAZ12";NA;NA;"Ativa";"IPEA";"Contas nacionais";"Indicador IPEA de FBCF - construção civil - índice encadeado - dessaz (média 1995= 100)";"Indicador IPEA de FBCF - construção civil - índice encadeado - dessaz (média 1995= 100)";"Não oculta";"Internet";120;1;0;"Incluída em 290/set/2017.";NA;"GAC12";"Internet";"Macro"
"10";"DIMAC_INF1";NA;NA;"Inativa";"IPEA";"Preços";"Taxa mensal de Inflação por faixa de renda  - Renda muito baixa";"Taxa mensal de Inflação por faixa de renda  - Renda muito baixa";"Oculta";"Intranet";360;1;0;NA;NA;"DIMAC";"Oculta";"Macro"
"11";"DIMAC_INF2";NA;NA;"Inativa";"IPEA";"Preços";"Taxa mensal de Inflação por faixa de renda  - Renda baixa";"Taxa mensal de Inflação por faixa de renda  - Renda baixa";"Oculta";"Intranet";360;1;0;NA;NA;"DIMAC";"Oculta";"Macro"
"12";"DIMAC_INF3";NA;NA;"Inativa";"IPEA";"Preços";"Taxa mensal de Inflação por faixa de renda  - Renda média-baixa";"Taxa mensal de Inflação por faixa de renda  - Renda média-baixa";"Oculta";"Intranet";360;1;0;NA;NA;"DIMAC";"Oculta";"Macro"
"13";"DIMAC_INF4";NA;NA;"Inativa";"IPEA";"Preços";"Taxa mensal de Inflação por faixa de renda  - Renda média";"Taxa mensal de Inflação por faixa de renda  - Renda média";"Oculta";"Intranet";360;1;0;NA;NA;"DIMAC";"Oculta";"Macro"
"14";"DIMAC_INF5";NA;NA;"Inativa";"IPEA";"Preços";"Taxa mensal de Inflação por faixa de renda  - Renda média-alta";"Taxa mensal de Inflação por faixa de renda  - Renda média-alta";"Oculta";"Intranet";360;1;0;NA;NA;"DIMAC";"Oculta";"Macro"
"15";"DIMAC_INF6";NA;NA;"Inativa";"IPEA";"Preços";"Taxa mensal de Inflação por faixa de renda  - Renda alta";"Taxa mensal de Inflação por faixa de renda  - Renda alta";"Oculta";"Intranet";360;1;0;NA;NA;"DIMAC";"Oculta";"Macro"
"16";"DIMAC_ICTI1";NA;NA;"Inativa";"IPEA";"Preços";"Índice de Custos da Tecnologia da Informação (ICTI) - índice encadeado (Dez/2012 = 100)";"Índice de Custos da Tecnologia da Informação (ICTI) - índice encadeado (Dez/2012 = 100)";"Não oculta";"Internet";45;1;0;"Incluída em 10/abr/2018.";NA;"DIMAC";"Internet";"Macro"
"17";"DIMAC_ICTI2";NA;NA;"Inativa";"IPEA";"Preços";"Índice de Custos da Tecnologia da Informação (ICTI) - variação no mês";"Índice de Custos da Tecnologia da Informação (ICTI) - variação no mês";"Não oculta";"Internet";45;1;0;"Incluída em 10/abr/2018.";NA;"DIMAC";"Internet";"Macro"
"18";"DIMAC_ICTI3";NA;NA;"Inativa";"IPEA";"Preços";"Índice de Custos da Tecnologia da Informação (ICTI) - variação em 12 meses";"Índice de Custos da Tecnologia da Informação (ICTI) - variação em 12 meses";"Não oculta";"Internet";45;1;0;"Incluída em 10/abr/2018.";NA;"DIMAC";"Internet";"Macro"
"19";"BM12_RES12";NA;NA;"Ativa";"Bacen/Not. Imp./Set. Ext.";"Balanço de pagamentos";"Reservas internacionais";"Reservas internacionais";"Não oculta";"Internet";25;0;0;NA;NA;"BM12";"Internet";"Macro"
"20";"FENABRAVE12_ESTAUTO12";NA;NA;"Inativa";"FENABRAVE";"Consumo e vendas";"Estoques de veículos nas concessionárias - Automóveis - qde.";"Estoques de veículos nas concessionárias - Automóveis - qde.";"Não oculta";"Internet";30;NA;NA;NA;NA;"FENABRAVE12";"Internet";"Macro"
"21";"FENABRAVE12_ESTCOMLEVE12";NA;NA;"Inativa";"FENABRAVE";"Consumo e vendas";"Estoques de veículos nas concessionárias - Comerciais leves - qde.";"Estoques de veículos nas concessionárias - Comerciais leves - qde.";"Não oculta";"Internet";30;NA;NA;NA;NA;"FENABRAVE12";"Internet";"Macro"
"22";"FENABRAVE12_ESTCAMIN12";NA;NA;"Inativa";"FENABRAVE";"Consumo e vendas";"Estoques de veículos nas concessionárias - Caminhões - qde.";"Estoques de veículos nas concessionárias - Caminhões - qde.";"Não oculta";"Internet";30;NA;NA;NA;NA;"FENABRAVE12";"Internet";"Macro"
"23";"FENABRAVE12_ESTONIBUS12";NA;NA;"Inativa";"FENABRAVE";"Consumo e vendas";"Estoques de veículos nas concessionárias - Ônibus - qde.";"Estoques de veículos nas concessionárias - Ônibus - qde.";"Não oculta";"Internet";30;NA;NA;NA;NA;"FENABRAVE12";"Internet";"Macro"
"24";"FENABRAVE12_ESTVETOT12";NA;NA;"Inativa";"FENABRAVE";"Consumo e vendas";"Estoques de veículos nas concessionárias - Total - qde.";"Estoques de veículos nas concessionárias - Total - qde.";"Não oculta";"Internet";30;NA;NA;NA;NA;"FENABRAVE12";"Internet";"Macro"
"25";"ANFAVE12_LICVEN12";NA;NA;"Ativa";"Anfavea";"Produção";"Vendas de autoveículos no mercado interno";"Vendas de autoveículos no mercado interno";"Não oculta";"Internet";30;NA;NA;NA;NA;"ANFAVE12";"Internet";"Macro"
"26";"FUNCEX12_MDPBCDGCE12";NA;NA;"Ativa";"Funcex";"Comércio exterior";"Importações - bens de consumo duráveis - preços - índice (média 2006 = 100) (série nova)";"Índice de preços das importações - grandes categorias econômicas - bens de consumo duráveis (média 2006 = 100)";"Não oculta";"Internet";51;0;0;"Criada em 19/07/2016.";NA;"FUNCEX12";"Internet";"Macro"
"27";"FUNCEX12_MDPBCNDGCE12";NA;NA;"Ativa";"Funcex";"Comércio exterior";"Importações - bens de consumo não duráveis - preços - índice (média 2006 = 100) (série nova)";"Índice de preços das importações  - grandes categorias econômicas - bens de consumo não duráveis (média 2006 = 100)";"Não oculta";"Internet";51;0;0;"Criada em 19/07/2016.";NA;"FUNCEX12";"Internet";"Macro"
"28";"FUNCEX12_MDPBIGCE12";NA;NA;"Ativa";"Funcex";"Comércio exterior";"Importações - bens intermediários - preços - índice (média 2006 = 100) (série nova)";"Índice de preços das importações  - grandes categorias econômicas - bens intermediários (média 2006 = 100)";"Não oculta";"Internet";51;0;0;"Criada em 19/07/2016.";NA;"FUNCEX12";"Internet";"Macro"
"29";"FUNCEX12_MDPBKGCE12";NA;NA;"Ativa";"Funcex";"Comércio exterior";"Importações - bens de capital - preços - índice (média 2006 = 100) (série nova)";"Índice de preços das importações  - grandes categorias econômicas -  bens de capital (média 2006 = 100)";"Não oculta";"Internet";51;0;0;"Criada em 19/07/2016.";NA;"FUNCEX12";"Internet";"Macro"
"30";"FUNCEX12_MDPCOMBGCE12";NA;NA;"Ativa";"Funcex";"Comércio exterior";"Importações - combustíveis - preços - índice (média 2006 = 100) (série nova)";"Índice de preços das importações  - grandes categorias econômicas - combustíveis (média 2006 = 100)";"Não oculta";"Internet";51;0;0;"Criada em 19/07/2016.";NA;"FUNCEX12";"Internet";"Macro"
"31";"FUNCEX12_MDQBCDGCE12";NA;NA;"Ativa";"Funcex";"Comércio exterior";"Importações - bens de consumo duráveis - quantum - índice (média 2006 = 100) (série nova)";"Índice de preços das importações  - grandes categorias econômicas - bens de consumo duráveis (média 2006 = 100)";"Não oculta";"Internet";51;0;0;"Criada em 19/07/2016.";NA;"FUNCEX12";"Internet";"Macro"
"32";"FUNCEX12_MDQBCNDGCE12";NA;NA;"Ativa";"Funcex";"Comércio exterior";"Importações - bens de consumo não duráveis - quantum - índice (média 2006 = 100) (série nova)";"Índice de preços das importações  - grandes categorias econômicas - bens de consumo não duráveis (média 2006 = 100)";"Não oculta";"Internet";51;0;0;"Criada em 19/07/2016.";NA;"FUNCEX12";"Internet";"Macro"
"33";"FUNCEX12_MDQBIGCE12";NA;NA;"Ativa";"Funcex";"Comércio exterior";"Importações - bens intermediários - quantum - índice (média 2006 = 100) (série nova)";"Índice de quantum das importações  - grandes categorias econômicas - bens intermediários (média 2006 = 100)";"Não oculta";"Internet";51;0;0;"Criada em 19/07/2016.";NA;"FUNCEX12";"Internet";"Macro"
"34";"FUNCEX12_MDQBKGCE12";NA;NA;"Ativa";"Funcex";"Comércio exterior";"Importações - bens de capital - quantum - índice (média 2006 = 100) (série nova)";"Índice de quantum das importações  - grandes categorias econômicas - bens de capital (média 2006 = 100)";"Não oculta";"Internet";51;0;0;"Criada em 19/07/2016.";NA;"FUNCEX12";"Internet";"Macro"
"35";"FUNCEX12_MDQCOMBGCE12";NA;NA;"Ativa";"Funcex";"Comércio exterior";"Importações - combustíveis - quantum - índice (média 2006 = 100) (série nova)";"Índice de quantum das importações  - grandes categorias econômicas - combustíveis (média 2006 = 100)";"Não oculta";"Internet";51;0;0;"Criada em 19/07/2016.";NA;"FUNCEX12";"Internet";"Macro"
"36";"FUNCEX12_MDVBCDGCE12";NA;NA;"Ativa";"Funcex";"Comércio exterior";"Importações - bens de consumo duráveis - (FOB) (série nova)";"Valor FOB das importações  - grandes categorias econômicas - bens de consumo duráveis";"Não oculta";"Internet";51;0;0;"Criada em 19/07/2016.";NA;"FUNCEX12";"Internet";"Macro"
"37";"FUNCEX12_MDVBCNDGCE12";NA;NA;"Ativa";"Funcex";"Comércio exterior";"Importações - bens de consumo não duráveis - (FOB) (série nova)";"Valor FOB das importações  - grandes categorias econômicas - bens de consumo não duráveis";"Não oculta";"Internet";51;0;0;"Criada em 19/07/2016.";NA;"FUNCEX12";"Internet";"Macro"
"38";"FUNCEX12_MDVBIGCE12";NA;NA;"Ativa";"Funcex";"Comércio exterior";"Importações - bens intermediários - (FOB) (série nova)";"Valor FOB das importações  - grandes categorias econômicas - bens intermediários";"Não oculta";"Internet";51;0;0;"Criada em 19/07/2016.";NA;"FUNCEX12";"Internet";"Macro"
"39";"FUNCEX12_MDVBKGCE12";NA;NA;"Ativa";"Funcex";"Comércio exterior";"Importações - bens de capital - (FOB) (série nova)";"Valor FOB das importações  - grandes categorias econômicas - bens de capital";"Não oculta";"Internet";51;0;0;"Criada em 19/07/2016.";NA;"FUNCEX12";"Internet";"Macro"
"40";"FUNCEX12_MDVCOMBGCE12";NA;NA;"Ativa";"Funcex";"Comércio exterior";"Importações - combustíveis - (FOB) (série nova)";"Valor FOB das importações  - grandes categorias econômicas - combustíveis";"Não oculta";"Internet";51;0;0;"Criada em 19/07/2016.";NA;"FUNCEX12";"Internet";"Macro"
"41";"FUNCEX12_XPBCDGCE12";NA;NA;"Ativa";"Funcex";"Comércio exterior";"Exportações - bens de consumo duráveis - preços - índice (média 2006 = 100) (série nova)";"Índice de preços das exportações  - grandes categorias econômicas - bens de consumo duráveis (média 2006 = 100)";"Não oculta";"Internet";51;0;0;"Criada em 19/07/2016.";NA;"FUNCEX12";"Internet";"Macro"
"42";"FUNCEX12_XPBCNDGCE12";NA;NA;"Ativa";"Funcex";"Comércio exterior";"Exportações - bens de consumo não duráveis - preços - índice (média 2006 = 100) (série nova)";"Índice de preços das exportações  - grandes categorias econômicas - bens de consumo não duráveis (média 2006 = 100)";"Não oculta";"Internet";51;0;0;"Criada em 19/07/2016.";NA;"FUNCEX12";"Internet";"Macro"
"43";"FUNCEX12_XPBIGCE12";NA;NA;"Ativa";"Funcex";"Comércio exterior";"Exportações - bens intermediários - preços - índice (média 2006 = 100) (série nova)";"Índice de preços das exportações  - grandes categorias econômicas - bens intermediários (média 2006 = 100)";"Não oculta";"Internet";51;0;0;"Criada em 19/07/2016.";NA;"FUNCEX12";"Internet";"Macro"
"44";"FUNCEX12_XPBKGCE12";NA;NA;"Ativa";"Funcex";"Comércio exterior";"Exportações - bens de capital - preços - índice (média 2006 = 100) (série nova)";"Índice de preços das exportações  - grandes categorias econômicas - bens de capital (média 2006 = 100)";"Não oculta";"Internet";51;0;0;"Criada em 19/07/2016.";NA;"FUNCEX12";"Internet";"Macro"
"45";"FUNCEX12_XPCOMBGCE12";NA;NA;"Ativa";"Funcex";"Comércio exterior";"Exportações - combustíveis - preços - índice (média 2006 = 100) (série nova)";"Índice de preços das exportações  - grandes categorias econômicas - combustíveis (média 2006 = 100)";"Não oculta";"Internet";51;0;0;"Criada em 19/07/2016.";NA;"FUNCEX12";"Internet";"Macro"
"46";"FUNCEX12_XQBCDGCE12";NA;NA;"Ativa";"Funcex";"Comércio exterior";"Exportações - bens de consumo duráveis - quantum - índice (média 2006 = 100) (série nova)";"Índice de quantum das exportações  - grandes categorias econômicas - bens de consumo duráveis (média 2006 = 100)";"Não oculta";"Internet";51;0;0;"Criada em 19/07/2016.";NA;"FUNCEX12";"Internet";"Macro"
"47";"FUNCEX12_XQBCNDGCE12";NA;NA;"Ativa";"Funcex";"Comércio exterior";"Exportações - bens de consumo não duráveis - quantum - índice (média 2006 = 100) (série nova)";"Índice de quantum das exportações  - grandes categorias econômicas - bens de consumo não duráveis (média 2006 = 100)";"Não oculta";"Internet";51;0;0;"Criada em 19/07/2016.";NA;"FUNCEX12";"Internet";"Macro"
"48";"FUNCEX12_XQBIGCE12";NA;NA;"Ativa";"Funcex";"Comércio exterior";"Exportações - bens intermediários - quantum - índice (média 2006 = 100) (série nova)";"Índice de quantum das exportações  - grandes categorias econômicas - bens intermediários (média 2006 = 100)";"Não oculta";"Internet";51;0;0;"Criada em 19/07/2016.";NA;"FUNCEX12";"Internet";"Macro"
"49";"FUNCEX12_XQBKGCE12";NA;NA;"Ativa";"Funcex";"Comércio exterior";"Exportações - bens de capital - quantum - índice (média 2006 = 100) (série nova)";"Índice de quantum das exportações  - grandes categorias econômicas - bens de capital (média 2006 = 100)";"Não oculta";"Internet";51;0;0;"Criada em 19/07/2016.";NA;"FUNCEX12";"Internet";"Macro"
"50";"FUNCEX12_XQCOMBGCE12";NA;NA;"Ativa";"Funcex";"Comércio exterior";"Exportações - combustíveis - quantum - índice (média 2006 = 100) (série nova)";"Índice de quantum das exportações  - grandes categorias econômicas - combustíveis (média 2006 = 100)";"Não oculta";"Internet";51;0;0;"Criada em 19/07/2016.";NA;"FUNCEX12";"Internet";"Macro"
"51";"FUNCEX12_XVBCDGCE12";NA;NA;"Ativa";"Funcex";"Comércio exterior";"Exportações - bens de consumo duráveis - (FOB) (série nova)";"Valor FOB das exportações  - grandes categorias econômicas - bens de consumo duráveis";"Não oculta";"Internet";51;0;0;"Criada em 19/07/2016.";NA;"FUNCEX12";"Internet";"Macro"
"52";"FUNCEX12_XVBCNDGCE12";NA;NA;"Ativa";"Funcex";"Comércio exterior";"Exportações - bens de consumo não duráveis - (FOB) (série nova)";"Valor FOB das exportações  - grandes categorias econômicas - bens de consumo não duráveis";"Não oculta";"Internet";51;0;0;"Criada em 19/07/2016.";NA;"FUNCEX12";"Internet";"Macro"
"53";"FUNCEX12_XVBIGCE12";NA;NA;"Ativa";"Funcex";"Comércio exterior";"Exportações - bens intermediários - (FOB) (série nova)";"Valor FOB das exportações  - grandes categorias econômicas - bens de consumo intermediários";"Não oculta";"Internet";51;0;0;"Criada em 19/07/2016.";NA;"FUNCEX12";"Internet";"Macro"
"54";"FUNCEX12_XVBKGCE12";NA;NA;"Ativa";"Funcex";"Comércio exterior";"Exportações - bens de capital - (FOB) (série nova)";"Valor FOB das exportações  - grandes categorias econômicas - bens de capital";"Não oculta";"Internet";51;0;0;"Criada em 19/07/2016.";NA;"FUNCEX12";"Internet";"Macro"
"55";"FUNCEX12_XVCOMBGCE12";NA;NA;"Ativa";"Funcex";"Comércio exterior";"Exportações - combustíveis - (FOB) (série nova)";"Valor FOB das exportações  - grandes categorias econômicas - combustíveis";"Não oculta";"Internet";51;0;0;"Criada em 19/07/2016.";NA;"FUNCEX12";"Internet";"Macro"
"56";"CNI4_CEBEBIDASCR4";NA;NA;"Ativa";"CNI";"Produção";"Coeficiente de exportação - bebidas";"Coeficiente de exportação - bebidas";"Oculta";"Intranet";360;0;0;"Incluída em 13/set/2016.";NA;"CNI4";"Oculta";"Macro"
"57";"CCJ_5787";NA;NA;"Ativa";"CNI";"Produção";"CCJ_5787";"CCJ_5787";"Oculta";"Intranet";45;0;0;NA;NA;"CCJ";"Oculta";"Macro"
"58";"CCJ_5788";NA;NA;"Ativa";"CNI";"Produção";"CCJ_5788";"CCJ_5788";"Oculta";"Intranet";45;0;0;NA;NA;"CCJ";"Oculta";"Macro"
"59";"CCJ_5791";NA;NA;"Ativa";"CNI";"Produção";"CCJ_5791";"CCJ_5791";"Oculta";"Intranet";45;0;0;NA;NA;"CCJ";"Oculta";"Macro"
"60";"CCJ_5792";NA;NA;"Ativa";"CNI";"Produção";"CCJ_5792";"CCJ_5792";"Oculta";"Intranet";45;0;0;NA;NA;"CCJ";"Oculta";"Macro"
"61";"CCJ_1376";NA;NA;"Ativa";"CNI";"Produção";"13762 - Dívida bruta do governo geral (% PIB) - Metodologia utilizada a partir de 2008";"13762 - Dívida bruta do governo geral (% PIB) - Metodologia utilizada a partir de 2008";"Oculta";"Intranet";25;0;0;NA;NA;"CCJ";"Oculta";"Macro"
"62";"CCJ_3695";NA;NA;"Ativa";"CNI";"Produção";"3695 - Taxa de câmbio - Livre - Dólar americano (compra) - Fim de período - mensal - u.m.c./US$";"3695 - Taxa de câmbio - Livre - Dólar americano (compra) - Fim de período - mensal - u.m.c./US$";"Oculta";"Intranet";25;0;0;NA;NA;"CCJ";"Oculta";"Macro"
"63";"CCJ_3546";NA;NA;"Ativa";"CNI";"Produção";"3546 - Reservas internacionais - Conceito liquidez - Total - mensal - US$ (milhões)";"3546 - Reservas internacionais - Conceito liquidez - Total - mensal - US$ (milhões)";"Oculta";"Intranet";25;0;0;NA;NA;"CCJ";"Oculta";"Macro"
"64";"CCIV_21868";NA;NA;"Ativa";"CNI";"Produção";"Indicadores da produção (2012=100) - Insumos da construção civil";"Indicadores da produção (2012=100) - Insumos da construção civil";"Oculta";"Intranet";40;0;0;NA;NA;"CCIV";"Oculta";"Macro"
"65";"CCIV4_PIBCNSTCIV4";NA;NA;"Ativa";"CNI";"Produção";"PIB trimestral (2010=100) - Dados observados - Construção civil";"PIB trimestral (2010=100) - Dados observados - Construção civil";"Oculta";"Intranet";120;0;0;NA;NA;"CCIV4";"Oculta";"Macro"
"66";"ABIA12_ALIM12";44;302;"Ativa";"Abia";"Produção";"Produção física - alimentos - índice (média 1989 = 100)";"Produção física de alimentos - índice (média 1989 = 100)";"Não oculta";"Internet";330;0;0;NA;NA;"ABIA12";"Internet";"Macro"
"67";"ABINEE_VELETAA";2;1445;"Inativa";"Abinee";"Consumo e vendas";"Vendas industriais - aspiradores de ambiente - qde.";"Vendas industriais de aspiradores de ambiente: quantidade";"Não oculta";"Internet";0;0;0;NA;NA;"ABINEE";"Internet";"Macro"
"68";"ABINEE_VELETAP";3;1315;"Inativa";"Abinee";"Consumo e vendas";"Vendas industriais - aspiradores de pó - qde.";"Vendas industriais de aspiradores de pó: quantidade";"Não oculta";"Internet";0;0;0;NA;NA;"ABINEE";"Internet";"Macro"
"69";"ABINEE_VELETAR";1;1606;"Inativa";"Abinee";"Consumo e vendas";"Vendas industriais - auto-rádios - qde.";"Vendas industriais de auto-rádios: quantidade";"Não oculta";"Internet";0;0;0;NA;NA;"ABINEE";"Internet";"Macro"
"70";"ABINEE_VELETBB";1;1606;"Inativa";"Abinee";"Consumo e vendas";"Vendas industriais - batedeiras - qde.";"Vendas industriais de batedeiras: quantidade";"Não oculta";"Internet";0;0;0;NA;NA;"ABINEE";"Internet";"Macro"
"71";"ABINEE_VELETCA";3;1315;"Inativa";"Abinee";"Consumo e vendas";"Vendas industriais - circuladores de ar - qde.";"Vendas industriais de circuladores de ar: quantidade";"Não oculta";"Internet";0;0;0;NA;NA;"ABINEE";"Internet";"Macro"
"72";"ABINEE_VELETCE";7;991;"Inativa";"Abinee";"Consumo e vendas";"Vendas industriais - cafeteiras - qde.";"Vendas industriais de cafeteiras: quantidade";"Não oculta";"Internet";0;0;0;NA;NA;"ABINEE";"Internet";"Macro"
"73";"ABINEE_VELETCR";5;1138;"Inativa";"Abinee";"Consumo e vendas";"Vendas industriais - condicionadores de ar - qde.";"Vendas industriais de condicionadores de ar: quantidade";"Não oculta";"Internet";0;0;0;NA;NA;"ABINEE";"Internet";"Macro"
"74";"ABINEE_VELETE";3;1315;"Inativa";"Abinee";"Consumo e vendas";"Vendas industriais - enceradeiras - qde.";"Vendas industriais de enceradeiras: quantidade";"Não oculta";"Internet";0;0;0;NA;NA;"ABINEE";"Internet";"Macro"
"75";"ABINEE_VELETEF";1;1606;"Inativa";"Abinee";"Consumo e vendas";"Vendas industriais - espremedores de frutas - qde.";"Vendas industriais de espremedores de frutas: quantidade";"Não oculta";"Internet";0;0;0;NA;NA;"ABINEE";"Internet";"Macro"
"76";"ABINEE_VELETFA";1;1606;"Inativa";"Abinee";"Consumo e vendas";"Vendas industriais - ferros automáticos - qde.";"Vendas industriais de ferros automáticos de passar roupa: quantidade";"Não oculta";"Internet";0;0;0;NA;NA;"ABINEE";"Internet";"Macro"
"77";"ABINEE_VELETFC";2;1445;"Inativa";"Abinee";"Consumo e vendas";"Vendas industriais - fonógrafos combinados - qde.";"Vendas industriais de fonógrafos combinados: quantidade";"Não oculta";"Internet";0;0;0;NA;NA;"ABINEE";"Internet";"Macro"
"78";"ABINEE_VELETFG";3;1315;"Inativa";"Abinee";"Consumo e vendas";"Vendas industriais - fogões - qde.";"Vendas industriais de fogões a gás: quantidade";"Não oculta";"Internet";0;0;0;NA;NA;"ABINEE";"Internet";"Macro"
"79";"ABINEE_VELETFM";4;1216;"Inativa";"Abinee";"Consumo e vendas";"Vendas industriais - fornos de microondas - qde.";"Vendas industriais de fornos de microondas: quantidade";"Não oculta";"Internet";0;0;0;NA;NA;"ABINEE";"Internet";"Macro"
"80";"ABINEE_VELETFV";2;1445;"Inativa";"Abinee";"Consumo e vendas";"Vendas industriais - freezers verticais - qde.";"Vendas industriais de freezers verticais: quantidade";"Não oculta";"Internet";0;0;0;NA;NA;"ABINEE";"Internet";"Macro"
"81";"ABINEE_VELETGEL";13;708;"Inativa";"Abinee";"Consumo e vendas";"Vendas industriais - refrigeradores - qde.";"Vendas industriais de refrigeradores: quantidade";"Não oculta";"Internet";0;0;0;NA;NA;"ABINEE";"Internet";"Macro"
"82";"ABINEE_VELETL";3;1315;"Inativa";"Abinee";"Consumo e vendas";"Vendas industriais - liquidificadores - qde.";"Vendas industriais de liquidificadores: quantidade";"Não oculta";"Internet";0;0;0;NA;NA;"ABINEE";"Internet";"Macro"
"83";"ABINEE_VELETMF";2;1445;"Inativa";"Abinee";"Consumo e vendas";"Vendas industriais - mini-fornos - qde.";"Vendas industriais de mini-fornos: quantidade";"Não oculta";"Internet";0;0;0;NA;NA;"ABINEE";"Internet";"Macro"
"84";"ABINEE_VELETPA";7;991;"Inativa";"Abinee";"Consumo e vendas";"Vendas industriais - processadores de alimentos - qde.";"Vendas industriais de processadores de alimentos: quantidade";"Não oculta";"Internet";0;0;0;NA;NA;"ABINEE";"Internet";"Macro"
"85";"ABINEE_VELETRT";6;1048;"Inativa";"Abinee";"Consumo e vendas";"Vendas industriais - rádios transistorizados - qde.";"Vendas industriais de rádios transistorizados: quantidade";"Não oculta";"Internet";0;0;0;NA;NA;"ABINEE";"Internet";"Macro"
"86";"ABINEE_VELETSR";3;1315;"Inativa";"Abinee";"Consumo e vendas";"Vendas industriais - secadoras de roupas - qde.";"Vendas industriais de secadoras de roupas: quantidade";"Não oculta";"Internet";0;0;0;NA;NA;"ABINEE";"Internet";"Macro"
"87";"ABINEE_VELETTP";2;1445;"Inativa";"Abinee";"Consumo e vendas";"Vendas industriais - torradeiras - qde.";"Vendas industriais de torradeiras: quantidade";"Não oculta";"Internet";0;0;0;NA;NA;"ABINEE";"Internet";"Macro"
"88";"ABINEE_VELETTVC";16;619;"Inativa";"Abinee";"Consumo e vendas";"Vendas industriais - televisores em cores - qde.";"Vendas industriais de televisores em cores: quantidade";"Não oculta";"Internet";0;0;0;NA;NA;"ABINEE";"Internet";"Macro"
"89";"ABINEE_VELETTVP";11;772;"Inativa";"Abinee";"Consumo e vendas";"Vendas industriais - televisores em preto e branco - qde.";"Vendas industriais de televisores em preto e branco: quantidade";"Não oculta";"Internet";0;0;0;NA;NA;"ABINEE";"Internet";"Macro"
"90";"ABINEE_VELETV";1;1606;"Inativa";"Abinee";"Consumo e vendas";"Vendas industriais - ventiladores - qde.";"Vendas industriais de ventiladores: quantidade";"Não oculta";"Internet";0;0;0;NA;NA;"ABINEE";"Internet";"Macro"
"91";"ABINEE_VELETVC";9;871;"Inativa";"Abinee";"Consumo e vendas";"Vendas industriais - videocassetes - qde.";"Vendas industriais de videocassetes: quantidade";"Não oculta";"Internet";0;0;0;NA;NA;"ABINEE";"Internet";"Macro"
"92";"ABPO12_PAPEL12";51;251;"Ativa";"ABPO";"Produção";"Expedição de caixas, acessórios e chapas - papelão ondulado - qde.";"Expedição de caixas, acessórios e chapas de papelão ondulado: quantidade";"Não oculta";"Internet";40;0;0;NA;NA;"ABPO12";"Internet";"Macro"
"93";"ANBIMA12_IBVRJ12";4;1262;"Inativa";"Anbima";"Moeda e crédito";"Índice de ações - IBV - fechamento";"Índice de ações: IBV - fechamento";"Não oculta";"Internet";0;0;0;NA;NA;"ANBIMA12";"Internet";"Macro"
"94";"ANBIMA12_IBVSP12";394;26;"Ativa";"Anbima";"Financeiras";"Índice de ações - Ibovespa - fechamento";"Índice de ações: Ibovespa - fechamento";"Não oculta";"Internet";30;0;0;NA;NA;"ANBIMA12";"Internet";"Macro"
"95";"ANBIMA12_TJCDBP12";51;251;"Inativa";"Anbima";"Financeiras";"Taxa de juros - CDB pré-fixado";"Taxa de juros: CDB pré-fixado";"Não oculta";"Internet";0;0;0;NA;NA;"ANBIMA12";"Internet";"Macro"
"96";"ANBIMA12_TJOVER12";NA;NA;"Inativa";"Anbima";"Juros";"Taxa de juros - Over";"Taxa de juros: Overnight";"Oculta";"Intranet";5;0;0;NA;NA;"ANBIMA12";"Oculta";"Macro"
"97";"ANBIMA12_TJPOUP12";125;89;"Ativa";"Anbima";"Financeiras";"Poupança - rendimento nominal - 1º dia útil (até 03.05.2012)";"Poupança: rendimento nominal - 1º dia útil (até 03.05.2012)";"Não oculta";"Internet";30;0;0;NA;NA;"ANBIMA12";"Internet";"Macro"
"98";"ANFAVE_QVEICL";70;161;"Ativa";"Anfavea";"Produção";"Produção - automóveis - montados - qde.";"Produção - automóveis - montados - qde.";"Não oculta";"Intranet";360;0;0;NA;NA;"ANFAVE";"Intranet";"Macro"
"99";"ANFAVE_VQVEICL";75;144;"Ativa";"Anfavea";"Consumo e vendas";"Vendas - automóveis - nacionais - montados - qde.";"Vendas - automóveis - nacionais - montados - qde.";"Não oculta";"Intranet";360;0;0;NA;NA;"ANFAVE";"Intranet";"Macro"
"100";"ANFAVE_XQVEICL";34;342;"Ativa";"Anfavea";"Comércio exterior";"Exportações - automóveis - montados - qde.";"Exportações - automóveis - montados - qde.";"Não oculta";"Intranet";360;0;0;NA;NA;"ANFAVE";"Intranet";"Macro"
"101";"ANFAVE12_MAGRIC12";26;472;"Inativa";"Anfavea";"Produção";"Produção - máquinas agrícolas automotrizes - montados e desmontados - qde.";"Produção - máquinas agrícolas automotrizes - montados e desmontados - qde.";"Oculta";"Intranet";5;0;0;NA;NA;"ANFAVE12";"Oculta";"Macro"
"102";"ANFAVE12_QCAMIN12";20;593;"Inativa";"Anfavea";"Produção";"Produção - caminhões - montados e desmontados - qde.";"Produção - caminhões - montados e desmontados - qde.";"Oculta";"Intranet";5;0;0;NA;NA;"ANFAVE12";"Oculta";"Macro"
"103";"ANFAVE12_QONIBU12";24;508;"Inativa";"Anfavea";"Produção";"Produção - ônibus - montados e desmontados - qde.";"Produção - ônibus - montados e desmontados - qde.";"Oculta";"Intranet";5;0;0;NA;NA;"ANFAVE12";"Oculta";"Macro"
"104";"ANFAVE12_QPASSA12";142;76;"Inativa";"Anfavea";"Produção";"Produção - automóveis - montados e desmontados - qde.";"Produção - automóveis - montados e desmontados - qde.";"Oculta";"Intranet";5;0;0;NA;NA;"ANFAVE12";"Oculta";"Macro"
"105";"ANFAVE12_QVEICL12";32;398;"Inativa";"Anfavea";"Produção";"Produção - veículos comerciais leves - montados e desmontados - qde.";"Produção - veículos comerciais leves - montados e desmontados - qde.";"Oculta";"Intranet";5;0;0;NA;NA;"ANFAVE12";"Oculta";"Macro"
"106";"ANFAVE12_QVETOT12";43;306;"Inativa";"Anfavea";"Produção";"Produção - autoveículos - montados e desmontados - qde.";"Produção - autoveículos - montados e desmontados - qde.";"Oculta";"Intranet";5;0;0;NA;NA;"ANFAVE12";"Oculta";"Macro"
"107";"ANP_CALCO";50;241;"Ativa";"ANP";"Consumo e vendas";"Consumo aparente - álcool carburante - média - qde./dia";"Consumo aparente de álcool carburante: quantidade média diária";"Não oculta";"Internet";45;0;0;"BM_CALCO até 03/abr/2002.";"Gerada";"ANP";"Internet";"Macro"
"108";"ANP_CDEPET";26;432;"Inativa";"ANP";"Consumo e vendas";"Consumo aparente - derivados de petróleo - média - qde./dia";"Consumo aparente de derivados de petróleo: quantidade média diária .";"Não oculta";"Internet";360;0;0;"BM_CDEPET até 03/abr/2002.";"Gerada";"ANP";"Internet";"Macro"
"109";"ANP_CGASOL";58;201;"Inativa";"ANP";"Consumo e vendas";"Consumo aparente - gasolina - qde.";"Consumo aparente de gasolina: quantidade.";"Não oculta";"Internet";360;0;1;"BM_CGASOL até 03/abr/2002.";"Gerada";"ANP";"Internet";"Macro"
"110";"ANP_COLCOM";6;1048;"Inativa";"ANP";"Consumo e vendas";"Consumo aparente - óleo combustível - qde.";"Consumo aparente de óleo combustível: quantidade.";"Não oculta";"Internet";360;0;1;"BM_COLCOM até 03/abr/2002.";"Gerada";"ANP";"Internet";"Macro"
"111";"ANP_COLDIE";27;421;"Inativa";"ANP";"Consumo e vendas";"Consumo aparente - óleo diesel - qde.";"Consumo aparente de óleo diesel: quantidade.";"Não oculta";"Internet";360;0;1;"BM_COLDIE até 03/abr/2002.";"Gerada";"ANP";"Internet";"Macro"
"112";"BM_CRBBC";26;432;"Inativa";"Bacen/Not. Imp./Moeda";"Moeda e crédito";"Empréstimos - setor privado - origem: Banco do Brasil";"Empréstimos - setor privado - origem: Banco do Brasil";"Não oculta";"Internet";90;0;0;NA;NA;"BM";"Internet";"Macro"
"113";"BM_CRBCC";27;421;"Inativa";"Bacen/Not. Imp./Moeda";"Moeda e crédito";"Empréstimos - setor privado - origem: bancos comerciais";"Empréstimos - setor privado - origem: bancos comerciais";"Não oculta";"Internet";90;0;0;NA;NA;"BM";"Internet";"Macro"
"114";"BM_DEPOU";5;1138;"Inativa";"Bacen/Not. Imp./Moeda";"Moeda e crédito";"M3 - depósitos em poupança - fim período";"M3 - depósitos em poupança - fim período";"Não oculta";"Internet";90;0;0;NA;"Gerada";"BM";"Internet";"Macro"
"115";"BM_DEV";34;342;"Inativa";"Bacen/Not. Imp./Moeda";"Moeda e crédito";"M1 - depósitos à vista - fim período";"M1 - depósitos à vista - fim período";"Não oculta";"Internet";60;0;0;NA;"Gerada";"BM";"Internet";"Macro"
"116";"BM_DEVO";3;1315;"Inativa";"Bacen/Not. Imp./Moeda";"Moeda e crédito";"Depósitos à vista - fora do Banco do Brasil";"Depósitos à vista fora do Banco do Brasil";"Não oculta";"Internet";90;0;0;NA;NA;"BM";"Internet";"Macro"
"117";"BM_DEXEEN";22;488;"Ativa";"Bacen/Not. Imp./F. Púb.";"Finanças públicas";"Dívida externa - estatais - líquida";"Dívida externa líquida das empresas estatais";"Não oculta";"Internet";60;0;0;NA;"Gerada";"BM";"Internet";"Macro"
"118";"BM_DEXGFN";41;289;"Ativa";"Bacen/Not. Imp./F. Púb.";"Finanças públicas";"Dívida externa - gov. federal e Banco Central - líquida";"Dívida externa líquida do governo federal e Banco Central";"Não oculta";"Internet";60;0;0;NA;"Gerada";"BM";"Internet";"Macro"
"119";"BM_DEXRFI";11;772;"Ativa";"Bacen/Boletim/BP";"Balanço de pagamentos";"Dívida externa - registrada - taxa fixa";"Dívida externa registrada: taxa fixa";"Não oculta";"Internet";120;0;0;NA;NA;"BM";"Internet";"Macro"
"120";"BM_DEXRFL";10;818;"Ativa";"Bacen/Boletim/BP";"Balanço de pagamentos";"Dívida externa - registrada - taxa flutuante";"Dívida externa registrada: taxa flutuante";"Não oculta";"Internet";120;0;0;NA;NA;"BM";"Internet";"Macro"
"121";"BM_DEXRFLL";15;639;"Ativa";"Bacen/Boletim/BP";"Balanço de pagamentos";"Dívida externa - registrada - taxa Libor";"Dívida externa registrada: taxa Libor";"Não oculta";"Internet";120;0;0;NA;NA;"BM";"Internet";"Macro"
"122";"BM_DEXRFLP";10;818;"Inativa";"Bacen/Boletim/BP";"Balanço de pagamentos";"Dívida externa - registrada - taxa Prime";"Dívida externa registrada: taxa Prime";"Não oculta";"Internet";120;0;0;NA;NA;"BM";"Internet";"Macro"
"123";"BM_DEXRPR";38;308;"Inativa";"Bacen/Boletim/BP";"Balanço de pagamentos";"Dívida externa - privada - registrada";"Dívida externa privada registrada";"Não oculta";"Internet";60;0;0;NA;NA;"BM";"Internet";"Macro"
"124";"BM_DEXT";14;680;"Ativa";"Bacen/Boletim/BP";"Balanço de pagamentos";"Dívida externa bruta (exclui empréstimos intercompanhias)";"Dívida externa bruta (exclui empréstimos intercompanhias)";"Não oculta";"Internet";60;0;0;NA;NA;"BM";"Internet";"Macro"
"125";"BM_DINEEN";14;680;"Ativa";"Bacen/Not. Imp./F. Púb.";"Finanças públicas";"Dívida interna - estatais - líquida";"Dívida interna líquida das empresas estatais";"Não oculta";"Internet";60;0;0;NA;"Gerada";"BM";"Internet";"Macro"
"126";"BM_DINEMN";29;401;"Ativa";"Bacen/Not. Imp./F. Púb.";"Finanças públicas";"Dívida interna - estados e municípios - líquida";"Dívida interna líquida dos estados e municípios";"Não oculta";"Internet";60;0;0;NA;"Gerada";"BM";"Internet";"Macro"
"127";"BM_DINGFN";58;201;"Ativa";"Bacen/Not. Imp./F. Púb.";"Finanças públicas";"Dívida interna - gov. federal e Banco Central - líquida";"Dívida interna líquida do governo federal e Banco Central";"Não oculta";"Internet";60;0;0;NA;"Gerada";"BM";"Internet";"Macro"
"128";"BM_DIPEM";6;1048;"Inativa";"Bacen/Not. Imp./F. Púb.";"Finanças públicas";"Dívida interna - pública - estadual e municipal - títulos emitidos - fim período";"Dívida interna - pública - estadual e municipal - títulos emitidos - fim período";"Não oculta";"Internet";60;0;0;NA;"Gerada";"BM";"Internet";"Macro"
"129";"BM_DIPF";33;353;"Inativa";"Bacen/Not. Imp./F. Púb.";"Finanças públicas";"Dívida mobiliária federal emitida - responsabilidade do Tesouro Nacional - fim período";"Dívida mobiliária federal emitida - responsabilidade do Tesouro Nacional - fim período";"Não oculta";"Internet";60;0;0;NA;"Gerada";"BM";"Internet";"Macro"
"130";"BM_DPIBC";25;444;"Inativa";"Bacen/Not. Imp./F. Púb.";"Finanças públicas";"Dívida mobiliária interna federal - carteira do BC - fim período";"Dívida mobiliária interna federal - carteira do Banco Central - fim período";"Não oculta";"Internet";60;0;0;NA;"Gerada";"BM";"Internet";"Macro"
"131";"BM_DPIPP";27;421;"Ativa";"Bacen/Not. Imp./F. Púb.";"Finanças públicas";"Dívida mobiliária interna federal - títulos fora do BC - fim período";"Dívida mobiliária interna federal - títulos fora do Banco Central - fim período";"Não oculta";"Internet";120;0;0;NA;"Gerada";"BM";"Internet";"Macro"
"132";"BM_DTEEN";33;353;"Ativa";"Bacen/Not. Imp./F. Púb.";"Finanças públicas";"Dívida - total - estatais - líquida";"Dívida total líquida das empresas estatais";"Não oculta";"Internet";60;0;0;NA;"Gerada";"BM";"Internet";"Macro"
"133";"BM_DTEMN";29;401;"Ativa";"Bacen/Not. Imp./F. Púb.";"Finanças públicas";"Dívida - total - estados e municípios - líquida";"Dívida total líquida dos estados e municípios";"Não oculta";"Internet";60;0;0;NA;"Gerada";"BM";"Internet";"Macro"
"134";"BM_DTGFN";68;169;"Ativa";"Bacen/Not. Imp./F. Púb.";"Finanças públicas";"Dívida - total - gov. federal e Banco Central - líquida";"Dívida total líquida do governo federal e Banco Central";"Não oculta";"Internet";60;0;0;"Incluída em 20/fev/2002.";NA;"BM";"Internet";"Macro"
"135";"BM_DTSPN";139;76;"Ativa";"Bacen/Not. Imp./F. Púb.";"Finanças públicas";"Dívida - total - setor público - líquida";"Dívida total líquida do setor público";"Não oculta";"Internet";60;0;0;NA;"Gerada";"BM";"Internet";"Macro"
"136";"BM_ERC";395;13;"Ativa";"Bacen/Boletim/BP";"Câmbio";"Taxa de câmbio - R$ / US$ - comercial - compra - média";"Taxa de câmbio comercial para compra: real (R$) / dólar americano (US$) - média";"Não oculta";"Internet";30;0;0;NA;"Gerada";"BM";"Internet";"Macro"
"137";"BM_ERCF";326;26;"Ativa";"Bacen/Boletim/BP";"Câmbio";"Taxa de câmbio - R$ / US$ - comercial - compra - fim período";"Taxa de câmbio comercial para compra: real (R$) / dólar americano (US$) - fim período";"Não oculta";"Internet";30;0;0;NA;"Gerada";"BM";"Internet";"Macro"
"138";"BM_ERV";368;22;"Ativa";"Bacen/Boletim/BP";"Câmbio";"Taxa de câmbio - R$ / US$ - comercial - venda - média";"Taxa de câmbio comercial para venda: real (R$) / dólar americano (US$) - média";"Não oculta";"Internet";30;0;1;NA;"Gerada";"BM";"Internet";"Macro"
"139";"BM_ERVF";180;58;"Ativa";"Bacen/Boletim/BP";"Câmbio";"Taxa de câmbio - R$ / US$ - comercial - venda - fim período";"Taxa de câmbio comercial para venda: real (R$) / dólar americano (US$) - fim período";"Não oculta";"Internet";30;0;0;NA;"Gerada";"BM";"Internet";"Macro"
"140";"BM_HBC";2;1445;"Inativa";"Bacen/Not. Imp./Moeda";"Moeda e crédito";"Haveres - bancos comerciais";"Haveres: bancos comerciais";"Não oculta";"Internet";90;0;0;NA;NA;"BM";"Internet";"Macro"
"141";"BM_HFIN";1;1606;"Inativa";"Bacen/Not. Imp./Moeda";"Moeda e crédito";"Haveres - financeiros - exceto títulos em poder do BC - fim período";"Haveres financeiros, exceto títulos em poder do Banco Central: fim período";"Não oculta";"Internet";90;0;0;NA;NA;"BM";"Internet";"Macro"
"142";"BM_HFINBC";NA;NA;"Inativa";"Bacen/Not. Imp./Moeda";"Moeda e crédito";"Haveres - financeiros - inclui títulos em poder do BC - fim período";"Haveres financeiros, inclusive títulos em poder do Banco Central: fim período";"Não oculta";"Internet";90;0;0;NA;NA;"BM";"Internet";"Macro"
"143";"BM_HM";3;1315;"Inativa";"Bacen/Not. Imp./Moeda";"Moeda e crédito";"Haveres - monetários - fim período";"Haveres monetários: fim período";"Não oculta";"Internet";90;0;0;NA;NA;"BM";"Internet";"Macro"
"144";"BM_HNM";1;1606;"Inativa";"Bacen/Not. Imp./Moeda";"Moeda e crédito";"Haveres - não monetários - exceto títulos em poder do BC - fim período";"Haveres não monetários, exceto títulos em poder do Banco Central: fim período";"Não oculta";"Internet";90;0;0;NA;NA;"BM";"Internet";"Macro"
"145";"BM_HNMBC";NA;NA;"Inativa";"Bacen/Not. Imp./Moeda";"Moeda e crédito";"Haveres - monetários - inclui títulos em poder do BC - fim período";"Haveres monetários, inclusive títulos em poder do Banco Central: fim período";"Não oculta";"Internet";90;0;0;NA;NA;"BM";"Internet";"Macro"
"146";"BM_IEE";NA;NA;"Inativa";"Min. Fazenda/SRF";"Finanças públicas";"Imposto sobre energia elétrica (IEE)";"Imposto sobre energia elétrica (IEE)";"Oculta";"Internet";90;0;0;NA;NA;"BM";"Oculta";"Macro"
"147";"BM_IEXN";NA;NA;"Inativa";"Min. Fazenda/SRF";"Finanças públicas";"Imposto sobre a exportação (IE)";"Imposto sobre a exportação (IE)";"Oculta";"Internet";90;0;0;NA;NA;"BM";"Oculta";"Macro"
"148";"BM_IIM";NA;NA;"Inativa";"Min. Fazenda/SRF";"Finanças públicas";"Imposto sobre a importação (II)";"Imposto sobre a importação (II)";"Oculta";"Internet";90;0;0;NA;NA;"BM";"Oculta";"Macro"
"149";"BM_IOFN";NA;NA;"Inativa";"Min. Fazenda/SRF";"Finanças públicas";"Receita do Tesouro Nacional - Imposto sobre operações financeiras (IOF)";"Receita do Tesouro Nacional - Imposto sobre operações financeiras (IOF)";"Oculta";"Internet";90;0;0;NA;"Gerada";"BM";"Oculta";"Macro"
"150";"BM_IOUTN";NA;NA;"Inativa";"Min. Fazenda/SRF";"Finanças públicas";"Outros impostos";"Outros impostos";"Oculta";"Internet";90;0;0;NA;NA;"BM";"Oculta";"Macro"
"151";"BM_IPIN";NA;NA;"Inativa";"Min. Fazenda/SRF";"Finanças públicas";"Imposto sobre produtos industrializados (IPI)";"Imposto sobre produtos industrializados (IPI)";"Oculta";"Internet";90;0;0;NA;"Gerada";"BM";"Oculta";"Macro"
"152";"BM_IRN";NA;NA;"Inativa";"Min. Fazenda/SRF";"Finanças públicas";"Imposto sobre a renda (IR)";"Imposto sobre a renda (IR)";"Oculta";"Internet";90;0;0;NA;"Gerada";"BM";"Oculta";"Macro"
"153";"BM_ISSCN";NA;NA;"Inativa";"Min. Fazenda/SRF";"Finanças públicas";"Imposto sobre serviços (ISS) - comunicações";"Imposto sobre serviços (ISS) - comunicações";"Oculta";"Internet";90;0;0;NA;NA;"BM";"Oculta";"Macro"
"154";"BM_IUCLN";NA;NA;"Inativa";"Min. Fazenda/SRF";"Finanças públicas";"Imposto sobre combustíveis e lubrificantes (IUCL)";"Imposto sobre combustíveis e lubrificantes (IUCL)";"Oculta";"Internet";90;0;0;NA;NA;"BM";"Oculta";"Macro"
"155";"BM_IUMN";NA;NA;"Inativa";"Min. Fazenda/SRF";"Finanças públicas";"Imposto único sobre minerais (IUM)";"Imposto único sobre minerais (IUM)";"Oculta";"Internet";90;0;0;NA;NA;"BM";"Oculta";"Macro"
"156";"BM_LFT";6;1048;"Inativa";"Bacen/Not. Imp./F. Púb.";"Finanças públicas";"Títulos públicos federais emitidos - responsabilidade do Tesouro Nacional - LFT - fim período";"Títulos públicos federais emitidos - responsabilidade do Tesouro Nacional - Letras Financeiras do Tesouro Nacional (LFT) - fim período";"Não oculta";"Internet";60;0;0;NA;"Gerada";"BM";"Internet";"Macro"
"157";"BM_LFTBC";6;1048;"Inativa";"Bacen/Not. Imp./F. Púb.";"Finanças públicas";"Títulos públicos federais - carteira do Banco Central - LFT - fim período";"Títulos públicos federais - carteira do Banco Central - Letras Financeiras do Tesouro Nacional (LFT) - fim período";"Não oculta";"Internet";60;0;0;NA;"Gerada";"BM";"Internet";"Macro"
"158";"BM_LFTPP";3;1315;"Ativa";"Bacen/Not. Imp./F. Púb.";"Finanças públicas";"Títulos públicos federais - fora do BC - Tesouro Nacional - LFT - fim período";"Títulos públicos federais - fora do Banco Central - Tesouro Nacional - Letras Financeiras do Tesouro Nacional (LFT) - fim período";"Não oculta";"Internet";60;0;0;NA;"Gerada";"BM";"Internet";"Macro"
"159";"BM_LTN";10;818;"Inativa";"Bacen/Not. Imp./F. Púb.";"Finanças públicas";"Títulos públicos federais emitidos - responsabilidade do Tesouro Nacional - LTN - fim período";"Títulos públicos federais emitidos - responsabilidade do Tesouro Nacional - Letras do Tesouro Nacional (LTN) - fim período";"Não oculta";"Internet";60;0;0;NA;"Gerada";"BM";"Internet";"Macro"
"160";"BM_LTNBC";3;1315;"Inativa";"Bacen/Not. Imp./F. Púb.";"Finanças públicas";"Títulos públicos federais - carteira do Banco Central - LTN - fim período";"Títulos públicos federais - carteira do Banco Central - Letras do Tesouro Nacional (LTN) - fim período";"Não oculta";"Internet";60;0;0;NA;"Gerada";"BM";"Internet";"Macro"
"161";"BM_LTNPP";2;1445;"Ativa";"Bacen/Not. Imp./F. Púb.";"Finanças públicas";"Títulos públicos federais - fora do BC - Tesouro Nacional - LTN - fim período";"Títulos públicos federais - fora do Banco Central - Tesouro Nacional - Letras do Tesouro Nacional (LTN) - fim período";"Não oculta";"Internet";60;0;0;NA;"Gerada";"BM";"Internet";"Macro"
"162";"BM_M0FN";54;224;"Ativa";"Bacen/Not. Imp./Moeda";"Moeda e crédito";"M0 - base monetária - fim período";"M0 - base monetária - fim período";"Não oculta";"Internet";60;0;0;NA;"Gerada";"BM";"Internet";"Macro"
"163";"BM_M1FN";36;326;"Ativa";"Bacen/Not. Imp./Moeda";"Moeda e crédito";"M1 - fim período";"M1 - fim período";"Não oculta";"Internet";60;0;0;NA;"Gerada";"BM";"Internet";"Macro"
"164";"BM_MBCV";NA;NA;"Inativa";"Bacen/Boletim/BP";"Comércio exterior";"Importações - bens de consumo - (FOB)";"Importações de bens de consumo (FOB)";"Oculta";"Intranet";90;0;0;NA;NA;"BM";"Oculta";"Macro"
"165";"BM_MBINPTV";NA;NA;"Inativa";"Bacen/Boletim/BP";"Comércio exterior";"Importações - bens intermediários (exceto petróleo e trigo) - (FOB)";"Importações de bens intermediários, exceto petróleo e trigo (FOB)";"Oculta";"Internet";90;0;0;NA;NA;"BM";"Oculta";"Macro"
"166";"BM_MBIV";NA;NA;"Inativa";"Bacen/Boletim/BP";"Comércio exterior";"Importações - bens intermediários - (FOB)";"Importações de bens intermediários (FOB)";"Oculta";"Intranet";90;0;0;NA;NA;"BM";"Oculta";"Macro"
"167";"BM_MBKV";NA;NA;"Inativa";"Bacen/Boletim/BP";"Comércio exterior";"Importações - bens de capital - (FOB)";"Importações de bens de capital (FOB)";"Oculta";"Intranet";90;0;0;NA;NA;"BM";"Oculta";"Macro"
"168";"BM_MMPV";NA;NA;"Inativa";"Bacen/Boletim/BP";"Comércio exterior";"Importações - matérias-primas - (FOB)";"Importações de matérias-primas (FOB)";"Oculta";"Intranet";90;0;0;NA;NA;"BM";"Oculta";"Macro"
"169";"BM_MNPTV";NA;NA;"Inativa";"Bacen/Boletim/BP";"Comércio exterior";"Importações - exceto petróleo e trigo - (FOB)";"Importações, exceto petróleo e trigo (FOB)";"Oculta";"Internet";90;0;0;NA;NA;"BM";"Oculta";"Macro"
"170";"BM_MPETQ";NA;NA;"Inativa";"Bacen/Boletim/BP";"Comércio exterior";"Importações - petróleo bruto - qde.";"Importações de petróleo bruto: quantidade";"Oculta";"Intranet";90;0;0;NA;NA;"BM";"Oculta";"Macro"
"171";"BM_MPETV";NA;NA;"Inativa";"Bacen/Boletim/BP";"Comércio exterior";"Importações - petróleo bruto - (FOB)";"Importações de petróleo bruto (FOB)";"Oculta";"Intranet";90;0;0;NA;NA;"BM";"Oculta";"Macro"
"172";"BM_MTRIQ";NA;NA;"Inativa";"Bacen/Boletim/BP";"Comércio exterior";"Importações - trigo - qde.";"Importações de trigo: quantidade";"Oculta";"Intranet";90;0;0;NA;NA;"BM";"Oculta";"Macro"
"173";"BM_MTRIV";NA;NA;"Inativa";"Bacen/Boletim/BP";"Comércio exterior";"Importações - trigo - (FOB)";"Importações de trigo (FOB)";"Oculta";"Intranet";90;0;0;NA;NA;"BM";"Oculta";"Macro"
"174";"BM_OTNBC";2;1445;"Inativa";"Bacen/Not. Imp./F. Púb.";"Finanças públicas";"Títulos públicos federais - carteira do Banco Central - OTN - fim período";"Títulos públicos federais - carteira do Banco Central - Obrigações do Tesouro Nacional (OTN) - fim período";"Não oculta";"Internet";90;0;0;NA;NA;"BM";"Internet";"Macro"
"175";"BM_OTNPP";2;1445;"Inativa";"Bacen/Not. Imp./F. Púb.";"Finanças públicas";"Títulos públicos federais - fora do BC - Tesouro Nacional - OTN - fim período";"Títulos públicos federais - fora do Banco Central - Tesouro Nacional - Obrigações do Tesouro Nacional (OTN) - fim período";"Não oculta";"Internet";90;0;0;NA;NA;"BM";"Internet";"Macro"
"176";"ANP_PDALCO";43;275;"Inativa";"ANP";"Produção";"Produção - álcool - qde.";"Produção de álcool: quantidade.";"Não oculta";"Internet";360;0;1;"BM_PDALCO até 03/abr/2002.";"Gerada";"ANP";"Internet";"Macro"
"177";"ANP_PDGASN";7;991;"Inativa";"ANP";"Produção";"Produção - gás natural - qde.";"Produção de gás natural: quantidade.";"Não oculta";"Internet";360;0;1;"BM_PDGASN até 03/abr/2002.";"Gerada";"ANP";"Internet";"Macro"
"178";"ANP_PDPET";18;565;"Inativa";"ANP";"Produção";"Produção - petróleo - qde.";"Produção de petróleo: quantidade.";"Não oculta";"Internet";360;0;1;"BM_PDPET até 03/abr/2002.";"Gerada";"ANP";"Internet";"Macro"
"179";"BM_PIBUSDCM";283;34;"Ativa";"Bacen/Boletim/Ativ. Ec.";"Contas nacionais";"PIB - câmbio médio";"Produto interno bruto (PIB): câmbio médio";"Não oculta";"Internet";90;0;0;NA;NA;"BM";"Internet";"Macro"
"180";"BM_PIBUSDPPC";32;365;"Inativa";"Bacen/Boletim/Ativ. Ec.";"Contas nacionais";"PIB - conceito: paridade do poder de compra (PPC)";"Produto interno bruto (PIB): conceito de paridade do poder de compra (PPC)";"Não oculta";"Internet";90;0;0;NA;NA;"BM";"Internet";"Macro"
"181";"BM_PMPP";48;252;"Inativa";"Bacen/Not. Imp./Moeda";"Moeda e crédito";"M1 - papel-moeda em poder do público - fim período";"M1 - papel-moeda em poder do público - fim período";"Não oculta";"Internet";60;0;0;NA;NA;"BM";"Internet";"Macro"
"182";"BM_PRIME";21;504;"Inativa";"Bacen/Boletim/Intern.";"Economia internacional";"Taxa de juros - Prime - média";"Taxa de juros: Prime - média";"Não oculta";"Internet";60;0;0;NA;NA;"BM";"Internet";"Macro"
"183";"BM_RCM";NA;NA;"Inativa";"Bacen/Not. Imp./Moeda";"Moeda e crédito";"M0 - depósitos compulsórios - fim período";"M0 - depósitos compulsórios - fim período";"Oculta";"Internet";90;0;0;NA;NA;"BM";"Oculta";"Macro"
"184";"BM_RES";171;61;"Ativa";"Bacen/Not. Imp./Set. Ext.";"Balanço de pagamentos";"Reservas internacionais";"Reservas internacionais";"Não oculta";"Internet";25;0;0;NA;NA;"BM";"Internet";"Macro"
"185";"BM_RESNOU";25;444;"Inativa";"Bacen/Boletim/BP";"Balanço de pagamentos";"Reservas internacionais - liquidez internacional - exceto ouro";"Reservas internacionais: liquidez internacional - exceto ouro";"Não oculta";"Internet";60;0;0;NA;NA;"BM";"Internet";"Macro"
"186";"BM_RESOU";14;680;"Inativa";"Bacen/Boletim/BP";"Balanço de pagamentos";"Reservas internacionais - liquidez internacional - ouro";"Reservas internacionais: liquidez internacional - ouro";"Não oculta";"Internet";60;0;0;NA;NA;"BM";"Internet";"Macro"
"187";"SECEX_XBAV";19;538;"Ativa";"MDIC/SECEX";"Comércio exterior";"Exportações - fator agregado - produtos básicos - (FOB)";"Exportações - fator agregado - produtos básicos - (FOB)";"Não oculta";"Intranet";5;0;0;"BM_XBAV até 13/mai/2002.";NA;"SECEX";"Intranet";"Macro"
"188";"BM_XCGV";NA;NA;"Inativa";"Bacen/Boletim/BP";"Comércio exterior";"Exportações - café em grão - (FOB)";"Exportações de café em grão (FOB)";"Oculta";"Intranet";90;0;0;NA;NA;"BM";"Oculta";"Macro"
"189";"BM_XCSV";NA;NA;"Inativa";"Bacen/Boletim/BP";"Comércio exterior";"Exportações - café solúvel - (FOB)";"Exportações de café solúvel (FOB)";"Oculta";"Intranet";90;0;0;NA;NA;"BM";"Oculta";"Macro"
"190";"BM_XDERQ";NA;NA;"Inativa";"Bacen/Boletim/BP";"Comércio exterior";"Exportações - derivados de petróleo - qde.";"Exportações de derivados de petróleo: quantidade";"Oculta";"Intranet";90;0;0;NA;NA;"BM";"Oculta";"Macro"
"191";"BM_XDERV";NA;NA;"Inativa";"Bacen/Boletim/BP";"Comércio exterior";"Exportações - derivados de petróleo - (FOB)";"Exportações de derivados de petróleo (FOB)";"Oculta";"Intranet";90;0;0;NA;NA;"BM";"Oculta";"Macro"
"192";"BM_XINV";NA;NA;"Inativa";"Bacen/Boletim/BP";"Comércio exterior";"Exportações - produtos industrializados - exceto açúcar e café - (FOB)";"Exportações de produtos industrializados, exceto açúcar e café (FOB)";"Oculta";"Internet";90;0;0;NA;NA;"BM";"Oculta";"Macro"
"193";"SECEX_XMV";19;538;"Ativa";"MDIC/SECEX";"Comércio exterior";"Exportações - fator agregado - produtos industrializados - (FOB)";"Exportações - fator agregado - produtos industrializados - (FOB)";"Não oculta";"Intranet";5;0;0;"BM_XMV até 13/mai/2002.";NA;"SECEX";"Intranet";"Macro"
"194";"BM_XNMNCV";NA;NA;"Inativa";"Bacen/Boletim/BP";"Comércio exterior";"Exportações - produtos semi-manufaturados - (FOB)";"Exportações de produtos semi-manufaturados (FOB)";"Oculta";"Internet";90;0;0;NA;NA;"BM";"Oculta";"Macro"
"195";"BM_XNMV";NA;NA;"Inativa";"Bacen/Boletim/BP";"Comércio exterior";"Exportações - produtos não manufaturados - (FOB)";"Exportações de produtos não manufaturados (FOB)";"Oculta";"Internet";90;0;0;NA;NA;"BM";"Oculta";"Macro"
"196";"BM_XPETQ";NA;NA;"Inativa";"Bacen/Boletim/BP";"Comércio exterior";"Exportações - petróleo bruto - qde.";"Exportações de petróleo bruto: quantidade";"Oculta";"Intranet";90;0;0;NA;NA;"BM";"Oculta";"Macro"
"197";"BM_XPETV";NA;NA;"Inativa";"Bacen/Boletim/BP";"Comércio exterior";"Exportações - petróleo bruto - (FOB)";"Exportações de petróleo bruto (FOB)";"Oculta";"Intranet";90;0;0;NA;NA;"BM";"Oculta";"Macro"
"198";"SECEX_XTEV";14;680;"Ativa";"MDIC/SECEX";"Comércio exterior";"Exportações - transações especiais - (FOB)";"Exportações - transações especiais - (FOB)";"Não oculta";"Intranet";5;0;0;"BM_XTEV até 13/mai/2002.";NA;"SECEX";"Intranet";"Macro"
"199";"BM_COMPEN";3;1315;"Inativa";"Bacen/Boletim/BP";"Balanço de pagamentos";"Dívida externa - registrada - empréstimos externos - compensatórios";"Dívida externa registrada: empréstimos externos - compensatórios";"Não oculta";"Internet";90;0;0;NA;NA;"BM";"Internet";"Macro"
"200";"BM_DEXR";51;235;"Inativa";"Bacen/Boletim/BP";"Balanço de pagamentos";"Dívida externa - registrada";"Dívida externa registrada";"Não oculta";"Internet";60;0;1;NA;NA;"BM";"Internet";"Macro"
"201";"BM_FINIMP";8;932;"Inativa";"Bacen/Boletim/BP";"Balanço de pagamentos";"Dívida externa - registrada - financiamentos de importações";"Dívida externa registrada: financiamentos de importações";"Não oculta";"Internet";90;0;0;NA;NA;"BM";"Internet";"Macro"
"202";"BM_IN289";6;1048;"Inativa";"Bacen/Boletim/BP";"Balanço de pagamentos";"Dívida externa - registrada - empréstimos externos em moeda - Instrução nº 289";"Dívida externa registrada: empréstimos externos em moeda - Instrução nº 289";"Não oculta";"Internet";90;0;0;NA;NA;"BM";"Internet";"Macro"
"203";"BP_RES63";NA;NA;"Inativa";"Bacen/Boletim/BP";"Balanço de pagamentos";"Dívida externa - registrada - empréstimos externos em moeda - Resolução nº 63";"Dívida externa registrada: empréstimos externos em moeda - Resolução nº 63";"Não oculta";"Intranet";90;0;0;"BM_RES63 até 22/mai/2001.";NA;"BP";"Intranet";"Macro"
"204";"BM_L4131";7;991;"Inativa";"Bacen/Boletim/BP";"Balanço de pagamentos";"Dívida externa - registrada - empréstimos externos em moeda - Lei nº 4.131";"Dívida externa registrada: empréstimos externos em moeda - Lei nº 4.131";"Não oculta";"Internet";90;0;0;NA;NA;"BM";"Internet";"Macro"
"205";"BM_LI";1;1606;"Inativa";"Bacen/Not. Imp./Moeda";"Finanças públicas";"Letras imobiliárias ou hipotecárias";"Letras imobiliárias ou hipotecárias";"Não oculta";"Internet";90;0;0;NA;NA;"BM";"Internet";"Macro"
"206";"BM_DEVBB";6;1048;"Inativa";"Bacen/Not. Imp./Moeda";"Moeda e crédito";"Depósitos à vista - no Banco do Brasil";"Depósitos à vista no Banco do Brasil";"Não oculta";"Internet";90;0;0;NA;NA;"BM";"Internet";"Macro"
"207";"BM_NFEMPN";11;772;"Inativa";"Bacen/Not. Imp./F. Púb.";"Finanças públicas";"NFSP - estados e municípios - primário - c/ desvalorização cambial";"Necessidade de financiamento do setor público (NFSP) - estados e municípios - conceito primário - c/ desvalorização cambial";"Não oculta";"Internet";30;0;0;NA;"Gerada/Geradora";"BM";"Internet";"Macro"
"208";"BM_AID";8;932;"Inativa";"Bacen/Boletim/BP";"Balanço de pagamentos";"Dívida externa - registrada - empréstimos-programa (AID)";"Dívida externa registrada: empréstimos-programa (AID)";"Não oculta";"Internet";60;0;0;NA;NA;"BM";"Internet";"Macro"
"209";"BM_EMDI";3;1315;"Inativa";"Bacen/Boletim/BP";"Balanço de pagamentos";"Dívida externa - registrada - empréstimos externos - diversos";"Dívida externa registrada: empréstimos externos - diversos";"Não oculta";"Internet";90;0;0;NA;NA;"BM";"Internet";"Macro"
"210";"BM_BONUS";5;1138;"Inativa";"Bacen/Boletim/BP";"Balanço de pagamentos";"Dívida externa - registrada - bônus";"Dívida externa registrada: bônus";"Não oculta";"Internet";60;0;0;NA;NA;"BM";"Internet";"Macro"
"211";"BM_DEPF";11;772;"Inativa";"Bacen/Boletim/M. Finan.";"Moeda e crédito";"Depósitos a prazo - fim período";"Depósitos a prazo: fim de período";"Não oculta";"Internet";60;0;0;NA;NA;"BM";"Internet";"Macro"
"212";"BM_NFEEON";2;1445;"Inativa";"Bacen/Not. Imp./F. Púb.";"Finanças públicas";"NFSP - estatais - operacional - c/ desvalorização cambial";"Necessidade de financiamento do setor público (NFSP) - empresas estatais - conceito operacional - c/ desvalorização cambial";"Não oculta";"Internet";60;0;0;NA;"Gerada/Geradora";"BM";"Internet";"Macro"
"213";"BM_NFEEPN";7;991;"Inativa";"Bacen/Not. Imp./F. Púb.";"Finanças públicas";"NFSP - estatais - primário - c/ desvalorização cambial";"Necessidade de financiamento do setor público (NFSP) - empresas estatais - conceito primário - c/ desvalorização cambial";"Não oculta";"Internet";30;0;0;NA;"Gerada/Geradora";"BM";"Internet";"Macro"
"214";"BM_NFEENN";11;772;"Inativa";"Bacen/Not. Imp./F. Púb.";"Finanças públicas";"NFSP - estatais - nominal - c/ desvalorização cambial";"Necessidade de financiamento do setor público (NFSP) - empresas estatais - conceito nominal - c/ desvalorização cambial";"Não oculta";"Internet";30;0;0;NA;"Gerada/Geradora";"BM";"Internet";"Macro"
"215";"BM_NFGFPN";7;991;"Inativa";"Bacen/Not. Imp./F. Púb.";"Finanças públicas";"NFSP - gov. federal e Banco Central - primário - c/ desvalorização cambial";"Necessidade de financiamento do setor público (NFSP) - governo federal e Banco Central - conceito primário - c/ desvalorização cambial";"Não oculta";"Internet";30;0;0;NA;"Gerada/Geradora";"BM";"Internet";"Macro"
"216";"BM_LC";5;1138;"Inativa";"Bacen/Not. Imp./Moeda";"Finanças públicas";"Letras de câmbio";"Letras de câmbio";"Não oculta";"Internet";90;0;0;NA;NA;"BM";"Internet";"Macro"
"217";"BM_OTN";1;1606;"Inativa";"Bacen/Not. Imp./F. Púb.";"Finanças públicas";"Títulos públicos federais emitidos - responsabilidade do Tesouro Nacional - OTN - fim período";"Títulos públicos federais emitidos - responsabilidade do Tesouro Nacional - Obrigações do Tesouro Nacional (OTN) - fim período";"Não oculta";"Internet";90;0;0;NA;NA;"BM";"Internet";"Macro"
"218";"BM_PMBC";NA;NA;"Inativa";"Bacen/Not. Imp./Moeda";"Moeda e crédito";"M0 - papel-moeda no caixa dos bancos - fim período";"M0 - papel-moeda no caixa dos bancos - fim período";"Oculta";"Internet";90;0;0;NA;NA;"BM";"Oculta";"Macro"
"219";"BM_DEXEMN";19;538;"Ativa";"Bacen/Not. Imp./F. Púb.";"Finanças públicas";"Dívida externa - estados e municípios - líquida";"Dívida externa líquida dos estados e municípios";"Não oculta";"Internet";60;0;0;NA;NA;"BM";"Internet";"Macro"
"220";"BM_DEXNR";6;1048;"Inativa";"Bacen/Boletim/BP";"Balanço de pagamentos";"Dívida externa - não registrada";"Dívida externa não registrada";"Não oculta";"Internet";60;0;0;NA;NA;"BM";"Internet";"Macro"
"221";"BM_VOTNF";NA;NA;"Inativa";"Bacen/Not. Imp./F. Púb.";"Finanças públicas";"Obrigações do Tesouro Nacional (OTN)";"Obrigações do Tesouro Nacional (OTN)";"Oculta";"Internet";90;0;0;NA;NA;"BM";"Oculta";"Macro"
"222";"BM_XEMV";NA;NA;"Inativa";"Bacen/Boletim/BP";"Comércio exterior";"Exportações - indústria extrativa mineral - (FOB)";"Exportações de indústria extrativa mineral (FOB)";"Oculta";"Intranet";90;0;0;NA;NA;"BM";"Oculta";"Macro"
"223";"BM_DEXRSP";63;188;"Inativa";"Bacen/Boletim/BP";"Balanço de pagamentos";"Dívida externa - pública - registrada";"Dívida externa pública registrada";"Não oculta";"Internet";60;0;0;NA;NA;"BM";"Internet";"Macro"
"224";"BM_MCLV";NA;NA;"Inativa";"Bacen/Boletim/BP";"Comércio exterior";"Importações - combustíveis e lubrificantes - (FOB)";"Importações de combustíveis e lubrificantes (FOB)";"Oculta";"Intranet";90;0;0;NA;NA;"BM";"Oculta";"Macro"
"225";"BM_KED";30;386;"Inativa";"Bacen/Boletim/BP";"Balanço de pagamentos";"Investimentos / reinvestimentos diretos - estrangeiros - registrados no país";"Investimentos / reinvestimentos diretos estrangeiros registrados no país";"Não oculta";"Internet";90;0;0;NA;NA;"BM";"Internet";"Macro"
"226";"ANP_CODP";15;639;"Ativa";"ANP";"Consumo e vendas";"Consumo aparente - derivados de petróleo - outros - média - qde./dia";"Consumo aparente de outros derivados de petróleo: quantidade média diária";"Não oculta";"Internet";45;0;0;"BM_CODP até 03/abr/2002.";"Gerada";"ANP";"Internet";"Macro"
"227";"BP_EMTOT";NA;NA;"Inativa";"Bacen/Boletim/BP";"Balanço de pagamentos";"Dívida externa - registrada - empréstimos externos em moeda";"Dívida externa registrada: empréstimos externos em moeda";"Não oculta";"Intranet";90;0;0;"BM_EMTOT até 22/mai/2001.";NA;"BP";"Intranet";"Macro"
"228";"BM_RVBC";NA;NA;"Inativa";"Bacen/Not. Imp./Moeda";"Moeda e crédito";"M0 - reservas bancárias - voluntárias no Banco do Brasil - fim período";"M0 - reservas bancárias - voluntárias no Banco do Brasil - fim período";"Oculta";"Internet";90;0;0;NA;NA;"BM";"Oculta";"Macro"
"229";"BM12_BTN12";7;1050;"Inativa";"Bacen/Not. Imp./F. Púb.";"Finanças públicas";"Títulos públicos federais emitidos - responsabilidade do Tesouro Nacional - BTN - fim período";"Títulos públicos federais emitidos - responsabilidade do Tesouro Nacional - Bônus do Tesouro Nacional (BTN) - fim período";"Não oculta";"Internet";60;0;0;NA;NA;"BM12";"Internet";"Macro"
"230";"ANP12_CALCO12";77;158;"Ativa";"ANP";"Consumo e vendas";"Consumo aparente - álcool carburante - média - qde./dia";"Consumo aparente de álcool carburante: quantidade média diária";"Não oculta";"Internet";60;0;0;"BM12_CALCO12 até 03/abr/2002.";"Geradora";"ANP12";"Internet";"Macro"
"231";"ANP12_CDEPET12";37;351;"Ativa";"ANP";"Consumo e vendas";"Consumo aparente - derivados de petróleo - média - qde./dia";"Consumo aparente de derivados de petróleo: quantidade média diária";"Não oculta";"Internet";60;0;0;"BM12_CDEPET12 até 03/abr/2002.";"Geradora";"ANP12";"Internet";"Macro"
"232";"ELETRO12_CEECO12";10;894;"Ativa";"Eletrobras";"Consumo e vendas";"Consumo - energia elétrica - Região Centro-Oeste (CO) - qde.";"Consumo de energia elétrica na Região Centro-Oeste (CO): quantidade";"Não oculta";"Internet";60;0;0;"BM12_CEECO12 até 03/abr/2002.";NA;"ELETRO12";"Internet";"Macro"
"233";"ELETRO12_CEENE12";25;491;"Ativa";"Eletrobras";"Consumo e vendas";"Consumo - energia elétrica - Região Nordeste (NE) - qde.";"Consumo de energia elétrica na Região Nordeste (NE): quantidade";"Não oculta";"Internet";60;0;0;"BM12_CEENE12 até 03/abr/2002.";NA;"ELETRO12";"Internet";"Macro"
"234";"ELETRO12_CEENO12";8;996;"Ativa";"Eletrobras";"Consumo e vendas";"Consumo - energia elétrica - Região Norte (N) - qde.";"Consumo de energia elétrica na Região Norte (N): quantidade";"Não oculta";"Internet";60;0;0;"BM12_CEENO12 até 03/abr/2002.";NA;"ELETRO12";"Internet";"Macro"
"235";"ELETRO12_CEESE12";17;667;"Ativa";"Eletrobras";"Consumo e vendas";"Consumo - energia elétrica - Região Sudeste (SE) - qde.";"Consumo de energia elétrica na Região Sudeste (SE): quantidade";"Não oculta";"Internet";60;0;0;"BM12_CEESE12 até 03/abr/2002.";NA;"ELETRO12";"Internet";"Macro"
"236";"ELETRO12_CEESU12";17;667;"Ativa";"Eletrobras";"Consumo e vendas";"Consumo - energia elétrica - Região Sul (S) - qde.";"Consumo de energia elétrica na Região Sul (S): quantidade";"Não oculta";"Internet";60;0;0;"BM12_CEESU12 até 03/abr/2002.";NA;"ELETRO12";"Internet";"Macro"
"237";"ANP12_CGASOL12";51;251;"Ativa";"ANP";"Consumo e vendas";"Consumo aparente - gasolina - média - qde./dia";"Consumo aparente de gasolina: quantidade média diária";"Não oculta";"Internet";60;0;0;"BM12_CGASOL12 até 03/abr/2002.";"Geradora";"ANP12";"Internet";"Macro"
"238";"BM12_CLPJN12";NA;NA;"Inativa";"Min. Fazenda/SRF";"Finanças públicas";"Receita do Tesouro Nacional - Contribuição social sobre o lucro líquido (CSLL) - pessoa jurídica";"Receita do Tesouro Nacional - Contribuição social sobre o lucro líquido (CSLL) - pessoa jurídica";"Oculta";"Internet";15;0;0;NA;NA;"BM12";"Oculta";"Macro"
"239";"ANP12_CODP12";12;812;"Ativa";"ANP";"Consumo e vendas";"Consumo aparente - derivados de petróleo - outros - média - qde./dia";"Consumo aparente de outros derivados de petróleo: quantidade média diária";"Não oculta";"Internet";60;0;0;"BM12_CODP12 até 03/abr/2002.";"Geradora";"ANP12";"Internet";"Macro"
"240";"ANP12_COLCOM12";8;996;"Ativa";"ANP";"Consumo e vendas";"Consumo aparente - óleo combustível - média - qde./dia";"Consumo aparente de óleo combustível: quantidade média diária";"Não oculta";"Internet";60;0;0;"BM12_COLCOM12 até 03/abr/2002.";"Geradora";"ANP12";"Internet";"Macro"
"241";"ANP12_COLDIE12";30;421;"Ativa";"ANP";"Consumo e vendas";"Consumo aparente - óleo diesel - média - qde./dia";"Consumo aparente de óleo diesel: quantidade média diária";"Não oculta";"Internet";60;0;0;"BM12_COLDIE12 até 03/abr/2002.";"Geradora";"ANP12";"Internet";"Macro"
"242";"BM12_CPMF12";NA;NA;"Inativa";"Bacen/Not. Imp./F. Púb.";"Finanças públicas";"Receita do Tesouro Nacional - Contribuição provisória sobre movimentação financeira (CPMF)";"Receita do Tesouro Nacional - Contribuição provisória sobre movimentação financeira (CPMF)";"Oculta";"Internet";15;0;0;NA;NA;"BM12";"Oculta";"Macro"
"243";"BM12_DCNR12";24;508;"Inativa";"Bacen/Not. Imp./Moeda";"Moeda e crédito";"M0 - base monetária ampliada - depósitos compulsórios não remunerados - fim período";"M0 - base monetária ampliada - depósitos compulsórios não remunerados - fim período";"Oculta";"Internet";60;0;0;NA;NA;"BM12";"Oculta";"Macro"
"244";"BM12_DCR12";17;667;"Inativa";"Bacen/Not. Imp./Moeda";"Moeda e crédito";"M0 - base monetária ampliada - depósitos compulsórios remunerados - fim período";"M0 - base monetária ampliada - depósitos compulsórios remunerados - fim período";"Oculta";"Internet";60;0;0;NA;NA;"BM12";"Oculta";"Macro"
"245";"BM12_DCRM12";12;812;"Inativa";"Bacen/Not. Imp./Moeda";"Moeda e crédito";"M0 - base monetária ampliada - depósitos compulsórios remunerados - média";"M0 - base monetária ampliada - depósitos compulsórios remunerados - média";"Oculta";"Internet";60;0;0;NA;NA;"BM12";"Oculta";"Macro"
"246";"BM12_DCRN12";14;737;"Inativa";"Bacen/Not. Imp./Moeda";"Moeda e crédito";"M0 - base monetária ampliada - depósitos compulsórios não remunerados - média";"M0 - base monetária ampliada - depósitos compulsórios não remunerados - média";"Oculta";"Internet";60;0;0;NA;NA;"BM12";"Oculta";"Macro"
"247";"BM12_DERN12";3;1356;"Inativa";"Bacen/Not. Imp./Moeda";"Moeda e crédito";"M2 - depósitos especiais remunerados (DER) - fim período";"M2 - depósitos especiais remunerados (DER) - fim período";"Oculta";"Internet";15;0;0;NA;NA;"BM12";"Oculta";"Macro"
"248";"STN12_DESTN12";73;169;"Inativa";"Min. Fazenda/STN";"Finanças públicas";"Execução financeira - despesas - total";"Execução financeira do Tesouro Nacional - despesas - total";"Não oculta";"Internet";30;0;0;NA;NA;"STN12";"Internet";"Macro"
"249";"BM12_DEVO12";3;1356;"Inativa";"Bacen/Not. Imp./Moeda";"Moeda e crédito";"Depósitos à vista - fora do Banco do Brasil";"Depósitos à vista fora do Banco do Brasil";"Oculta";"Internet";15;0;0;NA;NA;"BM12";"Oculta";"Macro"
"250";"BM12_DEXEEN12";28;441;"Ativa";"Bacen/Not. Imp./F. Púb.";"Finanças públicas";"Dívida externa - estatais - líquida";"Dívida externa líquida das empresas estatais";"Não oculta";"Internet";30;0;0;NA;NA;"BM12";"Internet";"Macro"
"251";"BM12_DEXEEY12";42;313;"Ativa";"Bacen/Not. Imp./F. Púb.";"Finanças públicas";"Dívida externa - estatais - líquida";"Dívida externa líquida das empresas estatais";"Não oculta";"Internet";30;0;0;NA;NA;"BM12";"Internet";"Macro"
"252";"BM12_DEXEMN12";18;647;"Ativa";"Bacen/Not. Imp./F. Púb.";"Finanças públicas";"Dívida externa - estados e municípios - líquida";"Dívida externa líquida dos estados e municípios";"Não oculta";"Internet";30;0;0;NA;NA;"BM12";"Internet";"Macro"
"253";"BM12_DEXEMY12";46;289;"Ativa";"Bacen/Not. Imp./F. Púb.";"Finanças públicas";"Dívida externa - estados e municípios - líquida";"Dívida externa líquida dos estados e municípios";"Não oculta";"Internet";30;0;0;NA;NA;"BM12";"Internet";"Macro"
"254";"BM12_DEXGFN12";50;259;"Ativa";"Bacen/Not. Imp./F. Púb.";"Finanças públicas";"Dívida externa - gov. federal e Banco Central - líquida";"Dívida externa líquida do governo federal e Banco Central";"Não oculta";"Internet";30;0;0;NA;NA;"BM12";"Internet";"Macro"
"255";"BM12_DEXGFY12";65;190;"Ativa";"Bacen/Not. Imp./F. Púb.";"Finanças públicas";"Dívida externa - gov. federal e Banco Central - líquida";"Dívida externa líquida do governo federal e Banco Central";"Não oculta";"Internet";30;0;0;NA;NA;"BM12";"Internet";"Macro"
"256";"BM12_DEXSPN12";171;61;"Ativa";"Bacen/Not. Imp./F. Púb.";"Finanças públicas";"Dívida externa - setor público - líquida";"Dívida externa líquida do setor público";"Não oculta";"Internet";30;0;0;NA;NA;"BM12";"Internet";"Macro"
"257";"BM12_DIAJPN12";25;491;"Inativa";"Bacen/Not. Imp./F. Púb.";"Finanças públicas";"Dívida - setor público - ajuste patrimonial - líquida";"Dívida líquida do setor público: ajuste patrimonial";"Não oculta";"Internet";60;0;0;NA;NA;"BM12";"Internet";"Macro"
"258";"BM12_DIAJPY12";72;172;"Inativa";"Bacen/Not. Imp./F. Púb.";"Finanças públicas";"Dívida - setor público - ajuste patrimonial - líquida";"Dívida líquida do setor público: ajuste patrimonial";"Não oculta";"Internet";60;0;0;NA;NA;"BM12";"Internet";"Macro"
"259";"BM12_DIFISPN12";20;593;"Ativa";"Bacen/Not. Imp./F. Púb.";"Finanças públicas";"Dívida fiscal - setor público - líquida";"Dívida fiscal líquida do setor público";"Não oculta";"Internet";30;0;0;NA;NA;"BM12";"Internet";"Macro"
"260";"BM12_DIFISPY12";73;169;"Ativa";"Bacen/Not. Imp./F. Púb.";"Finanças públicas";"Dívida fiscal - setor público - líquida";"Dívida fiscal líquida do setor público";"Não oculta";"Internet";30;0;0;NA;NA;"BM12";"Internet";"Macro"
"261";"BM12_DINEEN12";9;946;"Ativa";"Bacen/Not. Imp./F. Púb.";"Finanças públicas";"Dívida interna - estatais - líquida";"Dívida interna líquida das empresas estatais";"Não oculta";"Internet";30;0;0;NA;NA;"BM12";"Internet";"Macro"
"262";"BM12_DINEEY12";20;593;"Ativa";"Bacen/Not. Imp./F. Púb.";"Finanças públicas";"Dívida interna - estatais - líquida";"Dívida interna líquida das empresas estatais";"Não oculta";"Internet";30;0;0;NA;NA;"BM12";"Internet";"Macro"
"263";"BM12_DINEMN12";16;690;"Ativa";"Bacen/Not. Imp./F. Púb.";"Finanças públicas";"Dívida interna - estados e municípios - líquida";"Dívida interna líquida dos estados e municípios";"Não oculta";"Internet";30;0;0;NA;NA;"BM12";"Internet";"Macro"
"264";"BM12_DINEMY12";30;421;"Ativa";"Bacen/Not. Imp./F. Púb.";"Finanças públicas";"Dívida interna - estados e municípios - líquida";"Dívida interna líquida dos estados e municípios";"Não oculta";"Internet";30;0;0;NA;NA;"BM12";"Internet";"Macro"
"265";"BM12_DINGFN12";37;351;"Ativa";"Bacen/Not. Imp./F. Púb.";"Finanças públicas";"Dívida interna - gov. federal e Banco Central - líquida";"Dívida interna líquida do governo federal e Banco Central";"Não oculta";"Internet";30;0;0;NA;NA;"BM12";"Internet";"Macro"
"266";"BM12_DINGFY12";41;319;"Ativa";"Bacen/Not. Imp./F. Púb.";"Finanças públicas";"Dívida interna - gov. federal e Banco Central - líquida";"Dívida interna líquida do governo federal e Banco Central";"Não oculta";"Internet";30;0;0;NA;NA;"BM12";"Internet";"Macro"
"267";"BM12_DINSPN12";79;151;"Ativa";"Bacen/Not. Imp./F. Púb.";"Finanças públicas";"Dívida interna - setor público - líquida";"Dívida interna líquida do setor público";"Não oculta";"Internet";30;0;0;NA;NA;"BM12";"Internet";"Macro"
"268";"BM12_DINSPY12";158;69;"Ativa";"Bacen/Not. Imp./F. Púb.";"Finanças públicas";"Dívida interna - setor público - líquida";"Dívida interna líquida do setor público";"Não oculta";"Internet";30;0;0;NA;NA;"BM12";"Internet";"Macro"
"269";"BM12_DIVBC12";41;319;"Inativa";"Bacen/Not. Imp./F. Púb.";"Finanças públicas";"Dívida mobiliária interna federal - carteira do BC - fim período";"Dívida mobiliária interna federal - carteira do Banco Central - fim período";"Não oculta";"Internet";60;0;0;NA;"Gerada";"BM12";"Internet";"Macro"
"270";"STN12_DOVN12";3;1356;"Inativa";"Min. Fazenda/STN";"Finanças públicas";"Execução financeira - despesas - liberações vinculadas - outras vinculações";"Execução financeira do Tesouro Nacional - despesas - liberações vinculadas - outras vinculações";"Não oculta";"Internet";30;0;0;NA;NA;"STN12";"Internet";"Macro"
"271";"BM12_DRME12";16;690;"Inativa";"Bacen/Not. Imp./Moeda";"Moeda e crédito";"Depósitos - moeda estrangeira - registrados";"Depósitos registrados em moeda estrangeira";"Oculta";"Internet";60;0;0;NA;NA;"BM12";"Oculta";"Macro"
"272";"BM12_DTEEN12";27;457;"Ativa";"Bacen/Not. Imp./F. Púb.";"Finanças públicas";"Dívida - total - estatais - líquida";"Dívida total líquida das empresas estatais";"Não oculta";"Internet";30;0;0;NA;NA;"BM12";"Internet";"Macro"
"273";"BM12_DTEEY12";43;306;"Ativa";"Bacen/Not. Imp./F. Púb.";"Finanças públicas";"Dívida - total - estatais - líquida";"Dívida total líquida das empresas estatais";"Não oculta";"Internet";30;0;0;NA;NA;"BM12";"Internet";"Macro"
"274";"BM12_DTEMN12";28;441;"Ativa";"Bacen/Not. Imp./F. Púb.";"Finanças públicas";"Dívida - total - estados e municípios - líquida";"Dívida total líquida dos estados e municípios";"Não oculta";"Internet";30;0;0;NA;NA;"BM12";"Internet";"Macro"
"275";"BM12_DTEMY12";87;136;"Ativa";"Bacen/Not. Imp./F. Púb.";"Finanças públicas";"Dívida - total - estados e municípios - líquida";"Dívida total líquida dos estados e municípios";"Não oculta";"Internet";30;0;0;NA;NA;"BM12";"Internet";"Macro"
"276";"BM12_DTGFN12";55;231;"Ativa";"Bacen/Not. Imp./F. Púb.";"Finanças públicas";"Dívida - total - gov. federal e Banco Central - líquida";"Dívida total líquida do governo federal e Banco Central";"Não oculta";"Internet";30;0;0;NA;NA;"BM12";"Internet";"Macro"
"277";"BM12_DTGFY12";113;99;"Ativa";"Bacen/Not. Imp./F. Púb.";"Finanças públicas";"Dívida - total - gov. federal e Banco Central - líquida";"Dívida total líquida do governo federal e Banco Central";"Não oculta";"Internet";30;0;0;NA;NA;"BM12";"Internet";"Macro"
"278";"BM12_DTSPN12";182;54;"Ativa";"Bacen/Not. Imp./F. Púb.";"Finanças públicas";"Dívida - total - setor público - líquida";"Dívida total líquida do setor público";"Não oculta";"Internet";30;0;0;NA;NA;"BM12";"Internet";"Macro"
"279";"BM12_DTSPY12";723;16;"Ativa";"Bacen/Not. Imp./F. Púb.";"Finanças públicas";"Dívida - total - setor público - líquida";"Dívida total líquida do setor público";"Não oculta";"Internet";30;0;0;NA;NA;"BM12";"Internet";"Macro"
"280";"BM12_ERC12";745;15;"Ativa";"Bacen/Boletim/BP";"Câmbio";"Taxa de câmbio - R$ / US$ - comercial - compra - média";"Taxa de câmbio comercial para compra: real (R$) / dólar americano (US$) - média";"Não oculta";"Internet";5;0;0;NA;NA;"BM12";"Internet";"Macro"
"281";"BM12_ERCF12";722;17;"Ativa";"Bacen/Boletim/BP";"Câmbio";"Taxa de câmbio - R$ / US$ - comercial - compra - fim período";"Taxa de câmbio comercial para compra: real (R$) / dólar americano (US$) - fim período";"Não oculta";"Internet";5;0;0;NA;NA;"BM12";"Internet";"Macro"
"282";"BM12_ERFF12";50;259;"Inativa";"Bacen/Boletim/BP";"Câmbio";"Taxa de câmbio - R$ / US$ - flutuante - venda - fim período";"Taxa de câmbio flutuante para venda: real (R$) / dólar americano (US$) - fim período";"Não oculta";"Internet";15;0;0;NA;NA;"BM12";"Internet";"Macro"
"283";"BM12_ERV12";800;14;"Ativa";"Bacen/Boletim/BP";"Câmbio";"Taxa de câmbio - R$ / US$ - comercial - venda - média";"Taxa de câmbio comercial para venda: real (R$) / dólar americano (US$) - média";"Não oculta";"Internet";5;0;0;NA;"Geradora";"BM12";"Internet";"Macro"
"284";"BM12_ERVF12";598;22;"Ativa";"Bacen/Boletim/BP";"Câmbio";"Taxa de câmbio - R$ / US$ - comercial - venda - fim período";"Taxa de câmbio comercial para venda: real (R$) / dólar americano (US$) - fim período";"Não oculta";"Internet";5;0;0;NA;NA;"BM12";"Internet";"Macro"
"285";"BM12_FINSOCIALN12";NA;NA;"Inativa";"Min. Fazenda/SRF";"Finanças públicas";"Receita do Tesouro Nacional - Contribuição - Finsocial / Cofins";"Receita do Tesouro Nacional - Contribuição para o Finsocial / Cofins";"Oculta";"Internet";15;0;0;NA;NA;"BM12";"Oculta";"Macro"
"286";"BM12_HFIN12";1;1628;"Inativa";"Bacen/Not. Imp./Moeda";"Moeda e crédito";"Haveres - financeiros - exceto títulos em poder do BC - fim período";"Haveres financeiros, exceto títulos em poder do Banco Central: fim período";"Oculta";"Internet";15;0;0;NA;NA;"BM12";"Oculta";"Macro"
"287";"BM12_HFINBC12";1;1628;"Inativa";"Bacen/Not. Imp./Moeda";"Moeda e crédito";"Haveres - financeiros - inclui títulos em poder do BC - fim período";"Haveres financeiros, inclusive títulos em poder do Banco Central: fim período";"Oculta";"Internet";15;0;0;NA;NA;"BM12";"Oculta";"Macro"
"288";"BM12_HM12";3;1356;"Inativa";"Bacen/Not. Imp./Moeda";"Moeda e crédito";"Haveres - monetários - fim período";"Haveres monetários: fim período";"Oculta";"Internet";15;0;0;NA;NA;"BM12";"Oculta";"Macro"
"289";"BM12_HNM12";3;1356;"Inativa";"Bacen/Not. Imp./Moeda";"Moeda e crédito";"Haveres - não monetários - exceto títulos em poder do BC - fim período";"Haveres não monetários, exceto títulos em poder do Banco Central: fim período";"Oculta";"Internet";15;0;0;NA;NA;"BM12";"Oculta";"Macro"
"290";"BM12_HNMBC12";1;1628;"Inativa";"Bacen/Not. Imp./Moeda";"Moeda e crédito";"Haveres - monetários - inclui títulos em poder do BC - fim período";"Haveres monetários, inclusive títulos em poder do Banco Central: fim período";"Oculta";"Internet";15;0;0;NA;NA;"BM12";"Oculta";"Macro"
"291";"CONFAZ12_ICMSN12";46;289;"Ativa";"Min. Fazenda/Cotepe";"Finanças públicas";"Imposto sobre a circulação de mercadorias (ICMS) - Total Brasil";"Imposto sobre a circulação de mercadorias (ICMS) - Total Brasil";"Não oculta";"Internet";40;0;0;"BM12_ICMSN12 até 03/abr/2002.";NA;"CONFAZ12";"Internet";"Macro"
"292";"BM12_IIN12";NA;NA;"Inativa";"Min. Fazenda/SRF";"Finanças públicas";"Receita do Tesouro Nacional - Imposto sobre a importação (II)";"Receita do Tesouro Nacional - Imposto sobre a importação (II)";"Oculta";"Internet";15;0;0;NA;NA;"BM12";"Oculta";"Macro"
"293";"BM12_IOFN12";NA;NA;"Inativa";"Min. Fazenda/SRF";"Finanças públicas";"Receita do Tesouro Nacional - Imposto sobre operações financeiras (IOF)";"Receita do Tesouro Nacional - Imposto sobre operações financeiras (IOF)";"Oculta";"Internet";15;0;0;NA;NA;"BM12";"Oculta";"Macro"
"294";"BM12_IPIN12";NA;NA;"Inativa";"Min. Fazenda/SRF";"Finanças públicas";"Receita do Tesouro Nacional - Imposto sobre produtos industrializados (IPI)";"Receita do Tesouro Nacional - Imposto sobre produtos industrializados (IPI)";"Oculta";"Internet";15;0;0;NA;NA;"BM12";"Oculta";"Macro"
"295";"BM12_IRN12";NA;NA;"Inativa";"Min. Fazenda/SRF";"Finanças públicas";"Receita do Tesouro Nacional - Imposto sobre a renda (IR)";"Receita do Tesouro Nacional - Imposto sobre a renda (IR)";"Oculta";"Internet";15;0;0;NA;NA;"BM12";"Oculta";"Macro"
"296";"BM12_LIBOR12";128;87;"Inativa";"Bacen/Boletim/Intern.";"Economia internacional";"Taxa de juros - Libor / dólar americano - média";"Taxa de juros: Libor / dólar americano (US$) - média";"Não oculta";"Internet";60;0;0;NA;NA;"BM12";"Internet";"Macro"
"297";"BM12_LIBORD12";32;398;"Inativa";"Bacen/Boletim/Intern.";"Economia internacional";"Taxa de juros - Libor / marco alemão - média";"Taxa de juros: Libor / marco alemão (DM) - média";"Não oculta";"Internet";60;0;0;NA;NA;"BM12";"Internet";"Macro"
"298";"BM12_LIBORL12";31;407;"Inativa";"Bacen/Boletim/Intern.";"Economia internacional";"Taxa de juros - Libor / libra esterlina - média";"Taxa de juros: Libor / libra esterlina (£) - média";"Não oculta";"Internet";60;0;0;NA;NA;"BM12";"Internet";"Macro"
"299";"BM12_LIBORY12";21;569;"Inativa";"Bacen/Boletim/Intern.";"Economia internacional";"Taxa de juros - Libor / iene japonês - média";"Taxa de juros: Libor / iene japonês (¥) - média";"Não oculta";"Internet";60;0;0;NA;NA;"BM12";"Internet";"Macro"
"300";"BM12_LTNEBC12";4;1262;"Inativa";"Bacen/Not. Imp./F. Púb.";"Finanças públicas";"Títulos públicos federais - carteira do Banco Central - LTN especiais - fim período";"Títulos públicos federais - carteira do Banco Central - Letras do Tesouro Nacional (LTN) especiais - fim período";"Não oculta";"Internet";15;0;0;NA;NA;"BM12";"Internet";"Macro"
"301";"BM12_M0AN12";8;996;"Inativa";"Bacen/Not. Imp./Moeda";"Moeda e crédito";"M0 - base monetária ampliada - fim período";"M0 - base monetária ampliada - fim período";"Oculta";"Internet";60;0;0;NA;NA;"BM12";"Oculta";"Macro"
"302";"BM12_M0ANH12";12;812;"Inativa";"Bacen/Not. Imp./Moeda";"Moeda e crédito";"M0 - base monetária ampliada - média";"M0 - base monetária ampliada - média";"Oculta";"Internet";60;0;0;NA;NA;"BM12";"Oculta";"Macro"
"303";"BM12_M0MN12";50;259;"Ativa";"Bacen/Not. Imp./Moeda";"Moeda e crédito";"M0 - base monetária - média";"M0 - base monetária - média";"Não oculta";"Internet";30;0;0;NA;"Independente";"BM12";"Internet";"Macro"
"304";"BM12_M0N12";101;109;"Ativa";"Bacen/Not. Imp./Moeda";"Moeda e crédito";"M0 - base monetária - fim período";"M0 - base monetária - fim período";"Não oculta";"Internet";30;0;0;NA;"Geradora";"BM12";"Internet";"Macro"
"305";"BM12_M1MN12";69;181;"Ativa";"Bacen/Not. Imp./Moeda";"Moeda e crédito";"M1 - média";"M1 - média";"Não oculta";"Internet";30;0;0;NA;"Independente";"BM12";"Internet";"Macro"
"306";"BM12_M1N12";118;97;"Ativa";"Bacen/Not. Imp./Moeda";"Moeda e crédito";"M1 - fim período";"M1 - fim período";"Não oculta";"Internet";30;0;0;NA;"Geradora";"BM12";"Internet";"Macro"
"307";"BM12_M2N12";50;259;"Inativa";"Bacen/Not. Imp./Moeda";"Moeda e crédito";"M2 - fim período";"M2 - fim período";"Oculta";"Internet";15;0;0;NA;"Gerada";"BM12";"Oculta";"Macro"
"308";"BM12_M3N12";18;647;"Inativa";"Bacen/Not. Imp./Moeda";"Moeda e crédito";"M3 - fim período";"M3 - fim período";"Oculta";"Internet";15;0;0;NA;"Gerada";"BM12";"Oculta";"Macro"
"309";"BM12_M4N12";22;542;"Inativa";"Bacen/Not. Imp./Moeda";"Moeda e crédito";"M4 - fim período";"M4 - fim período";"Oculta";"Internet";15;0;0;NA;"Gerada";"BM12";"Oculta";"Macro"
"310";"BM12_M5N12";3;1356;"Inativa";"Bacen/Not. Imp./Moeda";"Moeda e crédito";"M5 - fim período";"M5 - fim período";"Oculta";"Internet";15;0;0;NA;"Gerada";"BM12";"Oculta";"Macro"
"311";"BM12_MCCM12";23;526;"Ativa";"Bacen/Boletim/BP";"Câmbio";"Câmbio contratado - comercial - importação - média diária";"Câmbio contratado comercial: importação - média diária";"Não oculta";"Internet";25;0;0;NA;"Gerada";"BM12";"Internet";"Macro"
"312";"BM12_NFEEJRN12";6;1117;"Inativa";"Bacen/Not. Imp./F. Púb.";"Finanças públicas";"NFSP - estatais - juros reais - c/ desvalorização cambial";"Necessidade de financiamento do setor público (NFSP) - empresas estatais - juros reais - com desvalorização cambial";"Não oculta";"Internet";60;0;0;NA;"Gerada";"BM12";"Internet";"Macro"
"313";"BM12_NFEEJRNA12";1;1628;"Inativa";"Bacen/Not. Imp./F. Púb.";"Finanças públicas";"NFSP - estatais - juros reais - c/ desvalorização cambial - acum. 12 meses";"Necessidade de financiamento do setor público (NFSP) - empresas estatais - juros reais - com desvalorização cambial - acum. 12 meses";"Não oculta";"Internet";60;0;0;NA;"Geradora";"BM12";"Internet";"Macro"
"314";"BM12_NFEENNA12";2;1480;"Inativa";"Bacen/Not. Imp./F. Púb.";"Finanças públicas";"NFSP - estatais - nominal - c/ desvalorização cambial - acum. 12 meses";"Necessidade de financiamento do setor público (NFSP) - empresas estatais - conceito nominal - com desvalorização cambial -  acum. 12 meses";"Não oculta";"Internet";60;0;0;NA;"Geradora";"BM12";"Internet";"Macro"
"315";"BM12_NFEENN12";2;1480;"Inativa";"Bacen/Not. Imp./F. Púb.";"Finanças públicas";"NFSP - estatais - nominal - c/ desvalorização cambial";"Necessidade de financiamento do setor público (NFSP) - empresas estatais - conceito nominal - com desvalorização cambial";"Não oculta";"Internet";60;0;0;NA;"Gerada";"BM12";"Internet";"Macro"
"316";"BM12_NFEENY12";5;1176;"Inativa";"Bacen/Not. Imp./F. Púb.";"Finanças públicas";"NFSP - estatais - nominal - c/ desvalorização cambial - acum. 12 meses";"Necessidade de financiamento do setor público (NFSP) - empresas estatais - conceito nominal - com desvalorização cambial - acum. 12 meses";"Não oculta";"Internet";60;0;0;NA;"Gerada";"BM12";"Internet";"Macro"
"317";"BM12_NFEEONA12";3;1356;"Inativa";"Bacen/Not. Imp./F. Púb.";"Finanças públicas";"NFSP - estatais - operacional - c/ desvalorização cambial - acum. 12 meses";"Necessidade de financiamento do setor público (NFSP) - empresas estatais - operacional - com desvalorização cambial - acum. 12 meses";"Não oculta";"Internet";60;0;0;NA;"Geradora";"BM12";"Internet";"Macro"
"318";"BM12_NFEEON12";1;1628;"Inativa";"Bacen/Not. Imp./F. Púb.";"Finanças públicas";"NFSP - estatais - operacional - c/ desvalorização cambial";"Necessidade de financiamento do setor público (NFSP) - empresas estatais - conceito operacional - com desvalorização cambial";"Não oculta";"Internet";60;0;0;NA;"Gerada";"BM12";"Internet";"Macro"
"319";"BM12_NFEEPNA12";3;1356;"Inativa";"Bacen/Not. Imp./F. Púb.";"Finanças públicas";"NFSP - estatais - primário - c/ desvalorização cambial - acum. 12 meses";"Necessidade de financiamento do setor público (NFSP) - empresas estatais - conceito primário - com desvalorização cambial - acum. 12 meses";"Não oculta";"Internet";60;0;0;NA;"Geradora";"BM12";"Internet";"Macro"
"320";"BM12_NFEEPN12";8;996;"Inativa";"Bacen/Not. Imp./F. Púb.";"Finanças públicas";"NFSP - estatais - primário - c/ desvalorização cambial";"Necessidade de financiamento do setor público (NFSP) - empresas estatais - conceito primário - com desvalorização cambial";"Não oculta";"Internet";60;0;0;NA;"Gerada";"BM12";"Internet";"Macro"
"321";"BM12_NFEEPY12";5;1176;"Inativa";"Bacen/Not. Imp./F. Púb.";"Finanças públicas";"NFSP - estatais - primário - c/ desvalorização cambial - acum. 12 meses";"Necessidade de financiamento do setor público (NFSP) - empresas estatais - conceito primário - com desvalorização cambial - acum. 12 meses";"Não oculta";"Internet";60;0;0;NA;"Gerada";"BM12";"Internet";"Macro"
"322";"BM12_NFEMJRN12";3;1356;"Inativa";"Bacen/Not. Imp./F. Púb.";"Finanças públicas";"NFSP - estados e municípios - juros reais - c/ desvalorização cambial";"Necessidade de financiamento do setor público (NFSP) - estados e municípios - juros reais - com desvalorização cambial";"Não oculta";"Internet";60;0;0;NA;"Gerada";"BM12";"Internet";"Macro"
"323";"BM12_NFEMJRNA12";1;1628;"Inativa";"Bacen/Not. Imp./F. Púb.";"Finanças públicas";"NFSP - estados e municípios - juros reais - c/ desvalorização cambial - acum. 12 meses";"Necessidade de financiamento do setor público (NFSP) - estados e municípios - juros reais - com desvalorização cambial - acum. 12 meses";"Não oculta";"Internet";60;0;0;NA;"Geradora";"BM12";"Internet";"Macro"
"324";"BM12_NFEMNNA12";2;1480;"Inativa";"Bacen/Not. Imp./F. Púb.";"Finanças públicas";"NFSP - estados e municípios - nominal - c/ desvalorização cambial - acum. 12 meses";"Necessidade de financiamento do setor público (NFSP) - estados e municípios - conceito nominal - com desvalorização cambial - acum. 12 meses";"Não oculta";"Internet";60;0;0;NA;"Geradora";"BM12";"Internet";"Macro"
"325";"BM12_NFEMNN12";7;1050;"Inativa";"Bacen/Not. Imp./F. Púb.";"Finanças públicas";"NFSP - estados e municípios - nominal - c/ desvalorização cambial";"Necessidade de financiamento do setor público (NFSP) - estados e municípios - conceito nominal - com desvalorização cambial";"Não oculta";"Internet";60;0;0;NA;"Gerada";"BM12";"Internet";"Macro"
"326";"BM12_NFEMNY12";3;1356;"Inativa";"Bacen/Not. Imp./F. Púb.";"Finanças públicas";"NFSP - estados e municípios - nominal - c/ desvalorização cambial - acum. 12 meses";"Necessidade de financiamento do setor público (NFSP) - estados e municípios - conceito nominal - com desvalorização cambial - acum. 12 meses";"Não oculta";"Internet";60;0;0;NA;"Gerada";"BM12";"Internet";"Macro"
"327";"BM12_NFEMONA12";2;1480;"Inativa";"Bacen/Not. Imp./F. Púb.";"Finanças públicas";"NFSP - estados e municípios - operacional - c/ desvalorização cambial - acum. 12 meses";"Necessidade de financiamento do setor público (NFSP) - estados e municípios - conceito operacional - com desvalorização cambial - acum. 12 meses";"Não oculta";"Internet";60;0;0;NA;"Geradora";"BM12";"Internet";"Macro"
"328";"BM12_NFEMON12";2;1480;"Inativa";"Bacen/Not. Imp./F. Púb.";"Finanças públicas";"NFSP - estados e municípios - operacional - c/ desvalorização cambial";"Necessidade de financiamento do setor público (NFSP) - estados e municípios - conceito operacional - com desvalorização cambial";"Não oculta";"Internet";60;0;0;NA;"Gerada";"BM12";"Internet";"Macro"
"329";"BM12_NFEMPNA12";3;1356;"Inativa";"Bacen/Not. Imp./F. Púb.";"Finanças públicas";"NFSP - estados e municípios - primário - c/ desvalorização cambial - acum. 12 meses";"Necessidade de financiamento do setor público (NFSP) - estados e municípios - conceito primário - com desvalorização cambial - acum. 12 meses";"Não oculta";"Internet";60;0;0;NA;"Geradora";"BM12";"Internet";"Macro"
"330";"BM12_NFEMPN12";8;996;"Inativa";"Bacen/Not. Imp./F. Púb.";"Finanças públicas";"NFSP - estados e municípios - primário - c/ desvalorização cambial";"Necessidade de financiamento do setor público (NFSP) - estados e municípios - conceito primário - com desvalorização cambial";"Não oculta";"Internet";60;0;0;NA;"Gerada";"BM12";"Internet";"Macro"
"331";"BM12_NFEMPY12";12;812;"Inativa";"Bacen/Not. Imp./F. Púb.";"Finanças públicas";"NFSP - estados e municípios - primário - c/ desvalorização cambial - acum. 12 meses";"Necessidade de financiamento do setor público (NFSP) - estados e municípios - conceito primário - com desvalorização cambial - acum. 12 meses";"Não oculta";"Internet";60;0;0;NA;"Gerada";"BM12";"Internet";"Macro"
"332";"BM12_NFGFJRN12";3;1356;"Inativa";"Bacen/Not. Imp./F. Púb.";"Finanças públicas";"NFSP - gov. federal e Banco Central - juros reais - c/ desvalorização cambial";"Necessidade de financiamento do setor público (NFSP) - governo federal e Banco Central - juros reais - com desvalorização cambial";"Não oculta";"Internet";60;0;0;NA;"Gerada";"BM12";"Internet";"Macro"
"333";"BM12_NFGFJRNA12";1;1628;"Inativa";"Bacen/Not. Imp./F. Púb.";"Finanças públicas";"NFSP - gov. federal e Banco Central - juros reais - c/ desvalorização cambial - acum. 12 meses";"Necessidade de financiamento do setor público (NFSP) - governo federal e Banco Central - juros reais - com desvalorização cambial - acum. 12 meses";"Não oculta";"Internet";60;0;0;NA;"Geradora";"BM12";"Internet";"Macro"
"334";"BM12_NFGFNNA12";3;1356;"Inativa";"Bacen/Not. Imp./F. Púb.";"Finanças públicas";"NFSP - gov. federal e Banco Central - nominal - c/ desvalorização cambial - acum. 12 meses";"Necessidade de financiamento do setor público (NFSP) - governo federal e Banco Central - conceito nominal - com desvalorização cambial - acum. 12 meses";"Não oculta";"Internet";60;0;0;NA;"Geradora";"BM12";"Internet";"Macro"
"335";"BM12_NFGFNN12";2;1480;"Inativa";"Bacen/Not. Imp./F. Púb.";"Finanças públicas";"NFSP - gov. federal e Banco Central - nominal - c/ desvalorização cambial";"Necessidade de financiamento do setor público (NFSP) - governo federal e Banco Central - conceito nominal - com desvalorização cambial";"Não oculta";"Internet";60;0;0;NA;"Gerada";"BM12";"Internet";"Macro"
"336";"BM12_NFGFNY12";4;1262;"Inativa";"Bacen/Not. Imp./F. Púb.";"Finanças públicas";"NFSP - gov. federal e Banco Central - nominal - c/ desvalorização cambial - acum. 12 meses";"Necessidade de financiamento do setor público (NFSP) - governo federal e Banco Central - conceito nominal - com desvalorização cambial - acum. 12 meses";"Não oculta";"Internet";60;0;0;NA;"Gerada";"BM12";"Internet";"Macro"
"337";"BM12_NFGFONA12";2;1480;"Inativa";"Bacen/Not. Imp./F. Púb.";"Finanças públicas";"NFSP - gov. federal e Banco Central - operacional - c/ desvalorização cambial - acum. 12 meses";"Necessidade de financiamento do setor público (NFSP) - governo federal e Banco Central - conceito operacional - com desvalorização cambial - acum. 12 meses";"Não oculta";"Internet";60;0;0;NA;"Geradora";"BM12";"Internet";"Macro"
"338";"BM12_NFGFON12";3;1356;"Inativa";"Bacen/Not. Imp./F. Púb.";"Finanças públicas";"NFSP - gov. federal e Banco Central - operacional - c/ desvalorização cambial";"Necessidade de financiamento do setor público (NFSP) - governo federal e Banco Central - conceito operacional - com desvalorização cambial";"Não oculta";"Internet";60;0;0;NA;"Gerada";"BM12";"Internet";"Macro"
"339";"BM12_NFGFPNA12";3;1356;"Inativa";"Bacen/Not. Imp./F. Púb.";"Finanças públicas";"NFSP - gov. federal e Banco Central - primário - c/ desvalorização cambial - acum. 12 meses";"Necessidade de financiamento do setor público (NFSP) - governo federal e Banco Central - conceito primário - com desvalorização cambial - acum. 12 meses";"Não oculta";"Internet";60;0;0;NA;"Geradora";"BM12";"Internet";"Macro"
"340";"BM12_NFGFPN12";10;894;"Inativa";"Bacen/Not. Imp./F. Púb.";"Finanças públicas";"NFSP - gov. federal e Banco Central - primário  - c/ desvalorização cambial";"Necessidade de financiamento do setor público (NFSP) - governo federal e Banco Central - conceito primário - com desvalorização cambial";"Não oculta";"Internet";60;0;0;NA;"Gerada";"BM12";"Internet";"Macro"
"341";"BM12_NFGFPY12";7;1050;"Inativa";"Bacen/Not. Imp./F. Púb.";"Finanças públicas";"NFSP - gov. federal e Banco Central - primário - c/ desvalorização cambial - acum. 12 meses";"Necessidade de financiamento do setor público (NFSP) - governo federal e Banco Central - conceito primário - com desvalorização cambial - acum. 12 meses";"Não oculta";"Internet";60;0;0;NA;"Gerada";"BM12";"Internet";"Macro"
"342";"BM12_NFSPJRN12";9;946;"Inativa";"Bacen/Not. Imp./F. Púb.";"Finanças públicas";"NFSP - setor público - juros reais - c/ desvalorização cambial";"Necessidade de financiamento do setor público (NFSP) - setor público - juros reais - com desvalorização cambial";"Não oculta";"Internet";60;0;0;NA;"Gerada";"BM12";"Internet";"Macro"
"343";"BM12_NFSPJRNA12";2;1480;"Inativa";"Bacen/Not. Imp./F. Púb.";"Finanças públicas";"NFSP - setor público - juros reais - c/ desvalorização cambial - acum. 12 meses";"Necessidade de financiamento do setor público (NFSP) - setor público - juros reais - com desvalorização cambial - acum. 12 meses";"Não oculta";"Internet";60;0;0;NA;"Geradora";"BM12";"Internet";"Macro"
"344";"BM12_NFSPJRY12";8;996;"Inativa";"Bacen/Not. Imp./F. Púb.";"Finanças públicas";"NFSP - setor público - juros reais - c/ desvalorização cambial - acum. 12 meses";"Necessidade de financiamento do setor público (NFSP) - setor público - juros reais - com desvalorização cambial - acum. 12 meses";"Não oculta";"Internet";60;0;0;NA;"Gerada";"BM12";"Internet";"Macro"
"345";"BM12_NFSPNNA12";7;1050;"Inativa";"Bacen/Not. Imp./F. Púb.";"Finanças públicas";"NFSP - setor público - nominal - c/ desvalorização cambial - acum. 12 meses";"Necessidade de financiamento do setor público (NFSP) - setor público - conceito nominal - com desvalorização cambial - acum. 12 meses";"Não oculta";"Internet";60;0;0;NA;"Geradora";"BM12";"Internet";"Macro"
"346";"BM12_NFSPNN12";13;769;"Inativa";"Bacen/Not. Imp./F. Púb.";"Finanças públicas";"NFSP - setor público - nominal - c/ desvalorização cambial";"Necessidade de financiamento do setor público (NFSP) - setor público - conceito nominal - com desvalorização cambial";"Não oculta";"Internet";60;0;0;NA;"Gerada";"BM12";"Internet";"Macro"
"347";"BM12_NFSPNY12";28;441;"Inativa";"Bacen/Not. Imp./F. Púb.";"Finanças públicas";"NFSP - setor público - nominal - c/ desvalorização cambial - acum. 12 meses";"Necessidade de financiamento do setor público (NFSP) - setor público - conceito nominal - com desvalorização cambial - acum. 12 meses";"Não oculta";"Internet";60;0;0;NA;"Gerada";"BM12";"Internet";"Macro"
"348";"BM12_NFSPONA12";3;1356;"Inativa";"Bacen/Not. Imp./F. Púb.";"Finanças públicas";"NFSP - setor público - operacional - c/ desvalorização cambial - acum. 12 meses";"Necessidade de financiamento do setor público (NFSP) - setor público - conceito operacional - com desvalorização cambial - acum. 12 meses";"Não oculta";"Internet";60;0;0;NA;"Geradora";"BM12";"Internet";"Macro"
"349";"BM12_NFSPON12";6;1117;"Inativa";"Bacen/Not. Imp./F. Púb.";"Finanças públicas";"NFSP - setor público - operacional - c/ desvalorização cambial";"Necessidade de financiamento do setor público (NFSP) - setor público - conceito operacional - com desvalorização cambial";"Não oculta";"Internet";60;0;0;NA;"Gerada";"BM12";"Internet";"Macro"
"350";"BM12_NFSPOY12";3;1356;"Inativa";"Bacen/Not. Imp./F. Púb.";"Finanças públicas";"NFSP - setor público - operacional - c/ desvalorização cambial - acum. 12 meses";"Necessidade de financiamento do setor público (NFSP) - setor público - conceito operacional - com desvalorização cambial - acum. 12 meses";"Não oculta";"Internet";60;0;0;NA;"Gerada";"BM12";"Internet";"Macro"
"351";"BM12_NFSPPNA12";10;894;"Inativa";"Bacen/Not. Imp./F. Púb.";"Finanças públicas";"NFSP - setor público - primário - c/ desvalorização cambial - acum. 12 meses";"Necessidade de financiamento do setor público (NFSP) - setor público - conceito primário - com desvalorização cambial - acum. 12 meses";"Não oculta";"Internet";60;0;0;NA;"Geradora";"BM12";"Internet";"Macro"
"352";"BM12_NFSPPN12";13;769;"Inativa";"Bacen/Not. Imp./F. Púb.";"Finanças públicas";"NFSP - setor público - primário - c/ desvalorização cambial";"Necessidade de financiamento do setor público (NFSP) - setor público - conceito primário - com desvalorização cambial";"Não oculta";"Internet";60;0;0;NA;"Gerada";"BM12";"Internet";"Macro"
"353";"BM12_NFSPPY12";43;306;"Inativa";"Bacen/Not. Imp./F. Púb.";"Finanças públicas";"NFSP - setor público - primário - c/ desvalorização cambial - acum. 12 meses";"Necessidade de financiamento do setor público (NFSP) - setor público - conceito primário - com desvalorização cambial - acum. 12 meses";"Não oculta";"Internet";60;0;0;NA;"Gerada";"BM12";"Internet";"Macro"
"354";"BM12_NTN12";6;1117;"Inativa";"Bacen/Not. Imp./F. Púb.";"Finanças públicas";"Títulos públicos federais emitidos - responsabilidade do Tesouro Nacional - NTN - fim período";"Títulos públicos federais emitidos - responsabilidade do Tesouro Nacional - Notas do Tesouro Nacional (NTN) - fim período";"Não oculta";"Internet";60;0;0;NA;NA;"BM12";"Internet";"Macro"
"355";"BM12_NTNBC12";10;894;"Inativa";"Bacen/Not. Imp./F. Púb.";"Finanças públicas";"Títulos públicos federais - carteira do Banco Central - NTN - fim período";"Títulos públicos federais - carteira do Banco Central - Notas do Tesouro Nacional (NTN) - fim período";"Não oculta";"Internet";60;0;0;NA;NA;"BM12";"Internet";"Macro"
"356";"BM12_ODESN12";NA;NA;"Inativa";"Min. Fazenda/SRF";"Finanças públicas";"Outras despesas";"Outras despesas";"Oculta";"Internet";15;0;0;NA;NA;"BM12";"Oculta";"Macro"
"357";"BM12_ORN12";NA;NA;"Inativa";"Min. Fazenda/SRF";"Finanças públicas";"Receita do Tesouro Nacional - outras";"Receita do Tesouro Nacional - outras";"Oculta";"Internet";15;0;0;NA;NA;"BM12";"Oculta";"Macro"
"358";"BM12_OTNFBC12";5;1176;"Inativa";"Bacen/Not. Imp./F. Púb.";"Finanças públicas";"Títulos públicos federais - fora do BC - Tesouro Nacional - OTN - fim período";"Títulos públicos federais - fora do Banco Central - Tesouro Nacional - Obrigações do Tesouro Nacional (OTN) - fim período";"Não oculta";"Internet";15;0;0;NA;NA;"BM12";"Internet";"Macro"
"359";"ANP12_PDALCO12";52;246;"Inativa";"ANP";"Produção";"Produção - álcool - média - qde./dia";"Produção de álcool: quantidade média diária";"Não oculta";"Internet";60;0;0;"BM12_PDALCO12 até 03/abr/2002.";"Geradora";"ANP12";"Internet";"Macro"
"360";"ANP12_PDGASN12";21;569;"Ativa";"ANP";"Produção";"Produção - gás natural - média - qde.";"Produção de gás natural: quantidade";"Não oculta";"Internet";60;0;0;"BM12_PDGASN12 até 03/abr/2002.";"Geradora";"ANP12";"Internet";"Macro"
"361";"ANP12_PDPET12";72;172;"Ativa";"ANP";"Produção";"Produção - petróleo - média - qde./dia";"Produção de petróleo: quantidade média diária";"Não oculta";"Internet";60;0;0;"BM12_PDPET12 até 03/abr/2002.";"Geradora";"ANP12";"Internet";"Macro"
"362";"BM12_PISPASEPN12";NA;NA;"Inativa";"Min. Fazenda/SRF";"Finanças públicas";"Receita do Tesouro Nacional - Contribuição - Pis / Pasep";"Receita do Tesouro Nacional - Contribuição para o PIS / Pasep";"Oculta";"Internet";15;0;0;NA;NA;"BM12";"Oculta";"Macro"
"363";"BM12_RDP12";5;1176;"Inativa";"Bacen/Boletim/M. Finan.";"Moeda e crédito";"Depósitos a prazo - resgates no mês";"Depósitos a prazo: resgates no mês";"Oculta";"Internet";60;0;0;NA;NA;"BM12";"Oculta";"Macro"
"364";"BM12_RDPM12";12;812;"Inativa";"Bacen/Boletim/M. Finan.";"Moeda e crédito";"Depósitos a prazo - média";"Depósitos a prazo: média";"Oculta";"Internet";60;0;0;NA;NA;"BM12";"Oculta";"Macro"
"365";"BM12_RDV12";14;737;"Inativa";"Bacen/Boletim/M. Finan.";"Moeda e crédito";"Depósitos à vista - resgates no mês";"Depósitos à vista: resgates no mês";"Oculta";"Internet";60;0;0;NA;NA;"BM12";"Oculta";"Macro"
"366";"BM12_REB12";39;338;"Ativa";"Bacen/Not. Imp./Moeda";"Moeda e crédito";"M0 - base monetária - reservas bancárias - fim período";"M0 - base monetária - reservas bancárias - fim período";"Não oculta";"Internet";30;0;0;NA;"Geradora";"BM12";"Internet";"Macro"
"367";"BM12_RESBOP12";57;222;"Inativa";"Bacen/Boletim/BP";"Balanço de pagamentos";"Reservas internacionais - balanço de pagamentos";"Reservas internacionais: balanço de pagamentos";"Não oculta";"Internet";15;0;0;NA;NA;"BM12";"Internet";"Macro"
"368";"BM12_RNACOES12";36;363;"Ativa";"Bacen/Boletim/M. Finan.";"Financeiras";"Fundo de ações - rendimento nominal";"Fundo de ações: rendimento nominal";"Não oculta";"Internet";60;0;0;NA;NA;"BM12";"Internet";"Macro"
"369";"BM12_RNDPO12";210;46;"Ativa";"Bacen/Boletim/M. Finan.";"Financeiras";"Poupança - rendimento nominal a partir de 04.05.2012 - Rentabilidade no período (1º dia do mês)";"Poupança - rendimento nominal a partir de 04.05.2012 - Rentabilidade no período (1º dia do mês)";"Não oculta";"Internet";60;0;0;NA;NA;"BM12";"Internet";"Macro"
"370";"BM12_RNEM12";2;1480;"Ativa";"Bacen/Boletim/M. Finan.";"Financeiras";"Fundo extramercado - rendimento nominal";"Fundo extramercado: rendimento nominal";"Não oculta";"Internet";60;0;0;NA;NA;"BM12";"Internet";"Macro"
"371";"BM12_RNFI3012";16;690;"Inativa";"Bacen/Boletim/M. Finan.";"Financeiras";"Fundo de investimento - FIF - 30 dias - rendimento nominal";"Fundo de investimento FIF de 30 dias: rendimento nominal";"Oculta";"Internet";15;0;0;NA;NA;"BM12";"Oculta";"Macro"
"372";"BM12_RNFI6012";1;1628;"Inativa";"Bacen/Boletim/M. Finan.";"Financeiras";"Fundo de investimento - FIF - 60 dias - rendimento nominal";"Fundo de investimento FIF de 60 dias: rendimento nominal";"Oculta";"Internet";15;0;0;NA;NA;"BM12";"Oculta";"Macro"
"373";"BM12_RNFI9012";1;1628;"Inativa";"Bacen/Boletim/M. Finan.";"Financeiras";"Fundo de investimento - FIF - 90 dias - rendimento nominal";"Fundo de investimento FIF de 90 dias: rendimento nominal";"Oculta";"Internet";15;0;0;NA;NA;"BM12";"Oculta";"Macro"
"374";"BM12_RNFIFCP12";NA;NA;"Inativa";"Bacen/Boletim/M. Finan.";"Financeiras";"Fundo de investimento - FIF - curto prazo - rendimento nominal";"Fundo de investimento FIF de curto prazo: rendimento nominal";"Oculta";"Internet";15;0;0;NA;NA;"BM12";"Oculta";"Macro"
"375";"BM12_RNFRF12";2;1480;"Inativa";"Bacen/Boletim/M. Finan.";"Financeiras";"Fundo de investimento - FRF - rendimento nominal";"Fundo de investimento FRF: rendimento nominal";"Oculta";"Internet";15;0;0;NA;NA;"BM12";"Oculta";"Macro"
"376";"BM12_RNOSD12";149;72;"Ativa";"Bacen/Boletim/M. Finan.";"Financeiras";"Dólar comercial - rendimento nominal";"Dólar americano (US$) comercial: rendimento nominal";"Não oculta";"Internet";60;0;0;NA;NA;"BM12";"Internet";"Macro"
"377";"BM12_RNOURO12";29;432;"Ativa";"Bacen/Boletim/M. Finan.";"Financeiras";"Ouro - rendimento nominal";"Ouro: rendimento nominal";"Não oculta";"Internet";60;0;0;NA;NA;"BM12";"Internet";"Macro"
"378";"BM12_RPOU12";19;621;"Inativa";"Bacen/Boletim/M. Finan.";"Moeda e crédito";"Depósitos de poupança - resgates no mês";"Depósitos de poupança: resgates no mês";"Oculta";"Internet";60;0;0;NA;NA;"BM12";"Oculta";"Macro"
"379";"BM12_RPOUM12";52;246;"Inativa";"Bacen/Boletim/M. Finan.";"Moeda e crédito";"Depósitos de poupança - média";"Depósitos de poupança: média";"Oculta";"Internet";60;0;0;NA;NA;"BM12";"Oculta";"Macro"
"380";"STN12_RTN12";52;246;"Inativa";"Min. Fazenda/STN";"Finanças públicas";"Execução financeira - receitas - total";"Execução financeira do Tesouro Nacional - receitas - total";"Não oculta";"Internet";30;0;0;NA;NA;"STN12";"Internet";"Macro"
"381";"BM12_SBCCCM12";57;222;"Ativa";"Bacen/Boletim/BP";"Câmbio";"Câmbio contratado - comercial - média diária";"Câmbio contratado comercial: média diária";"Não oculta";"Internet";25;0;0;NA;"Gerada";"BM12";"Internet";"Macro"
"382";"BM12_SGCC12";22;542;"Ativa";"Bacen/Boletim/BP";"Câmbio";"Câmbio contratado - comercial e financeiro";"Câmbio contratado comercial e financeiro";"Não oculta";"Internet";25;0;0;NA;NA;"BM12";"Internet";"Macro"
"383";"BM12_TBCFH12";9;946;"Inativa";"Bacen/Not. Imp./Moeda";"Moeda e crédito";"M0 - base monetária ampliada - títulos do Banco Central - carteira - média";"M0 - base monetária ampliada - títulos do Banco Central - carteira - média";"Oculta";"Internet";60;0;0;NA;NA;"BM12";"Oculta";"Macro"
"384";"BM12_TBCFM12";1;1628;"Inativa";"Bacen/Not. Imp./Moeda";"Moeda e crédito";"M0 - base monetária ampliada - títulos do Banco Central - financiamento - média";"M0 - base monetária ampliada - títulos do Banco Central - financiamento - média";"Oculta";"Internet";60;0;0;NA;NA;"BM12";"Oculta";"Macro"
"385";"BM12_TBCH12";1;1628;"Inativa";"Bacen/Not. Imp./Moeda";"Moeda e crédito";"M0 - base monetária ampliada - títulos do Banco Central - média";"M0 - base monetária ampliada - títulos do Banco Central - média";"Oculta";"Internet";60;0;0;NA;NA;"BM12";"Oculta";"Macro"
"386";"STN12_TEM12";NA;NA;"Inativa";"Min. Fazenda/STN";"Finanças públicas";"Execução financeira do Tesouro Nacional - despesas - transferências a estados e municípios";"Execução financeira do Tesouro Nacional - despesas - transferências a estados e municípios";"Não oculta";"Internet";0;0;0;NA;NA;"STN12";"Internet";"Macro"
"387";"BM12_TJCDBN12";178;58;"Inativa";"Bacen/Boletim/M. Finan.";"Financeiras";"Taxa de juros - CDB";"Taxa de juros: CDB";"Não oculta";"Internet";60;0;0;NA;NA;"BM12";"Internet";"Macro"
"388";"BM12_TJCDI12";575;23;"Ativa";"Bacen/Boletim/M. Finan.";"Financeiras";"Taxa de juros - CDI / Over";"Taxa de juros: CDI / Overnight";"Não oculta";"Internet";60;0;0;NA;NA;"BM12";"Internet";"Macro"
"389";"BM12_TJLCMN12";5;1176;"Inativa";"Bacen/Boletim/M. Finan.";"Financeiras";"Taxa de juros - letras de câmbio ao mutuário";"Taxa de juros: letras de câmbio ao mutuário";"Não oculta";"Internet";15;0;0;NA;NA;"BM12";"Internet";"Macro"
"390";"BM12_TJLCTN12";13;769;"Inativa";"Bacen/Boletim/M. Finan.";"Financeiras";"Taxa de juros - letras de câmbio ao tomador";"Taxa de juros: letras de câmbio ao tomador";"Não oculta";"Internet";15;0;0;NA;NA;"BM12";"Internet";"Macro"
"391";"BM12_TJLP12";268;33;"Ativa";"Bacen/Boletim/M. Finan.";"Financeiras";"Taxa de juros - TJLP";"Taxa de juros: TJLP";"Não oculta";"Internet";60;0;0;NA;NA;"BM12";"Internet";"Macro"
"392";"BM12_TJOVER12";2980;2;"Ativa";"Bacen/Boletim/M. Finan.";"Financeiras";"Taxa de juros - Over / Selic";"Taxa de juros: Overnight / Selic";"Não oculta";"Internet";5;0;0;NA;"Geradora";"BM12";"Internet";"Macro"
"393";"BM12_TJTBAN12";16;690;"Inativa";"Bacen/Boletim/M. Finan.";"Financeiras";"Taxa de juros - TBAN";"Taxa de juros: TBAN";"Não oculta";"Internet";15;0;0;NA;NA;"BM12";"Internet";"Macro"
"394";"BM12_TJTBC12";20;593;"Inativa";"Bacen/Boletim/M. Finan.";"Financeiras";"Taxa de juros - TBC";"Taxa de juros: TBC";"Não oculta";"Internet";15;0;0;NA;NA;"BM12";"Internet";"Macro"
"395";"BM12_TJTBF12";27;457;"Ativa";"Bacen/Boletim/M. Finan.";"Financeiras";"Taxa de juros - TBF";"Taxa de juros: TBF";"Não oculta";"Internet";60;0;0;NA;NA;"BM12";"Internet";"Macro"
"396";"BM12_TJTR12";478;25;"Ativa";"Bacen/Boletim/M. Finan.";"Financeiras";"Taxa de juros - TR";"Taxa de juros: TR";"Não oculta";"Internet";60;0;0;NA;NA;"BM12";"Internet";"Macro"
"397";"BM12_TPFE12";8;996;"Inativa";"Bacen/Not. Imp./F. Púb.";"Finanças públicas";"Títulos públicos federais emitidos - responsabilidade do Tesouro Nacional - fim período";"Títulos públicos federais emitidos - responsabilidade do Tesouro Nacional - fim período";"Não oculta";"Internet";60;0;0;NA;NA;"BM12";"Internet";"Macro"
"398";"BM12_TPFM12";1;1628;"Inativa";"Bacen/Not. Imp./Moeda";"Moeda e crédito";"M0 - base monetária ampliada - títulos federais - média";"M0 - base monetária ampliada - títulos federais - média";"Oculta";"Internet";60;0;0;NA;NA;"BM12";"Oculta";"Macro"
"399";"BM12_TTNCM12";1;1628;"Inativa";"Bacen/Not. Imp./Moeda";"Moeda e crédito";"M0 - base monetária ampliada - títulos do Tesouro Nacional - carteira - média";"M0 - base monetária ampliada - títulos do Tesouro Nacional - carteira - média";"Oculta";"Internet";60;0;0;NA;NA;"BM12";"Oculta";"Macro"
"400";"BM12_TTNFM12";2;1480;"Inativa";"Bacen/Not. Imp./Moeda";"Moeda e crédito";"M0 - base monetária ampliada - títulos do Tesouro Nacional - financiamento - média";"M0 - base monetária ampliada - títulos do Tesouro Nacional - financiamento - média";"Oculta";"Internet";60;0;0;NA;NA;"BM12";"Oculta";"Macro"
"401";"BM12_TTNM12";1;1628;"Inativa";"Bacen/Not. Imp./Moeda";"Moeda e crédito";"M0 - base monetária ampliada - títulos do Tesouro Nacional - média";"M0 - base monetária ampliada - títulos do Tesouro Nacional - média";"Oculta";"Internet";60;0;0;NA;NA;"BM12";"Oculta";"Macro"
"402";"BM12_VCDP12";2;1480;"Inativa";"Bacen/Boletim/M. Finan.";"Moeda e crédito";"Depósitos a prazo - velocidade de circulação - relação resgates / saldos";"Depósitos a prazo: velocidade de circulação - relação resgates / saldos";"Oculta";"Internet";60;0;0;NA;NA;"BM12";"Oculta";"Macro"
"403";"BM12_VCDV12";5;1176;"Inativa";"Bacen/Boletim/M. Finan.";"Moeda e crédito";"Depósitos à vista - velocidade de circulação - relação resgates / saldos";"Depósitos à vista: velocidade de circulação - relação resgates / saldos";"Oculta";"Internet";60;0;0;NA;NA;"BM12";"Oculta";"Macro"
"404";"BM12_VCPOU12";2;1480;"Inativa";"Bacen/Boletim/M. Finan.";"Moeda e crédito";"Depósitos de poupança - velocidade de circulação - relação resgates / saldos";"Depósitos de poupança: velocidade de circulação - relação resgates / saldos";"Oculta";"Internet";60;0;0;NA;NA;"BM12";"Oculta";"Macro"
"405";"BM12_VOBCN12";2;1480;"Inativa";"Bacen/Not. Imp./Moeda";"Moeda e crédito";"M5 - valores à ordem do Banco Central - fim período";"M5 - valores à ordem do Banco Central - fim período";"Oculta";"Internet";15;0;0;NA;NA;"BM12";"Oculta";"Macro"
"406";"BM12_XCCM12";36;363;"Ativa";"Bacen/Boletim/BP";"Câmbio";"Câmbio contratado - comercial - exportação - média diária";"Câmbio contratado comercial: exportação - média diária";"Não oculta";"Internet";25;0;0;NA;"Gerada";"BM12";"Internet";"Macro"
"407";"BM12_DIVMFT12";17;667;"Inativa";"Bacen/Not. Imp./F. Púb.";"Finanças públicas";"Dívida mobiliária federal emitida - responsabilidade do Tesouro Nacional - fim período";"Dívida mobiliária federal emitida - responsabilidade do Tesouro Nacional - fim período";"Não oculta";"Internet";60;0;0;NA;NA;"BM12";"Internet";"Macro"
"408";"BM12_VOTN12";NA;NA;"Inativa";"Bacen/Not. Imp./F. Púb.";"Finanças públicas";"Obrigações do Tesouro Nacional (OTN)";"Obrigações do Tesouro Nacional (OTN)";"Oculta";"Internet";15;0;0;NA;NA;"BM12";"Oculta";"Macro"
"409";"BM12_DIPEM12";5;1176;"Inativa";"Bacen/Not. Imp./F. Púb.";"Finanças públicas";"Dívida interna - pública - estadual e municipal - títulos emitidos - fim período";"Dívida interna - pública - estadual e municipal - títulos emitidos - fim período";"Não oculta";"Internet";60;0;0;NA;NA;"BM12";"Internet";"Macro"
"410";"BM12_LFT12";5;1176;"Inativa";"Bacen/Not. Imp./F. Púb.";"Finanças públicas";"Títulos públicos federais emitidos - responsabilidade do Tesouro Nacional - LFT - fim período";"Títulos públicos federais emitidos - responsabilidade do Tesouro Nacional - Letras Financeiras do Tesouro Nacional (LFT) - fim período";"Não oculta";"Internet";60;0;0;NA;NA;"BM12";"Internet";"Macro"
"411";"BM12_LI12";1;1628;"Inativa";"Bacen/Not. Imp./Moeda";"Finanças públicas";"Letras imobiliárias ou hipotecárias";"Letras imobiliárias ou hipotecárias";"Oculta";"Internet";15;0;0;NA;NA;"BM12";"Oculta";"Macro"
"412";"BM12_DEVBB12";2;1480;"Inativa";"Bacen/Not. Imp./Moeda";"Moeda e crédito";"Depósitos à vista - no Banco do Brasil";"Depósitos à vista no Banco do Brasil";"Oculta";"Internet";15;0;0;NA;NA;"BM12";"Oculta";"Macro"
"413";"BM12_LTN12";43;306;"Inativa";"Bacen/Not. Imp./F. Púb.";"Finanças públicas";"Títulos públicos federais emitidos - responsabilidade do Tesouro Nacional - LTN - fim período";"Títulos públicos federais emitidos - responsabilidade do Tesouro Nacional - Letras do Tesouro Nacional (LTN) - fim período";"Não oculta";"Internet";60;0;0;NA;NA;"BM12";"Internet";"Macro"
"414";"BM12_DEPF12";11;856;"Inativa";"Bacen/Boletim/M. Finan.";"Moeda e crédito";"Depósitos a prazo - fim período";"Depósitos a prazo: fim de período";"Oculta";"Internet";15;0;0;NA;NA;"BM12";"Oculta";"Macro"
"415";"BM12_OTN12";6;1117;"Inativa";"Bacen/Not. Imp./F. Púb.";"Finanças públicas";"Títulos públicos federais emitidos - responsabilidade do Tesouro Nacional - OTN - fim período";"Títulos públicos federais emitidos - responsabilidade do Tesouro Nacional - Obrigações do Tesouro Nacional (OTN) - fim período";"Não oculta";"Internet";15;0;0;NA;NA;"BM12";"Internet";"Macro"
"416";"BM12_LTNBC12";13;769;"Inativa";"Bacen/Not. Imp./F. Púb.";"Finanças públicas";"Títulos públicos federais - carteira do Banco Central - LTN - fim período";"Títulos públicos federais - carteira do Banco Central - Letras do Tesouro Nacional (LTN) - fim período";"Não oculta";"Internet";60;0;0;NA;NA;"BM12";"Internet";"Macro"
"417";"BM12_LC12";8;996;"Inativa";"Bacen/Not. Imp./Moeda";"Finanças públicas";"Letras de câmbio";"Letras de câmbio";"Oculta";"Internet";15;0;0;NA;NA;"BM12";"Oculta";"Macro"
"418";"BM12_LFTBC12";5;1176;"Inativa";"Bacen/Not. Imp./F. Púb.";"Finanças públicas";"Títulos públicos federais - carteira do Banco Central - LFT - fim período";"Títulos públicos federais - carteira do Banco Central - Letras Financeiras do Tesouro Nacional (LFT) - fim período";"Não oculta";"Internet";60;0;0;NA;NA;"BM12";"Internet";"Macro"
"419";"BM12_OTNBC12";3;1356;"Inativa";"Bacen/Not. Imp./F. Púb.";"Finanças públicas";"Títulos públicos federais - carteira do Banco Central - OTN - fim período";"Títulos públicos federais - carteira do Banco Central - Obrigações do Tesouro Nacional (OTN) - fim período";"Não oculta";"Internet";15;0;0;NA;NA;"BM12";"Internet";"Macro"
"420";"BM12_VCFIF12";1;1628;"Inativa";"Bacen/Boletim/M. Finan.";"Moeda e crédito";"Fundo de investimento - FIF - curto prazo - velocidade de circulação - relação resgate / saldo";"Fundo de investimento FIF de curto prazo: velocidade de circulação - relação resgate / saldo";"Oculta";"Internet";15;0;0;NA;NA;"BM12";"Oculta";"Macro"
"421";"BM12_PRIME12";33;388;"Inativa";"Bacen/Boletim/Intern.";"Economia internacional";"Taxa de juros - Prime - média";"Taxa de juros: Prime - média";"Não oculta";"Internet";60;0;0;NA;NA;"BM12";"Internet";"Macro"
"422";"BM12_RFIFM12";1;1628;"Inativa";"Bacen/Boletim/M. Finan.";"Moeda e crédito";"Fundo de investimento - FIF - curto prazo - média";"Fundo de investimento FIF de curto prazo: média";"Oculta";"Internet";15;0;0;NA;NA;"BM12";"Oculta";"Macro"
"423";"BM12_RFIF12";2;1480;"Inativa";"Bacen/Boletim/M. Finan.";"Moeda e crédito";"Fundo de investimento - FIF - curto prazo - resgate no mês";"Fundo de investimento FIF de curto prazo: resgate no mês";"Oculta";"Internet";15;0;0;NA;NA;"BM12";"Oculta";"Macro"
"424";"BM12_XCC12";133;85;"Ativa";"Bacen/Boletim/BP";"Câmbio";"Câmbio contratado - comercial - exportação";"Câmbio contratado comercial: exportação";"Não oculta";"Internet";25;0;0;NA;"Geradora";"BM12";"Internet";"Macro"
"425";"BM12_MCC12";90;129;"Ativa";"Bacen/Boletim/BP";"Câmbio";"Câmbio contratado - comercial - importação";"Câmbio contratado comercial: importação";"Não oculta";"Internet";25;0;0;NA;"Geradora";"BM12";"Internet";"Macro"
"426";"BM12_SBCCC12";313;28;"Ativa";"Bacen/Boletim/BP";"Câmbio";"Câmbio contratado - comercial";"Câmbio contratado comercial";"Não oculta";"Internet";25;0;0;NA;"Geradora";"BM12";"Internet";"Macro"
"427";"BM12_CFCC12";22;542;"Ativa";"Bacen/Boletim/BP";"Câmbio";"Câmbio contratado - financeiro - compra";"Câmbio contratado financeiro: compra";"Não oculta";"Internet";25;0;0;NA;NA;"BM12";"Internet";"Macro"
"428";"BM12_VFCC12";25;491;"Ativa";"Bacen/Boletim/BP";"Câmbio";"Câmbio contratado - financeiro - venda";"Câmbio contratado financeiro: venda";"Não oculta";"Internet";25;0;0;NA;NA;"BM12";"Internet";"Macro"
"429";"BM12_SFCC12";45;294;"Ativa";"Bacen/Boletim/BP";"Câmbio";"Câmbio contratado - financeiro";"Câmbio contratado financeiro";"Não oculta";"Internet";25;0;0;NA;NA;"BM12";"Internet";"Macro"
"430";"BM12_RESCX12";62;200;"Inativa";"Bacen/Not. Imp./Set. Ext.";"Balanço de pagamentos";"Reservas internacionais - Conceito caixa";"Reservas internacionais - Conceito caixa";"Oculta";"Intranet";25;0;0;"Incluída em 29/fev/2016.";NA;"BM12";"Oculta";"Macro"
"431";"BM12_RESLIQ12";220;40;"Inativa";"Bacen/Not. Imp./Set. Ext.";"Balanço de pagamentos";"Reservas internacionais - Conceito liquidez";"Reservas internacionais - Conceito liquidez";"Oculta";"Intranet";25;0;0;NA;NA;"BM12";"Oculta";"Macro"
"432";"BM12_PMEM12";10;894;"Ativa";"Bacen/Not. Imp./Moeda";"Moeda e crédito";"M0 - base monetária - papel-moeda emitido - média";"M0 - base monetária - papel-moeda emitido - média";"Não oculta";"Internet";30;0;0;NA;"Independente";"BM12";"Internet";"Macro"
"433";"BM12_RBM12";16;690;"Ativa";"Bacen/Not. Imp./Moeda";"Moeda e crédito";"M0 - base monetária - reservas bancárias - média";"M0 - base monetária - reservas bancárias - média";"Não oculta";"Internet";30;0;0;NA;"Independente";"BM12";"Internet";"Macro"
"434";"BM12_PME12";21;569;"Ativa";"Bacen/Not. Imp./Moeda";"Moeda e crédito";"M0 - base monetária - papel-moeda emitido - fim período";"M0 - base monetária - papel-moeda emitido - fim período";"Não oculta";"Internet";30;0;0;NA;"Geradora";"BM12";"Internet";"Macro"
"435";"BM12_TBCC12";1;1628;"Inativa";"Bacen/Not. Imp./Moeda";"Moeda e crédito";"M0 - base monetária ampliada - títulos do Banco Central - carteira - fim período";"M0 - base monetária ampliada - títulos do Banco Central - carteira - fim período";"Oculta";"Internet";60;0;0;NA;NA;"BM12";"Oculta";"Macro"
"436";"BM12_TBCF12";1;1628;"Inativa";"Bacen/Not. Imp./Moeda";"Moeda e crédito";"M0 - base monetária ampliada - títulos do Banco Central - financiamento - fim período";"M0 - base monetária ampliada - títulos do Banco Central - financiamento - fim período";"Oculta";"Internet";60;0;0;NA;NA;"BM12";"Oculta";"Macro"
"437";"BM12_TBC12";3;1356;"Inativa";"Bacen/Not. Imp./Moeda";"Moeda e crédito";"M0 - base monetária ampliada - títulos do Banco Central - fim período";"M0 - base monetária ampliada - títulos do Banco Central - fim período";"Oculta";"Internet";60;0;0;NA;NA;"BM12";"Oculta";"Macro"
"438";"BM12_TTNC12";1;1628;"Inativa";"Bacen/Not. Imp./Moeda";"Moeda e crédito";"M0 - base monetária ampliada - títulos do Tesouro Nacional - carteira - fim período";"M0 - base monetária ampliada - títulos do Tesouro Nacional - carteira - fim período";"Oculta";"Internet";60;0;0;NA;NA;"BM12";"Oculta";"Macro"
"439";"BM12_TTNF12";1;1628;"Inativa";"Bacen/Not. Imp./Moeda";"Moeda e crédito";"M0 - base monetária ampliada - títulos do Tesouro Nacional - financiamento - fim período";"M0 - base monetária ampliada - títulos do Tesouro Nacional - financiamento - fim período";"Oculta";"Internet";60;0;0;NA;NA;"BM12";"Oculta";"Macro"
"440";"BM12_TTN12";2;1480;"Inativa";"Bacen/Not. Imp./Moeda";"Moeda e crédito";"M0 - base monetária ampliada - títulos do Tesouro Nacional - fim período";"M0 - base monetária ampliada - títulos do Tesouro Nacional - fim período";"Oculta";"Internet";60;0;0;NA;NA;"BM12";"Oculta";"Macro"
"441";"BM12_TPF12";5;1176;"Inativa";"Bacen/Not. Imp./Moeda";"Moeda e crédito";"M0 - base monetária ampliada - títulos federais - fim período";"M0 - base monetária ampliada - títulos federais - fim período";"Oculta";"Internet";60;0;0;NA;NA;"BM12";"Oculta";"Macro"
"442";"BM12_PMPPM12";43;306;"Ativa";"Bacen/Not. Imp./Moeda";"Moeda e crédito";"M1 - papel-moeda em poder do público - média";"M1 - papel-moeda em poder do público - média";"Não oculta";"Internet";30;0;0;NA;"Independente";"BM12";"Internet";"Macro"
"443";"BM12_DEVM12";42;313;"Ativa";"Bacen/Not. Imp./Moeda";"Moeda e crédito";"M1 - depósitos à vista - média";"M1 - depósitos à vista - média";"Não oculta";"Internet";30;0;0;NA;"Independente";"BM12";"Internet";"Macro"
"444";"BM12_PMPP12";48;274;"Ativa";"Bacen/Not. Imp./Moeda";"Moeda e crédito";"M1 - papel-moeda em poder do público - fim período";"M1 - papel-moeda em poder do público - fim período";"Não oculta";"Internet";60;0;0;NA;NA;"BM12";"Internet";"Macro"
"445";"BM12_DEV12";56;226;"Ativa";"Bacen/Not. Imp./Moeda";"Moeda e crédito";"M1 - depósitos à vista - fim período";"M1 - depósitos à vista - fim período";"Não oculta";"Internet";60;0;0;NA;NA;"BM12";"Internet";"Macro"
"446";"BM12_FAFN12";11;856;"Inativa";"Bacen/Not. Imp./Moeda";"Moeda e crédito";"M2 - fundos - aplicação financeira - fim período";"M2 - fundos - aplicação financeira - fim período";"Oculta";"Internet";15;0;0;NA;NA;"BM12";"Oculta";"Macro"
"447";"BM12_TFPPN12";2;1480;"Inativa";"Bacen/Not. Imp./Moeda";"Moeda e crédito";"M2 - títulos federais - em poder do público não financeiro - fim período";"M2 - títulos federais - em poder do público não financeiro - fim período";"Oculta";"Internet";15;0;0;NA;NA;"BM12";"Oculta";"Macro"
"448";"BM12_HFTEMP12";1;1628;"Inativa";"Bacen/Not. Imp./Moeda";"Moeda e crédito";"M2 - títulos estaduais e municipais - em poder do público não financeiro - fim período";"M2 - títulos estaduais e municipais - em poder do público não financeiro - fim período";"Oculta";"Internet";15;0;0;NA;NA;"BM12";"Oculta";"Macro"
"449";"BM12_DEPOU12";4;1262;"Inativa";"Bacen/Not. Imp./Moeda";"Moeda e crédito";"M3 - depósitos em poupança - fim período";"M3 - depósitos em poupança - fim período";"Oculta";"Internet";15;0;0;NA;NA;"BM12";"Oculta";"Macro"
"450";"BM12_TIPRIN12";3;1356;"Inativa";"Bacen/Not. Imp./Moeda";"Moeda e crédito";"M4 - títulos privados - fim período";"M4 - títulos privados - fim período";"Oculta";"Internet";15;0;0;NA;NA;"BM12";"Oculta";"Macro"
"451";"BM12_LTNFBC12";8;996;"Ativa";"Bacen/Not. Imp./F. Púb.";"Finanças públicas";"Títulos públicos federais - fora do BC - Tesouro Nacional - LTN - fim período";"Títulos públicos federais - fora do Banco Central - Tesouro Nacional - Letras do Tesouro Nacional (LTN) - fim período";"Não oculta";"Internet";30;0;0;NA;NA;"BM12";"Internet";"Macro"
"452";"BM12_LFTFBC12";2;1480;"Ativa";"Bacen/Not. Imp./F. Púb.";"Finanças públicas";"Títulos públicos federais - fora do BC - Tesouro Nacional - LFT - fim período";"Títulos públicos federais - fora do Banco Central - Tesouro Nacional - Letras Financeiras do Tesouro Nacional (LFT) - fim período";"Não oculta";"Internet";30;0;0;NA;NA;"BM12";"Internet";"Macro"
"453";"BM12_BTNFBC12";5;1176;"Ativa";"Bacen/Not. Imp./F. Púb.";"Finanças públicas";"Títulos públicos federais - fora do BC - Tesouro Nacional - BTN - fim período";"Títulos públicos federais - fora do Banco Central - Tesouro Nacional - Bônus do Tesouro Nacional (BTN) - fim período";"Não oculta";"Internet";30;0;0;NA;NA;"BM12";"Internet";"Macro"
"454";"BM12_NTNFBC12";3;1356;"Ativa";"Bacen/Not. Imp./F. Púb.";"Finanças públicas";"Títulos públicos federais - fora do BC - Tesouro Nacional - NTN - fim período";"Títulos públicos federais - fora do Banco Central - Tesouro Nacional - Notas do Tesouro Nacional (NTN) - fim período";"Não oculta";"Internet";30;0;0;NA;NA;"BM12";"Internet";"Macro"
"455";"BM12_TPFTN12";4;1262;"Inativa";"Bacen/Not. Imp./F. Púb.";"Finanças públicas";"Títulos públicos federais - fora do BC - Tesouro Nacional - fim período";"Títulos públicos federais - fora do Banco Central - Tesouro Nacional - fim período";"Não oculta";"Internet";30;0;0;NA;NA;"BM12";"Internet";"Macro"
"456";"BM12_LBCFBC12";4;1262;"Inativa";"Bacen/Not. Imp./F. Púb.";"Finanças públicas";"Títulos públicos federais - fora do BC - Banco Central - LBC - fim período";"Títulos públicos federais - fora do Banco Central - Banco Central - Letras do Banco Central (LBC) - fim período";"Não oculta";"Internet";15;0;0;NA;NA;"BM12";"Internet";"Macro"
"457";"BM12_BBCFBC12";3;1356;"Inativa";"Bacen/Not. Imp./F. Púb.";"Finanças públicas";"Títulos públicos federais - fora do BC - Banco Central - BBC - fim período";"Títulos públicos federais - fora do Banco Central - Banco Central - Bônus do Banco Central (BBC) - fim período";"Não oculta";"Internet";15;0;0;NA;NA;"BM12";"Internet";"Macro"
"458";"BM12_NBCFBC12";1;1628;"Inativa";"Bacen/Not. Imp./F. Púb.";"Finanças públicas";"Títulos públicos federais - fora do BC - Banco Central - NBC - fim período";"Títulos públicos federais - fora do Banco Central - Banco Central - Notas do Banco Central (NBC) - fim período";"Não oculta";"Internet";30;0;0;NA;NA;"BM12";"Internet";"Macro"
"459";"BM12_TPFBC12";NA;NA;"Inativa";"Bacen/Not. Imp./F. Púb.";"Finanças públicas";"Títulos públicos federais - fora do BC - Banco Central - fim período";"Títulos públicos federais - fora do Banco Central - Banco Central - fim período";"Não oculta";"Internet";30;0;0;NA;NA;"BM12";"Internet";"Macro"
"460";"BM12_DIVFBC12";32;398;"Ativa";"Bacen/Not. Imp./F. Púb.";"Finanças públicas";"Dívida mobiliária interna federal - títulos fora do BC - fim período";"Dívida mobiliária interna federal - títulos fora do Banco Central - fim período";"Não oculta";"Internet";30;0;0;NA;"Gerada";"BM12";"Internet";"Macro"
"461";"BM12_TPFER12";14;737;"Inativa";"Bacen/Not. Imp./F. Púb.";"Finanças públicas";"Títulos - federais - indexados ao câmbio - fim período";"Títulos federais indexados ao câmbio: fim período";"Não oculta";"Internet";60;0;0;NA;NA;"BM12";"Internet";"Macro"
"462";"BM12_TPFTR12";5;1176;"Inativa";"Bacen/Not. Imp./F. Púb.";"Finanças públicas";"Títulos - federais - indexados à TR - fim período";"Títulos federais indexados à TR: fim período";"Não oculta";"Internet";60;0;0;NA;NA;"BM12";"Internet";"Macro"
"463";"BM12_TPFIGP12";26;472;"Inativa";"Bacen/Not. Imp./F. Púb.";"Finanças públicas";"Títulos - federais - indexados ao IGP-M - fim período";"Títulos federais indexados ao IGP-M: fim período";"Não oculta";"Internet";60;0;0;NA;NA;"BM12";"Internet";"Macro"
"464";"BM12_TPFOVER12";82;145;"Inativa";"Bacen/Not. Imp./F. Púb.";"Finanças públicas";"Títulos - federais - indexados à Over / Selic - fim período";"Títulos federais indexados à taxa Overnight / Selic: fim período";"Não oculta";"Internet";60;0;0;NA;NA;"BM12";"Internet";"Macro"
"465";"BM12_TPFPRE12";24;508;"Inativa";"Bacen/Not. Imp./F. Púb.";"Finanças públicas";"Títulos - federais - indexados a índice de correção pré-fixado - fim período";"Títulos federais indexados a índice de correção pré-fixado: fim período";"Não oculta";"Internet";60;0;0;NA;NA;"BM12";"Internet";"Macro"
"466";"BM12_TPFLP12";9;946;"Inativa";"Bacen/Not. Imp./F. Púb.";"Finanças públicas";"Títulos - federais - indexados à TJLP - fim período";"Títulos federais indexados à TJLP: fim período";"Não oculta";"Internet";60;0;0;NA;NA;"BM12";"Internet";"Macro"
"467";"BM12_DIVESP12";2;1480;"Inativa";"Bacen/Not. Imp./F. Púb.";"Finanças públicas";"Dívida interna - pública - estadual - títulos emitidos - SP - fim período";"Dívida interna - pública - estadual - títulos emitidos - SP - fim período";"Não oculta";"Internet";15;0;0;NA;NA;"BM12";"Internet";"Macro"
"468";"BM12_DIVEMG12";6;1117;"Inativa";"Bacen/Not. Imp./F. Púb.";"Finanças públicas";"Dívida interna - pública - estadual - títulos emitidos - MG - fim período";"Dívida interna - pública - estadual - títulos emitidos - MG - fim período";"Não oculta";"Internet";15;0;0;NA;NA;"BM12";"Internet";"Macro"
"469";"BM12_DIVERJ12";2;1480;"Inativa";"Bacen/Not. Imp./F. Púb.";"Finanças públicas";"Dívida interna - pública - estadual - títulos emitidos - RJ - fim período";"Dívida interna - pública - estadual - títulos emitidos - RJ - fim período";"Não oculta";"Internet";15;0;0;NA;NA;"BM12";"Internet";"Macro"
"470";"BM12_DIVERS12";2;1480;"Inativa";"Bacen/Not. Imp./F. Púb.";"Finanças públicas";"Dívida interna - pública - estadual - títulos emitidos - RS - fim período";"Dívida interna - pública - estadual - títulos emitidos - RS - fim período";"Não oculta";"Internet";15;0;0;NA;NA;"BM12";"Internet";"Macro"
"471";"BM12_DIVEOU12";10;894;"Inativa";"Bacen/Not. Imp./F. Púb.";"Finanças públicas";"Dívida interna - pública - estadual - títulos emitidos - demais estados - fim período";"Dívida interna - pública - estadual - títulos emitidos - demais estados - fim período";"Não oculta";"Internet";60;0;0;NA;NA;"BM12";"Internet";"Macro"
"472";"BM12_DIVEST12";7;1050;"Inativa";"Bacen/Not. Imp./F. Púb.";"Finanças públicas";"Dívida interna - pública - estadual - títulos emitidos - fim período";"Dívida interna - pública - estadual - títulos emitidos - fim período";"Não oculta";"Internet";60;0;0;NA;NA;"BM12";"Internet";"Macro"
"473";"BM12_DIVMSP12";NA;NA;"Inativa";"Bacen/Not. Imp./F. Púb.";"Finanças públicas";"Dívida interna - pública - municipal - títulos emitidos - SP - fim período";"Dívida interna - pública - municipal - títulos emitidos - SP - fim período";"Não oculta";"Internet";15;0;0;NA;NA;"BM12";"Internet";"Macro"
"474";"BM12_DIVMRJ12";1;1628;"Inativa";"Bacen/Not. Imp./F. Púb.";"Finanças públicas";"Dívida interna - pública - municipal - títulos emitidos - RJ - fim período";"Dívida interna - pública - municipal - títulos emitidos - RJ - fim período";"Não oculta";"Internet";15;0;0;NA;NA;"BM12";"Internet";"Macro"
"475";"BM12_DIVMOU12";6;1117;"Inativa";"Bacen/Not. Imp./F. Púb.";"Finanças públicas";"Dívida interna - pública - municipal - títulos emitidos - outros municípios - fim período";"Dívida interna - pública - municipal - títulos emitidos - outros municípios - fim período";"Não oculta";"Internet";60;0;0;NA;NA;"BM12";"Internet";"Macro"
"476";"BM12_DIVMUN12";2;1480;"Inativa";"Bacen/Not. Imp./F. Púb.";"Finanças públicas";"Dívida interna - pública - municipal - títulos emitidos - fim período";"Dívida interna - pública - municipal - títulos emitidos - fim período";"Não oculta";"Internet";60;0;0;NA;NA;"BM12";"Internet";"Macro"
"477";"BM12_DEMTES12";2;1480;"Inativa";"Bacen/Not. Imp./F. Púb.";"Finanças públicas";"Dívida interna - pública - estadual e municipal - títulos emitidos - em tesouraria - fim período";"Dívida interna - pública - estadual e municipal - títulos emitidos - em tesouraria - fim período";"Não oculta";"Internet";15;0;0;NA;NA;"BM12";"Internet";"Macro"
"478";"BM12_DEMCIRR12";4;1262;"Inativa";"Bacen/Not. Imp./F. Púb.";"Finanças públicas";"Dívida interna - pública - estadual e municipal - títulos emitidos - em circulação - fim período";"Dívida interna - pública - estadual e municipal - títulos emitidos - em circulação - fim período";"Não oculta";"Internet";30;0;0;NA;NA;"BM12";"Internet";"Macro"
"479";"BM12_DEMCUB12";1;1628;"Inativa";"Bacen/Not. Imp./F. Púb.";"Finanças públicas";"Dívida interna - pública - estadual e municipal - títulos emitidos - em poder do BC - fim período";"Dívida interna - pública - estadual e municipal - títulos emitidos - em poder do Banco Central - fim período";"Não oculta";"Internet";15;0;0;NA;NA;"BM12";"Internet";"Macro"
"480";"BM12_DEMDP12";1;1628;"Inativa";"Bacen/Not. Imp./F. Púb.";"Finanças públicas";"Dívida interna - pública - estadual e municipal - títulos emitidos - em poder do público - fim per.";"Dívida interna - pública - estadual e municipal - títulos emitidos - em poder do público - fim período";"Não oculta";"Internet";30;0;0;NA;NA;"BM12";"Internet";"Macro"
"481";"BM4_NFEEJRNA4";NA;NA;"Inativa";"Bacen/Not. Imp./F. Púb.";"Finanças públicas";"NFSP - estatais - juros reais - c/ desvalorização cambial - acum. 4 trim.";"Necessidade de financiamento do setor público (NFSP) - empresas estatais - juros reais - com desvalorização cambial - acum. 4 trim.";"Não oculta";"Internet";60;0;0;NA;"Gerada/Geradora";"BM4";"Internet";"Macro"
"482";"BM4_NFEENNA4";NA;NA;"Inativa";"Bacen/Not. Imp./F. Púb.";"Finanças públicas";"NFSP - estatais - nominal - c/ desvalorização cambial - acum. 4 trim.";"Necessidade de financiamento do setor público (NFSP) - empresas estatais - conceito nominal - com desvalorização cambial -  acum. 4 trim.";"Não oculta";"Internet";30;0;0;NA;"Gerada/Geradora";"BM4";"Internet";"Macro"
"483";"BM4_NFEEONA4";NA;NA;"Inativa";"Bacen/Not. Imp./F. Púb.";"Finanças públicas";"NFSP - estatais - operacional - c/ desvalorização cambial - acum. 4 trim.";"Necessidade de financiamento do setor público (NFSP) - empresas estatais - operacional - com desvalorização cambial - acum. 4 trim.";"Não oculta";"Internet";60;0;0;NA;"Gerada/Geradora";"BM4";"Internet";"Macro"
"484";"BM4_NFEEPNA4";NA;NA;"Inativa";"Bacen/Not. Imp./F. Púb.";"Finanças públicas";"NFSP - estatais - primário - c/ desvalorização cambial - acum. 4 trim.";"Necessidade de financiamento do setor público (NFSP) - empresas estatais - conceito primário - com desvalorização cambial - acum. 4 trim.";"Não oculta";"Internet";30;0;0;NA;"Gerada/Geradora";"BM4";"Internet";"Macro"
"485";"BM4_NFGFNNA4";1;527;"Inativa";"Bacen/Not. Imp./F. Púb.";"Finanças públicas";"NFSP - gov. federal e Banco Central - nominal - c/ desvalorização cambial - acum. 4 trim.";"Necessidade de financiamento do setor público (NFSP) - governo federal e Banco Central - conceito nominal - com desvalorização cambial - acum. 4 trim.";"Não oculta";"Internet";30;0;0;NA;"Gerada/Geradora";"BM4";"Internet";"Macro"
"486";"BM4_NFGFONA4";NA;NA;"Inativa";"Bacen/Not. Imp./F. Púb.";"Finanças públicas";"NFSP - gov. federal e Banco Central - operacional - c/ desvalorização cambial - acum. 4 trim.";"Necessidade de financiamento do setor público (NFSP) - governo federal e Banco Central - conceito operacional - com desvalorização cambial - acum. 4 trim.";"Não oculta";"Internet";60;0;0;NA;"Gerada/Geradora";"BM4";"Internet";"Macro"
"487";"BM4_NFEMJRNA4";NA;NA;"Inativa";"Bacen/Not. Imp./F. Púb.";"Finanças públicas";"NFSP - estados e municípios - juros reais - c/ desvalorização cambial - acum. 4 trim.";"Necessidade de financiamento do setor público (NFSP) - estados e municípios - juros reais - com desvalorização cambial - acum. 4 trim.";"Não oculta";"Internet";60;0;0;NA;"Gerada/Geradora";"BM4";"Internet";"Macro"
"488";"BM4_NFEMPNA4";NA;NA;"Inativa";"Bacen/Not. Imp./F. Púb.";"Finanças públicas";"NFSP - estados e municípios - primário - c/ desvalorização cambial - acum. 4 trim.";"Necessidade de financiamento do setor público (NFSP) - estados e municípios - conceito primário - com desvalorização cambial - acum. 4 trim.";"Não oculta";"Internet";30;0;0;NA;"Gerada/Geradora";"BM4";"Internet";"Macro"
"489";"BM4_NFGFJRNA4";NA;NA;"Inativa";"Bacen/Not. Imp./F. Púb.";"Finanças públicas";"NFSP - gov. federal e Banco Central - juros reais - c/ desvalorização cambial - acum. 4 trim.";"Necessidade de financiamento do setor público (NFSP) - governo federal e Banco Central - juros reais - com desvalorização cambial - acum. 4 trim.";"Não oculta";"Internet";60;0;0;NA;"Gerada/Geradora";"BM4";"Internet";"Macro"
"490";"BM4_NFGFPNA4";2;436;"Inativa";"Bacen/Not. Imp./F. Púb.";"Finanças públicas";"NFSP - gov. federal e Banco Central - primário - c/ desvalorização cambial - acum. 4 trim.";"Necessidade de financiamento do setor público (NFSP) - governo federal e Banco Central - conceito primário - com desvalorização cambial - acum. 4 trim.";"Não oculta";"Internet";30;0;0;NA;"Gerada/Geradora";"BM4";"Internet";"Macro"
"491";"BM4_NFSPJRNA4";NA;NA;"Inativa";"Bacen/Not. Imp./F. Púb.";"Finanças públicas";"NFSP - setor público - juros reais - c/ desvalorização cambial - acum. 4 trim.";"Necessidade de financiamento do setor público (NFSP) - setor público - juros reais - com desvalorização cambial - acum. 4 trim.";"Não oculta";"Internet";60;0;0;NA;"Gerada/Geradora";"BM4";"Internet";"Macro"
"492";"BM4_NFSPNNA4";1;527;"Inativa";"Bacen/Not. Imp./F. Púb.";"Finanças públicas";"NFSP - setor público - nominal - c/ desvalorização cambial - acum. 4 trim.";"Necessidade de financiamento do setor público (NFSP) - setor público - conceito nominal - com desvalorização cambial - acum. 4 trim.";"Não oculta";"Internet";30;0;0;NA;"Gerada/Geradora";"BM4";"Internet";"Macro"
"493";"BM4_NFSPONA4";NA;NA;"Inativa";"Bacen/Not. Imp./F. Púb.";"Finanças públicas";"NFSP - setor público - operacional - c/ desvalorização cambial - acum. 4 trim.";"Necessidade de financiamento do setor público (NFSP) - setor público - conceito operacional - com desvalorização cambial - acum. 4 trim.";"Não oculta";"Internet";60;0;0;NA;"Gerada/Geradora";"BM4";"Internet";"Macro"
"494";"BM4_NFSPPNA4";6;291;"Inativa";"Bacen/Not. Imp./F. Púb.";"Finanças públicas";"NFSP - setor público - primário - c/ desvalorização cambial - acum. 4 trim.";"Necessidade de financiamento do setor público (NFSP) - setor público - conceito primário - com desvalorização cambial - acum. 4 trim.";"Não oculta";"Internet";30;0;0;NA;"Gerada/Geradora";"BM4";"Internet";"Macro"
"495";"BM4_NFEMONA4";NA;NA;"Inativa";"Bacen/Not. Imp./F. Púb.";"Finanças públicas";"NFSP - estados e municípios - operacional - c/ desvalorização cambial - acum. 4 trim.";"Necessidade de financiamento do setor público (NFSP) - estados e municípios - conceito operacional - com desvalorização cambial - acum. 4 trim.";"Não oculta";"Internet";60;0;0;NA;"Gerada/Geradora";"BM4";"Internet";"Macro"
"496";"BM4_NFEMNNA4";NA;NA;"Inativa";"Bacen/Not. Imp./F. Púb.";"Finanças públicas";"NFSP - estados e municípios - nominal - c/ desvalorização cambial - acum. 4 trim.";"Necessidade de financiamento do setor público (NFSP) - estados e municípios - conceito nominal - com desvalorização cambial - acum. 4 trim.";"Não oculta";"Internet";30;0;0;NA;"Gerada/Geradora";"BM4";"Internet";"Macro"
"497";"BM4_DEXLP4";15;140;"Ativa";"Bacen/Boletim/BP";"Balanço de pagamentos";"Dívida externa - médio / longo prazos";"Dívida externa de médio e longo prazos";"Oculta";"Internet";60;0;0;NA;NA;"BM4";"Oculta";"Macro"
"498";"BM4_DEXLPG4";23;95;"Inativa";"Bacen/Boletim/BP";"Balanço de pagamentos";"Dívida externa - pública - médio / longo prazos";"Dívida externa pública de médio e longo prazos";"Não oculta";"Internet";60;0;0;NA;NA;"BM4";"Internet";"Macro"
"499";"BM4_DEXLPP4";16;134;"Inativa";"Bacen/Boletim/BP";"Balanço de pagamentos";"Dívida externa - privada - médio / longo prazos";"Dívida externa privada de médio e longo prazos";"Não oculta";"Internet";60;0;0;NA;NA;"BM4";"Internet";"Macro"
"500";"BM4_DEXCP4";29;84;"Ativa";"Bacen/Boletim/BP";"Balanço de pagamentos";"Dívida externa - curto prazo";"Dívida externa de curto prazo";"Oculta";"Internet";60;0;0;NA;NA;"BM4";"Oculta";"Macro"
"501";"BM4_DEXCPG4";33;69;"Inativa";"Bacen/Boletim/BP";"Balanço de pagamentos";"Dívida externa - pública - curto prazo";"Dívida externa pública de curto prazo";"Não oculta";"Internet";60;0;0;NA;NA;"BM4";"Internet";"Macro"
"502";"BM4_DEXCPP4";22;100;"Inativa";"Bacen/Boletim/BP";"Balanço de pagamentos";"Dívida externa - privada - curto prazo";"Dívida externa privada de curto prazo";"Não oculta";"Internet";60;0;0;NA;NA;"BM4";"Internet";"Macro"
"503";"BM4_DEXT4";14;148;"Ativa";"Bacen/Boletim/BP";"Balanço de pagamentos";"Dívida externa (exclui empréstimos intercompanhias)";"Dívida externa (exclui empréstimos intercompanhias)";"Oculta";"Internet";60;0;0;NA;NA;"BM4";"Oculta";"Macro"
"504";"BP_ADXAG";NA;NA;"Inativa";"Bacen/Boletim/BP";"Balanço de pagamentos";"Dívida externa - amortizações - agências governamentais";"Dívida externa - amortizações - agências governamentais";"Não oculta";"Intranet";90;0;0;NA;NA;"BP";"Intranet";"Macro"
"505";"BP_ADXBA";NA;NA;"Inativa";"Bacen/Boletim/BP";"Balanço de pagamentos";"Dívida externa - amortizações - bancos";"Dívida externa - amortizações - bancos";"Não oculta";"Intranet";90;0;0;NA;NA;"BP";"Intranet";"Macro"
"506";"BP_ADXFO";NA;NA;"Inativa";"Bacen/Boletim/BP";"Balanço de pagamentos";"Dívida externa - amortizações - créditos de fornecedores / compradores";"Dívida externa - amortizações - créditos de fornecedores e compradores";"Não oculta";"Intranet";90;0;0;NA;NA;"BP";"Intranet";"Macro"
"507";"BP_ADXLP";NA;NA;"Inativa";"Bacen/Boletim/BP";"Balanço de pagamentos";"Dívida externa - amortizações";"Dívida externa - amortizações";"Não oculta";"Intranet";90;0;0;NA;"Gerada";"BP";"Intranet";"Macro"
"508";"BP_ADXOI";NA;NA;"Inativa";"Bacen/Boletim/BP";"Balanço de pagamentos";"Dívida externa - amortizações - organismos internacionais";"Dívida externa - amortizações - organismos internacionais";"Não oculta";"Intranet";90;0;0;NA;NA;"BP";"Intranet";"Macro"
"509";"BP_ADXOU";NA;NA;"Inativa";"Bacen/Boletim/BP";"Balanço de pagamentos";"Dívida externa - amortizações - outros";"Dívida externa - amortizações - outros";"Não oculta";"Intranet";90;0;0;NA;NA;"BP";"Intranet";"Macro"
"510";"BP_AMLP";NA;NA;"Inativa";"Bacen/Boletim/Bpantigo";"Balanço de pagamentos";"Conta de capital - amortização";"Conta de capital - amortização";"Não oculta";"Intranet";90;0;0;NA;NA;"BP";"Intranet";"Macro"
"511";"BP_BSNF";NA;NA;"Inativa";"Bacen/Boletim/Bpantigo";"Balanço de pagamentos";"Transações correntes - bens e serviços não fatores";"Transações correntes de bens e serviços não fatores";"Não oculta";"Intranet";90;0;0;NA;"Gerada";"BP";"Intranet";"Macro"
"512";"BP_BSNFDES";NA;NA;"Inativa";"Bacen/Boletim/Bpantigo";"Balanço de pagamentos";"Transações correntes - bens e serviços não fatores - despesas";"Transações correntes de bens e serviços não fatores: despesas";"Não oculta";"Intranet";90;0;0;NA;"Gerada";"BP";"Intranet";"Macro"
"513";"BP_BSNFREC";NA;NA;"Inativa";"Bacen/Boletim/Bpantigo";"Balanço de pagamentos";"Transações correntes - bens e serviços não fatores - receitas";"Transações correntes de bens e serviços não fatores: receitas";"Não oculta";"Intranet";90;0;0;NA;"Gerada";"BP";"Intranet";"Macro"
"514";"BP_DDXLP";NA;NA;"Inativa";"Bacen/Boletim/BP";"Balanço de pagamentos";"Dívida externa - desembolsos";"Dívida externa - desembolsos";"Não oculta";"Intranet";90;0;0;NA;NA;"BP";"Intranet";"Macro"
"515";"BP_DDXO";NA;NA;"Inativa";"Bacen/Boletim/BP";"Balanço de pagamentos";"Dívida externa - desembolsos - outros";"Dívida externa - desembolsos - outros";"Não oculta";"Intranet";90;0;0;NA;NA;"BP";"Intranet";"Macro"
"516";"BP_DDXOAG";NA;NA;"Inativa";"Bacen/Boletim/BP";"Balanço de pagamentos";"Dívida externa - desembolsos - outros - agências governamentais";"Dívida externa - desembolsos - outros - agências governamentais";"Não oculta";"Intranet";90;0;0;NA;NA;"BP";"Intranet";"Macro"
"517";"BP_DDXOBA";NA;NA;"Inativa";"Bacen/Boletim/BP";"Balanço de pagamentos";"Dívida externa - desembolsos - outros - bancos";"Dívida externa - desembolsos - outros - bancos";"Não oculta";"Intranet";90;0;0;NA;NA;"BP";"Intranet";"Macro"
"518";"BP_DDXOFO";NA;NA;"Inativa";"Bacen/Boletim/BP";"Balanço de pagamentos";"Dívida externa - desembolsos - outros - créditos de fornecedores / compradores";"Dívida externa - desembolsos - outros - créditos de fornecedores e compradores";"Não oculta";"Intranet";90;0;0;NA;NA;"BP";"Intranet";"Macro"
"519";"BP_DDXOIO";NA;NA;"Inativa";"Bacen/Boletim/BP";"Balanço de pagamentos";"Dívida externa - desembolsos - outros - demais";"Dívida externa - desembolsos - outros - demais";"Não oculta";"Intranet";90;0;0;NA;NA;"BP";"Intranet";"Macro"
"520";"BP_DDXOOI";NA;NA;"Inativa";"Bacen/Boletim/BP";"Balanço de pagamentos";"Dívida externa - desembolsos - outros - organismos internacionais";"Dívida externa - desembolsos - outros - organismos internacionais";"Não oculta";"Intranet";90;0;0;NA;NA;"BP";"Intranet";"Macro"
"521";"BP_DDXR";NA;NA;"Inativa";"Bacen/Boletim/BP";"Balanço de pagamentos";"Dívida externa - desembolsos - refinanciamentos";"Dívida externa - desembolsos - refinanciamentos";"Não oculta";"Intranet";90;0;0;NA;NA;"BP";"Intranet";"Macro"
"522";"BP_DDXRAG";NA;NA;"Inativa";"Bacen/Boletim/BP";"Balanço de pagamentos";"Dívida externa - desembolsos - refinanciamentos - credores oficiais";"Dívida externa - desembolsos - refinanciamentos - credores oficiais";"Não oculta";"Intranet";90;0;0;NA;NA;"BP";"Intranet";"Macro"
"523";"BP_DDXRBB";NA;NA;"Inativa";"Bacen/Boletim/BP";"Balanço de pagamentos";"Dívida externa - desembolsos - refinanciamentos - bancos comerciais - brasileiros";"Dívida externa - desembolsos - refinanciamentos - bancos comerciais - brasileiros";"Não oculta";"Intranet";90;0;0;NA;NA;"BP";"Intranet";"Macro"
"524";"BP_DDXRBC";NA;NA;"Inativa";"Bacen/Boletim/BP";"Balanço de pagamentos";"Dívida externa - desembolsos - refinanciamentos - bancos comerciais";"Dívida externa - desembolsos - refinanciamentos - bancos comerciais";"Não oculta";"Intranet";90;0;0;NA;NA;"BP";"Intranet";"Macro"
"525";"BP_DDXRBE";NA;NA;"Inativa";"Bacen/Boletim/BP";"Balanço de pagamentos";"Dívida externa - desembolsos - refinanciamentos - bancos comerciais - estrangeiros";"Dívida externa - desembolsos - refinanciamentos - bancos comerciais - estrangeiros";"Não oculta";"Intranet";90;0;0;NA;NA;"BP";"Intranet";"Macro"
"526";"BP_EFCP";NA;NA;"Inativa";"Bacen/Boletim/Bpantigo";"Balanço de pagamentos";"Conta de capital - capitais a curto prazo";"Conta de capital - capitais a curto prazo";"Não oculta";"Intranet";90;0;0;NA;NA;"BP";"Intranet";"Macro"
"527";"BP_EM";NA;NA;"Inativa";"Bacen/Boletim/Bpantigo";"Balanço de pagamentos";"Conta de capital - empréstimos em moeda";"Conta de capital - empréstimos em moeda";"Não oculta";"Intranet";90;0;0;NA;NA;"BP";"Intranet";"Macro"
"528";"BP_EMA";NA;NA;"Inativa";"Bacen/Boletim/Bpantigo";"Balanço de pagamentos";"Conta de capital - empréstimos em moeda - amortizações pagas";"Conta de capital - empréstimos em moeda - amortizações pagas";"Não oculta";"Intranet";90;0;0;NA;NA;"BP";"Intranet";"Macro"
"529";"BP_EMABA";NA;NA;"Inativa";"Bacen/Boletim/Bpantigo";"Balanço de pagamentos";"Conta de capital - empréstimos em moeda - amortizações pagas - bancos";"Conta de capital - empréstimos em moeda - amortizações pagas - bancos";"Não oculta";"Intranet";90;0;0;NA;NA;"BP";"Intranet";"Macro"
"530";"BP_EMABO";NA;NA;"Inativa";"Bacen/Boletim/Bpantigo";"Balanço de pagamentos";"Conta de capital - empréstimos em moeda - amortizações pagas - bônus";"Conta de capital - empréstimos em moeda - amortizações pagas - bônus";"Não oculta";"Intranet";90;0;0;NA;NA;"BP";"Intranet";"Macro"
"531";"BP_EMACP";NA;NA;"Inativa";"Bacen/Boletim/Bpantigo";"Balanço de pagamentos";"Conta de capital - empréstimos em moeda - amortizações pagas - commercial paper";"Conta de capital - empréstimos em moeda - amortizações pagas - commercial paper";"Não oculta";"Intranet";90;0;0;NA;NA;"BP";"Intranet";"Macro"
"532";"BP_EMADE";NA;NA;"Inativa";"Bacen/Boletim/Bpantigo";"Balanço de pagamentos";"Conta de capital - empréstimos em moeda - amortizações pagas - demais";"Conta de capital - empréstimos em moeda - amortizações pagas - demais";"Não oculta";"Intranet";90;0;0;NA;NA;"BP";"Intranet";"Macro"
"533";"BP_EMAI";NA;NA;"Inativa";"Bacen/Boletim/Bpantigo";"Balanço de pagamentos";"Conta de capital - empréstimos em moeda - amortizações pagas - intercompanhias";"Conta de capital - empréstimos em moeda - amortizações pagas - intercompanhias";"Não oculta";"Intranet";90;0;0;NA;NA;"BP";"Intranet";"Macro"
"534";"BP_EMD";NA;NA;"Inativa";"Bacen/Boletim/Bpantigo";"Balanço de pagamentos";"Conta de capital - empréstimos em moeda - desembolsos";"Conta de capital - empréstimos em moeda - desembolsos";"Não oculta";"Intranet";90;0;0;NA;NA;"BP";"Intranet";"Macro"
"535";"BP_EMDBO";NA;NA;"Inativa";"Bacen/Boletim/Bpantigo";"Balanço de pagamentos";"Conta de capital - empréstimos em moeda - desembolsos - bônus";"Conta de capital - empréstimos em moeda - desembolsos - bônus";"Não oculta";"Intranet";90;0;0;NA;NA;"BP";"Intranet";"Macro"
"536";"BP_EMDCP";NA;NA;"Inativa";"Bacen/Boletim/Bpantigo";"Balanço de pagamentos";"Conta de capital - empréstimos em moeda - desembolsos - commercial paper";"Conta de capital - empréstimos em moeda - desembolsos - commercial paper";"Não oculta";"Intranet";90;0;0;NA;NA;"BP";"Intranet";"Macro"
"537";"BP_EMDDE";NA;NA;"Inativa";"Bacen/Boletim/Bpantigo";"Balanço de pagamentos";"Conta de capital - empréstimos em moeda - desembolsos - demais";"Conta de capital - empréstimos em moeda - desembolsos - demais";"Não oculta";"Intranet";90;0;0;NA;NA;"BP";"Intranet";"Macro"
"538";"BP_EMDIN";NA;NA;"Inativa";"Bacen/Boletim/Bpantigo";"Balanço de pagamentos";"Conta de capital - empréstimos em moeda - desembolsos - intercompanhias";"Conta de capital - empréstimos em moeda - desembolsos - intercompanhias";"Não oculta";"Intranet";90;0;0;NA;NA;"BP";"Intranet";"Macro"
"539";"BP_EMDNO";NA;NA;"Inativa";"Bacen/Boletim/Bpantigo";"Balanço de pagamentos";"Conta de capital - empréstimos em moeda - desembolsos - notes";"Conta de capital - empréstimos em moeda - desembolsos - notes";"Não oculta";"Intranet";90;0;0;NA;NA;"BP";"Intranet";"Macro"
"540";"BP_EMDSE";NA;NA;"Inativa";"Bacen/Boletim/Bpantigo";"Balanço de pagamentos";"Conta de capital - empréstimos em moeda - desembolsos - securitização";"Conta de capital - empréstimos em moeda - desembolsos - securitização";"Não oculta";"Intranet";90;0;0;NA;NA;"BP";"Intranet";"Macro"
"541";"BP_EROM";NA;NA;"Inativa";"Bacen/Boletim/Bpantigo";"Balanço de pagamentos";"Balanço de pagamentos - erros e omissões";"Balanço de pagamentos: erros e omissões";"Não oculta";"Intranet";90;0;0;NA;NA;"BP";"Intranet";"Macro"
"542";"BP_F";NA;NA;"Inativa";"Bacen/Boletim/Bpantigo";"Balanço de pagamentos";"Conta de capital - financiamentos";"Conta de capital - financiamentos";"Não oculta";"Intranet";90;0;0;NA;NA;"BP";"Intranet";"Macro"
"543";"BP_FA";NA;NA;"Inativa";"Bacen/Boletim/Bpantigo";"Balanço de pagamentos";"Conta de capital - financiamentos - amortizações pagas";"Conta de capital - financiamentos - amortizações pagas";"Não oculta";"Intranet";90;0;0;NA;NA;"BP";"Intranet";"Macro"
"544";"BP_FAAG";NA;NA;"Inativa";"Bacen/Boletim/Bpantigo";"Balanço de pagamentos";"Conta de capital - financiamentos - amortizações pagas - agências governamentais";"Conta de capital - financiamentos - amortizações pagas - agências governamentais";"Não oculta";"Intranet";90;0;0;NA;NA;"BP";"Intranet";"Macro"
"545";"BP_FAFO";NA;NA;"Inativa";"Bacen/Boletim/Bpantigo";"Balanço de pagamentos";"Conta de capital - financiamentos - amortizações pagas - fornecedores / compradores";"Conta de capital - financiamentos - amortizações pagas - fornecedores e compradores";"Não oculta";"Intranet";90;0;0;NA;NA;"BP";"Intranet";"Macro"
"546";"BP_FAOI";NA;NA;"Inativa";"Bacen/Boletim/Bpantigo";"Balanço de pagamentos";"Conta de capital - financiamentos - amortizações pagas - organismos internacionais";"Conta de capital - financiamentos - amortizações pagas - organismos internacionais";"Não oculta";"Intranet";90;0;0;NA;NA;"BP";"Intranet";"Macro"
"547";"BP_FD";NA;NA;"Inativa";"Bacen/Boletim/Bpantigo";"Balanço de pagamentos";"Conta de capital - financiamentos - desembolsos";"Conta de capital - financiamentos - desembolsos";"Não oculta";"Intranet";90;0;0;NA;NA;"BP";"Intranet";"Macro"
"548";"BP_FDAG";NA;NA;"Inativa";"Bacen/Boletim/Bpantigo";"Balanço de pagamentos";"Conta de capital - financiamentos - desembolsos - agências governamentais";"Conta de capital - financiamentos - desembolsos - agências governamentais";"Não oculta";"Intranet";90;0;0;NA;NA;"BP";"Intranet";"Macro"
"549";"BP_FDFO";NA;NA;"Inativa";"Bacen/Boletim/Bpantigo";"Balanço de pagamentos";"Conta de capital - financiamentos - desembolsos - fornecedores / compradores";"Conta de capital - financiamentos - desembolsos - fornecedores e compradores";"Não oculta";"Intranet";90;0;0;NA;NA;"BP";"Intranet";"Macro"
"550";"BP_FDOI";NA;NA;"Inativa";"Bacen/Boletim/Bpantigo";"Balanço de pagamentos";"Conta de capital - financiamentos - desembolsos - organismos internacionais";"Conta de capital - financiamentos - desembolsos - organismos internacionais";"Não oculta";"Intranet";90;0;0;NA;NA;"BP";"Intranet";"Macro"
"551";"BP_FINANC";NA;NA;"Inativa";"Bacen/Boletim/Bpantigo";"Balanço de pagamentos";"Balanço de pagamentos - financiamento";"Balanço de pagamentos: financiamento";"Não oculta";"Intranet";90;0;0;NA;NA;"BP";"Intranet";"Macro"
"552";"BP_FRE";NA;NA;"Inativa";"Bacen/Boletim/Bpantigo";"Balanço de pagamentos";"Conta de serviços - transportes - fretes";"Conta de serviços - transportes - fretes";"Não oculta";"Intranet";90;0;0;NA;NA;"BP";"Intranet";"Macro"
"553";"BP_FREDES";NA;NA;"Inativa";"Bacen/Boletim/Bpantigo";"Balanço de pagamentos";"Conta de serviços - transportes - fretes - despesas";"Conta de serviços - transportes - fretes - despesas";"Não oculta";"Intranet";90;0;0;NA;NA;"BP";"Intranet";"Macro"
"554";"BP_FREREC";NA;NA;"Inativa";"Bacen/Boletim/Bpantigo";"Balanço de pagamentos";"Conta de serviços - transportes - fretes - receitas";"Conta de serviços - transportes - fretes - receitas";"Não oculta";"Intranet";90;0;0;NA;NA;"BP";"Intranet";"Macro"
"555";"BP_GOV";NA;NA;"Inativa";"Bacen/Boletim/Bpantigo";"Balanço de pagamentos";"Conta de serviços - serviços governamentais";"Conta de serviços - serviços governamentais";"Não oculta";"Intranet";90;0;0;NA;NA;"BP";"Intranet";"Macro"
"556";"BP_GOVDES";NA;NA;"Inativa";"Bacen/Boletim/Bpantigo";"Balanço de pagamentos";"Conta de serviços - serviços governamentais - despesas";"Conta de serviços - serviços governamentais - despesas";"Não oculta";"Intranet";90;0;0;NA;NA;"BP";"Intranet";"Macro"
"557";"BP_GOVREC";NA;NA;"Inativa";"Bacen/Boletim/Bpantigo";"Balanço de pagamentos";"Conta de serviços - serviços governamentais - receitas";"Conta de serviços - serviços governamentais - receitas";"Não oculta";"Intranet";90;0;0;NA;NA;"BP";"Intranet";"Macro"
"558";"BP_HACP";NA;NA;"Inativa";"Bacen/Boletim/Bpantigo";"Balanço de pagamentos";"Financiamento - haveres de curto prazo ( - = aumento )";"Financiamento: haveres de curto prazo ( - = aumento )";"Não oculta";"Intranet";90;0;0;NA;NA;"BP";"Intranet";"Macro"
"559";"BP_IBDDES";NA;NA;"Inativa";"Bacen/Boletim/Bpantigo";"Balanço de pagamentos";"Conta de capital - investimentos brasileiros - despesas";"Conta de capital - investimentos brasileiros - despesas";"Não oculta";"Intranet";90;0;0;NA;NA;"BP";"Intranet";"Macro"
"560";"BP_IBDL";NA;NA;"Inativa";"Bacen/Boletim/Bpantigo";"Balanço de pagamentos";"Conta de capital - investimentos brasileiros";"Conta de capital - investimentos brasileiros";"Não oculta";"Intranet";90;0;0;NA;NA;"BP";"Intranet";"Macro"
"561";"BP_IBDREC";NA;NA;"Inativa";"Bacen/Boletim/Bpantigo";"Balanço de pagamentos";"Conta de capital - investimentos brasileiros - receitas";"Conta de capital - investimentos brasileiros - receitas";"Não oculta";"Intranet";90;0;0;NA;NA;"BP";"Intranet";"Macro"
"562";"BP_IEDBENS";NA;NA;"Inativa";"Bacen/Boletim/Bpantigo";"Balanço de pagamentos";"Conta de capital - investimentos estrangeiros - mercadorias - ingressos";"Conta de capital - investimentos estrangeiros - mercadorias - ingressos";"Não oculta";"Intranet";90;0;0;NA;NA;"BP";"Intranet";"Macro"
"563";"BP_IEDCONV1";NA;NA;"Inativa";"Bacen/Boletim/Bpantigo";"Balanço de pagamentos";"Conta de capital - investimentos estrangeiros - conversão - ingressos";"Conta de capital - investimentos estrangeiros - conversão - ingressos";"Não oculta";"Intranet";90;0;0;NA;NA;"BP";"Intranet";"Macro"
"564";"BP_IEDDES";NA;NA;"Inativa";"Bacen/Boletim/Bpantigo";"Balanço de pagamentos";"Conta de capital - investimentos estrangeiros - diretos - retornos";"Conta de capital - investimentos estrangeiros - diretos - retornos";"Não oculta";"Intranet";90;0;0;NA;NA;"BP";"Intranet";"Macro"
"565";"BP_IEDES";NA;NA;"Inativa";"Bacen/Boletim/Bpantigo";"Balanço de pagamentos";"Conta de capital - investimentos estrangeiros - retornos";"Conta de capital - investimentos estrangeiros - retornos";"Não oculta";"Intranet";90;0;0;NA;NA;"BP";"Intranet";"Macro"
"566";"BP_IEDL";NA;NA;"Inativa";"Bacen/Boletim/Bpantigo";"Balanço de pagamentos";"Conta de capital - investimentos estrangeiros - diretos";"Conta de capital - investimentos estrangeiros - diretos";"Não oculta";"Intranet";90;0;0;NA;NA;"BP";"Intranet";"Macro"
"567";"BP_IEDREC";NA;NA;"Inativa";"Bacen/Boletim/Bpantigo";"Balanço de pagamentos";"Conta de capital - investimentos estrangeiros - diretos - ingressos";"Conta de capital - investimentos estrangeiros - diretos - ingressos";"Não oculta";"Intranet";90;0;0;NA;NA;"BP";"Intranet";"Macro"
"568";"BP_IEL2";NA;NA;"Inativa";"Bacen/Boletim/Bpantigo";"Balanço de pagamentos";"Conta de capital - investimentos estrangeiros";"Conta de capital - investimentos estrangeiros";"Não oculta";"Intranet";90;0;0;NA;NA;"BP";"Intranet";"Macro"
"569";"BP_IEMOEDA";NA;NA;"Inativa";"Bacen/Boletim/Bpantigo";"Balanço de pagamentos";"Conta de capital - investimentos estrangeiros - moeda - ingressos";"Conta de capital - investimentos estrangeiros - moeda - ingressos";"Não oculta";"Intranet";90;0;0;NA;NA;"BP";"Intranet";"Macro"
"570";"BP_IEPDES";NA;NA;"Inativa";"Bacen/Boletim/Bpantigo";"Balanço de pagamentos";"Conta de capital - investimentos estrangeiros - portfólio - retornos";"Conta de capital - investimentos estrangeiros - portfólio - retornos";"Não oculta";"Intranet";90;0;0;NA;NA;"BP";"Intranet";"Macro"
"571";"BP_IEPL";NA;NA;"Inativa";"Bacen/Boletim/Bpantigo";"Balanço de pagamentos";"Conta de capital - investimentos estrangeiros - portfólio";"Conta de capital - investimentos estrangeiros - portfólio";"Não oculta";"Intranet";90;0;0;NA;NA;"BP";"Intranet";"Macro"
"572";"BP_IEPREC";NA;NA;"Inativa";"Bacen/Boletim/Bpantigo";"Balanço de pagamentos";"Conta de capital - investimentos estrangeiros - portfólio - ingressos";"Conta de capital - investimentos estrangeiros - portfólio - ingressos";"Não oculta";"Intranet";90;0;0;NA;NA;"BP";"Intranet";"Macro"
"573";"BP_IEREC";NA;NA;"Inativa";"Bacen/Boletim/Bpantigo";"Balanço de pagamentos";"Conta de capital - investimentos estrangeiros - ingressos";"Conta de capital - investimentos estrangeiros - ingressos";"Não oculta";"Intranet";90;0;0;NA;NA;"BP";"Intranet";"Macro"
"574";"BP_IL1";NA;NA;"Inativa";"Bacen/Boletim/Bpantigo";"Balanço de pagamentos";"Conta de capital - investimentos - exceto conversão";"Conta de capital - investimentos - exceto conversão";"Não oculta";"Intranet";90;0;0;NA;NA;"BP";"Intranet";"Macro"
"575";"BP_IL2";NA;NA;"Inativa";"Bacen/Boletim/Bpantigo";"Balanço de pagamentos";"Conta de capital - investimentos";"Conta de capital - investimentos";"Não oculta";"Intranet";90;0;0;NA;NA;"BP";"Intranet";"Macro"
"576";"BP_JUR";NA;NA;"Inativa";"Bacen/Boletim/Bpantigo";"Balanço de pagamentos";"Conta de serviços - juros";"Conta de serviços - juros";"Não oculta";"Intranet";90;0;0;NA;NA;"BP";"Intranet";"Macro"
"577";"BP_JURDES";NA;NA;"Inativa";"Bacen/Boletim/Bpantigo";"Balanço de pagamentos";"Conta de serviços - juros - despesas";"Conta de serviços - juros - despesas";"Não oculta";"Intranet";90;0;0;NA;NA;"BP";"Intranet";"Macro"
"578";"BP_JURREC";NA;NA;"Inativa";"Bacen/Boletim/Bpantigo";"Balanço de pagamentos";"Conta de serviços - juros - receitas";"Conta de serviços - juros - receitas";"Não oculta";"Intranet";90;0;0;NA;NA;"BP";"Intranet";"Macro"
"579";"BP_LUD";NA;NA;"Inativa";"Bacen/Boletim/Bpantigo";"Balanço de pagamentos";"Conta de serviços - lucros e dividendos";"Conta de serviços - lucros e dividendos";"Não oculta";"Intranet";90;0;0;NA;NA;"BP";"Intranet";"Macro"
"580";"BP_LUDDES";NA;NA;"Inativa";"Bacen/Boletim/Bpantigo";"Balanço de pagamentos";"Conta de serviços - lucros e dividendos - despesas";"Conta de serviços - lucros e dividendos - despesas";"Não oculta";"Intranet";90;0;0;NA;NA;"BP";"Intranet";"Macro"
"581";"BP_LUDREC";NA;NA;"Inativa";"Bacen/Boletim/Bpantigo";"Balanço de pagamentos";"Conta de serviços - lucros e dividendos - receitas";"Conta de serviços - lucros e dividendos - receitas";"Não oculta";"Intranet";90;0;0;NA;NA;"BP";"Intranet";"Macro"
"582";"BP_LURE";NA;NA;"Inativa";"Bacen/Boletim/Bpantigo";"Balanço de pagamentos";"Conta de serviços - lucros reinvestidos";"Conta de serviços - lucros reinvestidos";"Não oculta";"Intranet";90;0;0;NA;NA;"BP";"Intranet";"Macro"
"583";"BPN_MTV";216;46;"Inativa";"Bacen/BP (BPM5)";"Comércio exterior";"Importações - (FOB) (Antiga metod. - BPM5)";"Importações (FOB) (Antiga metodologia - BPM5)";"Não oculta";"Internet";5;0;1;"BP_MTV até 03/abr/2002.";NA;"BPN";"Internet";"Macro"
"584";"BP_OBCP";NA;NA;"Inativa";"Bacen/Boletim/Bpantigo";"Balanço de pagamentos";"Financiamento - obrigações de curto prazo";"Financiamento: obrigações de curto prazo";"Não oculta";"Intranet";90;0;0;NA;NA;"BP";"Intranet";"Macro"
"585";"BP_OEF";NA;NA;"Inativa";"Bacen/Boletim/Bpantigo";"Balanço de pagamentos";"Conta de capital - outros capitais";"Conta de capital - outros capitais";"Não oculta";"Intranet";90;0;0;NA;NA;"BP";"Intranet";"Macro"
"586";"BP_OSF";NA;NA;"Inativa";"Bacen/Boletim/Bpantigo";"Balanço de pagamentos";"Conta de serviços - serviços relativos a fatores de produção";"Conta de serviços - serviços relativos a fatores de produção";"Não oculta";"Intranet";90;0;0;NA;"Gerada";"BP";"Intranet";"Macro"
"587";"BP_OSFDES";NA;NA;"Inativa";"Bacen/Boletim/Bpantigo";"Balanço de pagamentos";"Conta de serviços - serviços relativos a fatores de produção - despesas";"Conta de serviços - serviços relativos a fatores de produção - despesas";"Não oculta";"Intranet";90;0;0;NA;"Gerada";"BP";"Intranet";"Macro"
"588";"BP_OSFREC";NA;NA;"Inativa";"Bacen/Boletim/Bpantigo";"Balanço de pagamentos";"Conta de serviços - serviços relativos a fatores de produção - receitas";"Conta de serviços - serviços relativos a fatores de produção - receitas";"Não oculta";"Intranet";90;0;0;NA;"Gerada";"BP";"Intranet";"Macro"
"589";"BP_OTR";NA;NA;"Inativa";"Bacen/Boletim/Bpantigo";"Balanço de pagamentos";"Conta de serviços - transportes - outros itens";"Conta de serviços - transportes - outros itens";"Não oculta";"Intranet";90;0;0;NA;NA;"BP";"Intranet";"Macro"
"590";"BP_OTRDES";NA;NA;"Inativa";"Bacen/Boletim/Bpantigo";"Balanço de pagamentos";"Conta de serviços - transportes - outros itens - despesas";"Conta de serviços - transportes - outros itens - despesas";"Não oculta";"Intranet";90;0;0;NA;NA;"BP";"Intranet";"Macro"
"591";"BP_OTRREC";NA;NA;"Inativa";"Bacen/Boletim/Bpantigo";"Balanço de pagamentos";"Conta de serviços - transportes - outros itens - receitas";"Conta de serviços - transportes - outros itens - receitas";"Não oculta";"Intranet";90;0;0;NA;NA;"BP";"Intranet";"Macro"
"592";"BP_OURO";NA;NA;"Inativa";"Bacen/Boletim/Bpantigo";"Balanço de pagamentos";"Financiamento - ouro monetário ( - = aumento )";"Financiamento: ouro monetário ( - = aumento )";"Não oculta";"Intranet";90;0;0;NA;NA;"BP";"Intranet";"Macro"
"593";"BP_REINV";NA;NA;"Inativa";"Bacen/Boletim/Bpantigo";"Balanço de pagamentos";"Conta de capital - reinvestimentos";"Conta de capital - reinvestimentos";"Não oculta";"Intranet";90;0;0;NA;NA;"BP";"Intranet";"Macro"
"594";"BP_REK";NA;NA;"Inativa";"Bacen/Boletim/Bpantigo";"Balanço de pagamentos";"Conta de serviços - renda de capitais";"Conta de serviços - renda de capitais";"Não oculta";"Intranet";90;0;0;NA;"Gerada";"BP";"Intranet";"Macro"
"595";"BP_REKDES";NA;NA;"Inativa";"Bacen/Boletim/Bpantigo";"Balanço de pagamentos";"Conta de serviços - renda de capitais - despesas";"Conta de serviços - renda de capitais - despesas";"Não oculta";"Intranet";90;0;0;NA;"Gerada";"BP";"Intranet";"Macro"
"596";"BP_REKREC";NA;NA;"Inativa";"Bacen/Boletim/Bpantigo";"Balanço de pagamentos";"Conta de serviços - renda de capitais - receitas";"Conta de serviços - renda de capitais - receitas";"Não oculta";"Intranet";90;0;0;NA;"Gerada";"BP";"Intranet";"Macro"
"597";"BPN_SBC";914;5;"Inativa";"Bacen/BP (BPM5)";"Comércio exterior";"Balança comercial - (FOB) - saldo (Antiga metod. - BPM5)";"Saldo da balança comercial (FOB) (Antiga metodologia - BPM5)";"Não oculta";"Internet";5;0;1;"BP_SBC até 03/abr/2002.";NA;"BPN";"Internet";"Macro"
"598";"BP_SBP";NA;NA;"Inativa";"Bacen/Boletim/Bpantigo";"Balanço de pagamentos";"Balanço de pagamentos - superávit (+) ou déficit (-)";"Balanço de pagamentos: superávit (+) ou déficit (-)";"Não oculta";"Intranet";90;0;0;NA;NA;"BP";"Intranet";"Macro"
"599";"BP_SDI";NA;NA;"Inativa";"Bacen/Boletim/Bpantigo";"Balanço de pagamentos";"Conta de serviços - serviços diversos";"Conta de serviços - serviços diversos";"Não oculta";"Intranet";90;0;0;NA;NA;"BP";"Intranet";"Macro"
"600";"BP_SDIDES";NA;NA;"Inativa";"Bacen/Boletim/Bpantigo";"Balanço de pagamentos";"Conta de serviços - serviços diversos - despesas";"Conta de serviços - serviços diversos - despesas";"Não oculta";"Intranet";90;0;0;NA;NA;"BP";"Intranet";"Macro"
"601";"BP_SDIF";NA;NA;"Inativa";"Bacen/Boletim/Bpantigo";"Balanço de pagamentos";"Conta de serviços - serviços diversos relativos a fatores de produção";"Conta de serviços - serviços diversos relativos a fatores de produção";"Não oculta";"Intranet";90;0;0;NA;NA;"BP";"Intranet";"Macro"
"602";"BP_SDIFDES";NA;NA;"Inativa";"Bacen/Boletim/Bpantigo";"Balanço de pagamentos";"Conta de serviços - serviços diversos relativos a fatores de produção - despesas";"Conta de serviços - serviços diversos relativos a fatores de produção - despesas";"Não oculta";"Intranet";90;0;0;NA;"Gerada";"BP";"Intranet";"Macro"
"603";"BP_SDIFREC";NA;NA;"Inativa";"Bacen/Boletim/Bpantigo";"Balanço de pagamentos";"Conta de serviços - serviços diversos relativos a fatores de produção - receitas";"Conta de serviços - serviços diversos relativos a fatores de produção - receitas";"Não oculta";"Intranet";90;0;0;NA;"Gerada";"BP";"Intranet";"Macro"
"604";"BP_SDINF";NA;NA;"Inativa";"Bacen/Boletim/Bpantigo";"Balanço de pagamentos";"Conta de serviços - serviços diversos não relativos a fatores de produção";"Conta de serviços - serviços diversos não relativos a fatores de produção";"Não oculta";"Intranet";90;0;0;NA;NA;"BP";"Intranet";"Macro"
"605";"BP_SDINFDES";NA;NA;"Inativa";"Bacen/Boletim/Bpantigo";"Balanço de pagamentos";"Conta de serviços - serviços diversos não relativos a fatores de produção - despesas";"Conta de serviços - serviços diversos não relativos a fatores de produção - despesas";"Não oculta";"Intranet";90;0;0;NA;"Gerada";"BP";"Intranet";"Macro"
"606";"BP_SDINFREC";NA;NA;"Inativa";"Bacen/Boletim/Bpantigo";"Balanço de pagamentos";"Conta de serviços - serviços diversos não relativos a fatores de produção - receitas";"Conta de serviços - serviços diversos não relativos a fatores de produção - receitas";"Não oculta";"Intranet";90;0;0;NA;"Gerada";"BP";"Intranet";"Macro"
"607";"BP_SDIREC";NA;NA;"Inativa";"Bacen/Boletim/Bpantigo";"Balanço de pagamentos";"Conta de serviços - serviços diversos - receitas";"Conta de serviços - serviços diversos - receitas";"Não oculta";"Intranet";90;0;0;NA;NA;"BP";"Intranet";"Macro"
"608";"BP_SEG";NA;NA;"Inativa";"Bacen/Boletim/Bpantigo";"Balanço de pagamentos";"Conta de serviços - seguros";"Conta de serviços - seguros";"Não oculta";"Intranet";90;0;0;NA;NA;"BP";"Intranet";"Macro"
"609";"BP_SEGDES";NA;NA;"Inativa";"Bacen/Boletim/Bpantigo";"Balanço de pagamentos";"Conta de serviços - seguros - despesas";"Conta de serviços - seguros - despesas";"Não oculta";"Intranet";90;0;0;NA;NA;"BP";"Intranet";"Macro"
"610";"BP_SEGREC";NA;NA;"Inativa";"Bacen/Boletim/Bpantigo";"Balanço de pagamentos";"Conta de serviços - seguros - receitas";"Conta de serviços - seguros - receitas";"Não oculta";"Intranet";90;0;0;NA;NA;"BP";"Intranet";"Macro"
"611";"BP_SER";NA;NA;"Inativa";"Bacen/Boletim/Bpantigo";"Balanço de pagamentos";"Conta de serviços - saldo";"Conta de serviços - saldo";"Não oculta";"Intranet";90;0;0;NA;NA;"BP";"Intranet";"Macro"
"612";"BP_SERDES";NA;NA;"Inativa";"Bacen/Boletim/Bpantigo";"Balanço de pagamentos";"Conta de serviços - despesas";"Conta de serviços - despesas";"Não oculta";"Intranet";90;0;0;NA;NA;"BP";"Intranet";"Macro"
"613";"BP_SERREC";NA;NA;"Inativa";"Bacen/Boletim/Bpantigo";"Balanço de pagamentos";"Conta de serviços - receitas";"Conta de serviços - receitas";"Não oculta";"Intranet";90;0;0;NA;NA;"BP";"Intranet";"Macro"
"614";"BP_SEXJ";NA;NA;"Inativa";"Bacen/Boletim/Bpantigo";"Balanço de pagamentos";"Conta de serviços - exceto juros";"Conta de serviços - exceto juros";"Não oculta";"Intranet";90;0;0;NA;NA;"BP";"Intranet";"Macro"
"615";"BP_SMS";NA;NA;"Inativa";"Bacen/Boletim/Bpantigo";"Balanço de pagamentos";"Transações correntes - bens e serviços - exceto lucros reinvestidos";"Transações correntes de bens e serviços exceto lucros reinvestidos";"Não oculta";"Intranet";90;0;0;NA;NA;"BP";"Intranet";"Macro"
"616";"BP_SNF";NA;NA;"Inativa";"Bacen/Boletim/Bpantigo";"Balanço de pagamentos";"Conta de serviços - serviços não relativos a fatores de produção";"Conta de serviços - serviços não relativos a fatores de produção";"Não oculta";"Intranet";90;0;0;NA;"Gerada";"BP";"Intranet";"Macro"
"617";"BP_SNFDES";NA;NA;"Inativa";"Bacen/Boletim/Bpantigo";"Balanço de pagamentos";"Conta de serviços - serviços não relativos a fatores de produção - despesas";"Conta de serviços - serviços não relativos a fatores de produção - despesas";"Não oculta";"Intranet";90;0;0;NA;"Gerada";"BP";"Intranet";"Macro"
"618";"BP_SNFREC";NA;NA;"Inativa";"Bacen/Boletim/Bpantigo";"Balanço de pagamentos";"Conta de serviços - serviços não relativos a fatores de produção - receitas";"Conta de serviços - serviços não relativos a fatores de produção - receitas";"Não oculta";"Intranet";90;0;0;NA;"Gerada";"BP";"Intranet";"Macro"
"619";"BP_STC";NA;NA;"Inativa";"Bacen/Boletim/Bpantigo";"Balanço de pagamentos";"Transações correntes - saldo";"Transações correntes: saldo";"Não oculta";"Intranet";90;0;0;NA;NA;"BP";"Intranet";"Macro"
"620";"BP_STK";NA;NA;"Inativa";"Bacen/Boletim/Bpantigo";"Balanço de pagamentos";"Conta de capital - saldo";"Conta de capital - saldo";"Não oculta";"Intranet";90;0;0;NA;NA;"BP";"Intranet";"Macro"
"621";"BP_TUN";NA;NA;"Inativa";"Bacen/Boletim/Bpantigo";"Balanço de pagamentos";"Transferências unilaterais correntes - saldo";"Transferências unilaterais correntes: saldo";"Não oculta";"Intranet";90;0;0;NA;NA;"BP";"Intranet";"Macro"
"622";"BP_TUNDES";NA;NA;"Inativa";"Bacen/Boletim/Bpantigo";"Balanço de pagamentos";"Transferências unilaterais correntes - despesas";"Transferências unilaterais correntes: despesas";"Não oculta";"Intranet";90;0;0;NA;NA;"BP";"Intranet";"Macro"
"623";"BP_TUNODES";NA;NA;"Inativa";"Bacen/Boletim/Bpantigo";"Balanço de pagamentos";"Transferências unilaterais - oficiais - despesas";"Transferências unilaterais oficiais: despesas";"Não oculta";"Intranet";90;0;0;NA;NA;"BP";"Intranet";"Macro"
"624";"BP_TUNOREC";NA;NA;"Inativa";"Bacen/Boletim/Bpantigo";"Balanço de pagamentos";"Transferências unilaterais - oficiais - receitas";"Transferências unilaterais oficiais: receitas";"Não oculta";"Intranet";90;0;0;NA;NA;"BP";"Intranet";"Macro"
"625";"BP_TUNPDES";NA;NA;"Inativa";"Bacen/Boletim/Bpantigo";"Balanço de pagamentos";"Transferências unilaterais - privadas - despesas";"Transferências unilaterais privadas: despesas";"Não oculta";"Intranet";90;0;0;NA;NA;"BP";"Intranet";"Macro"
"626";"BP_TUNPREC";NA;NA;"Inativa";"Bacen/Boletim/Bpantigo";"Balanço de pagamentos";"Transferências unilaterais - privadas - receitas";"Transferências unilaterais privadas: receitas";"Não oculta";"Intranet";90;0;0;NA;NA;"BP";"Intranet";"Macro"
"627";"BP_TUNREC";NA;NA;"Inativa";"Bacen/Boletim/Bpantigo";"Balanço de pagamentos";"Transferências unilaterais correntes - receitas";"Transferências unilaterais correntes: receitas";"Não oculta";"Intranet";90;0;0;NA;NA;"BP";"Intranet";"Macro"
"628";"BP_TUR";NA;NA;"Inativa";"Bacen/Boletim/Bpantigo";"Balanço de pagamentos";"Conta de serviços - viagens internacionais";"Conta de serviços - viagens internacionais";"Não oculta";"Intranet";90;0;0;NA;NA;"BP";"Intranet";"Macro"
"629";"BP_TURDES";NA;NA;"Inativa";"Bacen/Boletim/Bpantigo";"Balanço de pagamentos";"Conta de serviços - viagens internacionais - despesas";"Conta de serviços - viagens internacionais - despesas";"Não oculta";"Intranet";90;0;0;NA;NA;"BP";"Intranet";"Macro"
"630";"BP_TURREC";NA;NA;"Inativa";"Bacen/Boletim/Bpantigo";"Balanço de pagamentos";"Conta de serviços - viagens internacionais - receitas";"Conta de serviços - viagens internacionais - receitas";"Não oculta";"Intranet";90;0;0;NA;NA;"BP";"Intranet";"Macro"
"631";"BPN_XTV";265;35;"Inativa";"Bacen/BP (BPM5)";"Comércio exterior";"Exportações - (FOB) (Antiga metod. - BPM5)";"Exportações (FOB) (Antiga metodologia - BPM5)";"Não oculta";"Internet";5;0;1;"BP_XTV até 03/abr/2002.";NA;"BPN";"Internet";"Macro"
"632";"BP_TRP";NA;NA;"Inativa";"Bacen/Boletim/Bpantigo";"Balanço de pagamentos";"Conta de serviços - transportes";"Conta de serviços - transportes";"Não oculta";"Intranet";90;0;0;NA;NA;"BP";"Intranet";"Macro"
"633";"BP_TRPREC";NA;NA;"Inativa";"Bacen/Boletim/Bpantigo";"Balanço de pagamentos";"Conta de serviços - transportes - receitas";"Conta de serviços - transportes - receitas";"Não oculta";"Intranet";90;0;0;NA;NA;"BP";"Intranet";"Macro"
"634";"BP_TRPDES";NA;NA;"Inativa";"Bacen/Boletim/Bpantigo";"Balanço de pagamentos";"Conta de serviços - transportes - despesas";"Conta de serviços - transportes - despesas";"Não oculta";"Intranet";90;0;0;NA;NA;"BP";"Intranet";"Macro"
"635";"BP_ADXCV";NA;NA;"Inativa";"Bacen/Boletim/BP";"Balanço de pagamentos";"Dívida externa - conversão em investimento";"Dívida externa - conversão em investimento";"Não oculta";"Intranet";90;0;0;NA;NA;"BP";"Intranet";"Macro"
"636";"BP_OPREGFMI";NA;NA;"Inativa";"Bacen/Boletim/Bpantigo";"Balanço de pagamentos";"Financiamento - oper. com o FMI e de regularização";"Financiamento: operações com o FMI e de regularização";"Não oculta";"Intranet";90;0;0;NA;NA;"BP";"Intranet";"Macro"
"637";"BP_OPREG";NA;NA;"Inativa";"Bacen/Boletim/Bpantigo";"Balanço de pagamentos";"Financiamento - oper. de regularização";"Financiamento: operações de regularização";"Não oculta";"Intranet";90;0;0;NA;NA;"BP";"Intranet";"Macro"
"638";"BP_FMI";NA;NA;"Inativa";"Bacen/Boletim/Bpantigo";"Balanço de pagamentos";"Financiamento - obrigações com o FMI";"Financiamento: obrigações com o FMI";"Não oculta";"Intranet";90;0;0;NA;NA;"BP";"Intranet";"Macro"
"639";"BP_EFLP";NA;NA;"Inativa";"Bacen/Boletim/Bpantigo";"Balanço de pagamentos";"Conta de capital - empréstimos / financiamentos - médio / longo prazos";"Conta de capital - empréstimos e financiamentos de médio e longo prazos";"Não oculta";"Intranet";90;0;0;NA;NA;"BP";"Intranet";"Macro"
"640";"BP12_EFCP12";NA;NA;"Inativa";"Bacen/Boletim/Bpantigo";"Balanço de pagamentos";"Conta de capital - capitais a curto prazo";"Conta de capital - capitais a curto prazo";"Não oculta";"Intranet";15;0;0;NA;NA;"BP12";"Intranet";"Macro"
"641";"BP12_EFLP12";NA;NA;"Inativa";"Bacen/Boletim/Bpantigo";"Balanço de pagamentos";"Conta de capital - empréstimos / financiamentos - médio / longo prazos";"Conta de capital - empréstimos e financiamentos de médio e longo prazos";"Não oculta";"Intranet";15;0;0;NA;NA;"BP12";"Intranet";"Macro"
"642";"BP12_LURE12";NA;NA;"Inativa";"Bacen/Boletim/Bpantigo";"Balanço de pagamentos";"Conta de serviços - lucros reinvestidos";"Conta de serviços - lucros reinvestidos";"Não oculta";"Intranet";15;0;0;NA;NA;"BP12";"Intranet";"Macro"
"643";"BPN12_MTV12";160;65;"Inativa";"Bacen/BP (BPM5)";"Comércio exterior";"Importações - (FOB) (Antiga metod. - BPM5)";"Importações (FOB) (Antiga metodologia - BPM5)";"Não oculta";"Internet";5;0;0;"BP12_MTV12 até 03/abr/2002.";NA;"BPN12";"Internet";"Macro"
"644";"BP12_OEF12";NA;NA;"Inativa";"Bacen/Boletim/Bpantigo";"Balanço de pagamentos";"Conta de capital - outros capitais";"Conta de capital - outros capitais";"Não oculta";"Intranet";15;0;0;NA;NA;"BP12";"Intranet";"Macro"
"645";"BPN12_SBC12";903;11;"Inativa";"Bacen/BP (BPM5)";"Comércio exterior";"Balança comercial - (FOB) - saldo (Antiga metod. - BPM5)";"Saldo da balança comercial (FOB) (Antiga metodologia - BPM5)";"Não oculta";"Internet";5;0;0;"BP12_SBC12 até 03/abr/2002.";NA;"BPN12";"Internet";"Macro"
"646";"BP12_SDI12";NA;NA;"Inativa";"Bacen/Boletim/Bpantigo";"Balanço de pagamentos";"Conta de serviços - serviços diversos";"Conta de serviços - serviços diversos";"Não oculta";"Intranet";15;0;0;NA;NA;"BP12";"Intranet";"Macro"
"647";"BP12_SDIDES12";NA;NA;"Inativa";"Bacen/Boletim/Bpantigo";"Balanço de pagamentos";"Conta de serviços - serviços diversos - despesas";"Conta de serviços - serviços diversos - despesas";"Não oculta";"Intranet";15;0;0;NA;NA;"BP12";"Intranet";"Macro"
"648";"BP12_SDIFDES12";NA;NA;"Inativa";"Bacen/Boletim/Bpantigo";"Balanço de pagamentos";"Conta de serviços - serviços diversos relativos a fatores de produção - despesas";"Conta de serviços - serviços diversos relativos a fatores de produção - despesas";"Não oculta";"Intranet";15;0;0;NA;NA;"BP12";"Intranet";"Macro"
"649";"BP12_SDIFREC12";NA;NA;"Inativa";"Bacen/Boletim/Bpantigo";"Balanço de pagamentos";"Conta de serviços - serviços diversos relativos a fatores de produção - receitas";"Conta de serviços - serviços diversos relativos a fatores de produção - receitas";"Não oculta";"Intranet";15;0;0;NA;NA;"BP12";"Intranet";"Macro"
"650";"BP12_SDIREC12";NA;NA;"Inativa";"Bacen/Boletim/Bpantigo";"Balanço de pagamentos";"Conta de serviços - serviços diversos - receitas";"Conta de serviços - serviços diversos - receitas";"Não oculta";"Intranet";15;0;0;NA;NA;"BP12";"Intranet";"Macro"
"651";"BP12_SDNFDES12";NA;NA;"Inativa";"Bacen/Boletim/Bpantigo";"Balanço de pagamentos";"Conta de serviços - serviços diversos não relativos a fatores de produção - despesas";"Conta de serviços - serviços diversos não relativos a fatores de produção - despesas";"Não oculta";"Intranet";15;0;0;NA;NA;"BP12";"Intranet";"Macro"
"652";"BP12_SDNFREC12";NA;NA;"Inativa";"Bacen/Boletim/Bpantigo";"Balanço de pagamentos";"Conta de serviços - serviços diversos não relativos a fatores de produção - receitas";"Conta de serviços - serviços diversos não relativos a fatores de produção - receitas";"Não oculta";"Intranet";15;0;0;NA;NA;"BP12";"Intranet";"Macro"
"653";"BP12_IEMRFI12";NA;NA;"Inativa";"Bacen/Boletim/Bpantigo";"Balanço de pagamentos";"Conta de capital - investimentos estrangeiros - portfólio - fundos - ingressos";"Conta de capital - investimentos estrangeiros - portfólio - fundos - ingressos";"Não oculta";"Intranet";15;0;0;NA;NA;"BP12";"Intranet";"Macro"
"654";"BP12_IEMRFL12";NA;NA;"Inativa";"Bacen/Boletim/Bpantigo";"Balanço de pagamentos";"Conta de capital - investimentos estrangeiros - portfólio - fundos";"Conta de capital - investimentos estrangeiros - portfólio - fundos";"Não oculta";"Intranet";15;0;0;NA;NA;"BP12";"Intranet";"Macro"
"655";"BP12_IEMRFR12";NA;NA;"Inativa";"Bacen/Boletim/Bpantigo";"Balanço de pagamentos";"Conta de capital - investimentos estrangeiros - portfólio - fundos - retornos";"Conta de capital - investimentos estrangeiros - portfólio - fundos - retornos";"Não oculta";"Intranet";15;0;0;NA;NA;"BP12";"Intranet";"Macro"
"656";"BP12_IEPDES12";NA;NA;"Inativa";"Bacen/Boletim/Bpantigo";"Balanço de pagamentos";"Conta de capital - investimentos estrangeiros - portfólio - retornos";"Conta de capital - investimentos estrangeiros - portfólio - retornos";"Não oculta";"Intranet";15;0;0;NA;NA;"BP12";"Intranet";"Macro"
"657";"BPN12_XTV12";244;35;"Inativa";"Bacen/BP (BPM5)";"Comércio exterior";"Exportações - (FOB) (Antiga metod. - BPM5)";"Exportações (FOB) (Antiga metodologia - BPM5)";"Não oculta";"Internet";5;0;0;"BP12_XTV12 até 03/abr/2002.";NA;"BPN12";"Internet";"Macro"
"658";"BP12_IEPL12";NA;NA;"Inativa";"Bacen/Boletim/Bpantigo";"Balanço de pagamentos";"Conta de capital - investimentos estrangeiros - portfólio";"Conta de capital - investimentos estrangeiros - portfólio";"Não oculta";"Intranet";15;0;0;NA;NA;"BP12";"Intranet";"Macro"
"659";"BP12_IEPREC12";NA;NA;"Inativa";"Bacen/Boletim/Bpantigo";"Balanço de pagamentos";"Conta de capital - investimentos estrangeiros - portfólio - ingressos";"Conta de capital - investimentos estrangeiros - portfólio - ingressos";"Não oculta";"Intranet";15;0;0;NA;NA;"BP12";"Intranet";"Macro"
"660";"BP4_AMLP4";NA;NA;"Inativa";"Bacen/Boletim/Bpantigo";"Balanço de pagamentos";"Conta de capital - amortização";"Conta de capital - amortização";"Não oculta";"Intranet";30;0;0;NA;NA;"BP4";"Intranet";"Macro"
"661";"BP4_BSNF4";NA;NA;"Inativa";"Bacen/Boletim/Bpantigo";"Balanço de pagamentos";"Transações correntes - bens e serviços não fatores";"Transações correntes de bens e serviços não fatores";"Não oculta";"Intranet";30;0;0;NA;"Gerada";"BP4";"Intranet";"Macro"
"662";"BP4_BSNFDES4";NA;NA;"Inativa";"Bacen/Boletim/Bpantigo";"Balanço de pagamentos";"Transações correntes - bens e serviços não fatores - despesas";"Transações correntes de bens e serviços não fatores: despesas";"Não oculta";"Intranet";30;0;0;NA;"Gerada/Geradora";"BP4";"Intranet";"Macro"
"663";"BP4_BSNFREC4";NA;NA;"Inativa";"Bacen/Boletim/Bpantigo";"Balanço de pagamentos";"Transações correntes - bens e serviços não fatores - receitas";"Transações correntes de bens e serviços não fatores: receitas";"Não oculta";"Intranet";30;0;0;NA;"Gerada/Geradora";"BP4";"Intranet";"Macro"
"664";"BP4_EFCP4";NA;NA;"Inativa";"Bacen/Boletim/Bpantigo";"Balanço de pagamentos";"Conta de capital - capitais a curto prazo";"Conta de capital - capitais a curto prazo";"Não oculta";"Intranet";30;0;0;NA;NA;"BP4";"Intranet";"Macro"
"665";"BP4_EFLP4";NA;NA;"Inativa";"Bacen/Boletim/Bpantigo";"Balanço de pagamentos";"Conta de capital - empréstimos / financiamentos - médio / longo prazos";"Conta de capital - empréstimos e financiamentos de médio e longo prazos";"Não oculta";"Intranet";30;0;0;NA;NA;"BP4";"Intranet";"Macro"
"666";"BP4_EROM4";NA;NA;"Inativa";"Bacen/Boletim/Bpantigo";"Balanço de pagamentos";"Balanço de pagamentos - erros e omissões";"Balanço de pagamentos: erros e omissões";"Não oculta";"Intranet";30;0;0;NA;NA;"BP4";"Intranet";"Macro"
"667";"BP4_FINANC4";NA;NA;"Inativa";"Bacen/Boletim/Bpantigo";"Balanço de pagamentos";"Balanço de pagamentos - financiamento";"Balanço de pagamentos: financiamento";"Não oculta";"Intranet";30;0;0;NA;NA;"BP4";"Intranet";"Macro"
"668";"BP4_FRE4";NA;NA;"Inativa";"Bacen/Boletim/Bpantigo";"Balanço de pagamentos";"Conta de serviços - transportes - fretes";"Conta de serviços - transportes - fretes";"Não oculta";"Intranet";30;0;0;NA;NA;"BP4";"Intranet";"Macro"
"669";"BP4_FREDES4";NA;NA;"Inativa";"Bacen/Boletim/Bpantigo";"Balanço de pagamentos";"Conta de serviços - transportes - fretes - despesas";"Conta de serviços - transportes - fretes - despesas";"Não oculta";"Intranet";30;0;0;NA;NA;"BP4";"Intranet";"Macro"
"670";"BP4_FREREC4";NA;NA;"Inativa";"Bacen/Boletim/Bpantigo";"Balanço de pagamentos";"Conta de serviços - transportes - fretes - receitas";"Conta de serviços - transportes - fretes - receitas";"Não oculta";"Intranet";30;0;0;NA;NA;"BP4";"Intranet";"Macro"
"671";"BP4_HACP4";NA;NA;"Inativa";"Bacen/Boletim/Bpantigo";"Balanço de pagamentos";"Financiamento - haveres de curto prazo ( - = aumento )";"Financiamento: haveres de curto prazo ( - = aumento )";"Não oculta";"Intranet";30;0;0;NA;NA;"BP4";"Intranet";"Macro"
"672";"BP4_IBDDES4";NA;NA;"Inativa";"Bacen/Boletim/Bpantigo";"Balanço de pagamentos";"Conta de capital - investimentos brasileiros - despesas";"Conta de capital - investimentos brasileiros - despesas";"Não oculta";"Intranet";30;0;0;NA;NA;"BP4";"Intranet";"Macro"
"673";"BP4_IBDL4";NA;NA;"Inativa";"Bacen/Boletim/Bpantigo";"Balanço de pagamentos";"Conta de capital - investimentos brasileiros";"Conta de capital - investimentos brasileiros";"Não oculta";"Intranet";30;0;0;NA;NA;"BP4";"Intranet";"Macro"
"674";"BP4_IBDREC4";NA;NA;"Inativa";"Bacen/Boletim/Bpantigo";"Balanço de pagamentos";"Conta de capital - investimentos brasileiros - receitas";"Conta de capital - investimentos brasileiros - receitas";"Não oculta";"Intranet";30;0;0;NA;NA;"BP4";"Intranet";"Macro"
"675";"BP4_IEDDES4";NA;NA;"Inativa";"Bacen/Boletim/Bpantigo";"Balanço de pagamentos";"Conta de capital - investimentos estrangeiros - diretos - retornos";"Conta de capital - investimentos estrangeiros - diretos - retornos";"Não oculta";"Intranet";30;0;0;NA;NA;"BP4";"Intranet";"Macro"
"676";"BP4_IEDES4";NA;NA;"Inativa";"Bacen/Boletim/Bpantigo";"Balanço de pagamentos";"Conta de capital - investimentos estrangeiros - retornos";"Conta de capital - investimentos estrangeiros - retornos";"Não oculta";"Intranet";30;0;0;NA;NA;"BP4";"Intranet";"Macro"
"677";"BP4_IEDL4";NA;NA;"Inativa";"Bacen/Boletim/Bpantigo";"Balanço de pagamentos";"Conta de capital - investimentos estrangeiros - diretos";"Conta de capital - investimentos estrangeiros - diretos";"Não oculta";"Intranet";30;0;0;NA;NA;"BP4";"Intranet";"Macro"
"678";"BP4_IEDREC4";NA;NA;"Inativa";"Bacen/Boletim/Bpantigo";"Balanço de pagamentos";"Conta de capital - investimentos estrangeiros - diretos - ingressos";"Conta de capital - investimentos estrangeiros - diretos - ingressos";"Não oculta";"Intranet";30;0;0;NA;NA;"BP4";"Intranet";"Macro"
"679";"BP4_IEL4";NA;NA;"Inativa";"Bacen/Boletim/Bpantigo";"Balanço de pagamentos";"Conta de capital - investimentos estrangeiros";"Conta de capital - investimentos estrangeiros";"Não oculta";"Intranet";30;0;0;NA;NA;"BP4";"Intranet";"Macro"
"680";"BP4_IEPDES4";NA;NA;"Inativa";"Bacen/Boletim/Bpantigo";"Balanço de pagamentos";"Conta de capital - investimentos estrangeiros - portfólio - retornos";"Conta de capital - investimentos estrangeiros - portfólio - retornos";"Não oculta";"Intranet";30;0;0;NA;NA;"BP4";"Intranet";"Macro"
"681";"BP4_IEPL4";NA;NA;"Inativa";"Bacen/Boletim/Bpantigo";"Balanço de pagamentos";"Conta de capital - investimentos estrangeiros - portfólio";"Conta de capital - investimentos estrangeiros - portfólio";"Não oculta";"Intranet";30;0;0;NA;NA;"BP4";"Intranet";"Macro"
"682";"BP4_IEPREC4";NA;NA;"Inativa";"Bacen/Boletim/Bpantigo";"Balanço de pagamentos";"Conta de capital - investimentos estrangeiros - portfólio - ingressos";"Conta de capital - investimentos estrangeiros - portfólio - ingressos";"Não oculta";"Intranet";30;0;0;NA;NA;"BP4";"Intranet";"Macro"
"683";"BP4_IEREC4";NA;NA;"Inativa";"Bacen/Boletim/Bpantigo";"Balanço de pagamentos";"Conta de capital - investimentos estrangeiros - ingressos";"Conta de capital - investimentos estrangeiros - ingressos";"Não oculta";"Intranet";30;0;0;NA;NA;"BP4";"Intranet";"Macro"
"684";"BP4_IL4";NA;NA;"Inativa";"Bacen/Boletim/Bpantigo";"Balanço de pagamentos";"Conta de capital - investimentos";"Conta de capital - investimentos";"Não oculta";"Intranet";30;0;0;NA;NA;"BP4";"Intranet";"Macro"
"685";"BP4_JUR4";NA;NA;"Inativa";"Bacen/Boletim/Bpantigo";"Balanço de pagamentos";"Conta de serviços - juros";"Conta de serviços - juros";"Não oculta";"Intranet";30;0;0;NA;NA;"BP4";"Intranet";"Macro"
"686";"BPN4_MTV4";36;62;"Inativa";"Bacen/BP (BPM5)";"Comércio exterior";"Importações - (FOB) (Antiga metod. - BPM5)";"Importações (FOB) (Antiga metodologia - BPM5)";"Não oculta";"Internet";25;0;0;"BP4_MTV4 até 03/abr/2002.";"Geradora";"BPN4";"Internet";"Macro"
"687";"BP4_OBCP4";NA;NA;"Inativa";"Bacen/Boletim/Bpantigo";"Balanço de pagamentos";"Financiamento - obrigações de curto prazo";"Financiamento: obrigações de curto prazo";"Não oculta";"Intranet";30;0;0;NA;NA;"BP4";"Intranet";"Macro"
"688";"BP4_OEF4";NA;NA;"Inativa";"Bacen/Boletim/Bpantigo";"Balanço de pagamentos";"Conta de capital - outros capitais";"Conta de capital - outros capitais";"Não oculta";"Intranet";30;0;0;NA;NA;"BP4";"Intranet";"Macro"
"689";"BP4_OREGFMI4";NA;NA;"Inativa";"Bacen/Boletim/Bpantigo";"Balanço de pagamentos";"Financiamento - oper. com o FMI e de regularização";"Financiamento: operações com o FMI e de regularização";"Não oculta";"Intranet";30;0;0;NA;NA;"BP4";"Intranet";"Macro"
"690";"BP4_OTR4";NA;NA;"Inativa";"Bacen/Boletim/Bpantigo";"Balanço de pagamentos";"Conta de serviços - transportes - outros itens";"Conta de serviços - transportes - outros itens";"Não oculta";"Intranet";30;0;0;NA;NA;"BP4";"Intranet";"Macro"
"691";"BP4_OTRDES4";NA;NA;"Inativa";"Bacen/Boletim/Bpantigo";"Balanço de pagamentos";"Conta de serviços - transportes - outros itens - despesas";"Conta de serviços - transportes - outros itens - despesas";"Não oculta";"Intranet";30;0;0;NA;NA;"BP4";"Intranet";"Macro"
"692";"BP4_OTRREC4";NA;NA;"Inativa";"Bacen/Boletim/Bpantigo";"Balanço de pagamentos";"Conta de serviços - transportes - outros itens - receitas";"Conta de serviços - transportes - outros itens - receitas";"Não oculta";"Intranet";30;0;0;NA;NA;"BP4";"Intranet";"Macro"
"693";"BP4_OURO4";NA;NA;"Inativa";"Bacen/Boletim/Bpantigo";"Balanço de pagamentos";"Financiamento - ouro monetário ( - = aumento )";"Financiamento: ouro monetário ( - = aumento )";"Não oculta";"Intranet";30;0;0;NA;NA;"BP4";"Intranet";"Macro"
"694";"BP4_REINV4";NA;NA;"Inativa";"Bacen/Boletim/Bpantigo";"Balanço de pagamentos";"Conta de capital - reinvestimentos";"Conta de capital - reinvestimentos";"Não oculta";"Intranet";30;0;0;NA;NA;"BP4";"Intranet";"Macro"
"695";"BP4_REK4";NA;NA;"Inativa";"Bacen/Boletim/Bpantigo";"Balanço de pagamentos";"Conta de serviços - renda de capitais";"Conta de serviços - renda de capitais";"Não oculta";"Intranet";30;0;0;NA;"Gerada";"BP4";"Intranet";"Macro"
"696";"BP4_SBP4";NA;NA;"Inativa";"Bacen/Boletim/Bpantigo";"Balanço de pagamentos";"Balanço de pagamentos - superávit (+) ou déficit (-)";"Balanço de pagamentos: superávit (+) ou déficit (-)";"Não oculta";"Intranet";30;0;0;NA;NA;"BP4";"Intranet";"Macro"
"697";"BP4_SDI4";NA;NA;"Inativa";"Bacen/Boletim/Bpantigo";"Balanço de pagamentos";"Conta de serviços - serviços diversos";"Conta de serviços - serviços diversos";"Não oculta";"Intranet";30;0;0;NA;NA;"BP4";"Intranet";"Macro"
"698";"BP4_SDIF4";NA;NA;"Inativa";"Bacen/Boletim/Bpantigo";"Balanço de pagamentos";"Conta de serviços - serviços diversos relativos a fatores de produção";"Conta de serviços - serviços diversos relativos a fatores de produção";"Não oculta";"Intranet";30;0;0;NA;NA;"BP4";"Intranet";"Macro"
"699";"BP4_SEG4";NA;NA;"Inativa";"Bacen/Boletim/Bpantigo";"Balanço de pagamentos";"Conta de serviços - seguros";"Conta de serviços - seguros";"Não oculta";"Intranet";30;0;0;NA;NA;"BP4";"Intranet";"Macro"
"700";"BP4_SF4";NA;NA;"Inativa";"Bacen/Boletim/Bpantigo";"Balanço de pagamentos";"Conta de serviços - serviços relativos a fatores de produção";"Conta de serviços - serviços relativos a fatores de produção";"Não oculta";"Intranet";30;0;0;NA;"Gerada";"BP4";"Intranet";"Macro"
"701";"BP4_SFDES4";NA;NA;"Inativa";"Bacen/Boletim/Bpantigo";"Balanço de pagamentos";"Conta de serviços - serviços relativos a fatores de produção - despesas";"Conta de serviços - serviços relativos a fatores de produção - despesas";"Não oculta";"Intranet";30;0;0;NA;"Gerada";"BP4";"Intranet";"Macro"
"702";"BP4_SFEXJ4";NA;NA;"Inativa";"Bacen/Boletim/Bpantigo";"Balanço de pagamentos";"Conta de serviços - serviços relativos a fatores de produção - exceto juros";"Conta de serviços - serviços relativos a fatores de produção - exceto juros";"Não oculta";"Intranet";30;0;0;NA;"Gerada";"BP4";"Intranet";"Macro"
"703";"BP4_SFREC4";NA;NA;"Inativa";"Bacen/Boletim/Bpantigo";"Balanço de pagamentos";"Conta de serviços - serviços relativos a fatores de produção - receitas";"Conta de serviços - serviços relativos a fatores de produção - receitas";"Não oculta";"Intranet";30;0;0;NA;"Gerada";"BP4";"Intranet";"Macro"
"704";"BP4_SNF4";NA;NA;"Inativa";"Bacen/Boletim/Bpantigo";"Balanço de pagamentos";"Conta de serviços - serviços não relativos a fatores de produção";"Conta de serviços - serviços não relativos a fatores de produção";"Não oculta";"Intranet";30;0;0;NA;"Gerada";"BP4";"Intranet";"Macro"
"705";"BP4_SNFDES4";NA;NA;"Inativa";"Bacen/Boletim/Bpantigo";"Balanço de pagamentos";"Conta de serviços - serviços não relativos a fatores de produção - despesas";"Conta de serviços - serviços não relativos a fatores de produção - despesas";"Não oculta";"Intranet";30;0;0;NA;"Gerada/Geradora";"BP4";"Intranet";"Macro"
"706";"BP4_SNFREC4";NA;NA;"Inativa";"Bacen/Boletim/Bpantigo";"Balanço de pagamentos";"Conta de serviços - serviços não relativos a fatores de produção - receitas";"Conta de serviços - serviços não relativos a fatores de produção - receitas";"Não oculta";"Intranet";30;0;0;NA;"Gerada/Geradora";"BP4";"Intranet";"Macro"
"707";"BP4_STK4";NA;NA;"Inativa";"Bacen/Boletim/Bpantigo";"Balanço de pagamentos";"Conta de capital - saldo";"Conta de capital - saldo";"Não oculta";"Intranet";30;0;0;NA;NA;"BP4";"Intranet";"Macro"
"708";"BP4_TRP4";NA;NA;"Inativa";"Bacen/Boletim/Bpantigo";"Balanço de pagamentos";"Conta de serviços - transportes";"Conta de serviços - transportes";"Não oculta";"Intranet";30;0;0;NA;NA;"BP4";"Intranet";"Macro"
"709";"BP4_TUNDES4";NA;NA;"Inativa";"Bacen/Boletim/Bpantigo";"Balanço de pagamentos";"Transferências unilaterais correntes - despesas";"Transferências unilaterais correntes: despesas";"Não oculta";"Intranet";30;0;0;NA;NA;"BP4";"Intranet";"Macro"
"710";"BP4_TUNREC4";NA;NA;"Inativa";"Bacen/Boletim/Bpantigo";"Balanço de pagamentos";"Transferências unilaterais correntes - receitas";"Transferências unilaterais correntes: receitas";"Não oculta";"Intranet";30;0;0;NA;NA;"BP4";"Intranet";"Macro"
"711";"BP4_TUR4";NA;NA;"Inativa";"Bacen/Boletim/Bpantigo";"Balanço de pagamentos";"Conta de serviços - viagens internacionais";"Conta de serviços - viagens internacionais";"Não oculta";"Intranet";30;0;0;NA;NA;"BP4";"Intranet";"Macro"
"712";"BPN4_XTV4";48;47;"Inativa";"Bacen/BP (BPM5)";"Comércio exterior";"Exportações - (FOB) (Antiga metod. - BPM5)";"Exportações (FOB) (Antiga metodologia - BPM5)";"Não oculta";"Internet";25;0;0;"BP4_XTV4 até 03/abr/2002.";"Geradora";"BPN4";"Internet";"Macro"
"713";"BP4_OPREG4";NA;NA;"Inativa";"Bacen/Boletim/Bpantigo";"Balanço de pagamentos";"Financiamento - oper. de regularização";"Financiamento: operações de regularização";"Não oculta";"Intranet";30;0;0;NA;NA;"BP4";"Intranet";"Macro"
"714";"BP4_FMI4";NA;NA;"Inativa";"Bacen/Boletim/Bpantigo";"Balanço de pagamentos";"Financiamento - obrigações com o FMI";"Financiamento: obrigações com o FMI";"Não oculta";"Intranet";30;0;0;NA;NA;"BP4";"Intranet";"Macro"
"715";"BP4_LUD4";NA;NA;"Inativa";"Bacen/Boletim/Bpantigo";"Balanço de pagamentos";"Conta de serviços - lucros e dividendos";"Conta de serviços - lucros e dividendos";"Não oculta";"Intranet";30;0;0;NA;NA;"BP4";"Intranet";"Macro"
"716";"BP4_GOV4";NA;NA;"Inativa";"Bacen/Boletim/Bpantigo";"Balanço de pagamentos";"Conta de serviços - serviços governamentais";"Conta de serviços - serviços governamentais";"Não oculta";"Intranet";30;0;0;NA;NA;"BP4";"Intranet";"Macro"
"717";"BP4_SDINF4";NA;NA;"Inativa";"Bacen/Boletim/Bpantigo";"Balanço de pagamentos";"Conta de serviços - serviços diversos não relativos a fatores de produção";"Conta de serviços - serviços diversos não relativos a fatores de produção";"Não oculta";"Intranet";30;0;0;NA;NA;"BP4";"Intranet";"Macro"
"718";"BP4_SDIFDES4";NA;NA;"Inativa";"Bacen/Boletim/Bpantigo";"Balanço de pagamentos";"Conta de serviços - serviços diversos relativos a fatores de produção - despesas";"Conta de serviços - serviços diversos relativos a fatores de produção - despesas";"Não oculta";"Intranet";30;0;0;NA;NA;"BP4";"Intranet";"Macro"
"719";"BP4_SDNFDES4";NA;NA;"Inativa";"Bacen/Boletim/Bpantigo";"Balanço de pagamentos";"Conta de serviços - serviços diversos não relativos a fatores de produção - despesas";"Conta de serviços - serviços diversos não relativos a fatores de produção - despesas";"Não oculta";"Intranet";30;0;0;NA;"Geradora";"BP4";"Intranet";"Macro"
"720";"BP4_SDIFREC4";NA;NA;"Inativa";"Bacen/Boletim/Bpantigo";"Balanço de pagamentos";"Conta de serviços - serviços diversos relativos a fatores de produção - receitas";"Conta de serviços - serviços diversos relativos a fatores de produção - receitas";"Não oculta";"Intranet";30;0;0;NA;NA;"BP4";"Intranet";"Macro"
"721";"BP4_SDNFREC4";NA;NA;"Inativa";"Bacen/Boletim/Bpantigo";"Balanço de pagamentos";"Conta de serviços - serviços diversos não relativos a fatores de produção - receitas";"Conta de serviços - serviços diversos não relativos a fatores de produção - receitas";"Não oculta";"Intranet";30;0;0;NA;NA;"BP4";"Intranet";"Macro"
"722";"BP4_REKDES4";NA;NA;"Inativa";"Bacen/Boletim/Bpantigo";"Balanço de pagamentos";"Conta de serviços - renda de capitais - despesas";"Conta de serviços - renda de capitais - despesas";"Não oculta";"Intranet";30;0;0;NA;"Gerada/Geradora";"BP4";"Intranet";"Macro"
"723";"BP4_SERREC4";NA;NA;"Inativa";"Bacen/Boletim/Bpantigo";"Balanço de pagamentos";"Conta de serviços - receitas";"Conta de serviços - receitas";"Não oculta";"Intranet";30;0;0;NA;NA;"BP4";"Intranet";"Macro"
"724";"BP4_TURREC4";NA;NA;"Inativa";"Bacen/Boletim/Bpantigo";"Balanço de pagamentos";"Conta de serviços - viagens internacionais - receitas";"Conta de serviços - viagens internacionais - receitas";"Não oculta";"Intranet";30;0;0;NA;"Geradora";"BP4";"Intranet";"Macro"
"725";"BP4_TRPREC4";NA;NA;"Inativa";"Bacen/Boletim/Bpantigo";"Balanço de pagamentos";"Conta de serviços - transportes - receitas";"Conta de serviços - transportes - receitas";"Não oculta";"Intranet";30;0;0;NA;NA;"BP4";"Intranet";"Macro"
"726";"BP4_SEGREC4";NA;NA;"Inativa";"Bacen/Boletim/Bpantigo";"Balanço de pagamentos";"Conta de serviços - seguros - receitas";"Conta de serviços - seguros - receitas";"Não oculta";"Intranet";30;0;0;NA;"Geradora";"BP4";"Intranet";"Macro"
"727";"BP4_JURREC4";NA;NA;"Inativa";"Bacen/Boletim/Bpantigo";"Balanço de pagamentos";"Conta de serviços - juros - receitas";"Conta de serviços - juros - receitas";"Não oculta";"Intranet";30;0;0;NA;"Geradora";"BP4";"Intranet";"Macro"
"728";"BP4_SDIREC4";NA;NA;"Inativa";"Bacen/Boletim/Bpantigo";"Balanço de pagamentos";"Conta de serviços - serviços diversos - receitas";"Conta de serviços - serviços diversos - receitas";"Não oculta";"Intranet";30;0;0;NA;NA;"BP4";"Intranet";"Macro"
"729";"BP4_GOVREC4";NA;NA;"Inativa";"Bacen/Boletim/Bpantigo";"Balanço de pagamentos";"Conta de serviços - serviços governamentais - receitas";"Conta de serviços - serviços governamentais - receitas";"Não oculta";"Intranet";30;0;0;NA;"Geradora";"BP4";"Intranet";"Macro"
"730";"BP4_LUDREC4";NA;NA;"Inativa";"Bacen/Boletim/Bpantigo";"Balanço de pagamentos";"Conta de serviços - lucros e dividendos - receitas";"Conta de serviços - lucros e dividendos - receitas";"Não oculta";"Intranet";30;0;0;NA;"Geradora";"BP4";"Intranet";"Macro"
"731";"BP4_REKREC4";NA;NA;"Inativa";"Bacen/Boletim/Bpantigo";"Balanço de pagamentos";"Conta de serviços - renda de capitais - receitas";"Conta de serviços - renda de capitais - receitas";"Não oculta";"Intranet";30;0;0;NA;"Gerada/Geradora";"BP4";"Intranet";"Macro"
"732";"BP4_TURDES4";NA;NA;"Inativa";"Bacen/Boletim/Bpantigo";"Balanço de pagamentos";"Conta de serviços - viagens internacionais - despesas";"Conta de serviços - viagens internacionais - despesas";"Não oculta";"Intranet";30;0;0;NA;"Geradora";"BP4";"Intranet";"Macro"
"733";"BP4_TRPDES4";NA;NA;"Inativa";"Bacen/Boletim/Bpantigo";"Balanço de pagamentos";"Conta de serviços - transportes - despesas";"Conta de serviços - transportes - despesas";"Não oculta";"Intranet";30;0;0;NA;NA;"BP4";"Intranet";"Macro"
"734";"BP4_SEGDES4";NA;NA;"Inativa";"Bacen/Boletim/Bpantigo";"Balanço de pagamentos";"Conta de serviços - seguros - despesas";"Conta de serviços - seguros - despesas";"Não oculta";"Intranet";30;0;0;NA;"Geradora";"BP4";"Intranet";"Macro"
"735";"BP4_LUDDES4";NA;NA;"Inativa";"Bacen/Boletim/Bpantigo";"Balanço de pagamentos";"Conta de serviços - lucros e dividendos - despesas";"Conta de serviços - lucros e dividendos - despesas";"Não oculta";"Intranet";30;0;0;NA;"Geradora";"BP4";"Intranet";"Macro"
"736";"BP4_LURE4";NA;NA;"Inativa";"Bacen/Boletim/Bpantigo";"Balanço de pagamentos";"Conta de serviços - lucros reinvestidos";"Conta de serviços - lucros reinvestidos";"Não oculta";"Intranet";30;0;0;NA;"Geradora";"BP4";"Intranet";"Macro"
"737";"BP4_GOVDES4";NA;NA;"Inativa";"Bacen/Boletim/Bpantigo";"Balanço de pagamentos";"Conta de serviços - serviços governamentais - despesas";"Conta de serviços - serviços governamentais - despesas";"Não oculta";"Intranet";30;0;0;NA;"Geradora";"BP4";"Intranet";"Macro"
"738";"BP4_SERDES4";NA;NA;"Inativa";"Bacen/Boletim/Bpantigo";"Balanço de pagamentos";"Conta de serviços - despesas";"Conta de serviços - despesas";"Não oculta";"Intranet";30;0;0;NA;NA;"BP4";"Intranet";"Macro"
"739";"BP4_JURDES4";NA;NA;"Inativa";"Bacen/Boletim/Bpantigo";"Balanço de pagamentos";"Conta de serviços - juros - despesas";"Conta de serviços - juros - despesas";"Não oculta";"Intranet";30;0;0;NA;"Geradora";"BP4";"Intranet";"Macro"
"740";"BP4_SDIDES4";NA;NA;"Inativa";"Bacen/Boletim/Bpantigo";"Balanço de pagamentos";"Conta de serviços - serviços diversos - despesas";"Conta de serviços - serviços diversos - despesas";"Não oculta";"Intranet";30;0;0;NA;NA;"BP4";"Intranet";"Macro"
"741";"BP4_STC4";NA;NA;"Inativa";"Bacen/Boletim/Bpantigo";"Balanço de pagamentos";"Transações correntes - saldo";"Transações correntes: saldo";"Não oculta";"Intranet";30;0;0;NA;NA;"BP4";"Intranet";"Macro"
"742";"BPN4_SBC4";60;32;"Inativa";"Bacen/BP (BPM5)";"Comércio exterior";"Balança comercial - (FOB) - saldo (Antiga metod. - BPM5)";"Saldo da balança comercial (FOB) (Antiga metodologia - BPM5)";"Não oculta";"Internet";25;0;0;"BP4_SBC4 até 03/abr/2002.";NA;"BPN4";"Internet";"Macro"
"743";"BP4_SER4";NA;NA;"Inativa";"Bacen/Boletim/Bpantigo";"Balanço de pagamentos";"Conta de serviços - saldo";"Conta de serviços - saldo";"Não oculta";"Intranet";30;0;0;NA;NA;"BP4";"Intranet";"Macro"
"744";"BP4_TUN4";NA;NA;"Inativa";"Bacen/Boletim/Bpantigo";"Balanço de pagamentos";"Transferências unilaterais correntes - saldo";"Transferências unilaterais correntes: saldo";"Não oculta";"Intranet";30;0;0;NA;NA;"BP4";"Intranet";"Macro"
"745";"BM_DEXWG";3;1315;"Inativa";"Bacen/Boletim/BP";"Balanço de pagamentos";"Dívida externa - registrada - marco alemão";"Dívida externa registrada: marco alemão (DM)";"Não oculta";"Internet";120;0;0;NA;NA;"BM";"Internet";"Macro"
"746";"BM_DEXDES";2;1445;"Ativa";"Bacen/Boletim/BP";"Balanço de pagamentos";"Dívida externa - registrada - direito especial de saque";"Dívida externa registrada: direito especial de saque (DES)";"Não oculta";"Internet";120;0;0;NA;NA;"BM";"Internet";"Macro"
"747";"BM_DEXUS";28;415;"Ativa";"Bacen/Boletim/BP";"Balanço de pagamentos";"Dívida externa - registrada - dólar americano";"Dívida externa registrada: dólar americano (US$)";"Não oculta";"Internet";120;0;0;NA;NA;"BM";"Internet";"Macro"
"748";"BM_DEXCA";4;1216;"Inativa";"Bacen/Boletim/BP";"Balanço de pagamentos";"Dívida externa - registrada - dólar canadense";"Dívida externa registrada: dólar canadense (Can$)";"Não oculta";"Internet";120;0;0;NA;NA;"BM";"Internet";"Macro"
"749";"BM_DEXHO";3;1315;"Inativa";"Bacen/Boletim/BP";"Balanço de pagamentos";"Dívida externa - registrada - florim holandês";"Dívida externa registrada: florim holandês";"Não oculta";"Internet";120;0;0;NA;NA;"BM";"Internet";"Macro"
"750";"BM_DEXUK";3;1315;"Ativa";"Bacen/Boletim/BP";"Balanço de pagamentos";"Dívida externa - registrada - libra esterlina";"Dívida externa registrada: libra esterlina (£)";"Não oculta";"Internet";360;0;0;NA;NA;"BM";"Internet";"Macro"
"751";"BM_DEXFR";3;1315;"Inativa";"Bacen/Boletim/BP";"Balanço de pagamentos";"Dívida externa - registrada - franco francês";"Dívida externa registrada: franco francês (FF)";"Não oculta";"Internet";120;0;0;NA;NA;"BM";"Internet";"Macro"
"752";"BM_DEXOUT";6;1048;"Inativa";"Bacen/Boletim/BP";"Balanço de pagamentos";"Dívida externa - registrada - outras moedas";"Dívida externa registrada: outras moedas";"Não oculta";"Internet";120;0;0;NA;NA;"BM";"Internet";"Macro"
"753";"BM_DEXSUI";3;1315;"Ativa";"Bacen/Boletim/BP";"Balanço de pagamentos";"Dívida externa - registrada - franco suíço";"Dívida externa registrada: franco suíço";"Não oculta";"Internet";360;0;0;NA;NA;"BM";"Internet";"Macro"
"754";"BM_DEXJP";3;1315;"Ativa";"Bacen/Boletim/BP";"Balanço de pagamentos";"Dívida externa - registrada - iene japonês";"Dívida externa registrada: iene japonês (¥)";"Não oculta";"Internet";120;0;0;NA;NA;"BM";"Internet";"Macro"
"755";"BPE_DEXBB";NA;NA;"Inativa";"Bacen Outras/BPE";"Finanças públicas";"Dívida externa - credor: bancos brasileiros";"Dívida externa - credor: bancos brasileiros";"Não oculta";"Intranet";90;0;0;NA;NA;"BPE";"Intranet";"Macro"
"756";"BPE_DEXNB";NA;NA;"Inativa";"Bacen Outras/BPE";"Finanças públicas";"Dívida externa - credor: instituições bancárias";"Dívida externa - credor: instituições bancárias";"Não oculta";"Intranet";90;0;0;NA;NA;"BPE";"Intranet";"Macro"
"757";"BPE_DEXBE";NA;NA;"Inativa";"Bacen Outras/BPE";"Finanças públicas";"Dívida externa - credor: bancos estrangeiros";"Dívida externa - credor: bancos estrangeiros";"Não oculta";"Intranet";90;0;0;NA;NA;"BPE";"Intranet";"Macro"
"758";"DEPEC12_AOFCA12";NA;NA;"Inativa";NA;"Moeda e crédito";"Crédito - custeio - agricultura - soc. de crédito imobiliário e APEs oficiais";"Crédito de custeio para agricultura: sociedades de crédito imobiliário e associações de poupança e empréstimo oficiais";"Oculta";"Internet";15;0;0;NA;NA;"DEPEC12";"Oculta";"Macro"
"759";"DEPEC12_AOFCOA12";NA;NA;"Inativa";NA;"Moeda e crédito";"Crédito - comercialização - agricultura - soc. de crédito imobiliário e APEs oficiais";"Crédito de comercialização para agricultura: sociedades de crédito imobiliário e associações de poupança e empréstimo oficiais";"Oculta";"Internet";15;0;0;NA;NA;"DEPEC12";"Oculta";"Macro"
"760";"DEPEC12_AOFCOP12";NA;NA;"Inativa";NA;"Moeda e crédito";"Crédito - comercialização - pecuária - soc. de crédito imobiliário e APEs oficiais";"Crédito de comercialização para pecuária: sociedades de crédito imobiliário e associações de poupança e empréstimo oficiais";"Oculta";"Internet";15;0;0;NA;NA;"DEPEC12";"Oculta";"Macro"
"761";"DEPEC12_AOFCP12";NA;NA;"Inativa";NA;"Moeda e crédito";"Crédito - custeio - pecuária - soc. de crédito imobiliário e APEs oficiais";"Crédito de custeio para pecuária: sociedades de crédito imobiliário e associações de poupança e empréstimo oficiais";"Oculta";"Internet";15;0;0;NA;NA;"DEPEC12";"Oculta";"Macro"
"762";"DEPEC12_AOFIA12";NA;NA;"Inativa";NA;"Moeda e crédito";"Investimento - agricultura - soc. de crédito imobiliário e APEs oficiais";"Investimento para agricultura: sociedades de crédito imobiliário e associações de poupança e empréstimo oficiais";"Oculta";"Internet";15;0;0;NA;NA;"DEPEC12";"Oculta";"Macro"
"763";"DEPEC12_AOFIP12";NA;NA;"Inativa";NA;"Moeda e crédito";"Investimento - pecuária - soc. de crédito imobiliário e APEs oficiais";"Investimento para pecuária: sociedades de crédito imobiliário e associações de poupança e empréstimo oficiais";"Oculta";"Internet";15;0;0;NA;NA;"DEPEC12";"Oculta";"Macro"
"764";"DEPEC12_APRCA12";NA;NA;"Inativa";NA;"Moeda e crédito";"Crédito - custeio - agricultura - soc. de crédito imobiliário e APEs privadas";"Crédito de custeio para agricultura: sociedades de crédito imobiliário e associações de poupança e empréstimo privadas";"Oculta";"Internet";15;0;0;NA;NA;"DEPEC12";"Oculta";"Macro"
"765";"DEPEC12_APRCOA12";NA;NA;"Inativa";NA;"Moeda e crédito";"Crédito - comercialização - agricultura - soc. de crédito imobiliário e APEs privadas";"Crédito de comercialização para agricultura: sociedades de crédito imobiliário e associações de poupança e empréstimo privadas";"Oculta";"Internet";15;0;0;NA;NA;"DEPEC12";"Oculta";"Macro"
"766";"DEPEC12_APRCOP12";NA;NA;"Inativa";NA;"Moeda e crédito";"Crédito - comercialização - pecuária - soc. de crédito imobiliário e APEs privadas";"Crédito de comercialização para pecuária: sociedades de crédito imobiliário e associações de poupança e empréstimo privadas";"Oculta";"Internet";15;0;0;NA;NA;"DEPEC12";"Oculta";"Macro"
"767";"DEPEC12_APRCP12";NA;NA;"Inativa";NA;"Moeda e crédito";"Crédito - custeio - pecuária - soc. de crédito imobiliário e APEs privadas";"Crédito de custeio para pecuária: sociedades de crédito imobiliário e associações de poupança e empréstimo privadas";"Oculta";"Internet";15;0;0;NA;NA;"DEPEC12";"Oculta";"Macro"
"768";"DEPEC12_APRIA12";NA;NA;"Inativa";NA;"Moeda e crédito";"Investimento - agricultura - soc. de crédito imobiliário e APEs privadas";"Investimento para agricultura: sociedades de crédito imobiliário e associações de poupança e empréstimo privadas";"Oculta";"Internet";15;0;0;NA;NA;"DEPEC12";"Oculta";"Macro"
"769";"DEPEC12_APRIP12";NA;NA;"Inativa";NA;"Moeda e crédito";"Investimento - pecuária - soc. de crédito imobiliário e APEs privadas";"Investimento para pecuária: sociedades de crédito imobiliário e associações de poupança e empréstimo privadas";"Oculta";"Internet";15;0;0;NA;NA;"DEPEC12";"Oculta";"Macro"
"770";"DEPEC12_BBCA12";NA;NA;"Inativa";NA;"Moeda e crédito";"Crédito - custeio - agricultura - Banco do Brasil";"Crédito de custeio para agricultura: Banco do Brasil";"Oculta";"Internet";15;0;0;NA;NA;"DEPEC12";"Oculta";"Macro"
"771";"DEPEC12_BBCOA12";NA;NA;"Inativa";NA;"Moeda e crédito";"Crédito - comercialização - agricultura - Banco do Brasil";"Crédito de comercialização para agricultura: Banco do Brasil";"Oculta";"Internet";15;0;0;NA;NA;"DEPEC12";"Oculta";"Macro"
"772";"DEPEC12_BBCOP12";NA;NA;"Inativa";NA;"Moeda e crédito";"Crédito - comercialização - pecuária - Banco do Brasil";"Crédito de comercialização para pecuária: Banco do Brasil";"Oculta";"Internet";15;0;0;NA;NA;"DEPEC12";"Oculta";"Macro"
"773";"DEPEC12_BBCP12";NA;NA;"Inativa";NA;"Moeda e crédito";"Crédito - custeio - pecuária - Banco do Brasil";"Crédito de custeio para pecuária: Banco do Brasil";"Oculta";"Internet";15;0;0;NA;NA;"DEPEC12";"Oculta";"Macro"
"774";"DEPEC12_BBIA12";NA;NA;"Inativa";NA;"Moeda e crédito";"Investimento - agricultura - Banco do Brasil";"Investimento para agricultura: Banco do Brasil";"Oculta";"Internet";15;0;0;NA;NA;"DEPEC12";"Oculta";"Macro"
"775";"DEPEC12_BBIP12";NA;NA;"Inativa";NA;"Moeda e crédito";"Investimento - pecuária - Banco do Brasil";"Investimento para pecuária: Banco do Brasil";"Oculta";"Internet";15;0;0;NA;NA;"DEPEC12";"Oculta";"Macro"
"776";"DEPEC12_BECA12";NA;NA;"Inativa";NA;"Moeda e crédito";"Crédito - custeio - agricultura - bancos de desenvolvimento estaduais";"Crédito de custeio para agricultura: bancos de desenvolvimento estaduais";"Oculta";"Internet";15;0;0;NA;NA;"DEPEC12";"Oculta";"Macro"
"777";"DEPEC12_BECOA12";NA;NA;"Inativa";NA;"Moeda e crédito";"Crédito - comercialização - agricultura - bancos de desenvolvimento estaduais";"Crédito de comercialização para agricultura: bancos de desenvolvimento estaduais";"Oculta";"Internet";15;0;0;NA;NA;"DEPEC12";"Oculta";"Macro"
"778";"DEPEC12_BECOP12";NA;NA;"Inativa";NA;"Moeda e crédito";"Crédito - comercialização - pecuária - bancos de desenvolvimento estaduais";"Crédito de comercialização para pecuária: bancos de desenvolvimento estaduais";"Oculta";"Internet";15;0;0;NA;NA;"DEPEC12";"Oculta";"Macro"
"779";"DEPEC12_BECP12";NA;NA;"Inativa";NA;"Moeda e crédito";"Crédito - custeio - pecuária - bancos de desenvolvimento estaduais";"Crédito de custeio para pecuária: bancos de desenvolvimento estaduais";"Oculta";"Internet";15;0;0;NA;NA;"DEPEC12";"Oculta";"Macro"
"780";"DEPEC12_BEIA12";NA;NA;"Inativa";NA;"Moeda e crédito";"Investimento - agricultura - bancos de desenvolvimento estaduais";"Investimento para agricultura: bancos de desenvolvimento estaduais";"Oculta";"Internet";15;0;0;NA;NA;"DEPEC12";"Oculta";"Macro"
"781";"DEPEC12_BEIP12";NA;NA;"Inativa";NA;"Moeda e crédito";"Investimento - pecuária - bancos de desenvolvimento estaduais";"Investimento para pecuária: bancos de desenvolvimento estaduais";"Oculta";"Internet";15;0;0;NA;NA;"DEPEC12";"Oculta";"Macro"
"782";"DEPEC12_BNCA12";NA;NA;"Inativa";NA;"Moeda e crédito";"Crédito - custeio - agricultura - BNDES";"Crédito de custeio para agricultura: BNDES";"Oculta";"Internet";15;0;0;NA;NA;"DEPEC12";"Oculta";"Macro"
"783";"DEPEC12_BNCOA12";NA;NA;"Inativa";NA;"Moeda e crédito";"Crédito - comercialização - agricultura - BNDES";"Crédito de comercialização para agricultura: BNDES";"Oculta";"Internet";15;0;0;NA;NA;"DEPEC12";"Oculta";"Macro"
"784";"DEPEC12_BNCOP12";NA;NA;"Inativa";NA;"Moeda e crédito";"Crédito - comercialização - pecuária - BNDES";"Crédito de comercialização para pecuária: BNDES";"Oculta";"Internet";15;0;0;NA;NA;"DEPEC12";"Oculta";"Macro"
"785";"DEPEC12_BNCP12";NA;NA;"Inativa";NA;"Moeda e crédito";"Crédito - custeio - pecuária - BNDES";"Crédito de custeio para pecuária: BNDES";"Oculta";"Internet";15;0;0;NA;NA;"DEPEC12";"Oculta";"Macro"
"786";"DEPEC12_BNIA12";NA;NA;"Inativa";NA;"Moeda e crédito";"Investimento - agricultura - BNDES";"Investimento para agricultura: BNDES";"Oculta";"Internet";15;0;0;NA;NA;"DEPEC12";"Oculta";"Macro"
"787";"DEPEC12_BNIP12";NA;NA;"Inativa";NA;"Moeda e crédito";"Investimento - pecuária - BNDES";"Investimento para pecuária: BNDES";"Oculta";"Internet";15;0;0;NA;NA;"DEPEC12";"Oculta";"Macro"
"788";"DEPEC12_COFCA12";NA;NA;"Inativa";NA;"Moeda e crédito";"Crédito - custeio - agricultura - bancos comerciais oficiais";"Crédito de custeio para agricultura: bancos comerciais oficiais";"Oculta";"Internet";15;0;0;NA;NA;"DEPEC12";"Oculta";"Macro"
"789";"DEPEC12_COFCOA12";NA;NA;"Inativa";NA;"Moeda e crédito";"Crédito - comercialização - agricultura - bancos comerciais oficiais";"Crédito de comercialização para agricultura: bancos comerciais oficiais";"Oculta";"Internet";15;0;0;NA;NA;"DEPEC12";"Oculta";"Macro"
"790";"DEPEC12_COFCOP12";NA;NA;"Inativa";NA;"Moeda e crédito";"Crédito - comercialização - pecuária - bancos comerciais oficiais";"Crédito de comercialização para pecuária: bancos comerciais oficiais";"Oculta";"Internet";15;0;0;NA;NA;"DEPEC12";"Oculta";"Macro"
"791";"DEPEC12_COFCP12";NA;NA;"Inativa";NA;"Moeda e crédito";"Crédito - custeio - pecuária - bancos comerciais oficiais";"Crédito de custeio para pecuária: bancos comerciais oficiais";"Oculta";"Internet";15;0;0;NA;NA;"DEPEC12";"Oculta";"Macro"
"792";"DEPEC12_COFIA12";NA;NA;"Inativa";NA;"Moeda e crédito";"Investimento - agricultura - bancos comerciais oficiais";"Investimento para agricultura: bancos comerciais oficiais";"Oculta";"Internet";15;0;0;NA;NA;"DEPEC12";"Oculta";"Macro"
"793";"DEPEC12_COFIP12";NA;NA;"Inativa";NA;"Moeda e crédito";"Investimento - pecuária - bancos comerciais oficiais";"Investimento para pecuária: bancos comerciais oficiais";"Oculta";"Internet";15;0;0;NA;NA;"DEPEC12";"Oculta";"Macro"
"794";"DEPEC12_CPRCA12";NA;NA;"Inativa";NA;"Moeda e crédito";"Crédito - custeio - agricultura - bancos comerciais privados";"Crédito de custeio para agricultura: bancos comerciais privados";"Oculta";"Internet";15;0;0;NA;NA;"DEPEC12";"Oculta";"Macro"
"795";"DEPEC12_CPRCOA12";NA;NA;"Inativa";NA;"Moeda e crédito";"Crédito - comercialização - agricultura - bancos comerciais privados";"Crédito de comercialização para agricultura: bancos comerciais privados";"Oculta";"Internet";15;0;0;NA;NA;"DEPEC12";"Oculta";"Macro"
"796";"DEPEC12_CPRCOP12";NA;NA;"Inativa";NA;"Moeda e crédito";"Crédito - comercialização - pecuária - bancos comerciais privados";"Crédito de comercialização para pecuária: bancos comerciais privados";"Oculta";"Internet";15;0;0;NA;NA;"DEPEC12";"Oculta";"Macro"
"797";"DEPEC12_CPRCP12";NA;NA;"Inativa";NA;"Moeda e crédito";"Crédito - custeio - pecuária - bancos comerciais privados";"Crédito de custeio para pecuária: bancos comerciais privados";"Oculta";"Internet";15;0;0;NA;NA;"DEPEC12";"Oculta";"Macro"
"798";"DEPEC12_CPRIA12";NA;NA;"Inativa";NA;"Moeda e crédito";"Investimento - agricultura - bancos comerciais privados";"Investimento para agricultura: bancos comerciais privados";"Oculta";"Internet";15;0;0;NA;NA;"DEPEC12";"Oculta";"Macro"
"799";"DEPEC12_CPRIP12";NA;NA;"Inativa";NA;"Moeda e crédito";"Investimento - pecuária - bancos comerciais privados";"Investimento para pecuária: bancos comerciais privados";"Oculta";"Internet";15;0;0;NA;NA;"DEPEC12";"Oculta";"Macro"
"800";"DEPEC12_CXECA12";NA;NA;"Inativa";NA;"Moeda e crédito";"Crédito - custeio - agricultura - Caixas Econômicas estaduais";"Crédito de custeio para agricultura: Caixas Econômicas estaduais";"Oculta";"Internet";15;0;0;NA;NA;"DEPEC12";"Oculta";"Macro"
"801";"DEPEC12_CXECOA12";NA;NA;"Inativa";NA;"Moeda e crédito";"Crédito - comercialização - agricultura - Caixas Econômicas estaduais";"Crédito de comercialização para agricultura: Caixas Econômicas estaduais";"Oculta";"Internet";15;0;0;NA;NA;"DEPEC12";"Oculta";"Macro"
"802";"DEPEC12_CXECOP12";NA;NA;"Inativa";NA;"Moeda e crédito";"Crédito - comercialização - pecuária - Caixas Econômicas estaduais";"Crédito de comercialização para pecuária: Caixas Econômicas estaduais";"Oculta";"Internet";15;0;0;NA;NA;"DEPEC12";"Oculta";"Macro"
"803";"DEPEC12_CXECP12";NA;NA;"Inativa";NA;"Moeda e crédito";"Crédito - custeio - pecuária - Caixas Econômicas estaduais";"Crédito de custeio para pecuária: Caixas Econômicas estaduais";"Oculta";"Internet";15;0;0;NA;NA;"DEPEC12";"Oculta";"Macro"
"804";"DEPEC12_CXEIA12";NA;NA;"Inativa";NA;"Moeda e crédito";"Investimento - agricultura - Caixas Econômicas estaduais";"Investimento para agricultura: Caixas Econômicas estaduais";"Oculta";"Internet";15;0;0;NA;NA;"DEPEC12";"Oculta";"Macro"
"805";"DEPEC12_CXEIP12";NA;NA;"Inativa";NA;"Moeda e crédito";"Investimento - pecuária - Caixas Econômicas estaduais";"Investimento para pecuária: Caixas Econômicas estaduais";"Oculta";"Internet";15;0;0;NA;NA;"DEPEC12";"Oculta";"Macro"
"806";"DEPEC12_IOFCA12";NA;NA;"Inativa";NA;"Moeda e crédito";"Crédito - custeio - agricultura - bancos de investimento oficiais";"Crédito de custeio para agricultura: bancos de investimento oficiais";"Oculta";"Internet";15;0;0;NA;NA;"DEPEC12";"Oculta";"Macro"
"807";"DEPEC12_IOFCOA12";NA;NA;"Inativa";NA;"Moeda e crédito";"Crédito - comercialização - agricultura - bancos de investimento oficiais";"Crédito de comercialização para agricultura: bancos de investimento oficiais";"Oculta";"Internet";15;0;0;NA;NA;"DEPEC12";"Oculta";"Macro"
"808";"DEPEC12_IOFCOP12";NA;NA;"Inativa";NA;"Moeda e crédito";"Crédito - comercialização - pecuária - bancos de investimento oficiais";"Crédito de comercialização para pecuária: bancos de investimento oficiais";"Oculta";"Internet";15;0;0;NA;NA;"DEPEC12";"Oculta";"Macro"
"809";"DEPEC12_IOFCP12";NA;NA;"Inativa";NA;"Moeda e crédito";"Crédito - custeio - pecuária - bancos de investimento oficiais";"Crédito de custeio para pecuária: bancos de investimento oficiais";"Oculta";"Internet";15;0;0;NA;NA;"DEPEC12";"Oculta";"Macro"
"810";"DEPEC12_IOFIA12";NA;NA;"Inativa";NA;"Moeda e crédito";"Investimento - agricultura - bancos de investimento oficiais";"Investimento para agricultura: bancos de investimento oficiais";"Oculta";"Internet";15;0;0;NA;NA;"DEPEC12";"Oculta";"Macro"
"811";"DEPEC12_IOFIP12";NA;NA;"Inativa";NA;"Moeda e crédito";"Investimento - pecuária - bancos de investimento oficiais";"Investimento para pecuária: bancos de investimento oficiais";"Oculta";"Internet";15;0;0;NA;NA;"DEPEC12";"Oculta";"Macro"
"812";"DEPEC12_IPRCA12";NA;NA;"Inativa";NA;"Moeda e crédito";"Crédito - custeio - agricultura - bancos de investimento privados";"Crédito de custeio para agricultura: bancos de investimento privados";"Oculta";"Internet";15;0;0;NA;NA;"DEPEC12";"Oculta";"Macro"
"813";"DEPEC12_IPRCOA12";NA;NA;"Inativa";NA;"Moeda e crédito";"Crédito - comercialização - agricultura - bancos de investimento privados";"Crédito de comercialização para agricultura: bancos de investimento privados";"Oculta";"Internet";15;0;0;NA;NA;"DEPEC12";"Oculta";"Macro"
"814";"DEPEC12_IPRCOP12";NA;NA;"Inativa";NA;"Moeda e crédito";"Crédito - comercialização - pecuária - bancos de investimento privados";"Crédito de comercialização para pecuária: bancos de investimento privados";"Oculta";"Internet";15;0;0;NA;NA;"DEPEC12";"Oculta";"Macro"
"815";"DEPEC12_IPRCP12";NA;NA;"Inativa";NA;"Moeda e crédito";"Crédito - custeio - pecuária - bancos de investimento privados";"Crédito de custeio para pecuária: bancos de investimento privados";"Oculta";"Internet";15;0;0;NA;NA;"DEPEC12";"Oculta";"Macro"
"816";"DEPEC12_IPRIA12";NA;NA;"Inativa";NA;"Moeda e crédito";"Investimento - agricultura - bancos de investimento privados";"Investimento para agricultura: bancos de investimento privados";"Oculta";"Internet";15;0;0;NA;NA;"DEPEC12";"Oculta";"Macro"
"817";"DEPEC12_IPRIP12";NA;NA;"Inativa";NA;"Moeda e crédito";"Investimento - pecuária - bancos de investimento privados";"Investimento para pecuária: bancos de investimento privados";"Oculta";"Internet";15;0;0;NA;NA;"DEPEC12";"Oculta";"Macro"
"818";"DEPEC12_MOFCA12";NA;NA;"Inativa";NA;"Moeda e crédito";"Crédito - custeio - agricultura - bancos múltiplos oficiais";"Crédito de custeio para agricultura: bancos múltiplos oficiais";"Oculta";"Internet";15;0;0;NA;NA;"DEPEC12";"Oculta";"Macro"
"819";"DEPEC12_MOFCOA12";NA;NA;"Inativa";NA;"Moeda e crédito";"Crédito - comercialização - agricultura - bancos múltiplos oficiais";"Crédito de comercialização para agricultura: bancos múltiplos oficiais";"Oculta";"Internet";15;0;0;NA;NA;"DEPEC12";"Oculta";"Macro"
"820";"DEPEC12_MOFCOP12";NA;NA;"Inativa";NA;"Moeda e crédito";"Crédito - comercialização - pecuária - bancos múltiplos oficiais";"Crédito de comercialização para pecuária: bancos múltiplos oficiais";"Oculta";"Internet";15;0;0;NA;NA;"DEPEC12";"Oculta";"Macro"
"821";"DEPEC12_MOFCP12";NA;NA;"Inativa";NA;"Moeda e crédito";"Crédito - custeio - pecuária - bancos múltiplos oficiais";"Crédito de custeio para pecuária: bancos múltiplos oficiais";"Oculta";"Internet";15;0;0;NA;NA;"DEPEC12";"Oculta";"Macro"
"822";"DEPEC12_MOFIA12";NA;NA;"Inativa";NA;"Moeda e crédito";"Investimento - agricultura - bancos múltiplos oficiais";"Investimento para agricultura: bancos múltiplos oficiais";"Oculta";"Internet";15;0;0;NA;NA;"DEPEC12";"Oculta";"Macro"
"823";"DEPEC12_MOFIP12";NA;NA;"Inativa";NA;"Moeda e crédito";"Investimento - pecuária - bancos múltiplos oficiais";"Investimento para pecuária: bancos múltiplos oficiais";"Oculta";"Internet";15;0;0;NA;NA;"DEPEC12";"Oculta";"Macro"
"824";"DEPEC12_MPRCA12";NA;NA;"Inativa";NA;"Moeda e crédito";"Crédito - custeio - agricultura - bancos múltiplos privados";"Crédito de custeio para agricultura: bancos múltiplos privados";"Oculta";"Internet";15;0;0;NA;NA;"DEPEC12";"Oculta";"Macro"
"825";"DEPEC12_MPRCOA12";NA;NA;"Inativa";NA;"Moeda e crédito";"Crédito - comercialização - agricultura - bancos múltiplos privados";"Crédito de comercialização para agricultura: bancos múltiplos privados";"Oculta";"Internet";15;0;0;NA;NA;"DEPEC12";"Oculta";"Macro"
"826";"DEPEC12_MPRCOP12";NA;NA;"Inativa";NA;"Moeda e crédito";"Crédito - comercialização - pecuária - bancos múltiplos privados";"Crédito de comercialização para pecuária: bancos múltiplos privados";"Oculta";"Internet";15;0;0;NA;NA;"DEPEC12";"Oculta";"Macro"
"827";"DEPEC12_MPRCP12";NA;NA;"Inativa";NA;"Moeda e crédito";"Crédito - custeio - pecuária - bancos múltiplos privados";"Crédito de custeio para pecuária: bancos múltiplos privados";"Oculta";"Internet";15;0;0;NA;NA;"DEPEC12";"Oculta";"Macro"
"828";"DEPEC12_MPRIA12";NA;NA;"Inativa";NA;"Moeda e crédito";"Investimento - agricultura - bancos múltiplos privados";"Investimento para agricultura: bancos múltiplos privados";"Oculta";"Internet";15;0;0;NA;NA;"DEPEC12";"Oculta";"Macro"
"829";"DEPEC12_MPRIP12";NA;NA;"Inativa";NA;"Moeda e crédito";"Investimento - pecuária - bancos múltiplos privados";"Investimento para pecuária: bancos múltiplos privados";"Oculta";"Internet";15;0;0;NA;NA;"DEPEC12";"Oculta";"Macro"
"830";"DEPEC12_RPRCA12";NA;NA;"Inativa";NA;"Moeda e crédito";"Crédito - custeio - agricultura - soc. de arrendamento mercantil";"Crédito de custeio para agricultura: sociedades de arrendamento mercantil";"Oculta";"Internet";15;0;0;NA;NA;"DEPEC12";"Oculta";"Macro"
"831";"DEPEC12_RPRCOA12";NA;NA;"Inativa";NA;"Moeda e crédito";"Crédito - comercialização - agricultura - soc. de arrendamento mercantil";"Crédito de comercialização para agricultura: sociedades de arrendamento mercantil";"Oculta";"Internet";15;0;0;NA;NA;"DEPEC12";"Oculta";"Macro"
"832";"DEPEC12_RPRCOP12";NA;NA;"Inativa";NA;"Moeda e crédito";"Crédito - comercialização - pecuária - soc. de arrendamento mercantil";"Crédito de comercialização para pecuária: sociedades de arrendamento mercantil";"Oculta";"Internet";15;0;0;NA;NA;"DEPEC12";"Oculta";"Macro"
"833";"DEPEC12_RPRCP12";NA;NA;"Inativa";NA;"Moeda e crédito";"Crédito - custeio - pecuária - soc. de arrendamento mercantil";"Crédito de custeio para pecuária: sociedades de arrendamento mercantil";"Oculta";"Internet";15;0;0;NA;NA;"DEPEC12";"Oculta";"Macro"
"834";"DEPEC12_RPRIA12";NA;NA;"Inativa";NA;"Moeda e crédito";"Investimento - agricultura - soc. de arrendamento mercantil";"Investimento para agricultura: sociedades de arrendamento mercantil";"Oculta";"Internet";15;0;0;NA;NA;"DEPEC12";"Oculta";"Macro"
"835";"DEPEC12_RPRIP12";NA;NA;"Inativa";NA;"Moeda e crédito";"Investimento - pecuária - soc. de arrendamento mercantil";"Investimento para pecuária: sociedades de arrendamento mercantil";"Oculta";"Internet";15;0;0;NA;NA;"DEPEC12";"Oculta";"Macro"
"836";"DEPEC12_SOFCA12";NA;NA;"Inativa";NA;"Moeda e crédito";"Crédito - custeio - agricultura - soc. de crédito, financiamento e investimento oficiais";"Crédito de custeio para agricultura: sociedades de crédito, financiamento e investimento oficiais";"Oculta";"Internet";15;0;0;NA;NA;"DEPEC12";"Oculta";"Macro"
"837";"DEPEC12_SOFCOA12";NA;NA;"Inativa";NA;"Moeda e crédito";"Crédito - comercialização - agricultura - soc. de crédito, financiamento e investimento oficiais";"Crédito de comercialização para agricultura: sociedades de crédito, financiamento e investimento oficiais";"Oculta";"Internet";15;0;0;NA;NA;"DEPEC12";"Oculta";"Macro"
"838";"DEPEC12_SOFCOP12";NA;NA;"Inativa";NA;"Moeda e crédito";"Crédito - comercialização - pecuária - soc. de crédito, financiamento e investimento oficiais";"Crédito de comercialização para pecuária: sociedades de crédito, financiamento e investimento oficiais";"Oculta";"Internet";15;0;0;NA;NA;"DEPEC12";"Oculta";"Macro"
"839";"DEPEC12_SOFCP12";NA;NA;"Inativa";NA;"Moeda e crédito";"Crédito - custeio - pecuária - soc. de crédito, financiamento e investimento oficiais";"Crédito de custeio para pecuária: sociedades de crédito, financiamento e investimento oficiais";"Oculta";"Internet";15;0;0;NA;NA;"DEPEC12";"Oculta";"Macro"
"840";"DEPEC12_SOFIA12";NA;NA;"Inativa";NA;"Moeda e crédito";"Investimento - agricultura - soc. de crédito, financiamento e investimento oficiais";"Investimento para agricultura: sociedades de crédito, financiamento e investimento oficiais";"Oculta";"Internet";15;0;0;NA;NA;"DEPEC12";"Oculta";"Macro"
"841";"DEPEC12_SOFIP12";NA;NA;"Inativa";NA;"Moeda e crédito";"Investimento - pecuária - soc. de crédito, financiamento e investimento oficiais";"Investimento para pecuária: sociedades de crédito, financiamento e investimento oficiais";"Oculta";"Internet";15;0;0;NA;NA;"DEPEC12";"Oculta";"Macro"
"842";"DEPEC12_SPRCA12";NA;NA;"Inativa";NA;"Moeda e crédito";"Crédito - custeio - agricultura - soc. de crédito, financiamento e investimento privadas";"Crédito de custeio para agricultura: sociedades de crédito, financiamento e investimento privadas";"Oculta";"Internet";15;0;0;NA;NA;"DEPEC12";"Oculta";"Macro"
"843";"DEPEC12_SPRCOA12";NA;NA;"Inativa";NA;"Moeda e crédito";"Crédito - comercialização - agricultura - soc. de crédito, financiamento e investimento privadas";"Crédito de comercialização para agricultura: sociedades de crédito, financiamento e investimento privadas";"Oculta";"Internet";15;0;0;NA;NA;"DEPEC12";"Oculta";"Macro"
"844";"DEPEC12_SPRCOP12";NA;NA;"Inativa";NA;"Moeda e crédito";"Crédito - comercialização - pecuária - soc. de crédito, financiamento e investimento privadas";"Crédito de comercialização para pecuária: sociedades de crédito, financiamento e investimento privadas";"Oculta";"Internet";15;0;0;NA;NA;"DEPEC12";"Oculta";"Macro"
"845";"DEPEC12_SPRCP12";NA;NA;"Inativa";NA;"Moeda e crédito";"Crédito - custeio - pecuária - soc. de crédito, financiamento e investimento privadas";"Crédito de custeio para pecuária: sociedades de crédito, financiamento e investimento privadas";"Oculta";"Internet";15;0;0;NA;NA;"DEPEC12";"Oculta";"Macro"
"846";"DEPEC12_SPRIA12";NA;NA;"Inativa";NA;"Moeda e crédito";"Investimento - agricultura - soc. de crédito, financiamento e investimento privadas";"Investimento para agricultura: sociedades de crédito, financiamento e investimento privadas";"Oculta";"Internet";15;0;0;NA;NA;"DEPEC12";"Oculta";"Macro"
"847";"DEPEC12_SPRIP12";NA;NA;"Inativa";NA;"Moeda e crédito";"Investimento - pecuária - soc. de crédito, financiamento e investimento privadas";"Investimento para pecuária: sociedades de crédito, financiamento e investimento privadas";"Oculta";"Internet";15;0;0;NA;NA;"DEPEC12";"Oculta";"Macro"
"848";"DEPEC12_CXFCOA12";NA;NA;"Inativa";NA;"Moeda e crédito";"Crédito - comercialização - agricultura - Caixa Econômica Federal";"Crédito de comercialização para agricultura: Caixa Econômica Federal";"Oculta";"Internet";15;0;0;NA;NA;"DEPEC12";"Oculta";"Macro"
"849";"DEPEC12_CXFCOP12";NA;NA;"Inativa";NA;"Moeda e crédito";"Crédito - comercialização - pecuária - Caixa Econômica Federal";"Crédito de comercialização para pecuária: Caixa Econômica Federal";"Oculta";"Internet";15;0;0;NA;NA;"DEPEC12";"Oculta";"Macro"
"850";"DEPEC12_CXFIA12";NA;NA;"Inativa";NA;"Moeda e crédito";"Investimento - agricultura - Caixa Econômica Federal";"Investimento para agricultura: Caixa Econômica Federal";"Oculta";"Internet";15;0;0;NA;NA;"DEPEC12";"Oculta";"Macro"
"851";"DEPEC12_CXFIP12";NA;NA;"Inativa";NA;"Moeda e crédito";"Investimento - pecuária - Caixa Econômica Federal";"Investimento para pecuária: Caixa Econômica Federal";"Oculta";"Internet";15;0;0;NA;NA;"DEPEC12";"Oculta";"Macro"
"852";"DEPEC12_CXFCA12";NA;NA;"Inativa";NA;"Moeda e crédito";"Crédito - custeio - agricultura - Caixa Econômica Federal";"Crédito de custeio para agricultura: Caixa Econômica Federal";"Oculta";"Internet";15;0;0;NA;NA;"DEPEC12";"Oculta";"Macro"
"853";"DEPEC12_CXFCP12";NA;NA;"Inativa";NA;"Moeda e crédito";"Crédito - custeio - pecuária - Caixa Econômica Federal";"Crédito de custeio para pecuária: Caixa Econômica Federal";"Oculta";"Internet";15;0;0;NA;NA;"DEPEC12";"Oculta";"Macro"
"854";"DIRAI12_DDC12";NA;NA;"Inativa";NA;"Moeda e crédito";"Recursos administrados pelo Banco Central - finalidade: custeio - desembolso";"Recursos administrados pelo Banco Central - finalidade: custeio - desembolso";"Oculta";"Internet";15;0;0;NA;NA;"DIRAI12";"Oculta";"Macro"
"855";"DIRAI12_DDI12";NA;NA;"Inativa";NA;"Moeda e crédito";"Recursos administrados pelo Banco Central - finalidade: investimento - desembolso";"Recursos administrados pelo Banco Central - finalidade: investimento - desembolso";"Oculta";"Internet";15;0;0;NA;NA;"DIRAI12";"Oculta";"Macro"
"856";"DIRAI12_DFLC12";NA;NA;"Inativa";NA;"Moeda e crédito";"Recursos administrados pelo Banco Central - finalidade: custeio - fluxo líquido";"Recursos administrados pelo Banco Central - finalidade: custeio - fluxo líquido";"Oculta";"Internet";15;0;0;NA;NA;"DIRAI12";"Oculta";"Macro"
"857";"DIRAI12_DRC12";NA;NA;"Inativa";NA;"Moeda e crédito";"Recursos administrados pelo Banco Central - finalidade: custeio - retorno";"Recursos administrados pelo Banco Central - finalidade: custeio - retorno";"Oculta";"Internet";15;0;0;NA;NA;"DIRAI12";"Oculta";"Macro"
"858";"DIRAI12_DRCO12";NA;NA;"Inativa";NA;"Moeda e crédito";"Recursos administrados pelo Banco Central - finalidade: comercialização - retorno";"Recursos administrados pelo Banco Central - finalidade: comercialização - retorno";"Oculta";"Internet";15;0;0;NA;NA;"DIRAI12";"Oculta";"Macro"
"859";"DIRAI12_DRI12";NA;NA;"Inativa";NA;"Moeda e crédito";"Recursos administrados pelo Banco Central - finalidade: investimento - retorno";"Recursos administrados pelo Banco Central - finalidade: investimento - retorno";"Oculta";"Internet";15;0;0;NA;NA;"DIRAI12";"Oculta";"Macro"
"860";"DIRAI12_DSDC12";NA;NA;"Inativa";NA;"Moeda e crédito";"Recursos administrados pelo Banco Central - finalidade: custeio - saldo devedor";"Recursos administrados pelo Banco Central - finalidade: custeio - saldo devedor";"Oculta";"Internet";15;0;0;NA;NA;"DIRAI12";"Oculta";"Macro"
"861";"DIRAI12_DFLCO12";NA;NA;"Inativa";NA;"Moeda e crédito";"Recursos administrados pelo Banco Central - finalidade: comercialização - fluxo líquido";"Recursos administrados pelo Banco Central - finalidade: comercialização - fluxo líquido";"Oculta";"Internet";15;0;0;NA;NA;"DIRAI12";"Oculta";"Macro"
"862";"DIRAI12_DSDCO12";NA;NA;"Inativa";NA;"Moeda e crédito";"Recursos administrados pelo Banco Central - finalidade: comercialização - saldo devedor";"Recursos administrados pelo Banco Central - finalidade: comercialização - saldo devedor";"Oculta";"Internet";15;0;0;NA;NA;"DIRAI12";"Oculta";"Macro"
"863";"DIRAI12_DDCO12";NA;NA;"Inativa";NA;"Moeda e crédito";"Recursos administrados pelo Banco Central - finalidade: comercialização - desembolso";"Recursos administrados pelo Banco Central - finalidade: comercialização - desembolso";"Oculta";"Internet";15;0;0;NA;NA;"DIRAI12";"Oculta";"Macro"
"864";"DIRAI12_DFLI12";NA;NA;"Inativa";NA;"Moeda e crédito";"Recursos administrados pelo Banco Central - finalidade: investimento - fluxo líquido";"Recursos administrados pelo Banco Central - finalidade: investimento - fluxo líquido";"Oculta";"Internet";15;0;0;NA;NA;"DIRAI12";"Oculta";"Macro"
"865";"DIRAI12_DSDI12";NA;NA;"Inativa";NA;"Moeda e crédito";"Recursos administrados pelo Banco Central - finalidade: investimento - saldo devedor";"Recursos administrados pelo Banco Central - finalidade: investimento - saldo devedor";"Oculta";"Internet";15;0;0;NA;NA;"DIRAI12";"Oculta";"Macro"
"866";"DIVPUB_DETF";NA;NA;"Inativa";"Bacen Outras/ISP";"Finanças públicas";"Dívida externa - pública - gov. federal e Banco Central - média";"Dívida externa - pública - governo federal e Banco Central - média";"Não oculta";"Intranet";90;0;0;NA;NA;"DIVPUB";"Intranet";"Macro"
"867";"DIVPUB_DETP";NA;NA;"Inativa";"Bacen Outras/ISP";"Finanças públicas";"Dívida externa - pública - média";"Dívida externa - pública - média";"Não oculta";"Intranet";90;0;0;NA;NA;"DIVPUB";"Intranet";"Macro"
"868";"DIVPUB_DETS";NA;NA;"Inativa";"Bacen Outras/ISP";"Finanças públicas";"Dívida externa - pública - estatais - média";"Dívida externa pública - empresas estatais - média";"Não oculta";"Intranet";90;0;0;NA;NA;"DIVPUB";"Intranet";"Macro"
"869";"DIVPUB_DITFD";NA;NA;"Inativa";"Bacen Outras/ISP";"Finanças públicas";"Dívida interna - pública - mobiliária - gov. federal e Banco Central - média";"Dívida interna - pública - mobiliária - governo federal e Banco Central - média";"Não oculta";"Intranet";90;0;0;NA;NA;"DIVPUB";"Intranet";"Macro"
"870";"DIVPUB_DITPD";NA;NA;"Inativa";"Bacen Outras/ISP";"Finanças públicas";"Dívida interna - pública - média";"Dívida interna - pública - média";"Não oculta";"Intranet";90;0;0;NA;NA;"DIVPUB";"Intranet";"Macro"
"871";"DIVPUB_DTTFD";NA;NA;"Inativa";"Bacen Outras/ISP";"Finanças públicas";"Dívida - pública - gov. federal e Banco Central - média";"Dívida - pública - governo federal e Banco Central - média";"Não oculta";"Intranet";90;0;0;NA;NA;"DIVPUB";"Intranet";"Macro"
"872";"DIVPUB_DTTPD";NA;NA;"Inativa";"Bacen Outras/ISP";"Finanças públicas";"Dívida - pública - média";"Dívida - pública - média";"Não oculta";"Intranet";90;0;0;NA;NA;"DIVPUB";"Intranet";"Macro"
"873";"DIVPUB_DTTSD";NA;NA;"Inativa";"Bacen Outras/ISP";"Finanças públicas";"Dívida - pública - estatais - média";"Dívida pública - empresas estatais - média";"Não oculta";"Intranet";90;0;0;NA;NA;"DIVPUB";"Intranet";"Macro"
"874";"DIVPUB_JA30FD";NA;NA;"Inativa";"Bacen Outras/ISP";"Finanças públicas";"Dívida interna - pública - gov. federal e Banco Central - Aviso MF 30 - rendimentos - juros";"Dívida interna - pública - governo federal e Banco Central - Aviso MF 30 - rendimentos - juros";"Não oculta";"Intranet";90;0;0;NA;NA;"DIVPUB";"Intranet";"Macro"
"875";"DIVPUB_JA30SD";NA;NA;"Inativa";"Bacen Outras/ISP";"Finanças públicas";"Dívida interna - pública - estatais - Aviso MF 30 - rendimentos - juros";"Dívida interna pública - empresas estatais - Aviso MF 30 - rendimentos - juros";"Não oculta";"Intranet";90;0;0;NA;NA;"DIVPUB";"Intranet";"Macro"
"876";"DIVPUB_JDETF";NA;NA;"Inativa";"Bacen Outras/ISP";"Finanças públicas";"Dívida externa - pública - gov. federal e Banco Central - juros";"Dívida externa - pública - governo federal e Banco Central - juros";"Não oculta";"Intranet";90;0;0;NA;NA;"DIVPUB";"Intranet";"Macro"
"877";"DIVPUB_JDETP";NA;NA;"Inativa";"Bacen Outras/ISP";"Finanças públicas";"Dívida externa - pública - juros";"Dívida externa - pública - juros";"Não oculta";"Intranet";90;0;0;NA;NA;"DIVPUB";"Intranet";"Macro"
"878";"DIVPUB_JDETS";NA;NA;"Inativa";"Bacen Outras/ISP";"Finanças públicas";"Dívida externa - pública - estatais - juros";"Dívida externa pública - empresas estatais - juros";"Não oculta";"Intranet";90;0;0;NA;NA;"DIVPUB";"Intranet";"Macro"
"879";"DIVPUB_JDITFD";NA;NA;"Inativa";"Bacen Outras/ISP";"Finanças públicas";"Dívida interna - pública - mobiliária - gov. federal e Banco Central - juros";"Dívida interna - pública - mobiliária - governo federal e Banco Central - juros";"Não oculta";"Intranet";90;0;0;NA;NA;"DIVPUB";"Intranet";"Macro"
"880";"DIVPUB_JDITPD";NA;NA;"Inativa";"Bacen Outras/ISP";"Finanças públicas";"Dívida interna - pública - juros";"Dívida interna - pública - juros";"Não oculta";"Intranet";90;0;0;NA;NA;"DIVPUB";"Intranet";"Macro"
"881";"DIVPUB_JDTTFD";NA;NA;"Inativa";"Bacen Outras/ISP";"Finanças públicas";"Dívida interna - pública - gov. federal e Banco Central - juros";"Dívida interna - pública - governo federal e Banco Central - juros";"Não oculta";"Intranet";90;0;0;NA;NA;"DIVPUB";"Intranet";"Macro"
"882";"DIVPUB_JDTTPD";NA;NA;"Inativa";"Bacen Outras/ISP";"Finanças públicas";"Dívida interna - pública - juros";"Dívida interna - pública - juros";"Não oculta";"Intranet";90;0;0;NA;NA;"DIVPUB";"Intranet";"Macro"
"883";"DIVPUB_JDTTSD";NA;NA;"Inativa";"Bacen Outras/ISP";"Finanças públicas";"Dívida interna - pública - estatais - juros";"Dívida interna pública - empresas estatais - juros";"Não oculta";"Intranet";90;0;0;NA;NA;"DIVPUB";"Intranet";"Macro"
"884";"DIVPUB_JSFHFD";NA;NA;"Inativa";"Bacen Outras/ISP";"Moeda e crédito";"Depósitos do SFH - gov. federal e Banco Central - juros";"Depósitos do SFH - governo federal e Banco Central - juros";"Não oculta";"Intranet";90;0;0;NA;NA;"DIVPUB";"Intranet";"Macro"
"885";"DIVPUB_SFHFD";NA;NA;"Inativa";"Bacen Outras/ISP";"Moeda e crédito";"Depósitos do SFH - gov. federal e Banco Central - saldo - média";"Depósitos do SFH - governo federal e Banco Central - saldo - média";"Não oculta";"Intranet";90;0;0;NA;NA;"DIVPUB";"Intranet";"Macro"
"886";"DIVPUB_TJDETF";NA;NA;"Inativa";"Bacen Outras/ISP";"Finanças públicas";"Dívida externa - pública - gov. federal e Banco Central - tx juros (%)";"Dívida externa - pública - governo federal e Banco Central - taxa de juros (%)";"Não oculta";"Intranet";90;0;0;NA;NA;"DIVPUB";"Intranet";"Macro"
"887";"DIVPUB_TJDETP";NA;NA;"Inativa";"Bacen Outras/ISP";"Finanças públicas";"Dívida externa - pública - tx juros (%)";"Dívida externa - pública - taxa de juros (%)";"Não oculta";"Intranet";90;0;0;NA;NA;"DIVPUB";"Intranet";"Macro"
"888";"DIVPUB_TJDITPD";NA;NA;"Inativa";"Bacen Outras/ISP";"Finanças públicas";"Dívida interna - pública - tx juros (%)";"Dívida interna - pública - taxa de juros (%)";"Não oculta";"Intranet";90;0;0;NA;NA;"DIVPUB";"Intranet";"Macro"
"889";"DIVPUB_TJDTTFD";NA;NA;"Inativa";"Bacen Outras/ISP";"Finanças públicas";"Dívida interna - pública - gov. federal e Banco Central - tx juros (%)";"Dívida interna - pública - governo federal e Banco Central - taxa de juros (%)";"Não oculta";"Intranet";90;0;0;NA;NA;"DIVPUB";"Intranet";"Macro"
"890";"DIVPUB_TJDTTPD";NA;NA;"Inativa";"Bacen Outras/ISP";"Finanças públicas";"Dívida interna - pública - tx juros (%)";"Dívida interna - pública - taxa de juros (%)";"Não oculta";"Intranet";90;0;0;NA;NA;"DIVPUB";"Intranet";"Macro"
"891";"DIVPUB_TJDTTSD";NA;NA;"Inativa";"Bacen Outras/ISP";"Finanças públicas";"Dívida interna - pública - estatais - tx juros (%)";"Dívida interna pública - empresas estatais - taxa de juros (%)";"Não oculta";"Intranet";90;0;0;NA;NA;"DIVPUB";"Intranet";"Macro"
"892";"DIVPUB_TJDIBED";NA;NA;"Inativa";"Bacen Outras/ISP";"Finanças públicas";"Dívida interna - pública - bancária - estadual e municipal - tx juros (%)";"Dívida interna - pública - bancária - estadual e municipal - taxa de juros (%)";"Não oculta";"Intranet";90;0;0;NA;NA;"DIVPUB";"Intranet";"Macro"
"893";"DIVPUB_DIBED";NA;NA;"Inativa";"Bacen Outras/ISP";"Finanças públicas";"Dívida interna - pública - bancária - estadual e municipal - média";"Dívida interna - pública - bancária - estadual e municipal - média";"Não oculta";"Intranet";90;0;0;NA;NA;"DIVPUB";"Intranet";"Macro"
"894";"DIVPUB_JDIBED";NA;NA;"Inativa";"Bacen Outras/ISP";"Finanças públicas";"Dívida interna - pública - bancária - estadual e municipal - juros";"Dívida interna - pública - bancária - estadual e municipal - juros";"Não oculta";"Intranet";90;0;0;NA;NA;"DIVPUB";"Intranet";"Macro"
"895";"DIVPUB_TJA588ED";NA;NA;"Inativa";"Bacen Outras/ISP";"Finanças públicas";"Dívida interna - pública - estadual e municipal - Aviso GB 588 - rendimentos - tx juros (%)";"Dívida interna - pública - estadual e municipal - Aviso GB 588 - rendimentos - taxa de juros (%)";"Não oculta";"Intranet";90;0;0;NA;NA;"DIVPUB";"Intranet";"Macro"
"896";"DIVPUB_TJA30ED";NA;NA;"Inativa";"Bacen Outras/ISP";"Finanças públicas";"Dívida interna - pública - estadual e municipal - Aviso MF 30 - rendimentos - tx juros (%)";"Dívida interna - pública - estadual e municipal - Aviso MF 30 - rendimentos - taxa de juros (%)";"Não oculta";"Intranet";90;0;0;NA;NA;"DIVPUB";"Intranet";"Macro"
"897";"DIVPUB_A588ED";NA;NA;"Inativa";"Bacen Outras/ISP";"Finanças públicas";"Dívida interna - pública - estadual e municipal - Aviso GB 588 - rendimentos - média";"Dívida interna - pública - estadual e municipal - Aviso GB 588 - rendimentos - média";"Não oculta";"Intranet";90;0;0;NA;NA;"DIVPUB";"Intranet";"Macro"
"898";"DIVPUB_TJDIBSD";NA;NA;"Inativa";"Bacen Outras/ISP";"Finanças públicas";"Dívida interna - pública - bancária - estatais - tx juros (%)";"Dívida interna pública bancária - empresas estatais - taxa de juros (%)";"Não oculta";"Intranet";90;0;0;NA;NA;"DIVPUB";"Intranet";"Macro"
"899";"DIVPUB_A30ED";NA;NA;"Inativa";"Bacen Outras/ISP";"Finanças públicas";"Dívida interna - pública - estadual e municipal - Aviso MF 30 - rendimentos - média";"Dívida interna - pública - estadual e municipal - Aviso MF 30 - rendimentos - média";"Não oculta";"Intranet";90;0;0;NA;NA;"DIVPUB";"Intranet";"Macro"
"900";"DIVPUB_DIBSD";NA;NA;"Inativa";"Bacen Outras/ISP";"Finanças públicas";"Dívida interna - pública - bancária - estatais - média";"Dívida interna pública bancária - empresas estatais - média";"Não oculta";"Intranet";90;0;0;NA;NA;"DIVPUB";"Intranet";"Macro"
"901";"DIVPUB_TJ1208FD";NA;NA;"Inativa";"Bacen Outras/ISP";"Finanças públicas";"Depósitos de exportação - Resolução nº 1208 - gov. federal e Banco Central - tx juros (%)";"Depósitos de exportação - Resolução nº 1208 - governo federal e Banco Central - taxa de juros (%)";"Não oculta";"Intranet";90;0;0;NA;NA;"DIVPUB";"Intranet";"Macro"
"902";"DIVPUB_R1208FD";NA;NA;"Inativa";"Bacen Outras/ISP";"Finanças públicas";"Depósitos de exportação - Resolução nº 1208 - gov. federal e Banco Central - saldo - média";"Depósitos de exportação - Resolução nº 1208 - governo federal e Banco Central - saldo - média";"Não oculta";"Intranet";90;0;0;NA;NA;"DIVPUB";"Intranet";"Macro"
"903";"DIVPUB_JA588ED";NA;NA;"Inativa";"Bacen Outras/ISP";"Finanças públicas";"Dívida interna - pública - estadual e municipal - Aviso GB 588 - rendimentos - juros";"Dívida interna - pública - estadual e municipal - Aviso GB 588 - rendimentos - juros";"Não oculta";"Intranet";90;0;0;NA;NA;"DIVPUB";"Intranet";"Macro"
"904";"DIVPUB_TJDITED";NA;NA;"Inativa";"Bacen Outras/ISP";"Finanças públicas";"Dívida interna - pública - mobiliária - estadual e municipal - tx juros (%)";"Dívida interna - pública - mobiliária - estadual e municipal - taxa de juros (%)";"Não oculta";"Intranet";90;0;0;NA;NA;"DIVPUB";"Intranet";"Macro"
"905";"DIVPUB_JA30ED";NA;NA;"Inativa";"Bacen Outras/ISP";"Finanças públicas";"Dívida interna - pública - estadual e municipal - Aviso MF 30 - rendimentos - juros";"Dívida interna - pública - estadual e municipal - Aviso MF 30 - rendimentos - juros";"Não oculta";"Intranet";90;0;0;NA;NA;"DIVPUB";"Intranet";"Macro"
"906";"DIVPUB_JDIBSD";NA;NA;"Inativa";"Bacen Outras/ISP";"Finanças públicas";"Dívida interna - pública - bancária - estatais - juros";"Dívida interna pública bancária - empresas estatais - juros";"Não oculta";"Intranet";90;0;0;NA;NA;"DIVPUB";"Intranet";"Macro"
"907";"DIVPUB_DITED";NA;NA;"Inativa";"Bacen Outras/ISP";"Finanças públicas";"Dívida interna - pública - mobiliária - estadual e municipal - média";"Dívida interna - pública - mobiliária - estadual e municipal - média";"Não oculta";"Intranet";90;0;0;NA;NA;"DIVPUB";"Intranet";"Macro"
"908";"DIVPUB_TJDETE";NA;NA;"Inativa";"Bacen Outras/ISP";"Finanças públicas";"Dívida externa - pública - estadual e municipal - tx juros (%)";"Dívida externa - pública - estadual e municipal - taxa de juros (%)";"Não oculta";"Intranet";90;0;0;NA;NA;"DIVPUB";"Intranet";"Macro"
"909";"DIVPUB_TJDETG";NA;NA;"Inativa";"Bacen Outras/ISP";"Finanças públicas";"Dívida externa - pública - gov. federal e Banco Central, estadual e municipal - tx juros (%)";"Dívida externa - pública - governo federal e Banco Central, estadual e municipal - taxa de juros (%)";"Não oculta";"Intranet";90;0;0;NA;NA;"DIVPUB";"Intranet";"Macro"
"910";"DIVPUB_TJDITGD";NA;NA;"Inativa";"Bacen Outras/ISP";"Finanças públicas";"Dívida interna - pública - federal, estadual e municipal - tx juros (%)";"Dívida interna - pública - federal, estadual e municipal - taxa de juros (%)";"Não oculta";"Intranet";90;0;0;NA;NA;"DIVPUB";"Intranet";"Macro"
"911";"DIVPUB_JR1208FD";NA;NA;"Inativa";"Bacen Outras/ISP";"Finanças públicas";"Depósitos de exportação - Resolução nº 1208 - gov. federal e Banco Central - juros";"Depósitos de exportação - Resolução nº 1208 - governo federal e Banco Central - juros";"Não oculta";"Intranet";90;0;0;NA;NA;"DIVPUB";"Intranet";"Macro"
"912";"DIVPUB_TJA588FD";NA;NA;"Inativa";"Bacen Outras/ISP";"Finanças públicas";"Dívida interna - pública - gov. federal e Banco Central - Aviso GB 588 - rendimentos - tx juros (%)";"Dívida interna - pública - governo federal e Banco Central - Aviso GB 588 - rendimentos - taxa de juros (%)";"Não oculta";"Intranet";90;0;0;NA;NA;"DIVPUB";"Intranet";"Macro"
"913";"DIVPUB_TJDTTED";NA;NA;"Inativa";"Bacen Outras/ISP";"Finanças públicas";"Dívida interna - pública - estadual e municipal - tx juros (%)";"Dívida interna - pública - estadual e municipal - taxa de juros (%)";"Não oculta";"Intranet";90;0;0;NA;NA;"DIVPUB";"Intranet";"Macro"
"914";"DIVPUB_DETE";NA;NA;"Inativa";"Bacen Outras/ISP";"Finanças públicas";"Dívida externa - pública - estadual e municipal - média";"Dívida externa - pública - estadual e municipal - média";"Não oculta";"Intranet";90;0;0;NA;NA;"DIVPUB";"Intranet";"Macro"
"915";"DIVPUB_TJA588SD";NA;NA;"Inativa";"Bacen Outras/ISP";"Finanças públicas";"Dívida interna - pública - estatais - Aviso GB 588 - rendimentos - tx juros (%)";"Dívida interna pública - empresas estatais - Aviso GB 588 - rendimentos - taxa de juros (%)";"Não oculta";"Intranet";90;0;0;NA;NA;"DIVPUB";"Intranet";"Macro"
"916";"DIVPUB_TJDTTGD";NA;NA;"Inativa";"Bacen Outras/ISP";"Finanças públicas";"Dívida interna - pública - gov. federal e Banco Central, estadual e municipal - tx juros (%)";"Dívida interna - pública - governo federal e Banco Central, estadual e municipal - taxa de juros (%)";"Não oculta";"Intranet";90;0;0;NA;NA;"DIVPUB";"Intranet";"Macro"
"917";"DIVPUB_A588FD";NA;NA;"Inativa";"Bacen Outras/ISP";"Finanças públicas";"Dívida interna - pública - gov. federal e Banco Central - Aviso GB 588 - rendimentos - média";"Dívida interna - pública - governo federal e Banco Central - Aviso GB 588 - rendimentos - média";"Não oculta";"Intranet";90;0;0;NA;NA;"DIVPUB";"Intranet";"Macro"
"918";"DIVPUB_DETG";NA;NA;"Inativa";"Bacen Outras/ISP";"Finanças públicas";"Dívida externa - pública - gov. federal e Banco Central, estadual e municipal - média";"Dívida externa - pública - governo federal e Banco Central, estadual e municipal - média";"Não oculta";"Intranet";90;0;0;NA;NA;"DIVPUB";"Intranet";"Macro"
"919";"DIVPUB_DITGD";NA;NA;"Inativa";"Bacen Outras/ISP";"Finanças públicas";"Dívida interna - pública - gov. federal e Banco Central, estadual e municipal - média";"Dívida interna - pública - governo federal e Banco Central, estadual e municipal - média";"Não oculta";"Intranet";90;0;0;NA;NA;"DIVPUB";"Intranet";"Macro"
"920";"DIVPUB_TJA30SD";NA;NA;"Inativa";"Bacen Outras/ISP";"Finanças públicas";"Dívida interna - pública - estatais - Aviso MF 30 - rendimentos - tx juros (%)";"Dívida interna pública - empresas estatais - Aviso MF 30 - rendimentos - taxa de juros (%)";"Não oculta";"Intranet";90;0;0;NA;NA;"DIVPUB";"Intranet";"Macro"
"921";"DIVPUB_A588SD";NA;NA;"Inativa";"Bacen Outras/ISP";"Finanças públicas";"Dívida interna - pública - estatais - Aviso GB 588 - rendimentos - média";"Dívida interna pública - empresas estatais - Aviso GB 588 - rendimentos - média";"Não oculta";"Intranet";90;0;0;NA;NA;"DIVPUB";"Intranet";"Macro"
"922";"DIVPUB_DTTED";NA;NA;"Inativa";"Bacen Outras/ISP";"Finanças públicas";"Dívida - pública - estadual e municipal - média";"Dívida - pública - estadual e municipal - média";"Não oculta";"Intranet";90;0;0;NA;NA;"DIVPUB";"Intranet";"Macro"
"923";"DIVPUB_DTTGD";NA;NA;"Inativa";"Bacen Outras/ISP";"Finanças públicas";"Dívida - pública - gov. federal e Banco Central, estadual e municipal - média";"Dívida - pública - governo federal e Banco Central, estadual e municipal - média";"Não oculta";"Intranet";90;0;0;NA;NA;"DIVPUB";"Intranet";"Macro"
"924";"DIVPUB_JDITED";NA;NA;"Inativa";"Bacen Outras/ISP";"Finanças públicas";"Dívida interna - pública - mobiliária - estadual e municipal - juros";"Dívida interna - pública - mobiliária - estadual e municipal - juros";"Não oculta";"Intranet";90;0;0;NA;NA;"DIVPUB";"Intranet";"Macro"
"925";"DIVPUB_TJA30FD";NA;NA;"Inativa";"Bacen Outras/ISP";"Finanças públicas";"Dívida interna - pública - gov. federal e Banco Central - Aviso MF 30 - rendimentos - tx juros (%)";"Dívida interna - pública - governo federal e Banco Central - Aviso MF 30 - rendimentos - taxa de juros (%)";"Não oculta";"Intranet";90;0;0;NA;NA;"DIVPUB";"Intranet";"Macro"
"926";"DIVPUB_A30SD";NA;NA;"Inativa";"Bacen Outras/ISP";"Finanças públicas";"Dívida interna - pública - estatais - Aviso MF 30 - rendimentos - média";"Dívida interna pública - empresas estatais - Aviso MF 30 - rendimentos - média";"Não oculta";"Intranet";90;0;0;NA;NA;"DIVPUB";"Intranet";"Macro"
"927";"DIVPUB_JDETE";NA;NA;"Inativa";"Bacen Outras/ISP";"Finanças públicas";"Dívida externa - pública - estadual e municipal - juros";"Dívida externa - pública - estadual e municipal - juros";"Não oculta";"Intranet";90;0;0;NA;NA;"DIVPUB";"Intranet";"Macro"
"928";"DIVPUB_A30FD";NA;NA;"Inativa";"Bacen Outras/ISP";"Finanças públicas";"Dívida interna - pública - gov. federal e Banco Central - Aviso MF 30 - rendimentos - média";"Dívida interna - pública - governo federal e Banco Central - Aviso MF 30 - rendimentos - média";"Não oculta";"Intranet";90;0;0;NA;NA;"DIVPUB";"Intranet";"Macro"
"929";"DIVPUB_JDETG";NA;NA;"Inativa";"Bacen Outras/ISP";"Finanças públicas";"Dívida externa - pública - gov. federal e Banco Central, estadual e municipal - juros";"Dívida externa - pública - governo federal e Banco Central, estadual e municipal - juros";"Não oculta";"Intranet";90;0;0;NA;NA;"DIVPUB";"Intranet";"Macro"
"930";"DIVPUB_JDITGD";NA;NA;"Inativa";"Bacen Outras/ISP";"Finanças públicas";"Dívida interna - pública - gov. federal e Banco Central, estadual e municipal - juros";"Dívida interna - pública - governo federal e Banco Central, estadual e municipal - juros";"Não oculta";"Intranet";90;0;0;NA;NA;"DIVPUB";"Intranet";"Macro"
"931";"DIVPUB_JA588FD";NA;NA;"Inativa";"Bacen Outras/ISP";"Finanças públicas";"Dívida interna - pública - gov. federal e Banco Central - Aviso GB 588 - rendimentos - juros";"Dívida interna - pública - governo federal e Banco Central - Aviso GB 588 - rendimentos - juros";"Não oculta";"Intranet";90;0;0;NA;NA;"DIVPUB";"Intranet";"Macro"
"932";"DIVPUB_JDTTED";NA;NA;"Inativa";"Bacen Outras/ISP";"Finanças públicas";"Dívida interna - pública - estadual e municipal - juros";"Dívida interna - pública - estadual e municipal - juros";"Não oculta";"Intranet";90;0;0;NA;NA;"DIVPUB";"Intranet";"Macro"
"933";"DIVPUB_TJDITFD";NA;NA;"Inativa";"Bacen Outras/ISP";"Finanças públicas";"Dívida interna - pública - mobiliária - federal - tx juros (%)";"Dívida interna - pública - mobiliária - federal - taxa de juros (%)";"Não oculta";"Intranet";90;0;0;NA;NA;"DIVPUB";"Intranet";"Macro"
"934";"DIVPUB_JA588SD";NA;NA;"Inativa";"Bacen Outras/ISP";"Finanças públicas";"Dívida interna - pública - estatais - Aviso GB 588 - rendimentos - juros";"Dívida interna pública - empresas estatais - Aviso GB 588 - rendimentos - juros";"Não oculta";"Intranet";90;0;0;NA;NA;"DIVPUB";"Intranet";"Macro"
"935";"DIVPUB_JDTTGD";NA;NA;"Inativa";"Bacen Outras/ISP";"Finanças públicas";"Dívida interna - pública - gov. federal e Banco Central, estadual e municipal - juros";"Dívida interna - pública - governo federal e Banco Central, estadual e municipal - juros";"Não oculta";"Intranet";90;0;0;NA;NA;"DIVPUB";"Intranet";"Macro"
"936";"DIVPUB_TJDETS";NA;NA;"Inativa";"Bacen Outras/ISP";"Finanças públicas";"Dívida externa - pública - estatais - tx juros (%)";"Dívida externa pública - empresas estatais - taxa de juros (%)";"Não oculta";"Intranet";90;0;0;NA;NA;"DIVPUB";"Intranet";"Macro"
"937";"DIVPUB_TJSFHFD";NA;NA;"Inativa";"Bacen Outras/ISP";"Moeda e crédito";"Depósitos do SFH - gov. federal e Banco Central - tx juros (%)";"Depósitos do SFH - governo federal e Banco Central - taxa de juros (%)";"Não oculta";"Intranet";90;0;0;NA;NA;"DIVPUB";"Intranet";"Macro"
"938";"ICEB4_MPBC4";NA;NA;"Inativa";NA;"Comércio exterior";"Importações - bens de consumo - preços - índice (média 1977 = 100)";"Índice de preços das importações de bens de consumo (média 1977 = 100)";"Oculta";"Internet";30;0;0;NA;NA;"ICEB4";"Oculta";"Macro"
"939";"ICEB4_MPBK4";NA;NA;"Inativa";NA;"Comércio exterior";"Importações - bens de capital - preços - índice (média 1977 = 100)";"Índice de preços das importações de bens de capital (média 1977 = 100)";"Oculta";"Internet";30;0;0;NA;NA;"ICEB4";"Oculta";"Macro"
"940";"ICEB4_MPCOLU4";NA;NA;"Inativa";NA;"Comércio exterior";"Importações - combustíveis e lubrificantes - preços - índice (média 1977 = 100)";"Índice de preços das importações de combustíveis e lubrificantes (média 1977 = 100)";"Oculta";"Internet";30;0;0;NA;NA;"ICEB4";"Oculta";"Macro"
"941";"ICEB4_MPECLC4";NA;NA;"Inativa";NA;"Comércio exterior";"Importações - exceto combustíveis, lubrificantes e cereais - preços - índice (média 1977 = 100)";"Índice de preços das importações exceto combustíveis, lubrificantes e cereais (média 1977 = 100)";"Oculta";"Internet";30;0;0;NA;NA;"ICEB4";"Oculta";"Macro"
"942";"ICEB4_MPEXBK4";NA;NA;"Inativa";NA;"Comércio exterior";"Importações - exceto comb., lubrif., cereais e bens de capital - preços - índice (média 1977 = 100)";"Índice de preços das importações exceto combustíveis, lubrificantes, cereais e bens de capital (média 1977 = 100)";"Oculta";"Internet";30;0;0;NA;NA;"ICEB4";"Oculta";"Macro"
"943";"ICEB4_MPEXCL4";NA;NA;"Inativa";NA;"Comércio exterior";"Importações - exceto combustíveis e lubrificantes - preços - índice (média 1977 = 100)";"Índice de preços das importações exceto combustíveis e lubrificantes (média 1977 = 100)";"Oculta";"Internet";30;0;0;NA;NA;"ICEB4";"Oculta";"Macro"
"944";"ICEB4_MPMATP4";NA;NA;"Inativa";NA;"Comércio exterior";"Importações - matérias-primas - preços - índice (média 1977 = 100)";"Índice de preços das importações de matérias-primas (média 1977 = 100)";"Oculta";"Internet";30;0;0;NA;NA;"ICEB4";"Oculta";"Macro"
"945";"ICEB4_MQBC4";NA;NA;"Inativa";NA;"Comércio exterior";"Importações - bens de consumo - quantum - índice (média 1977 = 100)";"Índice de quantum das importações de bens de consumo (média 1977 = 100)";"Oculta";"Internet";30;0;0;NA;NA;"ICEB4";"Oculta";"Macro"
"946";"ICEB4_MQBK4";NA;NA;"Inativa";NA;"Comércio exterior";"Importações - bens de capital - quantum - índice (média 1977 = 100)";"Índice de quantum das importações de bens de capital (média 1977 = 100)";"Oculta";"Internet";30;0;0;NA;NA;"ICEB4";"Oculta";"Macro"
"947";"ICEB4_MQCOLU4";NA;NA;"Inativa";NA;"Comércio exterior";"Importações - combustíveis e lubrificantes - quantum - índice (média 1996 = 100)";"Índice de quantum das importações de combustíveis e lubrificantes (média 1996 = 100)";"Oculta";"Internet";30;0;0;NA;NA;"ICEB4";"Oculta";"Macro"
"948";"ICEB4_MQECLC4";NA;NA;"Inativa";NA;"Comércio exterior";"Importações - exceto combustíveis, lubrificantes e cereais - quantum - índice (média 1977 = 100)";"Índice de quantum das importações exceto combustíveis, lubrificantes e cereais (média 1977 = 100)";"Oculta";"Internet";30;0;0;NA;NA;"ICEB4";"Oculta";"Macro"
"949";"ICEB4_MQEXBK4";NA;NA;"Inativa";NA;"Comércio exterior";"Importações - exceto comb., lubrif., cereais e bens de capital - quantum -índice (média 1977 = 100)";"Índice de quantum das importações exceto combustíveis, lubrificantes, cereais e bens de capital (média 1977 = 100)";"Oculta";"Internet";30;0;0;NA;NA;"ICEB4";"Oculta";"Macro"
"950";"ICEB4_MQEXCL4";NA;NA;"Inativa";NA;"Comércio exterior";"Importações - exceto combustíveis e lubrificantes - quantum - índice (média 1977 = 100)";"Índice de quantum das importações exceto combustíveis e lubrificantes (média 1977 = 100)";"Oculta";"Internet";30;0;0;NA;NA;"ICEB4";"Oculta";"Macro"
"951";"ICEB4_MQMATP4";NA;NA;"Inativa";NA;"Comércio exterior";"Importações - matérias-primas - quantum - índice (média 1977 = 100)";"Índice de quantum das importações de matérias-primas (média 1977 = 100)";"Oculta";"Internet";30;0;0;NA;NA;"ICEB4";"Oculta";"Macro"
"952";"ICEB4_MTGP4";NA;NA;"Inativa";NA;"Comércio exterior";"Importações - preços - índice (média 1977 = 100)";"Índice de preços das importações: total geral (média 1977 = 100)";"Oculta";"Internet";30;0;0;NA;NA;"ICEB4";"Oculta";"Macro"
"953";"ICEB4_MTGQ4";NA;NA;"Inativa";NA;"Comércio exterior";"Importações - quantum - índice (média 1977 = 100)";"Índice de quantum das importações: total geral (média 1977 = 100)";"Oculta";"Internet";30;0;0;NA;NA;"ICEB4";"Oculta";"Macro"
"954";"ICEB4_XPBACA4";NA;NA;"Inativa";NA;"Comércio exterior";"Exportações - produtos básicos - café - preços - índice (média 1977 = 100)";"Índice de preços das exportações de produtos básicos: café (média 1977 = 100)";"Oculta";"Internet";30;0;0;NA;NA;"ICEB4";"Oculta";"Macro"
"955";"ICEB4_XPBAFE4";NA;NA;"Inativa";NA;"Comércio exterior";"Exportações - produtos básicos - ferro - preços - índice (média 1977 = 100)";"Índice de preços das exportações de produtos básicos: ferro (média 1977 = 100)";"Oculta";"Internet";30;0;0;NA;NA;"ICEB4";"Oculta";"Macro"
"956";"ICEB4_XPBAOU4";NA;NA;"Inativa";NA;"Comércio exterior";"Exportações - produtos básicos - outros - preços - índice (média 1977 = 100)";"Índice de preços das exportações de produtos básicos: outros (média 1977 = 100)";"Oculta";"Internet";30;0;0;NA;NA;"ICEB4";"Oculta";"Macro"
"957";"ICEB4_XPINMA4";NA;NA;"Inativa";NA;"Comércio exterior";"Exportações - produtos industrializados manufaturados - preços - índice (média 1977 = 100)";"Índice de preços das exportações de produtos industrializados manufaturados (média 1977 = 100)";"Oculta";"Internet";30;0;0;NA;NA;"ICEB4";"Oculta";"Macro"
"958";"ICEB4_XPINSM4";NA;NA;"Inativa";NA;"Comércio exterior";"Exportações - produtos industrializados semi-manufaturados - preços - índice (média 1977 = 100)";"Índice de preços das exportações de produtos industrializados semi-manufaturados (média 1977 = 100)";"Oculta";"Internet";30;0;0;NA;NA;"ICEB4";"Oculta";"Macro"
"959";"ICEB4_XQBACA4";NA;NA;"Inativa";NA;"Comércio exterior";"Exportações - produtos básicos - café - quantum - índice (média 1977 = 100)";"Índice de quantum das exportações de produtos básicos: café (média 1977 = 100)";"Oculta";"Internet";30;0;0;NA;NA;"ICEB4";"Oculta";"Macro"
"960";"ICEB4_XQBAFE4";NA;NA;"Inativa";NA;"Comércio exterior";"Exportações - produtos básicos - ferro - quantum - índice (média 1977 = 100)";"Índice de quantum das exportações de produtos básicos: ferro (média 1977 = 100)";"Oculta";"Internet";30;0;0;NA;NA;"ICEB4";"Oculta";"Macro"
"961";"ICEB4_XQBAOU4";NA;NA;"Inativa";NA;"Comércio exterior";"Exportações - produtos básicos - outros - quantum - índice (média 1977 = 100)";"Índice de quantum das exportações de produtos básicos: outros (média 1977 = 100)";"Oculta";"Internet";30;0;0;NA;NA;"ICEB4";"Oculta";"Macro"
"962";"ICEB4_XQINMA4";NA;NA;"Inativa";NA;"Comércio exterior";"Exportações - produtos industrializados manufaturados - quantum - índice (média 1977 = 100)";"Índice de quantum das exportações de produtos industrializados manufaturados (média 1977 = 100)";"Oculta";"Internet";30;0;0;NA;NA;"ICEB4";"Oculta";"Macro"
"963";"ICEB4_XQINSM4";NA;NA;"Inativa";NA;"Comércio exterior";"Exportações - produtos industrializados semi-manufaturados - quantum - índice (média 1977 = 100)";"Índice de quantum das exportações de produtos industrializados semi-manufaturados (média 1977 = 100)";"Oculta";"Internet";30;0;0;NA;NA;"ICEB4";"Oculta";"Macro"
"964";"ICEB4_XTGP4";NA;NA;"Inativa";NA;"Comércio exterior";"Exportações - preços - índice (média 1977 = 100)";"Índice de preços das exportações: total geral (média 1977 = 100)";"Oculta";"Internet";30;0;0;NA;NA;"ICEB4";"Oculta";"Macro"
"965";"ICEB4_XTGQ4";NA;NA;"Inativa";NA;"Comércio exterior";"Exportações - quantum - índice (média 1977 = 100)";"Índice de quantum das exportações: total geral (média 1977 = 100)";"Oculta";"Internet";30;0;0;NA;NA;"ICEB4";"Oculta";"Macro"
"966";"ICEB4_XTPBA4";NA;NA;"Inativa";NA;"Comércio exterior";"Exportações - produtos básicos - preços - índice (média 1977 = 100)";"Índice de preços das exportações de produtos básicos (média 1977 = 100)";"Oculta";"Internet";30;0;0;NA;NA;"ICEB4";"Oculta";"Macro"
"967";"ICEB4_XTPIND4";NA;NA;"Inativa";NA;"Comércio exterior";"Exportações - produtos industrializados - preços - índice (média 1977 = 100)";"Índice de preços das exportações de produtos industrializados (média 1977 = 100)";"Oculta";"Internet";30;0;0;NA;NA;"ICEB4";"Oculta";"Macro"
"968";"ICEB4_XTQBA4";NA;NA;"Inativa";NA;"Comércio exterior";"Exportações - produtos básicos - quantum - índice (média 1977 = 100)";"Índice de quantum das exportações de produtos básicos (média 1977 = 100)";"Oculta";"Internet";30;0;0;NA;NA;"ICEB4";"Oculta";"Macro"
"969";"ICEB4_XTQIND4";NA;NA;"Inativa";NA;"Comércio exterior";"Exportações - produtos industrializados - quantum - índice (média 1977 = 100)";"Índice de quantum das exportações de produtos industrializados (média 1977 = 100)";"Oculta";"Internet";30;0;0;NA;NA;"ICEB4";"Oculta";"Macro"
"970";"SHFP_DETOT";NA;NA;"Inativa";NA;"Finanças públicas";"Despesa";"Despesa";"Oculta";"Internet";90;0;0;NA;NA;"SHFP";"Oculta";"Macro"
"971";"SHFP_IEE";NA;NA;"Inativa";NA;"Finanças públicas";"Imposto sobre energia elétrica (IEE)";"Imposto sobre energia elétrica (IEE)";"Oculta";"Internet";90;0;0;NA;NA;"SHFP";"Oculta";"Macro"
"972";"SHFP_IIM";NA;NA;"Inativa";NA;"Finanças públicas";"Imposto sobre a importação (II)";"Imposto sobre a importação (II)";"Oculta";"Internet";90;0;0;NA;NA;"SHFP";"Oculta";"Macro"
"973";"SHFP_IOUT";NA;NA;"Inativa";NA;"Finanças públicas";"Outros tributos";"Outros tributos";"Oculta";"Internet";90;0;0;NA;NA;"SHFP";"Oculta";"Macro"
"974";"SHFP_IUCL";NA;NA;"Inativa";NA;"Finanças públicas";"Imposto sobre combustíveis e lubrificantes (IUCL)";"Imposto sobre combustíveis e lubrificantes (IUCL)";"Oculta";"Internet";90;0;0;NA;NA;"SHFP";"Oculta";"Macro"
"975";"SHFP_IUM";NA;NA;"Inativa";NA;"Finanças públicas";"Imposto único sobre minerais (IUM)";"Imposto único sobre minerais (IUM)";"Oculta";"Internet";90;0;0;NA;NA;"SHFP";"Oculta";"Macro"
"976";"SHFP_RTR";NA;NA;"Inativa";NA;"Finanças públicas";"Receita tributária";"Receita tributária";"Oculta";"Internet";90;0;0;NA;NA;"SHFP";"Oculta";"Macro"
"977";"SHFP_TFDSC";NA;NA;"Inativa";NA;"Finanças públicas";"Transferências correntes - pessoal e encargos sociais - adm. descentralizada";"Transferências correntes - pessoal e encargos sociais - administração descentralizada";"Oculta";"Internet";90;0;0;NA;NA;"SHFP";"Oculta";"Macro"
"978";"SHFP_TFSF";NA;NA;"Inativa";NA;"Finanças públicas";"Transferências correntes - pessoal e encargos sociais - salário-família";"Transferências correntes - pessoal e encargos sociais - salário-família";"Oculta";"Internet";90;0;0;NA;NA;"SHFP";"Oculta";"Macro"
"979";"SHFP_WPAT";NA;NA;"Inativa";NA;"Finanças públicas";"Despesa - custeio - pessoal e encargos sociais - obrigações patronais";"Despesa - custeio - pessoal e encargos sociais - obrigações patronais";"Oculta";"Internet";90;0;0;NA;NA;"SHFP";"Oculta";"Macro"
"980";"SHFP_TFPEN";NA;NA;"Inativa";NA;"Finanças públicas";"Transferências correntes - pessoal e encargos sociais - pensionistas";"Transferências correntes - pessoal e encargos sociais - pensionistas";"Oculta";"Internet";90;0;0;NA;NA;"SHFP";"Oculta";"Macro"
"981";"SHFP_WMIL";NA;NA;"Inativa";NA;"Finanças públicas";"Despesa - custeio - pessoal e encargos sociais - pessoal militar";"Despesa - custeio - pessoal e encargos sociais - pessoal militar";"Oculta";"Internet";90;0;0;NA;NA;"SHFP";"Oculta";"Macro"
"982";"SHFP_TFINA";NA;NA;"Inativa";NA;"Finanças públicas";"Transferências correntes - pessoal e encargos sociais - inativos";"Transferências correntes - pessoal e encargos sociais - inativos";"Oculta";"Internet";90;0;0;NA;NA;"SHFP";"Oculta";"Macro"
"983";"SHFP_WCIV";NA;NA;"Inativa";NA;"Finanças públicas";"Despesa - custeio - pessoal e encargos sociais - pessoal civil";"Despesa - custeio - pessoal e encargos sociais - pessoal civil";"Oculta";"Internet";90;0;0;NA;NA;"SHFP";"Oculta";"Macro"
"984";"SHFP_DETCP";NA;NA;"Inativa";NA;"Balanço de pagamentos";"Transações correntes - capital - transferências de capital - despesa";"Transações correntes - capital - transferências de capital - despesa";"Oculta";"Internet";90;0;0;NA;NA;"SHFP";"Oculta";"Macro"
"985";"SHFP_DEINF";NA;NA;"Inativa";NA;"Finanças públicas";"Despesa - capital - inversões financeiras";"Despesa - capital - inversões financeiras";"Oculta";"Internet";90;0;0;NA;NA;"SHFP";"Oculta";"Macro"
"986";"SHFP_DEINV";NA;NA;"Inativa";NA;"Finanças públicas";"Despesa - capital - investimentos";"Despesa - capital - investimentos";"Oculta";"Internet";90;0;0;NA;NA;"SHFP";"Oculta";"Macro"
"987";"SHFP_TFOUT";NA;NA;"Inativa";NA;"Finanças públicas";"Transferências correntes - outras";"Transferências correntes - outras";"Oculta";"Internet";90;0;0;NA;NA;"SHFP";"Oculta";"Macro"
"988";"SHFP_WOUT";NA;NA;"Inativa";NA;"Finanças públicas";"Despesa - custeio - outras";"Despesa - custeio - outras";"Oculta";"Internet";90;0;0;NA;NA;"SHFP";"Oculta";"Macro"
"989";"SHFP_TFCOR";NA;NA;"Inativa";NA;"Finanças públicas";"Transferências correntes";"Transferências correntes";"Oculta";"Internet";90;0;0;NA;NA;"SHFP";"Oculta";"Macro"
"990";"SHFP_DECAP";NA;NA;"Inativa";NA;"Finanças públicas";"Despesa - capital";"Despesa - capital";"Oculta";"Internet";90;0;0;NA;NA;"SHFP";"Oculta";"Macro"
"991";"SHFP_DECOR";NA;NA;"Inativa";NA;"Finanças públicas";"Despesa";"Despesa";"Oculta";"Internet";90;0;0;NA;NA;"SHFP";"Oculta";"Macro"
"992";"SHFP_DECUS";NA;NA;"Inativa";NA;"Finanças públicas";"Despesa - custeio";"Despesa - custeio";"Oculta";"Internet";90;0;0;NA;NA;"SHFP";"Oculta";"Macro"
"993";"SE12_CCL12";NA;NA;"Inativa";"BNDES/SE";"Câmbio";"Cupom cambial - líq. - taxa Selic / var. cambial (R$ / US$)";"Cupom cambial - líq. - taxa Selic / var. cambial - real (R$) / dólar americano (US$)";"Não oculta";"Intranet";0;0;0;NA;NA;"SE12";"Intranet";"Macro"
"994";"CNI12_HTRAB12";69;181;"Ativa";"CNI";"Emprego";"Horas trabalhadas - indústria - índice (média 2006 = 100)";"Horas trabalhadas na indústria: índice (média 2006 = 100)";"Não oculta";"Internet";40;0;0;NA;NA;"CNI12";"Internet";"Macro"
"995";"CNI12_HTRABD12";36;363;"Ativa";"CNI";"Emprego";"Horas trabalhadas - indústria - índice dessaz. (média 2006 = 100)";"Horas trabalhadas na indústria: índice dessazonalizado (média 2006 = 100)";"Não oculta";"Internet";40;0;0;NA;NA;"CNI12";"Internet";"Macro"
"996";"CNI12_NUCAP12";141;78;"Ativa";"CNI";"Produção";"Utilização da capacidade instalada - indústria";"Utilização da capacidade instalada na indústria";"Não oculta";"Internet";40;0;0;NA;NA;"CNI12";"Internet";"Macro"
"997";"CNI12_NUCAPD12";92;125;"Ativa";"CNI";"Produção";"Utilização da capacidade instalada - indústria - dessaz.";"Utilização da capacidade instalada na indústria: dessazonalizado";"Não oculta";"Internet";40;0;0;NA;NA;"CNI12";"Internet";"Macro"
"998";"CNI12_PEEMP12";90;129;"Ativa";"CNI";"Emprego";"Pessoal empregado - indústria - índice (média 2006 = 100)";"Pessoal empregado na indústria: índice (média 2006 = 100)";"Não oculta";"Internet";40;0;0;NA;NA;"CNI12";"Internet";"Macro"
"999";"CNI12_PEEMPD12";23;526;"Ativa";"CNI";"Emprego";"Pessoal empregado - indústria - índice dessaz. (média 2006 = 100)";"Pessoal empregado na indústria: índice dessazonalizado (média 2006 = 100)";"Não oculta";"Internet";40;0;0;NA;NA;"CNI12";"Internet";"Macro"
"1000";"CNI12_SALNO12";47;284;"Inativa";"CNI";"Salário e renda";"Salário - indústria - índice (média 1992 = 100)";"Salário na indústria: índice (média 1992 = 100)";"Não oculta";"Intranet";0;0;0;NA;NA;"CNI12";"Intranet";"Macro"
"1001";"CNI12_SALRE12";74;165;"Inativa";"CNI";"Salário e renda";"Salário - real - indústria - índice (média 1992 = 100)";"Salário real na indústria: índice (média 1992 = 100)";"Não oculta";"Intranet";0;0;0;NA;NA;"CNI12";"Intranet";"Macro"
"1002";"CNI12_VENNOM12";21;569;"Inativa";"CNI";"Consumo e vendas";"Faturamento nominal - indústria - índice (média 2006 = 100)";"Faturamento nominal na indústria: índice (média 2006 = 100)";"Não oculta";"Internet";40;0;0;NA;NA;"CNI12";"Internet";"Macro"
"1003";"CNI12_VENREA12";44;302;"Ativa";"CNI";"Consumo e vendas";"Faturamento real - indústria - índice (média 2006 = 100)";"Faturamento real na indústria: índice (média 2006 = 100)";"Não oculta";"Internet";40;0;0;NA;NA;"CNI12";"Internet";"Macro"
"1004";"CNI12_VENRED12";27;457;"Ativa";"CNI";"Consumo e vendas";"Faturamento real - indústria - índice dessaz. (média 2006 = 100)";"Faturamento real na indústria: índice dessazonalizado (média 2006 = 100)";"Não oculta";"Internet";40;0;0;NA;NA;"CNI12";"Internet";"Macro"
"1005";"DEPAE12_ATARAG12";14;737;"Inativa";"Conab/IE";"Preços";"Preço médio - atacado - arroz - longo fino agulhinha - 30 kg - SP";"Preço médio no atacado: arroz longo fino agulhinha (30 kg - SP)";"Não oculta";"Internet";10;0;0;NA;NA;"DEPAE12";"Internet";"Macro"
"1006";"DEPAE12_ATARSE12";8;996;"Inativa";"Conab/IE";"Preços";"Preço médio - atacado - arroz - longo fino sequeiro - 30 kg - SP";"Preço médio no atacado: arroz longo fino sequeiro (30 kg - SP)";"Não oculta";"Internet";10;0;0;NA;NA;"DEPAE12";"Internet";"Macro"
"1007";"DEPAE12_ATBOI12";23;526;"Inativa";"Conab/IE";"Preços";"Preço médio - atacado - bovinos - traseiro - kg - SP";"Preço médio no atacado: traseiro bovino (kg - SP)";"Não oculta";"Internet";10;0;0;NA;NA;"DEPAE12";"Internet";"Macro"
"1008";"DEPAE12_ATFECO12";10;894;"Inativa";"Conab/IE";"Preços";"Preço médio - atacado - feijão de cor - 60 kg - SP";"Preço médio no atacado: feijão de cor (60 kg - SP)";"Não oculta";"Internet";10;0;0;NA;NA;"DEPAE12";"Internet";"Macro"
"1009";"DEPAE12_ATFRA12";20;593;"Inativa";"Conab/IE";"Preços";"Preço médio - atacado - frango resfriado - kg - SP";"Preço médio no atacado: frango resfriado (kg - SP)";"Não oculta";"Internet";10;0;0;NA;NA;"DEPAE12";"Internet";"Macro"
"1010";"DEPAE12_ATMI12";97;118;"Inativa";"Conab/IE";"Preços";"Preço médio - atacado - milho (em grão) - 60 kg - SP";"Preço médio no atacado: milho em grão (60 kg - SP)";"Não oculta";"Internet";10;0;0;NA;NA;"DEPAE12";"Internet";"Macro"
"1011";"DEPAE12_ATOL12";12;812;"Inativa";"Conab/IE";"Preços";"Preço médio - atacado - óleo de soja - refinado - 20 latas - SP";"Preço médio no atacado: óleo de soja refinado (20 latas - SP)";"Não oculta";"Internet";10;0;0;NA;NA;"DEPAE12";"Internet";"Macro"
"1012";"DEPAE12_ATOVO12";9;946;"Inativa";"Conab/IE";"Preços";"Preço médio - atacado - ovos - dúzia - SP";"Preço médio no atacado: ovos (dúzia - SP)";"Não oculta";"Internet";10;0;0;NA;NA;"DEPAE12";"Internet";"Macro"
"1013";"DEPAE12_ATSUIN12";12;812;"Inativa";"Conab/IE";"Preços";"Preço médio - atacado - suínos - kg - SP";"Preço médio no atacado: suínos (kg - SP)";"Não oculta";"Internet";150;0;0;NA;NA;"DEPAE12";"Internet";"Macro"
"1014";"DIEESE12_ICVSPD12";60;209;"Inativa";"Dieese1";"Preços";"ICV-SP - índice (jun. 1994 = 100)";"ICV-SP - índice (jun. 1994 = 100)";"Não oculta";"Internet";10;0;0;NA;NA;"DIEESE12";"Internet";"Macro"
"1015";"ECONMI12_ALBC12";NA;NA;"Inativa";"Economist";"Economia internacional";"balança comercial - saldo (mês)";"balança comercial - saldo (mês)";"Oculta";"Internet";15;0;0;NA;NA;"ECONMI12";"Oculta";"Macro"
"1016";"ECONMI12_ALBCY12";21;569;"Inativa";"Economist";"Economia internacional";"balança comercial - saldo (acum. 12 meses)";"balança comercial - saldo (acum. 12 meses)";"Não oculta";"Internet";60;0;0;NA;NA;"ECONMI12";"Internet";"Macro"
"1017";"ECONMI12_ALCCY12";2;1480;"Ativa";"Economist";"Economia internacional";"balanço - conta corrente - saldo (acum. 12 meses)";"balanço - conta corrente - saldo (acum. 12 meses)";"Não oculta";"Internet";60;0;0;NA;NA;"ECONMI12";"Internet";"Macro"
"1018";"ECONMI12_ALPCG12";1;1628;"Ativa";"Economist";"Economia internacional";"preços ao consumidor - var. em 12 meses";"Preços ao consumidor - var. em 12 meses";"Não oculta";"Internet";60;0;0;NA;NA;"ECONMI12";"Internet";"Macro"
"1019";"ECONMI12_ALPCG312";NA;NA;"Inativa";"Economist";"Economia internacional";"preços ao consumidor - var. trimestral anualiz.";"preços ao consumidor - var. trimestral anualiz.";"Oculta";"Internet";15;0;0;NA;NA;"ECONMI12";"Oculta";"Macro"
"1020";"ECONMI12_ALPIG12";4;1262;"Ativa";"Economist";"Economia internacional";"produção industrial - var. em 12 meses";"Produção industrial - var. em 12 meses";"Não oculta";"Internet";60;0;0;NA;NA;"ECONMI12";"Internet";"Macro"
"1021";"ECONMI12_ALPIG312";NA;NA;"Inativa";"Economist";"Economia internacional";"produção industrial - var. trimestral anualiz.";"produção industrial - var. trimestral anualiz.";"Oculta";"Internet";15;0;0;NA;NA;"ECONMI12";"Oculta";"Macro"
"1022";"ECONMI12_ALWG12";5;1176;"Inativa";"Economist";"Economia internacional";"salário - var. em 12 meses";"Salário - var. em 12 meses";"Não oculta";"Internet";60;0;0;NA;NA;"ECONMI12";"Internet";"Macro"
"1023";"ECONMI12_ALWG312";NA;NA;"Inativa";"Economist";"Economia internacional";"salário - var. trimestral anualiz.";"salário - var. trimestral anualiz.";"Oculta";"Internet";15;0;0;NA;NA;"ECONMI12";"Oculta";"Macro"
"1024";"ECONMI12_CABC12";NA;NA;"Inativa";"Economist";"Economia internacional";"balança comercial - saldo (mês)";"balança comercial - saldo (mês)";"Oculta";"Internet";15;0;0;NA;NA;"ECONMI12";"Oculta";"Macro"
"1025";"ECONMI12_CABCY12";1;1628;"Inativa";"Economist";"Economia internacional";"balança comercial - saldo (acum. 12 meses)";"balança comercial - saldo (acum. 12 meses)";"Não oculta";"Internet";60;0;0;NA;NA;"ECONMI12";"Internet";"Macro"
"1026";"ECONMI12_CAPCG12";2;1480;"Ativa";"Economist";"Economia internacional";"preços ao consumidor - var. em 12 meses";"Preços ao consumidor - var. em 12 meses";"Não oculta";"Internet";60;0;0;NA;NA;"ECONMI12";"Internet";"Macro"
"1027";"ECONMI12_CAPCG312";NA;NA;"Inativa";"Economist";"Economia internacional";"preços ao consumidor - var. trimestral anualiz.";"preços ao consumidor - var. trimestral anualiz.";"Oculta";"Internet";15;0;0;NA;NA;"ECONMI12";"Oculta";"Macro"
"1028";"ECONMI12_CAPIG12";7;1050;"Ativa";"Economist";"Economia internacional";"produção industrial - var. em 12 meses";"Produção industrial - var. em 12 meses";"Não oculta";"Internet";60;0;0;NA;NA;"ECONMI12";"Internet";"Macro"
"1029";"ECONMI12_CAPIG312";NA;NA;"Inativa";"Economist";"Economia internacional";"produção industrial - var. trimestral anualiz.";"produção industrial - var. trimestral anualiz.";"Oculta";"Internet";15;0;0;NA;NA;"ECONMI12";"Oculta";"Macro"
"1030";"ECONMI12_CAPPG12";NA;NA;"Inativa";"Economist";"Economia internacional";"preços ao produtor - var. em 12 meses";"Preços ao produtor - var. em 12 meses";"Não oculta";"Internet";60;0;0;NA;NA;"ECONMI12";"Internet";"Macro"
"1031";"ECONMI12_CAPPG312";NA;NA;"Inativa";"Economist";"Economia internacional";"preços ao produtor - var. trimestral anualiz.";"preços ao produtor - var. trimestral anualiz.";"Oculta";"Internet";15;0;0;NA;NA;"ECONMI12";"Oculta";"Macro"
"1032";"ECONMI12_CAU12";8;996;"Ativa";"Economist";"Economia internacional";"taxa de desemprego - força de trabalho";"taxa de desemprego - força de trabalho";"Não oculta";"Internet";60;0;0;NA;NA;"ECONMI12";"Internet";"Macro"
"1033";"ECONMI12_CAWG12";1;1628;"Inativa";"Economist";"Economia internacional";"salário - var. em 12 meses";"Salário - var. em 12 meses";"Não oculta";"Internet";60;0;0;NA;NA;"ECONMI12";"Internet";"Macro"
"1034";"ECONMI12_CAWG312";NA;NA;"Inativa";"Economist";"Economia internacional";"salário - var. trimestral anualiz.";"salário - var. trimestral anualiz.";"Oculta";"Internet";15;0;0;NA;NA;"ECONMI12";"Oculta";"Macro"
"1035";"ECONMI12_FRBC12";NA;NA;"Inativa";"Economist";"Economia internacional";"balança comercial - saldo (mês)";"balança comercial - saldo (mês)";"Oculta";"Internet";15;0;0;NA;NA;"ECONMI12";"Oculta";"Macro"
"1036";"ECONMI12_FRBCY12";2;1480;"Inativa";"Economist";"Economia internacional";"balança comercial - saldo (acum. 12 meses)";"balança comercial - saldo (acum. 12 meses)";"Não oculta";"Internet";60;0;0;NA;NA;"ECONMI12";"Internet";"Macro"
"1037";"ECONMI12_FRPCG12";NA;NA;"Ativa";"Economist";"Economia internacional";"preços ao consumidor - var. em 12 meses";"Preços ao consumidor - var. em 12 meses";"Não oculta";"Internet";60;0;0;NA;NA;"ECONMI12";"Internet";"Macro"
"1038";"ECONMI12_FRPCG312";NA;NA;"Inativa";"Economist";"Economia internacional";"preços ao consumidor - var. trimestral anualiz.";"preços ao consumidor - var. trimestral anualiz.";"Oculta";"Internet";15;0;0;NA;NA;"ECONMI12";"Oculta";"Macro"
"1039";"ECONMI12_FRPIG12";3;1356;"Ativa";"Economist";"Economia internacional";"produção industrial - var. em 12 meses";"Produção industrial - var. em 12 meses";"Não oculta";"Internet";60;0;0;NA;NA;"ECONMI12";"Internet";"Macro"
"1040";"ECONMI12_FRPIG312";NA;NA;"Inativa";"Economist";"Economia internacional";"produção industrial - var. trimestral anualiz.";"produção industrial - var. trimestral anualiz.";"Oculta";"Internet";15;0;0;NA;NA;"ECONMI12";"Oculta";"Macro"
"1041";"ECONMI12_FRU12";15;714;"Ativa";"Economist";"Economia internacional";"taxa de desemprego - força de trabalho";"taxa de desemprego - força de trabalho";"Não oculta";"Internet";60;0;0;NA;NA;"ECONMI12";"Internet";"Macro"
"1042";"ECONMI12_ITBC12";NA;NA;"Inativa";"Economist";"Economia internacional";"balança comercial - saldo (mês)";"balança comercial - saldo (mês)";"Oculta";"Internet";15;0;0;NA;NA;"ECONMI12";"Oculta";"Macro"
"1043";"ECONMI12_ITBCY12";1;1628;"Inativa";"Economist";"Economia internacional";"balança comercial - saldo (acum. 12 meses)";"balança comercial - saldo (acum. 12 meses)";"Não oculta";"Internet";60;0;0;NA;NA;"ECONMI12";"Internet";"Macro"
"1044";"ECONMI12_ITPCG12";NA;NA;"Ativa";"Economist";"Economia internacional";"preços ao consumidor - var. em 12 meses";"Preços ao consumidor - var. em 12 meses";"Não oculta";"Internet";60;0;0;NA;NA;"ECONMI12";"Internet";"Macro"
"1045";"ECONMI12_ITPCG312";NA;NA;"Inativa";"Economist";"Economia internacional";"preços ao consumidor - var. trimestral anualiz.";"preços ao consumidor - var. trimestral anualiz.";"Oculta";"Internet";15;0;0;NA;NA;"ECONMI12";"Oculta";"Macro"
"1046";"ECONMI12_ITPPG12";NA;NA;"Inativa";"Economist";"Economia internacional";"preços ao produtor - var. em 12 meses";"Preços ao produtor - var. em 12 meses";"Não oculta";"Internet";60;0;0;NA;NA;"ECONMI12";"Internet";"Macro"
"1047";"ECONMI12_ITPPG312";NA;NA;"Inativa";"Economist";"Economia internacional";"preços ao produtor - var. trimestral anualiz.";"preços ao produtor - var. trimestral anualiz.";"Oculta";"Internet";15;0;0;NA;NA;"ECONMI12";"Oculta";"Macro"
"1048";"ECONMI12_ITU12";13;769;"Ativa";"Economist";"Economia internacional";"taxa de desemprego - força de trabalho";"taxa de desemprego - força de trabalho";"Não oculta";"Internet";60;0;0;NA;NA;"ECONMI12";"Internet";"Macro"
"1049";"ECONMI12_ITWG12";NA;NA;"Inativa";"Economist";"Economia internacional";"salário - var. em 12 meses";"Salário - var. em 12 meses";"Não oculta";"Internet";60;0;0;NA;NA;"ECONMI12";"Internet";"Macro"
"1050";"ECONMI12_ITWG312";NA;NA;"Inativa";"Economist";"Economia internacional";"salário - var. trimestral anualiz.";"salário - var. trimestral anualiz.";"Oculta";"Internet";15;0;0;NA;NA;"ECONMI12";"Oculta";"Macro"
"1051";"ECONMI12_JPPCG12";2;1480;"Ativa";"Economist";"Economia internacional";"preços ao consumidor - var. em 12 meses";"Preços ao consumidor - var. em 12 meses";"Não oculta";"Internet";90;0;0;NA;NA;"ECONMI12";"Internet";"Macro"
"1052";"ECONMI12_JPPCG312";NA;NA;"Inativa";"Economist";"Economia internacional";"preços ao consumidor - var. trimestral anualiz.";"preços ao consumidor - var. trimestral anualiz.";"Oculta";"Internet";15;0;0;NA;NA;"ECONMI12";"Oculta";"Macro"
"1053";"ECONMI12_JPPPG12";NA;NA;"Inativa";"Economist";"Economia internacional";"preços ao produtor - var. em 12 meses";"Preços ao produtor - var. em 12 meses";"Não oculta";"Internet";60;0;0;NA;NA;"ECONMI12";"Internet";"Macro"
"1054";"ECONMI12_JPPPG312";NA;NA;"Inativa";"Economist";"Economia internacional";"preços ao produtor - var. trimestral anualiz.";"preços ao produtor - var. trimestral anualiz.";"Oculta";"Internet";15;0;0;NA;NA;"ECONMI12";"Oculta";"Macro"
"1055";"ECONMI12_JPU12";18;647;"Ativa";"Economist";"Economia internacional";"taxa de desemprego - força de trabalho";"taxa de desemprego - força de trabalho";"Não oculta";"Internet";60;0;0;NA;NA;"ECONMI12";"Internet";"Macro"
"1056";"ECONMI12_JPWG12";3;1356;"Inativa";"Economist";"Economia internacional";"salário - var. em 12 meses";"Salário - var. em 12 meses";"Não oculta";"Internet";60;0;0;NA;NA;"ECONMI12";"Internet";"Macro"
"1057";"ECONMI12_JPWG312";NA;NA;"Inativa";"Economist";"Economia internacional";"salário - var. trimestral anualiz.";"salário - var. trimestral anualiz.";"Oculta";"Internet";15;0;0;NA;NA;"ECONMI12";"Oculta";"Macro"
"1058";"ECONMI12_UKBC12";NA;NA;"Inativa";"Economist";"Economia internacional";"balança comercial - saldo (mês)";"balança comercial - saldo (mês)";"Oculta";"Internet";15;0;0;NA;NA;"ECONMI12";"Oculta";"Macro"
"1059";"ECONMI12_UKBCY12";1;1628;"Inativa";"Economist";"Economia internacional";"balança comercial - saldo (acum. 12 meses)";"balança comercial - saldo (acum. 12 meses)";"Não oculta";"Internet";60;0;0;NA;NA;"ECONMI12";"Internet";"Macro"
"1060";"ECONMI12_USBC12";NA;NA;"Inativa";"Economist";"Economia internacional";"balança comercial - saldo (mês)";"balança comercial - saldo (mês)";"Oculta";"Internet";15;0;0;NA;NA;"ECONMI12";"Oculta";"Macro"
"1061";"ECONMI12_USBCY12";41;319;"Inativa";"Economist";"Economia internacional";"balança comercial - saldo (acum. 12 meses)";"balança comercial - saldo (acum. 12 meses)";"Não oculta";"Internet";60;0;0;NA;NA;"ECONMI12";"Internet";"Macro"
"1062";"ECONMI12_USPCG12";51;251;"Ativa";"Economist";"Economia internacional";"preços ao consumidor - var. em 12 meses";"Preços ao consumidor - var. em 12 meses";"Não oculta";"Internet";60;0;0;NA;NA;"ECONMI12";"Internet";"Macro"
"1063";"ECONMI12_USPCG312";NA;NA;"Inativa";"Economist";"Economia internacional";"preços ao consumidor - var. trimestral anualiz.";"preços ao consumidor - var. trimestral anualiz.";"Oculta";"Internet";15;0;0;NA;NA;"ECONMI12";"Oculta";"Macro"
"1064";"ECONMI12_USPPG12";22;542;"Inativa";"Economist";"Economia internacional";"preços ao produtor - var. em 12 meses";"Preços ao produtor - var. em 12 meses";"Não oculta";"Internet";60;0;0;NA;NA;"ECONMI12";"Internet";"Macro"
"1065";"ECONMI12_USPPG312";NA;NA;"Inativa";"Economist";"Economia internacional";"preços ao produtor - var. trimestral anualiz.";"preços ao produtor - var. trimestral anualiz.";"Oculta";"Internet";15;0;0;NA;NA;"ECONMI12";"Oculta";"Macro"
"1066";"ECONMI12_USU12";65;190;"Ativa";"Economist";"Economia internacional";"taxa de desemprego - força de trabalho";"taxa de desemprego - força de trabalho";"Não oculta";"Internet";60;0;0;NA;NA;"ECONMI12";"Internet";"Macro"
"1067";"ECONMI12_USWG12";14;737;"Inativa";"Economist";"Economia internacional";"salário - var. em 12 meses";"Salário - var. em 12 meses";"Não oculta";"Internet";60;0;0;NA;NA;"ECONMI12";"Internet";"Macro"
"1068";"ECONMI12_USWG312";NA;NA;"Inativa";"Economist";"Economia internacional";"salário - var. trimestral anualiz.";"salário - var. trimestral anualiz.";"Oculta";"Internet";15;0;0;NA;NA;"ECONMI12";"Oculta";"Macro"
"1069";"ECONMI12_ALRI12";NA;NA;"Inativa";"Economist";"Economia internacional";"reservas internacionais";"reservas internacionais";"Oculta";"Internet";15;0;0;NA;NA;"ECONMI12";"Oculta";"Macro"
"1070";"ECONMI12_CARI12";NA;NA;"Inativa";"Economist";"Economia internacional";"reservas internacionais";"reservas internacionais";"Oculta";"Internet";15;0;0;NA;NA;"ECONMI12";"Oculta";"Macro"
"1071";"ECONMI12_FRRI12";NA;NA;"Inativa";"Economist";"Economia internacional";"reservas internacionais";"reservas internacionais";"Oculta";"Internet";15;0;0;NA;NA;"ECONMI12";"Oculta";"Macro"
"1072";"ECONMI12_ITRI12";NA;NA;"Inativa";"Economist";"Economia internacional";"reservas internacionais";"reservas internacionais";"Oculta";"Internet";15;0;0;NA;NA;"ECONMI12";"Oculta";"Macro"
"1073";"ECONMI12_JPRI12";NA;NA;"Inativa";"Economist";"Economia internacional";"reservas internacionais";"reservas internacionais";"Oculta";"Internet";15;0;0;NA;NA;"ECONMI12";"Oculta";"Macro"
"1074";"ECONMI12_UKRI12";NA;NA;"Inativa";"Economist";"Economia internacional";"reservas internacionais";"reservas internacionais";"Oculta";"Internet";15;0;0;NA;NA;"ECONMI12";"Oculta";"Macro"
"1075";"ECONMI12_USRI12";NA;NA;"Inativa";"Economist";"Economia internacional";"reservas internacionais";"reservas internacionais";"Oculta";"Internet";15;0;0;NA;NA;"ECONMI12";"Oculta";"Macro"
"1076";"ECONMI12_FRCCY12";NA;NA;"Ativa";"Economist";"Economia internacional";"balanço - conta corrente - saldo (acum. 12 meses)";"balanço - conta corrente - saldo (acum. 12 meses)";"Não oculta";"Internet";60;0;0;NA;NA;"ECONMI12";"Internet";"Macro"
"1077";"ECONMI12_ALPPG312";NA;NA;"Inativa";"Economist";"Economia internacional";"preços ao produtor - var. trimestral anualiz.";"preços ao produtor - var. trimestral anualiz.";"Oculta";"Internet";15;0;0;NA;NA;"ECONMI12";"Oculta";"Macro"
"1078";"ECONMI12_ALPPG12";NA;NA;"Inativa";"Economist";"Economia internacional";"preços ao produtor - var. em 12 meses";"Preços ao produtor - var. em 12 meses";"Não oculta";"Internet";60;0;0;NA;NA;"ECONMI12";"Internet";"Macro"
"1079";"ECONMI12_ALU12";17;667;"Ativa";"Economist";"Economia internacional";"taxa de desemprego - força de trabalho";"taxa de desemprego - força de trabalho";"Não oculta";"Internet";60;0;0;NA;NA;"ECONMI12";"Internet";"Macro"
"1080";"ECONMI12_ITPIG312";NA;NA;"Inativa";"Economist";"Economia internacional";"produção industrial - var. trimestral anualiz.";"produção industrial - var. trimestral anualiz.";"Oculta";"Internet";15;0;0;NA;NA;"ECONMI12";"Oculta";"Macro"
"1081";"ECONMI12_ITPIG12";3;1356;"Ativa";"Economist";"Economia internacional";"produção industrial - var. em 12 meses";"Produção industrial - var. em 12 meses";"Não oculta";"Internet";60;0;0;NA;NA;"ECONMI12";"Internet";"Macro"
"1082";"ECONMI12_JPPIG312";NA;NA;"Inativa";"Economist";"Economia internacional";"produção industrial - var. trimestral anualiz.";"produção industrial - var. trimestral anualiz.";"Oculta";"Internet";15;0;0;NA;NA;"ECONMI12";"Oculta";"Macro"
"1083";"ECONMI12_JPPIG12";5;1176;"Ativa";"Economist";"Economia internacional";"produção industrial - var. em 12 meses";"Produção industrial - var. em 12 meses";"Não oculta";"Internet";60;0;0;NA;NA;"ECONMI12";"Internet";"Macro"
"1084";"ECONMI12_JPBC12";NA;NA;"Inativa";"Economist";"Economia internacional";"balança comercial - saldo (mês)";"balança comercial - saldo (mês)";"Oculta";"Internet";15;0;0;NA;NA;"ECONMI12";"Oculta";"Macro"
"1085";"ECONMI12_JPBCY12";10;894;"Inativa";"Economist";"Economia internacional";"balança comercial - saldo (acum. 12 meses)";"balança comercial - saldo (acum. 12 meses)";"Não oculta";"Internet";60;0;0;NA;NA;"ECONMI12";"Internet";"Macro"
"1086";"ECONMI12_JPCCY12";3;1356;"Inativa";"Economist";"Economia internacional";"balanço - conta corrente - saldo (acum. 12 meses)";"balanço - conta corrente - saldo (acum. 12 meses)";"Não oculta";"Internet";60;0;0;NA;NA;"ECONMI12";"Internet";"Macro"
"1087";"ECONMI12_UKPIG312";NA;NA;"Inativa";"Economist";"Economia internacional";"produção industrial - var. trimestral anualiz.";"produção industrial - var. trimestral anualiz.";"Oculta";"Internet";15;0;0;NA;NA;"ECONMI12";"Oculta";"Macro"
"1088";"ECONMI12_UKPIG12";NA;NA;"Ativa";"Economist";"Economia internacional";"produção industrial - var. em 12 meses";"Produção industrial - var. em 12 meses";"Não oculta";"Internet";60;0;0;NA;NA;"ECONMI12";"Internet";"Macro"
"1089";"ECONMI12_UKPCG312";NA;NA;"Inativa";"Economist";"Economia internacional";"preços ao consumidor - var. trimestral anualiz.";"preços ao consumidor - var. trimestral anualiz.";"Oculta";"Internet";15;0;0;NA;NA;"ECONMI12";"Oculta";"Macro"
"1090";"ECONMI12_UKPCG12";NA;NA;"Ativa";"Economist";"Economia internacional";"preços ao consumidor - var. em 12 meses";"Preços ao consumidor - var. em 12 meses";"Não oculta";"Internet";60;0;0;NA;NA;"ECONMI12";"Internet";"Macro"
"1091";"ECONMI12_UKPPG312";NA;NA;"Inativa";"Economist";"Economia internacional";"preços ao produtor - var. trimestral anualiz.";"preços ao produtor - var. trimestral anualiz.";"Oculta";"Internet";15;0;0;NA;NA;"ECONMI12";"Oculta";"Macro"
"1092";"ECONMI12_UKPPG12";1;1628;"Inativa";"Economist";"Economia internacional";"preços ao produtor - var. em 12 meses";"Preços ao produtor - var. em 12 meses";"Não oculta";"Internet";60;0;0;NA;NA;"ECONMI12";"Internet";"Macro"
"1093";"ECONMI12_UKWG312";NA;NA;"Inativa";"Economist";"Economia internacional";"salário - var. trimestral anualiz.";"salário - var. trimestral anualiz.";"Oculta";"Internet";15;0;0;NA;NA;"ECONMI12";"Oculta";"Macro"
"1094";"ECONMI12_UKWG12";3;1356;"Inativa";"Economist";"Economia internacional";"salário - var. em 12 meses";"Salário - var. em 12 meses";"Não oculta";"Internet";60;0;0;NA;NA;"ECONMI12";"Internet";"Macro"
"1095";"ECONMI12_UKU12";11;856;"Ativa";"Economist";"Economia internacional";"taxa de desemprego - força de trabalho";"taxa de desemprego - força de trabalho";"Não oculta";"Internet";90;0;0;NA;NA;"ECONMI12";"Internet";"Macro"
"1096";"ECONMI12_USPIG312";NA;NA;"Inativa";"Economist";"Economia internacional";"produção industrial - var. trimestral anualiz.";"produção industrial - var. trimestral anualiz.";"Oculta";"Internet";15;0;0;NA;NA;"ECONMI12";"Oculta";"Macro"
"1097";"ECONMI12_USPIG12";31;407;"Ativa";"Economist";"Economia internacional";"produção industrial - var. em 12 meses";"Produção industrial - var. em 12 meses";"Não oculta";"Internet";60;0;0;NA;NA;"ECONMI12";"Internet";"Macro"
"1098";"ECONMI4_ALPIBG34";NA;NA;"Ativa";"Economist";"Economia internacional";"PIB - var. real trimestral anualiz.";"Produto interno bruto (PIB): variação real trimestral anualizada";"Não oculta";"Internet";90;0;0;NA;NA;"ECONMI4";"Internet";"Macro"
"1099";"ECONMI4_ALPIBG4";21;103;"Ativa";"Economist";"Economia internacional";"PIB - var. real contra igual trimestre do ano anterior";"Produto interno bruto (PIB): variação real contra igual trimestre do ano anterior";"Não oculta";"Internet";90;0;0;NA;NA;"ECONMI4";"Internet";"Macro"
"1100";"ECONMI4_CACCY4";NA;NA;"Inativa";"Economist";"Economia internacional";"balanço - conta corrente - saldo (acum. 12 meses)";"balanço - conta corrente - saldo (acum. 12 meses)";"Não oculta";"Internet";90;0;0;NA;NA;"ECONMI4";"Internet";"Macro"
"1101";"ECONMI4_CAPIBG34";2;436;"Ativa";"Economist";"Economia internacional";"PIB - var. real trimestral anualiz.";"Produto interno bruto (PIB): variação real trimestral anualizada";"Não oculta";"Internet";90;0;0;NA;NA;"ECONMI4";"Internet";"Macro"
"1102";"ECONMI4_CAPIBG4";6;291;"Ativa";"Economist";"Economia internacional";"PIB - var. real contra igual trimestre do ano anterior";"Produto interno bruto (PIB): variação real contra igual trimestre do ano anterior";"Não oculta";"Internet";90;0;0;NA;NA;"ECONMI4";"Internet";"Macro"
"1103";"ECONMI4_FRCCY4";NA;NA;"Inativa";"Economist";"Economia internacional";"balanço - conta corrente - saldo (acum. 12 meses)";"balanço - conta corrente - saldo (acum. 12 meses)";"Oculta";"Internet";30;0;0;NA;NA;"ECONMI4";"Oculta";"Macro"
"1104";"ECONMI4_FRPIBG34";4;347;"Ativa";"Economist";"Economia internacional";"PIB - var. real trimestral anualiz.";"Produto interno bruto (PIB): variação real trimestral anualizada";"Não oculta";"Internet";90;0;0;NA;NA;"ECONMI4";"Internet";"Macro"
"1105";"ECONMI4_FRPIBG4";9;217;"Ativa";"Economist";"Economia internacional";"PIB - var. real contra igual trimestre do ano anterior";"Produto interno bruto (PIB): variação real contra igual trimestre do ano anterior";"Não oculta";"Internet";90;0;0;NA;NA;"ECONMI4";"Internet";"Macro"
"1106";"ECONMI4_FRPPG34";NA;NA;"Inativa";"Economist";"Economia internacional";"preços ao produtor - var. trimestral anualiz.";"preços ao produtor - var. trimestral anualiz.";"Oculta";"Internet";30;0;0;NA;NA;"ECONMI4";"Oculta";"Macro"
"1107";"ECONMI4_FRPPG4";NA;NA;"Inativa";"Economist";"Economia internacional";"preços ao produtor - var. contra igual trimestre do ano anterior";"Preços ao produtor - var. contra igual trimestre do ano anterior";"Oculta";"Internet";30;0;0;NA;NA;"ECONMI4";"Oculta";"Macro"
"1108";"ECONMI4_FRWG34";NA;NA;"Inativa";"Economist";"Economia internacional";"salário - var. trimestral anualiz.";"salário - var. trimestral anualiz.";"Oculta";"Internet";30;0;0;NA;NA;"ECONMI4";"Oculta";"Macro"
"1109";"ECONMI4_FRWG4";NA;NA;"Inativa";"Economist";"Economia internacional";"salário - var. contra igual trimestre do ano anterior";"Salário - var. contra igual trimestre do ano anterior";"Oculta";"Internet";90;0;0;NA;NA;"ECONMI4";"Oculta";"Macro"
"1110";"ECONMI4_ITPIBG34";NA;NA;"Ativa";"Economist";"Economia internacional";"PIB - var. real trimestral anualiz.";"Produto interno bruto (PIB): variação real trimestral anualizada";"Não oculta";"Internet";90;0;0;NA;NA;"ECONMI4";"Internet";"Macro"
"1111";"ECONMI4_ITPIBG4";4;347;"Ativa";"Economist";"Economia internacional";"PIB - var. real contra igual trimestre do ano anterior";"Produto interno bruto (PIB): variação real contra igual trimestre do ano anterior";"Não oculta";"Internet";90;0;0;NA;NA;"ECONMI4";"Internet";"Macro"
"1112";"ECONMI4_JPPIBG34";4;347;"Ativa";"Economist";"Economia internacional";"PIB - var. real trimestral anualiz.";"Produto interno bruto (PIB): variação real trimestral anualizada";"Não oculta";"Internet";90;0;0;NA;NA;"ECONMI4";"Internet";"Macro"
"1113";"ECONMI4_JPPIBG4";19;109;"Ativa";"Economist";"Economia internacional";"PIB - var. real contra igual trimestre do ano anterior";"Produto interno bruto (PIB): variação real contra igual trimestre do ano anterior";"Não oculta";"Internet";90;0;0;NA;NA;"ECONMI4";"Internet";"Macro"
"1114";"ECONMI4_UKCCY4";NA;NA;"Inativa";"Economist";"Economia internacional";"balanço - conta corrente - saldo (acum. 12 meses)";"balanço - conta corrente - saldo (acum. 12 meses)";"Não oculta";"Internet";90;0;0;NA;NA;"ECONMI4";"Internet";"Macro"
"1115";"ECONMI4_UKPIBG34";NA;NA;"Ativa";"Economist";"Economia internacional";"PIB - var. real trimestral anualiz.";"Produto interno bruto (PIB): variação real trimestral anualizada";"Não oculta";"Internet";90;0;0;NA;NA;"ECONMI4";"Internet";"Macro"
"1116";"ECONMI4_UKPIBG4";4;347;"Ativa";"Economist";"Economia internacional";"PIB - var. real contra igual trimestre do ano anterior";"Produto interno bruto (PIB): variação real contra igual trimestre do ano anterior";"Não oculta";"Internet";90;0;0;NA;NA;"ECONMI4";"Internet";"Macro"
"1117";"ECONMI4_USCCY4";NA;NA;"Inativa";"Economist";"Economia internacional";"balanço - conta corrente - saldo (acum. 12 meses)";"balanço - conta corrente - saldo (acum. 12 meses)";"Não oculta";"Internet";90;0;0;NA;NA;"ECONMI4";"Internet";"Macro"
"1118";"ECONMI4_USPIBG34";30;78;"Ativa";"Economist";"Economia internacional";"PIB - var. real trimestral anualiz.";"Produto interno bruto (PIB): variação real trimestral anualizada";"Não oculta";"Internet";90;0;0;NA;NA;"ECONMI4";"Internet";"Macro"
"1119";"ECONMI4_USPIBG4";53;39;"Ativa";"Economist";"Economia internacional";"PIB - var. real contra igual trimestre do ano anterior";"Produto interno bruto (PIB): variação real contra igual trimestre do ano anterior";"Não oculta";"Internet";90;0;0;NA;NA;"ECONMI4";"Internet";"Macro"
"1120";"ELETRO_CEECOM";29;401;"Ativa";"Eletrobras";"Consumo e vendas";"Consumo - energia elétrica - comércio - qde.";"Consumo de energia elétrica no setor comércio: quantidade";"Não oculta";"Internet";360;0;0;NA;"Gerada";"ELETRO";"Internet";"Macro"
"1121";"ELETRO_CEEIND";40;293;"Ativa";"Eletrobras";"Consumo e vendas";"Consumo - energia elétrica - indústria - qde.";"Consumo de energia elétrica no setor indústria: quantidade";"Não oculta";"Internet";360;0;0;NA;"Gerada";"ELETRO";"Internet";"Macro"
"1122";"ELETRO_CEEOUT";15;639;"Ativa";"Eletrobras";"Consumo e vendas";"Consumo - energia elétrica - outros setores - qde.";"Consumo de energia elétrica nos outros setores: quantidade";"Não oculta";"Internet";360;0;0;NA;NA;"ELETRO";"Internet";"Macro"
"1123";"ELETRO_CEERES";50;241;"Ativa";"Eletrobras";"Consumo e vendas";"Consumo - energia elétrica - residência - qde.";"Consumo de energia elétrica no setor residência: quantidade";"Não oculta";"Internet";360;0;0;NA;"Gerada";"ELETRO";"Internet";"Macro"
"1124";"ELETRO_CEET";67;173;"Ativa";"Eletrobras";"Consumo e vendas";"Consumo - energia elétrica - qde.";"Consumo de energia elétrica: quantidade";"Não oculta";"Internet";360;0;0;NA;NA;"ELETRO";"Internet";"Macro"
"1125";"ELET12_ASP12";6;1117;"Inativa";"Eletros";"Consumo e vendas";"Vendas industriais - aspiradores de pó - qde.";"Vendas industriais de aspiradores de pó: quantidade";"Não oculta";"Internet";0;0;0;NA;NA;"ELET12";"Internet";"Macro"
"1126";"ELET12_BAT12";2;1480;"Inativa";"Eletros";"Consumo e vendas";"Vendas industriais - batedeiras - qde.";"Vendas industriais de batedeiras de bolo: quantidade";"Não oculta";"Internet";0;0;0;NA;NA;"ELET12";"Internet";"Macro"
"1127";"ELET12_CAF12";9;946;"Inativa";"Eletros";"Consumo e vendas";"Vendas industriais - cafeteiras - qde.";"Vendas industriais de cafeteiras com filtro: quantidade";"Não oculta";"Internet";0;0;0;NA;NA;"ELET12";"Internet";"Macro"
"1128";"ELET12_CAM12";2;1480;"Inativa";"Eletros";"Consumo e vendas";"Vendas industriais - camcorders - qde.";"Vendas industriais de camcorders (filmadoras): quantidade";"Não oculta";"Internet";0;0;0;NA;NA;"ELET12";"Internet";"Macro"
"1129";"ELET12_CD12";4;1262;"Inativa";"Eletros";"Consumo e vendas";"Vendas industriais - CD players - qde.";"Vendas industriais de compact disk players (CD players): quantidade";"Não oculta";"Internet";0;0;0;NA;NA;"ELET12";"Internet";"Macro"
"1130";"ELET12_COND12";5;1176;"Inativa";"Eletros";"Consumo e vendas";"Vendas industriais - condicionadores de ar - qde.";"Vendas industriais de condicionadores de ar: quantidade";"Não oculta";"Internet";0;0;0;NA;NA;"ELET12";"Internet";"Macro"
"1131";"ELET12_CONSERV12";8;996;"Inativa";"Eletros";"Consumo e vendas";"Vendas industriais - congeladores e conservadores horizontais - qde.";"Vendas industriais de congeladores e conservadores horizontais: quantidade";"Não oculta";"Internet";0;0;0;NA;NA;"ELET12";"Internet";"Macro"
"1132";"ELET12_ESPR12";2;1480;"Inativa";"Eletros";"Consumo e vendas";"Vendas industriais - espremedores de frutas - qde.";"Vendas industriais de espremedores de frutas: quantidade";"Não oculta";"Internet";0;0;0;NA;NA;"ELET12";"Internet";"Macro"
"1133";"ELET12_FERRO12";8;996;"Inativa";"Eletros";"Consumo e vendas";"Vendas industriais - ferros automáticos - qde.";"Vendas industriais de ferros automáticos de passar roupa: quantidade";"Não oculta";"Internet";0;0;0;NA;NA;"ELET12";"Internet";"Macro"
"1134";"ELET12_FMICRO12";9;946;"Inativa";"Eletros";"Consumo e vendas";"Vendas industriais - fornos de microondas - qde.";"Vendas industriais de fornos de microondas: quantidade";"Não oculta";"Internet";0;0;0;NA;NA;"ELET12";"Internet";"Macro"
"1135";"ELET12_FOG12";10;894;"Inativa";"Eletros";"Consumo e vendas";"Vendas industriais - fogões - qde.";"Vendas industriais de fogões: quantidade";"Não oculta";"Internet";0;0;0;NA;NA;"ELET12";"Internet";"Macro"
"1136";"ELET12_FREEZ12";5;1176;"Inativa";"Eletros";"Consumo e vendas";"Vendas industriais - freezers verticais - qde.";"Vendas industriais de freezers verticais: quantidade";"Não oculta";"Internet";0;0;0;NA;NA;"ELET12";"Internet";"Macro"
"1137";"ELET12_LAV12";3;1356;"Inativa";"Eletros";"Consumo e vendas";"Vendas industriais - lavadoras automáticas - qde.";"Vendas industriais de lavadoras (lava-roupas) automáticas: quantidade";"Não oculta";"Internet";0;0;0;NA;NA;"ELET12";"Internet";"Macro"
"1138";"ELET12_LIQUI12";20;593;"Inativa";"Eletros";"Consumo e vendas";"Vendas industriais - liquidificadores - qde.";"Vendas industriais de liquidificadores: quantidade";"Não oculta";"Internet";0;0;0;NA;NA;"ELET12";"Internet";"Macro"
"1139";"ELET12_PROC12";6;1117;"Inativa";"Eletros";"Consumo e vendas";"Vendas industriais - processadores de alimentos - qde.";"Vendas industriais de processadores de alimentos: quantidade";"Não oculta";"Internet";0;0;0;NA;NA;"ELET12";"Internet";"Macro"
"1140";"ELET12_RADIO12";2;1480;"Inativa";"Eletros";"Consumo e vendas";"Vendas industriais - rádios-gravadores - qde.";"Vendas industriais de rádios-gravadores: quantidade";"Não oculta";"Internet";0;0;0;NA;NA;"ELET12";"Internet";"Macro"
"1141";"ELET12_REFRI12";13;769;"Inativa";"Eletros";"Consumo e vendas";"Vendas industriais - refrigeradores - qde.";"Vendas industriais de refrigeradores (geladeiras): quantidade";"Não oculta";"Internet";0;0;0;NA;NA;"ELET12";"Internet";"Macro"
"1142";"ELET12_SEC12";2;1480;"Inativa";"Eletros";"Consumo e vendas";"Vendas industriais - secadores e modeladores - qde.";"Vendas industriais de secadores e modeladores de cabelos: quantidade";"Não oculta";"Internet";0;0;0;NA;NA;"ELET12";"Internet";"Macro"
"1143";"ELET12_SOM12";7;1050;"Inativa";"Eletros";"Consumo e vendas";"Vendas industriais - sistemas de som - qde.";"Vendas industriais de sistemas de som: quantidade";"Não oculta";"Internet";0;0;0;NA;NA;"ELET12";"Internet";"Macro"
"1144";"ELET12_TOST12";3;1356;"Inativa";"Eletros";"Consumo e vendas";"Vendas industriais - tostadores - qde.";"Vendas industriais de tostadores (torradeiras): quantidade";"Não oculta";"Internet";0;0;0;NA;NA;"ELET12";"Internet";"Macro"
"1145";"ELET12_TV12";15;714;"Inativa";"Eletros";"Consumo e vendas";"Vendas industriais - televisores em cores - qde.";"Vendas industriais de televisores em cores: quantidade";"Não oculta";"Internet";0;0;0;NA;NA;"ELET12";"Internet";"Macro"
"1146";"ELET12_VENT12";10;894;"Inativa";"Eletros";"Consumo e vendas";"Vendas industriais - ventiladores - qde.";"Vendas industriais de ventiladores: quantidade";"Não oculta";"Internet";0;0;0;NA;NA;"ELET12";"Internet";"Macro"
"1147";"ELET12_VIDEO12";8;996;"Inativa";"Eletros";"Consumo e vendas";"Vendas industriais - videocassetes - qde.";"Vendas industriais de videocassetes: quantidade";"Não oculta";"Internet";0;0;0;NA;NA;"ELET12";"Internet";"Macro"
"1148";"FCESP12_AUTCONS12";14;737;"Inativa";"Fecomercio SP";"Consumo e vendas";"Comércio - automotivo e construção - faturamento - índice (média 1998 = 100) - RMSP";"Comércio - automotivo e construção - faturamento - índice (média 1998 = 100) - RMSP";"Não oculta";"Internet";0;0;0;NA;NA;"FCESP12";"Internet";"Macro"
"1149";"FCESP12_AUTOPE12";3;1356;"Inativa";"Fecomercio SP";"Consumo e vendas";"Comércio - autopeças - faturamento - índice (média 1998 = 100) - RMSP";"Comércio - autopeças - faturamento - índice (média 1998 = 100) - RMSP";"Não oculta";"Internet";0;0;0;NA;NA;"FCESP12";"Internet";"Macro"
"1150";"FCESP12_CALCAD12";11;856;"Inativa";"Fecomercio SP";"Consumo e vendas";"Comércio - calçados - faturamento - índice (média 1998 = 100) - RMSP";"Comércio - calçados - faturamento - índice (média 1998 = 100) - RMSP";"Não oculta";"Internet";0;0;0;NA;NA;"FCESP12";"Internet";"Macro"
"1151";"FCESP12_CINE12";8;996;"Inativa";"Fecomercio SP";"Consumo e vendas";"Comércio - cine, foto, som e ótica - faturamento - índice (média 1998 = 100) - RMSP";"Comércio - cine, foto, som e ótica - faturamento - índice (média 1998 = 100) - RMSP";"Não oculta";"Internet";0;0;0;NA;NA;"FCESP12";"Internet";"Macro"
"1152";"FCESP12_COMGER12";11;856;"Inativa";"Fecomercio SP";"Consumo e vendas";"Comércio - faturamento - índice (média 1998 = 100) - RMSP";"Comércio - faturamento - índice (média 1998 = 100) - RMSP";"Não oculta";"Internet";0;0;0;NA;NA;"FCESP12";"Internet";"Macro"
"1153";"FCESP12_COMSAU12";2;1480;"Inativa";"Fecomercio SP";"Consumo e vendas";"Comércio - exceto concessionárias - faturamento - índice (média 1998 = 100) - RMSP";"Comércio - exceto concessionárias - faturamento - índice (média 1998 = 100) - RMSP";"Não oculta";"Internet";0;0;0;NA;NA;"FCESP12";"Internet";"Macro"
"1154";"FCESP12_CONCES12";6;1117;"Inativa";"Fecomercio SP";"Consumo e vendas";"Comércio - concessionárias de veículos - faturamento - índice (média 1998 = 100) - RMSP";"Comércio - concessionárias de veículos - faturamento - índice (média 1998 = 100) - RMSP";"Não oculta";"Internet";0;0;0;NA;NA;"FCESP12";"Internet";"Macro"
"1155";"FCESP12_CONST12";9;946;"Inativa";"Fecomercio SP";"Consumo e vendas";"Comércio - materiais de construção - faturamento - índice (média 1998 = 100) - RMSP";"Comércio - materiais de construção - faturamento - índice (média 1998 = 100) - RMSP";"Não oculta";"Internet";0;0;0;NA;NA;"FCESP12";"Internet";"Macro"
"1156";"FCESP12_DURAV12";10;894;"Inativa";"Fecomercio SP";"Consumo e vendas";"Comércio - bens duráveis - faturamento - índice (média 1998 = 100) - RMSP";"Comércio - bens duráveis - faturamento - índice (média 1998 = 100) - RMSP";"Não oculta";"Internet";0;0;0;NA;NA;"FCESP12";"Internet";"Macro"
"1157";"FCESP12_FARM12";9;946;"Inativa";"Fecomercio SP";"Consumo e vendas";"Comércio - farmácias e perfumarias - faturamento - índice (média 1998 = 100) - RMSP";"Comércio - farmácias e perfumarias - faturamento - índice (média 1998 = 100) - RMSP";"Não oculta";"Internet";0;0;0;NA;NA;"FCESP12";"Internet";"Macro"
"1158";"FCESP12_LOJDEP12";9;946;"Inativa";"Fecomercio SP";"Consumo e vendas";"Comércio - lojas de departamento - faturamento - índice (média 1998 = 100) - RMSP";"Comércio - lojas de departamento - faturamento - índice (média 1998 = 100) - RMSP";"Não oculta";"Internet";0;0;0;NA;NA;"FCESP12";"Internet";"Macro"
"1159";"FCESP12_MOVEIS12";3;1356;"Inativa";"Fecomercio SP";"Consumo e vendas";"Comércio - móveis e decorações - faturamento - índice (média 1998 = 100) - RMSP";"Comércio - móveis e decorações - faturamento - índice (média 1998 = 100) - RMSP";"Não oculta";"Internet";0;0;0;NA;NA;"FCESP12";"Internet";"Macro"
"1160";"FCESP12_NAODUR12";10;894;"Inativa";"Fecomercio SP";"Consumo e vendas";"Comércio - bens não duráveis - faturamento - índice (média 1998 = 100) - RMSP";"Comércio - bens não duráveis - faturamento - índice (média 1998 = 100) - RMSP";"Não oculta";"Internet";0;0;0;NA;NA;"FCESP12";"Internet";"Macro"
"1161";"FCESP12_SEMIDU12";2;1480;"Inativa";"Fecomercio SP";"Consumo e vendas";"Comércio - bens semi-duráveis - faturamento - índice (média 1998 = 100) - RMSP";"Comércio - bens semi-duráveis - faturamento - índice (média 1998 = 100) - RMSP";"Não oculta";"Internet";0;0;0;NA;NA;"FCESP12";"Internet";"Macro"
"1162";"FCESP12_SUPERM12";22;542;"Inativa";"Fecomercio SP";"Consumo e vendas";"Comércio - supermercados - faturamento - índice (média 1998 = 100) - RMSP";"Comércio - supermercados - faturamento - índice (média 1998 = 100) - RMSP";"Não oculta";"Internet";0;0;0;NA;NA;"FCESP12";"Internet";"Macro"
"1163";"FCESP12_TECIDO12";10;894;"Inativa";"Fecomercio SP";"Consumo e vendas";"Comércio - tecidos - faturamento - índice (média 1998 = 100) - RMSP";"Comércio - tecidos - faturamento - índice (média 1998 = 100) - RMSP";"Não oculta";"Internet";0;0;0;NA;NA;"FCESP12";"Internet";"Macro"
"1164";"FCESP12_UTIDOM12";3;1356;"Inativa";"Fecomercio SP";"Consumo e vendas";"Comércio - lojas de utilidades domésticas - faturamento - índice (média 1998 = 100) - RMSP";"Comércio - lojas de utilidades domésticas - faturamento - índice (média 1998 = 100) - RMSP";"Não oculta";"Internet";0;0;0;NA;NA;"FCESP12";"Internet";"Macro"
"1165";"FCESP12_VAREJO12";58;217;"Inativa";"Fecomercio SP";"Consumo e vendas";"Comércio - bens de consumo - faturamento - índice (média 1998 = 100) - RMSP";"Comércio - bens de consumo - faturamento - índice (média 1998 = 100) - RMSP";"Não oculta";"Internet";0;0;0;NA;NA;"FCESP12";"Internet";"Macro"
"1166";"FCESP12_VESTUA12";23;526;"Inativa";"Fecomercio SP";"Consumo e vendas";"Comércio - vestuário - faturamento - índice (média 1998 = 100) - RMSP";"Comércio - vestuário - faturamento - índice (média 1998 = 100) - RMSP";"Não oculta";"Internet";0;0;0;NA;NA;"FCESP12";"Internet";"Macro"
"1167";"AGROAN12_PRAL12";60;209;"Inativa";"FGV/Conj. Econ.";"Preços";"Preço médio - recebido pelo produtor - algodão (em caroço) - kg";"Preço recebido pelo produtor de algodão em caroço (kg)";"Oculta";"Internet";210;0;0;"Revisado em 15/mai/2002.";NA;"AGROAN12";"Oculta";"Macro"
"1168";"AGROAN12_PRAM12";7;1050;"Inativa";"FGV/Conj. Econ.";"Preços";"Preço médio - recebido pelo produtor - amendoim (em casca) - kg";"Preço recebido pelo produtor de amendoim em casca (kg)";"Oculta";"Internet";210;0;0;"Revisado em 15/mai/2002.";NA;"AGROAN12";"Oculta";"Macro"
"1169";"AGROAN12_PRARR12";52;246;"Inativa";"FGV/Conj. Econ.";"Preços";"Preço médio - recebido pelo produtor - arroz (em casca) - kg";"Preço recebido pelo produtor de arroz em casca (kg)";"Oculta";"Internet";210;0;0;"Revisado em 15/mai/2002.";NA;"AGROAN12";"Oculta";"Macro"
"1170";"AGROAN12_PRBA12";8;996;"Inativa";"FGV/Conj. Econ.";"Preços";"Preço médio - recebido pelo produtor - banana - kg";"Preço recebido pelo produtor de banana (kg)";"Oculta";"Internet";210;0;0;"Revisado em 15/mai/2002.";NA;"AGROAN12";"Oculta";"Macro"
"1171";"AGROAN12_PRBAT12";12;812;"Inativa";"FGV/Conj. Econ.";"Preços";"Preço médio - recebido pelo produtor - batata inglesa - kg";"Preço recebido pelo produtor de batata inglesa (kg)";"Oculta";"Internet";210;0;0;"Revisado em 15/mai/2002.";NA;"AGROAN12";"Oculta";"Macro"
"1172";"AGROAN12_PRBEZ12";10;894;"Inativa";"FGV/Conj. Econ.";"Preços";"Preço médio - recebido pelo produtor - bezerro até 1 ano - cabeça";"Preço recebido pelo produtor de bezerro até 1 ano (cabeça)";"Oculta";"Internet";210;0;0;"Revisado em 15/mai/2002.";NA;"AGROAN12";"Oculta";"Macro"
"1173";"AGROAN12_PRBOIG12";63;197;"Inativa";"FGV/Conj. Econ.";"Preços";"Preço médio - recebido pelo produtor - boi gordo (em corte) - 15 kg";"Preço recebido pelo produtor de boi gordo em corte (15 kg)";"Oculta";"Internet";210;0;0;"Revisado em 15/mai/2002.";NA;"AGROAN12";"Oculta";"Macro"
"1174";"AGROAN12_PRBOIM12";12;812;"Inativa";"FGV/Conj. Econ.";"Preços";"Preço médio - recebido pelo produtor - boi magro - cabeça";"Preço recebido pelo produtor de boi magro (cabeça)";"Oculta";"Internet";210;0;0;"Revisado em 15/mai/2002.";NA;"AGROAN12";"Oculta";"Macro"
"1175";"AGROAN12_PRBUR12";2;1480;"Inativa";"FGV/Conj. Econ.";"Preços";"Preço médio - recebido pelo produtor - burro domado novo - cabeça";"Preço recebido pelo produtor de burro domado novo (cabeça)";"Oculta";"Internet";210;0;0;"Revisado em 15/mai/2002.";NA;"AGROAN12";"Oculta";"Macro"
"1176";"AGROAN12_PRCA12";5;1176;"Inativa";"FGV/Conj. Econ.";"Preços";"Preço médio - recebido pelo produtor - cacau - 15 kg";"Preço recebido pelo produtor de cacau (15 kg)";"Oculta";"Internet";210;0;0;"Revisado em 15/mai/2002.";NA;"AGROAN12";"Oculta";"Macro"
"1177";"AGROAN12_PRCC12";3;1356;"Inativa";"FGV/Conj. Econ.";"Preços";"Preço médio - recebido pelo produtor - coco - unidade";"Preço recebido pelo produtor de coco (unidade)";"Oculta";"Internet";210;0;0;"Revisado em 15/mai/2002.";NA;"AGROAN12";"Oculta";"Macro"
"1178";"AGROAN12_PRCE12";8;996;"Inativa";"FGV/Conj. Econ.";"Preços";"Preço médio - recebido pelo produtor - cebola - kg";"Preço recebido pelo produtor de cebola (kg)";"Oculta";"Internet";210;0;0;"Revisado em 15/mai/2002.";NA;"AGROAN12";"Oculta";"Macro"
"1179";"AGROAN12_PRCF12";46;289;"Inativa";"FGV/Conj. Econ.";"Preços";"Preço médio - recebido pelo produtor - café (em coco) - kg";"Preço recebido pelo produtor de café em coco (kg)";"Não oculta";"Internet";210;0;0;"Revisado em 15/mai/2002.";NA;"AGROAN12";"Internet";"Macro"
"1180";"AGROAN12_PRCJ12";6;1117;"Inativa";"FGV/Conj. Econ.";"Preços";"Preço médio - recebido pelo produtor - caju - kg";"Preço recebido pelo produtor de caju (kg)";"Oculta";"Internet";210;0;0;"Revisado em 15/mai/2002.";NA;"AGROAN12";"Oculta";"Macro"
"1181";"AGROAN12_PRCN12";100;111;"Inativa";"FGV/Conj. Econ.";"Preços";"Preço médio - recebido pelo produtor - cana-de-açúcar - tonelada";"Preço recebido pelo produtor de cana-de-açúcar (tonelada)";"Oculta";"Internet";210;0;0;"Revisado em 15/mai/2002.";NA;"AGROAN12";"Oculta";"Macro"
"1182";"AGROAN12_PRFE12";20;593;"Inativa";"FGV/Conj. Econ.";"Preços";"Preço médio - recebido pelo produtor - feijão - kg";"Preço recebido pelo produtor de feijão (kg)";"Oculta";"Internet";210;0;0;"Revisado em 15/mai/2002.";NA;"AGROAN12";"Oculta";"Macro"
"1183";"AGROAN12_PRFRA12";27;457;"Inativa";"FGV/Conj. Econ.";"Preços";"Preço médio - recebido pelo produtor - frango (em corte) - kg";"Preço recebido pelo produtor de frango em corte (kg)";"Oculta";"Internet";210;0;0;"Revisado em 15/mai/2002.";NA;"AGROAN12";"Oculta";"Macro"
"1184";"AGROAN12_PRFU12";5;1176;"Inativa";"FGV/Conj. Econ.";"Preços";"Preço médio - recebido pelo produtor - fumo (em folha) - kg";"Preço recebido pelo produtor de fumo em folha (kg)";"Oculta";"Internet";210;0;0;"Revisado em 15/mai/2002.";NA;"AGROAN12";"Oculta";"Macro"
"1185";"AGROAN12_PRJU12";1;1628;"Inativa";"FGV/Conj. Econ.";"Preços";"Preço médio - recebido pelo produtor - juta - kg";"Preço recebido pelo produtor de juta (kg)";"Oculta";"Internet";210;0;0;"Revisado em 15/mai/2002.";NA;"AGROAN12";"Oculta";"Macro"
"1186";"AGROAN12_PRLA12";1;1628;"Inativa";"FGV/Conj. Econ.";"Preços";"Preço médio - recebido pelo produtor - lã - 15 kg";"Preço recebido pelo produtor de lã (15 kg)";"Oculta";"Internet";210;0;0;"Revisado em 15/mai/2002.";NA;"AGROAN12";"Oculta";"Macro"
"1187";"AGROAN12_PRLAR12";40;330;"Inativa";"FGV/Conj. Econ.";"Preços";"Preço médio - recebido pelo produtor - laranja - cento";"Preço recebido pelo produtor de laranja (cento)";"Oculta";"Internet";210;0;0;"Revisado em 15/mai/2002.";NA;"AGROAN12";"Oculta";"Macro"
"1188";"AGROAN12_PRLEI12";26;472;"Inativa";"FGV/Conj. Econ.";"Preços";"Preço médio - recebido pelo produtor - leite - litro";"Preço recebido pelo produtor de leite (litro)";"Oculta";"Internet";210;0;0;"Revisado em 15/mai/2002.";NA;"AGROAN12";"Oculta";"Macro"
"1189";"AGROAN12_PRMA12";4;1262;"Inativa";"FGV/Conj. Econ.";"Preços";"Preço médio - recebido pelo produtor - mandioca - tonelada";"Preço recebido pelo produtor de mandioca (tonelada)";"Oculta";"Internet";210;0;0;"Revisado em 15/mai/2002.";NA;"AGROAN12";"Oculta";"Macro"
"1190";"AGROAN12_PRMEL12";3;1356;"Inativa";"FGV/Conj. Econ.";"Preços";"Preço médio - recebido pelo produtor - mel de abelha - litro";"Preço recebido pelo produtor de mel de abelha (litro)";"Oculta";"Internet";210;0;0;"Revisado em 15/mai/2002.";NA;"AGROAN12";"Oculta";"Macro"
"1191";"AGROAN12_PRMI12";41;319;"Inativa";"FGV/Conj. Econ.";"Preços";"Preço médio - recebido pelo produtor - milho - kg";"Preço recebido pelo produtor de milho (kg)";"Oculta";"Internet";210;0;0;"Revisado em 15/mai/2002.";NA;"AGROAN12";"Oculta";"Macro"
"1192";"AGROAN12_PRML12";2;1480;"Inativa";"FGV/Conj. Econ.";"Preços";"Preço médio - recebido pelo produtor - malva - kg";"Preço recebido pelo produtor de malva (kg)";"Oculta";"Internet";210;0;0;"Revisado em 15/mai/2002.";NA;"AGROAN12";"Oculta";"Macro"
"1193";"AGROAN12_PRMM12";10;894;"Inativa";"FGV/Conj. Econ.";"Preços";"Preço médio - recebido pelo produtor - mamona - kg";"Preço recebido pelo produtor de mamona (kg)";"Não oculta";"Internet";210;0;0;"Revisado em 15/mai/2002.";NA;"AGROAN12";"Internet";"Macro"
"1194";"AGROAN12_PROVO12";7;1050;"Inativa";"FGV/Conj. Econ.";"Preços";"Preço médio - recebido pelo produtor - ovo - dúzia";"Preço recebido pelo produtor de ovo (dúzia)";"Oculta";"Internet";210;0;0;"Revisado em 15/mai/2002.";NA;"AGROAN12";"Oculta";"Macro"
"1195";"AGROAN12_PRPI12";13;769;"Inativa";"FGV/Conj. Econ.";"Preços";"Preço médio - recebido pelo produtor - pimenta do reino - kg";"Preço recebido pelo produtor de pimenta do reino (kg)";"Oculta";"Internet";210;0;0;"Revisado em 15/mai/2002.";NA;"AGROAN12";"Oculta";"Macro"
"1196";"AGROAN12_PRSI12";4;1262;"Inativa";"FGV/Conj. Econ.";"Preços";"Preço médio - recebido pelo produtor - sisal - kg";"Preço recebido pelo produtor de sisal (kg)";"Oculta";"Internet";210;0;0;"Revisado em 15/mai/2002.";NA;"AGROAN12";"Oculta";"Macro"
"1197";"AGROAN12_PRSO12";112;100;"Inativa";"FGV/Conj. Econ.";"Preços";"Preço médio - recebido pelo produtor - soja - kg";"Preço recebido pelo produtor de soja (kg)";"Oculta";"Internet";210;0;0;"Revisado em 15/mai/2002.";NA;"AGROAN12";"Oculta";"Macro"
"1198";"AGROAN12_PRSUI12";22;542;"Inativa";"FGV/Conj. Econ.";"Preços";"Preço médio - recebido pelo produtor - suínos (em corte) - 15 kg";"Preço recebido pelo produtor de suínos em corte (15 kg)";"Oculta";"Internet";210;0;0;"Revisado em 15/mai/2002.";NA;"AGROAN12";"Oculta";"Macro"
"1199";"AGROAN12_PRTO12";5;1176;"Inativa";"FGV/Conj. Econ.";"Preços";"Preço médio - recebido pelo produtor - tomate - kg";"Preço recebido pelo produtor de tomate (kg)";"Oculta";"Internet";210;0;0;"Revisado em 15/mai/2002.";NA;"AGROAN12";"Oculta";"Macro"
"1200";"AGROAN12_PRTR12";28;441;"Inativa";"FGV/Conj. Econ.";"Preços";"Preço médio - recebido pelo produtor - trigo - kg";"Preço recebido pelo produtor de trigo (kg)";"Oculta";"Internet";210;0;0;"Revisado em 15/mai/2002.";NA;"AGROAN12";"Oculta";"Macro"
"1201";"AGROAN12_PRUVA12";3;1356;"Inativa";"FGV/Conj. Econ.";"Preços";"Preço médio - recebido pelo produtor - uva - kg";"Preço recebido pelo produtor de uva (kg)";"Oculta";"Internet";210;0;0;"Revisado em 15/mai/2002.";NA;"AGROAN12";"Oculta";"Macro"
"1202";"AGROAN12_PRVAC12";5;1176;"Inativa";"FGV/Conj. Econ.";"Preços";"Preço médio - recebido pelo produtor - vaca leiteira comum - cabeça";"Preço recebido pelo produtor de vaca leiteira comum (cabeça)";"Oculta";"Internet";210;0;0;"Revisado em 15/mai/2002.";NA;"AGROAN12";"Oculta";"Macro"
"1203";"AGROAN12_PRVAR12";3;1356;"Inativa";"FGV/Conj. Econ.";"Preços";"Preço médio - recebido pelo produtor - vaca leiteira de raça - cabeça";"Preço recebido pelo produtor de vaca leiteira de raça (cabeça)";"Oculta";"Internet";210;0;0;"Revisado em 15/mai/2002.";NA;"AGROAN12";"Oculta";"Macro"
"1204";"CE_MBCP";NA;NA;"Inativa";"FGV/Conj. Econ.";"Comércio exterior";"Importações - bens de consumo final - preços - índice (média 1980 = 100)";"Índice de preços das importações de bens de consumo final (média 1980 = 100)";"Não oculta";"Intranet";90;0;0;NA;NA;"CE";"Intranet";"Macro"
"1205";"CE_MBCQ";NA;NA;"Inativa";"FGV/Conj. Econ.";"Comércio exterior";"Importações - bens de consumo final - quantum - índice (média 1980 = 100)";"Índice de quantum das importações de bens de consumo final (média 1980 = 100)";"Não oculta";"Intranet";90;0;0;NA;NA;"CE";"Intranet";"Macro"
"1206";"CE_MBINPTP";NA;NA;"Inativa";"FGV/Conj. Econ.";"Comércio exterior";"Importações - bens intermediários - exceto petróleo e trigo - preços - índice (média 1980 = 100)";"Índice de preços das importações de bens intermediários exceto petróleo e trigo (média 1980 = 100)";"Não oculta";"Intranet";90;0;0;NA;NA;"CE";"Intranet";"Macro"
"1207";"CE_MBINPTQ";NA;NA;"Inativa";"FGV/Conj. Econ.";"Comércio exterior";"Importações - bens intermediários - exceto petróleo e trigo - quantum - índice (média 1980 = 100)";"Índice de quantum das importações de bens intermediários exceto petróleo e trigo (média 1980 = 100)";"Não oculta";"Intranet";90;0;0;NA;NA;"CE";"Intranet";"Macro"
"1208";"CE_MBKP";NA;NA;"Inativa";"FGV/Conj. Econ.";"Comércio exterior";"Importações - bens de capital - preços - índice (média 1980 = 100)";"Índice de preços das importações de bens de capital (média 1980 = 100)";"Não oculta";"Intranet";90;0;0;NA;NA;"CE";"Intranet";"Macro"
"1209";"CE_MBKQ";NA;NA;"Inativa";"FGV/Conj. Econ.";"Comércio exterior";"Importações - bens de capital - quantum - índice (média 1980 = 100)";"Índice de quantum das importações de bens de capital (média 1980 = 100)";"Não oculta";"Intranet";90;0;0;NA;NA;"CE";"Intranet";"Macro"
"1210";"CE_MNPTP";NA;NA;"Inativa";"FGV/Conj. Econ.";"Comércio exterior";"Importações - exceto petróleo e trigo - preços - índice (média 1980 = 100)";"Índice de preços das importações exceto petróleo e trigo (média 1980 = 100)";"Não oculta";"Intranet";90;0;0;NA;NA;"CE";"Intranet";"Macro"
"1211";"CE_MNPTQ";NA;NA;"Inativa";"FGV/Conj. Econ.";"Comércio exterior";"Importações - exceto petróleo e trigo - quantum - índice (média 1980 = 100)";"Índice de quantum das importações exceto petróleo e trigo (média 1980 = 100)";"Não oculta";"Intranet";90;0;0;NA;NA;"CE";"Intranet";"Macro"
"1212";"CE_PIBCAP";NA;NA;"Inativa";"FGV/Conj. Econ.";"Contas nacionais";"PIB per capita";"Produto interno bruto (PIB) per capita";"Oculta";"Internet";90;0;0;NA;NA;"CE";"Oculta";"Macro"
"1213";"CE_XBKP";NA;NA;"Inativa";"FGV/Conj. Econ.";"Comércio exterior";"Exportações - bens de capital - preços - índice (média 1980 = 100)";"Índice de preços das exportações de bens de capital (média 1980 = 100)";"Não oculta";"Intranet";90;0;0;NA;NA;"CE";"Intranet";"Macro"
"1214";"CE_XBKQ";NA;NA;"Inativa";"FGV/Conj. Econ.";"Comércio exterior";"Exportações - bens de capital - quantum - índice (média 1980 = 100)";"Índice de quantum das exportações de bens de capital (média 1980 = 100)";"Não oculta";"Intranet";90;0;0;NA;NA;"CE";"Intranet";"Macro"
"1215";"CE_XCGP";NA;NA;"Inativa";"FGV/Conj. Econ.";"Comércio exterior";"Exportações - café em grão - preços - índice (média 1980 = 100)";"Índice de preços das exportações de café em grão (média 1980 = 100)";"Não oculta";"Intranet";90;0;0;NA;NA;"CE";"Intranet";"Macro"
"1216";"CE_XCGQ";NA;NA;"Inativa";"FGV/Conj. Econ.";"Comércio exterior";"Exportações - café em grão - quantum - índice (média 1980 = 100)";"Índice de quantum das exportações de café em grão (média 1980 = 100)";"Não oculta";"Intranet";90;0;0;NA;NA;"CE";"Intranet";"Macro"
"1217";"CE_XEMP";NA;NA;"Inativa";"FGV/Conj. Econ.";"Comércio exterior";"Exportações - indústria extrativa mineral - preços - índice (média 1980 = 100)";"Índice de preços das exportações da indústria extrativa mineral (média 1980 = 100)";"Não oculta";"Intranet";90;0;0;NA;NA;"CE";"Intranet";"Macro"
"1218";"CE_XEMQ";NA;NA;"Inativa";"FGV/Conj. Econ.";"Comércio exterior";"Exportações - indústria extrativa mineral - quantum - índice (média 1980 = 100)";"Índice de quantum das exportações da indústria extrativa mineral (média 1980 = 100)";"Não oculta";"Intranet";90;0;0;NA;NA;"CE";"Intranet";"Macro"
"1219";"CE_XMP";NA;NA;"Inativa";"FGV/Conj. Econ.";"Comércio exterior";"Exportações - indústria de transformação - preços - índice (média 1980 = 100)";"Índice de preços das exportações da indústria de transformação (média 1980 = 100)";"Não oculta";"Intranet";90;0;0;NA;NA;"CE";"Intranet";"Macro"
"1220";"CE_XMQ";NA;NA;"Inativa";"FGV/Conj. Econ.";"Comércio exterior";"Exportações - indústria de transformação - quantum - índice (média 1980 = 100)";"Índice de quantum das exportações da indústria de transformação (média 1980 = 100)";"Não oculta";"Intranet";90;0;0;NA;NA;"CE";"Intranet";"Macro"
"1221";"CE_XNCP";NA;NA;"Inativa";"FGV/Conj. Econ.";"Comércio exterior";"Exportações - exceto café - preços - índice (média 1980 = 100)";"Índice de preços das exportações exceto café (média 1980 = 100)";"Não oculta";"Intranet";90;0;0;NA;NA;"CE";"Intranet";"Macro"
"1222";"CE_XNCQ";NA;NA;"Inativa";"FGV/Conj. Econ.";"Comércio exterior";"Exportações - exceto café - quantum - índice (média 1980 = 100)";"Índice de quantum das exportações exceto café (média 1980 = 100)";"Não oculta";"Intranet";90;0;0;NA;NA;"CE";"Intranet";"Macro"
"1223";"CE_XNMNCP";NA;NA;"Inativa";"FGV/Conj. Econ.";"Comércio exterior";"Exportações - produtos não manufaturados - exceto café - preços - índice (média 1980 = 100)";"Índice de preços das exportações de produtos não manufaturados exceto café (média 1980 = 100)";"Não oculta";"Intranet";90;0;0;NA;NA;"CE";"Intranet";"Macro"
"1224";"CE_XNMNCQ";NA;NA;"Inativa";"FGV/Conj. Econ.";"Comércio exterior";"Exportações - produtos não manufaturados - exceto café - quantum - índice (média 1980 = 100)";"Índice de quantum das exportações de produtos não manufaturados exceto café (média 1980 = 100)";"Não oculta";"Intranet";90;0;0;NA;NA;"CE";"Intranet";"Macro"
"1225";"CE_XNMP";NA;NA;"Inativa";"FGV/Conj. Econ.";"Comércio exterior";"Exportações - produtos não manufaturados - preços - índice (média 1980 = 100)";"Índice de preços das exportações de produtos não manufaturados (média 1980 = 100)";"Não oculta";"Intranet";90;0;0;NA;NA;"CE";"Intranet";"Macro"
"1226";"CE_XNMQ";NA;NA;"Inativa";"FGV/Conj. Econ.";"Comércio exterior";"Exportações - produtos não manufaturados - quantum - índice (média 1980 = 100)";"Índice de quantum das exportações de produtos não manufaturados (média 1980 = 100)";"Não oculta";"Intranet";90;0;0;NA;NA;"CE";"Intranet";"Macro"
"1227";"CE_XTP";NA;NA;"Inativa";"FGV/Conj. Econ.";"Comércio exterior";"Exportações - preços - índice (média 1980 = 100)";"Índice de preços das exportações (média 1980 = 100)";"Não oculta";"Intranet";90;0;0;NA;NA;"CE";"Intranet";"Macro"
"1228";"CE_MTP";NA;NA;"Inativa";"FGV/Conj. Econ.";"Comércio exterior";"Importações - preços - índice (média 1980 = 100)";"Índice de preços das importações (média 1980 = 100)";"Não oculta";"Intranet";90;0;0;NA;NA;"CE";"Intranet";"Macro"
"1229";"CE_MTQ";NA;NA;"Inativa";"FGV/Conj. Econ.";"Comércio exterior";"Importações - quantum - índice (média 1980 = 100)";"Índice de quantum das importações (média 1980 = 100)";"Não oculta";"Intranet";90;0;0;NA;NA;"CE";"Intranet";"Macro"
"1230";"CE_XTQ";NA;NA;"Inativa";"FGV/Conj. Econ.";"Comércio exterior";"Exportações - quantum - índice (média 1980 = 100)";"Índice de quantum das exportações (média 1980 = 100)";"Não oculta";"Intranet";90;0;0;NA;NA;"CE";"Intranet";"Macro"
"1231";"CE12_XBKIP12";NA;NA;"Inativa";"FGV/Conj. Econ.";"Comércio exterior";"Exportações - bens de capital - preços - índice (média 1980 = 100)";"Índice de preços das exportações de bens de capital (média 1980 = 100)";"Não oculta";"Intranet";0;0;0;NA;NA;"CE12";"Intranet";"Macro"
"1232";"CE12_XBKIQ12";NA;NA;"Inativa";"FGV/Conj. Econ.";"Comércio exterior";"Exportações - bens de capital - quantum - índice (média 1980 = 100)";"Índice de quantum das exportações de bens de capital (média 1980 = 100)";"Não oculta";"Intranet";0;0;0;NA;NA;"CE12";"Intranet";"Macro"
"1233";"CE12_XTQ12";NA;NA;"Inativa";"FGV/Conj. Econ.";"Comércio exterior";"Exportações - quantum - índice (média 1980 = 100)";"Índice de quantum das exportações (média 1980 = 100)";"Não oculta";"Intranet";0;0;0;NA;NA;"CE12";"Intranet";"Macro"
"1234";"CE12_MTP12";NA;NA;"Inativa";"FGV/Conj. Econ.";"Comércio exterior";"Importações - preços - índice (média 1980 = 100)";"Índice de preços das importações (média 1980 = 100)";"Não oculta";"Intranet";0;0;0;NA;NA;"CE12";"Intranet";"Macro"
"1235";"CE12_XTP12";NA;NA;"Inativa";"FGV/Conj. Econ.";"Comércio exterior";"Exportações - preços - índice (média 1980 = 100)";"Índice de preços das exportações (média 1980 = 100)";"Não oculta";"Intranet";0;0;0;NA;NA;"CE12";"Intranet";"Macro"
"1236";"CE12_MTQ12";NA;NA;"Inativa";"FGV/Conj. Econ.";"Comércio exterior";"Importações - quantum - índice (média 1980 = 100)";"Índice de quantum das importações (média 1980 = 100)";"Não oculta";"Intranet";0;0;0;NA;NA;"CE12";"Intranet";"Macro"
"1237";"CE4_CUTBC4";38;58;"Inativa";"FGV/Conj. Econômica Inativa";"Produção";"Utilização da capacidade instalada - indústria - bens de consumo";"Utilização da capacidade instalada na indústria de bens de consumo (antiga metodologia)";"Não oculta";"Internet";0;0;0;"Revisado em 17/mai/2002.";NA;"CE4";"Internet";"Macro"
"1238";"CE4_CUTBK4";52;41;"Inativa";"FGV/Conj. Econômica Inativa";"Produção";"Utilização da capacidade instalada - indústria - bens de capital";"Utilização da capacidade instalada na indústria de bens de capital (antiga metodologia)";"Não oculta";"Internet";0;0;0;"Revisado em 17/mai/2002.";NA;"CE4";"Internet";"Macro"
"1239";"CE4_CUTIND4";112;16;"Inativa";"FGV/Conj. Econômica Inativa";"Produção";"Utilização da capacidade instalada - indústria - média";"Utilização da capacidade instalada na indústria (antiga metodologia)";"Não oculta";"Internet";0;0;0;"Revisado em 17/mai/2002.";NA;"CE4";"Internet";"Macro"
"1240";"IGP_ICVAL";6;1048;"Inativa";"FGV/Conj. Econ. - IGP antigo";"Preços";"IPC - alimentação - índice (ago. 1994 = 100) - RJ";"IPC - alimentação - índice (ago. 1994 = 100) - RJ";"Não oculta";"Internet";90;0;0;NA;"Gerada";"IGP";"Internet";"Macro"
"1241";"IGP_ICVHAB";27;421;"Inativa";"FGV/Conj. Econ. - IGP antigo";"Preços";"IPC - habitação - índice (ago. 1994 = 100) - RJ";"IPC - habitação - índice (ago. 1994 = 100) - RJ";"Não oculta";"Internet";90;0;0;NA;"Gerada";"IGP";"Internet";"Macro"
"1242";"IGP_ICVRJ";38;308;"Inativa";"FGV/Conj. Econ. - IGP";"Preços";"IPC - geral - índice (ago. 1994 = 100) - RJ";"IPC - geral - índice (ago. 1994 = 100) - RJ";"Não oculta";"Internet";5;0;0;NA;"Gerada";"IGP";"Internet";"Macro"
"1243";"IGP_ICVSPB";2;1445;"Inativa";"FGV/Conj. Econ. - IGP antigo";"Preços";"IPC - serviços setor público - índice (ago. 1994 = 100) - RJ";"IPC - serviços setor público - índice (ago. 1994 = 100) - RJ";"Não oculta";"Internet";90;0;0;NA;"Gerada";"IGP";"Internet";"Macro"
"1244";"IGP_ICVSPE";4;1216;"Inativa";"FGV/Conj. Econ. - IGP antigo";"Preços";"IPC - serviços pessoais - índice (ago. 1994 = 100) - RJ";"IPC - serviços pessoais - índice (ago. 1994 = 100) - RJ";"Não oculta";"Internet";90;0;0;NA;"Gerada";"IGP";"Internet";"Macro"
"1245";"IGP_IGP";359;23;"Ativa";"FGV/Conj. Econ. - IGP";"Preços";"IGP-DI - geral - índice (ago. 1994 = 100)";"IGP-DI - geral - índice (ago. 1994 = 100)";"Não oculta";"Internet";10;0;0;NA;"Gerada";"IGP";"Internet";"Macro"
"1246";"IGP_IGPF";74;150;"Ativa";"FGV/Conj. Econ. - IGP";"Preços";"IGP-DI - geral - centrado - fim período - índice (ago. 1994 = 100)";"IGP-DI - geral - centrado - fim período - índice (ago. 1994 = 100)";"Não oculta";"Internet";10;0;0;NA;"Gerada";"IGP";"Internet";"Macro"
"1247";"IGP_IGPFG";119;91;"Ativa";"FGV/Conj. Econ. - IGP";"Preços";"IGP-DI - geral - centrado - fim período - var.";"IGP-DI - geral - centrado - fim período - var.";"Não oculta";"Internet";10;0;0;NA;"Gerada";"IGP";"Internet";"Macro"
"1248";"IGP_IGPOG";19;538;"Ativa";"FGV/Conj. Econ. - IGP";"Preços";"IGP-OG - geral - índice (ago. 1994 = 100)";"IGP-OG - geral - índice (ago. 1994 = 100)";"Não oculta";"Internet";10;0;0;NA;"Gerada";"IGP";"Internet";"Macro"
"1249";"IGP_IPA";25;444;"Ativa";"FGV/Conj. Econ. - IGP";"Preços";"IPA-EP-DI - geral - índice (ago. 1994 = 100)";"IPA-EP - geral - índice (ago. 1994 = 100)";"Não oculta";"Internet";10;0;0;NA;"Gerada";"IGP";"Internet";"Macro"
"1250";"IGP_IPAA";11;772;"Ativa";"FGV/Conj. Econ. - IGP";"Preços";"IPA origem - prod. agropecuários - índice (ago. 1994 = 100)";"IPA origem - produtos agropecuários - índice (ago. 1994 = 100)";"Não oculta";"Internet";30;0;0;NA;"Gerada";"IGP";"Internet";"Macro"
"1251";"IGP_IPABC";1;1606;"Inativa";"FGV/Conj. Econ. - IGP antigo";"Preços";"IPA-DI - grupo I: bens de consumo - índice (ago. 1994 = 100)";"IPA-DI - grupo I: bens de consumo - índice (ago. 1994 = 100)";"Não oculta";"Internet";30;0;0;NA;"Gerada";"IGP";"Internet";"Macro"
"1252";"IGP_IPACG";10;818;"Inativa";"FGV/Conj. Econ. - IGP antigo";"Preços";"IPA-OG - cereais e grãos - índice (ago. 1994 = 100)";"IPA-OG - cereais e grãos - índice (ago. 1994 = 100)";"Não oculta";"Internet";90;0;0;NA;"Gerada";"IGP";"Internet";"Macro"
"1253";"IGP_IPACL";20;518;"Inativa";"FGV/Conj. Econ. - IGP antigo";"Preços";"IPA-OG - combustíveis e lubrificantes - índice (ago. 1994 = 100)";"IPA-OG - combustíveis e lubrificantes - índice (ago. 1994 = 100)";"Não oculta";"Internet";30;0;0;NA;"Gerada";"IGP";"Internet";"Macro"
"1254";"IGP_IPAI";3;1315;"Ativa";"FGV/Conj. Econ. - IGP";"Preços";"IPA origem - prod. industriais - índice (ago. 1994 = 100)";"IPA origem - produtos industriais - índice (ago. 1994 = 100)";"Não oculta";"Internet";30;0;0;NA;"Gerada";"IGP";"Internet";"Macro"
"1255";"IGP_IPAIEX";2;1445;"Inativa";"FGV/Conj. Econ. - IGP";"Preços";"IPA origem - prod. industriais - ind. extrativa - índice (ago. 1994 = 100)";"IPA origem - produtos industriais - indústria extrativa - índice (ago. 1994 = 100)";"Oculta";"Internet";30;0;0;NA;"Gerada";"IGP";"Oculta";"Macro"
"1256";"IGP_IPAITR";6;1048;"Inativa";"FGV/Conj. Econ. - IGP";"Preços";"IPA origem - prod. industriais - ind. transf. - índice (ago. 1994 = 100)";"IPA origem - produtos industriais - indústria de transformação - índice (ago. 1994 = 100)";"Oculta";"Internet";30;0;0;NA;"Gerada";"IGP";"Oculta";"Macro"
"1257";"IGP_IPAMEV";15;639;"Inativa";"FGV/Conj. Econ. - IGP antigo";"Preços";"IPA-DI - máquinas, veículos e equipamentos - índice (ago. 1994 = 100)";"IPA-DI - máquinas, veículos e equipamentos - índice (ago. 1994 = 100)";"Não oculta";"Internet";30;0;0;NA;"Gerada";"IGP";"Internet";"Macro"
"1258";"IGP_IPAMP";3;1315;"Inativa";"FGV/Conj. Econ. - IGP antigo";"Preços";"IPA-DI - matérias-primas - índice (ago. 1994 = 100)";"IPA-DI - matérias-primas - índice (ago. 1994 = 100)";"Não oculta";"Internet";30;0;0;NA;"Gerada";"IGP";"Internet";"Macro"
"1259";"IGP_IPAOG";12;739;"Inativa";"FGV/Conj. Econ. - IGP";"Preços";"IPA origem - geral - índice (ago. 1994 = 100)";"IPA origem - geral - índice (ago. 1994 = 100)";"Oculta";"Internet";10;0;0;NA;"Gerada";"IGP";"Oculta";"Macro"
"1260";"IGP12_ICVAL12";6;1117;"Inativa";"FGV/Conj. Econ. - IGP antigo";"Preços";"IPC - alimentação - índice (ago. 1994 = 100) - RJ";"IPC - alimentação - índice (ago. 1994 = 100) - RJ";"Não oculta";"Internet";0;0;0;"Revisado em 17/mai/2002.";"Geradora";"IGP12";"Internet";"Macro"
"1261";"IGP12_ICVHAB12";12;812;"Inativa";"FGV/Conj. Econ. - IGP antigo";"Preços";"IPC - habitação - índice (ago. 1994 = 100) - RJ";"IPC - habitação - índice (ago. 1994 = 100) - RJ";"Não oculta";"Internet";0;0;0;"Revisado em 17/mai/2002.";"Geradora";"IGP12";"Internet";"Macro"
"1262";"IGP12_ICVRJ12A";39;338;"Inativa";"FGV/Conj. Econ. - IGP";"Preços";"IPC - geral - índice (ago. 1994 = 100) - RJ";"IPC - geral - índice (ago. 1994 = 100) - RJ";"Não oculta";"Internet";5;0;0;"Revisada em 18/mar/2002.";"Geradora";"IGP12";"Internet";"Macro"
"1263";"IGP12_ICVSPB12";14;737;"Inativa";"FGV/Conj. Econ. - IGP antigo";"Preços";"IPC - serviços setor público - índice (ago. 1994 = 100) - RJ";"IPC - serviços setor público - índice (ago. 1994 = 100) - RJ";"Não oculta";"Internet";0;0;0;"Revisado em 17/mai/2002.";"Geradora";"IGP12";"Internet";"Macro"
"1264";"IGP12_ICVSPE12";6;1117;"Inativa";"FGV/Conj. Econ. - IGP antigo";"Preços";"IPC - serviços pessoais - índice (ago. 1994 = 100) - RJ";"IPC - serviços pessoais - índice (ago. 1994 = 100) - RJ";"Não oculta";"Internet";0;0;0;"Revisado em 17/mai/2002.";"Geradora";"IGP12";"Internet";"Macro"
"1265";"IGP12_IGPDI12";1486;5;"Ativa";"FGV/Conj. Econ. - IGP";"Preços";"IGP-DI - geral - índice (ago. 1994 = 100)";"IGP-DI - geral - índice (ago. 1994 = 100)";"Não oculta";"Internet";45;0;0;"Revisada em 18/mar/2002.";"Geradora";"IGP12";"Internet";"Macro"
"1266";"IGP12_IGPF12";192;50;"Ativa";"FGV/Conj. Econ. - IGP";"Preços";"IGP-DI - geral - centrado - fim período - índice (ago. 1994 = 100)";"IGP-DI - geral - centrado - fim período - índice (ago. 1994 = 100)";"Não oculta";"Internet";45;0;0;"Revisado em 17/mai/2002.";"Gerada";"IGP12";"Internet";"Macro"
"1267";"IGP12_IGPOG12";42;313;"Ativa";"FGV/Conj. Econ. - IGP";"Preços";"IGP-OG - geral - índice (ago. 1994 = 100)";"IGP-OG - geral - índice (ago. 1994 = 100)";"Não oculta";"Internet";10;0;0;"Revisada em 18/mar/2002.";NA;"IGP12";"Internet";"Macro"
"1268";"IGP12_INCC12";289;30;"Ativa";"FGV/Conj. Econ. - IGP";"Preços";"INCC - geral - índice (ago. 1994 = 100)";"INCC - geral - índice (ago. 1994 = 100)";"Não oculta";"Internet";5;0;0;"Revisada em 18/mar/2002.";NA;"IGP12";"Internet";"Macro"
"1269";"IGP12_IPA0388";13;769;"Inativa";"FGV/Conj. Econ. - IGP antigo";"Preços";"IPA-OG - legumes e frutas - índice (ago. 1994 = 100)";"IPA-OG - legumes e frutas - índice (ago. 1994 = 100)";"Não oculta";"Internet";5;0;0;"Revisado em 17/mai/2002.";NA;"IGP12";"Internet";"Macro"
"1270";"IGP12_IPA0396";16;690;"Inativa";"FGV/Conj. Econ. - IGP antigo";"Preços";"IPA-OG - cereais e grãos - índice (ago. 1994 = 100)";"IPA-OG - cereais e grãos - índice (ago. 1994 = 100)";"Não oculta";"Internet";5;0;0;"Revisado em 17/mai/2002.";"Geradora";"IGP12";"Internet";"Macro"
"1271";"IGP12_IPA0401";7;1050;"Inativa";"FGV/Conj. Econ. - IGP antigo";"Preços";"IPA-OG - fibras vegetais - índice (ago. 1994 = 100)";"IPA-OG - fibras vegetais - índice (ago. 1994 = 100)";"Não oculta";"Internet";5;0;0;"Revisado em 17/mai/2002.";NA;"IGP12";"Internet";"Macro"
"1272";"IGP12_IPA0418";25;491;"Inativa";"FGV/Conj. Econ. - IGP antigo";"Preços";"IPA-OG - oleaginosas - índice (ago. 1994 = 100)";"IPA-OG - oleaginosas - índice (ago. 1994 = 100)";"Não oculta";"Internet";5;0;0;"Revisado em 17/mai/2002.";NA;"IGP12";"Internet";"Macro"
"1273";"IGP12_IPA0426";2;1480;"Inativa";"FGV/Conj. Econ. - IGP antigo";"Preços";"IPA-OG - raízes e tubérculos - índice (ago. 1994 = 100)";"IPA-OG - raízes e tubérculos - índice (ago. 1994 = 100)";"Não oculta";"Internet";5;0;0;"Revisado em 17/mai/2002.";NA;"IGP12";"Internet";"Macro"
"1274";"IGP12_IPA0434";6;1117;"Inativa";"FGV/Conj. Econ. - IGP antigo";"Preços";"IPA-OG - animais e derivados - índice (ago. 1994 = 100)";"IPA-OG - animais e derivados - índice (ago. 1994 = 100)";"Não oculta";"Internet";5;0;0;"Revisado em 17/mai/2002.";NA;"IGP12";"Internet";"Macro"
"1275";"IGP12_IPA0442";10;894;"Inativa";"FGV/Conj. Econ. - IGP antigo";"Preços";"IPA-OG - lavouras para exportação - índice (ago. 1994 = 100)";"IPA-OG - lavouras para exportação - índice (ago. 1994 = 100)";"Não oculta";"Internet";5;0;0;"Revisado em 17/mai/2002.";NA;"IGP12";"Internet";"Macro"
"1276";"IGP12_IPA0450";12;812;"Inativa";"FGV/Conj. Econ. - IGP antigo";"Preços";"IPA-OG - produtos agrícolas - outros - índice (ago. 1994 = 100)";"IPA-OG - produtos agrícolas - outros - índice (ago. 1994 = 100)";"Não oculta";"Internet";5;0;0;"Revisado em 17/mai/2002.";NA;"IGP12";"Internet";"Macro"
"1277";"IGP12_IPA0493";13;769;"Inativa";"FGV/Conj. Econ. - IGP antigo";"Preços";"IPA-OG - minerais não metálicos - índice (ago. 1994 = 100)";"IPA-OG - minerais não metálicos - índice (ago. 1994 = 100)";"Não oculta";"Internet";5;0;0;"Revisado em 17/mai/2002.";NA;"IGP12";"Internet";"Macro"
"1278";"IGP12_IPA0507";17;667;"Inativa";"FGV/Conj. Econ. - IGP antigo";"Preços";"IPA-OG - metalúrgica - índice (ago. 1994 = 100)";"IPA-OG - metalúrgica - índice (ago. 1994 = 100)";"Não oculta";"Internet";5;0;0;"Revisado em 17/mai/2002.";NA;"IGP12";"Internet";"Macro"
"1279";"IGP12_IPA0515";87;136;"Inativa";"FGV/Conj. Econ. - IGP antigo";"Preços";"IPA-OG - ferro, aço e derivados - índice (ago. 1994 = 100)";"IPA-OG - ferro, aço e derivados - índice (ago. 1994 = 100)";"Não oculta";"Internet";5;0;0;"Revisado em 17/mai/2002.";NA;"IGP12";"Internet";"Macro"
"1280";"IGP12_IPA0523";27;457;"Inativa";"FGV/Conj. Econ. - IGP antigo";"Preços";"IPA-OG - metais não ferrosos - índice (ago. 1994 = 100)";"IPA-OG - metais não ferrosos - índice (ago. 1994 = 100)";"Não oculta";"Internet";5;0;0;"Revisado em 17/mai/2002.";NA;"IGP12";"Internet";"Macro"
"1281";"IGP12_IPA0531";13;769;"Inativa";"FGV/Conj. Econ. - IGP antigo";"Preços";"IPA-OG - mecânica - índice (ago. 1994 = 100)";"IPA-OG - mecânica - índice (ago. 1994 = 100)";"Não oculta";"Internet";5;0;0;"Revisado em 17/mai/2002.";NA;"IGP12";"Internet";"Macro"
"1282";"IGP12_IPA0541";15;714;"Inativa";"FGV/Conj. Econ. - IGP antigo";"Preços";"IPA-OG - máquinas agrícolas - índice (ago. 1994 = 100)";"IPA-OG - máquinas agrícolas - índice (ago. 1994 = 100)";"Não oculta";"Internet";5;0;0;"Revisado em 17/mai/2002.";NA;"IGP12";"Internet";"Macro"
"1283";"IGP12_IPA0558";39;338;"Inativa";"FGV/Conj. Econ. - IGP antigo";"Preços";"IPA-OG - máquinas e equipamentos industriais - índice (ago. 1994 = 100)";"IPA-OG - máquinas e equipamentos industriais - índice (ago. 1994 = 100)";"Não oculta";"Internet";5;0;0;"Revisado em 17/mai/2002.";NA;"IGP12";"Internet";"Macro"
"1284";"IGP12_IPA0566";6;1117;"Inativa";"FGV/Conj. Econ. - IGP antigo";"Preços";"IPA-OG - mecânica - outros - índice (ago. 1994 = 100)";"IPA-OG - mecânica - outros - índice (ago. 1994 = 100)";"Não oculta";"Internet";5;0;0;"Revisado em 17/mai/2002.";NA;"IGP12";"Internet";"Macro"
"1285";"IGP12_IPA0574";29;432;"Inativa";"FGV/Conj. Econ. - IGP antigo";"Preços";"IPA-OG - material elétrico - índice (ago. 1994 = 100)";"IPA-OG - material elétrico - índice (ago. 1994 = 100)";"Não oculta";"Internet";5;0;0;"Revisado em 17/mai/2002.";NA;"IGP12";"Internet";"Macro"
"1286";"IGP12_IPA0582";10;894;"Inativa";"FGV/Conj. Econ. - IGP antigo";"Preços";"IPA-OG - eletrodomésticos - índice (ago. 1994 = 100)";"IPA-OG - eletrodomésticos - índice (ago. 1994 = 100)";"Não oculta";"Internet";5;0;0;"Revisado em 17/mai/2002.";NA;"IGP12";"Internet";"Macro"
"1287";"IGP12_IPA0590";22;542;"Inativa";"FGV/Conj. Econ. - IGP antigo";"Preços";"IPA-OG - motores e geradores - índice (ago. 1994 = 100)";"IPA-OG - motores e geradores - índice (ago. 1994 = 100)";"Não oculta";"Internet";5;0;0;"Revisado em 17/mai/2002.";NA;"IGP12";"Internet";"Macro"
"1288";"IGP12_IPA0604";32;398;"Inativa";"FGV/Conj. Econ. - IGP antigo";"Preços";"IPA-OG - material elétrico - outros - índice (ago. 1994 = 100)";"IPA-OG - material elétrico - outros - índice (ago. 1994 = 100)";"Não oculta";"Internet";5;0;0;"Revisado em 17/mai/2002.";NA;"IGP12";"Internet";"Macro"
"1289";"IGP12_IPA0612";6;1117;"Inativa";"FGV/Conj. Econ. - IGP antigo";"Preços";"IPA-OG - material de transporte - índice (ago. 1994 = 100)";"IPA-OG - material de transporte - índice (ago. 1994 = 100)";"Não oculta";"Internet";5;0;0;"Revisado em 17/mai/2002.";NA;"IGP12";"Internet";"Macro"
"1290";"IGP12_IPA0620";33;388;"Inativa";"FGV/Conj. Econ. - IGP antigo";"Preços";"IPA-OG - veículos a motor - índice (ago. 1994 = 100)";"IPA-OG - veículos a motor - índice (ago. 1994 = 100)";"Não oculta";"Internet";5;0;0;"Revisado em 17/mai/2002.";NA;"IGP12";"Internet";"Macro"
"1291";"IGP12_IPA0639";11;856;"Inativa";"FGV/Conj. Econ. - IGP antigo";"Preços";"IPA-OG - material de transporte - outros - índice (ago. 1994 = 100)";"IPA-OG - material de transporte - outros - índice (ago. 1994 = 100)";"Não oculta";"Internet";5;0;0;"Revisado em 17/mai/2002.";NA;"IGP12";"Internet";"Macro"
"1292";"IGP12_IPA0647";12;812;"Inativa";"FGV/Conj. Econ. - IGP antigo";"Preços";"IPA-OG - madeira - índice (ago. 1994 = 100)";"IPA-OG - madeira - índice (ago. 1994 = 100)";"Não oculta";"Internet";5;0;0;"Revisado em 17/mai/2002.";NA;"IGP12";"Internet";"Macro"
"1293";"IGP12_IPA0655";6;1117;"Inativa";"FGV/Conj. Econ. - IGP antigo";"Preços";"IPA-OG - mobiliário - índice (ago. 1994 = 100)";"IPA-OG - mobiliário - índice (ago. 1994 = 100)";"Não oculta";"Internet";5;0;0;"Revisado em 17/mai/2002.";NA;"IGP12";"Internet";"Macro"
"1294";"IGP12_IPA0663";9;946;"Inativa";"FGV/Conj. Econ. - IGP antigo";"Preços";"IPA-OG - móveis de madeira - índice (ago. 1994 = 100)";"IPA-OG - móveis de madeira - índice (ago. 1994 = 100)";"Não oculta";"Internet";5;0;0;"Revisado em 17/mai/2002.";NA;"IGP12";"Internet";"Macro"
"1295";"IGP12_IPA0671";2;1480;"Inativa";"FGV/Conj. Econ. - IGP antigo";"Preços";"IPA-OG - móveis de aço - índice (ago. 1994 = 100)";"IPA-OG - móveis de aço - índice (ago. 1994 = 100)";"Não oculta";"Internet";5;0;0;"Revisado em 17/mai/2002.";NA;"IGP12";"Internet";"Macro"
"1296";"IGP12_IPA0681";2;1480;"Inativa";"FGV/Conj. Econ. - IGP antigo";"Preços";"IPA-OG - mobiliário - outros - índice (ago. 1994 = 100)";"IPA-OG - mobiliário - outros - índice (ago. 1994 = 100)";"Não oculta";"Internet";5;0;0;"Revisado em 17/mai/2002.";NA;"IGP12";"Internet";"Macro"
"1297";"IGP12_IPA0698";48;274;"Inativa";"FGV/Conj. Econ. - IGP antigo";"Preços";"IPA-OG - papel e papelão - índice (ago. 1994 = 100)";"IPA-OG - papel e papelão - índice (ago. 1994 = 100)";"Não oculta";"Internet";5;0;0;"Revisado em 17/mai/2002.";NA;"IGP12";"Internet";"Macro"
"1298";"IGP12_IPA0701";16;690;"Inativa";"FGV/Conj. Econ. - IGP antigo";"Preços";"IPA-OG - borracha - índice (ago. 1994 = 100)";"IPA-OG - borracha - índice (ago. 1994 = 100)";"Não oculta";"Internet";5;0;0;"Revisado em 17/mai/2002.";NA;"IGP12";"Internet";"Macro"
"1299";"IGP12_IPA0711";13;769;"Inativa";"FGV/Conj. Econ. - IGP antigo";"Preços";"IPA-OG - couros e peles - índice (ago. 1994 = 100)";"IPA-OG - couros e peles - índice (ago. 1994 = 100)";"Não oculta";"Internet";5;0;0;"Revisado em 17/mai/2002.";NA;"IGP12";"Internet";"Macro"
"1300";"IGP12_IPA0728";17;667;"Inativa";"FGV/Conj. Econ. - IGP antigo";"Preços";"IPA-OG - química - índice (ago. 1994 = 100)";"IPA-OG - química - índice (ago. 1994 = 100)";"Não oculta";"Internet";5;0;0;"Revisado em 17/mai/2002.";NA;"IGP12";"Internet";"Macro"
"1301";"IGP12_IPA0736";100;111;"Inativa";"FGV/Conj. Econ. - IGP antigo";"Preços";"IPA-OG - combustíveis e lubrificantes - índice (ago. 1994 = 100)";"IPA-OG - combustíveis e lubrificantes - índice (ago. 1994 = 100)";"Não oculta";"Internet";5;0;0;"Revisado em 17/mai/2002.";"Geradora";"IGP12";"Internet";"Macro"
"1302";"IGP12_IPA0744";21;569;"Inativa";"FGV/Conj. Econ. - IGP antigo";"Preços";"IPA-OG - tintas e vernizes - índice (ago. 1994 = 100)";"IPA-OG - tintas e vernizes - índice (ago. 1994 = 100)";"Não oculta";"Internet";5;0;0;"Revisado em 17/mai/2002.";NA;"IGP12";"Internet";"Macro"
"1303";"IGP12_IPA0752";30;421;"Inativa";"FGV/Conj. Econ. - IGP antigo";"Preços";"IPA-OG - matérias plásticas - índice (ago. 1994 = 100)";"IPA-OG - matérias plásticas - índice (ago. 1994 = 100)";"Não oculta";"Internet";5;0;0;"Revisado em 17/mai/2002.";NA;"IGP12";"Internet";"Macro"
"1304";"IGP12_IPA0760";19;621;"Inativa";"FGV/Conj. Econ. - IGP antigo";"Preços";"IPA-OG - fertilizantes - índice (ago. 1994 = 100)";"IPA-OG - fertilizantes - índice (ago. 1994 = 100)";"Não oculta";"Internet";5;0;0;"Revisado em 17/mai/2002.";NA;"IGP12";"Internet";"Macro"
"1305";"IGP12_IPA0779";9;946;"Inativa";"FGV/Conj. Econ. - IGP antigo";"Preços";"IPA-OG - química - outros - índice (ago. 1994 = 100)";"IPA-OG - química - outros - índice (ago. 1994 = 100)";"Não oculta";"Internet";5;0;0;"Revisado em 17/mai/2002.";NA;"IGP12";"Internet";"Macro"
"1306";"IGP12_IPA0787";3;1356;"Inativa";"FGV/Conj. Econ. - IGP antigo";"Preços";"IPA-OG - tecidos, vestuário e calçados - índice (ago. 1994 = 100)";"IPA-OG - tecidos, vestuário e calçados - índice (ago. 1994 = 100)";"Não oculta";"Internet";5;0;0;"Revisado em 17/mai/2002.";NA;"IGP12";"Internet";"Macro"
"1307";"IGP12_IPA0795";9;946;"Inativa";"FGV/Conj. Econ. - IGP antigo";"Preços";"IPA-OG - tecidos e fios naturais - índice (ago. 1994 = 100)";"IPA-OG - tecidos e fios naturais - índice (ago. 1994 = 100)";"Não oculta";"Internet";5;0;0;"Revisado em 17/mai/2002.";NA;"IGP12";"Internet";"Macro"
"1308";"IGP12_IPA0809";16;690;"Inativa";"FGV/Conj. Econ. - IGP antigo";"Preços";"IPA-OG - tecidos e fios artificiais / sintéticos - índice (ago. 1994 = 100)";"IPA-OG - tecidos e fios artificiais / sintéticos - índice (ago. 1994 = 100)";"Não oculta";"Internet";5;0;0;"Revisado em 17/mai/2002.";NA;"IGP12";"Internet";"Macro"
"1309";"IGP12_IPA0817";4;1262;"Inativa";"FGV/Conj. Econ. - IGP antigo";"Preços";"IPA-OG - malharia - índice (ago. 1994 = 100)";"IPA-OG - malharia - índice (ago. 1994 = 100)";"Não oculta";"Internet";5;0;0;"Revisado em 17/mai/2002.";NA;"IGP12";"Internet";"Macro"
"1310";"IGP12_IPA0825";6;1117;"Inativa";"FGV/Conj. Econ. - IGP antigo";"Preços";"IPA-OG - vestuário (exceto malharia) - índice (ago. 1994 = 100)";"IPA-OG - vestuário (exceto malharia) - índice (ago. 1994 = 100)";"Não oculta";"Internet";5;0;0;"Revisado em 17/mai/2002.";NA;"IGP12";"Internet";"Macro"
"1311";"IGP12_IPA0833";12;812;"Inativa";"FGV/Conj. Econ. - IGP antigo";"Preços";"IPA-OG - calçados - índice (ago. 1994 = 100)";"IPA-OG - calçados - índice (ago. 1994 = 100)";"Não oculta";"Internet";5;0;0;"Revisado em 17/mai/2002.";NA;"IGP12";"Internet";"Macro"
"1312";"IGP12_IPA0841";4;1262;"Inativa";"FGV/Conj. Econ. - IGP antigo";"Preços";"IPA-OG - tecidos, vestuário e calçados - outros - índice (ago. 1994 = 100)";"IPA-OG - tecidos, vestuário e calçados - outros - índice (ago. 1994 = 100)";"Não oculta";"Internet";5;0;0;"Revisado em 17/mai/2002.";NA;"IGP12";"Internet";"Macro"
"1313";"IGP12_IPA0851";5;1176;"Inativa";"FGV/Conj. Econ. - IGP antigo";"Preços";"IPA-OG - bebidas - índice (ago. 1994 = 100)";"IPA-OG - bebidas - índice (ago. 1994 = 100)";"Não oculta";"Internet";5;0;0;"Revisado em 17/mai/2002.";NA;"IGP12";"Internet";"Macro"
"1314";"IGP12_IPA1406";9;946;"Inativa";"FGV/Conj. Econ. - IGP antigo";"Preços";"IPA-OG - bebidas alcoólicas - índice (ago. 1994 = 100)";"IPA-OG - bebidas alcoólicas - índice (ago. 1994 = 100)";"Não oculta";"Internet";5;0;0;"Revisado em 17/mai/2002.";NA;"IGP12";"Internet";"Macro"
"1315";"IGP12_IPA1414";7;1050;"Inativa";"FGV/Conj. Econ. - IGP antigo";"Preços";"IPA-OG - bebidas não alcoólicas - índice (ago. 1994 = 100)";"IPA-OG - bebidas não alcoólicas - índice (ago. 1994 = 100)";"Não oculta";"Internet";5;0;0;"Revisado em 17/mai/2002.";NA;"IGP12";"Internet";"Macro"
"1316";"IGP12_IPA1422";10;894;"Inativa";"FGV/Conj. Econ. - IGP antigo";"Preços";"IPA-OG - fumo - índice (ago. 1994 = 100)";"IPA-OG - fumo - índice (ago. 1994 = 100)";"Não oculta";"Internet";5;0;0;"Revisado em 17/mai/2002.";NA;"IGP12";"Internet";"Macro"
"1317";"IGP12_IPA1430";2;1480;"Inativa";"FGV/Conj. Econ. - IGP antigo";"Preços";"IPA-OG - produtos alimentares - índice (ago. 1994 = 100)";"IPA-OG - produtos alimentares - índice (ago. 1994 = 100)";"Não oculta";"Internet";5;0;0;"Revisado em 17/mai/2002.";NA;"IGP12";"Internet";"Macro"
"1318";"IGP12_IPA1449";2;1480;"Inativa";"FGV/Conj. Econ. - IGP antigo";"Preços";"IPA-OG - produtos alimentares de origem vegetal - índice (ago. 1994 = 100)";"IPA-OG - produtos alimentares de origem vegetal - índice (ago. 1994 = 100)";"Não oculta";"Internet";5;0;0;"Revisado em 17/mai/2002.";NA;"IGP12";"Internet";"Macro"
"1319";"IGP12_IPA1457";3;1356;"Inativa";"FGV/Conj. Econ. - IGP antigo";"Preços";"IPA-OG - farinhas e derivados - índice (ago. 1994 = 100)";"IPA-OG - farinhas e derivados - índice (ago. 1994 = 100)";"Não oculta";"Internet";5;0;0;"Revisado em 17/mai/2002.";NA;"IGP12";"Internet";"Macro"
"1320";"IGP12_IPA1465";62;200;"Inativa";"FGV/Conj. Econ. - IGP antigo";"Preços";"IPA-OG - açúcar - índice (ago. 1994 = 100)";"IPA-OG - açúcar - índice (ago. 1994 = 100)";"Não oculta";"Internet";5;0;0;"Revisado em 17/mai/2002.";NA;"IGP12";"Internet";"Macro"
"1321";"IGP12_IPA1473";6;1117;"Inativa";"FGV/Conj. Econ. - IGP antigo";"Preços";"IPA-OG - óleos e gorduras - índice (ago. 1994 = 100)";"IPA-OG - óleos e gorduras - índice (ago. 1994 = 100)";"Não oculta";"Internet";5;0;0;"Revisado em 17/mai/2002.";NA;"IGP12";"Internet";"Macro"
"1322";"IGP12_IPA1481";10;894;"Inativa";"FGV/Conj. Econ. - IGP antigo";"Preços";"IPA-OG - café e estimulantes - índice (ago. 1994 = 100)";"IPA-OG - café e estimulantes - índice (ago. 1994 = 100)";"Não oculta";"Internet";5;0;0;"Revisado em 17/mai/2002.";NA;"IGP12";"Internet";"Macro"
"1323";"IGP12_IPA1491";3;1356;"Inativa";"FGV/Conj. Econ. - IGP antigo";"Preços";"IPA-OG - produtos alimentares de origem vegetal - outros - índice (ago. 1994 = 100)";"IPA-OG - produtos alimentares de origem vegetal - outros - índice (ago. 1994 = 100)";"Não oculta";"Internet";5;0;0;"Revisado em 17/mai/2002.";NA;"IGP12";"Internet";"Macro"
"1324";"IGP12_IPA1503";2;1480;"Inativa";"FGV/Conj. Econ. - IGP antigo";"Preços";"IPA-OG - produtos alimentares de origem animal - índice (ago. 1994 = 100)";"IPA-OG - produtos alimentares de origem animal - índice (ago. 1994 = 100)";"Não oculta";"Internet";5;0;0;"Revisado em 17/mai/2002.";NA;"IGP12";"Internet";"Macro"
"1325";"IGP12_IPA1511";20;593;"Inativa";"FGV/Conj. Econ. - IGP antigo";"Preços";"IPA-OG - carnes e pescados - índice (ago. 1994 = 100)";"IPA-OG - carnes e pescados - índice (ago. 1994 = 100)";"Não oculta";"Internet";5;0;0;"Revisado em 17/mai/2002.";NA;"IGP12";"Internet";"Macro"
"1326";"IGP12_IPA1521";19;621;"Inativa";"FGV/Conj. Econ. - IGP antigo";"Preços";"IPA-OG - leite e derivados - índice (ago. 1994 = 100)";"IPA-OG - leite e derivados - índice (ago. 1994 = 100)";"Não oculta";"Internet";5;0;0;"Revisado em 17/mai/2002.";NA;"IGP12";"Internet";"Macro"
"1327";"IGP12_IPA1538";9;946;"Inativa";"FGV/Conj. Econ. - IGP antigo";"Preços";"IPA-OG - sal, rações e outros - índice (ago. 1994 = 100)";"IPA-OG - sal, rações e outros - índice (ago. 1994 = 100)";"Não oculta";"Internet";5;0;0;"Revisado em 17/mai/2002.";NA;"IGP12";"Internet";"Macro"
"1328";"IGP12_IPA1546";17;667;"Inativa";"FGV/Conj. Econ. - IGP antigo";"Preços";"IPA-OG - produtos farmacêuticos - índice (ago. 1994 = 100)";"IPA-OG - produtos farmacêuticos - índice (ago. 1994 = 100)";"Não oculta";"Internet";5;0;0;"Revisado em 17/mai/2002.";NA;"IGP12";"Internet";"Macro"
"1329";"IGP12_IPA1554";7;1050;"Inativa";"FGV/Conj. Econ. - IGP antigo";"Preços";"IPA-OG - perfumaria e sabões - índice (ago. 1994 = 100)";"IPA-OG - perfumaria e sabões - índice (ago. 1994 = 100)";"Não oculta";"Internet";5;0;0;"Revisado em 17/mai/2002.";NA;"IGP12";"Internet";"Macro"
"1330";"IGP12_IPA1562";13;769;"Inativa";"FGV/Conj. Econ. - IGP antigo";"Preços";"IPA-OG - produtos de matérias plásticas - índice (ago. 1994 = 100)";"IPA-OG - produtos de matérias plásticas - índice (ago. 1994 = 100)";"Não oculta";"Internet";5;0;0;"Revisado em 17/mai/2002.";NA;"IGP12";"Internet";"Macro"
"1331";"IGP12_IPABC12";14;737;"Inativa";"FGV/Conj. Econ. - IGP antigo";"Preços";"IPA-DI - grupo I: bens de consumo - índice (ago. 1994 = 100)";"IPA-DI - grupo I: bens de consumo - índice (ago. 1994 = 100)";"Não oculta";"Internet";5;0;0;"Revisado em 17/mai/2002.";"Geradora";"IGP12";"Internet";"Macro"
"1332";"IGP12_IPABCD12";22;542;"Inativa";"FGV/Conj. Econ. - IGP antigo";"Preços";"IPA-DI - bens de consumo duráveis - índice (ago. 1994 = 100)";"IPA-DI - bens de consumo duráveis - índice (ago. 1994 = 100)";"Não oculta";"Internet";5;0;0;"Revisado em 17/mai/2002.";NA;"IGP12";"Internet";"Macro"
"1333";"IGP12_IPABCN12";7;1050;"Inativa";"FGV/Conj. Econ. - IGP antigo";"Preços";"IPA-DI - bens de consumo não duráveis - índice (ago. 1994 = 100)";"IPA-DI - bens de consumo não duráveis - índice (ago. 1994 = 100)";"Não oculta";"Internet";5;0;0;"Revisado em 17/mai/2002.";"Geradora";"IGP12";"Internet";"Macro"
"1334";"IGP12_IPABP12";33;388;"Inativa";"FGV/Conj. Econ. - IGP antigo";"Preços";"IPA-DI - grupo II: bens de produção - índice (ago. 1994 = 100)";"IPA-DI - grupo II: bens de produção - índice (ago. 1994 = 100)";"Não oculta";"Internet";5;0;0;"Revisado em 17/mai/2002.";"Geradora";"IGP12";"Internet";"Macro"
"1335";"IGP12_IPADI12";130;86;"Ativa";"FGV/Conj. Econ. - IGP";"Preços";"IPA-EP-DI - geral - índice (ago. 1994 = 100)";"IPA-EP - geral - índice (ago. 1994 = 100)";"Não oculta";"Internet";5;0;0;"Revisada em 18/mar/2002.";NA;"IGP12";"Internet";"Macro"
"1336";"IGP12_IPAIEX12";28;441;"Inativa";"FGV/Conj. Econ. - IGP";"Preços";"IPA origem - prod. industriais - ind. extrativa - índice (ago. 1994 = 100)";"IPA origem - produtos industriais - indústria extrativa - índice (ago. 1994 = 100)";"Oculta";"Internet";5;0;0;"Revisado em 17/mai/2002.";"Geradora";"IGP12";"Oculta";"Macro"
"1337";"IGP12_IPAITR12";34;381;"Inativa";"FGV/Conj. Econ. - IGP";"Preços";"IPA origem - prod. industriais - ind. transf. - índice (ago. 1994 = 100)";"IPA origem - produtos industriais - indústria de transformação - índice (ago. 1994 = 100)";"Oculta";"Internet";5;0;0;"Revisado em 17/mai/2002.";"Geradora";"IGP12";"Oculta";"Macro"
"1338";"IGP12_IPAMC12";48;274;"Inativa";"FGV/Conj. Econ. - IGP antigo";"Preços";"IPA-DI - materiais de construção - índice (ago. 1994 = 100)";"IPA-DI - materiais de construção - índice (ago. 1994 = 100)";"Não oculta";"Internet";5;0;0;"Revisado em 17/mai/2002.";"Geradora";"IGP12";"Internet";"Macro"
"1339";"IGP12_IPAME12";54;238;"Inativa";"FGV/Conj. Econ. - IGP antigo";"Preços";"IPA-DI - máquinas, veículos e equipamentos - índice (ago. 1994 = 100)";"IPA-DI - máquinas, veículos e equipamentos - índice (ago. 1994 = 100)";"Não oculta";"Internet";5;0;0;"Revisado em 17/mai/2002.";"Geradora";"IGP12";"Internet";"Macro"
"1340";"IGP12_IPAMP12";32;398;"Inativa";"FGV/Conj. Econ. - IGP antigo";"Preços";"IPA-DI - matérias-primas - índice (ago. 1994 = 100)";"IPA-DI - matérias-primas - índice (ago. 1994 = 100)";"Não oculta";"Internet";5;0;0;"Revisado em 17/mai/2002.";"Geradora";"IGP12";"Internet";"Macro"
"1341";"IGP12_IPAUD12";4;1262;"Inativa";"FGV/Conj. Econ. - IGP antigo";"Preços";"IPA-DI - utilidades domésticas - índice (ago. 1994 = 100)";"IPA-DI - utilidades domésticas - índice (ago. 1994 = 100)";"Não oculta";"Internet";5;0;0;"Revisado em 17/mai/2002.";NA;"IGP12";"Internet";"Macro"
"1342";"IGP12_IPAA12";58;217;"Ativa";"FGV/Conj. Econ. - IGP";"Preços";"IPA-DI - origem - prod. agropecuários - índice (ago. 1994 = 100)";"IPA origem - produtos agropecuários - índice (ago. 1994 = 100)";"Não oculta";"Internet";5;0;0;"Revisado em 17/mai/2002.";"Geradora";"IGP12";"Internet";"Macro"
"1343";"IGP12_IPAOG12";67;186;"Inativa";"FGV/Conj. Econ. - IGP";"Preços";"IPA origem - geral - índice (ago. 1994 = 100)";"IPA origem - geral - índice (ago. 1994 = 100)";"Oculta";"Internet";5;0;0;"Revisada em 18/mar/2002.";NA;"IGP12";"Oculta";"Macro"
"1344";"IGP12_IPAI12";77;158;"Ativa";"FGV/Conj. Econ. - IGP";"Preços";"IPA-DI - origem - prod. industriais - índice (ago. 1994 = 100)";"IPA origem - produtos industriais - índice (ago. 1994 = 100)";"Não oculta";"Internet";5;0;0;"Revisado em 17/mai/2002.";"Geradora";"IGP12";"Internet";"Macro"
"1345";"IGP12_IPAGA12";8;996;"Inativa";"FGV/Conj. Econ. - IGP antigo";"Preços";"IPA-DI - gêneros alimentícios - índice (ago. 1994 = 100)";"IPA-DI - gêneros alimentícios - índice (ago. 1994 = 100)";"Não oculta";"Internet";5;0;0;"Revisado em 17/mai/2002.";NA;"IGP12";"Internet";"Macro"
"1346";"IGP12_IPC12";120;94;"Ativa";"FGV/Conj. Econ. - IGP";"Preços";"IPC - geral - índice (ago. 1994 = 100)";"IPC - geral - índice (ago. 1994 = 100)";"Não oculta";"Internet";5;0;0;"Revisada em 18/mar/2002.";NA;"IGP12";"Internet";"Macro"
"1347";"CE_CUTIND";67;173;"Ativa";"FGV/Conj. Econ.";"Produção";"Utilização da capacidade instalada - indústria - média";"Utilização da capacidade instalada na indústria (antiga metodologia)";"Não oculta";"Internet";180;0;0;NA;NA;"CE";"Internet";"Macro"
"1348";"FIESP_SNM";35;335;"Inativa";"Fiesp";"Salário e renda";"Salário nominal - médio - indústria - SP - var. anual";"Salário nominal médio na indústria no Estado de São Paulo: variação anual. Obs.: Série interrompida.";"Não oculta";"Internet";60;0;0;NA;NA;"FIESP";"Internet";"Macro"
"1349";"FIESP_SRM";32;365;"Inativa";"Fiesp";"Salário e renda";"Salário real - médio - indústria - SP - var. anual";"Salário real médio na indústria no Estado de São Paulo: variação anual. Obs.: Série interrompida.";"Não oculta";"Internet";60;0;0;NA;NA;"FIESP";"Internet";"Macro"
"1350";"FIESP_TSR";18;565;"Inativa";"Fiesp";"Salário e renda";"Salário real - indústria - SP - var. anual";"Salário real na indústria no Estado de São Paulo: variação anual. Obs.: Série interrompida.";"Não oculta";"Internet";60;0;0;NA;NA;"FIESP";"Internet";"Macro"
"1351";"FIESP_TVR";43;275;"Inativa";"Fiesp";"Consumo e vendas";"Vendas reais - indústria - SP - var. anual";"Vendas reais na indústria no Estado de São Paulo: variação anual. Obs.: Série interrompida.";"Não oculta";"Internet";60;0;0;NA;NA;"FIESP";"Internet";"Macro"
"1352";"FIESP12_CEEQ12";14;737;"Inativa";"Fiesp";"Consumo e vendas";"Consumo na produção - energia elétrica - indústria - índice (jun. 1978 = 100) - SP";"Índice de consumo de energia elétrica na produção do setor indústria no Estado de São Paulo (jun. 1978 = 100)";"Não oculta";"Internet";0;0;0;NA;NA;"FIESP12";"Internet";"Macro"
"1353";"FIESP12_FPNM12";18;647;"Ativa";"Fiesp";"Salário e renda";"Folha de pagamentos - média - indústria - índice (média 2006 = 100) - SP";"Folha de pagamentos - média - indústria - índice (média 2006 = 100) - SP";"Não oculta";"Internet";60;0;0;NA;NA;"FIESP12";"Internet";"Macro"
"1354";"FIESP12_FPR12";7;1050;"Ativa";"Fiesp";"Salário e renda";"Folha de pagamentos - real - indústria - índice (média 2006 = 100) - SP";"Folha de pagamentos - real - indústria - índice (média 2006 = 100) - SP";"Não oculta";"Internet";60;0;0;NA;NA;"FIESP12";"Internet";"Macro"
"1355";"FIESP12_FPRM12";10;894;"Ativa";"Fiesp";"Salário e renda";"Folha de pagamentos - real - média - indústria - índice (média 2006 = 100) - SP";"Folha de pagamentos - real - média - indústria - índice (média 2006 = 100) - SP";"Não oculta";"Internet";60;0;0;NA;NA;"FIESP12";"Internet";"Macro"
"1356";"FIESP12_HTP12";41;319;"Ativa";"Fiesp";"Emprego";"Horas trabalhadas - na produção - indústria - índice (média 2006 = 100) - SP";"Horas trabalhadas - na produção - indústria - índice (média 2006 = 100) - SP";"Não oculta";"Internet";60;0;0;NA;NA;"FIESP12";"Internet";"Macro"
"1357";"FIESP12_INA12";NA;NA;"Inativa";"Fiesp";"Produção";"INA - indústria - índice (jun. 1994 = 100) - SP";"INA - indústria - índice (jun. 1994 = 100) - SP";"Oculta";"Internet";0;0;0;NA;NA;"FIESP12";"Oculta";"Macro"
"1358";"FIESP12_INAD12";NA;NA;"Inativa";"Fiesp";"Produção";"INA - indústria - índice dessaz. (jun. 1994 = 100) - SP";"INA - indústria: índice dessazonalizado (jun. 1994 = 100) - SP";"Oculta";"Internet";0;0;0;NA;NA;"FIESP12";"Oculta";"Macro"
"1359";"FIESP12_NEINSP12";99;115;"Inativa";"Fiesp";"Emprego";"Nível de emprego - indústria - índice (jun. 1994 = 100) - SP";"Nível de emprego - indústria - índice (jun. 1994 = 100) - SP";"Oculta";"Internet";0;0;0;NA;NA;"FIESP12";"Oculta";"Macro"
"1360";"FIESP12_NUCI12";NA;NA;"Ativa";"Fiesp";"Produção";"Utilização da capacidade instalada - indústria - SP";"Utilização da capacidade instalada na indústria no Estado de São Paulo";"Não oculta";"Internet";60;0;0;NA;NA;"FIESP12";"Internet";"Macro"
"1361";"FIESP12_SNM12";23;526;"Ativa";"Fiesp";"Salário e renda";"Salário nominal - médio - indústria - índice (média 2006 = 100) - SP";"Salário nominal médio na indústria no Estado de São Paulo: índice (jan. 2006 = 100)";"Não oculta";"Internet";60;0;0;NA;NA;"FIESP12";"Internet";"Macro"
"1362";"FIESP12_SRM12";57;222;"Ativa";"Fiesp";"Salário e renda";"Salário real - médio - indústria - índice (média 2006 = 100) - SP";"Salário real - médio - indústria - índice (média 2006 = 100) - SP";"Não oculta";"Internet";60;0;0;NA;NA;"FIESP12";"Internet";"Macro"
"1363";"FIESP12_TFPN12";21;569;"Ativa";"Fiesp";"Salário e renda";"Folha de pagamentos - indústria - índice (média 2006 = 100) - SP";"Folha de pagamentos - indústria - índice (média 2006 = 100) - SP";"Não oculta";"Internet";60;0;0;NA;NA;"FIESP12";"Internet";"Macro"
"1364";"FIESP12_THP12";46;289;"Ativa";"Fiesp";"Emprego";"Horas pagas - indústria - índice (média 2006 = 100) - SP";"Horas pagas - indústria - índice (média 2006 = 100) - SP";"Não oculta";"Internet";60;0;0;NA;NA;"FIESP12";"Internet";"Macro"
"1365";"FIESP12_TPO12";40;330;"Ativa";"Fiesp";"Emprego";"Pessoal ocupado - indústria - índice (média 2006 = 100) - SP";"Pessoal ocupado - indústria - índice (média 2006 = 100) - SP";"Não oculta";"Internet";60;0;0;NA;NA;"FIESP12";"Internet";"Macro"
"1366";"FIESP12_TSN12";22;542;"Ativa";"Fiesp";"Salário e renda";"Salário nominal - indústria - índice (média 2006 = 100) - SP";"Salário nominal na indústria no Estado de São Paulo: índice (jan. 2006 = 100)";"Não oculta";"Internet";60;0;0;NA;NA;"FIESP12";"Internet";"Macro"
"1367";"FIESP12_TSR12";60;209;"Ativa";"Fiesp";"Salário e renda";"Salário real - indústria - índice (média 2006 = 100) - SP";"Salário real - indústria - índice (média 2006 = 100) - SP";"Não oculta";"Internet";60;0;0;NA;NA;"FIESP12";"Internet";"Macro"
"1368";"FIESP12_TVN12";22;542;"Ativa";"Fiesp";"Consumo e vendas";"Vendas nominais - indústria - índice (média 2006 = 100) - SP";"Vendas nominais na indústria no Estado de São Paulo: índice (jan. 2006 = 100)";"Não oculta";"Internet";60;0;0;NA;NA;"FIESP12";"Internet";"Macro"
"1369";"FIESP12_TVR12";38;345;"Ativa";"Fiesp";"Consumo e vendas";"Vendas reais - indústria - índice (média 2006 = 100) - SP";"Vendas reais - indústria - índice (média 2006 = 100) - SP";"Não oculta";"Internet";60;0;0;NA;NA;"FIESP12";"Internet";"Macro"
"1370";"FIPE12_FIPE0118";10;894;"Ativa";"Fipe";"Preços";"IPC - grupo: alimentação - RMSP - var.";"IPC - grupo: alimentação - RMSP - var.";"Não oculta";"Internet";5;0;0;"FIPE002 até 02/mar/2001.";NA;"FIPE12";"Internet";"Macro"
"1371";"FIPE12_FIPEOLD003";NA;NA;"Inativa";"Fipe";"Preços";"IPC - grupo: alimentação - no domicílio - RMSP - var.";"IPC - grupo: alimentação - no domicílio - RMSP - var.";"Não oculta";"Intranet";15;0;0;"FIPE003 até 02/mar/2001.";NA;"FIPE12";"Intranet";"Macro"
"1372";"FIPE12_FIPE0246";NA;NA;"Ativa";"Fipe";"Preços";"IPC - grupo: alimentação - semi-elaborados - RMSP - var.";"IPC - grupo: alimentação - semi-elaborados - RMSP - var.";"Não oculta";"Intranet";5;0;0;"FIPE004 até 02/mar/2001.";NA;"FIPE12";"Intranet";"Macro"
"1373";"FIPE12_FIPE0247";NA;NA;"Ativa";"Fipe";"Preços";"IPC - grupo: alimentação - semi-elaborados - carnes bovinas - RMSP - var.";"IPC - grupo: alimentação - semi-elaborados - carnes bovinas - RMSP - var.";"Não oculta";"Intranet";5;0;0;"FIPE005 até 02/mar/2001.";NA;"FIPE12";"Intranet";"Macro"
"1374";"FIPE12_FIPE0248";NA;NA;"Ativa";"Fipe";"Preços";"IPC - coxão mole - RMSP - var.";"IPC - coxão mole - RMSP - var.";"Não oculta";"Intranet";5;0;0;"FIPE006 até 02/mar/2001.";NA;"FIPE12";"Intranet";"Macro"
"1375";"FIPE12_FIPE0249";NA;NA;"Ativa";"Fipe";"Preços";"IPC - alcatra - RMSP - var.";"IPC - alcatra - RMSP - var.";"Não oculta";"Intranet";5;0;0;"FIPE007 até 02/mar/2001.";NA;"FIPE12";"Intranet";"Macro"
"1376";"FIPE12_FIPE0250";NA;NA;"Ativa";"Fipe";"Preços";"IPC - contra-filé - RMSP - var.";"IPC - contra-filé - RMSP - var.";"Não oculta";"Intranet";5;0;0;"FIPE008 até 02/mar/2001.";NA;"FIPE12";"Intranet";"Macro"
"1377";"FIPE12_FIPE0251";NA;NA;"Ativa";"Fipe";"Preços";"IPC - patinho - RMSP - var.";"IPC - patinho - RMSP - var.";"Não oculta";"Intranet";5;0;0;"FIPE009 até 02/mar/2001.";NA;"FIPE12";"Intranet";"Macro"
"1378";"FIPE12_FIPE0252";NA;NA;"Ativa";"Fipe";"Preços";"IPC - coxão duro - RMSP - var.";"IPC - coxão duro - RMSP - var.";"Não oculta";"Intranet";5;0;0;"FIPE010 até 02/mar/2001.";NA;"FIPE12";"Intranet";"Macro"
"1379";"FIPE12_FIPE0253";NA;NA;"Ativa";"Fipe";"Preços";"IPC - lagarto - RMSP - var.";"IPC - lagarto - RMSP - var.";"Não oculta";"Intranet";5;0;0;"FIPE011 até 02/mar/2001.";NA;"FIPE12";"Intranet";"Macro"
"1380";"FIPE12_FIPE0254";NA;NA;"Ativa";"Fipe";"Preços";"IPC - filé mignon - RMSP - var.";"IPC - filé mignon - RMSP - var.";"Não oculta";"Intranet";5;0;0;"FIPE012 até 02/mar/2001.";NA;"FIPE12";"Intranet";"Macro"
"1381";"FIPE12_FIPE0256";NA;NA;"Ativa";"Fipe";"Preços";"IPC - acém - RMSP - var.";"IPC - acém - RMSP - var.";"Não oculta";"Intranet";5;0;0;"FIPE013 até 02/mar/2001.";NA;"FIPE12";"Intranet";"Macro"
"1382";"FIPE12_FIPE0257";NA;NA;"Ativa";"Fipe";"Preços";"IPC - costela bovina - RMSP - var.";"IPC - costela bovina - RMSP - var.";"Não oculta";"Intranet";5;0;0;"FIPE014 até 02/mar/2001.";NA;"FIPE12";"Intranet";"Macro"
"1383";"FIPE12_FIPE0258";NA;NA;"Ativa";"Fipe";"Preços";"IPC - músculo - RMSP - var.";"IPC - músculo - RMSP - var.";"Não oculta";"Intranet";5;0;0;"FIPE015 até 02/mar/2001.";NA;"FIPE12";"Intranet";"Macro"
"1384";"FIPE12_FIPE0259";NA;NA;"Inativa";"Fipe";"Preços";"IPC - capa de filé - RMSP - var.";"IPC - capa de filé - RMSP - var.";"Não oculta";"Intranet";5;0;0;"FIPE016 até 02/mar/2001.";NA;"FIPE12";"Intranet";"Macro"
"1385";"FIPE12_FIPE0260";NA;NA;"Ativa";"Fipe";"Preços";"IPC - braço (paleta) - RMSP - var.";"IPC - braço (paleta) - RMSP - var.";"Não oculta";"Intranet";5;0;0;"FIPE017 até 02/mar/2001.";NA;"FIPE12";"Intranet";"Macro"
"1386";"FIPE12_FIPE0261";NA;NA;"Inativa";"Fipe";"Preços";"IPC - cupim - RMSP - var.";"IPC - cupim - RMSP - var.";"Não oculta";"Intranet";5;0;0;"FIPE018 até 02/mar/2001.";NA;"FIPE12";"Intranet";"Macro"
"1387";"FIPE12_FIPE0262";NA;NA;"Inativa";"Fipe";"Preços";"IPC - peito sem osso - RMSP - var.";"IPC - peito sem osso - RMSP - var.";"Não oculta";"Intranet";5;0;0;"FIPE019 até 02/mar/2001.";NA;"FIPE12";"Intranet";"Macro"
"1388";"FIPE12_FIPE0263";NA;NA;"Ativa";"Fipe";"Preços";"IPC - fígado - RMSP - var.";"IPC - fígado - RMSP - var.";"Não oculta";"Intranet";5;0;0;"FIPE020 até 02/mar/2001.";NA;"FIPE12";"Intranet";"Macro"
"1389";"FIPE12_FIPE0265";NA;NA;"Ativa";"Fipe";"Preços";"IPC - grupo: alimentação - semi-elaborados - carnes suínas - RMSP - var.";"IPC - grupo: alimentação - semi-elaborados - carnes suínas - RMSP - var.";"Não oculta";"Intranet";5;0;0;"FIPE021 até 02/mar/2001.";NA;"FIPE12";"Intranet";"Macro"
"1390";"FIPE12_FIPE0266";NA;NA;"Ativa";"Fipe";"Preços";"IPC - pernil com osso - RMSP - var.";"IPC - pernil com osso - RMSP - var.";"Não oculta";"Intranet";5;0;0;"FIPE022 até 02/mar/2001.";NA;"FIPE12";"Intranet";"Macro"
"1391";"FIPE12_FIPE0267";NA;NA;"Ativa";"Fipe";"Preços";"IPC - lombo com osso - RMSP - var.";"IPC - lombo com osso - RMSP - var.";"Não oculta";"Intranet";5;0;0;"FIPE023 até 02/mar/2001.";NA;"FIPE12";"Intranet";"Macro"
"1392";"FIPE12_FIPE0268";NA;NA;"Ativa";"Fipe";"Preços";"IPC - costela suína - RMSP - var.";"IPC - costela suína - RMSP - var.";"Não oculta";"Intranet";5;0;0;"FIPE024 até 02/mar/2001.";NA;"FIPE12";"Intranet";"Macro"
"1393";"FIPE12_FIPE0269";NA;NA;"Inativa";"Fipe";"Preços";"IPC - toucinho fresco - RMSP - var.";"IPC - toucinho fresco - RMSP - var.";"Não oculta";"Intranet";5;0;0;"FIPE025 até 02/mar/2001.";NA;"FIPE12";"Intranet";"Macro"
"1394";"FIPE12_FIPE0270";NA;NA;"Ativa";"Fipe";"Preços";"IPC - grupo: alimentação - semi-elaborados - aves - RMSP - var.";"IPC - grupo: alimentação - semi-elaborados - aves - RMSP - var.";"Não oculta";"Intranet";5;0;0;"FIPE026 até 02/mar/2001.";NA;"FIPE12";"Intranet";"Macro"
"1395";"FIPE12_FIPE0271";NA;NA;"Ativa";"Fipe";"Preços";"IPC - frango - RMSP - var.";"IPC - frango - RMSP - var.";"Não oculta";"Intranet";5;0;0;"FIPE027 até 02/mar/2001.";NA;"FIPE12";"Intranet";"Macro"
"1396";"FIPE12_FIPE0274";NA;NA;"Ativa";"Fipe";"Preços";"IPC - grupo: alimentação - semi-elaborados - pescados - RMSP - var.";"IPC - grupo: alimentação - semi-elaborados - pescados - RMSP - var.";"Não oculta";"Intranet";5;0;0;"FIPE028 até 02/mar/2001.";NA;"FIPE12";"Intranet";"Macro"
"1397";"FIPE12_FIPE0275";NA;NA;"Ativa";"Fipe";"Preços";"IPC - pescada - RMSP - var.";"IPC - pescada - RMSP - var.";"Não oculta";"Intranet";5;0;0;"FIPE029 até 02/mar/2001.";NA;"FIPE12";"Intranet";"Macro"
"1398";"FIPE12_FIPE0276";NA;NA;"Ativa";"Fipe";"Preços";"IPC - sardinha - RMSP - var.";"IPC - sardinha - RMSP - var.";"Não oculta";"Intranet";5;0;0;"FIPE030 até 02/mar/2001.";NA;"FIPE12";"Intranet";"Macro"
"1399";"FIPE12_FIPE0277";NA;NA;"Ativa";"Fipe";"Preços";"IPC - cação - RMSP - var.";"IPC - cação - RMSP - var.";"Não oculta";"Intranet";5;0;0;"FIPE031 até 02/mar/2001.";NA;"FIPE12";"Intranet";"Macro"
"1400";"FIPE12_FIPE0278";NA;NA;"Ativa";"Fipe";"Preços";"IPC - corvina - RMSP - var.";"IPC - corvina - RMSP - var.";"Não oculta";"Intranet";5;0;0;"FIPE032 até 02/mar/2001.";NA;"FIPE12";"Intranet";"Macro"
"1401";"FIPE12_FIPE0281";NA;NA;"Ativa";"Fipe";"Preços";"IPC - camarão - RMSP - var.";"IPC - camarão - RMSP - var.";"Não oculta";"Intranet";5;0;0;"FIPE033 até 02/mar/2001.";NA;"FIPE12";"Intranet";"Macro"
"1402";"FIPE12_FIPE0282";NA;NA;"Ativa";"Fipe";"Preços";"IPC - grupo: alimentação - semi-elaborados - leites - RMSP - var.";"IPC - grupo: alimentação - semi-elaborados - leites - RMSP - var.";"Não oculta";"Intranet";5;0;0;"FIPE034 até 02/mar/2001.";NA;"FIPE12";"Intranet";"Macro"
"1403";"FIPE12_FIPE0286";NA;NA;"Ativa";"Fipe";"Preços";"IPC - leite especial - RMSP - var.";"IPC - leite especial - RMSP - var.";"Não oculta";"Intranet";5;0;0;"FIPE035 até 02/mar/2001.";NA;"FIPE12";"Intranet";"Macro"
"1404";"FIPE12_FIPE0285";NA;NA;"Ativa";"Fipe";"Preços";"IPC - leite tipo B - RMSP - var.";"IPC - leite tipo B - RMSP - var.";"Não oculta";"Intranet";5;0;0;"FIPE036 até 02/mar/2001.";NA;"FIPE12";"Intranet";"Macro"
"1405";"FIPE12_FIPE0283";NA;NA;"Ativa";"Fipe";"Preços";"IPC - leite longa vida - RMSP - var.";"IPC - leite longa vida - RMSP - var.";"Não oculta";"Intranet";5;0;0;"FIPE037 até 02/mar/2001.";NA;"FIPE12";"Intranet";"Macro"
"1406";"FIPE12_FIPEOLD038";NA;NA;"Inativa";"Fipe";"Preços";"IPC - grupo: alimentação - semi-elaborados - arroz e feijão - RMSP - var.";"IPC - grupo: alimentação - semi-elaborados - arroz e feijão - RMSP - var.";"Não oculta";"Intranet";15;0;0;"FIPE038 até 02/mar/2001.";NA;"FIPE12";"Intranet";"Macro"
"1407";"FIPE12_FIPE0288";NA;NA;"Ativa";"Fipe";"Preços";"IPC - arroz - RMSP - var.";"IPC - arroz - RMSP - var.";"Não oculta";"Intranet";5;0;0;"FIPE039 até 02/mar/2001.";NA;"FIPE12";"Intranet";"Macro"
"1408";"FIPE12_FIPE0289";NA;NA;"Ativa";"Fipe";"Preços";"IPC - feijão - RMSP - var.";"IPC - feijão - RMSP - var.";"Não oculta";"Intranet";5;0;0;"FIPE040 até 02/mar/2001.";NA;"FIPE12";"Intranet";"Macro"
"1409";"FIPE12_FIPE0119";NA;NA;"Ativa";"Fipe";"Preços";"IPC - grupo: alimentação - industrializados - RMSP - var.";"IPC - grupo: alimentação - industrializados - RMSP - var.";"Não oculta";"Intranet";5;0;0;"FIPE041 até 02/mar/2001.";NA;"FIPE12";"Intranet";"Macro"
"1410";"FIPE12_FIPE0120";NA;NA;"Ativa";"Fipe";"Preços";"IPC - grupo: alimentação - industrializados - derivados do leite - RMSP - var.";"IPC - grupo: alimentação - industrializados - derivados do leite - RMSP - var.";"Não oculta";"Intranet";5;0;0;"FIPE042 até 02/mar/2001.";NA;"FIPE12";"Intranet";"Macro"
"1411";"FIPE12_FIPE0121";NA;NA;"Ativa";"Fipe";"Preços";"IPC - leite em pó - RMSP - var.";"IPC - leite em pó - RMSP - var.";"Não oculta";"Intranet";5;0;0;"FIPE043 até 02/mar/2001.";NA;"FIPE12";"Intranet";"Macro"
"1412";"FIPE12_FIPE0122";NA;NA;"Ativa";"Fipe";"Preços";"IPC - leite condensado - RMSP - var.";"IPC - leite condensado - RMSP - var.";"Não oculta";"Intranet";5;0;0;"FIPE044 até 02/mar/2001.";NA;"FIPE12";"Intranet";"Macro"
"1413";"FIPE12_FIPE0124";NA;NA;"Ativa";"Fipe";"Preços";"IPC - creme de leite - RMSP - var.";"IPC - creme de leite - RMSP - var.";"Não oculta";"Intranet";5;0;0;"FIPE045 até 02/mar/2001.";NA;"FIPE12";"Intranet";"Macro"
"1414";"FIPE12_FIPE0125";NA;NA;"Ativa";"Fipe";"Preços";"IPC - margarina - RMSP - var.";"IPC - margarina - RMSP - var.";"Não oculta";"Intranet";5;0;0;"FIPE046 até 02/mar/2001.";NA;"FIPE12";"Intranet";"Macro"
"1415";"FIPE12_FIPE0126";NA;NA;"Ativa";"Fipe";"Preços";"IPC - manteiga - RMSP - var.";"IPC - manteiga - RMSP - var.";"Não oculta";"Intranet";5;0;0;"FIPE047 até 02/mar/2001.";NA;"FIPE12";"Intranet";"Macro"
"1416";"FIPE12_FIPE0127";NA;NA;"Ativa";"Fipe";"Preços";"IPC - queijo mussarela - RMSP - var.";"IPC - queijo mussarela - RMSP - var.";"Não oculta";"Intranet";5;0;0;"FIPE048 até 02/mar/2001.";NA;"FIPE12";"Intranet";"Macro"
"1417";"FIPE12_FIPE0128";NA;NA;"Ativa";"Fipe";"Preços";"IPC - queijo prato - RMSP - var.";"IPC - queijo prato - RMSP - var.";"Não oculta";"Intranet";5;0;0;"FIPE049 até 02/mar/2001.";NA;"FIPE12";"Intranet";"Macro"
"1418";"FIPE12_FIPE0130";NA;NA;"Ativa";"Fipe";"Preços";"IPC - queijo fresco - RMSP - var.";"IPC - queijo fresco - RMSP - var.";"Não oculta";"Intranet";5;0;0;"FIPE050 até 02/mar/2001.";NA;"FIPE12";"Intranet";"Macro"
"1419";"FIPE12_FIPE0131";NA;NA;"Ativa";"Fipe";"Preços";"IPC - queijo ralado - RMSP - var.";"IPC - queijo ralado - RMSP - var.";"Não oculta";"Intranet";5;0;0;"FIPE051 até 02/mar/2001.";NA;"FIPE12";"Intranet";"Macro"
"1420";"FIPE12_FIPE0132";NA;NA;"Ativa";"Fipe";"Preços";"IPC - requeijão - RMSP - var.";"IPC - requeijão - RMSP - var.";"Não oculta";"Intranet";5;0;0;"FIPE052 até 02/mar/2001.";NA;"FIPE12";"Intranet";"Macro"
"1421";"FIPE12_FIPE0133";NA;NA;"Ativa";"Fipe";"Preços";"IPC - iogurte - RMSP - var.";"IPC - iogurte - RMSP - var.";"Não oculta";"Intranet";5;0;0;"FIPE053 até 02/mar/2001.";NA;"FIPE12";"Intranet";"Macro"
"1422";"FIPE12_FIPE0135";NA;NA;"Ativa";"Fipe";"Preços";"IPC - leite fermentado - RMSP - var.";"IPC - leite fermentado - RMSP - var.";"Não oculta";"Intranet";5;0;0;"FIPE054 até 02/mar/2001.";NA;"FIPE12";"Intranet";"Macro"
"1423";"FIPE12_FIPE0136";NA;NA;"Ativa";"Fipe";"Preços";"IPC - grupo: alimentação - industrializados - derivados da carne - RMSP - var.";"IPC - grupo: alimentação - industrializados - derivados da carne - RMSP - var.";"Não oculta";"Intranet";5;0;0;"FIPE055 até 02/mar/2001.";NA;"FIPE12";"Intranet";"Macro"
"1424";"FIPE12_FIPE0137";NA;NA;"Ativa";"Fipe";"Preços";"IPC - lingüiça - RMSP - var.";"IPC - lingüiça - RMSP - var.";"Não oculta";"Intranet";5;0;0;"FIPE056 até 02/mar/2001.";NA;"FIPE12";"Intranet";"Macro"
"1425";"FIPE12_FIPE0138";NA;NA;"Ativa";"Fipe";"Preços";"IPC - salsicha - RMSP - var.";"IPC - salsicha - RMSP - var.";"Não oculta";"Intranet";5;0;0;"FIPE057 até 02/mar/2001.";NA;"FIPE12";"Intranet";"Macro"
"1426";"FIPE12_FIPE0140";NA;NA;"Ativa";"Fipe";"Preços";"IPC - presunto - RMSP - var.";"IPC - presunto - RMSP - var.";"Não oculta";"Intranet";5;0;0;"FIPE058 até 02/mar/2001.";NA;"FIPE12";"Intranet";"Macro"
"1427";"FIPE12_FIPE0141";NA;NA;"Ativa";"Fipe";"Preços";"IPC - mortadela - RMSP - var.";"IPC - mortadela - RMSP - var.";"Não oculta";"Intranet";5;0;0;"FIPE059 até 02/mar/2001.";NA;"FIPE12";"Intranet";"Macro"
"1428";"FIPE12_FIPE0142";NA;NA;"Ativa";"Fipe";"Preços";"IPC - salame - RMSP - var.";"IPC - salame - RMSP - var.";"Não oculta";"Intranet";5;0;0;"FIPE060 até 02/mar/2001.";NA;"FIPE12";"Intranet";"Macro"
"1429";"FIPE12_FIPE0144";NA;NA;"Ativa";"Fipe";"Preços";"IPC - hambúrguer - RMSP - var.";"IPC - hambúrguer - RMSP - var.";"Não oculta";"Intranet";5;0;0;"FIPE061 até 02/mar/2001.";NA;"FIPE12";"Intranet";"Macro"
"1430";"FIPE12_FIPE0146";NA;NA;"Ativa";"Fipe";"Preços";"IPC - toucinho defumado - RMSP - var.";"IPC - toucinho defumado - RMSP - var.";"Não oculta";"Intranet";5;0;0;"FIPE062 até 02/mar/2001.";NA;"FIPE12";"Intranet";"Macro"
"1431";"FIPE12_FIPE0148";NA;NA;"Ativa";"Fipe";"Preços";"IPC - carne seca - RMSP - var.";"IPC - carne seca - RMSP - var.";"Não oculta";"Intranet";5;0;0;"FIPE063 até 02/mar/2001.";NA;"FIPE12";"Intranet";"Macro"
"1432";"FIPE12_FIPE0149";NA;NA;"Ativa";"Fipe";"Preços";"IPC - grupo: alimentação - industrializados - panificados - RMSP - var.";"IPC - grupo: alimentação - industrializados - panificados - RMSP - var.";"Não oculta";"Intranet";5;0;0;"FIPE064 até 02/mar/2001.";NA;"FIPE12";"Intranet";"Macro"
"1433";"FIPE12_FIPE0150";NA;NA;"Ativa";"Fipe";"Preços";"IPC - pão francês - RMSP - var.";"IPC - pão francês - RMSP - var.";"Não oculta";"Intranet";5;0;0;"FIPE065 até 02/mar/2001.";NA;"FIPE12";"Intranet";"Macro"
"1434";"FIPE12_FIPE0152";NA;NA;"Ativa";"Fipe";"Preços";"IPC - pão de forma - RMSP - var.";"IPC - pão de forma - RMSP - var.";"Não oculta";"Intranet";5;0;0;"FIPE066 até 02/mar/2001.";NA;"FIPE12";"Intranet";"Macro"
"1435";"FIPE12_FIPE0158";NA;NA;"Ativa";"Fipe";"Preços";"IPC - bolo de forma - RMSP - var.";"IPC - bolo de forma - RMSP - var.";"Não oculta";"Intranet";5;0;0;"FIPE067 até 02/mar/2001.";NA;"FIPE12";"Intranet";"Macro"
"1436";"FIPE12_FIPEOLD068";NA;NA;"Inativa";"Fipe";"Preços";"IPC - grupo: alimentação - industrializados - cafés, chá e bebidas achocolatadas - RMSP - var.";"IPC - grupo: alimentação - industrializados - cafés, chá e bebidas achocolatadas - RMSP - var.";"Não oculta";"Intranet";15;0;0;"FIPE068 até 02/mar/2001.";NA;"FIPE12";"Intranet";"Macro"
"1437";"FIPE12_FIPE0173";NA;NA;"Ativa";"Fipe";"Preços";"IPC - café em pó - RMSP - var.";"IPC - café em pó - RMSP - var.";"Não oculta";"Intranet";5;0;0;"FIPE069 até 02/mar/2001.";NA;"FIPE12";"Intranet";"Macro"
"1438";"FIPE12_FIPE0174";NA;NA;"Ativa";"Fipe";"Preços";"IPC - café solúvel - RMSP - var.";"IPC - café solúvel - RMSP - var.";"Não oculta";"Intranet";5;0;0;"FIPE070 até 02/mar/2001.";NA;"FIPE12";"Intranet";"Macro"
"1439";"FIPE12_FIPEOLD071";NA;NA;"Inativa";"Fipe";"Preços";"IPC - bebidas achocolatadas - RMSP - var.";"IPC - bebidas achocolatadas - RMSP - var.";"Não oculta";"Intranet";15;0;0;"FIPE071 até 02/mar/2001.";NA;"FIPE12";"Intranet";"Macro"
"1440";"FIPE12_FIPE0176";NA;NA;"Ativa";"Fipe";"Preços";"IPC - chá-mate - RMSP - var.";"IPC - chá-mate - RMSP - var.";"Não oculta";"Intranet";5;0;0;"FIPE072 até 02/mar/2001.";NA;"FIPE12";"Intranet";"Macro"
"1441";"FIPE12_FIPE0224";NA;NA;"Ativa";"Fipe";"Preços";"IPC - grupo: alimentação - industrializados - adoçantes - RMSP - var.";"IPC - grupo: alimentação - industrializados - adoçantes - RMSP - var.";"Não oculta";"Intranet";5;0;0;"FIPE073 até 02/mar/2001.";NA;"FIPE12";"Intranet";"Macro"
"1442";"FIPE12_FIPE0225";NA;NA;"Ativa";"Fipe";"Preços";"IPC - açúcar - RMSP - var.";"IPC - açúcar - RMSP - var.";"Não oculta";"Intranet";5;0;0;"FIPE074 até 02/mar/2001.";NA;"FIPE12";"Intranet";"Macro"
"1443";"FIPE12_FIPE0226";NA;NA;"Inativa";"Fipe";"Preços";"IPC - mel - RMSP - var.";"IPC - mel - RMSP - var.";"Não oculta";"Intranet";5;0;0;"FIPE075 até 02/mar/2001.";NA;"FIPE12";"Intranet";"Macro"
"1444";"FIPE12_FIPE0227";NA;NA;"Ativa";"Fipe";"Preços";"IPC - adoçante - RMSP - var.";"IPC - adoçante - RMSP - var.";"Não oculta";"Intranet";5;0;0;"FIPE076 até 02/mar/2001.";NA;"FIPE12";"Intranet";"Macro"
"1445";"FIPE12_FIPE0159";NA;NA;"Ativa";"Fipe";"Preços";"IPC - grupo: alimentação - industrializados - doces - RMSP - var.";"IPC - grupo: alimentação - industrializados - doces - RMSP - var.";"Não oculta";"Intranet";5;0;0;"FIPE077 até 02/mar/2001.";NA;"FIPE12";"Intranet";"Macro"
"1446";"FIPE12_FIPE0160";NA;NA;"Ativa";"Fipe";"Preços";"IPC - chocolate - RMSP - var.";"IPC - chocolate - RMSP - var.";"Não oculta";"Intranet";5;0;0;"FIPE078 até 02/mar/2001.";NA;"FIPE12";"Intranet";"Macro"
"1447";"FIPE12_FIPE0162";NA;NA;"Ativa";"Fipe";"Preços";"IPC - sorvete - RMSP - var.";"IPC - sorvete - RMSP - var.";"Não oculta";"Intranet";5;0;0;"FIPE079 até 02/mar/2001.";NA;"FIPE12";"Intranet";"Macro"
"1448";"FIPE12_FIPE0163";NA;NA;"Ativa";"Fipe";"Preços";"IPC - gelatina - RMSP - var.";"IPC - gelatina - RMSP - var.";"Não oculta";"Intranet";5;0;0;"FIPE080 até 02/mar/2001.";NA;"FIPE12";"Intranet";"Macro"
"1449";"FIPE12_FIPE0164";NA;NA;"Inativa";"Fipe";"Preços";"IPC - geléia - RMSP - var.";"IPC - geléia - RMSP - var.";"Não oculta";"Intranet";5;0;0;"FIPE081 até 02/mar/2001.";NA;"FIPE12";"Intranet";"Macro"
"1450";"FIPE12_FIPE0165";NA;NA;"Ativa";"Fipe";"Preços";"IPC - balas - RMSP - var.";"IPC - balas - RMSP - var.";"Não oculta";"Intranet";5;0;0;"FIPE082 até 02/mar/2001.";NA;"FIPE12";"Intranet";"Macro"
"1451";"FIPE12_FIPE0167";NA;NA;"Ativa";"Fipe";"Preços";"IPC - doce de leite - RMSP - var.";"IPC - doce de leite - RMSP - var.";"Não oculta";"Intranet";5;0;0;"FIPE083 até 02/mar/2001.";NA;"FIPE12";"Intranet";"Macro"
"1452";"FIPE12_FIPE0168";NA;NA;"Ativa";"Fipe";"Preços";"IPC - goiabada - RMSP - var.";"IPC - goiabada - RMSP - var.";"Não oculta";"Intranet";5;0;0;"FIPE084 até 02/mar/2001.";NA;"FIPE12";"Intranet";"Macro"
"1453";"FIPE12_FIPE0169";NA;NA;"Inativa";"Fipe";"Preços";"IPC - fruta em calda - RMSP - var.";"IPC - fruta em calda - RMSP - var.";"Não oculta";"Intranet";5;0;0;"FIPE085 até 02/mar/2001.";NA;"FIPE12";"Intranet";"Macro"
"1454";"FIPE12_FIPE0179";NA;NA;"Ativa";"Fipe";"Preços";"IPC - grupo: alimentação - industrializados - biscoitos e salgadinhos - RMSP - var.";"IPC - grupo: alimentação - industrializados - biscoitos e salgadinhos - RMSP - var.";"Não oculta";"Intranet";5;0;0;"FIPE086 até 02/mar/2001.";NA;"FIPE12";"Intranet";"Macro"
"1455";"FIPE12_FIPE0181";NA;NA;"Ativa";"Fipe";"Preços";"IPC - biscoito água e sal - RMSP - var.";"IPC - biscoito água e sal - RMSP - var.";"Não oculta";"Intranet";5;0;0;"FIPE087 até 02/mar/2001.";NA;"FIPE12";"Intranet";"Macro"
"1456";"FIPE12_FIPE0180";NA;NA;"Ativa";"Fipe";"Preços";"IPC - biscoito recheado - RMSP - var.";"IPC - biscoito recheado - RMSP - var.";"Não oculta";"Intranet";5;0;0;"FIPE088 até 02/mar/2001.";NA;"FIPE12";"Intranet";"Macro"
"1457";"FIPE12_FIPE0182";NA;NA;"Ativa";"Fipe";"Preços";"IPC - biscoito cream-cracker - RMSP - var.";"IPC - biscoito cream-cracker - RMSP - var.";"Não oculta";"Intranet";5;0;0;"FIPE089 até 02/mar/2001.";NA;"FIPE12";"Intranet";"Macro"
"1458";"FIPE12_FIPE0183";NA;NA;"Ativa";"Fipe";"Preços";"IPC - biscoito maisena - RMSP - var.";"IPC - biscoito maisena - RMSP - var.";"Não oculta";"Intranet";5;0;0;"FIPE090 até 02/mar/2001.";NA;"FIPE12";"Intranet";"Macro"
"1459";"FIPE12_FIPE0184";NA;NA;"Ativa";"Fipe";"Preços";"IPC - biscoito leite - RMSP - var.";"IPC - biscoito leite - RMSP - var.";"Não oculta";"Intranet";5;0;0;"FIPE091 até 02/mar/2001.";NA;"FIPE12";"Intranet";"Macro"
"1460";"FIPE12_FIPE0186";NA;NA;"Ativa";"Fipe";"Preços";"IPC - biscoito wafer - RMSP - var.";"IPC - biscoito wafer - RMSP - var.";"Não oculta";"Intranet";5;0;0;"FIPE092 até 02/mar/2001.";NA;"FIPE12";"Intranet";"Macro"
"1461";"FIPE12_FIPE0187";NA;NA;"Ativa";"Fipe";"Preços";"IPC - cereal matinal - RMSP - var.";"IPC - cereal matinal - RMSP - var.";"Não oculta";"Intranet";5;0;0;"FIPE093 até 02/mar/2001.";NA;"FIPE12";"Intranet";"Macro"
"1462";"FIPE12_FIPE0188";NA;NA;"Ativa";"Fipe";"Preços";"IPC - salgadinhos - RMSP - var.";"IPC - salgadinhos - RMSP - var.";"Não oculta";"Intranet";5;0;0;"FIPE094 até 02/mar/2001.";NA;"FIPE12";"Intranet";"Macro"
"1463";"FIPE12_FIPE0219";NA;NA;"Ativa";"Fipe";"Preços";"IPC - grupo: alimentação - industrializados - óleos - RMSP - var.";"IPC - grupo: alimentação - industrializados - óleos - RMSP - var.";"Não oculta";"Intranet";5;0;0;"FIPE095 até 02/mar/2001.";NA;"FIPE12";"Intranet";"Macro"
"1464";"FIPE12_FIPE0220";NA;NA;"Ativa";"Fipe";"Preços";"IPC - óleo de soja - RMSP - var.";"IPC - óleo de soja - RMSP - var.";"Não oculta";"Intranet";5;0;0;"FIPE096 até 02/mar/2001.";NA;"FIPE12";"Intranet";"Macro"
"1465";"FIPE12_FIPE0221";NA;NA;"Ativa";"Fipe";"Preços";"IPC - óleo de milho - RMSP - var.";"IPC - óleo de milho - RMSP - var.";"Não oculta";"Intranet";5;0;0;"FIPE097 até 02/mar/2001.";NA;"FIPE12";"Intranet";"Macro"
"1466";"FIPE12_FIPE0223";NA;NA;"Ativa";"Fipe";"Preços";"IPC - azeite de oliva - RMSP - var.";"IPC - azeite de oliva - RMSP - var.";"Não oculta";"Intranet";5;0;0;"FIPE098 até 02/mar/2001.";NA;"FIPE12";"Intranet";"Macro"
"1467";"FIPE12_FIPE0189";NA;NA;"Ativa";"Fipe";"Preços";"IPC - grupo: alimentação - industrializados - massas, farinhas e féculas - RMSP - var.";"IPC - grupo: alimentação - industrializados - massas, farinhas e féculas - RMSP - var.";"Não oculta";"Intranet";5;0;0;"FIPE099 até 02/mar/2001.";NA;"FIPE12";"Intranet";"Macro"
"1468";"FIPE12_FIPE0190";NA;NA;"Ativa";"Fipe";"Preços";"IPC - macarrão - RMSP - var.";"IPC - macarrão - RMSP - var.";"Não oculta";"Intranet";5;0;0;"FIPE100 até 02/mar/2001.";NA;"FIPE12";"Intranet";"Macro"
"1469";"FIPE12_FIPE0191";NA;NA;"Ativa";"Fipe";"Preços";"IPC - massa fresca - RMSP - var.";"IPC - massa fresca - RMSP - var.";"Não oculta";"Intranet";5;0;0;"FIPE101 até 02/mar/2001.";NA;"FIPE12";"Intranet";"Macro"
"1470";"FIPE12_FIPE0192";NA;NA;"Ativa";"Fipe";"Preços";"IPC - macarrão instantâneo - RMSP - var.";"IPC - macarrão instantâneo - RMSP - var.";"Não oculta";"Intranet";5;0;0;"FIPE102 até 02/mar/2001.";NA;"FIPE12";"Intranet";"Macro"
"1471";"FIPE12_FIPE0193";NA;NA;"Ativa";"Fipe";"Preços";"IPC - farinha de trigo - RMSP - var.";"IPC - farinha de trigo - RMSP - var.";"Não oculta";"Intranet";5;0;0;"FIPE103 até 02/mar/2001.";NA;"FIPE12";"Intranet";"Macro"
"1472";"FIPE12_FIPE0194";NA;NA;"Ativa";"Fipe";"Preços";"IPC - farinha de mandioca - RMSP - var.";"IPC - farinha de mandioca - RMSP - var.";"Não oculta";"Intranet";5;0;0;"FIPE104 até 02/mar/2001.";NA;"FIPE12";"Intranet";"Macro"
"1473";"FIPE12_FIPE0195";NA;NA;"Inativa";"Fipe";"Preços";"IPC - farinha de rosca - RMSP - var.";"IPC - farinha de rosca - RMSP - var.";"Não oculta";"Intranet";5;0;0;"FIPE105 até 02/mar/2001.";NA;"FIPE12";"Intranet";"Macro"
"1474";"FIPE12_FIPE0196";NA;NA;"Ativa";"Fipe";"Preços";"IPC - farinha de milho - RMSP - var.";"IPC - farinha de milho - RMSP - var.";"Não oculta";"Intranet";5;0;0;"FIPE106 até 02/mar/2001.";NA;"FIPE12";"Intranet";"Macro"
"1475";"FIPE12_FIPE0197";NA;NA;"Inativa";"Fipe";"Preços";"IPC - farinha láctea - RMSP - var.";"IPC - farinha láctea - RMSP - var.";"Não oculta";"Intranet";5;0;0;"FIPE107 até 02/mar/2001.";NA;"FIPE12";"Intranet";"Macro"
"1476";"FIPE12_FIPE0199";NA;NA;"Ativa";"Fipe";"Preços";"IPC - fermento - RMSP - var.";"IPC - fermento - RMSP - var.";"Não oculta";"Intranet";5;0;0;"FIPE108 até 02/mar/2001.";NA;"FIPE12";"Intranet";"Macro"
"1477";"FIPE12_FIPE0201";NA;NA;"Inativa";"Fipe";"Preços";"IPC - maisena - RMSP - var.";"IPC - maisena - RMSP - var.";"Não oculta";"Intranet";5;0;0;"FIPE109 até 02/mar/2001.";NA;"FIPE12";"Intranet";"Macro"
"1478";"FIPE12_FIPE0205";NA;NA;"Inativa";"Fipe";"Preços";"IPC - fubá - RMSP - var.";"IPC - fubá - RMSP - var.";"Não oculta";"Intranet";5;0;0;"FIPE110 até 02/mar/2001.";NA;"FIPE12";"Intranet";"Macro"
"1479";"FIPE12_FIPE0207";NA;NA;"Ativa";"Fipe";"Preços";"IPC - grupo: alimentação - industrializados - condimentos e sopas - RMSP - var.";"IPC - grupo: alimentação - industrializados - condimentos e sopas - RMSP - var.";"Não oculta";"Intranet";5;0;0;"FIPE111 até 02/mar/2001.";NA;"FIPE12";"Intranet";"Macro"
"1480";"FIPE12_FIPE0208";NA;NA;"Ativa";"Fipe";"Preços";"IPC - molho de tomate - RMSP - var.";"IPC - molho de tomate - RMSP - var.";"Não oculta";"Intranet";5;0;0;"FIPE112 até 02/mar/2001.";NA;"FIPE12";"Intranet";"Macro"
"1481";"FIPE12_FIPE0209";NA;NA;"Inativa";"Fipe";"Preços";"IPC - polpa de tomate - RMSP - var.";"IPC - polpa de tomate - RMSP - var.";"Não oculta";"Intranet";5;0;0;"FIPE113 até 02/mar/2001.";NA;"FIPE12";"Intranet";"Macro"
"1482";"FIPE12_FIPE0210";NA;NA;"Ativa";"Fipe";"Preços";"IPC - extrato de tomate - RMSP - var.";"IPC - extrato de tomate - RMSP - var.";"Não oculta";"Intranet";5;0;0;"FIPE114 até 02/mar/2001.";NA;"FIPE12";"Intranet";"Macro"
"1483";"FIPE12_FIPEOLD115";NA;NA;"Inativa";"Fipe";"Preços";"IPC - tempero - RMSP - var.";"IPC - tempero - RMSP - var.";"Não oculta";"Intranet";15;0;0;"FIPE115 até 02/mar/2001.";NA;"FIPE12";"Intranet";"Macro"
"1484";"FIPE12_FIPE0214";NA;NA;"Ativa";"Fipe";"Preços";"IPC - sal - RMSP - var.";"IPC - sal - RMSP - var.";"Não oculta";"Intranet";5;0;0;"FIPE116 até 02/mar/2001.";NA;"FIPE12";"Intranet";"Macro"
"1485";"FIPE12_FIPE0215";NA;NA;"Ativa";"Fipe";"Preços";"IPC - vinagre - RMSP - var.";"IPC - vinagre - RMSP - var.";"Não oculta";"Intranet";5;0;0;"FIPE117 até 02/mar/2001.";NA;"FIPE12";"Intranet";"Macro"
"1486";"FIPE12_FIPE0216";NA;NA;"Ativa";"Fipe";"Preços";"IPC - maionese - RMSP - var.";"IPC - maionese - RMSP - var.";"Não oculta";"Intranet";5;0;0;"FIPE118 até 02/mar/2001.";NA;"FIPE12";"Intranet";"Macro"
"1487";"FIPE12_FIPE0217";NA;NA;"Ativa";"Fipe";"Preços";"IPC - caldo - RMSP - var.";"IPC - caldo - RMSP - var.";"Não oculta";"Intranet";5;0;0;"FIPE119 até 02/mar/2001.";NA;"FIPE12";"Intranet";"Macro"
"1488";"FIPE12_FIPE0218";NA;NA;"Ativa";"Fipe";"Preços";"IPC - sopa - RMSP - var.";"IPC - sopa - RMSP - var.";"Não oculta";"Intranet";5;0;0;"FIPE120 até 02/mar/2001.";NA;"FIPE12";"Intranet";"Macro"
"1489";"FIPE12_FIPE0228";NA;NA;"Ativa";"Fipe";"Preços";"IPC - grupo: alimentação - industrializados - enlatados e conservas - RMSP - var.";"IPC - grupo: alimentação - industrializados - enlatados e conservas - RMSP - var.";"Não oculta";"Intranet";5;0;0;"FIPE121 até 02/mar/2001.";NA;"FIPE12";"Intranet";"Macro"
"1490";"FIPE12_FIPE0229";NA;NA;"Ativa";"Fipe";"Preços";"IPC - sardinha em lata - RMSP - var.";"IPC - sardinha em lata - RMSP - var.";"Não oculta";"Intranet";5;0;0;"FIPE122 até 02/mar/2001.";NA;"FIPE12";"Intranet";"Macro"
"1491";"FIPE12_FIPE0231";NA;NA;"Ativa";"Fipe";"Preços";"IPC - bacalhau - RMSP - var.";"IPC - bacalhau - RMSP - var.";"Não oculta";"Intranet";5;0;0;"FIPE123 até 02/mar/2001.";NA;"FIPE12";"Intranet";"Macro"
"1492";"FIPE12_FIPE0232";NA;NA;"Ativa";"Fipe";"Preços";"IPC - azeitona - RMSP - var.";"IPC - azeitona - RMSP - var.";"Não oculta";"Intranet";5;0;0;"FIPE124 até 02/mar/2001.";NA;"FIPE12";"Intranet";"Macro"
"1493";"FIPE12_FIPE0233";NA;NA;"Ativa";"Fipe";"Preços";"IPC - ervilha em conserva - RMSP - var.";"IPC - ervilha em conserva - RMSP - var.";"Não oculta";"Intranet";5;0;0;"FIPE125 até 02/mar/2001.";NA;"FIPE12";"Intranet";"Macro"
"1494";"FIPE12_FIPE0234";NA;NA;"Ativa";"Fipe";"Preços";"IPC - milho em conserva - RMSP - var.";"IPC - milho em conserva - RMSP - var.";"Não oculta";"Intranet";5;0;0;"FIPE126 até 02/mar/2001.";NA;"FIPE12";"Intranet";"Macro"
"1495";"FIPE12_FIPE0235";NA;NA;"Ativa";"Fipe";"Preços";"IPC - palmito em conserva - RMSP - var.";"IPC - palmito em conserva - RMSP - var.";"Não oculta";"Intranet";5;0;0;"FIPE127 até 02/mar/2001.";NA;"FIPE12";"Intranet";"Macro"
"1496";"FIPE12_FIPE0236";NA;NA;"Ativa";"Fipe";"Preços";"IPC - grupo: alimentação - industrializados - alimentos semi-prontos e prontos - RMSP - var.";"IPC - grupo: alimentação - industrializados - alimentos semi-prontos e prontos - RMSP - var.";"Não oculta";"Intranet";5;0;0;"FIPE128 até 02/mar/2001.";NA;"FIPE12";"Intranet";"Macro"
"1497";"FIPE12_FIPE0239";NA;NA;"Ativa";"Fipe";"Preços";"IPC - pizza pronta - RMSP - var.";"IPC - pizza pronta - RMSP - var.";"Não oculta";"Intranet";5;0;0;"FIPE129 até 02/mar/2001.";NA;"FIPE12";"Intranet";"Macro"
"1498";"FIPE12_FIPE0240";NA;NA;"Ativa";"Fipe";"Preços";"IPC - frango assado - RMSP - var.";"IPC - frango assado - RMSP - var.";"Não oculta";"Intranet";5;0;0;"FIPE130 até 02/mar/2001.";NA;"FIPE12";"Intranet";"Macro"
"1499";"FIPE12_FIPE0293";NA;NA;"Ativa";"Fipe";"Preços";"IPC - grupo: alimentação - produtos in natura - RMSP - var.";"IPC - grupo: alimentação - produtos in natura - RMSP - var.";"Não oculta";"Intranet";5;0;0;"FIPE131 até 02/mar/2001.";NA;"FIPE12";"Intranet";"Macro"
"1500";"FIPE12_FIPE0294";NA;NA;"Ativa";"Fipe";"Preços";"IPC - grupo: alimentação - produtos in natura - frutas - RMSP - var.";"IPC - grupo: alimentação - produtos in natura - frutas - RMSP - var.";"Não oculta";"Intranet";5;0;0;"FIPE132 até 02/mar/2001.";NA;"FIPE12";"Intranet";"Macro"
"1501";"FIPE12_FIPE0295";NA;NA;"Ativa";"Fipe";"Preços";"IPC - laranja - RMSP - var.";"IPC - laranja - RMSP - var.";"Não oculta";"Intranet";5;0;0;"FIPE133 até 02/mar/2001.";NA;"FIPE12";"Intranet";"Macro"
"1502";"FIPE12_FIPE0296";NA;NA;"Inativa";"Fipe";"Preços";"IPC - mexerica - RMSP - var.";"IPC - mexerica - RMSP - var.";"Não oculta";"Intranet";5;0;0;"FIPE134 até 02/mar/2001.";NA;"FIPE12";"Intranet";"Macro"
"1503";"FIPE12_FIPE0297";NA;NA;"Ativa";"Fipe";"Preços";"IPC - limão - RMSP - var.";"IPC - limão - RMSP - var.";"Não oculta";"Intranet";5;0;0;"FIPE135 até 02/mar/2001.";NA;"FIPE12";"Intranet";"Macro"
"1504";"FIPE12_FIPE0298";NA;NA;"Ativa";"Fipe";"Preços";"IPC - banana - RMSP - var.";"IPC - banana - RMSP - var.";"Não oculta";"Intranet";5;0;0;"FIPE136 até 02/mar/2001.";NA;"FIPE12";"Intranet";"Macro"
"1505";"FIPE12_FIPE0299";NA;NA;"Ativa";"Fipe";"Preços";"IPC - maçã - RMSP - var.";"IPC - maçã - RMSP - var.";"Não oculta";"Intranet";5;0;0;"FIPE137 até 02/mar/2001.";NA;"FIPE12";"Intranet";"Macro"
"1506";"FIPE12_FIPE0300";NA;NA;"Ativa";"Fipe";"Preços";"IPC - mamão - RMSP - var.";"IPC - mamão - RMSP - var.";"Não oculta";"Intranet";5;0;0;"FIPE138 até 02/mar/2001.";NA;"FIPE12";"Intranet";"Macro"
"1507";"FIPE12_FIPE0301";NA;NA;"Ativa";"Fipe";"Preços";"IPC - uva - RMSP - var.";"IPC - uva - RMSP - var.";"Não oculta";"Intranet";5;0;0;"FIPE139 até 02/mar/2001.";NA;"FIPE12";"Intranet";"Macro"
"1508";"FIPE12_FIPE0302";NA;NA;"Ativa";"Fipe";"Preços";"IPC - pêra - RMSP - var.";"IPC - pêra - RMSP - var.";"Não oculta";"Intranet";5;0;0;"FIPE140 até 02/mar/2001.";NA;"FIPE12";"Intranet";"Macro"
"1509";"FIPE12_FIPE0303";NA;NA;"Ativa";"Fipe";"Preços";"IPC - melancia - RMSP - var.";"IPC - melancia - RMSP - var.";"Não oculta";"Intranet";5;0;0;"FIPE141 até 02/mar/2001.";NA;"FIPE12";"Intranet";"Macro"
"1510";"FIPE12_FIPE0305";NA;NA;"Inativa";"Fipe";"Preços";"IPC - abacate - RMSP - var.";"IPC - abacate - RMSP - var.";"Não oculta";"Intranet";5;0;0;"FIPE142 até 02/mar/2001.";NA;"FIPE12";"Intranet";"Macro"
"1511";"FIPE12_FIPE0306";NA;NA;"Ativa";"Fipe";"Preços";"IPC - abacaxi - RMSP - var.";"IPC - abacaxi - RMSP - var.";"Não oculta";"Intranet";5;0;0;"FIPE143 até 02/mar/2001.";NA;"FIPE12";"Intranet";"Macro"
"1512";"FIPE12_FIPE0310";NA;NA;"Ativa";"Fipe";"Preços";"IPC - grupo: alimentação - produtos in natura - legumes - RMSP - var.";"IPC - grupo: alimentação - produtos in natura - legumes - RMSP - var.";"Não oculta";"Intranet";5;0;0;"FIPE144 até 02/mar/2001.";NA;"FIPE12";"Intranet";"Macro"
"1513";"FIPE12_FIPE0311";NA;NA;"Ativa";"Fipe";"Preços";"IPC - tomate - RMSP - var.";"IPC - tomate - RMSP - var.";"Não oculta";"Intranet";5;0;0;"FIPE145 até 02/mar/2001.";NA;"FIPE12";"Intranet";"Macro"
"1514";"FIPE12_FIPE0312";NA;NA;"Ativa";"Fipe";"Preços";"IPC - cenoura - RMSP - var.";"IPC - cenoura - RMSP - var.";"Não oculta";"Intranet";5;0;0;"FIPE146 até 02/mar/2001.";NA;"FIPE12";"Intranet";"Macro"
"1515";"FIPE12_FIPE0313";NA;NA;"Ativa";"Fipe";"Preços";"IPC - pimentão - RMSP - var.";"IPC - pimentão - RMSP - var.";"Não oculta";"Intranet";5;0;0;"FIPE147 até 02/mar/2001.";NA;"FIPE12";"Intranet";"Macro"
"1516";"FIPE12_FIPE0314";NA;NA;"Ativa";"Fipe";"Preços";"IPC - vagem - RMSP - var.";"IPC - vagem - RMSP - var.";"Não oculta";"Intranet";5;0;0;"FIPE148 até 02/mar/2001.";NA;"FIPE12";"Intranet";"Macro"
"1517";"FIPE12_FIPE0315";NA;NA;"Ativa";"Fipe";"Preços";"IPC - chuchu - RMSP - var.";"IPC - chuchu - RMSP - var.";"Não oculta";"Intranet";5;0;0;"FIPE149 até 02/mar/2001.";NA;"FIPE12";"Intranet";"Macro"
"1518";"FIPE12_FIPE0316";NA;NA;"Ativa";"Fipe";"Preços";"IPC - beterraba - RMSP - var.";"IPC - beterraba - RMSP - var.";"Não oculta";"Intranet";5;0;0;"FIPE150 até 02/mar/2001.";NA;"FIPE12";"Intranet";"Macro"
"1519";"FIPE12_FIPE0317";NA;NA;"Ativa";"Fipe";"Preços";"IPC - abobrinha - RMSP - var.";"IPC - abobrinha - RMSP - var.";"Não oculta";"Intranet";5;0;0;"FIPE151 até 02/mar/2001.";NA;"FIPE12";"Intranet";"Macro"
"1520";"FIPE12_FIPE0318";NA;NA;"Ativa";"Fipe";"Preços";"IPC - abóbora - RMSP - var.";"IPC - abóbora - RMSP - var.";"Não oculta";"Intranet";5;0;0;"FIPE152 até 02/mar/2001.";NA;"FIPE12";"Intranet";"Macro"
"1521";"FIPE12_FIPE0319";NA;NA;"Ativa";"Fipe";"Preços";"IPC - quiabo - RMSP - var.";"IPC - quiabo - RMSP - var.";"Não oculta";"Intranet";5;0;0;"FIPE153 até 02/mar/2001.";NA;"FIPE12";"Intranet";"Macro"
"1522";"FIPE12_FIPE0320";NA;NA;"Ativa";"Fipe";"Preços";"IPC - pepino - RMSP - var.";"IPC - pepino - RMSP - var.";"Não oculta";"Intranet";5;0;0;"FIPE154 até 02/mar/2001.";NA;"FIPE12";"Intranet";"Macro"
"1523";"FIPE12_FIPE0321";NA;NA;"Ativa";"Fipe";"Preços";"IPC - mandioquinha - RMSP - var.";"IPC - mandioquinha - RMSP - var.";"Não oculta";"Intranet";5;0;0;"FIPE155 até 02/mar/2001.";NA;"FIPE12";"Intranet";"Macro"
"1524";"FIPE12_FIPE0322";NA;NA;"Ativa";"Fipe";"Preços";"IPC - mandioca - RMSP - var.";"IPC - mandioca - RMSP - var.";"Não oculta";"Intranet";5;0;0;"FIPE156 até 02/mar/2001.";NA;"FIPE12";"Intranet";"Macro"
"1525";"FIPE12_FIPE0323";NA;NA;"Ativa";"Fipe";"Preços";"IPC - berinjela - RMSP - var.";"IPC - berinjela - RMSP - var.";"Não oculta";"Intranet";5;0;0;"FIPE157 até 02/mar/2001.";NA;"FIPE12";"Intranet";"Macro"
"1526";"FIPE12_FIPE0324";NA;NA;"Ativa";"Fipe";"Preços";"IPC - jiló - RMSP - var.";"IPC - jiló - RMSP - var.";"Não oculta";"Intranet";5;0;0;"FIPE158 até 02/mar/2001.";NA;"FIPE12";"Intranet";"Macro"
"1527";"FIPE12_FIPE0325";NA;NA;"Ativa";"Fipe";"Preços";"IPC - grupo: alimentação - produtos in natura - tubérculos - RMSP - var.";"IPC - grupo: alimentação - produtos in natura - tubérculos - RMSP - var.";"Não oculta";"Intranet";5;0;0;"FIPE159 até 02/mar/2001.";NA;"FIPE12";"Intranet";"Macro"
"1528";"FIPE12_FIPE0326";NA;NA;"Ativa";"Fipe";"Preços";"IPC - batata - RMSP - var.";"IPC - batata - RMSP - var.";"Não oculta";"Intranet";5;0;0;"FIPE160 até 02/mar/2001.";NA;"FIPE12";"Intranet";"Macro"
"1529";"FIPE12_FIPE0327";NA;NA;"Ativa";"Fipe";"Preços";"IPC - cebola - RMSP - var.";"IPC - cebola - RMSP - var.";"Não oculta";"Intranet";5;0;0;"FIPE161 até 02/mar/2001.";NA;"FIPE12";"Intranet";"Macro"
"1530";"FIPE12_FIPE0328";NA;NA;"Ativa";"Fipe";"Preços";"IPC - alho - RMSP - var.";"IPC - alho - RMSP - var.";"Não oculta";"Intranet";5;0;0;"FIPE162 até 02/mar/2001.";NA;"FIPE12";"Intranet";"Macro"
"1531";"FIPE12_FIPE0341";NA;NA;"Ativa";"Fipe";"Preços";"IPC - grupo: alimentação - produtos in natura - ovos - RMSP - var.";"IPC - grupo: alimentação - produtos in natura - ovos - RMSP - var.";"Não oculta";"Intranet";5;0;0;"FIPE163 até 02/mar/2001.";NA;"FIPE12";"Intranet";"Macro"
"1532";"FIPE12_FIPE0342";NA;NA;"Ativa";"Fipe";"Preços";"IPC - ovos - RMSP - var.";"IPC - ovos - RMSP - var.";"Não oculta";"Intranet";5;0;0;"FIPE164 até 02/mar/2001.";NA;"FIPE12";"Intranet";"Macro"
"1533";"FIPE12_FIPE0329";NA;NA;"Ativa";"Fipe";"Preços";"IPC - grupo: alimentação - produtos in natura - verduras - RMSP - var.";"IPC - grupo: alimentação - produtos in natura - verduras - RMSP - var.";"Não oculta";"Intranet";5;0;0;"FIPE165 até 02/mar/2001.";NA;"FIPE12";"Intranet";"Macro"
"1534";"FIPE12_FIPE0330";NA;NA;"Ativa";"Fipe";"Preços";"IPC - alface - RMSP - var.";"IPC - alface - RMSP - var.";"Não oculta";"Intranet";5;0;0;"FIPE166 até 02/mar/2001.";NA;"FIPE12";"Intranet";"Macro"
"1535";"FIPE12_FIPE0331";NA;NA;"Ativa";"Fipe";"Preços";"IPC - escarola - RMSP - var.";"IPC - escarola - RMSP - var.";"Não oculta";"Intranet";5;0;0;"FIPE167 até 02/mar/2001.";NA;"FIPE12";"Intranet";"Macro"
"1536";"FIPE12_FIPE0332";NA;NA;"Ativa";"Fipe";"Preços";"IPC - agrião - RMSP - var.";"IPC - agrião - RMSP - var.";"Não oculta";"Intranet";5;0;0;"FIPE168 até 02/mar/2001.";NA;"FIPE12";"Intranet";"Macro"
"1537";"FIPE12_FIPE0333";NA;NA;"Inativa";"Fipe";"Preços";"IPC - almeirão - RMSP - var.";"IPC - almeirão - RMSP - var.";"Não oculta";"Intranet";5;0;0;"FIPE169 até 02/mar/2001.";NA;"FIPE12";"Intranet";"Macro"
"1538";"FIPE12_FIPE0335";NA;NA;"Ativa";"Fipe";"Preços";"IPC - couve - RMSP - var.";"IPC - couve - RMSP - var.";"Não oculta";"Intranet";5;0;0;"FIPE170 até 02/mar/2001.";NA;"FIPE12";"Intranet";"Macro"
"1539";"FIPE12_FIPE0336";NA;NA;"Ativa";"Fipe";"Preços";"IPC - repolho - RMSP - var.";"IPC - repolho - RMSP - var.";"Não oculta";"Intranet";5;0;0;"FIPE171 até 02/mar/2001.";NA;"FIPE12";"Intranet";"Macro"
"1540";"FIPE12_FIPE0337";NA;NA;"Ativa";"Fipe";"Preços";"IPC - couve-flor - RMSP - var.";"IPC - couve-flor - RMSP - var.";"Não oculta";"Intranet";5;0;0;"FIPE172 até 02/mar/2001.";NA;"FIPE12";"Intranet";"Macro"
"1541";"FIPE12_FIPE0338";NA;NA;"Ativa";"Fipe";"Preços";"IPC - brócolis - RMSP - var.";"IPC - brócolis - RMSP - var.";"Não oculta";"Intranet";5;0;0;"FIPE173 até 02/mar/2001.";NA;"FIPE12";"Intranet";"Macro"
"1542";"FIPE12_FIPE0339";NA;NA;"Ativa";"Fipe";"Preços";"IPC - salsa / cebolinha - RMSP - var.";"IPC - salsa / cebolinha - RMSP - var.";"Não oculta";"Intranet";5;0;0;"FIPE174 até 02/mar/2001.";NA;"FIPE12";"Intranet";"Macro"
"1543";"FIPE12_FIPE0343";NA;NA;"Ativa";"Fipe";"Preços";"IPC - grupo: alimentação - fora do domicílio - RMSP - var.";"IPC - grupo: alimentação - fora do domicílio - RMSP - var.";"Não oculta";"Intranet";5;0;0;"FIPE175 até 02/mar/2001.";NA;"FIPE12";"Intranet";"Macro"
"1544";"FIPE12_FIPE0344";NA;NA;"Ativa";"Fipe";"Preços";"IPC - refeição - RMSP - var.";"IPC - refeição - RMSP - var.";"Não oculta";"Intranet";5;0;0;"FIPE176 até 02/mar/2001.";NA;"FIPE12";"Intranet";"Macro"
"1545";"FIPE12_FIPE0345";NA;NA;"Ativa";"Fipe";"Preços";"IPC - lanche - RMSP - var.";"IPC - lanche - RMSP - var.";"Não oculta";"Intranet";5;0;0;"FIPE177 até 02/mar/2001.";NA;"FIPE12";"Intranet";"Macro"
"1546";"FIPE12_FIPE0346";NA;NA;"Ativa";"Fipe";"Preços";"IPC - salgado - RMSP - var.";"IPC - salgado - RMSP - var.";"Não oculta";"Intranet";5;0;0;"FIPE178 até 02/mar/2001.";NA;"FIPE12";"Intranet";"Macro"
"1547";"FIPE12_FIPE0002";4;1262;"Ativa";"Fipe";"Preços";"IPC - grupo: habitação - RMSP - var.";"IPC - grupo: habitação - RMSP - var.";"Não oculta";"Internet";5;0;0;"FIPE179 até 02/mar/2001.";NA;"FIPE12";"Internet";"Macro"
"1548";"FIPE12_FIPE0003";NA;NA;"Ativa";"Fipe";"Preços";"IPC - grupo: habitação - manutenção do domicílio - RMSP - var.";"IPC - grupo: habitação - manutenção do domicílio - RMSP - var.";"Não oculta";"Intranet";5;0;0;"FIPE180 até 02/mar/2001.";NA;"FIPE12";"Intranet";"Macro"
"1549";"FIPE12_FIPEOLD181";NA;NA;"Inativa";"Fipe";"Preços";"IPC - grupo: habitação - manutenção do domicílio - serv. públicos residenciais - RMSP - var.";"IPC - grupo: habitação - manutenção do domicílio - serviços públicos residenciais - RMSP - var.";"Não oculta";"Intranet";15;0;0;"FIPE181 até 02/mar/2001.";NA;"FIPE12";"Intranet";"Macro"
"1550";"FIPE12_FIPE0005";NA;NA;"Ativa";"Fipe";"Preços";"IPC - luz - RMSP - var.";"IPC - luz - RMSP - var.";"Não oculta";"Intranet";5;0;0;"FIPE182 até 02/mar/2001.";NA;"FIPE12";"Intranet";"Macro"
"1551";"FIPE12_FIPE0006";NA;NA;"Ativa";"Fipe";"Preços";"IPC - água / esgoto - RMSP - var.";"IPC - água / esgoto - RMSP - var.";"Não oculta";"Intranet";5;0;0;"FIPE183 até 02/mar/2001.";NA;"FIPE12";"Intranet";"Macro"
"1552";"FIPE12_FIPE0110";NA;NA;"Ativa";"Fipe";"Preços";"IPC - telefone fixo (conta) - RMSP - var.";"IPC - telefone fixo (conta) - RMSP - var.";"Não oculta";"Intranet";5;0;0;"FIPE184 até 02/mar/2001.";NA;"FIPE12";"Intranet";"Macro"
"1553";"FIPE12_FIPE0007";NA;NA;"Ativa";"Fipe";"Preços";"IPC - gás de botijão - RMSP - var.";"IPC - gás de botijão - RMSP - var.";"Não oculta";"Intranet";5;0;0;"FIPE185 até 02/mar/2001.";NA;"FIPE12";"Intranet";"Macro"
"1554";"FIPE12_FIPE0008";NA;NA;"Ativa";"Fipe";"Preços";"IPC - gás canalizado - RMSP - var.";"IPC - gás canalizado - RMSP - var.";"Não oculta";"Intranet";5;0;0;"FIPE186 até 02/mar/2001.";NA;"FIPE12";"Intranet";"Macro"
"1555";"FIPE12_FIPE0009";NA;NA;"Ativa";"Fipe";"Preços";"IPC - imposto predial - RMSP - var.";"IPC - imposto predial - RMSP - var.";"Não oculta";"Intranet";5;0;0;"FIPE187 até 02/mar/2001.";NA;"FIPE12";"Intranet";"Macro"
"1556";"FIPE12_FIPE0010";NA;NA;"Ativa";"Fipe";"Preços";"IPC - grupo: habitação - manutenção do domicílio - serv. domésticos e conservação - RMSP - var.";"IPC - grupo: habitação - manutenção do domicílio - serviços domésticos e conservação - RMSP - var.";"Não oculta";"Intranet";5;0;0;"FIPE188 até 02/mar/2001.";NA;"FIPE12";"Intranet";"Macro"
"1557";"FIPE12_FIPE0011";NA;NA;"Ativa";"Fipe";"Preços";"IPC - condomínio - RMSP - var.";"IPC - condomínio - RMSP - var.";"Não oculta";"Intranet";5;0;0;"FIPE189 até 02/mar/2001.";NA;"FIPE12";"Intranet";"Macro"
"1558";"FIPE12_FIPE0012";NA;NA;"Ativa";"Fipe";"Preços";"IPC - serviço doméstico - RMSP - var.";"IPC - serviço doméstico - RMSP - var.";"Não oculta";"Intranet";5;0;0;"FIPE190 até 02/mar/2001.";NA;"FIPE12";"Intranet";"Macro"
"1559";"FIPE12_FIPE0013";NA;NA;"Inativa";"Fipe";"Preços";"IPC - reparo no domicílio - RMSP - var.";"IPC - reparo no domicílio - RMSP - var.";"Não oculta";"Intranet";5;0;0;"FIPE191 até 02/mar/2001.";NA;"FIPE12";"Intranet";"Macro"
"1560";"FIPE12_FIPE0014";NA;NA;"Ativa";"Fipe";"Preços";"IPC - conserto de equipamento doméstico - RMSP - var.";"IPC - conserto de equipamento doméstico - RMSP - var.";"Não oculta";"Intranet";5;0;0;"FIPE192 até 02/mar/2001.";NA;"FIPE12";"Intranet";"Macro"
"1561";"FIPE12_FIPE0016";NA;NA;"Ativa";"Fipe";"Preços";"IPC - velas - RMSP - var.";"IPC - velas - RMSP - var.";"Não oculta";"Intranet";5;0;0;"FIPE193 até 02/mar/2001.";NA;"FIPE12";"Intranet";"Macro"
"1562";"FIPE12_FIPE0018";NA;NA;"Ativa";"Fipe";"Preços";"IPC - lâmpada - RMSP - var.";"IPC - lâmpada - RMSP - var.";"Não oculta";"Intranet";5;0;0;"FIPE194 até 02/mar/2001.";NA;"FIPE12";"Intranet";"Macro"
"1563";"FIPE12_FIPE0041";NA;NA;"Ativa";"Fipe";"Preços";"IPC - grupo: habitação - aluguel - RMSP - var.";"IPC - grupo: habitação - aluguel - RMSP - var.";"Não oculta";"Intranet";5;0;0;"FIPE195 até 02/mar/2001.";NA;"FIPE12";"Intranet";"Macro"
"1564";"FIPE12_FIPE0042";NA;NA;"Inativa";"Fipe";"Preços";"IPC - aluguel - RMSP - var.";"IPC - aluguel - RMSP - var.";"Não oculta";"Intranet";5;0;0;"FIPE196 até 02/mar/2001.";NA;"FIPE12";"Intranet";"Macro"
"1565";"FIPE12_FIPE0020";NA;NA;"Ativa";"Fipe";"Preços";"IPC - grupo: habitação - manutenção do domicílio - artigos de limpeza - RMSP - var.";"IPC - grupo: habitação - manutenção do domicílio - artigos de limpeza - RMSP - var.";"Não oculta";"Intranet";5;0;0;"FIPE197 até 02/mar/2001.";NA;"FIPE12";"Intranet";"Macro"
"1566";"FIPE12_FIPE0021";NA;NA;"Ativa";"Fipe";"Preços";"IPC - sabão em pó - RMSP - var.";"IPC - sabão em pó - RMSP - var.";"Não oculta";"Intranet";5;0;0;"FIPE198 até 02/mar/2001.";NA;"FIPE12";"Intranet";"Macro"
"1567";"FIPE12_FIPE0022";NA;NA;"Ativa";"Fipe";"Preços";"IPC - sabão em barra - RMSP - var.";"IPC - sabão em barra - RMSP - var.";"Não oculta";"Intranet";5;0;0;"FIPE199 até 02/mar/2001.";NA;"FIPE12";"Intranet";"Macro"
"1568";"FIPE12_FIPE0024";NA;NA;"Ativa";"Fipe";"Preços";"IPC - detergente - RMSP - var.";"IPC - detergente - RMSP - var.";"Não oculta";"Intranet";5;0;0;"FIPE200 até 02/mar/2001.";NA;"FIPE12";"Intranet";"Macro"
"1569";"FIPE12_FIPE0025";NA;NA;"Ativa";"Fipe";"Preços";"IPC - desinfetante - RMSP - var.";"IPC - desinfetante - RMSP - var.";"Não oculta";"Intranet";5;0;0;"FIPE201 até 02/mar/2001.";NA;"FIPE12";"Intranet";"Macro"
"1570";"FIPE12_FIPE0029";NA;NA;"Ativa";"Fipe";"Preços";"IPC - água sanitária - RMSP - var.";"IPC - água sanitária - RMSP - var.";"Não oculta";"Intranet";5;0;0;"FIPE202 até 02/mar/2001.";NA;"FIPE12";"Intranet";"Macro"
"1571";"FIPE12_FIPE0031";NA;NA;"Ativa";"Fipe";"Preços";"IPC - esponja de aço - RMSP - var.";"IPC - esponja de aço - RMSP - var.";"Não oculta";"Intranet";5;0;0;"FIPE203 até 02/mar/2001.";NA;"FIPE12";"Intranet";"Macro"
"1572";"FIPE12_FIPE0033";NA;NA;"Ativa";"Fipe";"Preços";"IPC - cera - RMSP - var.";"IPC - cera - RMSP - var.";"Não oculta";"Intranet";5;0;0;"FIPE204 até 02/mar/2001.";NA;"FIPE12";"Intranet";"Macro"
"1573";"FIPE12_FIPE0034";NA;NA;"Ativa";"Fipe";"Preços";"IPC - amaciante para roupa - RMSP - var.";"IPC - amaciante para roupa - RMSP - var.";"Não oculta";"Intranet";5;0;0;"FIPE205 até 02/mar/2001.";NA;"FIPE12";"Intranet";"Macro"
"1574";"FIPE12_FIPE0035";NA;NA;"Ativa";"Fipe";"Preços";"IPC - inseticida - RMSP - var.";"IPC - inseticida - RMSP - var.";"Não oculta";"Intranet";5;0;0;"FIPE206 até 02/mar/2001.";NA;"FIPE12";"Intranet";"Macro"
"1575";"FIPE12_FIPE0036";NA;NA;"Ativa";"Fipe";"Preços";"IPC - sacos para lixo - RMSP - var.";"IPC - sacos para lixo - RMSP - var.";"Não oculta";"Intranet";5;0;0;"FIPE207 até 02/mar/2001.";NA;"FIPE12";"Intranet";"Macro"
"1576";"FIPE12_FIPE0038";NA;NA;"Ativa";"Fipe";"Preços";"IPC - vassoura - RMSP - var.";"IPC - vassoura - RMSP - var.";"Não oculta";"Intranet";5;0;0;"FIPE208 até 02/mar/2001.";NA;"FIPE12";"Intranet";"Macro"
"1577";"FIPE12_FIPE0039";NA;NA;"Ativa";"Fipe";"Preços";"IPC - álcool para limpeza - RMSP - var.";"IPC - álcool para limpeza - RMSP - var.";"Não oculta";"Intranet";5;0;0;"FIPE209 até 02/mar/2001.";NA;"FIPE12";"Intranet";"Macro"
"1578";"FIPE12_FIPE0040";NA;NA;"Inativa";"Fipe";"Preços";"IPC - lustra-móveis - RMSP - var.";"IPC - lustra-móveis - RMSP - var.";"Não oculta";"Intranet";5;0;0;"FIPE210 até 02/mar/2001.";NA;"FIPE12";"Intranet";"Macro"
"1579";"FIPE12_FIPE0103";NA;NA;"Ativa";"Fipe";"Preços";"IPC - grupo: habitação - equipamentos do domicílio - artigos de cama, mesa e banho - RMSP - var.";"IPC - grupo: habitação - equipamentos do domicílio - artigos de cama, mesa e banho - RMSP - var.";"Não oculta";"Intranet";5;0;0;"FIPE211 até 02/mar/2001.";NA;"FIPE12";"Intranet";"Macro"
"1580";"FIPE12_FIPE0104";NA;NA;"Ativa";"Fipe";"Preços";"IPC - lençol - RMSP - var.";"IPC - lençol - RMSP - var.";"Não oculta";"Intranet";5;0;0;"FIPE212 até 02/mar/2001.";NA;"FIPE12";"Intranet";"Macro"
"1581";"FIPE12_FIPE0105";NA;NA;"Ativa";"Fipe";"Preços";"IPC - cobertor - RMSP - var.";"IPC - cobertor - RMSP - var.";"Não oculta";"Intranet";5;0;0;"FIPE213 até 02/mar/2001.";NA;"FIPE12";"Intranet";"Macro"
"1582";"FIPE12_FIPE0106";NA;NA;"Ativa";"Fipe";"Preços";"IPC - toalha de banho - RMSP - var.";"IPC - toalha de banho - RMSP - var.";"Não oculta";"Intranet";5;0;0;"FIPE214 até 02/mar/2001.";NA;"FIPE12";"Intranet";"Macro"
"1583";"FIPE12_FIPE0108";NA;NA;"Ativa";"Fipe";"Preços";"IPC - toalha de mesa - RMSP - var.";"IPC - toalha de mesa - RMSP - var.";"Não oculta";"Intranet";5;0;0;"FIPE215 até 02/mar/2001.";NA;"FIPE12";"Intranet";"Macro"
"1584";"FIPE12_FIPE0063";NA;NA;"Ativa";"Fipe";"Preços";"IPC - grupo: habitação - equipamentos do domicílio - eletroeletrônicos - RMSP - var.";"IPC - grupo: habitação - equipamentos do domicílio - eletroeletrônicos - RMSP - var.";"Não oculta";"Intranet";5;0;0;"FIPE216 até 02/mar/2001.";NA;"FIPE12";"Intranet";"Macro"
"1585";"FIPE12_FIPE0064";NA;NA;"Ativa";"Fipe";"Preços";"IPC - geladeira - RMSP - var.";"IPC - geladeira - RMSP - var.";"Não oculta";"Intranet";5;0;0;"FIPE217 até 02/mar/2001.";NA;"FIPE12";"Intranet";"Macro"
"1586";"FIPE12_FIPE0066";NA;NA;"Ativa";"Fipe";"Preços";"IPC - máquina de lavar roupa - RMSP - var.";"IPC - máquina de lavar roupa - RMSP - var.";"Não oculta";"Intranet";5;0;0;"FIPE218 até 02/mar/2001.";NA;"FIPE12";"Intranet";"Macro"
"1587";"FIPE12_FIPE0068";NA;NA;"Ativa";"Fipe";"Preços";"IPC - fogão - RMSP - var.";"IPC - fogão - RMSP - var.";"Não oculta";"Intranet";5;0;0;"FIPE219 até 02/mar/2001.";NA;"FIPE12";"Intranet";"Macro"
"1588";"FIPE12_FIPE0069";NA;NA;"Ativa";"Fipe";"Preços";"IPC - forno de microondas - RMSP - var.";"IPC - forno de microondas - RMSP - var.";"Não oculta";"Intranet";5;0;0;"FIPE220 até 02/mar/2001.";NA;"FIPE12";"Intranet";"Macro"
"1589";"FIPE12_FIPE0070";NA;NA;"Inativa";"Fipe";"Preços";"IPC - exaustor - RMSP - var.";"IPC - exaustor - RMSP - var.";"Não oculta";"Intranet";5;0;0;"FIPE221 até 02/mar/2001.";NA;"FIPE12";"Intranet";"Macro"
"1590";"FIPE12_FIPE0074";NA;NA;"Ativa";"Fipe";"Preços";"IPC - liquidificador - RMSP - var.";"IPC - liquidificador - RMSP - var.";"Não oculta";"Intranet";5;0;0;"FIPE222 até 02/mar/2001.";NA;"FIPE12";"Intranet";"Macro"
"1591";"FIPE12_FIPE0075";NA;NA;"Inativa";"Fipe";"Preços";"IPC - batedeira - RMSP - var.";"IPC - batedeira - RMSP - var.";"Não oculta";"Intranet";5;0;0;"FIPE223 até 02/mar/2001.";NA;"FIPE12";"Intranet";"Macro"
"1592";"FIPE12_FIPE0076";NA;NA;"Ativa";"Fipe";"Preços";"IPC - ferro elétrico - RMSP - var.";"IPC - ferro elétrico - RMSP - var.";"Não oculta";"Intranet";5;0;0;"FIPE224 até 02/mar/2001.";NA;"FIPE12";"Intranet";"Macro"
"1593";"FIPE12_FIPE0077";NA;NA;"Ativa";"Fipe";"Preços";"IPC - secador de cabelo - RMSP - var.";"IPC - secador de cabelo - RMSP - var.";"Não oculta";"Intranet";5;0;0;"FIPE225 até 02/mar/2001.";NA;"FIPE12";"Intranet";"Macro"
"1594";"FIPE12_FIPE0081";NA;NA;"Inativa";"Fipe";"Preços";"IPC - aspirador de pó - RMSP - var.";"IPC - aspirador de pó - RMSP - var.";"Não oculta";"Intranet";5;0;0;"FIPE226 até 02/mar/2001.";NA;"FIPE12";"Intranet";"Macro"
"1595";"FIPE12_FIPE0082";NA;NA;"Inativa";"Fipe";"Preços";"IPC - furadeira elétrica - RMSP - var.";"IPC - furadeira elétrica - RMSP - var.";"Não oculta";"Intranet";5;0;0;"FIPE227 até 02/mar/2001.";NA;"FIPE12";"Intranet";"Macro"
"1596";"FIPE12_FIPE0083";NA;NA;"Inativa";"Fipe";"Preços";"IPC - calculadora - RMSP - var.";"IPC - calculadora - RMSP - var.";"Não oculta";"Intranet";5;0;0;"FIPE228 até 02/mar/2001.";NA;"FIPE12";"Intranet";"Macro"
"1597";"FIPE12_FIPE0055";NA;NA;"Ativa";"Fipe";"Preços";"IPC - grupo: habitação - equipamentos do domicílio - aparelhos de imagem e som - RMSP - var.";"IPC - grupo: habitação - equipamentos do domicílio - aparelhos de imagem e som - RMSP - var.";"Não oculta";"Intranet";5;0;0;"FIPE229 até 02/mar/2001.";NA;"FIPE12";"Intranet";"Macro"
"1598";"FIPE12_FIPE0056";NA;NA;"Ativa";"Fipe";"Preços";"IPC - televisor - RMSP - var.";"IPC - televisor - RMSP - var.";"Não oculta";"Intranet";5;0;0;"FIPE230 até 02/mar/2001.";NA;"FIPE12";"Intranet";"Macro"
"1599";"FIPE12_FIPE0057";NA;NA;"Ativa";"Fipe";"Preços";"IPC - DVD player - RMSP - var.";"IPC - DVD player - RMSP - var.";"Não oculta";"Intranet";5;0;0;"FIPE231 até 02/mar/2001.";NA;"FIPE12";"Intranet";"Macro"
"1600";"FIPE12_FIPE0058";NA;NA;"Ativa";"Fipe";"Preços";"IPC - aparelho de som - RMSP - var.";"IPC - aparelho de som - RMSP - var.";"Não oculta";"Intranet";5;0;0;"FIPE232 até 02/mar/2001.";NA;"FIPE12";"Intranet";"Macro"
"1601";"FIPE12_FIPE0059";NA;NA;"Inativa";"Fipe";"Preços";"IPC - radiogravador - RMSP - var.";"IPC - radiogravador - RMSP - var.";"Não oculta";"Intranet";5;0;0;"FIPE233 até 02/mar/2001.";NA;"FIPE12";"Intranet";"Macro"
"1602";"FIPE12_FIPE0060";NA;NA;"Ativa";"Fipe";"Preços";"IPC - máquina fotográfica - RMSP - var.";"IPC - máquina fotográfica - RMSP - var.";"Não oculta";"Intranet";5;0;0;"FIPE234 até 02/mar/2001.";NA;"FIPE12";"Intranet";"Macro"
"1603";"FIPE12_FIPE0061";NA;NA;"Inativa";"Fipe";"Preços";"IPC - filmadora - RMSP - var.";"IPC - filmadora - RMSP - var.";"Não oculta";"Intranet";5;0;0;"FIPE235 até 02/mar/2001.";NA;"FIPE12";"Intranet";"Macro"
"1604";"FIPE12_FIPE0044";NA;NA;"Ativa";"Fipe";"Preços";"IPC - grupo: habitação - equipamentos do domicílio - mobiliário e decoração - RMSP - var.";"IPC - grupo: habitação - equipamentos do domicílio - mobiliário e decoração - RMSP - var.";"Não oculta";"Intranet";5;0;0;"FIPE236 até 02/mar/2001.";NA;"FIPE12";"Intranet";"Macro"
"1605";"FIPE12_FIPE0045";NA;NA;"Ativa";"Fipe";"Preços";"IPC - armário para quarto - RMSP - var.";"IPC - armário para quarto - RMSP - var.";"Não oculta";"Intranet";5;0;0;"FIPE237 até 02/mar/2001.";NA;"FIPE12";"Intranet";"Macro"
"1606";"FIPE12_FIPE0046";NA;NA;"Ativa";"Fipe";"Preços";"IPC - armário para cozinha - RMSP - var.";"IPC - armário para cozinha - RMSP - var.";"Não oculta";"Intranet";5;0;0;"FIPE238 até 02/mar/2001.";NA;"FIPE12";"Intranet";"Macro"
"1607";"FIPE12_FIPE0047";NA;NA;"Ativa";"Fipe";"Preços";"IPC - estante para sala - RMSP - var.";"IPC - estante para sala - RMSP - var.";"Não oculta";"Intranet";5;0;0;"FIPE239 até 02/mar/2001.";NA;"FIPE12";"Intranet";"Macro"
"1608";"FIPE12_FIPE0048";NA;NA;"Ativa";"Fipe";"Preços";"IPC - mesa com cadeiras - RMSP - var.";"IPC - mesa com cadeiras - RMSP - var.";"Não oculta";"Intranet";5;0;0;"FIPE240 até 02/mar/2001.";NA;"FIPE12";"Intranet";"Macro"
"1609";"FIPE12_FIPE0049";NA;NA;"Ativa";"Fipe";"Preços";"IPC - sofá - RMSP - var.";"IPC - sofá - RMSP - var.";"Não oculta";"Intranet";5;0;0;"FIPE241 até 02/mar/2001.";NA;"FIPE12";"Intranet";"Macro"
"1610";"FIPE12_FIPE0050";NA;NA;"Ativa";"Fipe";"Preços";"IPC - cama - RMSP - var.";"IPC - cama - RMSP - var.";"Não oculta";"Intranet";5;0;0;"FIPE242 até 02/mar/2001.";NA;"FIPE12";"Intranet";"Macro"
"1611";"FIPE12_FIPE0051";NA;NA;"Ativa";"Fipe";"Preços";"IPC - colchão - RMSP - var.";"IPC - colchão - RMSP - var.";"Não oculta";"Intranet";5;0;0;"FIPE243 até 02/mar/2001.";NA;"FIPE12";"Intranet";"Macro"
"1612";"FIPE12_FIPE0053";NA;NA;"Ativa";"Fipe";"Preços";"IPC - tapete - RMSP - var.";"IPC - tapete - RMSP - var.";"Não oculta";"Intranet";5;0;0;"FIPE244 até 02/mar/2001.";NA;"FIPE12";"Intranet";"Macro"
"1613";"FIPE12_FIPE0090";NA;NA;"Ativa";"Fipe";"Preços";"IPC - grupo: habitação - equipamentos do domicílio - utilidades domésticas - RMSP - var.";"IPC - grupo: habitação - equipamentos do domicílio - utilidades domésticas - RMSP - var.";"Não oculta";"Intranet";5;0;0;"FIPE245 até 02/mar/2001.";NA;"FIPE12";"Intranet";"Macro"
"1614";"FIPE12_FIPE0091";NA;NA;"Ativa";"Fipe";"Preços";"IPC - panela - RMSP - var.";"IPC - panela - RMSP - var.";"Não oculta";"Intranet";5;0;0;"FIPE246 até 02/mar/2001.";NA;"FIPE12";"Intranet";"Macro"
"1615";"FIPE12_FIPE0092";NA;NA;"Inativa";"Fipe";"Preços";"IPC - frigideira - RMSP - var.";"IPC - frigideira - RMSP - var.";"Não oculta";"Intranet";5;0;0;"FIPE247 até 02/mar/2001.";NA;"FIPE12";"Intranet";"Macro"
"1616";"FIPE12_FIPE0093";NA;NA;"Ativa";"Fipe";"Preços";"IPC - copo - RMSP - var.";"IPC - copo - RMSP - var.";"Não oculta";"Intranet";5;0;0;"FIPE248 até 02/mar/2001.";NA;"FIPE12";"Intranet";"Macro"
"1617";"FIPE12_FIPE0094";NA;NA;"Inativa";"Fipe";"Preços";"IPC - xícara - RMSP - var.";"IPC - xícara - RMSP - var.";"Não oculta";"Intranet";5;0;0;"FIPE249 até 02/mar/2001.";NA;"FIPE12";"Intranet";"Macro"
"1618";"FIPE12_FIPE0096";NA;NA;"Ativa";"Fipe";"Preços";"IPC - prato - RMSP - var.";"IPC - prato - RMSP - var.";"Não oculta";"Intranet";5;0;0;"FIPE250 até 02/mar/2001.";NA;"FIPE12";"Intranet";"Macro"
"1619";"FIPE12_FIPE0097";NA;NA;"Ativa";"Fipe";"Preços";"IPC - talher - RMSP - var.";"IPC - talher - RMSP - var.";"Não oculta";"Intranet";5;0;0;"FIPE251 até 02/mar/2001.";NA;"FIPE12";"Intranet";"Macro"
"1620";"FIPE12_FIPEOLD252";NA;NA;"Inativa";"Fipe";"Preços";"IPC - grupo: habitação - linha telefônica - RMSP - var.";"IPC - grupo: habitação - linha telefônica - RMSP - var.";"Não oculta";"Intranet";15;0;0;"FIPE252 até 02/mar/2001.";NA;"FIPE12";"Intranet";"Macro"
"1621";"FIPE12_FIPE0113";NA;NA;"Inativa";"Fipe";"Preços";"IPC - linha telefônica - RMSP - var.";"IPC - linha telefônica - RMSP - var.";"Não oculta";"Intranet";5;0;0;"FIPE253 até 02/mar/2001.";NA;"FIPE12";"Intranet";"Macro"
"1622";"FIPE12_FIPE0348";11;856;"Ativa";"Fipe";"Preços";"IPC - grupo: transportes - RMSP - var.";"IPC - grupo: transportes - RMSP - var.";"Não oculta";"Internet";5;0;0;"FIPE254 até 02/mar/2001.";NA;"FIPE12";"Internet";"Macro"
"1623";"FIPE12_FIPE0349";NA;NA;"Ativa";"Fipe";"Preços";"IPC - grupo: transportes - veículo próprio - RMSP - var.";"IPC - grupo: transportes - veículo próprio - RMSP - var.";"Não oculta";"Intranet";5;0;0;"FIPE255 até 02/mar/2001.";NA;"FIPE12";"Intranet";"Macro"
"1624";"FIPE12_FIPE0350";NA;NA;"Ativa";"Fipe";"Preços";"IPC - grupo: transportes - veículo próprio - manutenção do veículo - RMSP - var.";"IPC - grupo: transportes - veículo próprio - manutenção do veículo - RMSP - var.";"Não oculta";"Intranet";5;0;0;"FIPE256 até 02/mar/2001.";NA;"FIPE12";"Intranet";"Macro"
"1625";"FIPE12_FIPE0351";NA;NA;"Ativa";"Fipe";"Preços";"IPC - gasolina - RMSP - var.";"IPC - gasolina - RMSP - var.";"Não oculta";"Intranet";5;0;0;"FIPE257 até 02/mar/2001.";NA;"FIPE12";"Intranet";"Macro"
"1626";"FIPE12_FIPE0352";NA;NA;"Ativa";"Fipe";"Preços";"IPC - etanol - RMSP - var.";"IPC - etanol - RMSP - var.";"Não oculta";"Intranet";5;0;0;"FIPE258 até 02/mar/2001.";NA;"FIPE12";"Intranet";"Macro"
"1627";"FIPE12_FIPE0354";NA;NA;"Inativa";"Fipe";"Preços";"IPC - reparo no veículo - RMSP - var.";"IPC - reparo no veículo - RMSP - var.";"Não oculta";"Intranet";5;0;0;"FIPE259 até 02/mar/2001.";NA;"FIPE12";"Intranet";"Macro"
"1628";"FIPE12_FIPE0355";NA;NA;"Inativa";"Fipe";"Preços";"IPC - produtos para veículo - RMSP - var.";"IPC - produtos para veículo - RMSP - var.";"Não oculta";"Intranet";5;0;0;"FIPE260 até 02/mar/2001.";NA;"FIPE12";"Intranet";"Macro"
"1629";"FIPE12_FIPE0356";NA;NA;"Ativa";"Fipe";"Preços";"IPC - óleo para veículo - RMSP - var.";"IPC - óleo para veículo - RMSP - var.";"Não oculta";"Intranet";5;0;0;"FIPE261 até 02/mar/2001.";NA;"FIPE12";"Intranet";"Macro"
"1630";"FIPE12_FIPE0358";NA;NA;"Ativa";"Fipe";"Preços";"IPC - lavagem de veículo - RMSP - var.";"IPC - lavagem de veículo - RMSP - var.";"Não oculta";"Intranet";5;0;0;"FIPE262 até 02/mar/2001.";NA;"FIPE12";"Intranet";"Macro"
"1631";"FIPE12_FIPE0373";NA;NA;"Ativa";"Fipe";"Preços";"IPC - estacionamento - RMSP - var.";"IPC - estacionamento - RMSP - var.";"Não oculta";"Intranet";5;0;0;"FIPE263 até 02/mar/2001.";NA;"FIPE12";"Intranet";"Macro"
"1632";"FIPE12_FIPE0374";NA;NA;"Ativa";"Fipe";"Preços";"IPC - licenciamento - RMSP - var.";"IPC - licenciamento - RMSP - var.";"Não oculta";"Intranet";5;0;0;"FIPE264 até 02/mar/2001.";NA;"FIPE12";"Intranet";"Macro"
"1633";"FIPE12_FIPE0376";NA;NA;"Ativa";"Fipe";"Preços";"IPC - seguro de veículo - RMSP - var.";"IPC - seguro de veículo - RMSP - var.";"Não oculta";"Intranet";5;0;0;"FIPE265 até 02/mar/2001.";NA;"FIPE12";"Intranet";"Macro"
"1634";"FIPE12_FIPE0359";NA;NA;"Ativa";"Fipe";"Preços";"IPC - grupo: transportes - veículo próprio - aquisição de veículo - RMSP - var.";"IPC - grupo: transportes - veículo próprio - aquisição de veículo - RMSP - var.";"Não oculta";"Intranet";5;0;0;"FIPE266 até 02/mar/2001.";NA;"FIPE12";"Intranet";"Macro"
"1635";"FIPE12_FIPEOLD267";NA;NA;"Inativa";"Fipe";"Preços";"IPC - aquisição de veículo - RMSP - var.";"IPC - aquisição de veículo - RMSP - var.";"Não oculta";"Intranet";15;0;0;"FIPE267 até 02/mar/2001.";NA;"FIPE12";"Intranet";"Macro"
"1636";"FIPE12_FIPEOLD268";NA;NA;"Inativa";"Fipe";"Preços";"IPC - grupo: transportes - transportes urbanos - RMSP - var.";"IPC - grupo: transportes - transportes urbanos - RMSP - var.";"Não oculta";"Intranet";15;0;0;"FIPE268 até 02/mar/2001.";NA;"FIPE12";"Intranet";"Macro"
"1637";"FIPE12_FIPE0365";NA;NA;"Ativa";"Fipe";"Preços";"IPC - ônibus - RMSP - var.";"IPC - ônibus - RMSP - var.";"Não oculta";"Intranet";5;0;0;"FIPE269 até 02/mar/2001.";NA;"FIPE12";"Intranet";"Macro"
"1638";"FIPE12_FIPE0367";NA;NA;"Ativa";"Fipe";"Preços";"IPC - integração - RMSP - var.";"IPC - integração - RMSP - var.";"Não oculta";"Intranet";5;0;0;"FIPE270 até 02/mar/2001.";NA;"FIPE12";"Intranet";"Macro"
"1639";"FIPE12_FIPE0368";NA;NA;"Ativa";"Fipe";"Preços";"IPC - metrô - RMSP - var.";"IPC - metrô - RMSP - var.";"Não oculta";"Intranet";5;0;0;"FIPE271 até 02/mar/2001.";NA;"FIPE12";"Intranet";"Macro"
"1640";"FIPE12_FIPE0369";NA;NA;"Ativa";"Fipe";"Preços";"IPC - táxi - RMSP - var.";"IPC - táxi - RMSP - var.";"Não oculta";"Intranet";5;0;0;"FIPE272 até 02/mar/2001.";NA;"FIPE12";"Intranet";"Macro"
"1641";"FIPE12_FIPE0370";NA;NA;"Ativa";"Fipe";"Preços";"IPC - trem - RMSP - var.";"IPC - trem - RMSP - var.";"Não oculta";"Intranet";5;0;0;"FIPE273 até 02/mar/2001.";NA;"FIPE12";"Intranet";"Macro"
"1642";"FIPE12_FIPE0379";3;1356;"Ativa";"Fipe";"Preços";"IPC - grupo: despesas pessoais - RMSP - var.";"IPC - grupo: despesas pessoais - RMSP - var.";"Não oculta";"Internet";5;0;0;"FIPE274 até 02/mar/2001.";NA;"FIPE12";"Internet";"Macro"
"1643";"FIPE12_FIPE0380";NA;NA;"Ativa";"Fipe";"Preços";"IPC - grupo: despesas pessoais - fumo e bebidas - RMSP - var.";"IPC - grupo: despesas pessoais - fumo e bebidas - RMSP - var.";"Não oculta";"Intranet";5;0;0;"FIPE275 até 02/mar/2001.";NA;"FIPE12";"Intranet";"Macro"
"1644";"FIPE12_FIPE0381";NA;NA;"Ativa";"Fipe";"Preços";"IPC - grupo: despesas pessoais - fumo e bebidas - fumo - RMSP - var.";"IPC - grupo: despesas pessoais - fumo e bebidas - fumo - RMSP - var.";"Não oculta";"Intranet";5;0;0;"FIPE276 até 02/mar/2001.";NA;"FIPE12";"Intranet";"Macro"
"1645";"FIPE12_FIPE0382";NA;NA;"Ativa";"Fipe";"Preços";"IPC - cigarros - RMSP - var.";"IPC - cigarros - RMSP - var.";"Não oculta";"Intranet";5;0;0;"FIPE277 até 02/mar/2001.";NA;"FIPE12";"Intranet";"Macro"
"1646";"FIPE12_FIPE0017";NA;NA;"Ativa";"Fipe";"Preços";"IPC - fósforos - RMSP - var.";"IPC - fósforos - RMSP - var.";"Não oculta";"Intranet";5;0;0;"FIPE278 até 02/mar/2001.";NA;"FIPE12";"Intranet";"Macro"
"1647";"FIPE12_FIPE0384";NA;NA;"Ativa";"Fipe";"Preços";"IPC - grupo: despesas pessoais - fumo e bebidas - bebidas não alcoólicas - RMSP - var.";"IPC - grupo: despesas pessoais - fumo e bebidas - bebidas não alcoólicas - RMSP - var.";"Não oculta";"Intranet";5;0;0;"FIPE279 até 02/mar/2001.";NA;"FIPE12";"Intranet";"Macro"
"1648";"FIPE12_FIPE0385";NA;NA;"Ativa";"Fipe";"Preços";"IPC - refrigerante - RMSP - var.";"IPC - refrigerante - RMSP - var.";"Não oculta";"Intranet";5;0;0;"FIPE280 até 02/mar/2001.";NA;"FIPE12";"Intranet";"Macro"
"1649";"FIPE12_FIPE0387";NA;NA;"Ativa";"Fipe";"Preços";"IPC - suco de fruta - RMSP - var.";"IPC - suco de fruta - RMSP - var.";"Não oculta";"Intranet";5;0;0;"FIPE281 até 02/mar/2001.";NA;"FIPE12";"Intranet";"Macro"
"1650";"FIPE12_FIPE0388";NA;NA;"Inativa";"Fipe";"Preços";"IPC - vitamina - RMSP - var.";"IPC - vitamina - RMSP - var.";"Não oculta";"Intranet";5;0;0;"FIPE282 até 02/mar/2001.";NA;"FIPE12";"Intranet";"Macro"
"1651";"FIPE12_FIPE0389";NA;NA;"Ativa";"Fipe";"Preços";"IPC - água mineral - RMSP - var.";"IPC - água mineral - RMSP - var.";"Não oculta";"Intranet";5;0;0;"FIPE283 até 02/mar/2001.";NA;"FIPE12";"Intranet";"Macro"
"1652";"FIPE12_FIPE0390";NA;NA;"Ativa";"Fipe";"Preços";"IPC - cafezinho e leite - RMSP - var.";"IPC - cafezinho e leite - RMSP - var.";"Não oculta";"Intranet";5;0;0;"FIPE284 até 02/mar/2001.";NA;"FIPE12";"Intranet";"Macro"
"1653";"FIPE12_FIPE0391";NA;NA;"Ativa";"Fipe";"Preços";"IPC - pó para refresco - RMSP - var.";"IPC - pó para refresco - RMSP - var.";"Não oculta";"Intranet";5;0;0;"FIPE285 até 02/mar/2001.";NA;"FIPE12";"Intranet";"Macro"
"1654";"FIPE12_FIPE0392";NA;NA;"Ativa";"Fipe";"Preços";"IPC - grupo: despesas pessoais - fumo e bebidas - bebidas alcoólicas - RMSP - var.";"IPC - grupo: despesas pessoais - fumo e bebidas - bebidas alcoólicas - RMSP - var.";"Não oculta";"Intranet";5;0;0;"FIPE286 até 02/mar/2001.";NA;"FIPE12";"Intranet";"Macro"
"1655";"FIPE12_FIPE0393";NA;NA;"Ativa";"Fipe";"Preços";"IPC - cerveja - RMSP - var.";"IPC - cerveja - RMSP - var.";"Não oculta";"Intranet";5;0;0;"FIPE287 até 02/mar/2001.";NA;"FIPE12";"Intranet";"Macro"
"1656";"FIPE12_FIPE0395";NA;NA;"Ativa";"Fipe";"Preços";"IPC - aguardente - RMSP - var.";"IPC - aguardente - RMSP - var.";"Não oculta";"Intranet";5;0;0;"FIPE288 até 02/mar/2001.";NA;"FIPE12";"Intranet";"Macro"
"1657";"FIPE12_FIPE0396";NA;NA;"Inativa";"Fipe";"Preços";"IPC - uísque - RMSP - var.";"IPC - uísque - RMSP - var.";"Não oculta";"Intranet";5;0;0;"FIPE289 até 02/mar/2001.";NA;"FIPE12";"Intranet";"Macro"
"1658";"FIPE12_FIPE0398";NA;NA;"Ativa";"Fipe";"Preços";"IPC - vinho - RMSP - var.";"IPC - vinho - RMSP - var.";"Não oculta";"Intranet";5;0;0;"FIPE290 até 02/mar/2001.";NA;"FIPE12";"Intranet";"Macro"
"1659";"FIPE12_FIPE0400";NA;NA;"Ativa";"Fipe";"Preços";"IPC - vodca - RMSP - var.";"IPC - vodca - RMSP - var.";"Não oculta";"Intranet";5;0;0;"FIPE291 até 02/mar/2001.";NA;"FIPE12";"Intranet";"Macro"
"1660";"FIPE12_FIPE0403";NA;NA;"Ativa";"Fipe";"Preços";"IPC - grupo: despesas pessoais - recreação e cultura - RMSP - var.";"IPC - grupo: despesas pessoais - recreação e cultura - RMSP - var.";"Não oculta";"Intranet";5;0;0;"FIPE292 até 02/mar/2001.";NA;"FIPE12";"Intranet";"Macro"
"1661";"FIPE12_FIPE0404";NA;NA;"Ativa";"Fipe";"Preços";"IPC - grupo: despesas pessoais - recreação e cultura - recreação - RMSP - var.";"IPC - grupo: despesas pessoais - recreação e cultura - recreação - RMSP - var.";"Não oculta";"Intranet";5;0;0;"FIPE293 até 02/mar/2001.";NA;"FIPE12";"Intranet";"Macro"
"1662";"FIPE12_FIPE0405";NA;NA;"Ativa";"Fipe";"Preços";"IPC - passagem para fora da cidade - RMSP - var.";"IPC - passagem para fora da cidade - RMSP - var.";"Não oculta";"Intranet";5;0;0;"FIPE294 até 02/mar/2001.";NA;"FIPE12";"Intranet";"Macro"
"1663";"FIPE12_FIPEOLD295";NA;NA;"Inativa";"Fipe";"Preços";"IPC - combustível em viagem - RMSP - var.";"IPC - combustível em viagem - RMSP - var.";"Não oculta";"Intranet";15;0;0;"FIPE295 até 02/mar/2001.";NA;"FIPE12";"Intranet";"Macro"
"1664";"FIPE12_FIPE0408";NA;NA;"Ativa";"Fipe";"Preços";"IPC - grupo: despesas pessoais - recreação e cultura - brinquedo - RMSP - var.";"IPC - grupo: despesas pessoais - recreação e cultura - brinquedo - RMSP - var.";"Não oculta";"Intranet";5;0;0;"FIPE296 até 02/mar/2001.";NA;"FIPE12";"Intranet";"Macro"
"1665";"FIPE12_FIPEOLD297";NA;NA;"Inativa";"Fipe";"Preços";"IPC - disco / fita - RMSP - var.";"IPC - disco / fita - RMSP - var.";"Não oculta";"Intranet";15;0;0;"FIPE297 até 02/mar/2001.";NA;"FIPE12";"Intranet";"Macro"
"1666";"FIPE12_FIPE0410";NA;NA;"Inativa";"Fipe";"Preços";"IPC - locação de DVD - RMSP - var.";"IPC - locação de DVD - RMSP - var.";"Não oculta";"Intranet";5;0;0;"FIPE298 até 02/mar/2001.";NA;"FIPE12";"Intranet";"Macro"
"1667";"FIPE12_FIPEOLD299";NA;NA;"Inativa";"Fipe";"Preços";"IPC - cinema / teatro - RMSP - var.";"IPC - cinema / teatro - RMSP - var.";"Não oculta";"Intranet";15;0;0;"FIPE299 até 02/mar/2001.";NA;"FIPE12";"Intranet";"Macro"
"1668";"FIPE12_FIPE0416";NA;NA;"Inativa";"Fipe";"Preços";"IPC - filme para máquina fotográfica - RMSP - var.";"IPC - filme para máquina fotográfica - RMSP - var.";"Não oculta";"Intranet";5;0;0;"FIPE300 até 02/mar/2001.";NA;"FIPE12";"Intranet";"Macro"
"1669";"FIPE12_FIPE0417";NA;NA;"Ativa";"Fipe";"Preços";"IPC - revelação de foto digital - RMSP - var.";"IPC - revelação de foto digital - RMSP - var.";"Não oculta";"Intranet";5;0;0;"FIPE301 até 02/mar/2001.";NA;"FIPE12";"Intranet";"Macro"
"1670";"FIPE12_FIPE0418";NA;NA;"Inativa";"Fipe";"Preços";"IPC - clube - RMSP - var.";"IPC - clube - RMSP - var.";"Não oculta";"Intranet";5;0;0;"FIPE302 até 02/mar/2001.";NA;"FIPE12";"Intranet";"Macro"
"1671";"FIPE12_FIPE0420";NA;NA;"Ativa";"Fipe";"Preços";"IPC - futebol - RMSP - var.";"IPC - futebol - RMSP - var.";"Não oculta";"Intranet";5;0;0;"FIPE303 até 02/mar/2001.";NA;"FIPE12";"Intranet";"Macro"
"1672";"FIPE12_FIPE0426";NA;NA;"Ativa";"Fipe";"Preços";"IPC - pilhas - RMSP - var.";"IPC - pilhas - RMSP - var.";"Não oculta";"Intranet";5;0;0;"FIPE304 até 02/mar/2001.";NA;"FIPE12";"Intranet";"Macro"
"1673";"FIPE12_FIPE0427";NA;NA;"Ativa";"Fipe";"Preços";"IPC - grupo: despesas pessoais - recreação e cultura - cultura - RMSP - var.";"IPC - grupo: despesas pessoais - recreação e cultura - cultura - RMSP - var.";"Não oculta";"Intranet";5;0;0;"FIPE305 até 02/mar/2001.";NA;"FIPE12";"Intranet";"Macro"
"1674";"FIPE12_FIPE0428";NA;NA;"Ativa";"Fipe";"Preços";"IPC - jornal - RMSP - var.";"IPC - jornal - RMSP - var.";"Não oculta";"Intranet";5;0;0;"FIPE306 até 02/mar/2001.";NA;"FIPE12";"Intranet";"Macro"
"1675";"FIPE12_FIPE0429";NA;NA;"Ativa";"Fipe";"Preços";"IPC - revista - RMSP - var.";"IPC - revista - RMSP - var.";"Não oculta";"Intranet";5;0;0;"FIPE307 até 02/mar/2001.";NA;"FIPE12";"Intranet";"Macro"
"1676";"FIPE12_FIPE0430";NA;NA;"Ativa";"Fipe";"Preços";"IPC - livro (não didático) - RMSP - var.";"IPC - livro (não didático) - RMSP - var.";"Não oculta";"Intranet";5;0;0;"FIPE308 até 02/mar/2001.";NA;"FIPE12";"Intranet";"Macro"
"1677";"FIPE12_FIPE0431";NA;NA;"Ativa";"Fipe";"Preços";"IPC - grupo: despesas pessoais - artigos de higiene e beleza - RMSP - var.";"IPC - grupo: despesas pessoais - artigos de higiene e beleza - RMSP - var.";"Não oculta";"Intranet";5;0;0;"FIPE309 até 02/mar/2001.";NA;"FIPE12";"Intranet";"Macro"
"1678";"FIPE12_FIPE0432";NA;NA;"Ativa";"Fipe";"Preços";"IPC - grupo: despesas pessoais - artigos de higiene e beleza - artigos de higiene - RMSP - var.";"IPC - grupo: despesas pessoais - artigos de higiene e beleza - artigos de higiene - RMSP - var.";"Não oculta";"Intranet";5;0;0;"FIPE310 até 02/mar/2001.";NA;"FIPE12";"Intranet";"Macro"
"1679";"FIPE12_FIPE0433";NA;NA;"Ativa";"Fipe";"Preços";"IPC - sabonete - RMSP - var.";"IPC - sabonete - RMSP - var.";"Não oculta";"Intranet";5;0;0;"FIPE311 até 02/mar/2001.";NA;"FIPE12";"Intranet";"Macro"
"1680";"FIPE12_FIPE0434";NA;NA;"Ativa";"Fipe";"Preços";"IPC - creme dental - RMSP - var.";"IPC - creme dental - RMSP - var.";"Não oculta";"Intranet";5;0;0;"FIPE312 até 02/mar/2001.";NA;"FIPE12";"Intranet";"Macro"
"1681";"FIPE12_FIPE0435";NA;NA;"Ativa";"Fipe";"Preços";"IPC - escova dental - RMSP - var.";"IPC - escova dental - RMSP - var.";"Não oculta";"Intranet";5;0;0;"FIPE313 até 02/mar/2001.";NA;"FIPE12";"Intranet";"Macro"
"1682";"FIPE12_FIPE0437";NA;NA;"Ativa";"Fipe";"Preços";"IPC - desodorante - RMSP - var.";"IPC - desodorante - RMSP - var.";"Não oculta";"Intranet";5;0;0;"FIPE314 até 02/mar/2001.";NA;"FIPE12";"Intranet";"Macro"
"1683";"FIPE12_FIPE0438";NA;NA;"Ativa";"Fipe";"Preços";"IPC - xampu - RMSP - var.";"IPC - xampu - RMSP - var.";"Não oculta";"Intranet";5;0;0;"FIPE315 até 02/mar/2001.";NA;"FIPE12";"Intranet";"Macro"
"1684";"FIPE12_FIPE0439";NA;NA;"Ativa";"Fipe";"Preços";"IPC - condicionador - RMSP - var.";"IPC - condicionador - RMSP - var.";"Não oculta";"Intranet";5;0;0;"FIPE316 até 02/mar/2001.";NA;"FIPE12";"Intranet";"Macro"
"1685";"FIPE12_FIPE0440";NA;NA;"Ativa";"Fipe";"Preços";"IPC - aparelho de barbear - RMSP - var.";"IPC - aparelho de barbear - RMSP - var.";"Não oculta";"Intranet";5;0;0;"FIPE317 até 02/mar/2001.";NA;"FIPE12";"Intranet";"Macro"
"1686";"FIPE12_FIPE0442";NA;NA;"Inativa";"Fipe";"Preços";"IPC - creme de barbear - RMSP - var.";"IPC - creme de barbear - RMSP - var.";"Não oculta";"Intranet";5;0;0;"FIPE318 até 02/mar/2001.";NA;"FIPE12";"Intranet";"Macro"
"1687";"FIPE12_FIPEOLD319";NA;NA;"Inativa";"Fipe";"Preços";"IPC - lâmina de barbear - RMSP - var.";"IPC - lâmina de barbear - RMSP - var.";"Não oculta";"Intranet";15;0;0;"FIPE319 até 02/mar/2001.";NA;"FIPE12";"Intranet";"Macro"
"1688";"FIPE12_FIPE0444";NA;NA;"Ativa";"Fipe";"Preços";"IPC - papel higiênico - RMSP - var.";"IPC - papel higiênico - RMSP - var.";"Não oculta";"Intranet";5;0;0;"FIPE320 até 02/mar/2001.";NA;"FIPE12";"Intranet";"Macro"
"1689";"FIPE12_FIPE0445";NA;NA;"Ativa";"Fipe";"Preços";"IPC - absorvente higiênico - RMSP - var.";"IPC - absorvente higiênico - RMSP - var.";"Não oculta";"Intranet";5;0;0;"FIPE321 até 02/mar/2001.";NA;"FIPE12";"Intranet";"Macro"
"1690";"FIPE12_FIPE0446";NA;NA;"Ativa";"Fipe";"Preços";"IPC - fralda descartável - RMSP - var.";"IPC - fralda descartável - RMSP - var.";"Não oculta";"Intranet";5;0;0;"FIPE322 até 02/mar/2001.";NA;"FIPE12";"Intranet";"Macro"
"1691";"FIPE12_FIPE0447";NA;NA;"Ativa";"Fipe";"Preços";"IPC - toalha de papel - RMSP - var.";"IPC - toalha de papel - RMSP - var.";"Não oculta";"Intranet";5;0;0;"FIPE323 até 02/mar/2001.";NA;"FIPE12";"Intranet";"Macro"
"1692";"FIPE12_FIPE0448";NA;NA;"Ativa";"Fipe";"Preços";"IPC - guardanapo de papel - RMSP - var.";"IPC - guardanapo de papel - RMSP - var.";"Não oculta";"Intranet";5;0;0;"FIPE324 até 02/mar/2001.";NA;"FIPE12";"Intranet";"Macro"
"1693";"FIPE12_FIPE0451";NA;NA;"Ativa";"Fipe";"Preços";"IPC - filtro de papel - RMSP - var.";"IPC - filtro de papel - RMSP - var.";"Não oculta";"Intranet";5;0;0;"FIPE325 até 02/mar/2001.";NA;"FIPE12";"Intranet";"Macro"
"1694";"FIPE12_FIPE0455";NA;NA;"Ativa";"Fipe";"Preços";"IPC - grupo: despesas pessoais - artigos de higiene e beleza - artigos de beleza - RMSP - var.";"IPC - grupo: despesas pessoais - artigos de higiene e beleza - artigos de beleza - RMSP - var.";"Não oculta";"Intranet";5;0;0;"FIPE326 até 02/mar/2001.";NA;"FIPE12";"Intranet";"Macro"
"1695";"FIPE12_FIPE0456";NA;NA;"Ativa";"Fipe";"Preços";"IPC - perfume / colônia - RMSP - var.";"IPC - perfume / colônia - RMSP - var.";"Não oculta";"Intranet";5;0;0;"FIPE327 até 02/mar/2001.";NA;"FIPE12";"Intranet";"Macro"
"1696";"FIPE12_FIPE0457";NA;NA;"Ativa";"Fipe";"Preços";"IPC - creme de beleza - RMSP - var.";"IPC - creme de beleza - RMSP - var.";"Não oculta";"Intranet";5;0;0;"FIPE328 até 02/mar/2001.";NA;"FIPE12";"Intranet";"Macro"
"1697";"FIPE12_FIPE0459";NA;NA;"Ativa";"Fipe";"Preços";"IPC - loção para pele - RMSP - var.";"IPC - loção para pele - RMSP - var.";"Não oculta";"Intranet";5;0;0;"FIPE329 até 02/mar/2001.";NA;"FIPE12";"Intranet";"Macro"
"1698";"FIPE12_FIPE0461";NA;NA;"Ativa";"Fipe";"Preços";"IPC - esmalte - RMSP - var.";"IPC - esmalte - RMSP - var.";"Não oculta";"Intranet";5;0;0;"FIPE330 até 02/mar/2001.";NA;"FIPE12";"Intranet";"Macro"
"1699";"FIPE12_FIPE0463";NA;NA;"Ativa";"Fipe";"Preços";"IPC - batom - RMSP - var.";"IPC - batom - RMSP - var.";"Não oculta";"Intranet";5;0;0;"FIPE331 até 02/mar/2001.";NA;"FIPE12";"Intranet";"Macro"
"1700";"FIPE12_FIPE0464";NA;NA;"Ativa";"Fipe";"Preços";"IPC - tintura para cabelo - RMSP - var.";"IPC - tintura para cabelo - RMSP - var.";"Não oculta";"Intranet";5;0;0;"FIPE332 até 02/mar/2001.";NA;"FIPE12";"Intranet";"Macro"
"1701";"FIPE12_FIPE0466";NA;NA;"Inativa";"Fipe";"Preços";"IPC - talco - RMSP - var.";"IPC - talco - RMSP - var.";"Não oculta";"Intranet";5;0;0;"FIPE333 até 02/mar/2001.";NA;"FIPE12";"Intranet";"Macro"
"1702";"FIPE12_FIPE0467";NA;NA;"Ativa";"Fipe";"Preços";"IPC - grupo: despesas pessoais - serviços pessoais - RMSP - var.";"IPC - grupo: despesas pessoais - serviços pessoais - RMSP - var.";"Não oculta";"Intranet";5;0;0;"FIPE334 até 02/mar/2001.";NA;"FIPE12";"Intranet";"Macro"
"1703";"FIPE12_FIPE0468";NA;NA;"Ativa";"Fipe";"Preços";"IPC - cabeleireiro feminino / manicure - RMSP - var.";"IPC - cabeleireiro feminino / manicure - RMSP - var.";"Não oculta";"Intranet";5;0;0;"FIPE335 até 02/mar/2001.";NA;"FIPE12";"Intranet";"Macro"
"1704";"FIPE12_FIPE0469";NA;NA;"Ativa";"Fipe";"Preços";"IPC - cabeleireiro masculino - RMSP - var.";"IPC - cabeleireiro masculino - RMSP - var.";"Não oculta";"Intranet";5;0;0;"FIPE336 até 02/mar/2001.";NA;"FIPE12";"Intranet";"Macro"
"1705";"FIPE12_FIPE0470";NA;NA;"Ativa";"Fipe";"Preços";"IPC - alfaiate / costureira - RMSP - var.";"IPC - alfaiate / costureira - RMSP - var.";"Não oculta";"Intranet";5;0;0;"FIPE337 até 02/mar/2001.";NA;"FIPE12";"Intranet";"Macro"
"1706";"FIPE12_FIPE0471";NA;NA;"Ativa";"Fipe";"Preços";"IPC - sapateiro - RMSP - var.";"IPC - sapateiro - RMSP - var.";"Não oculta";"Intranet";5;0;0;"FIPE338 até 02/mar/2001.";NA;"FIPE12";"Intranet";"Macro"
"1707";"FIPE12_FIPE0472";NA;NA;"Ativa";"Fipe";"Preços";"IPC - tintureiro - RMSP - var.";"IPC - tintureiro - RMSP - var.";"Não oculta";"Intranet";5;0;0;"FIPE339 até 02/mar/2001.";NA;"FIPE12";"Intranet";"Macro"
"1708";"FIPE12_FIPE0474";NA;NA;"Ativa";"Fipe";"Preços";"IPC - grupo: despesas pessoais - despesas diversas - RMSP - var.";"IPC - grupo: despesas pessoais - despesas diversas - RMSP - var.";"Não oculta";"Intranet";5;0;0;"FIPE340 até 02/mar/2001.";NA;"FIPE12";"Intranet";"Macro"
"1709";"FIPE12_FIPEOLD341";NA;NA;"Inativa";"Fipe";"Preços";"IPC - loteria instantânea - RMSP - var.";"IPC - loteria instantânea - RMSP - var.";"Não oculta";"Intranet";15;0;0;"FIPE341 até 02/mar/2001.";NA;"FIPE12";"Intranet";"Macro"
"1710";"FIPE12_FIPEOLD342";NA;NA;"Inativa";"Fipe";"Preços";"IPC - quina - RMSP - var.";"IPC - quina - RMSP - var.";"Não oculta";"Intranet";15;0;0;"FIPE342 até 02/mar/2001.";NA;"FIPE12";"Intranet";"Macro"
"1711";"FIPE12_FIPEOLD343";NA;NA;"Inativa";"Fipe";"Preços";"IPC - sena - RMSP - var.";"IPC - sena - RMSP - var.";"Não oculta";"Intranet";15;0;0;"FIPE343 até 02/mar/2001.";NA;"FIPE12";"Intranet";"Macro"
"1712";"FIPE12_FIPEOLD344";NA;NA;"Inativa";"Fipe";"Preços";"IPC - outras loterias - RMSP - var.";"IPC - outras loterias - RMSP - var.";"Não oculta";"Intranet";15;0;0;"FIPE344 até 02/mar/2001.";NA;"FIPE12";"Intranet";"Macro"
"1713";"FIPE12_FIPE0475";NA;NA;"Ativa";"Fipe";"Preços";"IPC - loterias e outros jogos - RMSP - var.";"IPC - loterias e outros jogos - RMSP - var.";"Não oculta";"Intranet";5;0;0;"FIPE345 até 02/mar/2001.";NA;"FIPE12";"Intranet";"Macro"
"1714";"FIPE12_FIPE0117";NA;NA;"Ativa";"Fipe";"Preços";"IPC - correio - RMSP - var.";"IPC - correio - RMSP - var.";"Não oculta";"Intranet";5;0;0;"FIPE346 até 02/mar/2001.";NA;"FIPE12";"Intranet";"Macro"
"1715";"FIPE12_FIPEOLD347";NA;NA;"Inativa";"Fipe";"Preços";"IPC - ficha telefônica - RMSP - var.";"IPC - ficha telefônica - RMSP - var.";"Não oculta";"Intranet";15;0;0;"FIPE347 até 02/mar/2001.";NA;"FIPE12";"Intranet";"Macro"
"1716";"FIPE12_FIPE0476";NA;NA;"Ativa";"Fipe";"Preços";"IPC - cartório - RMSP - var.";"IPC - cartório - RMSP - var.";"Não oculta";"Intranet";5;0;0;"FIPE348 até 02/mar/2001.";NA;"FIPE12";"Intranet";"Macro"
"1717";"FIPE12_FIPE0477";NA;NA;"Inativa";"Fipe";"Preços";"IPC - seguro de vida - RMSP - var.";"IPC - seguro de vida - RMSP - var.";"Não oculta";"Intranet";5;0;0;"FIPE349 até 02/mar/2001.";NA;"FIPE12";"Intranet";"Macro"
"1718";"FIPE12_FIPE0481";NA;NA;"Ativa";"Fipe";"Preços";"IPC - flores - RMSP - var.";"IPC - flores - RMSP - var.";"Não oculta";"Intranet";5;0;0;"FIPE350 até 02/mar/2001.";NA;"FIPE12";"Intranet";"Macro"
"1719";"FIPE12_FIPE0516";1;1628;"Ativa";"Fipe";"Preços";"IPC - grupo: vestuário - RMSP - var.";"IPC - grupo: vestuário - RMSP - var.";"Não oculta";"Internet";5;0;0;"FIPE351 até 02/mar/2001.";NA;"FIPE12";"Internet";"Macro"
"1720";"FIPE12_FIPE0517";NA;NA;"Ativa";"Fipe";"Preços";"IPC - grupo: vestuário - roupa feminina - RMSP - var.";"IPC - grupo: vestuário - roupa feminina - RMSP - var.";"Não oculta";"Intranet";5;0;0;"FIPE352 até 02/mar/2001.";NA;"FIPE12";"Intranet";"Macro"
"1721";"FIPE12_FIPE0518";NA;NA;"Ativa";"Fipe";"Preços";"IPC - vestido / conjunto - RMSP - var.";"IPC - vestido / conjunto - RMSP - var.";"Não oculta";"Intranet";5;0;0;"FIPE353 até 02/mar/2001.";NA;"FIPE12";"Intranet";"Macro"
"1722";"FIPE12_FIPE0519";NA;NA;"Ativa";"Fipe";"Preços";"IPC - calça feminina - RMSP - var.";"IPC - calça feminina - RMSP - var.";"Não oculta";"Intranet";5;0;0;"FIPE354 até 02/mar/2001.";NA;"FIPE12";"Intranet";"Macro"
"1723";"FIPE12_FIPE0520";NA;NA;"Ativa";"Fipe";"Preços";"IPC - blusa / camisa feminina - RMSP - var.";"IPC - blusa / camisa feminina - RMSP - var.";"Não oculta";"Intranet";5;0;0;"FIPE355 até 02/mar/2001.";NA;"FIPE12";"Intranet";"Macro"
"1724";"FIPE12_FIPE0521";NA;NA;"Ativa";"Fipe";"Preços";"IPC - camiseta feminina - RMSP - var.";"IPC - camiseta feminina - RMSP - var.";"Não oculta";"Intranet";5;0;0;"FIPE356 até 02/mar/2001.";NA;"FIPE12";"Intranet";"Macro"
"1725";"FIPE12_FIPE0522";NA;NA;"Ativa";"Fipe";"Preços";"IPC - saia / bermuda - RMSP - var.";"IPC - saia / bermuda - RMSP - var.";"Não oculta";"Intranet";5;0;0;"FIPE357 até 02/mar/2001.";NA;"FIPE12";"Intranet";"Macro"
"1726";"FIPE12_FIPE0523";NA;NA;"Ativa";"Fipe";"Preços";"IPC - lingerie - RMSP - var.";"IPC - lingerie - RMSP - var.";"Não oculta";"Intranet";5;0;0;"FIPE358 até 02/mar/2001.";NA;"FIPE12";"Intranet";"Macro"
"1727";"FIPE12_FIPE0524";NA;NA;"Ativa";"Fipe";"Preços";"IPC - meia feminina - RMSP - var.";"IPC - meia feminina - RMSP - var.";"Não oculta";"Intranet";5;0;0;"FIPE359 até 02/mar/2001.";NA;"FIPE12";"Intranet";"Macro"
"1728";"FIPE12_FIPEOLD360";NA;NA;"Inativa";"Fipe";"Preços";"IPC - malha de lã de mulher - RMSP - var.";"IPC - malha de lã de mulher - RMSP - var.";"Não oculta";"Intranet";15;0;0;"FIPE360 até 02/mar/2001.";NA;"FIPE12";"Intranet";"Macro"
"1729";"FIPE12_FIPEOLD361";NA;NA;"Inativa";"Fipe";"Preços";"IPC - agasalho de mulher - RMSP - var.";"IPC - agasalho de mulher - RMSP - var.";"Não oculta";"Intranet";15;0;0;"FIPE361 até 02/mar/2001.";NA;"FIPE12";"Intranet";"Macro"
"1730";"FIPE12_FIPE0526";NA;NA;"Ativa";"Fipe";"Preços";"IPC - grupo: vestuário - roupa masculina - RMSP - var.";"IPC - grupo: vestuário - roupa masculina - RMSP - var.";"Não oculta";"Intranet";5;0;0;"FIPE362 até 02/mar/2001.";NA;"FIPE12";"Intranet";"Macro"
"1731";"FIPE12_FIPE0527";NA;NA;"Ativa";"Fipe";"Preços";"IPC - calça / bermuda masculina - RMSP - var.";"IPC - calça / bermuda masculina - RMSP - var.";"Não oculta";"Intranet";5;0;0;"FIPE363 até 02/mar/2001.";NA;"FIPE12";"Intranet";"Macro"
"1732";"FIPE12_FIPE0528";NA;NA;"Ativa";"Fipe";"Preços";"IPC - camisa masculina - RMSP - var.";"IPC - camisa masculina - RMSP - var.";"Não oculta";"Intranet";5;0;0;"FIPE364 até 02/mar/2001.";NA;"FIPE12";"Intranet";"Macro"
"1733";"FIPE12_FIPE0529";NA;NA;"Ativa";"Fipe";"Preços";"IPC - camiseta masculina - RMSP - var.";"IPC - camiseta masculina - RMSP - var.";"Não oculta";"Intranet";5;0;0;"FIPE365 até 02/mar/2001.";NA;"FIPE12";"Intranet";"Macro"
"1734";"FIPE12_FIPE0531";NA;NA;"Ativa";"Fipe";"Preços";"IPC - cueca - RMSP - var.";"IPC - cueca - RMSP - var.";"Não oculta";"Intranet";5;0;0;"FIPE366 até 02/mar/2001.";NA;"FIPE12";"Intranet";"Macro"
"1735";"FIPE12_FIPE0532";NA;NA;"Ativa";"Fipe";"Preços";"IPC - meia masculina - RMSP - var.";"IPC - meia masculina - RMSP - var.";"Não oculta";"Intranet";5;0;0;"FIPE367 até 02/mar/2001.";NA;"FIPE12";"Intranet";"Macro"
"1736";"FIPE12_FIPEOLD368";NA;NA;"Inativa";"Fipe";"Preços";"IPC - malha de homem - RMSP - var.";"IPC - malha de homem - RMSP - var.";"Não oculta";"Intranet";15;0;0;"FIPE368 até 02/mar/2001.";NA;"FIPE12";"Intranet";"Macro"
"1737";"FIPE12_FIPEOLD369";NA;NA;"Inativa";"Fipe";"Preços";"IPC - agasalho de homem - RMSP - var.";"IPC - agasalho de homem - RMSP - var.";"Não oculta";"Intranet";15;0;0;"FIPE369 até 02/mar/2001.";NA;"FIPE12";"Intranet";"Macro"
"1738";"FIPE12_FIPE0534";NA;NA;"Ativa";"Fipe";"Preços";"IPC - terno - RMSP - var.";"IPC - terno - RMSP - var.";"Não oculta";"Intranet";5;0;0;"FIPE370 até 02/mar/2001.";NA;"FIPE12";"Intranet";"Macro"
"1739";"FIPE12_FIPE0535";NA;NA;"Ativa";"Fipe";"Preços";"IPC - grupo: vestuário - roupa infantil - RMSP - var.";"IPC - grupo: vestuário - roupa infantil - RMSP - var.";"Não oculta";"Intranet";5;0;0;"FIPE371 até 02/mar/2001.";NA;"FIPE12";"Intranet";"Macro"
"1740";"FIPE12_FIPE0536";NA;NA;"Ativa";"Fipe";"Preços";"IPC - vestido / conjunto infantil - RMSP - var.";"IPC - vestido / conjunto infantil - RMSP - var.";"Não oculta";"Intranet";5;0;0;"FIPE372 até 02/mar/2001.";NA;"FIPE12";"Intranet";"Macro"
"1741";"FIPE12_FIPE0537";NA;NA;"Ativa";"Fipe";"Preços";"IPC - camiseta infantil - RMSP - var.";"IPC - camiseta infantil - RMSP - var.";"Não oculta";"Intranet";5;0;0;"FIPE373 até 02/mar/2001.";NA;"FIPE12";"Intranet";"Macro"
"1742";"FIPE12_FIPE0538";NA;NA;"Ativa";"Fipe";"Preços";"IPC - calça / bermuda infantil - RMSP - var.";"IPC - calça / bermuda infantil - RMSP - var.";"Não oculta";"Intranet";5;0;0;"FIPE374 até 02/mar/2001.";NA;"FIPE12";"Intranet";"Macro"
"1743";"FIPE12_FIPE0539";NA;NA;"Ativa";"Fipe";"Preços";"IPC - agasalho infantil / uniforme escolar - RMSP - var.";"IPC - agasalho infantil / uniforme escolar - RMSP - var.";"Não oculta";"Intranet";5;0;0;"FIPE375 até 02/mar/2001.";NA;"FIPE12";"Intranet";"Macro"
"1744";"FIPE12_FIPE0540";NA;NA;"Ativa";"Fipe";"Preços";"IPC - grupo: vestuário - calçados e acessórios de vestuário - RMSP - var.";"IPC - grupo: vestuário - calçados e acessórios de vestuário - RMSP - var.";"Não oculta";"Intranet";5;0;0;"FIPE376 até 02/mar/2001.";NA;"FIPE12";"Intranet";"Macro"
"1745";"FIPE12_FIPE0541";NA;NA;"Ativa";"Fipe";"Preços";"IPC - calçado masculino - RMSP - var.";"IPC - calçado masculino - RMSP - var.";"Não oculta";"Intranet";5;0;0;"FIPE377 até 02/mar/2001.";NA;"FIPE12";"Intranet";"Macro"
"1746";"FIPE12_FIPE0542";NA;NA;"Ativa";"Fipe";"Preços";"IPC - calçado feminino - RMSP - var.";"IPC - calçado feminino - RMSP - var.";"Não oculta";"Intranet";5;0;0;"FIPE378 até 02/mar/2001.";NA;"FIPE12";"Intranet";"Macro"
"1747";"FIPE12_FIPE0543";NA;NA;"Ativa";"Fipe";"Preços";"IPC - tênis - RMSP - var.";"IPC - tênis - RMSP - var.";"Não oculta";"Intranet";5;0;0;"FIPE379 até 02/mar/2001.";NA;"FIPE12";"Intranet";"Macro"
"1748";"FIPE12_FIPE0545";NA;NA;"Ativa";"Fipe";"Preços";"IPC - grupo: vestuário - tecido e aviamento - RMSP - var.";"IPC - grupo: vestuário - tecido e aviamento - RMSP - var.";"Não oculta";"Intranet";5;0;0;"FIPE380 até 02/mar/2001.";NA;"FIPE12";"Intranet";"Macro"
"1749";"FIPE12_FIPE0546";NA;NA;"Ativa";"Fipe";"Preços";"IPC - tecido - RMSP - var.";"IPC - tecido - RMSP - var.";"Não oculta";"Intranet";5;0;0;"FIPE381 até 02/mar/2001.";NA;"FIPE12";"Intranet";"Macro"
"1750";"FIPE12_FIPE0547";NA;NA;"Inativa";"Fipe";"Preços";"IPC - lã - RMSP - var.";"IPC - lã - RMSP - var.";"Não oculta";"Intranet";5;0;0;"FIPE382 até 02/mar/2001.";NA;"FIPE12";"Intranet";"Macro"
"1751";"FIPE12_FIPE0549";NA;NA;"Ativa";"Fipe";"Preços";"IPC - grupo: vestuário - relógio, jóia e bijuteria - RMSP - var.";"IPC - grupo: vestuário - relógio, jóia e bijuteria - RMSP - var.";"Não oculta";"Intranet";5;0;0;"FIPE383 até 02/mar/2001.";NA;"FIPE12";"Intranet";"Macro"
"1752";"FIPE12_FIPE0550";NA;NA;"Ativa";"Fipe";"Preços";"IPC - relógio - RMSP - var.";"IPC - relógio - RMSP - var.";"Não oculta";"Intranet";5;0;0;"FIPE384 até 02/mar/2001.";NA;"FIPE12";"Intranet";"Macro"
"1753";"FIPE12_FIPE0551";NA;NA;"Ativa";"Fipe";"Preços";"IPC - jóia - RMSP - var.";"IPC - jóia - RMSP - var.";"Não oculta";"Intranet";5;0;0;"FIPE385 até 02/mar/2001.";NA;"FIPE12";"Intranet";"Macro"
"1754";"FIPE12_FIPE0482";47;284;"Ativa";"Fipe";"Preços";"IPC - grupo: saúde - RMSP - var.";"IPC - grupo: saúde - RMSP - var.";"Não oculta";"Internet";5;0;0;"FIPE386 até 02/mar/2001.";NA;"FIPE12";"Internet";"Macro"
"1755";"FIPE12_FIPE0491";NA;NA;"Ativa";"Fipe";"Preços";"IPC - grupo: saúde - remédios e produtos farmacêuticos - RMSP - var.";"IPC - grupo: saúde - remédios e produtos farmacêuticos - RMSP - var.";"Não oculta";"Intranet";5;0;0;"FIPE387 até 02/mar/2001.";NA;"FIPE12";"Intranet";"Macro"
"1756";"FIPE12_FIPE0493";NA;NA;"Ativa";"Fipe";"Preços";"IPC - anti-infecciosos sistêmicos - RMSP - var.";"IPC - anti-infecciosos sistêmicos - RMSP - var.";"Não oculta";"Intranet";5;0;0;"FIPE388 até 02/mar/2001.";NA;"FIPE12";"Intranet";"Macro"
"1757";"FIPE12_FIPE0494";NA;NA;"Inativa";"Fipe";"Preços";"IPC - analgésico / antigripal - RMSP - var.";"IPC - analgésico / antigripal - RMSP - var.";"Não oculta";"Intranet";5;0;0;"FIPE389 até 02/mar/2001.";NA;"FIPE12";"Intranet";"Macro"
"1758";"FIPE12_FIPE0495";NA;NA;"Ativa";"Fipe";"Preços";"IPC - remédios do aparelho locomotor - RMSP - var.";"IPC - remédios do aparelho locomotor - RMSP - var.";"Não oculta";"Intranet";5;0;0;"FIPE390 até 02/mar/2001.";NA;"FIPE12";"Intranet";"Macro"
"1759";"FIPE12_FIPE0496";NA;NA;"Ativa";"Fipe";"Preços";"IPC - remédios do aparelho cardiovascular - RMSP - var.";"IPC - remédios do aparelho cardiovascular - RMSP - var.";"Não oculta";"Intranet";5;0;0;"FIPE391 até 02/mar/2001.";NA;"FIPE12";"Intranet";"Macro"
"1760";"FIPE12_FIPE0497";NA;NA;"Ativa";"Fipe";"Preços";"IPC - vitaminas - RMSP - var.";"IPC - vitaminas - RMSP - var.";"Não oculta";"Intranet";5;0;0;"FIPE392 até 02/mar/2001.";NA;"FIPE12";"Intranet";"Macro"
"1761";"FIPE12_FIPE0498";NA;NA;"Ativa";"Fipe";"Preços";"IPC - remédios do aparelho respiratório - RMSP - var.";"IPC - remédios do aparelho respiratório - RMSP - var.";"Não oculta";"Intranet";5;0;0;"FIPE393 até 02/mar/2001.";NA;"FIPE12";"Intranet";"Macro"
"1762";"FIPE12_FIPE0499";NA;NA;"Ativa";"Fipe";"Preços";"IPC - remédios do aparelho digestivo - RMSP - var.";"IPC - remédios do aparelho digestivo - RMSP - var.";"Não oculta";"Intranet";5;0;0;"FIPE394 até 02/mar/2001.";NA;"FIPE12";"Intranet";"Macro"
"1763";"FIPE12_FIPE0500";NA;NA;"Ativa";"Fipe";"Preços";"IPC - modificadores do metabolismo - RMSP - var.";"IPC - modificadores do metabolismo - RMSP - var.";"Não oculta";"Intranet";5;0;0;"FIPE395 até 02/mar/2001.";NA;"FIPE12";"Intranet";"Macro"
"1764";"FIPE12_FIPE0501";NA;NA;"Ativa";"Fipe";"Preços";"IPC - remédios do sistema nervoso - RMSP - var.";"IPC - remédios do sistema nervoso - RMSP - var.";"Não oculta";"Intranet";5;0;0;"FIPE396 até 02/mar/2001.";NA;"FIPE12";"Intranet";"Macro"
"1765";"FIPE12_FIPE0504";NA;NA;"Inativa";"Fipe";"Preços";"IPC - outros remédios - RMSP - var.";"IPC - outros remédios - RMSP - var.";"Não oculta";"Intranet";5;0;0;"FIPE397 até 02/mar/2001.";NA;"FIPE12";"Intranet";"Macro"
"1766";"FIPE12_FIPE0506";NA;NA;"Ativa";"Fipe";"Preços";"IPC - grupo: saúde - remédios e produtos farmacêuticos - produtos farmacêuticos - RMSP - var.";"IPC - grupo: saúde - remédios e produtos farmacêuticos - produtos farmacêuticos - RMSP - var.";"Não oculta";"Intranet";5;0;0;"FIPE398 até 02/mar/2001.";NA;"FIPE12";"Intranet";"Macro"
"1767";"FIPE12_FIPE0485";NA;NA;"Ativa";"Fipe";"Preços";"IPC - grupo: saúde - serviços médicos e laboratoriais - RMSP - var.";"IPC - grupo: saúde - serviços médicos e laboratoriais - RMSP - var.";"Não oculta";"Intranet";5;0;0;"FIPE399 até 02/mar/2001.";NA;"FIPE12";"Intranet";"Macro"
"1768";"FIPE12_FIPE0486";NA;NA;"Ativa";"Fipe";"Preços";"IPC - médico - RMSP - var.";"IPC - médico - RMSP - var.";"Não oculta";"Intranet";5;0;0;"FIPE400 até 02/mar/2001.";NA;"FIPE12";"Intranet";"Macro"
"1769";"FIPE12_FIPE0488";NA;NA;"Ativa";"Fipe";"Preços";"IPC - dentista - RMSP - var.";"IPC - dentista - RMSP - var.";"Não oculta";"Intranet";5;0;0;"FIPE401 até 02/mar/2001.";NA;"FIPE12";"Intranet";"Macro"
"1770";"FIPE12_FIPEOLD402";NA;NA;"Inativa";"Fipe";"Preços";"IPC - oculista - RMSP - var.";"IPC - oculista - RMSP - var.";"Não oculta";"Intranet";15;0;0;"FIPE402 até 02/mar/2001.";NA;"FIPE12";"Intranet";"Macro"
"1771";"FIPE12_FIPE0484";NA;NA;"Ativa";"Fipe";"Preços";"IPC - contrato de assistência médica - RMSP - var.";"IPC - contrato de assistência médica - RMSP - var.";"Não oculta";"Intranet";5;0;0;"FIPE403 até 02/mar/2001.";NA;"FIPE12";"Intranet";"Macro"
"1772";"FIPE12_FIPEOLD404";NA;NA;"Inativa";"Fipe";"Preços";"IPC - hospital / maternidade - RMSP - var.";"IPC - hospital / maternidade - RMSP - var.";"Não oculta";"Intranet";15;0;0;"FIPE404 até 02/mar/2001.";NA;"FIPE12";"Intranet";"Macro"
"1773";"FIPE12_FIPE0489";NA;NA;"Ativa";"Fipe";"Preços";"IPC - laboratório de análises - RMSP - var.";"IPC - laboratório de análises - RMSP - var.";"Não oculta";"Intranet";5;0;0;"FIPE405 até 02/mar/2001.";NA;"FIPE12";"Intranet";"Macro"
"1774";"FIPE12_FIPE0553";2;1480;"Ativa";"Fipe";"Preços";"IPC - grupo: educação - RMSP - var.";"IPC - grupo: educação - RMSP - var.";"Não oculta";"Internet";5;0;0;"FIPE406 até 02/mar/2001.";NA;"FIPE12";"Internet";"Macro"
"1775";"FIPE12_FIPEOLD407";NA;NA;"Inativa";"Fipe";"Preços";"IPC - grupo: educação - matrícula e mensalidade escolar -var. - RMSP - var.";"IPC - grupo: educação - matrícula e mensalidade escolar -var. - RMSP - var.";"Não oculta";"Intranet";15;0;0;"FIPE407 até 02/mar/2001.";NA;"FIPE12";"Intranet";"Macro"
"1776";"FIPE12_FIPEOLD408";NA;NA;"Inativa";"Fipe";"Preços";"IPC - matrícula e mensalidade (1o. e 2o. graus) - RMSP - var.";"IPC - matrícula e mensalidade (1o. e 2o. graus) - RMSP - var.";"Não oculta";"Intranet";15;0;0;"FIPE408 até 02/mar/2001.";NA;"FIPE12";"Intranet";"Macro"
"1777";"FIPE12_FIPEOLD409";NA;NA;"Inativa";"Fipe";"Preços";"IPC - matrícula e mensalidade (faculdade) - RMSP - var.";"IPC - matrícula e mensalidade (faculdade) - RMSP - var.";"Não oculta";"Intranet";15;0;0;"FIPE409 até 02/mar/2001.";NA;"FIPE12";"Intranet";"Macro"
"1778";"FIPE12_FIPE0565";NA;NA;"Ativa";"Fipe";"Preços";"IPC - grupo: educação - material escolar - RMSP - var.";"IPC - grupo: educação - material escolar - RMSP - var.";"Não oculta";"Intranet";5;0;0;"FIPE410 até 02/mar/2001.";NA;"FIPE12";"Intranet";"Macro"
"1779";"FIPE12_FIPE0566";NA;NA;"Ativa";"Fipe";"Preços";"IPC - caderno - RMSP - var.";"IPC - caderno - RMSP - var.";"Não oculta";"Intranet";5;0;0;"FIPE411 até 02/mar/2001.";NA;"FIPE12";"Intranet";"Macro"
"1780";"FIPE12_FIPE0573";NA;NA;"Ativa";"Fipe";"Preços";"IPC - caneta - RMSP - var.";"IPC - caneta - RMSP - var.";"Não oculta";"Intranet";5;0;0;"FIPE412 até 02/mar/2001.";NA;"FIPE12";"Intranet";"Macro"
"1781";"FIPE12_FIPE0574";NA;NA;"Ativa";"Fipe";"Preços";"IPC - lápis - RMSP - var.";"IPC - lápis - RMSP - var.";"Não oculta";"Intranet";5;0;0;"FIPE413 até 02/mar/2001.";NA;"FIPE12";"Intranet";"Macro"
"1782";"FIPE12_FIPE0579";NA;NA;"Inativa";"Fipe";"Preços";"IPC - borracha - RMSP - var.";"IPC - borracha - RMSP - var.";"Não oculta";"Intranet";5;0;0;"FIPE414 até 02/mar/2001.";NA;"FIPE12";"Intranet";"Macro"
"1783";"FIPE12_FIPE0582";NA;NA;"Inativa";"Fipe";"Preços";"IPC - xérox (fins escolares) - RMSP - var.";"IPC - xérox (fins escolares) - RMSP - var.";"Não oculta";"Intranet";5;0;0;"FIPE415 até 02/mar/2001.";NA;"FIPE12";"Intranet";"Macro"
"1784";"FIPE12_FIPE0585";NA;NA;"Ativa";"Fipe";"Preços";"IPC - grupo: educação - livros didáticos - RMSP - var.";"IPC - grupo: educação - livros didáticos - RMSP - var.";"Não oculta";"Intranet";5;0;0;"FIPE416 até 02/mar/2001.";NA;"FIPE12";"Intranet";"Macro"
"1785";"FIPE12_FIPEOLD417";NA;NA;"Inativa";"Fipe";"Preços";"IPC - livro didático (1o. e 2o. graus) - RMSP - var.";"IPC - livro didático (1o. e 2o. graus) - RMSP - var.";"Não oculta";"Intranet";15;0;0;"FIPE417 até 02/mar/2001.";NA;"FIPE12";"Intranet";"Macro"
"1786";"FIPE12_FIPE0588";NA;NA;"Ativa";"Fipe";"Preços";"IPC - livro didático (ensino superior) - RMSP - var.";"IPC - livro didático (ensino superior) - RMSP - var.";"Não oculta";"Intranet";5;0;0;"FIPE418 até 02/mar/2001.";NA;"FIPE12";"Intranet";"Macro"
"1787";"FIPE12_IPCFIPE12";61;205;"Ativa";"Fipe";"Preços";"IPC - geral - índice (jun. 1994 = 100) - RMSP";"IPC - geral - índice (jun. 1994 = 100) - RMSP";"Não oculta";"Internet";5;0;0;NA;"Gerada";"FIPE12";"Internet";"Macro"
"1788";"FIPE12_FIPE0001";522;24;"Ativa";"Fipe";"Preços";"Inflação - IPC (FIPE)";"Inflação - IPC (FIPE)";"Não oculta";"Internet";5;0;0;"FIPE001 até 02/mar/2001.";"Geradora";"FIPE12";"Internet";"Macro"
"1789";"FUNCEX_MDPABAT";2;1445;"Inativa";"Funcex/Séries antigas";"Comércio exterior";"Importações - setor: abate de animais - preços - índice (média 2006 = 100)";"Índice de preços das importações por setor: abate de animais (média 2006 = 100)";"Não oculta";"Internet";45;0;0;"Revisada em 06/mar/2002.";NA;"FUNCEX";"Internet";"Macro"
"1790";"FUNCEX_MDPAGP";6;1048;"Inativa";"Funcex/Séries antigas";"Comércio exterior";"Importações - setor: agropecuária - preços - índice (média 2006 = 100)";"Índice de preços das importações por setor: agropecuária (média 2006 = 100)";"Não oculta";"Internet";45;0;0;"Revisada em 06/mar/2002.";NA;"FUNCEX";"Internet";"Macro"
"1791";"FUNCEX_MDPAUT";1;1606;"Inativa";"Funcex/Séries antigas";"Comércio exterior";"Importações - setor: veículos automotores - preços - índice (média 2006 = 100)";"Índice de preços das importações por setor: veículos automotores (média 2006 = 100)";"Não oculta";"Internet";45;0;0;"Revisada em 06/mar/2002.";NA;"FUNCEX";"Internet";"Macro"
"1792";"FUNCEX_MDPBCD";18;565;"Ativa";"Funcex";"Comércio exterior";"Importações - bens de consumo duráveis - preços - índice (média 2006 = 100)";"Índice de preços das importações por categoria de uso: bens de consumo duráveis (média 2006 = 100)";"Não oculta";"Internet";75;0;0;"Revisada em 06/mar/2002.";NA;"FUNCEX";"Internet";"Macro"
"1793";"FUNCEX_MDPBCND";13;708;"Ativa";"Funcex";"Comércio exterior";"Importações - bens de consumo não duráveis - preços - índice (média 2006 = 100)";"Índice de preços das importações por categoria de uso: bens de consumo não duráveis (média 2006 = 100)";"Não oculta";"Internet";75;0;0;"Revisada em 06/mar/2002.";NA;"FUNCEX";"Internet";"Macro"
"1794";"FUNCEX_MDPBI";11;772;"Ativa";"Funcex";"Comércio exterior";"Importações - bens intermediários - preços - índice (média 2006 = 100)";"Índice de preços das importações por categoria de uso: bens intermediários (média 2006 = 100)";"Não oculta";"Internet";75;0;0;"Revisada em 06/mar/2002.";NA;"FUNCEX";"Internet";"Macro"
"1795";"FUNCEX_MDPBK";20;518;"Ativa";"Funcex";"Comércio exterior";"Importações - bens de capital - preços - índice (média 2006 = 100)";"Índice de preços das importações por categoria de uso: bens de capital (média 2006 = 100)";"Não oculta";"Internet";75;0;0;"Revisada em 06/mar/2002.";NA;"FUNCEX";"Internet";"Macro"
"1796";"FUNCEX_MDPBOR";29;401;"Inativa";"Funcex/Séries antigas";"Comércio exterior";"Importações - setor: borracha - preços - índice (média 2006 = 100)";"Índice de preços das importações por setor: borracha (média 2006 = 100)";"Não oculta";"Internet";45;0;0;"Revisada em 06/mar/2002.";NA;"FUNCEX";"Internet";"Macro"
"1797";"FUNCEX_MDPBVEG";1;1606;"Inativa";"Funcex/Séries antigas";"Comércio exterior";"Importações - setor: beneficiamento de produtos vegetais - preços - índice (média 2006 = 100)";"Índice de preços das importações por setor: beneficiamento de produtos vegetais (média 2006 = 100)";"Não oculta";"Internet";45;0;0;"Revisada em 06/mar/2002.";NA;"FUNCEX";"Internet";"Macro"
"1798";"FUNCEX_MDPCAL";4;1216;"Inativa";"Funcex/Séries antigas";"Comércio exterior";"Importações - setor: calçados - preços - índice (média 2006 = 100)";"Índice de preços das importações por setor: calçados (média 2006 = 100)";"Não oculta";"Internet";45;0;0;"Revisada em 06/mar/2002.";NA;"FUNCEX";"Internet";"Macro"
"1799";"FUNCEX_MDPCOMB";4;1216;"Ativa";"Funcex";"Comércio exterior";"Importações - combustíveis - preços - índice (média 2006 = 100)";"Índice de preços das importações por categoria de uso: combustíveis (média 2006 = 100)";"Não oculta";"Internet";75;0;0;"Revisada em 06/mar/2002.";NA;"FUNCEX";"Internet";"Macro"
"1800";"FUNCEX_MDPELET";12;739;"Inativa";"Funcex/Séries antigas";"Comércio exterior";"Importações - setor: material elétrico - preços - índice (média 2006 = 100)";"Índice de preços das importações por setor: material elétrico (média 2006 = 100)";"Não oculta";"Internet";45;0;0;"Revisada em 06/mar/2002.";NA;"FUNCEX";"Internet";"Macro"
"1801";"FUNCEX_MDPEQP";17;594;"Inativa";"Funcex/Séries antigas";"Comércio exterior";"Importações - setor: equipamentos eletrônicos - preços - índice (média 2006 = 100)";"Índice de preços das importações por setor: equipamentos eletrônicos (média 2006 = 100)";"Não oculta";"Internet";45;0;0;"Revisada em 06/mar/2002.";NA;"FUNCEX";"Internet";"Macro"
"1802";"FUNCEX_MDPEXT";1;1606;"Inativa";"Funcex/Séries antigas";"Comércio exterior";"Importações - setor: extrativa mineral - preços - índice (média 2006 = 100)";"Índice de preços das importações por setor: extrativa mineral (média 2006 = 100)";"Não oculta";"Internet";45;0;0;"Revisada em 06/mar/2002.";NA;"FUNCEX";"Internet";"Macro"
"1803";"FUNCEX_MDPFARM";16;619;"Inativa";"Funcex/Séries antigas";"Comércio exterior";"Importações - setor: farmacêutica e perfumaria - preços - índice (média 2006 = 100)";"Índice de preços das importações por setor: farmacêutica e perfumaria (média 2006 = 100)";"Não oculta";"Internet";45;0;0;"Revisada em 06/mar/2002.";NA;"FUNCEX";"Internet";"Macro"
"1804";"FUNCEX_MDPIDIV";4;1216;"Inativa";"Funcex/Séries antigas";"Comércio exterior";"Importações - setor: indústrias diversas - preços - índice (média 2006 = 100)";"Índice de preços das importações por setor: indústrias diversas (média 2006 = 100)";"Não oculta";"Internet";45;0;0;"Revisada em 06/mar/2002.";NA;"FUNCEX";"Internet";"Macro"
"1805";"FUNCEX_MDPLAT";1;1606;"Inativa";"Funcex/Séries antigas";"Comércio exterior";"Importações - setor: laticínios - preços - índice (média 2006 = 100)";"Índice de preços das importações por setor: laticínios (média 2006 = 100)";"Não oculta";"Internet";45;0;0;"Revisada em 06/mar/2002.";NA;"FUNCEX";"Internet";"Macro"
"1806";"FUNCEX_MDPMAD";1;1606;"Inativa";"Funcex/Séries antigas";"Comércio exterior";"Importações - setor: madeira e mobiliário - preços - índice (média 2006 = 100)";"Índice de preços das importações por setor: madeira e mobiliário (média 2006 = 100)";"Não oculta";"Internet";45;0;0;"Revisada em 06/mar/2002.";NA;"FUNCEX";"Internet";"Macro"
"1807";"FUNCEX_MDPMAQ";2;1445;"Inativa";"Funcex/Séries antigas";"Comércio exterior";"Importações - setor: máquinas e tratores - preços - índice (média 2006 = 100)";"Índice de preços das importações por setor: máquinas e tratores (média 2006 = 100)";"Não oculta";"Internet";45;0;0;"Revisada em 06/mar/2002.";NA;"FUNCEX";"Internet";"Macro"
"1808";"FUNCEX_MDPMNF";1;1606;"Inativa";"Funcex/Séries antigas";"Comércio exterior";"Importações - setor: metalurgia não ferrosos - preços - índice (média 2006 = 100)";"Índice de preços das importações por setor: metalurgia não ferrosos (média 2006 = 100)";"Não oculta";"Internet";45;0;0;"Revisada em 06/mar/2002.";NA;"FUNCEX";"Internet";"Macro"
"1809";"FUNCEX_MDPMNM";1;1606;"Inativa";"Funcex/Séries antigas";"Comércio exterior";"Importações - setor: minerais não metálicos - preços - índice (média 2006 = 100)";"Índice de preços das importações por setor: minerais não metálicos (média 2006 = 100)";"Não oculta";"Internet";45;0;0;"Revisada em 06/mar/2002.";NA;"FUNCEX";"Internet";"Macro"
"1810";"FUNCEX_MDPOAL";1;1606;"Inativa";"Funcex/Séries antigas";"Comércio exterior";"Importações - setor: outros produtos alimentares - preços - índice (média 2006 = 100)";"Índice de preços das importações por setor: outros produtos alimentares (média 2006 = 100)";"Não oculta";"Internet";45;0;0;"Revisada em 06/mar/2002.";NA;"FUNCEX";"Internet";"Macro"
"1811";"FUNCEX_MDPOPM";1;1606;"Inativa";"Funcex/Séries antigas";"Comércio exterior";"Importações - setor: outros produtos metalúrgicos - preços - índice (média 2006 = 100)";"Índice de preços das importações por setor: outros produtos metalúrgicos (média 2006 = 100)";"Não oculta";"Internet";45;0;0;"Revisada em 06/mar/2002.";NA;"FUNCEX";"Internet";"Macro"
"1812";"FUNCEX_MDPOVEG";1;1606;"Inativa";"Funcex/Séries antigas";"Comércio exterior";"Importações - setor: óleos vegetais - preços - índice (média 2006 = 100)";"Índice de preços das importações por setor: óleos vegetais (média 2006 = 100)";"Não oculta";"Internet";45;0;0;"Revisada em 06/mar/2002.";NA;"FUNCEX";"Internet";"Macro"
"1813";"FUNCEX_MDPPAP";4;1216;"Inativa";"Funcex/Séries antigas";"Comércio exterior";"Importações - setor: celulose, papel e gráfica - preços - índice (média 2006 = 100)";"Índice de preços das importações por setor: celulose, papel e gráfica (média 2006 = 100)";"Não oculta";"Internet";45;0;0;"Revisada em 06/mar/2002.";NA;"FUNCEX";"Internet";"Macro"
"1814";"FUNCEX_MDPPET";6;1048;"Inativa";"Funcex/Séries antigas";"Comércio exterior";"Importações - setor: refino de petróleo - preços - índice (média 2006 = 100)";"Índice de preços das importações por setor: refino de petróleo (média 2006 = 100)";"Não oculta";"Internet";45;0;0;"Revisada em 06/mar/2002.";NA;"FUNCEX";"Internet";"Macro"
"1815";"FUNCEX_MDPPETC";4;1216;"Inativa";"Funcex/Séries antigas";"Comércio exterior";"Importações - setor: petróleo e carvão - preços - índice (média 2006 = 100)";"Índice de preços das importações por setor: petróleo e carvão (média 2006 = 100)";"Não oculta";"Internet";45;0;0;"Revisada em 06/mar/2002.";NA;"FUNCEX";"Internet";"Macro"
"1816";"FUNCEX_MDPPLAS";1;1606;"Inativa";"Funcex/Séries antigas";"Comércio exterior";"Importações - setor: plástica - preços - índice (média 2006 = 100)";"Índice de preços das importações por setor: plástica (média 2006 = 100)";"Não oculta";"Internet";45;0;0;"Revisada em 06/mar/2002.";NA;"FUNCEX";"Internet";"Macro"
"1817";"FUNCEX_MDPPOV";1;1606;"Inativa";"Funcex/Séries antigas";"Comércio exterior";"Importações - setor: peças e outros veículos - preços - índice (média 2006 = 100)";"Índice de preços das importações por setor: peças e outros veículos (média 2006 = 100)";"Não oculta";"Internet";45;0;0;"Revisada em 06/mar/2002.";NA;"FUNCEX";"Internet";"Macro"
"1818";"FUNCEX_MDPQDIV";2;1445;"Inativa";"Funcex/Séries antigas";"Comércio exterior";"Importações - setor: químicos diversos - preços - índice (média 2006 = 100)";"Índice de preços das importações por setor: químicos diversos (média 2006 = 100)";"Não oculta";"Internet";45;0;0;"Revisada em 06/mar/2002.";NA;"FUNCEX";"Internet";"Macro"
"1819";"FUNCEX_MDPQUIM";1;1606;"Inativa";"Funcex/Séries antigas";"Comércio exterior";"Importações - setor: elementos químicos - preços - índice (média 2006 = 100)";"Índice de preços das importações por setor: elementos químicos (média 2006 = 100)";"Não oculta";"Internet";45;0;0;"Revisada em 06/mar/2002.";NA;"FUNCEX";"Internet";"Macro"
"1820";"FUNCEX_MDPSID";2;1445;"Inativa";"Funcex/Séries antigas";"Comércio exterior";"Importações - setor: siderurgia - preços - índice (média 2006 = 100)";"Índice de preços das importações por setor: siderurgia (média 2006 = 100)";"Não oculta";"Internet";45;0;0;"Revisada em 06/mar/2002.";NA;"FUNCEX";"Internet";"Macro"
"1821";"FUNCEX_MDPT";21;504;"Ativa";"Funcex";"Comércio exterior";"Importações - preços - índice (média 2006 = 100)";"Índice de preços das importações: total geral (média 2006 = 100)";"Não oculta";"Internet";75;0;1;"Revisada em 06/mar/2002.";NA;"FUNCEX";"Internet";"Macro"
"1822";"FUNCEX_MDPTEXT";6;1048;"Inativa";"Funcex/Séries antigas";"Comércio exterior";"Importações - setor: têxtil - preços - índice (média 2006 = 100)";"Índice de preços das importações por setor: têxtil (média 2006 = 100)";"Não oculta";"Internet";45;0;0;"Revisada em 06/mar/2002.";NA;"FUNCEX";"Internet";"Macro"
"1823";"FUNCEX_MDPVEST";1;1606;"Inativa";"Funcex/Séries antigas";"Comércio exterior";"Importações - setor: artigos de vestuário - preços - índice (média 2006 = 100)";"Índice de preços das importações por setor: artigos de vestuário (média 2006 = 100)";"Não oculta";"Internet";45;0;0;"Revisada em 06/mar/2002.";NA;"FUNCEX";"Internet";"Macro"
"1824";"FUNCEX_MDQABAT";1;1606;"Inativa";"Funcex/Séries antigas";"Comércio exterior";"Importações - setor: abate de animais - quantum - índice (média 2006 = 100)";"Índice de quantum das importações por setor: abate de animais (média 2006 = 100)";"Não oculta";"Internet";45;0;0;"Revisada em 06/mar/2002.";NA;"FUNCEX";"Internet";"Macro"
"1825";"FUNCEX_MDQAGP";9;871;"Inativa";"Funcex/Séries antigas";"Comércio exterior";"Importações - setor: agropecuária - quantum - índice (média 2006 = 100)";"Índice de quantum das importações por setor: agropecuária (média 2006 = 100)";"Não oculta";"Internet";45;0;0;"Revisada em 06/mar/2002.";NA;"FUNCEX";"Internet";"Macro"
"1826";"FUNCEX_MDQAUT";2;1445;"Inativa";"Funcex/Séries antigas";"Comércio exterior";"Importações - setor: veículos automotores - quantum - índice (média 2006 = 100)";"Índice de quantum das importações por setor: veículos automotores (média 2006 = 100)";"Não oculta";"Internet";45;0;0;"Revisada em 06/mar/2002.";NA;"FUNCEX";"Internet";"Macro"
"1827";"FUNCEX_MDQBCD";10;818;"Ativa";"Funcex";"Comércio exterior";"Importações - bens de consumo duráveis - quantum - índice (média 2006 = 100)";"Índice de quantum das importações por categoria de uso: bens de consumo duráveis (média 2006 = 100)";"Não oculta";"Internet";75;0;0;"Revisada em 06/mar/2002.";NA;"FUNCEX";"Internet";"Macro"
"1828";"FUNCEX_MDQBCND";3;1315;"Ativa";"Funcex";"Comércio exterior";"Importações - bens de consumo não duráveis - quantum - índice (média 2006 = 100)";"Índice de quantum das importações por categoria de uso: bens de consumo não duráveis (média 2006 = 100)";"Não oculta";"Internet";75;0;0;"Revisada em 06/mar/2002.";NA;"FUNCEX";"Internet";"Macro"
"1829";"FUNCEX_MDQBI";5;1138;"Ativa";"Funcex";"Comércio exterior";"Importações - bens intermediários - quantum - índice (média 2006 = 100)";"Índice de quantum das importações por categoria de uso: bens intermediários (média 2006 = 100)";"Não oculta";"Internet";75;0;0;"Revisada em 06/mar/2002.";NA;"FUNCEX";"Internet";"Macro"
"1830";"FUNCEX_MDQBK";9;871;"Ativa";"Funcex";"Comércio exterior";"Importações - bens de capital - quantum - índice (média 2006 = 100)";"Índice de quantum das importações por categoria de uso: bens de capital (média 2006 = 100)";"Não oculta";"Internet";75;0;0;"Revisada em 06/mar/2002.";NA;"FUNCEX";"Internet";"Macro"
"1831";"FUNCEX_MDQBOR";3;1315;"Inativa";"Funcex/Séries antigas";"Comércio exterior";"Importações - setor: borracha - quantum - índice (média 2006 = 100)";"Índice de quantum das importações por setor: borracha (média 2006 = 100)";"Não oculta";"Internet";45;0;0;"Revisada em 06/mar/2002.";NA;"FUNCEX";"Internet";"Macro"
"1832";"FUNCEX_MDQBVEG";2;1445;"Inativa";"Funcex/Séries antigas";"Comércio exterior";"Importações - setor: beneficiamento de produtos vegetais - quantum - índice (média 2006 = 100)";"Índice de quantum das importações por setor: beneficiamento de produtos vegetais (média 2006 = 100)";"Não oculta";"Internet";45;0;0;"Revisada em 06/mar/2002.";NA;"FUNCEX";"Internet";"Macro"
"1833";"FUNCEX_MDQCAL";8;932;"Inativa";"Funcex/Séries antigas";"Comércio exterior";"Importações - setor: calçados - quantum - índice (média 2006 = 100)";"Índice de quantum das importações por setor: calçados (média 2006 = 100)";"Não oculta";"Internet";45;0;0;"Revisada em 06/mar/2002.";NA;"FUNCEX";"Internet";"Macro"
"1834";"FUNCEX_MDQCOMB";9;871;"Ativa";"Funcex";"Comércio exterior";"Importações - combustíveis - quantum - índice (média 2006 = 100)";"Índice de quantum das importações por categoria de uso: combustíveis (média 2006 = 100)";"Não oculta";"Internet";75;0;0;"Revisada em 06/mar/2002.";NA;"FUNCEX";"Internet";"Macro"
"1835";"FUNCEX_MDQELET";1;1606;"Inativa";"Funcex/Séries antigas";"Comércio exterior";"Importações - setor: material elétrico - quantum - índice (média 2006 = 100)";"Índice de quantum das importações por setor: material elétrico (média 2006 = 100)";"Não oculta";"Internet";45;0;0;"Revisada em 06/mar/2002.";NA;"FUNCEX";"Internet";"Macro"
"1836";"FUNCEX_MDQEQP";2;1445;"Inativa";"Funcex/Séries antigas";"Comércio exterior";"Importações - setor: equipamentos eletrônicos - quantum - índice (média 2006 = 100)";"Índice de quantum das importações por setor: equipamentos eletrônicos (média 2006 = 100)";"Não oculta";"Internet";45;0;0;"Revisada em 06/mar/2002.";NA;"FUNCEX";"Internet";"Macro"
"1837";"FUNCEX_MDQEXT";1;1606;"Inativa";"Funcex/Séries antigas";"Comércio exterior";"Importações - setor: extrativa mineral - quantum - índice (média 2006 = 100)";"Índice de quantum das importações por setor: extrativa mineral (média 2006 = 100)";"Não oculta";"Internet";45;0;0;"Revisada em 06/mar/2002.";NA;"FUNCEX";"Internet";"Macro"
"1838";"FUNCEX_MDQFARM";1;1606;"Inativa";"Funcex/Séries antigas";"Comércio exterior";"Importações - setor: farmacêutica e perfumaria - quantum - índice (média 2006 = 100)";"Índice de quantum das importações por setor: farmacêutica e perfumaria (média 2006 = 100)";"Não oculta";"Internet";45;0;0;"Revisada em 06/mar/2002.";NA;"FUNCEX";"Internet";"Macro"
"1839";"FUNCEX_MDQIDIV";1;1606;"Inativa";"Funcex/Séries antigas";"Comércio exterior";"Importações - setor: indústrias diversas - quantum - índice (média 2006 = 100)";"Índice de quantum das importações por setor: indústrias diversas (média 2006 = 100)";"Não oculta";"Internet";45;0;0;"Revisada em 06/mar/2002.";NA;"FUNCEX";"Internet";"Macro"
"1840";"FUNCEX_MDQLAT";3;1315;"Inativa";"Funcex/Séries antigas";"Comércio exterior";"Importações - setor: laticínios - quantum - índice (média 2006 = 100)";"Índice de quantum das importações por setor: laticínios (média 2006 = 100)";"Não oculta";"Internet";45;0;0;"Revisada em 06/mar/2002.";NA;"FUNCEX";"Internet";"Macro"
"1841";"FUNCEX_MDQMAD";1;1606;"Inativa";"Funcex/Séries antigas";"Comércio exterior";"Importações - setor: madeira e mobiliário - quantum - índice (média 2006 = 100)";"Índice de quantum das importações por setor: madeira e mobiliário (média 2006 = 100)";"Não oculta";"Internet";45;0;0;"Revisada em 06/mar/2002.";NA;"FUNCEX";"Internet";"Macro"
"1842";"FUNCEX_MDQMAQ";3;1315;"Inativa";"Funcex/Séries antigas";"Comércio exterior";"Importações - setor: máquinas e tratores - quantum - índice (média 2006 = 100)";"Índice de quantum das importações por setor: máquinas e tratores (média 2006 = 100)";"Não oculta";"Internet";45;0;0;"Revisada em 06/mar/2002.";NA;"FUNCEX";"Internet";"Macro"
"1843";"FUNCEX_MDQMNF";1;1606;"Inativa";"Funcex/Séries antigas";"Comércio exterior";"Importações - setor: metalurgia não ferrosos - quantum - índice (média 2006 = 100)";"Índice de quantum das importações por setor: metalurgia não ferrosos (média 2006 = 100)";"Não oculta";"Internet";45;0;0;"Revisada em 06/mar/2002.";NA;"FUNCEX";"Internet";"Macro"
"1844";"FUNCEX_MDQMNM";1;1606;"Inativa";"Funcex/Séries antigas";"Comércio exterior";"Importações - setor: minerais não metálicos - quantum - índice (média 2006 = 100)";"Índice de quantum das importações por setor: minerais não metálicos (média 2006 = 100)";"Não oculta";"Internet";45;0;0;"Revisada em 06/mar/2002.";NA;"FUNCEX";"Internet";"Macro"
"1845";"FUNCEX_MDQOAL";1;1606;"Inativa";"Funcex/Séries antigas";"Comércio exterior";"Importações - setor: outros produtos alimentares - quantum - índice (média 2006 = 100)";"Índice de quantum das importações por setor: outros produtos alimentares (média 2006 = 100)";"Não oculta";"Internet";45;0;0;"Revisada em 06/mar/2002.";NA;"FUNCEX";"Internet";"Macro"
"1846";"FUNCEX_MDQOPM";1;1606;"Inativa";"Funcex/Séries antigas";"Comércio exterior";"Importações - setor: outros produtos metalúrgicos - quantum - índice (média 2006 = 100)";"Índice de quantum das importações por setor: outros produtos metalúrgicos (média 2006 = 100)";"Não oculta";"Internet";45;0;0;"Revisada em 06/mar/2002.";NA;"FUNCEX";"Internet";"Macro"
"1847";"FUNCEX_MDQOVEG";1;1606;"Inativa";"Funcex/Séries antigas";"Comércio exterior";"Importações - setor: óleos vegetais - quantum - índice (média 2006 = 100)";"Índice de quantum das importações por setor: óleos vegetais (média 2006 = 100)";"Não oculta";"Internet";45;0;0;"Revisada em 06/mar/2002.";NA;"FUNCEX";"Internet";"Macro"
"1848";"FUNCEX_MDQPAP";1;1606;"Inativa";"Funcex/Séries antigas";"Comércio exterior";"Importações - setor: celulose, papel e gráfica - quantum - índice (média 2006 = 100)";"Índice de quantum das importações por setor: celulose, papel e gráfica (média 2006 = 100)";"Não oculta";"Internet";45;0;0;"Revisada em 06/mar/2002.";NA;"FUNCEX";"Internet";"Macro"
"1849";"FUNCEX_MDQPET";1;1606;"Inativa";"Funcex/Séries antigas";"Comércio exterior";"Importações - setor: refino de petróleo - quantum - índice (média 2006 = 100)";"Índice de quantum das importações por setor: refino de petróleo (média 2006 = 100)";"Não oculta";"Internet";45;0;0;"Revisada em 06/mar/2002.";NA;"FUNCEX";"Internet";"Macro"
"1850";"FUNCEX_MDQPETC";2;1445;"Inativa";"Funcex/Séries antigas";"Comércio exterior";"Importações - setor: petróleo e carvão - quantum - índice (média 2006 = 100)";"Índice de quantum das importações por setor: petróleo e carvão (média 2006 = 100)";"Não oculta";"Internet";45;0;0;"Revisada em 06/mar/2002.";NA;"FUNCEX";"Internet";"Macro"
"1851";"FUNCEX_MDQPLAS";1;1606;"Inativa";"Funcex/Séries antigas";"Comércio exterior";"Importações - setor: plástica - quantum - índice (média 2006 = 100)";"Índice de quantum das importações por setor: plástica (média 2006 = 100)";"Não oculta";"Internet";45;0;0;"Revisada em 06/mar/2002.";NA;"FUNCEX";"Internet";"Macro"
"1852";"FUNCEX_MDQPOV";1;1606;"Inativa";"Funcex/Séries antigas";"Comércio exterior";"Importações - setor: peças e outros veículos - quantum - índice (média 2006 = 100)";"Índice de quantum das importações por setor: peças e outros veículos (média 2006 = 100)";"Não oculta";"Internet";45;0;0;"Revisada em 06/mar/2002.";NA;"FUNCEX";"Internet";"Macro"
"1853";"FUNCEX_MDQQDIV";2;1445;"Inativa";"Funcex/Séries antigas";"Comércio exterior";"Importações - setor: químicos diversos - quantum - índice (média 2006 = 100)";"Índice de quantum das importações por setor: químicos diversos (média 2006 = 100)";"Não oculta";"Internet";45;0;0;"Revisada em 06/mar/2002.";NA;"FUNCEX";"Internet";"Macro"
"1854";"FUNCEX_MDQQUIM";1;1606;"Inativa";"Funcex/Séries antigas";"Comércio exterior";"Importações - setor: elementos químicos - quantum - índice (média 2006 = 100)";"Índice de quantum das importações por setor: elementos químicos (média 2006 = 100)";"Não oculta";"Internet";45;0;0;"Revisada em 06/mar/2002.";NA;"FUNCEX";"Internet";"Macro"
"1855";"FUNCEX_MDQSID";2;1445;"Inativa";"Funcex/Séries antigas";"Comércio exterior";"Importações - setor: siderurgia - quantum - índice (média 2006 = 100)";"Índice de quantum das importações por setor: siderurgia (média 2006 = 100)";"Não oculta";"Internet";45;0;0;"Revisada em 06/mar/2002.";NA;"FUNCEX";"Internet";"Macro"
"1856";"FUNCEX_MDQT";23;471;"Ativa";"Funcex";"Comércio exterior";"Importações - quantum - índice (média 2006 = 100)";"Índice de quantum das importações: total geral (média 2006 = 100)";"Não oculta";"Internet";75;0;1;"Revisada em 06/mar/2002.";NA;"FUNCEX";"Internet";"Macro"
"1857";"FUNCEX_MDQTEXT";1;1606;"Inativa";"Funcex/Séries antigas";"Comércio exterior";"Importações - setor: têxtil - quantum - índice (média 2006 = 100)";"Índice de quantum das importações por setor: têxtil (média 2006 = 100)";"Não oculta";"Internet";45;0;0;"Revisada em 06/mar/2002.";NA;"FUNCEX";"Internet";"Macro"
"1858";"FUNCEX_MDQVEST";1;1606;"Inativa";"Funcex/Séries antigas";"Comércio exterior";"Importações - setor: artigos de vestuário - quantum - índice (média 2006 = 100)";"Índice de quantum das importações por setor: artigos de vestuário (média 2006 = 100)";"Não oculta";"Internet";45;0;0;"Revisada em 06/mar/2002.";NA;"FUNCEX";"Internet";"Macro"
"1859";"FUNCEX_MDVABAT";10;818;"Inativa";"Funcex/Séries antigas";"Comércio exterior";"Importações - setor: abate de animais - (FOB)";"Valor FOB das importações por setor: abate de animais";"Não oculta";"Internet";45;0;0;"Revisada em 06/mar/2002.";NA;"FUNCEX";"Internet";"Macro"
"1860";"FUNCEX_MDVAGP";30;386;"Inativa";"Funcex/Séries antigas";"Comércio exterior";"Importações - setor: agropecuária - (FOB)";"Valor FOB das importações por setor: agropecuária";"Não oculta";"Internet";45;0;0;"Revisada em 06/mar/2002.";NA;"FUNCEX";"Internet";"Macro"
"1861";"FUNCEX_MDVAUT";6;1048;"Inativa";"Funcex/Séries antigas";"Comércio exterior";"Importações - setor: veículos automotores - (FOB)";"Valor FOB das importações por setor: veículos automotores";"Não oculta";"Internet";45;0;0;"Revisada em 06/mar/2002.";NA;"FUNCEX";"Internet";"Macro"
"1862";"FUNCEX_MDVBCD";40;293;"Ativa";"Funcex";"Comércio exterior";"Importações - bens de consumo duráveis - (FOB)";"Valor FOB das importações por categoria de uso: bens de consumo duráveis";"Não oculta";"Internet";75;0;0;"Revisada em 06/mar/2002.";NA;"FUNCEX";"Internet";"Macro"
"1863";"FUNCEX_MDVBCND";29;401;"Ativa";"Funcex";"Comércio exterior";"Importações - bens de consumo não duráveis - (FOB)";"Valor FOB das importações por categoria de uso: bens de consumo não duráveis";"Não oculta";"Internet";75;0;0;"Revisada em 06/mar/2002.";NA;"FUNCEX";"Internet";"Macro"
"1864";"FUNCEX_MDVBI";36;326;"Ativa";"Funcex";"Comércio exterior";"Importações - bens intermediários - (FOB)";"Valor FOB das importações por categoria de uso: bens intermediários";"Não oculta";"Internet";75;0;0;"Revisada em 06/mar/2002.";NA;"FUNCEX";"Internet";"Macro"
"1865";"FUNCEX_MDVBK";67;173;"Ativa";"Funcex";"Comércio exterior";"Importações - bens de capital - (FOB)";"Valor FOB das importações por categoria de uso: bens de capital";"Não oculta";"Internet";75;0;0;"Revisada em 06/mar/2002.";NA;"FUNCEX";"Internet";"Macro"
"1866";"FUNCEX_MDVBOR";15;639;"Inativa";"Funcex/Séries antigas";"Comércio exterior";"Importações - setor: borracha - (FOB)";"Valor FOB das importações por setor: borracha";"Não oculta";"Internet";45;0;0;"Revisada em 06/mar/2002.";NA;"FUNCEX";"Internet";"Macro"
"1867";"FUNCEX_MDVBVEG";1;1606;"Inativa";"Funcex/Séries antigas";"Comércio exterior";"Importações - setor: beneficiamento de produtos vegetais - (FOB)";"Valor FOB das importações por setor: beneficiamento de produtos vegetais";"Não oculta";"Internet";45;0;0;"Revisada em 06/mar/2002.";NA;"FUNCEX";"Internet";"Macro"
"1868";"FUNCEX_MDVCAL";9;871;"Inativa";"Funcex/Séries antigas";"Comércio exterior";"Importações - setor: calçados - (FOB)";"Valor FOB das importações por setor: calçados";"Não oculta";"Internet";45;0;0;"Revisada em 06/mar/2002.";NA;"FUNCEX";"Internet";"Macro"
"1869";"FUNCEX_MDVCOMB";19;538;"Ativa";"Funcex";"Comércio exterior";"Importações - combustíveis - (FOB)";"Valor FOB das importações por categoria de uso: combustíveis";"Não oculta";"Internet";75;0;0;"Revisada em 06/mar/2002.";NA;"FUNCEX";"Internet";"Macro"
"1870";"FUNCEX_MDVELET";5;1138;"Inativa";"Funcex/Séries antigas";"Comércio exterior";"Importações - setor: material elétrico - (FOB)";"Valor FOB das importações por setor: material elétrico";"Não oculta";"Internet";45;0;0;"Revisada em 06/mar/2002.";NA;"FUNCEX";"Internet";"Macro"
"1871";"FUNCEX_MDVEQP";13;708;"Inativa";"Funcex/Séries antigas";"Comércio exterior";"Importações - setor: equipamentos eletrônicos - (FOB)";"Valor FOB das importações por setor: equipamentos eletrônicos";"Não oculta";"Internet";45;0;0;"Revisada em 06/mar/2002.";NA;"FUNCEX";"Internet";"Macro"
"1872";"FUNCEX_MDVEXT";1;1606;"Inativa";"Funcex/Séries antigas";"Comércio exterior";"Importações - setor: extrativa mineral - (FOB)";"Valor FOB das importações por setor: extrativa mineral";"Não oculta";"Internet";45;0;0;"Revisada em 06/mar/2002.";NA;"FUNCEX";"Internet";"Macro"
"1873";"FUNCEX_MDVFARM";11;772;"Inativa";"Funcex/Séries antigas";"Comércio exterior";"Importações - setor: farmacêutica e perfumaria - (FOB)";"Valor FOB das importações por setor: farmacêutica e perfumaria";"Não oculta";"Internet";45;0;0;"Revisada em 06/mar/2002.";NA;"FUNCEX";"Internet";"Macro"
"1874";"FUNCEX_MDVIDIV";9;871;"Inativa";"Funcex/Séries antigas";"Comércio exterior";"Importações - setor: indústrias diversas - (FOB)";"Valor FOB das importações por setor: indústrias diversas";"Não oculta";"Internet";45;0;0;"Revisada em 06/mar/2002.";NA;"FUNCEX";"Internet";"Macro"
"1875";"FUNCEX_MDVLAT";1;1606;"Inativa";"Funcex/Séries antigas";"Comércio exterior";"Importações - setor: laticínios - (FOB)";"Valor FOB das importações por setor: laticínios";"Não oculta";"Internet";45;0;0;"Revisada em 06/mar/2002.";NA;"FUNCEX";"Internet";"Macro"
"1876";"FUNCEX_MDVMAD";3;1315;"Inativa";"Funcex/Séries antigas";"Comércio exterior";"Importações - setor: madeira e mobiliário - (FOB)";"Valor FOB das importações por setor: madeira e mobiliário";"Não oculta";"Internet";45;0;0;"Revisada em 06/mar/2002.";NA;"FUNCEX";"Internet";"Macro"
"1877";"FUNCEX_MDVMAQ";3;1315;"Inativa";"Funcex/Séries antigas";"Comércio exterior";"Importações - setor: máquinas e tratores - (FOB)";"Valor FOB das importações por setor: máquinas e tratores";"Não oculta";"Internet";45;0;0;"Revisada em 06/mar/2002.";NA;"FUNCEX";"Internet";"Macro"
"1878";"FUNCEX_MDVMNF";3;1315;"Inativa";"Funcex/Séries antigas";"Comércio exterior";"Importações - setor: metalurgia não ferrosos - (FOB)";"Valor FOB das importações por setor: metalurgia não ferrosos";"Não oculta";"Internet";45;0;0;"Revisada em 06/mar/2002.";NA;"FUNCEX";"Internet";"Macro"
"1879";"FUNCEX_MDVMNM";3;1315;"Inativa";"Funcex/Séries antigas";"Comércio exterior";"Importações - setor: minerais não metálicos - (FOB)";"Valor FOB das importações por setor: minerais não metálicos";"Não oculta";"Internet";45;0;0;"Revisada em 06/mar/2002.";NA;"FUNCEX";"Internet";"Macro"
"1880";"FUNCEX_MDVOAL";3;1315;"Inativa";"Funcex/Séries antigas";"Comércio exterior";"Importações - setor: outros produtos alimentares - (FOB)";"Valor FOB das importações por setor: outros produtos alimentares";"Não oculta";"Internet";45;0;0;"Revisada em 06/mar/2002.";NA;"FUNCEX";"Internet";"Macro"
"1881";"FUNCEX_MDVOPM";1;1606;"Inativa";"Funcex/Séries antigas";"Comércio exterior";"Importações - setor: outros produtos metalúrgicos - (FOB)";"Valor FOB das importações por setor: outros produtos metalúrgicos";"Não oculta";"Internet";45;0;0;"Revisada em 06/mar/2002.";NA;"FUNCEX";"Internet";"Macro"
"1882";"FUNCEX_MDVOVEG";3;1315;"Inativa";"Funcex/Séries antigas";"Comércio exterior";"Importações - setor: óleos vegetais - (FOB)";"Valor FOB das importações por setor: óleos vegetais";"Não oculta";"Internet";45;0;0;"Revisada em 06/mar/2002.";NA;"FUNCEX";"Internet";"Macro"
"1883";"FUNCEX_MDVPAP";7;991;"Inativa";"Funcex/Séries antigas";"Comércio exterior";"Importações - setor: celulose, papel e gráfica - (FOB)";"Valor FOB das importações por setor: celulose, papel e gráfica";"Não oculta";"Internet";45;0;0;"Revisada em 06/mar/2002.";NA;"FUNCEX";"Internet";"Macro"
"1884";"FUNCEX_MDVPET";1;1606;"Inativa";"Funcex/Séries antigas";"Comércio exterior";"Importações - setor: refino de petróleo - (FOB)";"Valor FOB das importações por setor: refino de petróleo";"Não oculta";"Internet";45;0;0;"Revisada em 06/mar/2002.";NA;"FUNCEX";"Internet";"Macro"
"1885";"FUNCEX_MDVPETC";5;1138;"Inativa";"Funcex/Séries antigas";"Comércio exterior";"Importações - setor: petróleo e carvão - (FOB)";"Valor FOB das importações por setor: petróleo e carvão";"Não oculta";"Internet";45;0;0;"Revisada em 06/mar/2002.";NA;"FUNCEX";"Internet";"Macro"
"1886";"FUNCEX_MDVPLAS";2;1445;"Inativa";"Funcex/Séries antigas";"Comércio exterior";"Importações - setor: plástica - (FOB)";"Valor FOB das importações por setor: plástica";"Não oculta";"Internet";45;0;0;"Revisada em 06/mar/2002.";NA;"FUNCEX";"Internet";"Macro"
"1887";"FUNCEX_MDVPOV";2;1445;"Inativa";"Funcex/Séries antigas";"Comércio exterior";"Importações - setor: peças e outros veículos - (FOB)";"Valor FOB das importações por setor: peças e outros veículos";"Não oculta";"Internet";45;0;0;"Revisada em 06/mar/2002.";NA;"FUNCEX";"Internet";"Macro"
"1888";"FUNCEX_MDVQDIV";4;1216;"Inativa";"Funcex/Séries antigas";"Comércio exterior";"Importações - setor: químicos diversos - (FOB)";"Valor FOB das importações por setor: químicos diversos";"Não oculta";"Internet";45;0;0;"Revisada em 06/mar/2002.";NA;"FUNCEX";"Internet";"Macro"
"1889";"FUNCEX_MDVQUIM";4;1216;"Inativa";"Funcex/Séries antigas";"Comércio exterior";"Importações - setor: elementos químicos - (FOB)";"Valor FOB das importações por setor: elementos químicos";"Não oculta";"Internet";45;0;0;"Revisada em 06/mar/2002.";NA;"FUNCEX";"Internet";"Macro"
"1890";"FUNCEX_MDVSID";6;1048;"Inativa";"Funcex/Séries antigas";"Comércio exterior";"Importações - setor: siderurgia - (FOB)";"Valor FOB das importações por setor: siderurgia";"Não oculta";"Internet";45;0;0;"Revisada em 06/mar/2002.";NA;"FUNCEX";"Internet";"Macro"
"1891";"FUNCEX_MDVT";190;54;"Ativa";"Funcex";"Comércio exterior";"Importações - (FOB)";"Valor FOB das importações: total geral";"Não oculta";"Intranet";75;0;0;"Revisada em 06/mar/2002.";NA;"FUNCEX";"Intranet";"Macro"
"1892";"FUNCEX_MDVTEXT";8;932;"Inativa";"Funcex/Séries antigas";"Comércio exterior";"Importações - setor: têxtil - (FOB)";"Valor FOB das importações por setor: têxtil";"Não oculta";"Internet";45;0;0;"Revisada em 06/mar/2002.";NA;"FUNCEX";"Internet";"Macro"
"1893";"FUNCEX_MDVVEST";5;1138;"Inativa";"Funcex/Séries antigas";"Comércio exterior";"Importações - setor: artigos de vestuário - (FOB)";"Valor FOB das importações por setor: artigos de vestuário";"Não oculta";"Internet";45;0;0;"Revisada em 06/mar/2002.";NA;"FUNCEX";"Internet";"Macro"
"1894";"FUNCEX_XPB";13;708;"Ativa";"Funcex";"Comércio exterior";"Exportações - produtos básicos - preços - índice (média 2006 = 100)";"Índice de preços das exportações por classe de produto: produtos básicos (média 2006 = 100)";"Não oculta";"Internet";75;0;0;"Revisada em 06/mar/2002.";NA;"FUNCEX";"Internet";"Macro"
"1895";"FUNCEX_XPBCD";16;619;"Ativa";"Funcex";"Comércio exterior";"Exportações - bens de consumo duráveis - preços - índice (média 2006 = 100)";"Índice de preços das exportações por categoria de uso: bens de consumo duráveis (média 2006 = 100)";"Não oculta";"Internet";75;0;0;"Revisada em 06/mar/2002.";NA;"FUNCEX";"Internet";"Macro"
"1896";"FUNCEX_XPBCND";14;680;"Ativa";"Funcex";"Comércio exterior";"Exportações - bens de consumo não duráveis - preços - índice (média 2006 = 100)";"Índice de preços das exportações por categoria de uso: bens de consumo não duráveis (média 2006 = 100)";"Não oculta";"Internet";75;0;0;"Revisada em 06/mar/2002.";NA;"FUNCEX";"Internet";"Macro"
"1897";"FUNCEX_XPBI";13;708;"Ativa";"Funcex";"Comércio exterior";"Exportações - bens intermediários - preços - índice (média 2006 = 100)";"Índice de preços das exportações por categoria de uso: bens intermediários (média 2006 = 100)";"Não oculta";"Internet";75;0;0;"Revisada em 06/mar/2002.";NA;"FUNCEX";"Internet";"Macro"
"1898";"FUNCEX_XPBK";20;518;"Ativa";"Funcex";"Comércio exterior";"Exportações - bens de capital - preços - índice (média 2006 = 100)";"Índice de preços das exportações por categoria de uso: bens de capital (média 2006 = 100)";"Não oculta";"Internet";75;0;0;"Revisada em 06/mar/2002.";NA;"FUNCEX";"Internet";"Macro"
"1899";"FUNCEX_XPCOMB";9;871;"Ativa";"Funcex";"Comércio exterior";"Exportações - combustíveis - preços - índice (média 2006 = 100)";"Índice de preços das exportações por categoria de uso: combustíveis (média 2006 = 100)";"Não oculta";"Internet";75;0;0;"Revisada em 06/mar/2002.";NA;"FUNCEX";"Internet";"Macro"
"1900";"FUNCEX_XPM";10;818;"Ativa";"Funcex";"Comércio exterior";"Exportações - produtos manufaturados - preços - índice (média 2006 = 100)";"Índice de preços das exportações por classe de produto: produtos manufaturados (média 2006 = 100)";"Não oculta";"Internet";75;0;0;"Revisada em 06/mar/2002.";NA;"FUNCEX";"Internet";"Macro"
"1901";"FUNCEX_XPS";11;772;"Ativa";"Funcex";"Comércio exterior";"Exportações - produtos semi-manufaturados - preços - índice (média 2006 = 100)";"Índice de preços das exportações por classe de produto: produtos semi-manufaturados (média 2006 = 100)";"Não oculta";"Internet";75;0;0;"Revisada em 06/mar/2002.";NA;"FUNCEX";"Internet";"Macro"
"1902";"FUNCEX_XPT";30;386;"Ativa";"Funcex";"Comércio exterior";"Exportações - preços - índice (média 2006 = 100)";"Índice de preços das exportações: total geral (média 2006 = 100)";"Não oculta";"Internet";75;0;1;"Revisada em 06/mar/2002.";NA;"FUNCEX";"Internet";"Macro"
"1903";"FUNCEX_XQB";8;932;"Ativa";"Funcex";"Comércio exterior";"Exportações - produtos básicos - quantum - índice (média 2006 = 100)";"Índice de quantum das exportações por classe de produto: produtos básicos (média 2006 = 100)";"Não oculta";"Internet";75;0;0;"Revisada em 06/mar/2002.";NA;"FUNCEX";"Internet";"Macro"
"1904";"FUNCEX_XQBCD";7;991;"Ativa";"Funcex";"Comércio exterior";"Exportações - bens de consumo duráveis - quantum - índice (média 2006 = 100)";"Índice de quantum das exportações por categoria de uso: bens de consumo duráveis (média 2006 = 100)";"Não oculta";"Internet";75;0;0;"Revisada em 06/mar/2002.";NA;"FUNCEX";"Internet";"Macro"
"1905";"FUNCEX_XQBCND";5;1138;"Ativa";"Funcex";"Comércio exterior";"Exportações - bens de consumo não duráveis - quantum - índice (média 2006 = 100)";"Índice de quantum das exportações por categoria de uso: bens de consumo não duráveis (média 2006 = 100)";"Não oculta";"Internet";75;0;0;"Revisada em 06/mar/2002.";NA;"FUNCEX";"Internet";"Macro"
"1906";"FUNCEX_XQBI";5;1138;"Ativa";"Funcex";"Comércio exterior";"Exportações - bens intermediários - quantum - índice (média 2006 = 100)";"Índice de quantum das exportações por categoria de uso: bens intermediários (média 2006 = 100)";"Não oculta";"Internet";75;0;0;"Revisada em 06/mar/2002.";NA;"FUNCEX";"Internet";"Macro"
"1907";"FUNCEX_XQBK";21;504;"Ativa";"Funcex";"Comércio exterior";"Exportações - bens de capital - quantum - índice (média 2006 = 100)";"Índice de quantum das exportações por categoria de uso: bens de capital (média 2006 = 100)";"Não oculta";"Internet";75;0;0;"Revisada em 06/mar/2002.";NA;"FUNCEX";"Internet";"Macro"
"1908";"FUNCEX_XQCOMB";7;991;"Ativa";"Funcex";"Comércio exterior";"Exportações - combustíveis - quantum - índice (média 2006 = 100)";"Índice de quantum das exportações por categoria de uso: combustíveis (média 2006 = 100)";"Não oculta";"Internet";75;0;0;"Revisada em 06/mar/2002.";NA;"FUNCEX";"Internet";"Macro"
"1909";"FUNCEX_XQM";7;991;"Ativa";"Funcex";"Comércio exterior";"Exportações - produtos manufaturados - quantum - índice (média 2006 = 100)";"Índice de quantum das exportações por classe de produto: produtos manufaturados (média 2006 = 100)";"Não oculta";"Internet";75;0;0;"Revisada em 06/mar/2002.";NA;"FUNCEX";"Internet";"Macro"
"1910";"FUNCEX_XQS";7;991;"Ativa";"Funcex";"Comércio exterior";"Exportações - produtos semi-manufaturados - quantum - índice (média 2006 = 100)";"Índice de quantum das exportações por classe de produto: produtos semi-manufaturados (média 2006 = 100)";"Não oculta";"Internet";75;0;0;"Revisada em 06/mar/2002.";NA;"FUNCEX";"Internet";"Macro"
"1911";"FUNCEX_XQT";20;518;"Ativa";"Funcex";"Comércio exterior";"Exportações - quantum - índice (média 2006 = 100)";"Índice de quantum das exportações: total geral (média 2006 = 100)";"Não oculta";"Internet";75;0;1;"Revisada em 06/mar/2002.";NA;"FUNCEX";"Internet";"Macro"
"1912";"FUNCEX_XVB";35;335;"Ativa";"Funcex";"Comércio exterior";"Exportações - produtos básicos - (FOB)";"Valor FOB das exportações por classe de produto: produtos básicos";"Não oculta";"Intranet";75;0;0;"Revisada em 06/mar/2002.";NA;"FUNCEX";"Intranet";"Macro"
"1913";"FUNCEX_XVBCD";35;335;"Ativa";"Funcex";"Comércio exterior";"Exportações - bens de consumo duráveis - (FOB)";"Valor FOB das exportações por categoria de uso: bens de consumo duráveis";"Não oculta";"Internet";75;0;0;"Revisada em 06/mar/2002.";NA;"FUNCEX";"Internet";"Macro"
"1914";"FUNCEX_XVBCND";15;639;"Ativa";"Funcex";"Comércio exterior";"Exportações - bens de consumo não duráveis - (FOB)";"Valor FOB das exportações por categoria de uso: bens de consumo não duráveis";"Não oculta";"Internet";75;0;0;"Revisada em 06/mar/2002.";NA;"FUNCEX";"Internet";"Macro"
"1915";"FUNCEX_XVBI";23;471;"Ativa";"Funcex";"Comércio exterior";"Exportações - bens intermediários - (FOB)";"Valor FOB das exportações por categoria de uso: bens de consumo intermediários";"Não oculta";"Internet";75;0;0;"Revisada em 06/mar/2002.";NA;"FUNCEX";"Internet";"Macro"
"1916";"FUNCEX_XVBK";49;248;"Ativa";"Funcex";"Comércio exterior";"Exportações - bens de capital - (FOB)";"Valor FOB das exportações por categoria de uso: bens de capital";"Não oculta";"Internet";75;0;0;"Revisada em 06/mar/2002.";NA;"FUNCEX";"Internet";"Macro"
"1917";"FUNCEX_XVCOMB";8;932;"Ativa";"Funcex";"Comércio exterior";"Exportações - combustíveis - (FOB)";"Valor FOB das exportações por categoria de uso: combustíveis";"Não oculta";"Internet";75;0;0;"Revisada em 06/mar/2002.";NA;"FUNCEX";"Internet";"Macro"
"1918";"FUNCEX_XVM";23;471;"Ativa";"Funcex";"Comércio exterior";"Exportações - produtos manufaturados - (FOB)";"Valor FOB das exportações por classe de produto: produtos manufaturados";"Não oculta";"Intranet";75;0;0;"Revisada em 06/mar/2002.";NA;"FUNCEX";"Intranet";"Macro"
"1919";"FUNCEX_XVS";16;619;"Ativa";"Funcex";"Comércio exterior";"Exportações - produtos semi-manufaturados - (FOB)";"Valor FOB das exportações por classe de produto: produtos semi-manufaturados";"Não oculta";"Intranet";75;0;0;"Revisada em 06/mar/2002.";NA;"FUNCEX";"Intranet";"Macro"
"1920";"FUNCEX_XVT";381;15;"Ativa";"Funcex";"Comércio exterior";"Exportações - (FOB)";"Valor FOB das exportações: total geral";"Não oculta";"Intranet";75;0;0;"Revisada em 06/mar/2002.";NA;"FUNCEX";"Intranet";"Macro"
"1921";"FUNCEX_XQBVEG";1;1606;"Inativa";"Funcex/Séries antigas";"Comércio exterior";"Exportações - setor: beneficiamento de produtos vegetais - quantum - índice (média 2006 = 100)";"Índice de quantum das exportações por setor: beneficiamento de produtos vegetais (média 2006 = 100)";"Não oculta";"Internet";45;0;0;"Revisada em 06/mar/2002.";NA;"FUNCEX";"Internet";"Macro"
"1922";"FUNCEX_XPBVEG";1;1606;"Inativa";"Funcex/Séries antigas";"Comércio exterior";"Exportações - setor: beneficiamento de produtos vegetais - preços - índice (média 2006 = 100)";"Índice de preços das exportações por setor: beneficiamento de produtos vegetais (média 2006 = 100)";"Não oculta";"Internet";45;0;0;"Revisada em 06/mar/2002.";NA;"FUNCEX";"Internet";"Macro"
"1923";"FUNCEX_XQPET";1;1606;"Inativa";"Funcex/Séries antigas";"Comércio exterior";"Exportações - setor: refino de petróleo - quantum - índice (média 2006 = 100)";"Índice de quantum das exportações por setor: refino de petróleo (média 2006 = 100)";"Não oculta";"Internet";45;0;0;"Revisada em 06/mar/2002.";NA;"FUNCEX";"Internet";"Macro"
"1924";"FUNCEX_XPPET";1;1606;"Inativa";"Funcex/Séries antigas";"Comércio exterior";"Exportações - setor: refino de petróleo - preços - índice (média 2006 = 100)";"Índice de preços das exportações por setor: refino de petróleo (média 2006 = 100)";"Não oculta";"Internet";45;0;0;"Revisada em 06/mar/2002.";NA;"FUNCEX";"Internet";"Macro"
"1925";"FUNCEX_XQOPM";1;1606;"Inativa";"Funcex/Séries antigas";"Comércio exterior";"Exportações - setor: outros produtos metalúrgicos - quantum - índice (média 2006 = 100)";"Índice de quantum das exportações por setor: outros produtos metalúrgicos (média 2006 = 100)";"Não oculta";"Internet";45;0;0;"Revisada em 06/mar/2002.";NA;"FUNCEX";"Internet";"Macro"
"1926";"FUNCEX_XPOPM";1;1606;"Inativa";"Funcex/Séries antigas";"Comércio exterior";"Exportações - setor: outros produtos metalúrgicos - preços - índice (média 2006 = 100)";"Índice de preços das exportações por setor: outros produtos metalúrgicos (média 2006 = 100)";"Não oculta";"Internet";45;0;0;"Revisada em 06/mar/2002.";NA;"FUNCEX";"Internet";"Macro"
"1927";"FUNCEX_XQPAP";1;1606;"Inativa";"Funcex/Séries antigas";"Comércio exterior";"Exportações - setor: celulose, papel e gráfica - quantum - índice (média 2006 = 100)";"Índice de quantum das exportações por setor: celulose, papel e gráfica (média 2006 = 100)";"Não oculta";"Internet";45;0;0;"Revisada em 06/mar/2002.";NA;"FUNCEX";"Internet";"Macro"
"1928";"FUNCEX_XQEQP";1;1606;"Inativa";"Funcex/Séries antigas";"Comércio exterior";"Exportações - setor: equipamentos eletrônicos - quantum - índice (média 2006 = 100)";"Índice de quantum das exportações por setor: equipamentos eletrônicos (média 2006 = 100)";"Não oculta";"Internet";45;0;0;"Revisada em 06/mar/2002.";NA;"FUNCEX";"Internet";"Macro"
"1929";"FUNCEX_XPPAP";9;871;"Inativa";"Funcex/Séries antigas";"Comércio exterior";"Exportações - setor: celulose, papel e gráfica - preços - índice (média 2006 = 100)";"Índice de preços das exportações por setor: celulose, papel e gráfica (média 2006 = 100)";"Não oculta";"Internet";45;0;0;"Revisada em 06/mar/2002.";NA;"FUNCEX";"Internet";"Macro"
"1930";"FUNCEX_XQPOV";1;1606;"Inativa";"Funcex/Séries antigas";"Comércio exterior";"Exportações - setor: peças e outros veículos - quantum - índice (média 2006 = 100)";"Índice de quantum das exportações por setor: peças e outros veículos (média 2006 = 100)";"Não oculta";"Internet";45;0;0;"Revisada em 06/mar/2002.";NA;"FUNCEX";"Internet";"Macro"
"1931";"FUNCEX_XVBVEG";2;1445;"Inativa";"Funcex/Séries antigas";"Comércio exterior";"Exportações - setor: beneficiamento de produtos vegetais - (FOB)";"Valor FOB das exportações por setor: beneficiamento de produtos vegetais";"Não oculta";"Internet";45;0;0;"Revisada em 06/mar/2002.";NA;"FUNCEX";"Internet";"Macro"
"1932";"FUNCEX_XPEQP";1;1606;"Inativa";"Funcex/Séries antigas";"Comércio exterior";"Exportações - setor: equipamentos eletrônicos - preços - índice (média 2006 = 100)";"Índice de preços das exportações por setor: equipamentos eletrônicos (média 2006 = 100)";"Não oculta";"Internet";45;0;0;"Revisada em 06/mar/2002.";NA;"FUNCEX";"Internet";"Macro"
"1933";"FUNCEX_XQMNM";2;1445;"Inativa";"Funcex/Séries antigas";"Comércio exterior";"Exportações - setor: minerais não metálicos - quantum - índice (média 2006 = 100)";"Índice de quantum das exportações por setor: minerais não metálicos (média 2006 = 100)";"Não oculta";"Internet";45;0;0;"Revisada em 06/mar/2002.";NA;"FUNCEX";"Internet";"Macro"
"1934";"FUNCEX_XPPOV";1;1606;"Inativa";"Funcex/Séries antigas";"Comércio exterior";"Exportações - setor: peças e outros veículos - preços - índice (média 2006 = 100)";"Índice de preços das exportações por setor: peças e outros veículos (média 2006 = 100)";"Não oculta";"Internet";45;0;0;"Revisada em 06/mar/2002.";NA;"FUNCEX";"Internet";"Macro"
"1935";"FUNCEX_XVPET";6;1048;"Inativa";"Funcex/Séries antigas";"Comércio exterior";"Exportações - setor: refino de petróleo - (FOB)";"Valor FOB das exportações por setor: refino de petróleo";"Não oculta";"Internet";45;0;0;"Revisada em 06/mar/2002.";NA;"FUNCEX";"Internet";"Macro"
"1936";"FUNCEX_XPMNM";1;1606;"Inativa";"Funcex/Séries antigas";"Comércio exterior";"Exportações - setor: minerais não metálicos - preços - índice (média 2006 = 100)";"Índice de preços das exportações por setor: minerais não metálicos (média 2006 = 100)";"Não oculta";"Internet";45;0;0;"Revisada em 06/mar/2002.";NA;"FUNCEX";"Internet";"Macro"
"1937";"FUNCEX_XQAUT";1;1606;"Inativa";"Funcex/Séries antigas";"Comércio exterior";"Exportações - setor: veículos automotores - quantum - índice (média 2006 = 100)";"Índice de quantum das exportações por setor: veículos automotores (média 2006 = 100)";"Não oculta";"Internet";45;0;0;"Revisada em 06/mar/2002.";NA;"FUNCEX";"Internet";"Macro"
"1938";"FUNCEX_XQMAD";2;1445;"Inativa";"Funcex/Séries antigas";"Comércio exterior";"Exportações - setor: madeira e mobiliário - quantum - índice (média 2006 = 100)";"Índice de quantum das exportações por setor: madeira e mobiliário (média 2006 = 100)";"Não oculta";"Internet";45;0;0;"Revisada em 06/mar/2002.";NA;"FUNCEX";"Internet";"Macro"
"1939";"FUNCEX_XQIDIV";1;1606;"Inativa";"Funcex/Séries antigas";"Comércio exterior";"Exportações - setor: indústrias diversas - quantum - índice (média 2006 = 100)";"Índice de quantum das exportações por setor: indústrias diversas (média 2006 = 100)";"Não oculta";"Internet";45;0;0;"Revisada em 06/mar/2002.";NA;"FUNCEX";"Internet";"Macro"
"1940";"FUNCEX_XQMAQ";3;1315;"Inativa";"Funcex/Séries antigas";"Comércio exterior";"Exportações - setor: máquinas e tratores - quantum - índice (média 2006 = 100)";"Índice de quantum das exportações por setor: máquinas e tratores (média 2006 = 100)";"Não oculta";"Internet";45;0;0;"Revisada em 06/mar/2002.";NA;"FUNCEX";"Internet";"Macro"
"1941";"FUNCEX_XQMNF";1;1606;"Inativa";"Funcex/Séries antigas";"Comércio exterior";"Exportações - setor: metalurgia não ferrosos - quantum - índice (média 2006 = 100)";"Índice de quantum das exportações por setor: metalurgia não ferrosos (média 2006 = 100)";"Não oculta";"Internet";45;0;0;"Revisada em 06/mar/2002.";NA;"FUNCEX";"Internet";"Macro"
"1942";"FUNCEX_XPAUT";2;1445;"Inativa";"Funcex/Séries antigas";"Comércio exterior";"Exportações - setor: veículos automotores - preços - índice (média 2006 = 100)";"Índice de preços das exportações por setor: veículos automotores (média 2006 = 100)";"Não oculta";"Internet";45;0;0;"Revisada em 06/mar/2002.";NA;"FUNCEX";"Internet";"Macro"
"1943";"FUNCEX_XPMAD";1;1606;"Inativa";"Funcex/Séries antigas";"Comércio exterior";"Exportações - setor: madeira e mobiliário - preços - índice (média 2006 = 100)";"Índice de preços das exportações por setor: madeira e mobiliário (média 2006 = 100)";"Não oculta";"Internet";45;0;0;"Revisada em 06/mar/2002.";NA;"FUNCEX";"Internet";"Macro"
"1944";"FUNCEX_XQQUIM";1;1606;"Inativa";"Funcex/Séries antigas";"Comércio exterior";"Exportações - setor: elementos químicos - quantum - índice (média 2006 = 100)";"Índice de quantum das exportações por setor: elementos químicos (média 2006 = 100)";"Não oculta";"Internet";45;0;0;"Revisada em 06/mar/2002.";NA;"FUNCEX";"Internet";"Macro"
"1945";"FUNCEX_XPIDIV";4;1216;"Inativa";"Funcex/Séries antigas";"Comércio exterior";"Exportações - setor: indústrias diversas - preços - índice (média 2006 = 100)";"Índice de preços das exportações por setor: indústrias diversas (média 2006 = 100)";"Não oculta";"Internet";45;0;0;"Revisada em 06/mar/2002.";NA;"FUNCEX";"Internet";"Macro"
"1946";"FUNCEX_XPMAQ";4;1216;"Inativa";"Funcex/Séries antigas";"Comércio exterior";"Exportações - setor: máquinas e tratores - preços - índice (média 2006 = 100)";"Índice de preços das exportações por setor: máquinas e tratores (média 2006 = 100)";"Não oculta";"Internet";45;0;0;"Revisada em 06/mar/2002.";NA;"FUNCEX";"Internet";"Macro"
"1947";"FUNCEX_XPMNF";2;1445;"Inativa";"Funcex/Séries antigas";"Comércio exterior";"Exportações - setor: metalurgia não ferrosos - preços - índice (média 2006 = 100)";"Índice de preços das exportações por setor: metalurgia não ferrosos (média 2006 = 100)";"Não oculta";"Internet";45;0;0;"Revisada em 06/mar/2002.";NA;"FUNCEX";"Internet";"Macro"
"1948";"FUNCEX_XQELET";1;1606;"Inativa";"Funcex/Séries antigas";"Comércio exterior";"Exportações - setor: material elétrico - quantum - índice (média 2006 = 100)";"Índice de quantum das exportações por setor: material elétrico (média 2006 = 100)";"Não oculta";"Internet";45;0;0;"Revisada em 06/mar/2002.";NA;"FUNCEX";"Internet";"Macro"
"1949";"FUNCEX_XQEXT";1;1606;"Inativa";"Funcex/Séries antigas";"Comércio exterior";"Exportações - setor: extrativa mineral - quantum - índice (média 2006 = 100)";"Índice de quantum das exportações por setor: extrativa mineral (média 2006 = 100)";"Não oculta";"Internet";45;0;0;"Revisada em 06/mar/2002.";NA;"FUNCEX";"Internet";"Macro"
"1950";"FUNCEX_XQQDIV";2;1445;"Inativa";"Funcex/Séries antigas";"Comércio exterior";"Exportações - setor: químicos diversos - quantum - índice (média 2006 = 100)";"Índice de quantum das exportações por setor: químicos diversos (média 2006 = 100)";"Não oculta";"Internet";45;0;0;"Revisada em 06/mar/2002.";NA;"FUNCEX";"Internet";"Macro"
"1951";"FUNCEX_XPQUIM";1;1606;"Inativa";"Funcex/Séries antigas";"Comércio exterior";"Exportações - setor: elementos químicos - preços - índice (média 2006 = 100)";"Índice de preços das exportações por setor: elementos químicos (média 2006 = 100)";"Não oculta";"Internet";45;0;0;"Revisada em 06/mar/2002.";NA;"FUNCEX";"Internet";"Macro"
"1952";"FUNCEX_XQABAT";2;1445;"Inativa";"Funcex/Séries antigas";"Comércio exterior";"Exportações - setor: abate de animais - quantum - índice (média 2006 = 100)";"Índice de quantum das exportações por setor: abate de animais (média 2006 = 100)";"Não oculta";"Internet";45;0;0;"Revisada em 06/mar/2002.";NA;"FUNCEX";"Internet";"Macro"
"1953";"FUNCEX_XVOPM";1;1606;"Inativa";"Funcex/Séries antigas";"Comércio exterior";"Exportações - setor: outros produtos metalúrgicos - (FOB)";"Valor FOB das exportações por setor: outros produtos metalúrgicos";"Não oculta";"Internet";45;0;0;"Revisada em 06/mar/2002.";NA;"FUNCEX";"Internet";"Macro"
"1954";"FUNCEX_XPELET";12;739;"Inativa";"Funcex/Séries antigas";"Comércio exterior";"Exportações - setor: material elétrico - preços - índice (média 2006 = 100)";"Índice de preços das exportações por setor: material elétrico (média 2006 = 100)";"Não oculta";"Internet";45;0;0;"Revisada em 06/mar/2002.";NA;"FUNCEX";"Internet";"Macro"
"1955";"FUNCEX_XPEXT";9;871;"Inativa";"Funcex/Séries antigas";"Comércio exterior";"Exportações - setor: extrativa mineral - preços - índice (média 2006 = 100)";"Índice de preços das exportações por setor: extrativa mineral (média 2006 = 100)";"Não oculta";"Internet";45;0;0;"Revisada em 06/mar/2002.";NA;"FUNCEX";"Internet";"Macro"
"1956";"FUNCEX_XPQDIV";1;1606;"Inativa";"Funcex/Séries antigas";"Comércio exterior";"Exportações - setor: químicos diversos - preços - índice (média 2006 = 100)";"Índice de preços das exportações por setor: químicos diversos (média 2006 = 100)";"Não oculta";"Internet";45;0;0;"Revisada em 06/mar/2002.";NA;"FUNCEX";"Internet";"Macro"
"1957";"FUNCEX_XPABAT";1;1606;"Inativa";"Funcex/Séries antigas";"Comércio exterior";"Exportações - setor: abate de animais - preços - índice (média 2006 = 100)";"Índice de preços das exportações por setor: abate de animais (média 2006 = 100)";"Não oculta";"Internet";45;0;0;"Revisada em 06/mar/2002.";NA;"FUNCEX";"Internet";"Macro"
"1958";"FUNCEX_XVPAP";10;818;"Inativa";"Funcex/Séries antigas";"Comércio exterior";"Exportações - setor: celulose, papel e gráfica - (FOB)";"Valor FOB das exportações por setor: celulose, papel e gráfica";"Não oculta";"Internet";45;0;0;"Revisada em 06/mar/2002.";NA;"FUNCEX";"Internet";"Macro"
"1959";"FUNCEX_XQAGP";6;1048;"Inativa";"Funcex/Séries antigas";"Comércio exterior";"Exportações - setor: agropecuária - quantum - índice (média 2006 = 100)";"Índice de quantum das exportações por setor: agropecuária (média 2006 = 100)";"Não oculta";"Internet";45;0;0;"Revisada em 06/mar/2002.";NA;"FUNCEX";"Internet";"Macro"
"1960";"FUNCEX_XVEQP";4;1216;"Inativa";"Funcex/Séries antigas";"Comércio exterior";"Exportações - setor: equipamentos eletrônicos - (FOB)";"Valor FOB das exportações por setor: equipamentos eletrônicos";"Não oculta";"Internet";45;0;0;"Revisada em 06/mar/2002.";NA;"FUNCEX";"Internet";"Macro"
"1961";"FUNCEX_XVPOV";4;1216;"Inativa";"Funcex/Séries antigas";"Comércio exterior";"Exportações - setor: peças e outros veículos - (FOB)";"Valor FOB das exportações por setor: peças e outros veículos";"Não oculta";"Internet";45;0;0;"Revisada em 06/mar/2002.";NA;"FUNCEX";"Internet";"Macro"
"1962";"FUNCEX_XPAGP";7;991;"Inativa";"Funcex/Séries antigas";"Comércio exterior";"Exportações - setor: agropecuária - preços - índice (média 2006 = 100)";"Índice de preços das exportações por setor: agropecuária (média 2006 = 100)";"Não oculta";"Internet";45;0;0;"Revisada em 06/mar/2002.";NA;"FUNCEX";"Internet";"Macro"
"1963";"FUNCEX_XQSID";14;680;"Inativa";"Funcex/Séries antigas";"Comércio exterior";"Exportações - setor: siderurgia - quantum - índice (média 2006 = 100)";"Índice de quantum das exportações por setor: siderurgia (média 2006 = 100)";"Não oculta";"Internet";45;0;0;"Revisada em 06/mar/2002.";NA;"FUNCEX";"Internet";"Macro"
"1964";"FUNCEX_XVMNM";1;1606;"Inativa";"Funcex/Séries antigas";"Comércio exterior";"Exportações - setor: minerais não metálicos - (FOB)";"Valor FOB das exportações por setor: minerais não metálicos";"Não oculta";"Internet";45;0;0;"Revisada em 06/mar/2002.";NA;"FUNCEX";"Internet";"Macro"
"1965";"FUNCEX_XPSID";11;772;"Inativa";"Funcex/Séries antigas";"Comércio exterior";"Exportações - setor: siderurgia - preços - índice (média 2006 = 100)";"Índice de preços das exportações por setor: siderurgia (média 2006 = 100)";"Não oculta";"Internet";45;0;0;"Revisada em 06/mar/2002.";NA;"FUNCEX";"Internet";"Macro"
"1966";"FUNCEX_XQBOR";3;1315;"Inativa";"Funcex/Séries antigas";"Comércio exterior";"Exportações - setor: borracha - quantum - índice (média 2006 = 100)";"Índice de quantum das exportações por setor: borracha (média 2006 = 100)";"Não oculta";"Internet";45;0;0;"Revisada em 06/mar/2002.";NA;"FUNCEX";"Internet";"Macro"
"1967";"FUNCEX_XQCAL";10;818;"Inativa";"Funcex/Séries antigas";"Comércio exterior";"Exportações - setor: calçados - quantum - índice (média 2006 = 100)";"Índice de quantum das exportações por setor: calçados (média 2006 = 100)";"Não oculta";"Internet";45;0;0;"Revisada em 06/mar/2002.";NA;"FUNCEX";"Internet";"Macro"
"1968";"FUNCEX_XVAUT";11;772;"Inativa";"Funcex/Séries antigas";"Comércio exterior";"Exportações - setor: veículos automotores - (FOB)";"Valor FOB das exportações por setor: veículos automotores";"Não oculta";"Internet";45;0;0;"Revisada em 06/mar/2002.";NA;"FUNCEX";"Internet";"Macro"
"1969";"FUNCEX_XVMAD";3;1315;"Inativa";"Funcex/Séries antigas";"Comércio exterior";"Exportações - setor: madeira e mobiliário - (FOB)";"Valor FOB das exportações por setor: madeira e mobiliário";"Não oculta";"Internet";45;0;0;"Revisada em 06/mar/2002.";NA;"FUNCEX";"Internet";"Macro"
"1970";"FUNCEX_XQOAL";1;1606;"Inativa";"Funcex/Séries antigas";"Comércio exterior";"Exportações - setor: outros produtos alimentares - quantum - índice (média 2006 = 100)";"Índice de quantum das exportações por setor: outros produtos alimentares (média 2006 = 100)";"Não oculta";"Internet";45;0;0;"Revisada em 06/mar/2002.";NA;"FUNCEX";"Internet";"Macro"
"1971";"FUNCEX_XVIDIV";6;1048;"Inativa";"Funcex/Séries antigas";"Comércio exterior";"Exportações - setor: indústrias diversas - (FOB)";"Valor FOB das exportações por setor: indústrias diversas";"Não oculta";"Internet";45;0;0;"Revisada em 06/mar/2002.";NA;"FUNCEX";"Internet";"Macro"
"1972";"FUNCEX_XVMAQ";3;1315;"Inativa";"Funcex/Séries antigas";"Comércio exterior";"Exportações - setor: máquinas e tratores - (FOB)";"Valor FOB das exportações por setor: máquinas e tratores";"Não oculta";"Internet";45;0;0;"Revisada em 06/mar/2002.";NA;"FUNCEX";"Internet";"Macro"
"1973";"FUNCEX_XVMNF";1;1606;"Inativa";"Funcex/Séries antigas";"Comércio exterior";"Exportações - setor: metalurgia não ferrosos - (FOB)";"Valor FOB das exportações por setor: metalurgia não ferrosos";"Não oculta";"Internet";45;0;0;"Revisada em 06/mar/2002.";NA;"FUNCEX";"Internet";"Macro"
"1974";"FUNCEX_XPBOR";3;1315;"Inativa";"Funcex/Séries antigas";"Comércio exterior";"Exportações - setor: borracha - preços - índice (média 2006 = 100)";"Índice de preços das exportações por setor: borracha (média 2006 = 100)";"Não oculta";"Internet";45;0;0;"Revisada em 06/mar/2002.";NA;"FUNCEX";"Internet";"Macro"
"1975";"FUNCEX_XPCAL";9;871;"Inativa";"Funcex/Séries antigas";"Comércio exterior";"Exportações - setor: calçados - preços - índice (média 2006 = 100)";"Índice de preços das exportações por setor: calçados (média 2006 = 100)";"Não oculta";"Internet";45;0;0;"Revisada em 06/mar/2002.";NA;"FUNCEX";"Internet";"Macro"
"1976";"FUNCEX_XVQUIM";4;1216;"Inativa";"Funcex/Séries antigas";"Comércio exterior";"Exportações - setor: elementos químicos - (FOB)";"Valor FOB das exportações por setor: elementos químicos";"Não oculta";"Internet";45;0;0;"Revisada em 06/mar/2002.";NA;"FUNCEX";"Internet";"Macro"
"1977";"FUNCEX_XQOVEG";5;1138;"Inativa";"Funcex/Séries antigas";"Comércio exterior";"Exportações - setor: óleos vegetais - quantum - índice (média 2006 = 100)";"Índice de quantum das exportações por setor: óleos vegetais (média 2006 = 100)";"Não oculta";"Internet";45;0;0;"Revisada em 06/mar/2002.";NA;"FUNCEX";"Internet";"Macro"
"1978";"FUNCEX_XVELET";3;1315;"Inativa";"Funcex/Séries antigas";"Comércio exterior";"Exportações - setor: material elétrico - (FOB)";"Valor FOB das exportações por setor: material elétrico";"Não oculta";"Internet";45;0;0;"Revisada em 06/mar/2002.";NA;"FUNCEX";"Internet";"Macro"
"1979";"FUNCEX_XVEXT";9;871;"Inativa";"Funcex/Séries antigas";"Comércio exterior";"Exportações - setor: extrativa mineral - (FOB)";"Valor FOB das exportações por setor: extrativa mineral";"Não oculta";"Internet";45;0;0;"Revisada em 06/mar/2002.";NA;"FUNCEX";"Internet";"Macro"
"1980";"FUNCEX_XVQDIV";4;1216;"Inativa";"Funcex/Séries antigas";"Comércio exterior";"Exportações - setor: químicos diversos - (FOB)";"Valor FOB das exportações por setor: químicos diversos";"Não oculta";"Internet";45;0;0;"Revisada em 06/mar/2002.";NA;"FUNCEX";"Internet";"Macro"
"1981";"FUNCEX_XPOAL";1;1606;"Inativa";"Funcex/Séries antigas";"Comércio exterior";"Exportações - setor: outros produtos alimentares - preços - índice (média 2006 = 100)";"Índice de preços das exportações por setor: outros produtos alimentares (média 2006 = 100)";"Não oculta";"Internet";45;0;0;"Revisada em 06/mar/2002.";NA;"FUNCEX";"Internet";"Macro"
"1982";"FUNCEX_XVABAT";3;1315;"Inativa";"Funcex/Séries antigas";"Comércio exterior";"Exportações - setor: abate de animais - (FOB)";"Valor FOB das exportações por setor: abate de animais";"Não oculta";"Internet";45;0;0;"Revisada em 06/mar/2002.";NA;"FUNCEX";"Internet";"Macro"
"1983";"FUNCEX_XPOVEG";6;1048;"Inativa";"Funcex/Séries antigas";"Comércio exterior";"Exportações - setor: óleos vegetais - preços - índice (média 2006 = 100)";"Índice de preços das exportações por setor: óleos vegetais (média 2006 = 100)";"Não oculta";"Internet";45;0;0;"Revisada em 06/mar/2002.";NA;"FUNCEX";"Internet";"Macro"
"1984";"FUNCEX_XQTEXT";2;1445;"Inativa";"Funcex/Séries antigas";"Comércio exterior";"Exportações - setor: têxtil - quantum - índice (média 2006 = 100)";"Índice de quantum das exportações por setor: têxtil (média 2006 = 100)";"Não oculta";"Internet";45;0;0;"Revisada em 06/mar/2002.";NA;"FUNCEX";"Internet";"Macro"
"1985";"FUNCEX_XPTEXT";10;818;"Inativa";"Funcex/Séries antigas";"Comércio exterior";"Exportações - setor: têxtil - preços - índice (média 2006 = 100)";"Índice de preços das exportações por setor: têxtil (média 2006 = 100)";"Não oculta";"Internet";45;0;0;"Revisada em 06/mar/2002.";NA;"FUNCEX";"Internet";"Macro"
"1986";"FUNCEX_XVAGP";32;365;"Inativa";"Funcex/Séries antigas";"Comércio exterior";"Exportações - setor: agropecuária - (FOB)";"Valor FOB das exportações por setor: agropecuária";"Não oculta";"Internet";45;0;0;"Revisada em 06/mar/2002.";NA;"FUNCEX";"Internet";"Macro"
"1987";"FUNCEX_XVSID";26;432;"Inativa";"Funcex/Séries antigas";"Comércio exterior";"Exportações - setor: siderurgia - (FOB)";"Valor FOB das exportações por setor: siderurgia";"Não oculta";"Internet";45;0;0;"Revisada em 06/mar/2002.";NA;"FUNCEX";"Internet";"Macro"
"1988";"FUNCEX_XQACUC";21;504;"Inativa";"Funcex/Séries antigas";"Comércio exterior";"Exportações - setor: açúcar - quantum - índice (média 2006 = 100)";"Índice de quantum das exportações por setor: açúcar (média 2006 = 100)";"Não oculta";"Internet";45;0;0;"Revisada em 06/mar/2002.";NA;"FUNCEX";"Internet";"Macro"
"1989";"FUNCEX_XVBOR";4;1216;"Inativa";"Funcex/Séries antigas";"Comércio exterior";"Exportações - setor: borracha - (FOB)";"Valor FOB das exportações por setor: borracha";"Não oculta";"Internet";45;0;0;"Revisada em 06/mar/2002.";NA;"FUNCEX";"Internet";"Macro"
"1990";"FUNCEX_XVCAL";9;871;"Inativa";"Funcex/Séries antigas";"Comércio exterior";"Exportações - setor: calçados - (FOB)";"Valor FOB das exportações por setor: calçados";"Não oculta";"Internet";45;0;0;"Revisada em 06/mar/2002.";NA;"FUNCEX";"Internet";"Macro"
"1991";"FUNCEX_XPACUC";19;538;"Inativa";"Funcex/Séries antigas";"Comércio exterior";"Exportações - setor: açúcar - preços - índice (média 2006 = 100)";"Índice de preços das exportações por setor: açúcar (média 2006 = 100)";"Não oculta";"Internet";45;0;0;"Revisada em 06/mar/2002.";NA;"FUNCEX";"Internet";"Macro"
"1992";"FUNCEX_XQCAFE";15;639;"Inativa";"Funcex/Séries antigas";"Comércio exterior";"Exportações - setor: café - quantum - índice (média 2006 = 100)";"Índice de quantum das exportações por setor: café (média 2006 = 100)";"Não oculta";"Internet";45;0;0;"Revisada em 06/mar/2002.";NA;"FUNCEX";"Internet";"Macro"
"1993";"FUNCEX_XVOAL";2;1445;"Inativa";"Funcex/Séries antigas";"Comércio exterior";"Exportações - setor: outros produtos alimentares - (FOB)";"Valor FOB das exportações por setor: outros produtos alimentares";"Não oculta";"Internet";45;0;0;"Revisada em 06/mar/2002.";NA;"FUNCEX";"Internet";"Macro"
"1994";"FUNCEX_XPCAFE";15;639;"Inativa";"Funcex/Séries antigas";"Comércio exterior";"Exportações - setor: café - preços - índice (média 2006 = 100)";"Índice de preços das exportações por setor: café (média 2006 = 100)";"Não oculta";"Internet";45;0;0;"Revisada em 06/mar/2002.";NA;"FUNCEX";"Internet";"Macro"
"1995";"FUNCEX_XVOVEG";2;1445;"Inativa";"Funcex/Séries antigas";"Comércio exterior";"Exportações - setor: óleos vegetais - (FOB)";"Valor FOB das exportações por setor: óleos vegetais";"Não oculta";"Internet";45;0;0;"Revisada em 06/mar/2002.";NA;"FUNCEX";"Internet";"Macro"
"1996";"FUNCEX_XVTEXT";12;739;"Inativa";"Funcex/Séries antigas";"Comércio exterior";"Exportações - setor: têxtil - (FOB)";"Valor FOB das exportações por setor: têxtil";"Não oculta";"Internet";45;0;0;"Revisada em 06/mar/2002.";NA;"FUNCEX";"Internet";"Macro"
"1997";"FUNCEX_XVACUC";12;739;"Inativa";"Funcex/Séries antigas";"Comércio exterior";"Exportações - setor: açúcar - (FOB)";"Valor FOB das exportações por setor: açúcar";"Não oculta";"Internet";45;0;0;"Revisada em 06/mar/2002.";NA;"FUNCEX";"Internet";"Macro"
"1998";"FUNCEX_XVCAFE";13;708;"Inativa";"Funcex/Séries antigas";"Comércio exterior";"Exportações - setor: café - (FOB)";"Valor FOB das exportações por setor: café";"Não oculta";"Internet";45;0;0;"Revisada em 06/mar/2002.";NA;"FUNCEX";"Internet";"Macro"
"1999";"FUNCEX12_MDPBCD12";26;472;"Inativa";"Funcex";"Comércio exterior";"Importações - bens de consumo duráveis - preços - índice (média 2006 = 100) (série antiga)";"Índice de preços das importações por categoria de uso: bens de consumo duráveis (média 2006 = 100)";"Não oculta";"Internet";20;0;0;"Revisada em 06/mar/2002.";NA;"FUNCEX12";"Internet";"Macro"
"2000";"FUNCEX12_MDPBCND12";23;526;"Inativa";"Funcex";"Comércio exterior";"Importações - bens de consumo não duráveis - preços - índice (média 2006 = 100) (série antiga)";"Índice de preços das importações por categoria de uso: bens de consumo não duráveis (média 2006 = 100)";"Não oculta";"Internet";20;0;0;"Revisada em 06/mar/2002.";NA;"FUNCEX12";"Internet";"Macro"
"2001";"FUNCEX12_MDPBI12";21;569;"Inativa";"Funcex";"Comércio exterior";"Importações - bens intermediários - preços - índice (média 2006 = 100) (série antiga)";"Índice de preços das importações por categoria de uso: bens intermediários (média 2006 = 100)";"Não oculta";"Internet";20;0;0;"Revisada em 06/mar/2002.";NA;"FUNCEX12";"Internet";"Macro"
"2002";"FUNCEX12_MDPBK12";30;421;"Inativa";"Funcex";"Comércio exterior";"Importações - bens de capital - preços - índice (média 2006 = 100) (série antiga)";"Índice de preços das importações por categoria de uso: bens de capital (média 2006 = 100)";"Não oculta";"Internet";20;0;0;"Revisada em 06/mar/2002.";NA;"FUNCEX12";"Internet";"Macro"
"2003";"FUNCEX12_MDPCOMB12";15;714;"Inativa";"Funcex";"Comércio exterior";"Importações - combustíveis - preços - índice (média 2006 = 100) (série antiga)";"Índice de preços das importações por categoria de uso: combustíveis (média 2006 = 100)";"Não oculta";"Internet";20;0;0;"Revisada em 06/mar/2002.";NA;"FUNCEX12";"Internet";"Macro"
"2004";"FUNCEX12_MDPT12";54;238;"Ativa";"Funcex";"Comércio exterior";"Importações - preços - índice (média 2006 = 100)";"Índice de preços das importações: total geral (média 2006 = 100)";"Não oculta";"Internet";51;0;0;"Revisada em 06/mar/2002.";NA;"FUNCEX12";"Internet";"Macro"
"2005";"FUNCEX12_MDQBCD12";23;526;"Inativa";"Funcex";"Comércio exterior";"Importações - bens de consumo duráveis - quantum - índice (média 2006 = 100) (série antiga)";"Índice de quantum das importações por categoria de uso: bens de consumo duráveis (média 2006 = 100)";"Não oculta";"Internet";20;0;0;"Revisada em 06/mar/2002.";NA;"FUNCEX12";"Internet";"Macro"
"2006";"FUNCEX12_MDQBCND12";27;457;"Inativa";"Funcex";"Comércio exterior";"Importações - bens de consumo não duráveis - quantum - índice (média 2006 = 100) (série antiga)";"Índice de quantum das importações por categoria de uso: bens de consumo não duráveis (média 2006 = 100)";"Não oculta";"Internet";20;0;0;"Revisada em 06/mar/2002.";NA;"FUNCEX12";"Internet";"Macro"
"2007";"FUNCEX12_MDQBI12";24;508;"Inativa";"Funcex";"Comércio exterior";"Importações - bens intermediários - quantum - índice (média 2006 = 100) (série antiga)";"Índice de quantum das importações por categoria de uso: bens intermediários (média 2006 = 100)";"Não oculta";"Internet";20;0;0;"Revisada em 06/mar/2002.";NA;"FUNCEX12";"Internet";"Macro"
"2008";"FUNCEX12_MDQBK12";45;294;"Inativa";"Funcex";"Comércio exterior";"Importações - bens de capital - quantum - índice (média 2006 = 100) (série antiga)";"Índice de quantum das importações por categoria de uso: bens de capital (média 2006 = 100)";"Não oculta";"Internet";20;0;0;"Revisada em 06/mar/2002.";NA;"FUNCEX12";"Internet";"Macro"
"2009";"FUNCEX12_MDQCOMB12";19;621;"Inativa";"Funcex";"Comércio exterior";"Importações - combustíveis - quantum - índice (média 2006 = 100) (série antiga)";"Índice de quantum das importações por categoria de uso: combustíveis (média 2006 = 100)";"Não oculta";"Internet";20;0;0;"Revisada em 06/mar/2002.";NA;"FUNCEX12";"Internet";"Macro"
"2010";"FUNCEX12_MDQT12";60;209;"Ativa";"Funcex";"Comércio exterior";"Importações - quantum - índice (média 2006 = 100)";"Índice de quantum das importações: total geral (média 2006 = 100)";"Não oculta";"Internet";51;0;0;"Revisada em 06/mar/2002.";NA;"FUNCEX12";"Internet";"Macro"
"2011";"FUNCEX12_MDVABAT12";3;1356;"Inativa";"Funcex/Séries antigas";"Comércio exterior";"Importações - setor: abate de animais - (FOB)";"Valor FOB das importações por setor: abate de animais";"Não oculta";"Internet";20;0;0;"Revisada em 06/mar/2002.";NA;"FUNCEX12";"Internet";"Macro"
"2012";"FUNCEX12_MDVAGP12";17;667;"Inativa";"Funcex/Séries antigas";"Comércio exterior";"Importações - setor: agropecuária - (FOB)";"Valor FOB das importações por setor: agropecuária";"Não oculta";"Internet";20;0;0;"Revisada em 06/mar/2002.";NA;"FUNCEX12";"Internet";"Macro"
"2013";"FUNCEX12_MDVAUT12";14;737;"Inativa";"Funcex/Séries antigas";"Comércio exterior";"Importações - setor: veículos automotores - (FOB)";"Valor FOB das importações por setor: veículos automotores";"Não oculta";"Internet";20;0;0;"Revisada em 06/mar/2002.";NA;"FUNCEX12";"Internet";"Macro"
"2014";"FUNCEX12_MDVBCD12";25;491;"Inativa";"Funcex";"Comércio exterior";"Importações - bens de consumo duráveis - (FOB) (série antiga)";"Valor FOB das importações por categoria de uso: bens de consumo duráveis";"Não oculta";"Internet";20;0;0;"Revisada em 06/mar/2002.";NA;"FUNCEX12";"Internet";"Macro"
"2015";"FUNCEX12_MDVBCND12";20;593;"Inativa";"Funcex";"Comércio exterior";"Importações - bens de consumo não duráveis - (FOB) (série antiga)";"Valor FOB das importações por categoria de uso: bens de consumo não duráveis";"Não oculta";"Internet";20;0;0;"Revisada em 06/mar/2002.";NA;"FUNCEX12";"Internet";"Macro"
"2016";"FUNCEX12_MDVBI12";28;441;"Inativa";"Funcex";"Comércio exterior";"Importações - bens intermediários - (FOB) (série antiga)";"Valor FOB das importações por categoria de uso: bens intermediários";"Não oculta";"Internet";20;0;0;"Revisada em 06/mar/2002.";NA;"FUNCEX12";"Internet";"Macro"
"2017";"FUNCEX12_MDVBK12";35;375;"Inativa";"Funcex";"Comércio exterior";"Importações - bens de capital - (FOB) (série antiga)";"Valor FOB das importações por categoria de uso: bens de capital";"Não oculta";"Internet";20;0;0;"Revisada em 06/mar/2002.";NA;"FUNCEX12";"Internet";"Macro"
"2018";"FUNCEX12_MDVBOR12";8;996;"Inativa";"Funcex/Séries antigas";"Comércio exterior";"Importações - setor: borracha - (FOB)";"Valor FOB das importações por setor: borracha";"Não oculta";"Internet";20;0;0;"Revisada em 06/mar/2002.";NA;"FUNCEX12";"Internet";"Macro"
"2019";"FUNCEX12_MDVBVEG12";3;1356;"Inativa";"Funcex/Séries antigas";"Comércio exterior";"Importações - setor: beneficiamento de produtos vegetais - (FOB)";"Valor FOB das importações por setor: beneficiamento de produtos vegetais";"Não oculta";"Internet";20;0;0;"Revisada em 06/mar/2002.";NA;"FUNCEX12";"Internet";"Macro"
"2020";"FUNCEX12_MDVCAL12";14;737;"Inativa";"Funcex/Séries antigas";"Comércio exterior";"Importações - setor: calçados - (FOB)";"Valor FOB das importações por setor: calçados";"Não oculta";"Internet";20;0;0;"Revisada em 06/mar/2002.";NA;"FUNCEX12";"Internet";"Macro"
"2021";"FUNCEX12_MDVCOMB12";20;593;"Inativa";"Funcex";"Comércio exterior";"Importações - combustíveis - (FOB) (série antiga)";"Valor FOB das importações por categoria de uso: combustíveis";"Não oculta";"Internet";20;0;0;"Revisada em 06/mar/2002.";NA;"FUNCEX12";"Internet";"Macro"
"2022";"FUNCEX12_MDVELET12";3;1356;"Inativa";"Funcex/Séries antigas";"Comércio exterior";"Importações - setor: material elétrico - (FOB)";"Valor FOB das importações por setor: material elétrico";"Não oculta";"Internet";20;0;0;"Revisada em 06/mar/2002.";NA;"FUNCEX12";"Internet";"Macro"
"2023";"FUNCEX12_MDVEQP12";5;1176;"Inativa";"Funcex/Séries antigas";"Comércio exterior";"Importações - setor: equipamentos eletrônicos - (FOB)";"Valor FOB das importações por setor: equipamentos eletrônicos";"Não oculta";"Internet";20;0;0;"Revisada em 06/mar/2002.";NA;"FUNCEX12";"Internet";"Macro"
"2024";"FUNCEX12_MDVEXT12";6;1117;"Inativa";"Funcex/Séries antigas";"Comércio exterior";"Importações - setor: extrativa mineral - (FOB)";"Valor FOB das importações por setor: extrativa mineral";"Não oculta";"Internet";20;0;0;"Revisada em 06/mar/2002.";NA;"FUNCEX12";"Internet";"Macro"
"2025";"FUNCEX12_MDVFARM12";3;1356;"Inativa";"Funcex/Séries antigas";"Comércio exterior";"Importações - setor: farmacêutica e perfumaria - (FOB)";"Valor FOB das importações por setor: farmacêutica e perfumaria";"Não oculta";"Internet";20;0;0;"Revisada em 06/mar/2002.";NA;"FUNCEX12";"Internet";"Macro"
"2026";"FUNCEX12_MDVIDIV12";5;1176;"Inativa";"Funcex/Séries antigas";"Comércio exterior";"Importações - setor: indústrias diversas - (FOB)";"Valor FOB das importações por setor: indústrias diversas";"Não oculta";"Internet";20;0;0;"Revisada em 06/mar/2002.";NA;"FUNCEX12";"Internet";"Macro"
"2027";"FUNCEX12_MDVLAT12";4;1262;"Inativa";"Funcex/Séries antigas";"Comércio exterior";"Importações - setor: laticínios - (FOB)";"Valor FOB das importações por setor: laticínios";"Não oculta";"Internet";20;0;0;"Revisada em 06/mar/2002.";NA;"FUNCEX12";"Internet";"Macro"
"2028";"FUNCEX12_MDVMAD12";3;1356;"Inativa";"Funcex/Séries antigas";"Comércio exterior";"Importações - setor: madeira e mobiliário - (FOB)";"Valor FOB das importações por setor: madeira e mobiliário";"Não oculta";"Internet";20;0;0;"Revisada em 06/mar/2002.";NA;"FUNCEX12";"Internet";"Macro"
"2029";"FUNCEX12_MDVMAQ12";3;1356;"Inativa";"Funcex/Séries antigas";"Comércio exterior";"Importações - setor: máquinas e tratores - (FOB)";"Valor FOB das importações por setor: máquinas e tratores";"Não oculta";"Internet";20;0;0;"Revisada em 06/mar/2002.";NA;"FUNCEX12";"Internet";"Macro"
"2030";"FUNCEX12_MDVMNF12";4;1262;"Inativa";"Funcex/Séries antigas";"Comércio exterior";"Importações - setor: metalurgia não ferrosos - (FOB)";"Valor FOB das importações por setor: metalurgia não ferrosos";"Não oculta";"Internet";20;0;0;"Revisada em 06/mar/2002.";NA;"FUNCEX12";"Internet";"Macro"
"2031";"FUNCEX12_MDVMNM12";3;1356;"Inativa";"Funcex/Séries antigas";"Comércio exterior";"Importações - setor: minerais não metálicos - (FOB)";"Valor FOB das importações por setor: minerais não metálicos";"Não oculta";"Internet";20;0;0;"Revisada em 06/mar/2002.";NA;"FUNCEX12";"Internet";"Macro"
"2032";"FUNCEX12_MDVOAL12";6;1117;"Inativa";"Funcex/Séries antigas";"Comércio exterior";"Importações - setor: outros produtos alimentares - (FOB)";"Valor FOB das importações por setor: outros produtos alimentares";"Não oculta";"Internet";20;0;0;"Revisada em 06/mar/2002.";NA;"FUNCEX12";"Internet";"Macro"
"2033";"FUNCEX12_MDVOPM12";9;946;"Inativa";"Funcex/Séries antigas";"Comércio exterior";"Importações - setor: outros produtos metalúrgicos - (FOB)";"Valor FOB das importações por setor: outros produtos metalúrgicos";"Não oculta";"Internet";20;0;0;"Revisada em 06/mar/2002.";NA;"FUNCEX12";"Internet";"Macro"
"2034";"FUNCEX12_MDVOVEG12";4;1262;"Inativa";"Funcex/Séries antigas";"Comércio exterior";"Importações - setor: óleos vegetais - (FOB)";"Valor FOB das importações por setor: óleos vegetais";"Não oculta";"Internet";20;0;0;"Revisada em 06/mar/2002.";NA;"FUNCEX12";"Internet";"Macro"
"2035";"FUNCEX12_MDVPAP12";13;769;"Inativa";"Funcex/Séries antigas";"Comércio exterior";"Importações - setor: celulose, papel e gráfica - (FOB)";"Valor FOB das importações por setor: celulose, papel e gráfica";"Não oculta";"Internet";20;0;0;"Revisada em 06/mar/2002.";NA;"FUNCEX12";"Internet";"Macro"
"2036";"FUNCEX12_MDVPET12";4;1262;"Inativa";"Funcex/Séries antigas";"Comércio exterior";"Importações - setor: refino de petróleo - (FOB)";"Valor FOB das importações por setor: refino de petróleo";"Não oculta";"Internet";20;0;0;"Revisada em 06/mar/2002.";NA;"FUNCEX12";"Internet";"Macro"
"2037";"FUNCEX12_MDVPETC12";11;856;"Inativa";"Funcex/Séries antigas";"Comércio exterior";"Importações - setor: petróleo e carvão - (FOB)";"Valor FOB das importações por setor: petróleo e carvão";"Não oculta";"Internet";20;0;0;"Revisada em 06/mar/2002.";NA;"FUNCEX12";"Internet";"Macro"
"2038";"FUNCEX12_MDVPLAS12";4;1262;"Inativa";"Funcex/Séries antigas";"Comércio exterior";"Importações - setor: plástica - (FOB)";"Valor FOB das importações por setor: plástica";"Não oculta";"Internet";20;0;0;"Revisada em 06/mar/2002.";NA;"FUNCEX12";"Internet";"Macro"
"2039";"FUNCEX12_MDVPOV12";7;1050;"Inativa";"Funcex/Séries antigas";"Comércio exterior";"Importações - setor: peças e outros veículos - (FOB)";"Valor FOB das importações por setor: peças e outros veículos";"Não oculta";"Internet";20;0;0;"Revisada em 06/mar/2002.";NA;"FUNCEX12";"Internet";"Macro"
"2040";"FUNCEX12_MDVQDIV12";6;1117;"Inativa";"Funcex/Séries antigas";"Comércio exterior";"Importações - setor: químicos diversos - (FOB)";"Valor FOB das importações por setor: químicos diversos";"Não oculta";"Internet";20;0;0;"Revisada em 06/mar/2002.";NA;"FUNCEX12";"Internet";"Macro"
"2041";"FUNCEX12_MDVQUIM12";2;1480;"Inativa";"Funcex/Séries antigas";"Comércio exterior";"Importações - setor: elementos químicos - (FOB)";"Valor FOB das importações por setor: elementos químicos";"Não oculta";"Internet";20;0;0;"Revisada em 06/mar/2002.";NA;"FUNCEX12";"Internet";"Macro"
"2042";"FUNCEX12_MDVSID12";9;946;"Inativa";"Funcex/Séries antigas";"Comércio exterior";"Importações - setor: siderurgia - (FOB)";"Valor FOB das importações por setor: siderurgia";"Não oculta";"Internet";20;0;0;"Revisada em 06/mar/2002.";NA;"FUNCEX12";"Internet";"Macro"
"2043";"FUNCEX12_MDVT12";87;136;"Ativa";"Funcex";"Comércio exterior";"Importações - (FOB)";"Valor FOB das importações: total geral";"Não oculta";"Intranet";51;0;0;"Revisada em 06/mar/2002.";NA;"FUNCEX12";"Intranet";"Macro"
"2044";"FUNCEX12_MDVTEXT12";11;856;"Inativa";"Funcex/Séries antigas";"Comércio exterior";"Importações - setor: têxtil - (FOB)";"Valor FOB das importações por setor: têxtil";"Não oculta";"Internet";20;0;0;"Revisada em 06/mar/2002.";NA;"FUNCEX12";"Internet";"Macro"
"2045";"FUNCEX12_MDVVEST12";3;1356;"Inativa";"Funcex/Séries antigas";"Comércio exterior";"Importações - setor: artigos de vestuário - (FOB)";"Valor FOB das importações por setor: artigos de vestuário";"Não oculta";"Internet";20;0;0;"Revisada em 06/mar/2002.";NA;"FUNCEX12";"Internet";"Macro"
"2046";"FUNCEX12_XPB12";32;398;"Ativa";"Funcex";"Comércio exterior";"Exportações - produtos básicos - preços - índice (média 2006 = 100)";"Índice de preços das exportações por classe de produto: produtos básicos (média 2006 = 100)";"Não oculta";"Internet";51;0;0;"Revisada em 06/mar/2002.";NA;"FUNCEX12";"Internet";"Macro"
"2047";"FUNCEX12_XPBCD12";34;381;"Inativa";"Funcex";"Comércio exterior";"Exportações - bens de consumo duráveis - preços - índice (média 2006 = 100) (série antiga)";"Índice de preços das exportações por categoria de uso: bens de consumo duráveis (média 2006 = 100)";"Não oculta";"Internet";20;0;0;"Revisada em 06/mar/2002.";NA;"FUNCEX12";"Internet";"Macro"
"2048";"FUNCEX12_XPBCND12";21;569;"Inativa";"Funcex";"Comércio exterior";"Exportações - bens de consumo não duráveis - preços - índice (média 2006 = 100) (série antiga)";"Índice de preços das exportações por categoria de uso: bens de consumo não duráveis (média 2006 = 100)";"Não oculta";"Internet";20;0;0;"Revisada em 06/mar/2002.";NA;"FUNCEX12";"Internet";"Macro"
"2049";"FUNCEX12_XPBI12";21;569;"Inativa";"Funcex";"Comércio exterior";"Exportações - bens intermediários - preços - índice (média 2006 = 100) (série antiga)";"Índice de preços das exportações por categoria de uso: bens intermediários (média 2006 = 100)";"Não oculta";"Internet";20;0;0;"Revisada em 06/mar/2002.";NA;"FUNCEX12";"Internet";"Macro"
"2050";"FUNCEX12_XPBK12";29;432;"Inativa";"Funcex";"Comércio exterior";"Exportações - bens de capital - preços - índice (média 2006 = 100) (série antiga)";"Índice de preços das exportações por categoria de uso: bens de capital (média 2006 = 100)";"Não oculta";"Internet";20;0;0;"Revisada em 06/mar/2002.";NA;"FUNCEX12";"Internet";"Macro"
"2051";"FUNCEX12_XPCOMB12";17;667;"Inativa";"Funcex";"Comércio exterior";"Exportações - combustíveis - preços - índice (média 2006 = 100) (série antiga)";"Índice de preços das exportações por categoria de uso: combustíveis (média 2006 = 100)";"Não oculta";"Internet";20;0;0;"Revisada em 06/mar/2002.";NA;"FUNCEX12";"Internet";"Macro"
"2052";"FUNCEX12_XPM12";22;542;"Ativa";"Funcex";"Comércio exterior";"Exportações - produtos manufaturados - preços - índice (média 2006 = 100)";"Índice de preços das exportações por classe de produto: produtos manufaturados (média 2006 = 100)";"Não oculta";"Internet";51;0;0;"Revisada em 06/mar/2002.";NA;"FUNCEX12";"Internet";"Macro"
"2053";"FUNCEX12_XPS12";20;593;"Ativa";"Funcex";"Comércio exterior";"Exportações - produtos semi-manufaturados - preços - índice (média 2006 = 100)";"Índice de preços das exportações por classe de produto: produtos semi-manufaturados (média 2006 = 100)";"Não oculta";"Internet";51;0;0;"Revisada em 06/mar/2002.";NA;"FUNCEX12";"Internet";"Macro"
"2054";"FUNCEX12_XPT12";64;192;"Ativa";"Funcex";"Comércio exterior";"Exportações - preços - índice (média 2006 = 100)";"Índice de preços das exportações: total geral (média 2006 = 100)";"Não oculta";"Internet";51;0;0;"Revisada em 06/mar/2002.";NA;"FUNCEX12";"Internet";"Macro"
"2055";"FUNCEX12_XQB12";24;508;"Ativa";"Funcex";"Comércio exterior";"Exportações - produtos básicos - quantum - índice (média 2006 = 100)";"Índice de quantum das exportações por classe de produto: produtos básicos (média 2006 = 100)";"Não oculta";"Internet";51;0;0;"Revisada em 06/mar/2002.";NA;"FUNCEX12";"Internet";"Macro"
"2056";"FUNCEX12_XQBCD12";28;441;"Inativa";"Funcex";"Comércio exterior";"Exportações - bens de consumo duráveis - quantum - índice (média 2006 = 100) (série antiga)";"Índice de quantum das exportações por categoria de uso: bens de consumo duráveis (média 2006 = 100)";"Não oculta";"Internet";20;0;0;"Revisada em 06/mar/2002.";NA;"FUNCEX12";"Internet";"Macro"
"2057";"FUNCEX12_XQBCND12";22;542;"Inativa";"Funcex";"Comércio exterior";"Exportações - bens de consumo não duráveis - quantum - índice (média 2006 = 100) (série antiga)";"Índice de quantum das exportações por categoria de uso: bens de consumo não duráveis (média 2006 = 100)";"Não oculta";"Internet";20;0;0;"Revisada em 06/mar/2002.";NA;"FUNCEX12";"Internet";"Macro"
"2058";"FUNCEX12_XQBI12";20;593;"Inativa";"Funcex";"Comércio exterior";"Exportações - bens intermediários - quantum - índice (média 2006 = 100) (série antiga)";"Índice de quantum das exportações por categoria de uso: bens intermediários (média 2006 = 100)";"Não oculta";"Internet";20;0;0;"Revisada em 06/mar/2002.";NA;"FUNCEX12";"Internet";"Macro"
"2059";"FUNCEX12_XQBK12";54;238;"Inativa";"Funcex";"Comércio exterior";"Exportações - bens de capital - quantum - índice (média 2006 = 100) (série antiga)";"Índice de quantum das exportações por categoria de uso: bens de capital (média 2006 = 100)";"Não oculta";"Internet";20;0;0;"Revisada em 06/mar/2002.";NA;"FUNCEX12";"Internet";"Macro"
"2060";"FUNCEX12_XQCOMB12";15;714;"Inativa";"Funcex";"Comércio exterior";"Exportações - combustíveis - quantum - índice (média 2006 = 100) (série antiga)";"Índice de quantum das exportações por categoria de uso: combustíveis (média 2006 = 100)";"Não oculta";"Internet";20;0;0;"Revisada em 06/mar/2002.";NA;"FUNCEX12";"Internet";"Macro"
"2061";"FUNCEX12_XQM12";20;593;"Ativa";"Funcex";"Comércio exterior";"Exportações - produtos manufaturados - quantum - índice (média 2006 = 100)";"Índice de quantum das exportações por classe de produto: produtos manufaturados (média 2006 = 100)";"Não oculta";"Internet";51;0;0;"Revisada em 06/mar/2002.";NA;"FUNCEX12";"Internet";"Macro"
"2062";"FUNCEX12_XQS12";20;593;"Ativa";"Funcex";"Comércio exterior";"Exportações - produtos semi-manufaturados - quantum - índice (média 2006 = 100)";"Índice de quantum das exportações por classe de produto: produtos semi-manufaturados (média 2006 = 100)";"Não oculta";"Internet";51;0;0;"Revisada em 06/mar/2002.";NA;"FUNCEX12";"Internet";"Macro"
"2063";"FUNCEX12_XQT12";63;197;"Ativa";"Funcex";"Comércio exterior";"Exportações - quantum - índice (média 2006 = 100)";"Índice de quantum das exportações: total geral (média 2006 = 100)";"Não oculta";"Internet";51;0;0;"Revisada em 06/mar/2002.";NA;"FUNCEX12";"Internet";"Macro"
"2064";"FUNCEX12_XVB12";28;441;"Ativa";"Funcex";"Comércio exterior";"Exportações - produtos básicos - (FOB)";"Valor FOB das exportações por classe de produto: produtos básicos";"Não oculta";"Intranet";51;0;0;"Revisada em 06/mar/2002.";NA;"FUNCEX12";"Intranet";"Macro"
"2065";"FUNCEX12_XVBCD12";41;319;"Inativa";"Funcex";"Comércio exterior";"Exportações - bens de consumo duráveis - (FOB) (série antiga)";"Valor FOB das exportações por categoria de uso: bens de consumo duráveis";"Não oculta";"Internet";20;0;0;"Revisada em 06/mar/2002.";NA;"FUNCEX12";"Internet";"Macro"
"2066";"FUNCEX12_XVBCND12";36;363;"Inativa";"Funcex";"Comércio exterior";"Exportações - bens de consumo não duráveis - (FOB) (série antiga)";"Valor FOB das exportações por categoria de uso: bens de consumo não duráveis";"Não oculta";"Internet";20;0;0;"Revisada em 06/mar/2002.";NA;"FUNCEX12";"Internet";"Macro"
"2067";"FUNCEX12_XVBI12";27;457;"Inativa";"Funcex";"Comércio exterior";"Exportações - bens intermediários - (FOB) (série antiga)";"Valor FOB das exportações por categoria de uso: bens de consumo intermediários";"Não oculta";"Internet";20;0;0;"Revisada em 06/mar/2002.";NA;"FUNCEX12";"Internet";"Macro"
"2068";"FUNCEX12_XVBK12";49;267;"Inativa";"Funcex";"Comércio exterior";"Exportações - bens de capital - (FOB) (série antiga)";"Valor FOB das exportações por categoria de uso: bens de capital";"Não oculta";"Internet";20;0;0;"Revisada em 06/mar/2002.";NA;"FUNCEX12";"Internet";"Macro"
"2069";"FUNCEX12_XVCOMB12";32;398;"Inativa";"Funcex";"Comércio exterior";"Exportações - combustíveis - (FOB) (série antiga)";"Valor FOB das exportações por categoria de uso: combustíveis";"Não oculta";"Internet";20;0;0;"Revisada em 06/mar/2002.";NA;"FUNCEX12";"Internet";"Macro"
"2070";"FUNCEX12_XVM12";25;491;"Ativa";"Funcex";"Comércio exterior";"Exportações - produtos manufaturados - (FOB)";"Valor FOB das exportações por classe de produto: produtos manufaturados";"Não oculta";"Intranet";51;0;0;"Revisada em 06/mar/2002.";NA;"FUNCEX12";"Intranet";"Macro"
"2071";"FUNCEX12_XVS12";14;737;"Ativa";"Funcex";"Comércio exterior";"Exportações - produtos semi-manufaturados - (FOB)";"Valor FOB das exportações por classe de produto: produtos semi-manufaturados";"Não oculta";"Intranet";51;0;0;"Revisada em 06/mar/2002.";NA;"FUNCEX12";"Intranet";"Macro"
"2072";"FUNCEX12_XVT12";206;47;"Ativa";"Funcex";"Comércio exterior";"Exportações - (FOB)";"Valor FOB das exportações: total geral";"Não oculta";"Intranet";51;0;0;"Revisada em 06/mar/2002.";NA;"FUNCEX12";"Intranet";"Macro"
"2073";"FUNCEX12_XVBVEG12";9;946;"Inativa";"Funcex/Séries antigas";"Comércio exterior";"Exportações - setor: beneficiamento de produtos vegetais - (FOB)";"Valor FOB das exportações por setor: beneficiamento de produtos vegetais";"Não oculta";"Internet";20;0;0;"Revisada em 06/mar/2002.";NA;"FUNCEX12";"Internet";"Macro"
"2074";"FUNCEX12_XVPET12";11;856;"Inativa";"Funcex/Séries antigas";"Comércio exterior";"Exportações - setor: refino de petróleo - (FOB)";"Valor FOB das exportações por setor: refino de petróleo";"Não oculta";"Internet";20;0;0;"Revisada em 06/mar/2002.";NA;"FUNCEX12";"Internet";"Macro"
"2075";"FUNCEX12_XVOPM12";15;714;"Inativa";"Funcex/Séries antigas";"Comércio exterior";"Exportações - setor: outros produtos metalúrgicos - (FOB)";"Valor FOB das exportações por setor: outros produtos metalúrgicos";"Não oculta";"Internet";20;0;0;"Revisada em 06/mar/2002.";NA;"FUNCEX12";"Internet";"Macro"
"2076";"FUNCEX12_XVPAP12";22;542;"Inativa";"Funcex/Séries antigas";"Comércio exterior";"Exportações - setor: celulose, papel e gráfica - (FOB)";"Valor FOB das exportações por setor: celulose, papel e gráfica";"Não oculta";"Internet";20;0;0;"Revisada em 06/mar/2002.";NA;"FUNCEX12";"Internet";"Macro"
"2077";"FUNCEX12_XVEQP12";8;996;"Inativa";"Funcex/Séries antigas";"Comércio exterior";"Exportações - setor: equipamentos eletrônicos - (FOB)";"Valor FOB das exportações por setor: equipamentos eletrônicos";"Não oculta";"Internet";20;0;0;"Revisada em 06/mar/2002.";NA;"FUNCEX12";"Internet";"Macro"
"2078";"FUNCEX12_XVPOV12";10;894;"Inativa";"Funcex/Séries antigas";"Comércio exterior";"Exportações - setor: peças e outros veículos - (FOB)";"Valor FOB das exportações por setor: peças e outros veículos";"Não oculta";"Internet";20;0;0;"Revisada em 06/mar/2002.";NA;"FUNCEX12";"Internet";"Macro"
"2079";"FUNCEX12_XVMNM12";8;996;"Inativa";"Funcex/Séries antigas";"Comércio exterior";"Exportações - setor: minerais não metálicos - (FOB)";"Valor FOB das exportações por setor: minerais não metálicos";"Não oculta";"Internet";20;0;0;"Revisada em 06/mar/2002.";NA;"FUNCEX12";"Internet";"Macro"
"2080";"FUNCEX12_XVAUT12";24;508;"Inativa";"Funcex/Séries antigas";"Comércio exterior";"Exportações - setor: veículos automotores - (FOB)";"Valor FOB das exportações por setor: veículos automotores";"Não oculta";"Internet";20;0;0;"Revisada em 06/mar/2002.";NA;"FUNCEX12";"Internet";"Macro"
"2081";"FUNCEX12_XVMAD12";7;1050;"Inativa";"Funcex/Séries antigas";"Comércio exterior";"Exportações - setor: madeira e mobiliário - (FOB)";"Valor FOB das exportações por setor: madeira e mobiliário";"Não oculta";"Internet";20;0;0;"Revisada em 06/mar/2002.";NA;"FUNCEX12";"Internet";"Macro"
"2082";"FUNCEX12_XVIDIV12";7;1050;"Inativa";"Funcex/Séries antigas";"Comércio exterior";"Exportações - setor: indústrias diversas - (FOB)";"Valor FOB das exportações por setor: indústrias diversas";"Não oculta";"Internet";20;0;0;"Revisada em 06/mar/2002.";NA;"FUNCEX12";"Internet";"Macro"
"2083";"FUNCEX12_XVMAQ12";6;1117;"Inativa";"Funcex/Séries antigas";"Comércio exterior";"Exportações - setor: máquinas e tratores - (FOB)";"Valor FOB das exportações por setor: máquinas e tratores";"Não oculta";"Internet";20;0;0;"Revisada em 06/mar/2002.";NA;"FUNCEX12";"Internet";"Macro"
"2084";"FUNCEX12_XVMNF12";12;812;"Inativa";"Funcex/Séries antigas";"Comércio exterior";"Exportações - setor: metalurgia não ferrosos - (FOB)";"Valor FOB das exportações por setor: metalurgia não ferrosos";"Não oculta";"Internet";20;0;0;"Revisada em 06/mar/2002.";NA;"FUNCEX12";"Internet";"Macro"
"2085";"FUNCEX12_XVQUIM12";3;1356;"Inativa";"Funcex/Séries antigas";"Comércio exterior";"Exportações - setor: elementos químicos - (FOB)";"Valor FOB das exportações por setor: elementos químicos";"Não oculta";"Internet";20;0;0;"Revisada em 06/mar/2002.";NA;"FUNCEX12";"Internet";"Macro"
"2086";"FUNCEX12_XVELET12";5;1176;"Inativa";"Funcex/Séries antigas";"Comércio exterior";"Exportações - setor: material elétrico - (FOB)";"Valor FOB das exportações por setor: material elétrico";"Não oculta";"Internet";20;0;0;"Revisada em 06/mar/2002.";NA;"FUNCEX12";"Internet";"Macro"
"2087";"FUNCEX12_XVEXT12";9;946;"Inativa";"Funcex/Séries antigas";"Comércio exterior";"Exportações - setor: extrativa mineral - (FOB)";"Valor FOB das exportações por setor: extrativa mineral";"Não oculta";"Internet";20;0;0;"Revisada em 06/mar/2002.";NA;"FUNCEX12";"Internet";"Macro"
"2088";"FUNCEX12_XVQDIV12";7;1050;"Inativa";"Funcex/Séries antigas";"Comércio exterior";"Exportações - setor: químicos diversos - (FOB)";"Valor FOB das exportações por setor: químicos diversos";"Não oculta";"Internet";20;0;0;"Revisada em 06/mar/2002.";NA;"FUNCEX12";"Internet";"Macro"
"2089";"FUNCEX12_XVABAT12";13;769;"Inativa";"Funcex/Séries antigas";"Comércio exterior";"Exportações - setor: abate de animais - (FOB)";"Valor FOB das exportações por setor: abate de animais";"Não oculta";"Internet";20;0;0;"Revisada em 06/mar/2002.";NA;"FUNCEX12";"Internet";"Macro"
"2090";"FUNCEX12_XVAGP12";40;330;"Inativa";"Funcex/Séries antigas";"Comércio exterior";"Exportações - setor: agropecuária - (FOB)";"Valor FOB das exportações por setor: agropecuária";"Não oculta";"Internet";20;0;0;"Revisada em 06/mar/2002.";NA;"FUNCEX12";"Internet";"Macro"
"2091";"FUNCEX12_XVSID12";16;690;"Inativa";"Funcex/Séries antigas";"Comércio exterior";"Exportações - setor: siderurgia - (FOB)";"Valor FOB das exportações por setor: siderurgia";"Não oculta";"Internet";20;0;0;"Revisada em 06/mar/2002.";NA;"FUNCEX12";"Internet";"Macro"
"2092";"FUNCEX12_XVBOR12";6;1117;"Inativa";"Funcex/Séries antigas";"Comércio exterior";"Exportações - setor: borracha - (FOB)";"Valor FOB das exportações por setor: borracha";"Não oculta";"Internet";20;0;0;"Revisada em 06/mar/2002.";NA;"FUNCEX12";"Internet";"Macro"
"2093";"FUNCEX12_XVCAL12";14;737;"Inativa";"Funcex/Séries antigas";"Comércio exterior";"Exportações - setor: calçados - (FOB)";"Valor FOB das exportações por setor: calçados";"Não oculta";"Internet";20;0;0;"Revisada em 06/mar/2002.";NA;"FUNCEX12";"Internet";"Macro"
"2094";"FUNCEX12_XVOAL12";6;1117;"Inativa";"Funcex/Séries antigas";"Comércio exterior";"Exportações - setor: outros produtos alimentares - (FOB)";"Valor FOB das exportações por setor: outros produtos alimentares";"Não oculta";"Internet";20;0;0;"Revisada em 06/mar/2002.";NA;"FUNCEX12";"Internet";"Macro"
"2095";"FUNCEX12_XVOVEG12";13;769;"Inativa";"Funcex/Séries antigas";"Comércio exterior";"Exportações - setor: óleos vegetais - (FOB)";"Valor FOB das exportações por setor: óleos vegetais";"Não oculta";"Internet";20;0;0;"Revisada em 06/mar/2002.";NA;"FUNCEX12";"Internet";"Macro"
"2096";"FUNCEX12_XVTEXT12";12;812;"Inativa";"Funcex/Séries antigas";"Comércio exterior";"Exportações - setor: têxtil - (FOB)";"Valor FOB das exportações por setor: têxtil";"Não oculta";"Internet";20;0;0;"Revisada em 06/mar/2002.";NA;"FUNCEX12";"Internet";"Macro"
"2097";"FUNCEX12_XVACUC12";28;441;"Inativa";"Funcex/Séries antigas";"Comércio exterior";"Exportações - setor: açúcar - (FOB)";"Valor FOB das exportações por setor: açúcar";"Não oculta";"Internet";20;0;0;"Revisada em 06/mar/2002.";NA;"FUNCEX12";"Internet";"Macro"
"2098";"FUNCEX12_XVCAFE12";49;267;"Inativa";"Funcex/Séries antigas";"Comércio exterior";"Exportações - setor: café - (FOB)";"Valor FOB das exportações por setor: café";"Não oculta";"Internet";20;0;0;"Revisada em 06/mar/2002.";NA;"FUNCEX12";"Internet";"Macro"
"2099";"FUNCEX4_MDPABAT4";2;436;"Inativa";"Funcex/Séries antigas";"Comércio exterior";"Importações - setor: abate de animais - preços - índice (média 2006 = 100)";"Índice de preços das importações por setor: abate de animais (média 2006 = 100)";"Não oculta";"Internet";20;0;0;"Revisada em 06/mar/2002.";NA;"FUNCEX4";"Internet";"Macro"
"2100";"FUNCEX4_MDPAGP4";2;436;"Inativa";"Funcex/Séries antigas";"Comércio exterior";"Importações - setor: agropecuária - preços - índice (média 2006 = 100)";"Índice de preços das importações por setor: agropecuária (média 2006 = 100)";"Não oculta";"Internet";20;0;0;"Revisada em 06/mar/2002.";NA;"FUNCEX4";"Internet";"Macro"
"2101";"FUNCEX4_MDPAUT4";3;393;"Inativa";"Funcex/Séries antigas";"Comércio exterior";"Importações - setor: veículos automotores - preços - índice (média 2006 = 100)";"Índice de preços das importações por setor: veículos automotores (média 2006 = 100)";"Não oculta";"Internet";20;0;0;"Revisada em 06/mar/2002.";NA;"FUNCEX4";"Internet";"Macro"
"2102";"FUNCEX4_MDPBOR4";2;436;"Inativa";"Funcex/Séries antigas";"Comércio exterior";"Importações - setor: borracha - preços - índice (média 2006 = 100)";"Índice de preços das importações por setor: borracha (média 2006 = 100)";"Não oculta";"Internet";20;0;0;"Revisada em 06/mar/2002.";NA;"FUNCEX4";"Internet";"Macro"
"2103";"FUNCEX4_MDPBVEG4";2;436;"Inativa";"Funcex/Séries antigas";"Comércio exterior";"Importações - setor: beneficiamento de produtos vegetais - preços - índice (média 2006 = 100)";"Índice de preços das importações por setor: beneficiamento de produtos vegetais (média 2006 = 100)";"Não oculta";"Internet";20;0;0;"Revisada em 06/mar/2002.";NA;"FUNCEX4";"Internet";"Macro"
"2104";"FUNCEX4_MDPCAL4";2;436;"Inativa";"Funcex/Séries antigas";"Comércio exterior";"Importações - setor: calçados - preços - índice (média 2006 = 100)";"Índice de preços das importações por setor: calçados (média 2006 = 100)";"Não oculta";"Internet";20;0;0;"Revisada em 06/mar/2002.";NA;"FUNCEX4";"Internet";"Macro"
"2105";"FUNCEX4_MDPELET4";2;436;"Inativa";"Funcex/Séries antigas";"Comércio exterior";"Importações - setor: material elétrico - preços - índice (média 2006 = 100)";"Índice de preços das importações por setor: material elétrico (média 2006 = 100)";"Não oculta";"Internet";20;0;0;"Revisada em 06/mar/2002.";NA;"FUNCEX4";"Internet";"Macro"
"2106";"FUNCEX4_MDPEQP4";1;527;"Inativa";"Funcex/Séries antigas";"Comércio exterior";"Importações - setor: equipamentos eletrônicos - preços - índice (média 2006 = 100)";"Índice de preços das importações por setor: equipamentos eletrônicos (média 2006 = 100)";"Não oculta";"Internet";20;0;0;"Revisada em 06/mar/2002.";NA;"FUNCEX4";"Internet";"Macro"
"2107";"FUNCEX4_MDPEXT4";2;436;"Inativa";"Funcex/Séries antigas";"Comércio exterior";"Importações - setor: extrativa mineral - preços - índice (média 2006 = 100)";"Índice de preços das importações por setor: extrativa mineral (média 2006 = 100)";"Não oculta";"Internet";20;0;0;"Revisada em 06/mar/2002.";NA;"FUNCEX4";"Internet";"Macro"
"2108";"FUNCEX4_MDPFARM4";2;436;"Inativa";"Funcex/Séries antigas";"Comércio exterior";"Importações - setor: farmacêutica e perfumaria - preços - índice (média 2006 = 100)";"Índice de preços das importações por setor: farmacêutica e perfumaria (média 2006 = 100)";"Não oculta";"Internet";20;0;0;"Revisada em 06/mar/2002.";NA;"FUNCEX4";"Internet";"Macro"
"2109";"FUNCEX4_MDPIDIV4";3;393;"Inativa";"Funcex/Séries antigas";"Comércio exterior";"Importações - setor: indústrias diversas - preços - índice (média 2006 = 100)";"Índice de preços das importações por setor: indústrias diversas (média 2006 = 100)";"Não oculta";"Internet";20;0;0;"Revisada em 06/mar/2002.";NA;"FUNCEX4";"Internet";"Macro"
"2110";"FUNCEX4_MDPLAT4";2;436;"Inativa";"Funcex/Séries antigas";"Comércio exterior";"Importações - setor: laticínios - preços - índice (média 2006 = 100)";"Índice de preços das importações por setor: laticínios (média 2006 = 100)";"Não oculta";"Internet";20;0;0;"Revisada em 06/mar/2002.";NA;"FUNCEX4";"Internet";"Macro"
"2111";"FUNCEX4_MDPMAD4";3;393;"Inativa";"Funcex/Séries antigas";"Comércio exterior";"Importações - setor: madeira e mobiliário - preços - índice (média 2006 = 100)";"Índice de preços das importações por setor: madeira e mobiliário (média 2006 = 100)";"Não oculta";"Internet";20;0;0;"Revisada em 06/mar/2002.";NA;"FUNCEX4";"Internet";"Macro"
"2112";"FUNCEX4_MDPMAQ4";2;436;"Inativa";"Funcex/Séries antigas";"Comércio exterior";"Importações - setor: máquinas e tratores - preços - índice (média 2006 = 100)";"Índice de preços das importações por setor: máquinas e tratores (média 2006 = 100)";"Não oculta";"Internet";20;0;0;"Revisada em 06/mar/2002.";NA;"FUNCEX4";"Internet";"Macro"
"2113";"FUNCEX4_MDPMNF4";2;436;"Inativa";"Funcex/Séries antigas";"Comércio exterior";"Importações - setor: metalurgia não ferrosos - preços - índice (média 2006 = 100)";"Índice de preços das importações por setor: metalurgia não ferrosos (média 2006 = 100)";"Não oculta";"Internet";20;0;0;"Revisada em 06/mar/2002.";NA;"FUNCEX4";"Internet";"Macro"
"2114";"FUNCEX4_MDPMNM4";2;436;"Inativa";"Funcex/Séries antigas";"Comércio exterior";"Importações - setor: minerais não metálicos - preços - índice (média 2006 = 100)";"Índice de preços das importações por setor: minerais não metálicos (média 2006 = 100)";"Não oculta";"Internet";20;0;0;"Revisada em 06/mar/2002.";NA;"FUNCEX4";"Internet";"Macro"
"2115";"FUNCEX4_MDPOAL4";2;436;"Inativa";"Funcex/Séries antigas";"Comércio exterior";"Importações - setor: outros produtos alimentares - preços - índice (média 2006 = 100)";"Índice de preços das importações por setor: outros produtos alimentares (média 2006 = 100)";"Não oculta";"Internet";20;0;0;"Revisada em 06/mar/2002.";NA;"FUNCEX4";"Internet";"Macro"
"2116";"FUNCEX4_MDPOPM4";3;393;"Inativa";"Funcex/Séries antigas";"Comércio exterior";"Importações - setor: outros produtos metalúrgicos - preços - índice (média 2006 = 100)";"Índice de preços das importações por setor: outros produtos metalúrgicos (média 2006 = 100)";"Não oculta";"Internet";20;0;0;"Revisada em 06/mar/2002.";NA;"FUNCEX4";"Internet";"Macro"
"2117";"FUNCEX4_MDPOVEG4";2;436;"Inativa";"Funcex/Séries antigas";"Comércio exterior";"Importações - setor: óleos vegetais - preços - índice (média 2006 = 100)";"Índice de preços das importações por setor: óleos vegetais (média 2006 = 100)";"Não oculta";"Internet";20;0;0;"Revisada em 06/mar/2002.";NA;"FUNCEX4";"Internet";"Macro"
"2118";"FUNCEX4_MDPPAP4";8;244;"Inativa";"Funcex/Séries antigas";"Comércio exterior";"Importações - setor: celulose, papel e gráfica - preços - índice (média 2006 = 100)";"Índice de preços das importações por setor: celulose, papel e gráfica (média 2006 = 100)";"Não oculta";"Internet";20;0;0;"Revisada em 06/mar/2002.";NA;"FUNCEX4";"Internet";"Macro"
"2119";"FUNCEX4_MDPPET4";2;436;"Inativa";"Funcex/Séries antigas";"Comércio exterior";"Importações - setor: refino de petróleo - preços - índice (média 2006 = 100)";"Índice de preços das importações por setor: refino de petróleo (média 2006 = 100)";"Não oculta";"Internet";20;0;0;"Revisada em 06/mar/2002.";NA;"FUNCEX4";"Internet";"Macro"
"2120";"FUNCEX4_MDPPETC4";4;347;"Inativa";"Funcex/Séries antigas";"Comércio exterior";"Importações - setor: petróleo e carvão - preços - índice (média 2006 = 100)";"Índice de preços das importações por setor: petróleo e carvão (média 2006 = 100)";"Não oculta";"Internet";20;0;0;"Revisada em 06/mar/2002.";NA;"FUNCEX4";"Internet";"Macro"
"2121";"FUNCEX4_MDPPLAS4";3;393;"Inativa";"Funcex/Séries antigas";"Comércio exterior";"Importações - setor: plástica - preços - índice (média 2006 = 100)";"Índice de preços das importações por setor: plástica (média 2006 = 100)";"Não oculta";"Internet";20;0;0;"Revisada em 06/mar/2002.";NA;"FUNCEX4";"Internet";"Macro"
"2122";"FUNCEX4_MDPPOV4";2;436;"Inativa";"Funcex/Séries antigas";"Comércio exterior";"Importações - setor: peças e outros veículos - preços - índice (média 2006 = 100)";"Índice de preços das importações por setor: peças e outros veículos (média 2006 = 100)";"Não oculta";"Internet";20;0;0;"Revisada em 06/mar/2002.";NA;"FUNCEX4";"Internet";"Macro"
"2123";"FUNCEX4_MDPQDIV4";2;436;"Inativa";"Funcex/Séries antigas";"Comércio exterior";"Importações - setor: químicos diversos - preços - índice (média 2006 = 100)";"Índice de preços das importações por setor: químicos diversos (média 2006 = 100)";"Não oculta";"Internet";20;0;0;"Revisada em 06/mar/2002.";NA;"FUNCEX4";"Internet";"Macro"
"2124";"FUNCEX4_MDPQUIM4";2;436;"Inativa";"Funcex/Séries antigas";"Comércio exterior";"Importações - setor: elementos químicos - preços - índice (média 2006 = 100)";"Índice de preços das importações por setor: elementos químicos (média 2006 = 100)";"Não oculta";"Internet";20;0;0;"Revisada em 06/mar/2002.";NA;"FUNCEX4";"Internet";"Macro"
"2125";"FUNCEX4_MDPSID4";2;436;"Inativa";"Funcex/Séries antigas";"Comércio exterior";"Importações - setor: siderurgia - preços - índice (média 2006 = 100)";"Índice de preços das importações por setor: siderurgia (média 2006 = 100)";"Não oculta";"Internet";20;0;0;"Revisada em 06/mar/2002.";NA;"FUNCEX4";"Internet";"Macro"
"2126";"FUNCEX4_MDPTEXT4";4;347;"Inativa";"Funcex/Séries antigas";"Comércio exterior";"Importações - setor: têxtil - preços - índice (média 2006 = 100)";"Índice de preços das importações por setor: têxtil (média 2006 = 100)";"Não oculta";"Internet";20;0;0;"Revisada em 06/mar/2002.";NA;"FUNCEX4";"Internet";"Macro"
"2127";"FUNCEX4_MDPVEST4";3;393;"Inativa";"Funcex/Séries antigas";"Comércio exterior";"Importações - setor: artigos de vestuário - preços - índice (média 2006 = 100)";"Índice de preços das importações por setor: artigos de vestuário (média 2006 = 100)";"Não oculta";"Internet";20;0;0;"Revisada em 06/mar/2002.";NA;"FUNCEX4";"Internet";"Macro"
"2128";"FUNCEX4_MDQABAT4";3;393;"Inativa";"Funcex/Séries antigas";"Comércio exterior";"Importações - setor: abate de animais - quantum - índice (média 2006 = 100)";"Índice de quantum das importações por setor: abate de animais (média 2006 = 100)";"Não oculta";"Internet";20;0;0;"Revisada em 06/mar/2002.";NA;"FUNCEX4";"Internet";"Macro"
"2129";"FUNCEX4_MDQAGP4";5;315;"Inativa";"Funcex/Séries antigas";"Comércio exterior";"Importações - setor: agropecuária - quantum - índice (média 2006 = 100)";"Índice de quantum das importações por setor: agropecuária (média 2006 = 100)";"Não oculta";"Internet";20;0;0;"Revisada em 06/mar/2002.";NA;"FUNCEX4";"Internet";"Macro"
"2130";"FUNCEX4_MDQAUT4";3;393;"Inativa";"Funcex/Séries antigas";"Comércio exterior";"Importações - setor: veículos automotores - quantum - índice (média 2006 = 100)";"Índice de quantum das importações por setor: veículos automotores (média 2006 = 100)";"Não oculta";"Internet";20;0;0;"Revisada em 06/mar/2002.";NA;"FUNCEX4";"Internet";"Macro"
"2131";"FUNCEX4_MDQBOR4";2;436;"Inativa";"Funcex/Séries antigas";"Comércio exterior";"Importações - setor: borracha - quantum - índice (média 2006 = 100)";"Índice de quantum das importações por setor: borracha (média 2006 = 100)";"Não oculta";"Internet";20;0;0;"Revisada em 06/mar/2002.";NA;"FUNCEX4";"Internet";"Macro"
"2132";"FUNCEX4_MDQBVEG4";2;436;"Inativa";"Funcex/Séries antigas";"Comércio exterior";"Importações - setor: beneficiamento de produtos vegetais - quantum - índice (média 2006 = 100)";"Índice de quantum das importações por setor: beneficiamento de produtos vegetais (média 2006 = 100)";"Não oculta";"Internet";20;0;0;"Revisada em 06/mar/2002.";NA;"FUNCEX4";"Internet";"Macro"
"2133";"FUNCEX4_MDQCAL4";3;393;"Inativa";"Funcex/Séries antigas";"Comércio exterior";"Importações - setor: calçados - quantum - índice (média 2006 = 100)";"Índice de quantum das importações por setor: calçados (média 2006 = 100)";"Não oculta";"Internet";20;0;0;"Revisada em 06/mar/2002.";NA;"FUNCEX4";"Internet";"Macro"
"2134";"FUNCEX4_MDQELET4";2;436;"Inativa";"Funcex/Séries antigas";"Comércio exterior";"Importações - setor: material elétrico - quantum - índice (média 2006 = 100)";"Índice de quantum das importações por setor: material elétrico (média 2006 = 100)";"Não oculta";"Internet";20;0;0;"Revisada em 06/mar/2002.";NA;"FUNCEX4";"Internet";"Macro"
"2135";"FUNCEX4_MDQEQP4";2;436;"Inativa";"Funcex/Séries antigas";"Comércio exterior";"Importações - setor: equipamentos eletrônicos - quantum - índice (média 2006 = 100)";"Índice de quantum das importações por setor: equipamentos eletrônicos (média 2006 = 100)";"Não oculta";"Internet";20;0;0;"Revisada em 06/mar/2002.";NA;"FUNCEX4";"Internet";"Macro"
"2136";"FUNCEX4_MDQEXT4";2;436;"Inativa";"Funcex/Séries antigas";"Comércio exterior";"Importações - setor: extrativa mineral - quantum - índice (média 2006 = 100)";"Índice de quantum das importações por setor: extrativa mineral (média 2006 = 100)";"Não oculta";"Internet";20;0;0;"Revisada em 06/mar/2002.";NA;"FUNCEX4";"Internet";"Macro"
"2137";"FUNCEX4_MDQFARM4";2;436;"Inativa";"Funcex/Séries antigas";"Comércio exterior";"Importações - setor: farmacêutica e perfumaria - quantum - índice (média 2006 = 100)";"Índice de quantum das importações por setor: farmacêutica e perfumaria (média 2006 = 100)";"Não oculta";"Internet";20;0;0;"Revisada em 06/mar/2002.";NA;"FUNCEX4";"Internet";"Macro"
"2138";"FUNCEX4_MDQIDIV4";5;315;"Inativa";"Funcex/Séries antigas";"Comércio exterior";"Importações - setor: indústrias diversas - quantum - índice (média 2006 = 100)";"Índice de quantum das importações por setor: indústrias diversas (média 2006 = 100)";"Não oculta";"Internet";20;0;0;"Revisada em 06/mar/2002.";NA;"FUNCEX4";"Internet";"Macro"
"2139";"FUNCEX4_MDQLAT4";2;436;"Inativa";"Funcex/Séries antigas";"Comércio exterior";"Importações - setor: laticínios - quantum - índice (média 2006 = 100)";"Índice de quantum das importações por setor: laticínios (média 2006 = 100)";"Não oculta";"Internet";20;0;0;"Revisada em 06/mar/2002.";NA;"FUNCEX4";"Internet";"Macro"
"2140";"FUNCEX4_MDQMAD4";2;436;"Inativa";"Funcex/Séries antigas";"Comércio exterior";"Importações - setor: madeira e mobiliário - quantum - índice (média 2006 = 100)";"Índice de quantum das importações por setor: madeira e mobiliário (média 2006 = 100)";"Não oculta";"Internet";20;0;0;"Revisada em 06/mar/2002.";NA;"FUNCEX4";"Internet";"Macro"
"2141";"FUNCEX4_MDQMAQ4";3;393;"Inativa";"Funcex/Séries antigas";"Comércio exterior";"Importações - setor: máquinas e tratores - quantum - índice (média 2006 = 100)";"Índice de quantum das importações por setor: máquinas e tratores (média 2006 = 100)";"Não oculta";"Internet";20;0;0;"Revisada em 06/mar/2002.";NA;"FUNCEX4";"Internet";"Macro"
"2142";"FUNCEX4_MDQMNF4";2;436;"Inativa";"Funcex/Séries antigas";"Comércio exterior";"Importações - setor: metalurgia não ferrosos - quantum - índice (média 2006 = 100)";"Índice de quantum das importações por setor: metalurgia não ferrosos (média 2006 = 100)";"Não oculta";"Internet";20;0;0;"Revisada em 06/mar/2002.";NA;"FUNCEX4";"Internet";"Macro"
"2143";"FUNCEX4_MDQMNM4";2;436;"Inativa";"Funcex/Séries antigas";"Comércio exterior";"Importações - setor: minerais não metálicos - quantum - índice (média 2006 = 100)";"Índice de quantum das importações por setor: minerais não metálicos (média 2006 = 100)";"Não oculta";"Internet";20;0;0;"Revisada em 06/mar/2002.";NA;"FUNCEX4";"Internet";"Macro"
"2144";"FUNCEX4_MDQOAL4";2;436;"Inativa";"Funcex/Séries antigas";"Comércio exterior";"Importações - setor: outros produtos alimentares - quantum - índice (média 2006 = 100)";"Índice de quantum das importações por setor: outros produtos alimentares (média 2006 = 100)";"Não oculta";"Internet";20;0;0;"Revisada em 06/mar/2002.";NA;"FUNCEX4";"Internet";"Macro"
"2145";"FUNCEX4_MDQOPM4";2;436;"Inativa";"Funcex/Séries antigas";"Comércio exterior";"Importações - setor: outros produtos metalúrgicos - quantum - índice (média 2006 = 100)";"Índice de quantum das importações por setor: outros produtos metalúrgicos (média 2006 = 100)";"Não oculta";"Internet";20;0;0;"Revisada em 06/mar/2002.";NA;"FUNCEX4";"Internet";"Macro"
"2146";"FUNCEX4_MDQOVEG4";2;436;"Inativa";"Funcex/Séries antigas";"Comércio exterior";"Importações - setor: óleos vegetais - quantum - índice (média 2006 = 100)";"Índice de quantum das importações por setor: óleos vegetais (média 2006 = 100)";"Não oculta";"Internet";20;0;0;"Revisada em 06/mar/2002.";NA;"FUNCEX4";"Internet";"Macro"
"2147";"FUNCEX4_MDQPAP4";2;436;"Inativa";"Funcex/Séries antigas";"Comércio exterior";"Importações - setor: celulose, papel e gráfica - quantum - índice (média 2006 = 100)";"Índice de quantum das importações por setor: celulose, papel e gráfica (média 2006 = 100)";"Não oculta";"Internet";20;0;0;"Revisada em 06/mar/2002.";NA;"FUNCEX4";"Internet";"Macro"
"2148";"FUNCEX4_MDQPET4";2;436;"Inativa";"Funcex/Séries antigas";"Comércio exterior";"Importações - setor: refino de petróleo - quantum - índice (média 2006 = 100)";"Índice de quantum das importações por setor: refino de petróleo (média 2006 = 100)";"Não oculta";"Internet";20;0;0;"Revisada em 06/mar/2002.";NA;"FUNCEX4";"Internet";"Macro"
"2149";"FUNCEX4_MDQPETC4";2;436;"Inativa";"Funcex/Séries antigas";"Comércio exterior";"Importações - setor: petróleo e carvão - quantum - índice (média 2006 = 100)";"Índice de quantum das importações por setor: petróleo e carvão (média 2006 = 100)";"Não oculta";"Internet";20;0;0;"Revisada em 06/mar/2002.";NA;"FUNCEX4";"Internet";"Macro"
"2150";"FUNCEX4_MDQPLAS4";2;436;"Inativa";"Funcex/Séries antigas";"Comércio exterior";"Importações - setor: plástica - quantum - índice (média 2006 = 100)";"Índice de quantum das importações por setor: plástica (média 2006 = 100)";"Não oculta";"Internet";20;0;0;"Revisada em 06/mar/2002.";NA;"FUNCEX4";"Internet";"Macro"
"2151";"FUNCEX4_MDQPOV4";2;436;"Inativa";"Funcex/Séries antigas";"Comércio exterior";"Importações - setor: peças e outros veículos - quantum - índice (média 2006 = 100)";"Índice de quantum das importações por setor: peças e outros veículos (média 2006 = 100)";"Não oculta";"Internet";20;0;0;"Revisada em 06/mar/2002.";NA;"FUNCEX4";"Internet";"Macro"
"2152";"FUNCEX4_MDQQDIV4";2;436;"Inativa";"Funcex/Séries antigas";"Comércio exterior";"Importações - setor: químicos diversos - quantum - índice (média 2006 = 100)";"Índice de quantum das importações por setor: químicos diversos (média 2006 = 100)";"Não oculta";"Internet";20;0;0;"Revisada em 06/mar/2002.";NA;"FUNCEX4";"Internet";"Macro"
"2153";"FUNCEX4_MDQQUIM4";2;436;"Inativa";"Funcex/Séries antigas";"Comércio exterior";"Importações - setor: elementos químicos - quantum - índice (média 2006 = 100)";"Índice de quantum das importações por setor: elementos químicos (média 2006 = 100)";"Não oculta";"Internet";20;0;0;"Revisada em 06/mar/2002.";NA;"FUNCEX4";"Internet";"Macro"
"2154";"FUNCEX4_MDQSID4";5;315;"Inativa";"Funcex/Séries antigas";"Comércio exterior";"Importações - setor: siderurgia - quantum - índice (média 2006 = 100)";"Índice de quantum das importações por setor: siderurgia (média 2006 = 100)";"Não oculta";"Internet";20;0;0;"Revisada em 06/mar/2002.";NA;"FUNCEX4";"Internet";"Macro"
"2155";"FUNCEX4_MDQTEXT4";4;347;"Inativa";"Funcex/Séries antigas";"Comércio exterior";"Importações - setor: têxtil - quantum - índice (média 2006 = 100)";"Índice de quantum das importações por setor: têxtil (média 2006 = 100)";"Não oculta";"Internet";20;0;0;"Revisada em 06/mar/2002.";NA;"FUNCEX4";"Internet";"Macro"
"2156";"FUNCEX4_MDQVEST4";4;347;"Inativa";"Funcex/Séries antigas";"Comércio exterior";"Importações - setor: artigos de vestuário - quantum - índice (média 2006 = 100)";"Índice de quantum das importações por setor: artigos de vestuário (média 2006 = 100)";"Não oculta";"Internet";20;0;0;"Revisada em 06/mar/2002.";NA;"FUNCEX4";"Internet";"Macro"
"2157";"FUNCEX4_XQBVEG4";4;347;"Inativa";"Funcex/Séries antigas";"Comércio exterior";"Exportações - setor: beneficiamento de produtos vegetais - quantum - índice (média 2006 = 100)";"Índice de quantum das exportações por setor: beneficiamento de produtos vegetais (média 2006 = 100)";"Não oculta";"Internet";20;0;0;"Revisada em 06/mar/2002.";NA;"FUNCEX4";"Internet";"Macro"
"2158";"FUNCEX4_XPBVEG4";3;393;"Inativa";"Funcex/Séries antigas";"Comércio exterior";"Exportações - setor: beneficiamento de produtos vegetais - preços - índice (média 2006 = 100)";"Índice de preços das exportações por setor: beneficiamento de produtos vegetais (média 2006 = 100)";"Não oculta";"Internet";20;0;0;"Revisada em 06/mar/2002.";NA;"FUNCEX4";"Internet";"Macro"
"2159";"FUNCEX4_XQPET4";4;347;"Inativa";"Funcex/Séries antigas";"Comércio exterior";"Exportações - setor: refino de petróleo - quantum - índice (média 2006 = 100)";"Índice de quantum das exportações por setor: refino de petróleo (média 2006 = 100)";"Não oculta";"Internet";20;0;0;"Revisada em 06/mar/2002.";NA;"FUNCEX4";"Internet";"Macro"
"2160";"FUNCEX4_XPPET4";2;436;"Inativa";"Funcex/Séries antigas";"Comércio exterior";"Exportações - setor: refino de petróleo - preços - índice (média 2006 = 100)";"Índice de preços das exportações por setor: refino de petróleo (média 2006 = 100)";"Não oculta";"Internet";20;0;0;"Revisada em 06/mar/2002.";NA;"FUNCEX4";"Internet";"Macro"
"2161";"FUNCEX4_XQOPM4";5;315;"Inativa";"Funcex/Séries antigas";"Comércio exterior";"Exportações - setor: outros produtos metalúrgicos - quantum - índice (média 2006 = 100)";"Índice de quantum das exportações por setor: outros produtos metalúrgicos (média 2006 = 100)";"Não oculta";"Internet";20;0;0;"Revisada em 06/mar/2002.";NA;"FUNCEX4";"Internet";"Macro"
"2162";"FUNCEX4_XPOPM4";2;436;"Inativa";"Funcex/Séries antigas";"Comércio exterior";"Exportações - setor: outros produtos metalúrgicos - preços - índice (média 2006 = 100)";"Índice de preços das exportações por setor: outros produtos metalúrgicos (média 2006 = 100)";"Não oculta";"Internet";20;0;0;"Revisada em 06/mar/2002.";NA;"FUNCEX4";"Internet";"Macro"
"2163";"FUNCEX4_XQPAP4";8;244;"Inativa";"Funcex/Séries antigas";"Comércio exterior";"Exportações - setor: celulose, papel e gráfica - quantum - índice (média 2006 = 100)";"Índice de quantum das exportações por setor: celulose, papel e gráfica (média 2006 = 100)";"Não oculta";"Internet";20;0;0;"Revisada em 06/mar/2002.";NA;"FUNCEX4";"Internet";"Macro"
"2164";"FUNCEX4_XQEQP4";7;270;"Inativa";"Funcex/Séries antigas";"Comércio exterior";"Exportações - setor: equipamentos eletrônicos - quantum - índice (média 2006 = 100)";"Índice de quantum das exportações por setor: equipamentos eletrônicos (média 2006 = 100)";"Não oculta";"Internet";20;0;0;"Revisada em 06/mar/2002.";NA;"FUNCEX4";"Internet";"Macro"
"2165";"FUNCEX4_XPPAP4";7;270;"Inativa";"Funcex/Séries antigas";"Comércio exterior";"Exportações - setor: celulose, papel e gráfica - preços - índice (média 2006 = 100)";"Índice de preços das exportações por setor: celulose, papel e gráfica (média 2006 = 100)";"Não oculta";"Internet";20;0;0;"Revisada em 06/mar/2002.";NA;"FUNCEX4";"Internet";"Macro"
"2166";"FUNCEX4_XQPOV4";4;347;"Inativa";"Funcex/Séries antigas";"Comércio exterior";"Exportações - setor: peças e outros veículos - quantum - índice (média 2006 = 100)";"Índice de quantum das exportações por setor: peças e outros veículos (média 2006 = 100)";"Não oculta";"Internet";20;0;0;"Revisada em 06/mar/2002.";NA;"FUNCEX4";"Internet";"Macro"
"2167";"FUNCEX4_XPEQP4";5;315;"Inativa";"Funcex/Séries antigas";"Comércio exterior";"Exportações - setor: equipamentos eletrônicos - preços - índice (média 2006 = 100)";"Índice de preços das exportações por setor: equipamentos eletrônicos (média 2006 = 100)";"Não oculta";"Internet";20;0;0;"Revisada em 06/mar/2002.";NA;"FUNCEX4";"Internet";"Macro"
"2168";"FUNCEX4_XQMNM4";4;347;"Inativa";"Funcex/Séries antigas";"Comércio exterior";"Exportações - setor: minerais não metálicos - quantum - índice (média 2006 = 100)";"Índice de quantum das exportações por setor: minerais não metálicos (média 2006 = 100)";"Não oculta";"Internet";20;0;0;"Revisada em 06/mar/2002.";NA;"FUNCEX4";"Internet";"Macro"
"2169";"FUNCEX4_XPPOV4";4;347;"Inativa";"Funcex/Séries antigas";"Comércio exterior";"Exportações - setor: peças e outros veículos - preços - índice (média 2006 = 100)";"Índice de preços das exportações por setor: peças e outros veículos (média 2006 = 100)";"Não oculta";"Internet";20;0;0;"Revisada em 06/mar/2002.";NA;"FUNCEX4";"Internet";"Macro"
"2170";"FUNCEX4_XPMNM4";4;347;"Inativa";"Funcex/Séries antigas";"Comércio exterior";"Exportações - setor: minerais não metálicos - preços - índice (média 2006 = 100)";"Índice de preços das exportações por setor: minerais não metálicos (média 2006 = 100)";"Não oculta";"Internet";20;0;0;"Revisada em 06/mar/2002.";NA;"FUNCEX4";"Internet";"Macro"
"2171";"FUNCEX4_XQAUT4";5;315;"Inativa";"Funcex/Séries antigas";"Comércio exterior";"Exportações - setor: veículos automotores - quantum - índice (média 2006 = 100)";"Índice de quantum das exportações por setor: veículos automotores (média 2006 = 100)";"Não oculta";"Internet";20;0;0;"Revisada em 06/mar/2002.";NA;"FUNCEX4";"Internet";"Macro"
"2172";"FUNCEX4_XQMAD4";4;347;"Inativa";"Funcex/Séries antigas";"Comércio exterior";"Exportações - setor: madeira e mobiliário - quantum - índice (média 2006 = 100)";"Índice de quantum das exportações por setor: madeira e mobiliário (média 2006 = 100)";"Não oculta";"Internet";20;0;0;"Revisada em 06/mar/2002.";NA;"FUNCEX4";"Internet";"Macro"
"2173";"FUNCEX4_XQMAQ4";4;347;"Inativa";"Funcex/Séries antigas";"Comércio exterior";"Exportações - setor: máquinas e tratores - quantum - índice (média 2006 = 100)";"Índice de quantum das exportações por setor: máquinas e tratores (média 2006 = 100)";"Não oculta";"Internet";20;0;0;"Revisada em 06/mar/2002.";NA;"FUNCEX4";"Internet";"Macro"
"2174";"FUNCEX4_XQMNF4";4;347;"Inativa";"Funcex/Séries antigas";"Comércio exterior";"Exportações - setor: metalurgia não ferrosos - quantum - índice (média 2006 = 100)";"Índice de quantum das exportações por setor: metalurgia não ferrosos (média 2006 = 100)";"Não oculta";"Internet";20;0;0;"Revisada em 06/mar/2002.";NA;"FUNCEX4";"Internet";"Macro"
"2175";"FUNCEX4_XPAUT4";12;166;"Inativa";"Funcex/Séries antigas";"Comércio exterior";"Exportações - setor: veículos automotores - preços - índice (média 2006 = 100)";"Índice de preços das exportações por setor: veículos automotores (média 2006 = 100)";"Não oculta";"Internet";20;0;0;"Revisada em 06/mar/2002.";NA;"FUNCEX4";"Internet";"Macro"
"2176";"FUNCEX4_XPMAD4";3;393;"Inativa";"Funcex/Séries antigas";"Comércio exterior";"Exportações - setor: madeira e mobiliário - preços - índice (média 2006 = 100)";"Índice de preços das exportações por setor: madeira e mobiliário (média 2006 = 100)";"Não oculta";"Internet";20;0;0;"Revisada em 06/mar/2002.";NA;"FUNCEX4";"Internet";"Macro"
"2177";"FUNCEX4_XQQUIM4";4;347;"Inativa";"Funcex/Séries antigas";"Comércio exterior";"Exportações - setor: elementos químicos - quantum - índice (média 2006 = 100)";"Índice de quantum das exportações por setor: elementos químicos (média 2006 = 100)";"Não oculta";"Internet";20;0;0;"Revisada em 06/mar/2002.";NA;"FUNCEX4";"Internet";"Macro"
"2178";"FUNCEX4_XPIDIV4";4;347;"Inativa";"Funcex/Séries antigas";"Comércio exterior";"Exportações - setor: indústrias diversas - preços - índice (média 2006 = 100)";"Índice de preços das exportações por setor: indústrias diversas (média 2006 = 100)";"Não oculta";"Internet";20;0;0;"Revisada em 06/mar/2002.";NA;"FUNCEX4";"Internet";"Macro"
"2179";"FUNCEX4_XPMAQ4";5;315;"Inativa";"Funcex/Séries antigas";"Comércio exterior";"Exportações - setor: máquinas e tratores - preços - índice (média 2006 = 100)";"Índice de preços das exportações por setor: máquinas e tratores (média 2006 = 100)";"Não oculta";"Internet";20;0;0;"Revisada em 06/mar/2002.";NA;"FUNCEX4";"Internet";"Macro"
"2180";"FUNCEX4_XPMNF4";2;436;"Inativa";"Funcex/Séries antigas";"Comércio exterior";"Exportações - setor: metalurgia não ferrosos - preços - índice (média 2006 = 100)";"Índice de preços das exportações por setor: metalurgia não ferrosos (média 2006 = 100)";"Não oculta";"Internet";20;0;0;"Revisada em 06/mar/2002.";NA;"FUNCEX4";"Internet";"Macro"
"2181";"FUNCEX4_XQELET4";4;347;"Inativa";"Funcex/Séries antigas";"Comércio exterior";"Exportações - setor: material elétrico - quantum - índice (média 2006 = 100)";"Índice de quantum das exportações por setor: material elétrico (média 2006 = 100)";"Não oculta";"Internet";20;0;0;"Revisada em 06/mar/2002.";NA;"FUNCEX4";"Internet";"Macro"
"2182";"FUNCEX4_XQEXT4";5;315;"Inativa";"Funcex/Séries antigas";"Comércio exterior";"Exportações - setor: extrativa mineral - quantum - índice (média 2006 = 100)";"Índice de quantum das exportações por setor: extrativa mineral (média 2006 = 100)";"Não oculta";"Internet";20;0;0;"Revisada em 06/mar/2002.";NA;"FUNCEX4";"Internet";"Macro"
"2183";"FUNCEX4_XQQDIV4";4;347;"Inativa";"Funcex/Séries antigas";"Comércio exterior";"Exportações - setor: químicos diversos - quantum - índice (média 2006 = 100)";"Índice de quantum das exportações por setor: químicos diversos (média 2006 = 100)";"Não oculta";"Internet";20;0;0;"Revisada em 06/mar/2002.";NA;"FUNCEX4";"Internet";"Macro"
"2184";"FUNCEX4_XPQUIM4";2;436;"Inativa";"Funcex/Séries antigas";"Comércio exterior";"Exportações - setor: elementos químicos - preços - índice (média 2006 = 100)";"Índice de preços das exportações por setor: elementos químicos (média 2006 = 100)";"Não oculta";"Internet";20;0;0;"Revisada em 06/mar/2002.";NA;"FUNCEX4";"Internet";"Macro"
"2185";"FUNCEX4_XQABAT4";8;244;"Inativa";"Funcex/Séries antigas";"Comércio exterior";"Exportações - setor: abate de animais - quantum - índice (média 2006 = 100)";"Índice de quantum das exportações por setor: abate de animais (média 2006 = 100)";"Não oculta";"Internet";20;0;0;"Revisada em 06/mar/2002.";NA;"FUNCEX4";"Internet";"Macro"
"2186";"FUNCEX4_XPELET4";4;347;"Inativa";"Funcex/Séries antigas";"Comércio exterior";"Exportações - setor: material elétrico - preços - índice (média 2006 = 100)";"Índice de preços das exportações por setor: material elétrico (média 2006 = 100)";"Não oculta";"Internet";20;0;0;"Revisada em 06/mar/2002.";NA;"FUNCEX4";"Internet";"Macro"
"2187";"FUNCEX4_XPEXT4";7;270;"Inativa";"Funcex/Séries antigas";"Comércio exterior";"Exportações - setor: extrativa mineral - preços - índice (média 2006 = 100)";"Índice de preços das exportações por setor: extrativa mineral (média 2006 = 100)";"Não oculta";"Internet";20;0;0;"Revisada em 06/mar/2002.";NA;"FUNCEX4";"Internet";"Macro"
"2188";"FUNCEX4_XPQDIV4";3;393;"Inativa";"Funcex/Séries antigas";"Comércio exterior";"Exportações - setor: químicos diversos - preços - índice (média 2006 = 100)";"Índice de preços das exportações por setor: químicos diversos (média 2006 = 100)";"Não oculta";"Internet";20;0;0;"Revisada em 06/mar/2002.";NA;"FUNCEX4";"Internet";"Macro"
"2189";"FUNCEX4_XPABAT4";6;291;"Inativa";"Funcex/Séries antigas";"Comércio exterior";"Exportações - setor: abate de animais - preços - índice (média 2006 = 100)";"Índice de preços das exportações por setor: abate de animais (média 2006 = 100)";"Não oculta";"Internet";20;0;0;"Revisada em 06/mar/2002.";NA;"FUNCEX4";"Internet";"Macro"
"2190";"FUNCEX4_XQIDIV4";5;315;"Inativa";"Funcex/Séries antigas";"Comércio exterior";"Exportações - setor: indústrias diversas - quantum - índice (média 2006 = 100)";"Índice de quantum das exportações por setor: indústrias diversas (média 2006 = 100)";"Não oculta";"Internet";20;0;0;"Revisada em 06/mar/2002.";NA;"FUNCEX4";"Internet";"Macro"
"2191";"FUNCEX4_XQAGP4";8;244;"Inativa";"Funcex/Séries antigas";"Comércio exterior";"Exportações - setor: agropecuária - quantum - índice (média 2006 = 100)";"Índice de quantum das exportações por setor: agropecuária (média 2006 = 100)";"Não oculta";"Internet";20;0;0;"Revisada em 06/mar/2002.";NA;"FUNCEX4";"Internet";"Macro"
"2192";"FUNCEX4_XPAGP4";19;109;"Inativa";"Funcex/Séries antigas";"Comércio exterior";"Exportações - setor: agropecuária - preços - índice (média 2006 = 100)";"Índice de preços das exportações por setor: agropecuária (média 2006 = 100)";"Não oculta";"Internet";20;0;0;"Revisada em 06/mar/2002.";NA;"FUNCEX4";"Internet";"Macro"
"2193";"FUNCEX4_XQSID4";7;270;"Inativa";"Funcex/Séries antigas";"Comércio exterior";"Exportações - setor: siderurgia - quantum - índice (média 2006 = 100)";"Índice de quantum das exportações por setor: siderurgia (média 2006 = 100)";"Não oculta";"Internet";20;0;0;"Revisada em 06/mar/2002.";NA;"FUNCEX4";"Internet";"Macro"
"2194";"FUNCEX4_XPSID4";11;190;"Inativa";"Funcex/Séries antigas";"Comércio exterior";"Exportações - setor: siderurgia - preços - índice (média 2006 = 100)";"Índice de preços das exportações por setor: siderurgia (média 2006 = 100)";"Não oculta";"Internet";20;0;0;"Revisada em 06/mar/2002.";NA;"FUNCEX4";"Internet";"Macro"
"2195";"FUNCEX4_XQBOR4";2;436;"Inativa";"Funcex/Séries antigas";"Comércio exterior";"Exportações - setor: borracha - quantum - índice (média 2006 = 100)";"Índice de quantum das exportações por setor: borracha (média 2006 = 100)";"Não oculta";"Internet";20;0;0;"Revisada em 06/mar/2002.";NA;"FUNCEX4";"Internet";"Macro"
"2196";"FUNCEX4_XQCAL4";6;291;"Inativa";"Funcex/Séries antigas";"Comércio exterior";"Exportações - setor: calçados - quantum - índice (média 2006 = 100)";"Índice de quantum das exportações por setor: calçados (média 2006 = 100)";"Não oculta";"Internet";20;0;0;"Revisada em 06/mar/2002.";NA;"FUNCEX4";"Internet";"Macro"
"2197";"FUNCEX4_XQOAL4";2;436;"Inativa";"Funcex/Séries antigas";"Comércio exterior";"Exportações - setor: outros produtos alimentares - quantum - índice (média 2006 = 100)";"Índice de quantum das exportações por setor: outros produtos alimentares (média 2006 = 100)";"Não oculta";"Internet";20;0;0;"Revisada em 06/mar/2002.";NA;"FUNCEX4";"Internet";"Macro"
"2198";"FUNCEX4_XPBOR4";3;393;"Inativa";"Funcex/Séries antigas";"Comércio exterior";"Exportações - setor: borracha - preços - índice (média 2006 = 100)";"Índice de preços das exportações por setor: borracha (média 2006 = 100)";"Não oculta";"Internet";20;0;0;"Revisada em 06/mar/2002.";NA;"FUNCEX4";"Internet";"Macro"
"2199";"FUNCEX4_XPCAL4";6;291;"Inativa";"Funcex/Séries antigas";"Comércio exterior";"Exportações - setor: calçados - preços - índice (média 2006 = 100)";"Índice de preços das exportações por setor: calçados (média 2006 = 100)";"Não oculta";"Internet";20;0;0;"Revisada em 06/mar/2002.";NA;"FUNCEX4";"Internet";"Macro"
"2200";"FUNCEX4_XPOAL4";3;393;"Inativa";"Funcex/Séries antigas";"Comércio exterior";"Exportações - setor: outros produtos alimentares - preços - índice (média 2006 = 100)";"Índice de preços das exportações por setor: outros produtos alimentares (média 2006 = 100)";"Não oculta";"Internet";20;0;0;"Revisada em 06/mar/2002.";NA;"FUNCEX4";"Internet";"Macro"
"2201";"FUNCEX4_XQOVEG4";10;202;"Inativa";"Funcex/Séries antigas";"Comércio exterior";"Exportações - setor: óleos vegetais - quantum - índice (média 2006 = 100)";"Índice de quantum das exportações por setor: óleos vegetais (média 2006 = 100)";"Não oculta";"Internet";20;0;0;"Revisada em 06/mar/2002.";NA;"FUNCEX4";"Internet";"Macro"
"2202";"FUNCEX4_XPOVEG4";10;202;"Inativa";"Funcex/Séries antigas";"Comércio exterior";"Exportações - setor: óleos vegetais - preços - índice (média 2006 = 100)";"Índice de preços das exportações por setor: óleos vegetais (média 2006 = 100)";"Não oculta";"Internet";20;0;0;"Revisada em 06/mar/2002.";NA;"FUNCEX4";"Internet";"Macro"
"2203";"FUNCEX4_XQTEXT4";2;436;"Inativa";"Funcex/Séries antigas";"Comércio exterior";"Exportações - setor: têxtil - quantum - índice (média 2006 = 100)";"Índice de quantum das exportações por setor: têxtil (média 2006 = 100)";"Não oculta";"Internet";20;0;0;"Revisada em 06/mar/2002.";NA;"FUNCEX4";"Internet";"Macro"
"2204";"FUNCEX4_XPTEXT4";3;393;"Inativa";"Funcex/Séries antigas";"Comércio exterior";"Exportações - setor: têxtil - preços - índice (média 2006 = 100)";"Índice de preços das exportações por setor: têxtil (média 2006 = 100)";"Não oculta";"Internet";20;0;0;"Revisada em 06/mar/2002.";NA;"FUNCEX4";"Internet";"Macro"
"2205";"FUNCEX4_XQACUC4";8;244;"Inativa";"Funcex/Séries antigas";"Comércio exterior";"Exportações - setor: açúcar - quantum - índice (média 2006 = 100)";"Índice de quantum das exportações por setor: açúcar (média 2006 = 100)";"Não oculta";"Internet";20;0;0;"Revisada em 06/mar/2002.";NA;"FUNCEX4";"Internet";"Macro"
"2206";"FUNCEX4_XPACUC4";9;217;"Inativa";"Funcex/Séries antigas";"Comércio exterior";"Exportações - setor: açúcar - preços - índice (média 2006 = 100)";"Índice de preços das exportações por setor: açúcar (média 2006 = 100)";"Não oculta";"Internet";20;0;0;"Revisada em 06/mar/2002.";NA;"FUNCEX4";"Internet";"Macro"
"2207";"FUNCEX4_XQCAFE4";6;291;"Inativa";"Funcex/Séries antigas";"Comércio exterior";"Exportações - setor: café - quantum - índice (média 2006 = 100)";"Índice de quantum das exportações por setor: café (média 2006 = 100)";"Não oculta";"Internet";20;0;0;"Revisada em 06/mar/2002.";NA;"FUNCEX4";"Internet";"Macro"
"2208";"FUNCEX4_XPCAFE4";12;166;"Inativa";"Funcex/Séries antigas";"Comércio exterior";"Exportações - setor: café - preços - índice (média 2006 = 100)";"Índice de preços das exportações por setor: café (média 2006 = 100)";"Não oculta";"Internet";20;0;0;"Revisada em 06/mar/2002.";NA;"FUNCEX4";"Internet";"Macro"
"2209";"GM12_TJLFT12";79;151;"Inativa";"Valor Econômico";"Financeiras";"Taxa de juros - Letras do Tesouro Nacional - financeiras (LFT)";"Taxa de juros: Letras Financeiras do Tesouro Nacional (LFT)";"Não oculta";"Internet";0;0;0;NA;NA;"GM12";"Internet";"Macro"
"2210";"GM12_BLACKF12";219;41;"Inativa";"Valor Econômico";"Câmbio";"Taxa de câmbio - R$ / US$ - paralelo - venda - fim período";"Taxa de câmbio paralelo para venda: real (R$) / dólar americano (US$) - fim período";"Não oculta";"Internet";5;0;0;NA;NA;"GM12";"Internet";"Macro"
"2211";"ABATE12_ABPEAV12";NA;NA;"Inativa";"IBGE/Coagro";"Produção";"Abate - aves - peso das carcaças - qde.";"Abate de aves (peso das carcaças): quantidade";"Não oculta";"Internet";180;0;0;NA;NA;"ABATE12";"Internet";"Macro"
"2212";"ABATE12_ABPEBO12";NA;NA;"Ativa";"IBGE/Coagro";"Produção";"Abate - bois - peso das carcaças - qde.";"Abate de bois (peso das carcaças): quantidade";"Não oculta";"Internet";180;0;0;NA;NA;"ABATE12";"Internet";"Macro"
"2213";"ABATE12_ABPEBV12";NA;NA;"Ativa";"IBGE/Coagro";"Produção";"Abate - bovinos - peso das carcaças - qde.";"Abate de bovinos (peso das carcaças): quantidade";"Não oculta";"Internet";180;0;0;NA;NA;"ABATE12";"Internet";"Macro"
"2214";"ABATE12_ABPEFR12";NA;NA;"Ativa";"IBGE/Coagro";"Produção";"Abate - frangos - peso das carcaças - qde.";"Abate de frangos (peso das carcaças): quantidade";"Não oculta";"Internet";180;0;0;NA;NA;"ABATE12";"Internet";"Macro"
"2215";"ABATE12_ABPESU12";NA;NA;"Ativa";"IBGE/Coagro";"Produção";"Abate - suínos - peso das carcaças - qde.";"Abate de suínos (peso das carcaças): quantidade";"Não oculta";"Internet";180;0;0;NA;NA;"ABATE12";"Internet";"Macro"
"2216";"ABATE12_ABPEVA12";NA;NA;"Ativa";"IBGE/Coagro";"Produção";"Abate - vacas - peso das carcaças - qde.";"Abate de vacas (peso das carcaças): quantidade";"Não oculta";"Internet";180;0;0;NA;NA;"ABATE12";"Internet";"Macro"
"2217";"ABATE12_ABPEVI12";NA;NA;"Inativa";"IBGE/Coagro";"Produção";"Abate - vitelos - peso das carcaças - qde.";"Abate de vitelos (peso das carcaças): quantidade";"Não oculta";"Internet";180;0;0;NA;NA;"ABATE12";"Internet";"Macro"
"2218";"ABATE12_ABQUAV12";NA;NA;"Inativa";"IBGE/Coagro";"Produção";"Abate - aves - qde.";"Abate de aves: quantidade";"Não oculta";"Internet";180;0;0;NA;NA;"ABATE12";"Internet";"Macro"
"2219";"ABATE12_ABQUBO12";NA;NA;"Ativa";"IBGE/Coagro";"Produção";"Abate - bois - qde.";"Abate de bois: quantidade";"Não oculta";"Internet";180;0;0;NA;NA;"ABATE12";"Internet";"Macro"
"2220";"ABATE12_ABQUBV12";NA;NA;"Ativa";"IBGE/Coagro";"Produção";"Abate - bovinos - qde.";"Abate de bovinos: quantidade";"Não oculta";"Internet";180;0;0;NA;NA;"ABATE12";"Internet";"Macro"
"2221";"ABATE12_ABQUFR12";NA;NA;"Ativa";"IBGE/Coagro";"Produção";"Abate - frangos - qde.";"Abate de frangos: quantidade";"Não oculta";"Internet";180;0;0;NA;NA;"ABATE12";"Internet";"Macro"
"2222";"ABATE12_ABQUSU12";NA;NA;"Ativa";"IBGE/Coagro";"Produção";"Abate - suínos - qde.";"Abate de suínos: quantidade";"Não oculta";"Internet";180;0;0;NA;NA;"ABATE12";"Internet";"Macro"
"2223";"ABATE12_ABQUVA12";NA;NA;"Ativa";"IBGE/Coagro";"Produção";"Abate - vacas - qde.";"Abate de vacas: quantidade";"Não oculta";"Internet";180;0;0;NA;NA;"ABATE12";"Internet";"Macro"
"2224";"ABATE12_ABQUVI12";NA;NA;"Inativa";"IBGE/Coagro";"Produção";"Abate - vitelos - qde.";"Abate de vitelos: quantidade";"Não oculta";"Internet";180;0;0;NA;NA;"ABATE12";"Internet";"Macro"
"2225";"SCN_CARGATY";232;39;"Inativa";"IBGE/SCN 2000 Anual";"Contas nacionais";"Carga tributária - total - ref. 2000";"Carga tributária total - referência 2000";"Oculta";"Internet";720;0;0;"Incluída em 03 / maio / 2007.";NA;"SCN";"Oculta";"Macro"
"2226";"SCN_CARGESY";57;203;"Inativa";"IBGE/SCN 2000 Anual";"Contas nacionais";"Carga tributária - estadual - ref. 2000";"Carga tributária estadual - referência 2000";"Oculta";"Internet";720;0;0;"Incluída em 03 / maio / 2007.";NA;"SCN";"Oculta";"Macro"
"2227";"SCN_CARGGFY";89;121;"Inativa";"IBGE/SCN 2000 Anual";"Contas nacionais";"Carga tributária - federal - ref. 2000";"Carga tributária federal - referência 2000";"Oculta";"Internet";720;0;0;"Incluída em 03 / maio / 2007.";NA;"SCN";"Oculta";"Macro"
"2228";"SCN_CARGMUY";46;263;"Inativa";"IBGE/SCN 2000 Anual";"Contas nacionais";"Carga tributária - municipal - ref. 2000";"Carga tributária municipal - referência 2000";"Oculta";"Internet";720;0;0;"Incluída em 03 / maio / 2007.";NA;"SCN";"Oculta";"Macro"
"2229";"SCN_CFGGN";81;134;"Inativa";"IBGE/SCN 2000 Anual";"Contas nacionais";"Consumo final - adm. pública - ref. 2000";"Consumo final da administração pública - referência 2000";"Oculta";"Internet";360;0;0;"Incluída em 03 / maio / 2007.";NA;"SCN";"Oculta";"Macro"
"2230";"SCN_CFPPN";179;59;"Inativa";"IBGE/SCN 2000 Anual";"Contas nacionais";"Consumo final - famílias - ref. 2000";"Consumo final das famílias - referência 2000";"Oculta";"Internet";360;0;0;"Incluída em 03 / maio / 2007.";"Gerada";"SCN";"Oculta";"Macro"
"2231";"SCN_CGG";19;538;"Inativa";"IBGE/SCN 2000 Anual";"Contas nacionais";"Consumo final - adm. pública - var. real anual - ref. 2000";"Consumo final da administração pública: var. real anual  - referência 2000";"Oculta";"Internet";360;0;0;"Incluída em 03 / maio / 2007.";NA;"SCN";"Oculta";"Macro"
"2232";"SCN_CIN";3;1315;"Inativa";"IBGE/SCN 2000 Anual";"Contas nacionais";"Consumo intermediário - ref. 2000";"Consumo intermediário - referência 2000";"Oculta";"Internet";720;0;0;"Incluída em 03 / maio / 2007.";NA;"SCN";"Oculta";"Macro"
"2233";"SCN_CPPG";36;326;"Inativa";"IBGE/SCN 2000 Anual";"Contas nacionais";"Consumo final - famílias - var. real anual - ref. 2000";"Consumo final das famílias: var. real anual  - referência 2000";"Oculta";"Internet";360;0;0;"Incluída em 03 / maio / 2007.";"Gerada";"SCN";"Oculta";"Macro"
"2234";"SCN_CSIGGN";1;1606;"Inativa";"IBGE/SCN 2000 Anual";"Contas nacionais";"Remuneração empregados - contr. sociais imputadas - adm. pública - total - ref. 2000";"Remuneração de empregados - contribuições sociais imputadas - administração pública total - referência 2000";"Oculta";"Internet";720;0;0;"Incluída em 03 / maio / 2007.";NA;"SCN";"Oculta";"Macro"
"2235";"SCN_CTG";33;353;"Inativa";"IBGE/SCN 2000 Anual";"Contas nacionais";"Consumo final - var. real anual - ref. 2000";"Consumo final: var. real anual  - referência 2000";"Oculta";"Internet";360;0;0;"Incluída em 03 / maio / 2007.";NA;"SCN";"Oculta";"Macro"
"2236";"SCN_CTN";186;56;"Inativa";"IBGE/SCN 2000 Anual";"Contas nacionais";"Consumo final - ref. 2000";"Consumo final - referência 2000";"Oculta";"Internet";360;0;0;"Incluída em 03 / maio / 2007.";NA;"SCN";"Oculta";"Macro"
"2237";"SCN_DAN";36;326;"Inativa";"IBGE/SCN 2000 Anual";"Contas nacionais";"Demanda total - ref. 2000";"Demanda total - referência 2000";"Oculta";"Internet";720;0;0;"Incluída em 03 / maio / 2007.";NA;"SCN";"Oculta";"Macro"
"2238";"SCN_DIPIBG";254;37;"Inativa";"IBGE/SCN 2000 Anual";"Contas nacionais";"PIB - deflator implícito - var. anual - ref. 2000";"Produto interno bruto (PIB) - deflator implícito: variação anual - referência 2000";"Oculta";"Internet";360;0;1;"Incluída em 03 / maio / 2007.";NA;"SCN";"Oculta";"Macro"
"2239";"SCN_FBKCGN";10;818;"Inativa";"IBGE/SCN 2000 Anual";"Contas nacionais";"Capital fixo - formação bruta - construção - adm. pública - ref. 2000";"Formação bruta de capital fixo - construção - administração pública - referência 2000";"Oculta";"Internet";360;0;0;"Incluída em 03 / maio / 2007.";NA;"SCN";"Oculta";"Macro"
"2240";"SCN_FBKCN";29;401;"Inativa";"IBGE/SCN 2000 Anual";"Contas nacionais";"Capital fixo - formação bruta - construção - ref. 2000";"Formação bruta de capital fixo - construção - referência 2000";"Oculta";"Internet";360;0;0;"Incluída em 03 / maio / 2007.";NA;"SCN";"Oculta";"Macro"
"2241";"SCN_FBKCPN";9;871;"Inativa";"IBGE/SCN 2000 Anual";"Contas nacionais";"Capital fixo - formação bruta - construção - empresas e famílias - ref. 2000";"Formação bruta de capital fixo - construção - empresas e famílias - referência 2000";"Oculta";"Internet";360;0;0;"Incluída em 03 / maio / 2007.";"Gerada";"SCN";"Oculta";"Macro"
"2242";"SCN_FBKFG";45;267;"Inativa";"IBGE/SCN 2000 Anual";"Contas nacionais";"Capital fixo - formação bruta - var. real anual - ref. 2000";"Formação bruta de capital fixo - var. real anual - referência 2000";"Oculta";"Internet";360;0;0;"Incluída em 03 / maio / 2007.";NA;"SCN";"Oculta";"Macro"
"2243";"SCN_FBKFGN";51;235;"Inativa";"IBGE/SCN 2000 Anual";"Contas nacionais";"Capital fixo - formação bruta - adm. pública - ref. 2000";"Formação bruta de capital fixo - administração pública - referência 2000";"Oculta";"Internet";360;0;0;"Incluída em 03 / maio / 2007.";NA;"SCN";"Oculta";"Macro"
"2244";"SCN_FBKFN";325;29;"Inativa";"IBGE/SCN 2000 Anual";"Contas nacionais";"Capital fixo - formação bruta - ref. 2000";"Formação bruta de capital fixo - referência 2000";"Oculta";"Internet";360;0;0;"Incluída em 03 / maio / 2007.";NA;"SCN";"Oculta";"Macro"
"2245";"SCN_FBKFPN";34;342;"Inativa";"IBGE/SCN 2000 Anual";"Contas nacionais";"Capital fixo - formação bruta - empresas e famílias - ref. 2000";"Formação bruta de capital fixo - empresas e famílias - referência 2000";"Oculta";"Internet";360;0;0;"Incluída em 03 / maio / 2007.";"Gerada";"SCN";"Oculta";"Macro"
"2246";"SCN_FBKG";66;180;"Inativa";"IBGE/SCN 2000 Anual";"Contas nacionais";"Capital - formação bruta - var. real anual - ref. 2000";"Formação bruta de capital - var. real anual - referência 2000";"Oculta";"Internet";360;0;0;"Incluída em 03 / maio / 2007.";"Gerada";"SCN";"Oculta";"Macro"
"2247";"SCN_FBKMGN";6;1048;"Inativa";"IBGE/SCN 2000 Anual";"Contas nacionais";"Capital fixo - formação bruta - máquinas e equipamentos - adm. pública - ref. 2000";"Formação bruta de capital fixo - máquinas e equipamentos - administração pública - referência 2000";"Oculta";"Internet";360;0;0;"Incluída em 03 / maio / 2007.";NA;"SCN";"Oculta";"Macro"
"2248";"SCN_FBKMN";25;444;"Inativa";"IBGE/SCN 2000 Anual";"Contas nacionais";"Capital fixo - formação bruta - máquinas e equipamentos - ref. 2000";"Formação bruta de capital fixo - máquinas e equipamentos - referência 2000";"Oculta";"Internet";360;0;0;"Incluída em 03 / maio / 2007.";NA;"SCN";"Oculta";"Macro"
"2249";"SCN_FBKMPN";9;871;"Inativa";"IBGE/SCN 2000 Anual";"Contas nacionais";"Capital fixo - formação bruta - máquinas e equipamentos - empresas e famílias - ref. 2000";"Formação bruta de capital fixo - máquinas e equipamentos - empresas e famílias - referência 2000";"Oculta";"Internet";360;0;0;"Incluída em 03 / maio / 2007.";"Gerada";"SCN";"Oculta";"Macro"
"2250";"SCN_FBKN";190;54;"Inativa";"IBGE/SCN 2000 Anual";"Contas nacionais";"Capital - formação bruta - ref. 2000";"Formação bruta de capital - referência 2000";"Oculta";"Internet";360;0;0;"Incluída em 03 / maio / 2007.";NA;"SCN";"Oculta";"Macro"
"2251";"SCN_FBKON";9;871;"Inativa";"IBGE/SCN 2000 Anual";"Contas nacionais";"Capital fixo - formação bruta - outros - ref. 2000";"Formação bruta de capital fixo - outros - referência 2000";"Oculta";"Internet";720;0;0;"Incluída em 03 / maio / 2007.";NA;"SCN";"Oculta";"Macro"
"2252";"SCN_GARGPRY";66;180;"Inativa";"IBGE/SCN 2000 Anual";"Contas nacionais";"Carga tributária - previdência - ref. 2000";"Carga tributária - previdência - referência 2000";"Oculta";"Internet";720;0;0;"Incluída em 03 / maio / 2007.";NA;"SCN";"Oculta";"Macro"
"2253";"SCN_IPBN";34;342;"Inativa";"IBGE/SCN 2000 Anual";"Contas nacionais";"Impostos sobre produtos - ref. 2000";"Impostos sobre produtos - referência 2000";"Oculta";"Internet";360;0;0;"Incluída em 03 / maio / 2007.";NA;"SCN";"Oculta";"Macro"
"2254";"SCN_MBSZN";55;218;"Inativa";"IBGE/SCN 2000 Anual";"Contas nacionais";"Importações - bens e serviços - ref. 2000";"Importações de bens e serviços - referência 2000";"Oculta";"Internet";360;0;0;"Incluída em 03 / maio / 2007.";NA;"SCN";"Oculta";"Macro"
"2255";"SCN_MTG";15;639;"Inativa";"IBGE/SCN 2000 Anual";"Contas nacionais";"Importações - bens e serviços - var. real anual - ref. 2000";"Importações de bens e serviços: var. real anual  - referência 2000";"Oculta";"Internet";360;0;0;"Incluída em 03 / maio / 2007.";NA;"SCN";"Oculta";"Macro"
"2256";"SCN_NFB";15;639;"Inativa";"IBGE/SCN 2000 Anual";"Contas nacionais";"Necessidade (-) ou capacidade (+) de financiamento - ref. 2000";"Necessidade (-) ou capacidade (+) de financiamento - referência 2000";"Oculta";"Internet";360;0;0;"Incluída em 03 / maio / 2007.";NA;"SCN";"Oculta";"Macro"
"2257";"SCN_PIBG";1247;4;"Inativa";"IBGE/SCN 2000 Anual";"Contas nacionais";"PIB - preços de mercado - var. real anual - ref. 2000";"Produto interno bruto (PIB) a preços de mercado: variação real anual  - referência 2000";"Oculta";"Internet";360;0;1;"Incluída em 03 / maio / 2007.";NA;"SCN";"Oculta";"Macro"
"2258";"SCN_PIBN";2463;1;"Inativa";"IBGE/SCN 2000 Anual";"Contas nacionais";"PIB - preços de mercado - ref. 2000";"Produto interno bruto (PIB) a preços de mercado - referência 2000";"Oculta";"Internet";360;0;1;"Incluída em 03 / maio / 2007.";NA;"SCN";"Oculta";"Macro"
"2259";"SCN_PNBN";65;185;"Inativa";"IBGE/SCN 2000 Anual";"Contas nacionais";"Renda nacional bruta - ref. 2000";"Renda nacional bruta - referência 2000";"Oculta";"Internet";360;0;0;"Incluída em 03 / maio / 2007.";NA;"SCN";"Oculta";"Macro"
"2260";"SCN_RAN";5;1138;"Inativa";"IBGE/SCN 2000 Anual";"Contas nacionais";"Rendimento - autônomos - misto - ref. 2000";"Rendimento de autônomos - misto - referência 2000";"Oculta";"Internet";720;0;0;"Incluída em 03 / maio / 2007.";NA;"SCN";"Oculta";"Macro"
"2261";"SCN_RLEX1DN";3;1315;"Inativa";"IBGE/SCN 2000 Anual";"Contas nacionais";"Remuneração empregados - não residentes (paga ao resto do mundo) - ref. 2000";"Remuneração de empregados não residentes paga ao resto do mundo - referência 2000";"Oculta";"Internet";720;0;0;"Incluída em 03 / maio / 2007.";NA;"SCN";"Oculta";"Macro"
"2262";"SCN_RLEX1RN";NA;NA;"Inativa";"IBGE/SCN 2000 Anual";"Contas nacionais";"Remuneração empregados - não residentes (recebida do resto do mundo) - ref. 2000";"Remuneração de empregados não residentes recebida do resto do mundo - referência 2000";"Oculta";"Internet";720;0;0;"Incluída em 03 / maio / 2007.";NA;"SCN";"Oculta";"Macro"
"2263";"SCN_RLOAN";6;1048;"Inativa";"IBGE/SCN 2000 Anual";"Contas nacionais";"Excedente operacional bruto - inclusive autônomos - ref. 2000";"Excedente operacional bruto - inclusive autônomos - referência 2000";"Oculta";"Internet";720;0;0;"Incluída em 03 / maio / 2007.";NA;"SCN";"Oculta";"Macro"
"2264";"SCN_RLON";9;871;"Inativa";"IBGE/SCN 2000 Anual";"Contas nacionais";"Excedente operacional bruto - ref. 2000";"Excedente operacional bruto - referência 2000";"Oculta";"Internet";720;0;0;"Incluída em 03 / maio / 2007.";NA;"SCN";"Oculta";"Macro"
"2265";"SCN_RPEEXN";5;1138;"Inativa";"IBGE/SCN 2000 Anual";"Contas nacionais";"Rendas de propriedade enviadas e recebidas do resto do mundo (usos) - ref. 2000";"Rendas de propriedade enviadas e recebidas do resto do mundo (usos) - referência 2000";"Oculta";"Internet";720;0;0;"Incluída em 03 / maio / 2007.";NA;"SCN";"Oculta";"Macro"
"2266";"SCN_RPREXN";5;1138;"Inativa";"IBGE/SCN 2000 Anual";"Contas nacionais";"Rendas de propriedade enviadas e recebidas do resto do mundo (recursos) - ref. 2000";"Rendas de propriedade enviadas e recebidas do resto do mundo (recursos) - referência 2000";"Oculta";"Internet";720;0;0;"Incluída em 03 / maio / 2007.";NA;"SCN";"Oculta";"Macro"
"2267";"SCN_RWRDN";3;1315;"Inativa";"IBGE/SCN 2000 Anual";"Contas nacionais";"Remuneração empregados - residentes - ref. 2000";"Remuneração de empregados residentes - referência 2000";"Oculta";"Internet";720;0;0;"Incluída em 03 / maio / 2007.";NA;"SCN";"Oculta";"Macro"
"2268";"SCN_RWTN";9;871;"Inativa";"IBGE/SCN 2000 Anual";"Contas nacionais";"Remuneração empregados (usos) - ref. 2000";"Remuneração de empregados (usos) - referência 2000";"Oculta";"Internet";720;0;0;"Incluída em 03 / maio / 2007.";NA;"SCN";"Oculta";"Macro"
"2269";"SCN_RWTRN";14;680;"Inativa";"IBGE/SCN 2000 Anual";"Contas nacionais";"Remuneração empregados (recursos) - ref. 2000";"Remuneração de empregados (recursos) - referência 2000";"Oculta";"Internet";720;0;0;"Incluída em 03 / maio / 2007.";NA;"SCN";"Oculta";"Macro"
"2270";"SCN_SBN";96;114;"Inativa";"IBGE/SCN 2000 Anual";"Contas nacionais";"Poupança nacional bruta - ref. 2000";"Poupança nacional bruta - referência 2000";"Oculta";"Internet";360;0;0;"Incluída em 03 / maio / 2007.";NA;"SCN";"Oculta";"Macro"
"2271";"SCN_STCCN";3;1315;"Inativa";"IBGE/SCN 2000 Anual";"Contas nacionais";"Operações correntes com o resto do mundo - saldo - ref. 2000";"Operações correntes com o resto do mundo - saldo - referência 2000";"Oculta";"Internet";720;0;0;"Incluída em 03 / maio / 2007.";"Gerada";"SCN";"Oculta";"Macro"
"2272";"SCN_SUBN";14;680;"Inativa";"IBGE/SCN 2000 Anual";"Contas nacionais";"Subsídios à produção (-) - ref. 2000";"Subsídios à produção (-) - referência 2000";"Oculta";"Internet";720;0;0;"Incluída em 03 / maio / 2007.";NA;"SCN";"Oculta";"Macro"
"2273";"SCN_TIN";29;401;"Inativa";"IBGE/SCN 2000 Anual";"Contas nacionais";"Impostos sobre produção e importação (tributos indiretos) - ref. 2000";"Impostos sobre produção e importação (tributos indiretos) - referência 2000";"Oculta";"Internet";720;0;0;"Incluída em 03 / maio / 2007.";NA;"SCN";"Oculta";"Macro"
"2274";"SCN_TRUNIDN";1;1606;"Inativa";"IBGE/SCN 2000 Anual";"Contas nacionais";"Transferências correntes - enviadas e receb. resto do mundo - total (recursos) - ref. 2000";"Transferências correntes - enviadas e recebidas do resto do mundo - total (recursos) - referência 2000";"Oculta";"Internet";720;0;0;"Incluída em 03 / maio / 2007.";NA;"SCN";"Oculta";"Macro"
"2275";"SCN_TRUNIRN";NA;NA;"Inativa";"IBGE/SCN 2000 Anual";"Contas nacionais";"Transferências correntes - enviadas e receb. resto do mundo - total (usos) - ref. 2000";"Transferências correntes - enviadas e recebidas do resto do mundo - total (usos) - referência 2000";"Oculta";"Internet";720;0;0;"Incluída em 03 / maio / 2007.";NA;"SCN";"Oculta";"Macro"
"2276";"SCN_VAAGRO";104;104;"Inativa";"IBGE/SCN 2000 Anual";"Contas nacionais";"PIB - agropecuária - var. real - ref. 2000";"Produto interno bruto (PIB) - agropecuária: variação real anual  - referência 2000";"Oculta";"Internet";360;0;0;"Incluída em 03 / maio / 2007.";"Gerada";"SCN";"Oculta";"Macro"
"2277";"SCN_VAALGY";5;1138;"Inativa";"IBGE/SCN 2000 Anual";"Contas nacionais";"PIB - serviços - atividades imobiliárias e aluguel  - var. real - ref. 2000";"Produto interno bruto (PIB) - serviços - aluguéis: variação real anual  - referência 2000";"Oculta";"Internet";360;0;0;"Incluída em 03 / maio / 2007.";"Gerada";"SCN";"Oculta";"Macro"
"2278";"SCN_VAAPGY";18;565;"Inativa";"IBGE/SCN 2000 Anual";"Contas nacionais";"PIB - serviços - admin., saúde e educação públicas - var. real - ref. 2000";"Produto interno bruto (PIB) - serviços - administração, saúde e educação públicas: variação real anual - referência 2000";"Oculta";"Internet";360;0;0;"Incluída em 03 / maio / 2007.";"Gerada";"SCN";"Oculta";"Macro"
"2279";"SCN_VACCGY";2;1445;"Inativa";"IBGE/SCN 2000 Anual";"Contas nacionais";"PIB - serviços - serviços de informação - var. real - ref. 2000";"Produto interno bruto (PIB) - serviços - comunicações: variação real anual  - referência 2000";"Oculta";"Internet";360;0;0;"Incluída em 03 / maio / 2007.";"Gerada";"SCN";"Oculta";"Macro"
"2280";"SCN_VACOGY";59;199;"Inativa";"IBGE/SCN 2000 Anual";"Contas nacionais";"PIB - indústria - construção - var. real - ref. 2000";"Produto interno bruto (PIB) - indústria da construção civil: variação real anual  - referência 2000";"Oculta";"Internet";360;0;0;"Incluída em 03 / maio / 2007.";"Gerada";"SCN";"Oculta";"Macro"
"2281";"SCN_VACOMGY";9;871;"Inativa";"IBGE/SCN 2000 Anual";"Contas nacionais";"PIB - serviços - comércio - var. real - ref. 2000";"Produto interno bruto (PIB) - serviços - comércio: variação real anual  - referência 2000";"Oculta";"Internet";360;0;0;"Incluída em 03 / maio / 2007.";"Gerada";"SCN";"Oculta";"Macro"
"2282";"SCN_VAEMGY";31;376;"Inativa";"IBGE/SCN 2000 Anual";"Contas nacionais";"PIB - indústria - extrativa mineral - var. real - ref. 2000";"Produto interno bruto (PIB) - indústria extrativa mineral: variação real anual  - referência 2000";"Oculta";"Internet";360;0;0;"Incluída em 03 / maio / 2007.";"Gerada";"SCN";"Oculta";"Macro"
"2283";"SCN_VAIFGY";3;1315;"Inativa";"IBGE/SCN 2000 Anual";"Contas nacionais";"PIB - serviços - intermediação financeira - var. real - ref. 2000";"Produto interno bruto (PIB) - serviços - intermediação financeira, previdencia complementar: variação real anual - referência 2000";"Oculta";"Internet";360;0;0;"Incluída em 03 / maio / 2007.";"Gerada";"SCN";"Oculta";"Macro"
"2284";"SCN_VAIND";61;195;"Inativa";"IBGE/SCN 2000 Anual";"Contas nacionais";"PIB - indústria - var. real - ref. 2000";"Produto interno bruto (PIB) - indústria: variação real anual  - referência 2000";"Oculta";"Internet";360;0;0;"Incluída em 03 / maio / 2007.";"Gerada";"SCN";"Oculta";"Macro"
"2285";"SCN_VAITGY";62;193;"Inativa";"IBGE/SCN 2000 Anual";"Contas nacionais";"PIB - indústria - transformação - var. real - ref. 2000";"Produto interno bruto (PIB) - indústria de transformação: variação real anual  - referência 2000";"Oculta";"Internet";360;0;0;"Incluída em 03 / maio / 2007.";"Gerada";"SCN";"Oculta";"Macro"
"2286";"SCN_VAOSGY";4;1216;"Inativa";"IBGE/SCN 2000 Anual";"Contas nacionais";"PIB - serviços - outros - var. real - ref. 2000";"Produto interno bruto (PIB) - serviços - outros: variação real anual  - referência 2000";"Oculta";"Internet";360;0;0;"Incluída em 03 / maio / 2007.";"Gerada";"SCN";"Oculta";"Macro"
"2287";"SCN_VASERV";34;342;"Inativa";"IBGE/SCN 2000 Anual";"Contas nacionais";"PIB - serviços - var. real - ref. 2000";"Produto interno bruto (PIB) - serviços: variação real anual  - referência 2000";"Oculta";"Internet";360;0;0;"Incluída em 03 / maio / 2007.";"Gerada";"SCN";"Oculta";"Macro"
"2288";"SCN_VASUPGY";32;365;"Inativa";"IBGE/SCN 2000 Anual";"Contas nacionais";"PIB - indústria - eletricidade, gás e água - var. real - ref. 2000";"Produto interno bruto (PIB) - indústria - produção e distribuição - eletricidade, gás e água: variação real anual - referência 2000";"Oculta";"Internet";360;0;0;"Incluída em 03 / maio / 2007.";"Gerada";"SCN";"Oculta";"Macro"
"2289";"SCN_VATRAGY";4;1216;"Inativa";"IBGE/SCN 2000 Anual";"Contas nacionais";"PIB - serviços - transporte, armazenagem e correio -  var. real - ref. 2000";"Produto interno bruto (PIB) - serviços - transporte, armazenagem e correios: variação real anual - referência 2000";"Oculta";"Internet";360;0;0;"Incluída em 03 / maio / 2007.";"Gerada";"SCN";"Oculta";"Macro"
"2290";"SCN_VBPN";19;538;"Inativa";"IBGE/SCN 2000 Anual";"Contas nacionais";"Produção - ref. 2000";"Produção - referência 2000";"Oculta";"Internet";720;0;0;"Incluída em 03 / maio / 2007.";NA;"SCN";"Oculta";"Macro"
"2291";"SCN_VESTON";53;229;"Inativa";"IBGE/SCN 2000 Anual";"Contas nacionais";"Capital - formação bruta - variação de estoque - ref. 2000";"Formação bruta de capital - variação de estoque - referência 2000";"Oculta";"Internet";360;0;0;"Incluída em 03 / maio / 2007.";NA;"SCN";"Oculta";"Macro"
"2292";"SCN_XBSZN";80;136;"Inativa";"IBGE/SCN 2000 Anual";"Contas nacionais";"Exportações - bens e serviços - ref. 2000";"Exportações de bens e serviços - referência 2000";"Oculta";"Internet";360;0;0;"Incluída em 03 / maio / 2007.";NA;"SCN";"Oculta";"Macro"
"2293";"SCN_XTG";19;538;"Inativa";"IBGE/SCN 2000 Anual";"Contas nacionais";"Exportações - bens e serviços - var. real anual - ref. 2000";"Exportações de bens e serviços: var. real anual  - referência 2000";"Oculta";"Internet";360;0;0;"Incluída em 03 / maio / 2007.";NA;"SCN";"Oculta";"Macro"
"2294";"SCN_RTRESY";3;1315;"Inativa";"IBGE/SCN 2000 Anual";"Contas nacionais";"Receita disponível após transferências correntes - adm. pública - estadual - ref. 2000";"Receita disponível após transferências correntes - administração pública - estadual - referência 2000";"Oculta";"Internet";720;0;0;"Incluída em 03 / maio / 2007.";NA;"SCN";"Oculta";"Macro"
"2295";"SCN_RTRGFY";10;818;"Inativa";"IBGE/SCN 2000 Anual";"Contas nacionais";"Receita disponível após transferências correntes - adm. pública - federal - ref. 2000";"Receita disponível após transferências correntes - administração pública - federal - referência 2000";"Oculta";"Internet";720;0;0;"Incluída em 03 / maio / 2007.";NA;"SCN";"Oculta";"Macro"
"2296";"SCN_RTRMUY";3;1315;"Inativa";"IBGE/SCN 2000 Anual";"Contas nacionais";"Receita disponível após transferências correntes - adm. pública - municipal - ref. 2000";"Receita disponível após transferências correntes - administração pública - municipal - referência 2000";"Oculta";"Internet";720;0;0;"Incluída em 03 / maio / 2007.";NA;"SCN";"Oculta";"Macro"
"2297";"SCN_RTRPRY";8;932;"Inativa";"IBGE/SCN 2000 Anual";"Contas nacionais";"Receita disponível após transferências correntes - adm. pública - previdência - ref. 2000";"Receita disponível após transferências correntes - administração pública - previdência - referência 2000";"Oculta";"Internet";720;0;0;"Incluída em 03 / maio / 2007.";NA;"SCN";"Oculta";"Macro"
"2298";"SCN_RTRTOY";1;1606;"Inativa";"IBGE/SCN 2000 Anual";"Contas nacionais";"Receita disponível após transferências correntes - adm. pública - total - ref. 2000";"Receita disponível após transferências correntes - administração pública - total - referência 2000";"Oculta";"Internet";720;0;0;"Incluída em 03 / maio / 2007.";NA;"SCN";"Oculta";"Macro"
"2299";"SCN_RNDBN";72;157;"Inativa";"IBGE/SCN 2000 Anual";"Contas nacionais";"Renda disponível bruta - ref. 2000";"Renda disponível bruta - referência 2000";"Oculta";"Internet";360;0;0;"Incluída em 03 / maio / 2007.";NA;"SCN";"Oculta";"Macro"
"2300";"SCN12_PIB12";NA;NA;"Inativa";NA;"Contas nacionais";"PIB - preços básicos - índice encadeado (média 1990 = 100)";"PIB - preços básicos: índice encadeado (média 1990 = 100)";"Oculta";"Internet";0;0;0;NA;NA;"SCN12";"Oculta";"Macro"
"2301";"SCN12_PIBAEV12";NA;NA;"Inativa";NA;"Contas nacionais";"PIB - agropecuária - extrativa vegetal - índice encadeado (média 1990 = 100)";"PIB - agropecuária - extrativa vegetal - índice encadeado (média 1990 = 100)";"Oculta";"Internet";0;0;0;NA;NA;"SCN12";"Oculta";"Macro"
"2302";"SCN12_PIBAGR12";NA;NA;"Inativa";NA;"Contas nacionais";"PIB - agropecuária - índice encadeado (média 1990 = 100)";"PIB - agropecuária - índice encadeado (média 1990 = 100)";"Oculta";"Internet";0;0;0;NA;NA;"SCN12";"Oculta";"Macro"
"2303";"SCN12_PIBALAV12";NA;NA;"Inativa";NA;"Contas nacionais";"PIB - agropecuária - lavouras - índice encadeado (média 1990 = 100)";"PIB - agropecuária - lavouras - índice encadeado (média 1990 = 100)";"Oculta";"Internet";0;0;0;NA;NA;"SCN12";"Oculta";"Macro"
"2304";"SCN12_PIBAPA12";NA;NA;"Inativa";NA;"Contas nacionais";"PIB - agropecuária - produção animal - índice encadeado (média 1990 = 100)";"PIB - agropecuária - produção animal - índice encadeado (média 1990 = 100)";"Oculta";"Internet";0;0;0;NA;NA;"SCN12";"Oculta";"Macro"
"2305";"SCN12_PIBDUM12";NA;NA;"Inativa";NA;"Contas nacionais";"PIB - dummy financeiro - índice encadeado (média 1990 = 100)";"PIB - dummy financeiro - índice encadeado (média 1990 = 100)";"Oculta";"Internet";0;0;0;NA;NA;"SCN12";"Oculta";"Macro"
"2306";"SCN12_PIBICC12";NA;NA;"Inativa";NA;"Contas nacionais";"PIB - indústria - construção civil - índice encadeado (média 1990 = 100)";"PIB - indústria da construção civil: índice encadeado (média 1990 = 100)";"Oculta";"Internet";0;0;0;NA;NA;"SCN12";"Oculta";"Macro"
"2307";"SCN12_PIBIEX12";NA;NA;"Inativa";NA;"Contas nacionais";"PIB - indústria - extrativa mineral - índice encadeado (média 1990 = 100)";"PIB - indústria extrativa mineral: índice encadeado (média 1990 = 100)";"Oculta";"Internet";0;0;0;NA;NA;"SCN12";"Oculta";"Macro"
"2308";"SCN12_PIBIND12";NA;NA;"Inativa";NA;"Contas nacionais";"PIB - indústria - índice encadeado (média 1990 = 100)";"PIB - indústria: índice encadeado (média 1990 = 100)";"Oculta";"Internet";0;0;0;NA;NA;"SCN12";"Oculta";"Macro"
"2309";"SCN12_PIBITR12";NA;NA;"Inativa";NA;"Contas nacionais";"PIB - indústria - transformação - índice encadeado (média 1990 = 100)";"PIB - indústria de transformação: índice encadeado (média 1990 = 100)";"Oculta";"Internet";0;0;0;NA;NA;"SCN12";"Oculta";"Macro"
"2310";"SCN12_PIBIUP12";NA;NA;"Inativa";NA;"Contas nacionais";"PIB - indústria - serviços utilid. púb. (SIUP) - índice real (média 1990 = 100)";"PIB - indústria - serviços de utilidade pública (SIUP): índice real (média 1990 = 100)";"Oculta";"Internet";0;0;0;NA;NA;"SCN12";"Oculta";"Macro"
"2311";"SCN12_PIBSAL12";NA;NA;"Inativa";NA;"Contas nacionais";"PIB - serviços - aluguéis - índice encadeado (média 1990 = 100)";"PIB - serviços - aluguéis - índice encadeado (média 1990 = 100)";"Oculta";"Internet";0;0;0;NA;NA;"SCN12";"Oculta";"Macro"
"2312";"SCN12_PIBSAP12";NA;NA;"Inativa";NA;"Contas nacionais";"PIB - serviços - adm. pública - índice encadeado (média 1990 = 100)";"PIB - serviços - administração pública - índice encadeado (média 1990 = 100)";"Oculta";"Internet";0;0;0;NA;NA;"SCN12";"Oculta";"Macro"
"2313";"SCN12_PIBSCMN12";NA;NA;"Inativa";NA;"Contas nacionais";"PIB - serviços - comunicações - índice encadeado (média 1990 = 100)";"PIB - serviços - comunicações - índice encadeado (média 1990 = 100)";"Oculta";"Internet";0;0;0;NA;NA;"SCN12";"Oculta";"Macro"
"2314";"SCN12_PIBSCO12";NA;NA;"Inativa";NA;"Contas nacionais";"PIB - serviços - comércio - índice encadeado (média 1990 = 100)";"PIB - serviços - comércio - índice encadeado (média 1990 = 100)";"Oculta";"Internet";0;0;0;NA;NA;"SCN12";"Oculta";"Macro"
"2315";"SCN12_PIBSER12";NA;NA;"Inativa";NA;"Contas nacionais";"PIB - serviços - índice encadeado (média 1990 = 100)";"PIB - serviços - índice encadeado (média 1990 = 100)";"Oculta";"Internet";0;0;0;NA;NA;"SCN12";"Oculta";"Macro"
"2316";"SCN12_PIBSIF12";NA;NA;"Inativa";NA;"Contas nacionais";"PIB - serviços - instituições financeiras - índice encadeado (média 1990 = 100)";"PIB - serviços - instituições financeiras - índice encadeado (média 1990 = 100)";"Oculta";"Internet";0;0;0;NA;NA;"SCN12";"Oculta";"Macro"
"2317";"SCN12_PIBSOS12";NA;NA;"Inativa";NA;"Contas nacionais";"PIB - serviços - outros serviços - índice encadeado (média 1990 = 100)";"PIB - serviços - outros serviços - índice encadeado (média 1990 = 100)";"Oculta";"Internet";0;0;0;NA;NA;"SCN12";"Oculta";"Macro"
"2318";"SCN12_PIBSTR12";NA;NA;"Inativa";NA;"Contas nacionais";"PIB - serviços - transportes - índice encadeado (média 1990 = 100)";"PIB - serviços - transportes - índice encadeado (média 1990 = 100)";"Oculta";"Internet";0;0;0;NA;NA;"SCN12";"Oculta";"Macro"
"2319";"SCN4_PIB4";19;109;"Inativa";"IBGE/SCN 2000 Trim.";"Contas nacionais";"PIB - preços básicos - índice encadeado (média 1995 = 100) - ref. 2000";"Produto interno bruto (PIB) a preços básicos: índice encadeado (média 1995 = 100) - referência 2000";"Não oculta";"Internet";90;0;0;"Incluída em 03 / maio / 2007.";NA;"SCN4";"Internet";"Macro"
"2320";"SCN4_PIBAGR4";45;51;"Inativa";"IBGE/SCN 2000 Trim.";"Contas nacionais";"PIB - agropecuária - índice encadeado (média 1995 = 100) - ref. 2000";"Produto interno bruto (PIB) - agropecuária: índice encadeado (média 1995 = 100) - referência 2000";"Não oculta";"Internet";90;0;0;"Incluída em 03 / maio / 2007.";NA;"SCN4";"Internet";"Macro"
"2321";"SCN4_PIBAS4";16;134;"Inativa";"IBGE/SCN 2000 Trim.";"Contas nacionais";"PIB - preços básicos - índice encadeado - dessaz. (média 1995 = 100) - ref. 2000";"Produto interno bruto (PIB) a preços básicos: índice encadeado dessazonalizado (média 1995 = 100) - referência 2000";"Não oculta";"Internet";90;0;0;"Incluída em 03 / maio / 2007.";"Gerada";"SCN4";"Internet";"Macro"
"2322";"SCN4_PIBDUM4";9;217;"Inativa";"IBGE/SCN 2000 Trim.";"Contas nacionais";"PIB - dummy financeiro - índice encadeado (média 1990 = 100) - ref. 2000";"Produto interno bruto (PIB) - dummy financeiro: índice encadeado (média 1990 = 100) - referência 2000";"Não oculta";"Intranet";60;0;0;NA;NA;"SCN4";"Intranet";"Macro"
"2323";"SCN4_PIBICC4";23;95;"Inativa";"IBGE/SCN 2000 Trim.";"Contas nacionais";"PIB - indústria - construção - índice encadeado (média 1995 = 100) - ref. 2000";"Produto interno bruto (PIB) - indústria da construção civil: índice encadeado (média 1995 = 100) - referência 2000";"Não oculta";"Internet";90;0;0;"Incluída em 03 / maio / 2007.";NA;"SCN4";"Internet";"Macro"
"2324";"SCN4_PIBIEX4";7;270;"Inativa";"IBGE/SCN 2000 Trim.";"Contas nacionais";"PIB - indústria - extrativa mineral - índice encadeado (média 1995 = 100) - ref. 2000";"Produto interno bruto (PIB) - indústria extrativa mineral: índice encadeado (média 1995 = 100) - referência 2000";"Não oculta";"Internet";90;0;0;"Incluída em 03 / maio / 2007.";NA;"SCN4";"Internet";"Macro"
"2325";"SCN4_PIBIND4";60;32;"Inativa";"IBGE/SCN 2000 Trim.";"Contas nacionais";"PIB - indústria - índice encadeado (média 1995 = 100) - ref. 2000";"Produto interno bruto (PIB) - indústria: índice encadeado (média 1995 = 100) - referência 2000";"Não oculta";"Internet";90;0;0;"Incluída em 03 / maio / 2007.";NA;"SCN4";"Internet";"Macro"
"2326";"SCN4_PIBIUP4";9;217;"Inativa";"IBGE/SCN 2000 Trim.";"Contas nacionais";"PIB - indústria - eletricidade, gás e água - índice encadeado (média 1995 = 10 - ref. 2000";"Produto interno bruto (PIB) - indústria - produção e distribuição - eletricidade, gás e água: índice encadeado (média 1995 = 100) - referência 2000";"Não oculta";"Internet";90;0;0;"Incluída em 03 / maio / 2007.";NA;"SCN4";"Internet";"Macro"
"2327";"SCN4_PIBSAL4";8;244;"Inativa";"IBGE/SCN 2000 Trim.";"Contas nacionais";"PIB - serviços - imobiliárias e aluguel - índice encadeado (média 1995 = 100) - ref. 2000";"Produto interno bruto (PIB) - serviços - atividades imobiliárias e aluguel: índice encadeado (média 1995 = 100) - referência 2000";"Não oculta";"Internet";90;0;0;"Incluída em 03 / maio / 2007.";NA;"SCN4";"Internet";"Macro"
"2328";"SCN4_PIBSAP4";10;202;"Inativa";"IBGE/SCN 2000 Trim.";"Contas nacionais";"PIB - serviços - adm., saúde e educação públicas - índice encadeado (média 1995 = 100) - ref. 2000";"Produto interno bruto (PIB) - serviços - administração, saúde e educação públicas: índice encadeado (média 1995 = 100) - referência 2000";"Não oculta";"Internet";90;0;0;"Incluída em 03 / maio / 2007.";NA;"SCN4";"Internet";"Macro"
"2329";"SCN4_PIBSCMN4";8;244;"Inativa";"IBGE/SCN 2000 Trim.";"Contas nacionais";"PIB - serviços - serviços de informação - índice encadeado (média 1995 = 100) - ref. 2000";"Produto interno bruto (PIB) - serviços - serviços de informação: índice encadeado (média 1995 = 100) - referência 2000";"Não oculta";"Internet";90;0;0;"Incluída em 03 / maio / 2007.";NA;"SCN4";"Internet";"Macro"
"2330";"SCN4_PIBSCO4";31;75;"Inativa";"IBGE/SCN 2000 Trim.";"Contas nacionais";"PIB - serviços - comércio - índice encadeado (média 1995 = 100) - ref. 2000";"Produto interno bruto (PIB) - serviços - comércio: índice encadeado (média 1995 = 100) - referência 2000";"Não oculta";"Internet";90;0;0;"Incluída em 03 / maio / 2007.";NA;"SCN4";"Internet";"Macro"
"2331";"SCN4_PIBSER4";16;134;"Inativa";"IBGE/SCN 2000 Trim.";"Contas nacionais";"PIB - serviços - índice encadeado (média 1995 = 100) - ref. 2000";"Produto interno bruto (PIB) - serviços: índice encadeado (média 1995 = 100) - referência 2000";"Não oculta";"Internet";90;0;0;"Incluída em 03 / maio / 2007.";NA;"SCN4";"Internet";"Macro"
"2332";"SCN4_PIBSIF4";13;155;"Inativa";"IBGE/SCN 2000 Trim.";"Contas nacionais";"PIB - serviços - intermediação financeira - índice encadeado (média 1995 = 100 - ref. 2000";"Produto interno bruto (PIB) - serviços - intermediação financeira, previdencia complementar: índice encadeado (média 1995 = 100) - referência 2000";"Não oculta";"Internet";90;0;0;"Incluída em 03 / maio / 2007.";NA;"SCN4";"Internet";"Macro"
"2333";"SCN4_PIBSOS4";9;217;"Inativa";"IBGE/SCN 2000 Trim.";"Contas nacionais";"PIB - serviços - outros - índice encadeado (média 1995 = 100) - ref. 2000";"Produto interno bruto (PIB) - serviços - outros serviços: índice encadeado (média 1995 = 100) - referência 2000";"Não oculta";"Internet";90;0;0;"Incluída em 03 / maio / 2007.";NA;"SCN4";"Internet";"Macro"
"2334";"SCN4_PIBSTR4";17;127;"Inativa";"IBGE/SCN 2000 Trim.";"Contas nacionais";"PIB - serviços - transporte e correio - índice encadeado (média 1995 = 100) - ref. 2000";"Produto interno bruto (PIB) - serviços - transporte, armazenagem e correio: índice encadeado (média 1995 = 100) - referência 2000";"Não oculta";"Internet";90;0;0;"Incluída em 03 / maio / 2007.";NA;"SCN4";"Internet";"Macro"
"2335";"SCNOLD_CARGA";NA;NA;"Inativa";"IBGE/SCN Consolidado";"Contas nacionais";"Carga tributária - líquida";"Carga tributária líquida a preços constantes de 1980";"Oculta";"Intranet";90;0;0;NA;"Gerada";"SCNOLD";"Oculta";"Macro"
"2336";"SCNOLD_CARGAN";NA;NA;"Inativa";"IBGE/SCN Consolidado";"Contas nacionais";"Carga tributária - líquida";"Carga tributária líquida";"Oculta";"Intranet";90;0;0;NA;"Gerada";"SCNOLD";"Oculta";"Macro"
"2337";"SCNOLD_CF";NA;NA;"Inativa";"IBGE/SCN Consolidado";"Contas nacionais";"Consumo final - famílias";"Consumo final das famílias a preços constantes de 1980";"Oculta";"Intranet";90;0;0;NA;"Gerada";"SCNOLD";"Oculta";"Macro"
"2338";"SCNOLD_CFGGN";NA;NA;"Inativa";"IBGE/SCN Consolidado";"Contas nacionais";"Consumo final - adm. pública";"Consumo final da administração pública";"Oculta";"Internet";90;0;0;NA;NA;"SCNOLD";"Oculta";"Macro"
"2339";"SCNOLD_CFN";NA;NA;"Inativa";"IBGE/SCN Consolidado";"Contas nacionais";"Consumo final - famílias";"Consumo final das famílias";"Oculta";"Internet";90;0;0;NA;NA;"SCNOLD";"Oculta";"Macro"
"2340";"SCNOLD_CG";NA;NA;"Inativa";"IBGE/SCN Consolidado";"Contas nacionais";"Consumo final - adm. pública";"Consumo final da administração pública a preços constantes de 1980";"Oculta";"Intranet";90;0;0;NA;"Gerada/Geradora";"SCNOLD";"Oculta";"Macro"
"2341";"SCNOLD_COBSGGN";NA;NA;"Inativa";"IBGE/SCN Consolidado";"Contas nacionais";"Consumo final - adm. pública - outros";"Consumo final da administração pública: outros";"Oculta";"Intranet";90;0;0;NA;"Geradora";"SCNOLD";"Oculta";"Macro"
"2342";"SCNOLD_CTN";NA;NA;"Inativa";"IBGE/SCN Consolidado";"Contas nacionais";"Consumo final";"Consumo final";"Oculta";"Internet";90;0;0;NA;NA;"SCNOLD";"Oculta";"Macro"
"2343";"SCNOLD_DIFBKF";NA;NA;"Inativa";"IBGE/SCN Consolidado";"Contas nacionais";"Capital fixo - formação bruta - deflator implícito - índice (média 1980 = 100)";"Formação bruta de capital fixo: deflator implícito - índice (média 1980 = 100)";"Oculta";"Internet";90;0;0;NA;"Gerada";"SCNOLD";"Oculta";"Macro"
"2344";"SCNOLD_DIPIB";NA;NA;"Inativa";"IBGE/SCN Consolidado";"Contas nacionais";"PIB - deflator implícito - índice (média 1980 = 100)";"PIB - deflator implícito: índice (média 1980 = 100)";"Oculta";"Internet";90;0;0;NA;"Geradora";"SCNOLD";"Oculta";"Macro"
"2345";"SCNOLD_DIPIBG";NA;NA;"Inativa";"IBGE/SCN Consolidado";"Contas nacionais";"PIB - deflator implícito - var. anual";"PIB - deflator implícito: var. anual";"Oculta";"Internet";90;0;0;NA;NA;"SCNOLD";"Oculta";"Macro"
"2346";"SCNOLD_DTCCN";NA;NA;"Inativa";"IBGE/SCN Consolidado";"Contas nacionais";"Recebimentos do resto do mundo - uso";"Recebimentos do resto do mundo - uso";"Oculta";"Intranet";90;0;0;NA;NA;"SCNOLD";"Oculta";"Macro"
"2347";"SCNOLD_FBKCGN";NA;NA;"Inativa";"IBGE/SCN Consolidado";"Contas nacionais";"Capital fixo - formação bruta - construção - adm. pública";"Formação bruta de capital fixo - construção - administração pública";"Oculta";"Internet";90;0;0;NA;NA;"SCNOLD";"Oculta";"Macro"
"2348";"SCNOLD_FBKCN";NA;NA;"Inativa";"IBGE/SCN Consolidado";"Contas nacionais";"Capital fixo - formação bruta - construção";"Formação bruta de capital fixo - construção";"Oculta";"Internet";90;0;0;NA;NA;"SCNOLD";"Oculta";"Macro"
"2349";"SCNOLD_FBKCPN";NA;NA;"Inativa";"IBGE/SCN Consolidado";"Contas nacionais";"Capital fixo - formação bruta - construção - setor privado";"Formação bruta de capital fixo - construção - setor privado";"Oculta";"Internet";90;0;0;NA;NA;"SCNOLD";"Oculta";"Macro"
"2350";"SCNOLD_FBKFG";NA;NA;"Inativa";"IBGE/SCN Consolidado";"Contas nacionais";"Capital fixo - formação bruta - adm. pública";"Formação bruta de capital fixo - administração pública a preços constantes de 1980";"Oculta";"Intranet";90;0;0;NA;"Gerada/Geradora";"SCNOLD";"Oculta";"Macro"
"2351";"SCNOLD_FBKFGN";NA;NA;"Inativa";"IBGE/SCN Consolidado";"Contas nacionais";"Capital fixo - formação bruta - adm. pública";"Formação bruta de capital fixo - administração pública";"Oculta";"Internet";90;0;0;NA;"Gerada";"SCNOLD";"Oculta";"Macro"
"2352";"SCNOLD_FBKFN";NA;NA;"Inativa";"IBGE/SCN Consolidado";"Contas nacionais";"Capital fixo - formação bruta";"Formação bruta de capital fixo";"Oculta";"Internet";90;0;0;NA;NA;"SCNOLD";"Oculta";"Macro"
"2353";"SCNOLD_FBKFP";NA;NA;"Inativa";"IBGE/SCN Consolidado";"Contas nacionais";"Capital fixo - formação bruta - privado";"Formação bruta de capital fixo - privado a preços constantes de 1980";"Oculta";"Intranet";90;0;0;NA;"Gerada";"SCNOLD";"Oculta";"Macro"
"2354";"SCNOLD_FBKFR";NA;NA;"Inativa";"IBGE/SCN Consolidado";"Contas nacionais";"Capital fixo - formação bruta";"Formação bruta de capital fixo a preços constantes de 1980";"Oculta";"Internet";90;0;0;NA;"Geradora";"SCNOLD";"Oculta";"Macro"
"2355";"SCNOLD_FBKMGN";NA;NA;"Inativa";"IBGE/SCN Consolidado";"Contas nacionais";"Capital fixo - formação bruta - máquinas e equipamentos - adm. pública";"Formação bruta de capital fixo - máquinas e equipamentos - administração pública";"Oculta";"Internet";90;0;0;NA;NA;"SCNOLD";"Oculta";"Macro"
"2356";"SCNOLD_FBKMN";NA;NA;"Inativa";"IBGE/SCN Consolidado";"Contas nacionais";"Capital fixo - formação bruta - máquinas e equipamentos";"Formação bruta de capital fixo - máquinas e equipamentos";"Oculta";"Internet";90;0;0;NA;NA;"SCNOLD";"Oculta";"Macro"
"2357";"SCNOLD_FBKMPN";NA;NA;"Inativa";"IBGE/SCN Consolidado";"Contas nacionais";"Capital fixo - formação bruta - máquinas e equipamentos - privado";"Formação bruta de capital fixo - máquinas e equipamentos - privado";"Oculta";"Internet";90;0;0;NA;NA;"SCNOLD";"Oculta";"Macro"
"2358";"SCNOLD_FBKN";NA;NA;"Inativa";"IBGE/SCN Consolidado";"Contas nacionais";"Capital - formação bruta";"Formação bruta de capital";"Oculta";"Internet";90;0;0;NA;NA;"SCNOLD";"Oculta";"Macro"
"2359";"SCNOLD_FBKON";NA;NA;"Inativa";"IBGE/SCN Consolidado";"Contas nacionais";"Capital fixo - formação bruta - outros";"Formação bruta de capital fixo - outros";"Oculta";"Internet";90;0;0;NA;NA;"SCNOLD";"Oculta";"Macro"
"2360";"SCNOLD_GCPGGN";NA;NA;"Inativa";"IBGE/SCN Consolidado";"Contas nacionais";"Consumo final - adm. pública - salários e encargos";"Consumo final da administração pública: salários e encargos";"Oculta";"Intranet";90;0;0;NA;NA;"SCNOLD";"Oculta";"Macro"
"2361";"SCNOLD_GPGOV";NA;NA;"Inativa";"IBGE/SCN Consolidado";"Contas nacionais";"Gastos - governo - primário";"Gastos primários do governo a preços constantes de 1980";"Oculta";"Intranet";90;0;0;NA;"Gerada";"SCNOLD";"Oculta";"Macro"
"2362";"SCNOLD_GTGOV";NA;NA;"Inativa";"IBGE/SCN Consolidado";"Contas nacionais";"Gastos - governo";"Gastos do governo a preços constantes de 1980";"Oculta";"Intranet";90;0;0;NA;"Gerada";"SCNOLD";"Oculta";"Macro"
"2363";"SCNOLD_IRT";NA;NA;"Inativa";"IBGE/SCN Consolidado";"Contas nacionais";"Relações de troca - influência";"Relações de troca - influência a preços constantes de 1980";"Oculta";"Intranet";90;0;0;NA;NA;"SCNOLD";"Oculta";"Macro"
"2364";"SCNOLD_JDPI";NA;NA;"Inativa";"IBGE/SCN Consolidado";"Contas nacionais";"Dívida interna - pública - juros";"Dívida interna pública - juros a preços constantes de 1980";"Oculta";"Intranet";90;0;0;NA;"Gerada/Geradora";"SCNOLD";"Oculta";"Macro"
"2365";"SCNOLD_JDPIN";NA;NA;"Inativa";"IBGE/SCN Consolidado";"Contas nacionais";"Dívida interna - pública - juros";"Dívida interna - pública - juros";"Oculta";"Intranet";90;0;0;NA;NA;"SCNOLD";"Oculta";"Macro"
"2366";"SCNOLD_MBSZN";NA;NA;"Inativa";"IBGE/SCN Consolidado";"Contas nacionais";"Importações - bens e serviços";"Importações de bens e serviços";"Oculta";"Internet";90;0;0;NA;"Geradora";"SCNOLD";"Oculta";"Macro"
"2367";"SCNOLD_MBSZR";NA;NA;"Inativa";"IBGE/SCN Consolidado";"Contas nacionais";"Importações - bens e serviços";"Importações de bens e serviços a preços constantes de 1980";"Oculta";"Internet";90;0;0;NA;NA;"SCNOLD";"Oculta";"Macro"
"2368";"SCNOLD_OGCCGGN";NA;NA;"Inativa";"IBGE/SCN Consolidado";"Contas nacionais";"Subsídios mais consumo final - adm. pública - outros";"Subsídios mais consumo final - administração pública - outros";"Oculta";"Intranet";90;0;0;NA;"Gerada";"SCNOLD";"Oculta";"Macro"
"2369";"SCNOLD_ORCL";NA;NA;"Inativa";"IBGE/SCN Consolidado";"Contas nacionais";"Outras receitas - líq.";"Outras receitas líquidas a preços constantes de 1980";"Oculta";"Intranet";90;0;0;NA;"Gerada";"SCNOLD";"Oculta";"Macro"
"2370";"SCNOLD_ORCLN";NA;NA;"Inativa";"IBGE/SCN Consolidado";"Contas nacionais";"Outras receitas correntes - líq.";"Outras receitas correntes - líq.";"Oculta";"Intranet";90;0;0;NA;NA;"SCNOLD";"Oculta";"Macro"
"2371";"SCNOLD_PIBCFN";NA;NA;"Inativa";"IBGE/SCN Consolidado";"Contas nacionais";"PIB (custo de fatores)";"PIB (custo de fatores)";"Oculta";"Internet";90;0;0;NA;NA;"SCNOLD";"Oculta";"Macro"
"2372";"SCNOLD_PIBCFN1";NA;NA;"Inativa";"IBGE/SCN Consolidado";"Contas nacionais";"PIB (custo de fatores) - inclusive imputação de serviços de intermediação financeira";"PIB (custo de fatores) - inclusive imputação de serviços de intermediação financeira";"Oculta";"Internet";90;0;0;NA;NA;"SCNOLD";"Oculta";"Macro"
"2373";"SCNOLD_PIBG";NA;NA;"Inativa";"IBGE/SCN Consolidado";"Contas nacionais";"PIB - var. real anual";"PIB: var. real anual";"Oculta";"Internet";90;0;0;NA;NA;"SCNOLD";"Oculta";"Macro"
"2374";"SCNOLD_PIBI";NA;NA;"Inativa";"IBGE/SCN Consolidado";"Contas nacionais";"PIB - índice real (média 1980 = 100)";"PIB: índice real (média 1980 = 100)";"Oculta";"Internet";90;0;0;NA;NA;"SCNOLD";"Oculta";"Macro"
"2375";"SCNOLD_PNBN";NA;NA;"Inativa";"IBGE/SCN Consolidado";"Contas nacionais";"PNB";"PNB";"Oculta";"Internet";90;0;0;NA;"Gerada";"SCNOLD";"Oculta";"Macro"
"2376";"SCNOLD_POP";NA;NA;"Inativa";"IBGE/SCN Consolidado";"Projeções";"População residente - em 1º de julho - projeção";"População residente em 1º de julho: projeção";"Oculta";"Internet";90;0;0;NA;NA;"SCNOLD";"Oculta";"Macro"
"2377";"SCNOLD_PREV";NA;NA;"Inativa";"IBGE/SCN Consolidado";"Contas nacionais";"Transferências - assistência e previdência";"Transferências - assistência e previdência a preços constantes de 1980";"Oculta";"Intranet";90;0;0;NA;"Gerada";"SCNOLD";"Oculta";"Macro"
"2378";"SCNOLD_RIB";NA;NA;"Inativa";"IBGE/SCN Consolidado";"Contas nacionais";"Renda interna bruta";"Renda interna bruta a preços constantes de 1980";"Oculta";"Intranet";90;0;0;NA;NA;"SCNOLD";"Oculta";"Macro"
"2379";"SCNOLD_RLEX1DN";NA;NA;"Inativa";"IBGE/SCN Consolidado";"Contas nacionais";"Remuneração empregados (paga ao resto do mundo)";"Remuneração de empregados paga ao resto do mundo";"Oculta";"Internet";90;0;0;NA;NA;"SCNOLD";"Oculta";"Macro"
"2380";"SCNOLD_RLEX1N";NA;NA;"Inativa";"IBGE/SCN Consolidado";"Contas nacionais";"Remuneração empregados - líq. (recebida do resto do mundo)";"Remuneração líquida de empregados recebida do resto do mundo";"Oculta";"Internet";90;0;0;NA;NA;"SCNOLD";"Oculta";"Macro"
"2381";"SCNOLD_RLEX1RN";NA;NA;"Inativa";"IBGE/SCN Consolidado";"Contas nacionais";"Remuneração empregados (recebida do resto do mundo)";"Remuneração de empregados recebida do resto do mundo";"Oculta";"Internet";90;0;0;NA;NA;"SCNOLD";"Oculta";"Macro"
"2382";"SCNOLD_RLEX2DN";NA;NA;"Inativa";"IBGE/SCN Consolidado";"Contas nacionais";"Outros rendimentos (pagos ao resto do mundo)";"Outros rendimentos pagos ao resto do mundo";"Oculta";"Internet";90;0;0;NA;NA;"SCNOLD";"Oculta";"Macro"
"2383";"SCNOLD_RLEX2N";NA;NA;"Inativa";"IBGE/SCN Consolidado";"Contas nacionais";"Outros rendimentos - líq. (recebidos do resto do mundo)";"Outros rendimentos recebidos do resto do mundo - líq.";"Oculta";"Internet";90;0;0;NA;NA;"SCNOLD";"Oculta";"Macro"
"2384";"SCNOLD_RLEX2RN";NA;NA;"Inativa";"IBGE/SCN Consolidado";"Contas nacionais";"Outros rendimentos (recebidos do resto do mundo)";"Outros rendimentos recebidos do resto do mundo";"Oculta";"Internet";90;0;0;NA;NA;"SCNOLD";"Oculta";"Macro"
"2385";"SCNOLD_RNDBN";NA;NA;"Inativa";"IBGE/SCN Consolidado";"Contas nacionais";"Renda disponível bruta";"Renda disponível bruta";"Oculta";"Internet";90;0;0;NA;NA;"SCNOLD";"Oculta";"Macro"
"2386";"SCNOLD_RTCCN";NA;NA;"Inativa";"IBGE/SCN Consolidado";"Contas nacionais";"Recebimentos do resto do mundo";"Recebimentos do resto do mundo";"Oculta";"Intranet";90;0;0;NA;NA;"SCNOLD";"Oculta";"Macro"
"2387";"SCNOLD_RTGN";NA;NA;"Inativa";"IBGE/SCN Consolidado";"Contas nacionais";"Receita corrente - governo";"Receita corrente - governo";"Oculta";"Intranet";90;0;0;NA;NA;"SCNOLD";"Oculta";"Macro"
"2388";"SCNOLD_SBN";NA;NA;"Inativa";"IBGE/SCN Consolidado";"Contas nacionais";"Poupança - bruta";"Poupança bruta";"Oculta";"Internet";90;0;0;NA;NA;"SCNOLD";"Oculta";"Macro"
"2389";"SCNOLD_SBSZN";NA;NA;"Inativa";"IBGE/SCN Consolidado";"Contas nacionais";"Transações correntes - bens e serviços - saldo compra";"Transações correntes - bens e serviços - saldo compra";"Oculta";"Internet";90;0;0;NA;"Gerada";"SCNOLD";"Oculta";"Macro"
"2390";"SCNOLD_SG";NA;NA;"Inativa";"IBGE/SCN Consolidado";"Contas nacionais";"Poupança - em conta corrente - adm. pública";"Poupança em conta corrente - administração pública a preços constantes de 1980";"Oculta";"Intranet";90;0;0;NA;"Gerada";"SCNOLD";"Oculta";"Macro"
"2391";"SCNOLD_SGN";NA;NA;"Inativa";"IBGE/SCN Consolidado";"Contas nacionais";"Poupança - em conta corrente - governo";"Poupança - em conta corrente - governo";"Oculta";"Intranet";90;0;0;NA;NA;"SCNOLD";"Oculta";"Macro"
"2392";"SCNOLD_STCCN";NA;NA;"Inativa";"IBGE/SCN Consolidado";"Contas nacionais";"Transações correntes com o resto do mundo - saldo";"Transações correntes com o resto do mundo - saldo";"Oculta";"Internet";90;0;0;NA;NA;"SCNOLD";"Oculta";"Macro"
"2393";"SCNOLD_SUB";NA;NA;"Inativa";"IBGE/SCN Consolidado";"Contas nacionais";"Subsídios";"Subsídios a preços constantes de 1980";"Oculta";"Intranet";90;0;0;NA;"Gerada/Geradora";"SCNOLD";"Oculta";"Macro"
"2394";"SCNOLD_SUBN";NA;NA;"Inativa";"IBGE/SCN Consolidado";"Contas nacionais";"Subsídios à produção (-)";"Subsídios à produção (-)";"Oculta";"Internet";90;0;0;NA;"Geradora";"SCNOLD";"Oculta";"Macro"
"2395";"SCNOLD_TAPGN";NA;NA;"Inativa";"IBGE/SCN Consolidado";"Contas nacionais";"Transferências - assistência e previdência";"Transferências - assistência e previdência";"Oculta";"Intranet";90;0;0;NA;NA;"SCNOLD";"Oculta";"Macro"
"2396";"SCNOLD_TD";NA;NA;"Inativa";"IBGE/SCN Consolidado";"Contas nacionais";"Tributos diretos";"Tributos diretos a preços constantes de 1980";"Oculta";"Intranet";90;0;0;NA;"Gerada";"SCNOLD";"Oculta";"Macro"
"2397";"SCNOLD_TDN";NA;NA;"Inativa";"IBGE/SCN Consolidado";"Contas nacionais";"Tributos diretos";"Tributos diretos";"Oculta";"Intranet";90;0;0;NA;NA;"SCNOLD";"Oculta";"Macro"
"2398";"SCNOLD_TI";NA;NA;"Inativa";"IBGE/SCN Consolidado";"Contas nacionais";"Tributos indiretos";"Tributos indiretos a preços constantes de 1980";"Oculta";"Intranet";90;0;0;NA;"Gerada";"SCNOLD";"Oculta";"Macro"
"2399";"SCNOLD_TIN";NA;NA;"Inativa";"IBGE/SCN Consolidado";"Contas nacionais";"Tributos indiretos - impostos sobre a produção e de importações";"Tributos indiretos - impostos sobre a produção e de importações";"Oculta";"Internet";90;0;0;NA;NA;"SCNOLD";"Oculta";"Macro"
"2400";"SCNOLD_TRUNIDN";NA;NA;"Inativa";"IBGE/SCN Consolidado";"Contas nacionais";"Transferências unilaterais (pagas ao resto do mundo)";"Transferências unilaterais pagas ao resto do mundo";"Oculta";"Internet";90;0;0;NA;"Gerada";"SCNOLD";"Oculta";"Macro"
"2401";"SCNOLD_TRUNIN";NA;NA;"Inativa";"IBGE/SCN Consolidado";"Contas nacionais";"Transferências unilaterais - líq. (recebidas do resto do mundo)";"Transferências unilaterais líquidas recebidas do resto do mundo";"Oculta";"Internet";90;0;0;NA;"Geradora";"SCNOLD";"Oculta";"Macro"
"2402";"SCNOLD_TRUNIRN";NA;NA;"Inativa";"IBGE/SCN Consolidado";"Contas nacionais";"Transferências unilaterais (recebidas do resto do mundo)";"Transferências unilaterais recebidas do resto do mundo";"Oculta";"Internet";90;0;0;NA;"Geradora";"SCNOLD";"Oculta";"Macro"
"2403";"SCNOLD_VESTOR";NA;NA;"Inativa";"IBGE/SCN Consolidado";"Contas nacionais";"Variação de estoques";"Variação de estoques a preços constantes de 1980";"Oculta";"Intranet";90;0;0;NA;NA;"SCNOLD";"Oculta";"Macro"
"2404";"SCNOLD_XBSZN";NA;NA;"Inativa";"IBGE/SCN Consolidado";"Contas nacionais";"Exportações - bens e serviços";"Exportações de bens e serviços";"Oculta";"Internet";90;0;0;NA;"Geradora";"SCNOLD";"Oculta";"Macro"
"2405";"SCNOLD_XBSZR";NA;NA;"Inativa";"IBGE/SCN Consolidado";"Contas nacionais";"Exportações - bens e serviços";"Exportações de bens e serviços a preços constantes de 1980";"Oculta";"Internet";90;0;0;NA;NA;"SCNOLD";"Oculta";"Macro"
"2406";"SCNOLD_YAG";NA;NA;"Inativa";"IBGE/SCN Consolidado";"Contas nacionais";"PIB - agropecuária - índice real (média 1980 = 100)";"PIB - agropecuária: índice real (média 1980 = 100)";"Oculta";"Internet";90;0;0;NA;"Gerada";"SCNOLD";"Oculta";"Macro"
"2407";"SCNOLD_YAGG";NA;NA;"Inativa";"IBGE/SCN Consolidado";"Contas nacionais";"PIB - agropecuária - var. real anual";"PIB - agropecuária: var. real anual";"Oculta";"Internet";90;0;0;NA;"Gerada/Geradora";"SCNOLD";"Oculta";"Macro"
"2408";"SCNOLD_YAGN";NA;NA;"Inativa";"IBGE/SCN Consolidado";"Contas nacionais";"PIB - agropecuária (custo de fatores)";"PIB - agropecuária (custo de fatores)";"Oculta";"Internet";90;0;0;NA;NA;"SCNOLD";"Oculta";"Macro"
"2409";"SCNOLD_YFINN";NA;NA;"Inativa";"IBGE/SCN Consolidado";"Contas nacionais";"PIB - intermediação financeira - imputação dos serviços";"PIB - intermediação financeira - imputação dos serviços";"Oculta";"Internet";90;0;0;NA;NA;"SCNOLD";"Oculta";"Macro"
"2410";"SCNOLD_YICC";NA;NA;"Inativa";"IBGE/SCN Consolidado";"Contas nacionais";"PIB - indústria - construção civil - índice real (média 1980 = 100)";"PIB - indústria da construção civil: índice real (média 1980 = 100)";"Oculta";"Internet";90;0;0;NA;"Gerada";"SCNOLD";"Oculta";"Macro"
"2411";"SCNOLD_YICCG";NA;NA;"Inativa";"IBGE/SCN Consolidado";"Contas nacionais";"PIB - indústria - construção civil - var. real anual";"PIB - indústria da construção civil: var. real anual";"Oculta";"Internet";90;0;0;NA;"Gerada/Geradora";"SCNOLD";"Oculta";"Macro"
"2412";"SCNOLD_YIEX";NA;NA;"Inativa";"IBGE/SCN Consolidado";"Contas nacionais";"PIB - indústria - extrativa mineral - índice real (média 1980 = 100)";"PIB - indústria extrativa mineral: índice real (média 1980 = 100)";"Oculta";"Internet";90;0;0;NA;"Gerada";"SCNOLD";"Oculta";"Macro"
"2413";"SCNOLD_YIEXG";NA;NA;"Inativa";"IBGE/SCN Consolidado";"Contas nacionais";"PIB - indústria - extrativa mineral - var. real anual";"PIB - indústria extrativa mineral: var. real anual";"Oculta";"Internet";90;0;0;NA;"Gerada/Geradora";"SCNOLD";"Oculta";"Macro"
"2414";"SCNOLD_YIND";NA;NA;"Inativa";"IBGE/SCN Consolidado";"Contas nacionais";"PIB - indústria - índice real (média 1980 = 100)";"PIB - indústria: índice real (média 1980 = 100)";"Oculta";"Internet";90;0;0;NA;"Gerada";"SCNOLD";"Oculta";"Macro"
"2415";"SCNOLD_YINDG";NA;NA;"Inativa";"IBGE/SCN Consolidado";"Contas nacionais";"PIB - indústria - var. real anual";"PIB - indústria: var. real anual";"Oculta";"Internet";90;0;0;NA;"Gerada/Geradora";"SCNOLD";"Oculta";"Macro"
"2416";"SCNOLD_YINDN";NA;NA;"Inativa";"IBGE/SCN Consolidado";"Contas nacionais";"PIB - indústria (custo de fatores)";"PIB - indústria (custo de fatores)";"Oculta";"Internet";90;0;0;NA;NA;"SCNOLD";"Oculta";"Macro"
"2417";"SCNOLD_YITR";NA;NA;"Inativa";"IBGE/SCN Consolidado";"Contas nacionais";"PIB - indústria - transformação - índice real (média 1980 = 100)";"PIB - indústria de transformação: índice real (média 1980 = 100)";"Oculta";"Internet";90;0;0;NA;"Gerada";"SCNOLD";"Oculta";"Macro"
"2418";"SCNOLD_YITRG";NA;NA;"Inativa";"IBGE/SCN Consolidado";"Contas nacionais";"PIB - indústria - transformação - var. real anual";"PIB - indústria de transformação: var. real anual";"Oculta";"Internet";90;0;0;NA;"Gerada/Geradora";"SCNOLD";"Oculta";"Macro"
"2419";"SCNOLD_YIUP";NA;NA;"Inativa";"IBGE/SCN Consolidado";"Contas nacionais";"PIB - indústria - serviços utilid. púb. (SIUP) - índice real (média 1980 = 100)";"PIB - indústria - serviços de utilidade pública (SIUP): índice real (média 1980 = 100)";"Oculta";"Internet";90;0;0;NA;"Gerada";"SCNOLD";"Oculta";"Macro"
"2420";"SCNOLD_YSALN";NA;NA;"Inativa";"IBGE/SCN Consolidado";"Contas nacionais";"PIB - serviços - aluguéis (custo de fatores)";"PIB - serviços - aluguéis (custo de fatores)";"Oculta";"Internet";90;0;0;NA;NA;"SCNOLD";"Oculta";"Macro"
"2421";"SCNOLD_YSAP";NA;NA;"Inativa";"IBGE/SCN Consolidado";"Contas nacionais";"PIB - serviços - adm. pública - índice real (média 1980 = 100)";"PIB - serviços - administração pública: índice real (média 1980 = 100)";"Oculta";"Internet";90;0;0;NA;"Gerada";"SCNOLD";"Oculta";"Macro"
"2422";"SCNOLD_YSCM";NA;NA;"Inativa";"IBGE/SCN Consolidado";"Contas nacionais";"PIB - serviços - comércio - índice real (média 1980 = 100)";"PIB - serviços - comércio: índice real (média 1980 = 100)";"Oculta";"Internet";90;0;0;NA;"Gerada";"SCNOLD";"Oculta";"Macro"
"2423";"SCNOLD_YSCMG";NA;NA;"Inativa";"IBGE/SCN Consolidado";"Contas nacionais";"PIB - serviços - comércio - var. real anual";"PIB - serviços - comércio: var. real anual";"Oculta";"Internet";90;0;0;NA;"Gerada/Geradora";"SCNOLD";"Oculta";"Macro"
"2424";"SCNOLD_YSCMN";NA;NA;"Inativa";"IBGE/SCN Consolidado";"Contas nacionais";"PIB - serviços - comércio (custo de fatores)";"PIB - serviços - comércio (custo de fatores)";"Oculta";"Internet";90;0;0;NA;NA;"SCNOLD";"Oculta";"Macro"
"2425";"SCNOLD_YSCU";NA;NA;"Inativa";"IBGE/SCN Consolidado";"Contas nacionais";"PIB - serviços - comunicações - índice real (média 1980 = 100)";"PIB - serviços - comunicações: índice real (média 1980 = 100)";"Oculta";"Internet";90;0;0;NA;"Gerada";"SCNOLD";"Oculta";"Macro"
"2426";"SCNOLD_YSCUG";NA;NA;"Inativa";"IBGE/SCN Consolidado";"Contas nacionais";"PIB - serviços - comunicações - var. real anual";"PIB - serviços - comunicações: var. real anual";"Oculta";"Internet";90;0;0;NA;"Gerada/Geradora";"SCNOLD";"Oculta";"Macro"
"2427";"SCNOLD_YSCUN";NA;NA;"Inativa";"IBGE/SCN Consolidado";"Contas nacionais";"PIB - serviços - comunicações (custo de fatores)";"PIB - serviços - comunicações (custo de fatores)";"Oculta";"Internet";90;0;0;NA;NA;"SCNOLD";"Oculta";"Macro"
"2428";"SCNOLD_YSER";NA;NA;"Inativa";"IBGE/SCN Consolidado";"Contas nacionais";"PIB - serviços - índice real (média 1980 = 100)";"PIB - serviços: índice real (média 1980 = 100)";"Oculta";"Internet";90;0;0;NA;"Gerada";"SCNOLD";"Oculta";"Macro"
"2429";"SCNOLD_YSERG";NA;NA;"Inativa";"IBGE/SCN Consolidado";"Contas nacionais";"PIB - serviços - var. real anual";"PIB - serviços: var. real anual";"Oculta";"Internet";90;0;0;NA;"Gerada/Geradora";"SCNOLD";"Oculta";"Macro"
"2430";"SCNOLD_YSERN";NA;NA;"Inativa";"IBGE/SCN Consolidado";"Contas nacionais";"PIB - serviços (custo de fatores)";"PIB - serviços (custo de fatores)";"Oculta";"Internet";90;0;0;NA;NA;"SCNOLD";"Oculta";"Macro"
"2431";"SCNOLD_YSIF";NA;NA;"Inativa";"IBGE/SCN Consolidado";"Contas nacionais";"PIB - serviços - instituições financeiras - índice real (média 1980 = 100)";"PIB - serviços - instituições financeiras: índice real (média 1980 = 100)";"Oculta";"Internet";90;0;0;NA;"Gerada";"SCNOLD";"Oculta";"Macro"
"2432";"SCNOLD_YSIFG";NA;NA;"Inativa";"IBGE/SCN Consolidado";"Contas nacionais";"PIB - serviços - instituições financeiras - var. real anual";"PIB - serviços - instituições financeiras: var. real anual";"Oculta";"Internet";90;0;0;NA;"Gerada/Geradora";"SCNOLD";"Oculta";"Macro"
"2433";"SCNOLD_YSOSG";NA;NA;"Inativa";"IBGE/SCN Consolidado";"Contas nacionais";"PIB - serviços - outros serviços - var. real anual";"PIB - serviços - outros serviços: var. real anual";"Oculta";"Internet";90;0;0;NA;"Gerada/Geradora";"SCNOLD";"Oculta";"Macro"
"2434";"SCNOLD_YSOSN";NA;NA;"Inativa";"IBGE/SCN Consolidado";"Contas nacionais";"PIB - serviços - outros serviços (custo de fatores)";"PIB - serviços - outros serviços (custo de fatores)";"Oculta";"Internet";90;0;0;NA;NA;"SCNOLD";"Oculta";"Macro"
"2435";"SCNOLD_YSTR";NA;NA;"Inativa";"IBGE/SCN Consolidado";"Contas nacionais";"PIB - serviços - transportes - índice real (média 1980 = 100)";"PIB - serviços - transportes: índice real (média 1980 = 100)";"Oculta";"Internet";90;0;0;NA;"Gerada";"SCNOLD";"Oculta";"Macro"
"2436";"SCNOLD_YSTRG";NA;NA;"Inativa";"IBGE/SCN Consolidado";"Contas nacionais";"PIB - serviços - transportes - var. real anual";"PIB - serviços - transportes: var. real anual";"Oculta";"Internet";90;0;0;NA;"Gerada/Geradora";"SCNOLD";"Oculta";"Macro"
"2437";"SCNOLD_CTR";NA;NA;"Inativa";"IBGE/SCN Consolidado";"Contas nacionais";"Consumo final";"Consumo final a preços constantes de 1980";"Oculta";"Internet";90;0;0;NA;NA;"SCNOLD";"Oculta";"Macro"
"2438";"SCNOLD_FBKFMMR";NA;NA;"Inativa";"IBGE/SCN Consolidado";"Contas nacionais";"Capital fixo - formação bruta - equipamentos importados";"Formação bruta de capital fixo - equipamentos importados a preços constantes de 1980";"Oculta";"Internet";90;0;0;NA;NA;"SCNOLD";"Oculta";"Macro"
"2439";"SCNOLD_YSAPG";NA;NA;"Inativa";"IBGE/SCN Consolidado";"Contas nacionais";"PIB - serviços - adm. pública - var. real anual";"PIB - serviços - administração pública: var. real anual";"Oculta";"Internet";90;0;0;NA;"Gerada/Geradora";"SCNOLD";"Oculta";"Macro"
"2440";"SCNOLD_FBKFMNR";NA;NA;"Inativa";"IBGE/SCN Consolidado";"Contas nacionais";"Capital fixo - formação bruta - equipamentos nacionais";"Formação bruta de capital fixo - equipamentos nacionais a preços constantes de 1980";"Oculta";"Internet";90;0;0;NA;NA;"SCNOLD";"Oculta";"Macro"
"2441";"SCNOLD_YIUPN";NA;NA;"Inativa";"IBGE/SCN Consolidado";"Contas nacionais";"PIB - indústria - serviços utilid. púb. (SIUP) (custo de fatores)";"PIB - indústria - serviços de utilidade pública (SIUP) (custo de fatores)";"Oculta";"Internet";90;0;0;NA;NA;"SCNOLD";"Oculta";"Macro"
"2442";"SCNOLD_PIBN";NA;NA;"Inativa";"IBGE/SCN Consolidado";"Contas nacionais";"PIB";"Produto interno bruto (PIB)";"Oculta";"Internet";90;0;0;NA;NA;"SCNOLD";"Oculta";"Macro"
"2443";"SCNOLD_FBKFCR";NA;NA;"Inativa";"IBGE/SCN Consolidado";"Contas nacionais";"Capital fixo - formação bruta - construção";"Formação bruta de capital fixo - construção a preços constantes de 1980";"Oculta";"Internet";90;0;0;NA;NA;"SCNOLD";"Oculta";"Macro"
"2444";"SCNOLD_PIB";NA;NA;"Inativa";"IBGE/SCN Consolidado";"Contas nacionais";"PIB";"Produto interno bruto (PIB) a preços constantes de 1980";"Oculta";"Internet";90;0;0;NA;NA;"SCNOLD";"Oculta";"Macro"
"2445";"SCNOLD_VESTON";NA;NA;"Inativa";"IBGE/SCN Consolidado";"Contas nacionais";"Variação de estoques";"Variação de estoques";"Oculta";"Internet";90;0;0;NA;NA;"SCNOLD";"Oculta";"Macro"
"2446";"SCNOLD_YIEXN";NA;NA;"Inativa";"IBGE/SCN Consolidado";"Contas nacionais";"PIB - indústria - extrativa mineral (custo de fatores)";"PIB - indústria extrativa mineral (custo de fatores)";"Oculta";"Internet";90;0;0;NA;NA;"SCNOLD";"Oculta";"Macro"
"2447";"SCNOLD_RLEXN";NA;NA;"Inativa";"IBGE/SCN Consolidado";"Contas nacionais";"Rendimentos - líq. (pagos ao resto do mundo)";"Rendimentos líquidos pagos ao resto do mundo";"Oculta";"Intranet";90;0;0;NA;NA;"SCNOLD";"Oculta";"Macro"
"2448";"SCNOLD_YITRN";NA;NA;"Inativa";"IBGE/SCN Consolidado";"Contas nacionais";"PIB - indústria - transformação (custo de fatores)";"PIB - indústria de transformação (custo de fatores)";"Oculta";"Internet";90;0;0;NA;NA;"SCNOLD";"Oculta";"Macro"
"2449";"SCNOLD_YICCN";NA;NA;"Inativa";"IBGE/SCN Consolidado";"Contas nacionais";"PIB - indústria - construção civil (custo de fatores)";"PIB - indústria da construção civil (custo de fatores)";"Oculta";"Internet";90;0;0;NA;NA;"SCNOLD";"Oculta";"Macro"
"2450";"SCNOLD_YSAPN";NA;NA;"Inativa";"IBGE/SCN Consolidado";"Contas nacionais";"PIB - serviços - adm. pública (custo de fatores)";"PIB - serviços - administração pública (custo de fatores)";"Oculta";"Internet";90;0;0;NA;NA;"SCNOLD";"Oculta";"Macro"
"2451";"SCNOLD_YSIFN";NA;NA;"Inativa";"IBGE/SCN Consolidado";"Contas nacionais";"PIB - serviços - instituições financeiras (custo de fatores)";"PIB - serviços - instituições financeiras (custo de fatores)";"Oculta";"Internet";90;0;0;NA;NA;"SCNOLD";"Oculta";"Macro"
"2452";"SCNOLD_YSTRN";NA;NA;"Inativa";"IBGE/SCN Consolidado";"Contas nacionais";"PIB - serviços - transportes (custo de fatores)";"PIB - serviços - transportes (custo de fatores)";"Oculta";"Internet";90;0;0;NA;NA;"SCNOLD";"Oculta";"Macro"
"2453";"SCNOLD_YIUPG";NA;NA;"Inativa";"IBGE/SCN Consolidado";"Contas nacionais";"PIB - indústria - serviços utilid. púb. (SIUP) - var. real anual";"PIB - indústria - serviços de utilidade pública (SIUP): var. real anual";"Oculta";"Internet";90;0;0;NA;"Gerada/Geradora";"SCNOLD";"Oculta";"Macro"
"2454";"SCNOLD12_AVES12";NA;NA;"Inativa";"IBGE/SCN Consolidado";"Contas nacionais";"Abate - aves - peso das carcaças";"Abate de aves: peso das carcaças";"Oculta";"Internet";15;0;0;NA;NA;"SCNOLD12";"Oculta";"Macro"
"2455";"SCNOLD12_BOVINO12";NA;NA;"Inativa";"IBGE/SCN Consolidado";"Contas nacionais";"Abate - bovinos - peso das carcaças";"Abate de bovinos: peso das carcaças";"Oculta";"Internet";15;0;0;NA;NA;"SCNOLD12";"Oculta";"Macro"
"2456";"SCNOLD12_LEITE12";NA;NA;"Inativa";"IBGE/SCN Consolidado";"Contas nacionais";"Produção - leite";"Produção de leite";"Oculta";"Internet";15;0;0;NA;NA;"SCNOLD12";"Oculta";"Macro"
"2457";"SCNOLD12_OVOS12";NA;NA;"Inativa";"IBGE/SCN Consolidado";"Contas nacionais";"Produção - ovos";"Produção de ovos";"Oculta";"Internet";15;0;0;NA;NA;"SCNOLD12";"Oculta";"Macro"
"2458";"SCNOLD12_PIB12";NA;NA;"Inativa";"IBGE/SCN Consolidado";"Contas nacionais";"PIB - índice (média 1980 = 100)";"PIB: índice (média 1980 = 100)";"Oculta";"Intranet";15;0;0;NA;NA;"SCNOLD12";"Oculta";"Macro"
"2459";"SCNOLD12_PIBAGR12";NA;NA;"Inativa";"IBGE/SCN Consolidado";"Contas nacionais";"PIB - agropecuária - índice real (média 1980 = 100)";"PIB - agropecuária: índice real (média 1980 = 100)";"Oculta";"Intranet";15;0;0;NA;NA;"SCNOLD12";"Oculta";"Macro"
"2460";"SCNOLD12_PIBICC12";NA;NA;"Inativa";"IBGE/SCN Consolidado";"Contas nacionais";"PIB - indústria - construção civil - índice real (média 1980 = 100)";"PIB - indústria da construção civil: índice real (média 1980 = 100)";"Oculta";"Intranet";15;0;0;NA;NA;"SCNOLD12";"Oculta";"Macro"
"2461";"SCNOLD12_PIBIEX12";NA;NA;"Inativa";"IBGE/SCN Consolidado";"Contas nacionais";"PIB - indústria - extrativa mineral - índice real (média 1980 = 100)";"PIB - indústria extrativa mineral: índice real (média 1980 = 100)";"Oculta";"Intranet";15;0;0;NA;NA;"SCNOLD12";"Oculta";"Macro"
"2462";"SCNOLD12_PIBIND12";NA;NA;"Inativa";"IBGE/SCN Consolidado";"Contas nacionais";"PIB - indústria - índice real (média 1980 = 100)";"PIB - indústria: índice real (média 1980 = 100)";"Oculta";"Intranet";15;0;0;NA;NA;"SCNOLD12";"Oculta";"Macro"
"2463";"SCNOLD12_PIBITR12";NA;NA;"Inativa";"IBGE/SCN Consolidado";"Contas nacionais";"PIB - indústria - transformação - índice real (média 1980 = 100)";"PIB - indústria de transformação: índice real (média 1980 = 100)";"Oculta";"Intranet";15;0;0;NA;NA;"SCNOLD12";"Oculta";"Macro"
"2464";"SCNOLD12_PIBIUP12";NA;NA;"Inativa";"IBGE/SCN Consolidado";"Contas nacionais";"PIB - indústria - serviços utilid. púb. (SIUP) - índice real (média 1980 = 100)";"PIB - indústria - serviços de utilidade pública (SIUP): índice real (média 1980 = 100)";"Oculta";"Intranet";15;0;0;NA;NA;"SCNOLD12";"Oculta";"Macro"
"2465";"SCNOLD12_PIBLAV12";NA;NA;"Inativa";"IBGE/SCN Consolidado";"Contas nacionais";"PIB - lavouras - índice real (média 1980 = 100)";"PIB - lavouras: índice real (média 1980 = 100)";"Oculta";"Intranet";15;0;0;NA;NA;"SCNOLD12";"Oculta";"Macro"
"2466";"SCNOLD12_PIBPEC12";NA;NA;"Inativa";"IBGE/SCN Consolidado";"Contas nacionais";"PIB - pecuária - índice real (média 1980 = 100)";"PIB - pecuária: índice real (média 1980 = 100)";"Oculta";"Intranet";15;0;0;NA;NA;"SCNOLD12";"Oculta";"Macro"
"2467";"SCNOLD12_PIBSAP12";NA;NA;"Inativa";"IBGE/SCN Consolidado";"Contas nacionais";"PIB - adm. pública - índice real (média 1980 = 100)";"PIB - administração pública: índice real (média 1980 = 100)";"Oculta";"Intranet";15;0;0;NA;NA;"SCNOLD12";"Oculta";"Macro"
"2468";"SCNOLD12_PIBSC12";NA;NA;"Inativa";"IBGE/SCN Consolidado";"Contas nacionais";"PIB - serviços - comércio - índice real (média 1980 = 100)";"PIB - serviços - comércio: índice real (média 1980 = 100)";"Oculta";"Intranet";15;0;0;NA;NA;"SCNOLD12";"Oculta";"Macro"
"2469";"SCNOLD12_PIBSCA12";NA;NA;"Inativa";"IBGE/SCN Consolidado";"Contas nacionais";"PIB - comércio - atacado - índice real (média 1980 = 100)";"PIB - comércio - atacado: índice real (média 1980 = 100)";"Oculta";"Intranet";15;0;0;NA;NA;"SCNOLD12";"Oculta";"Macro"
"2470";"SCNOLD12_PIBSCO12";NA;NA;"Inativa";"IBGE/SCN Consolidado";"Contas nacionais";"PIB - comércio - índice real (média 1980 = 100)";"PIB - comércio: índice real (média 1980 = 100)";"Oculta";"Intranet";15;0;0;NA;NA;"SCNOLD12";"Oculta";"Macro"
"2471";"SCNOLD12_PIBSCU12";NA;NA;"Inativa";"IBGE/SCN Consolidado";"Contas nacionais";"PIB - comunicações - índice real (média 1980 = 100)";"PIB - comunicações: índice real (média 1980 = 100)";"Oculta";"Intranet";15;0;0;NA;NA;"SCNOLD12";"Oculta";"Macro"
"2472";"SCNOLD12_PIBSCV12";NA;NA;"Inativa";"IBGE/SCN Consolidado";"Contas nacionais";"PIB - comércio - varejo - índice real (média 1980 = 100)";"PIB - comércio no varejo: índice real (média 1980 = 100)";"Oculta";"Intranet";15;0;0;NA;NA;"SCNOLD12";"Oculta";"Macro"
"2473";"SCNOLD12_PIBSIF12";NA;NA;"Inativa";"IBGE/SCN Consolidado";"Contas nacionais";"PIB - instituições financeiras - índice real (média 1980 = 100)";"PIB - instituições financeiras: índice real (média 1980 = 100)";"Oculta";"Intranet";15;0;0;NA;NA;"SCNOLD12";"Oculta";"Macro"
"2474";"SCNOLD12_PIBSOS12";NA;NA;"Inativa";"IBGE/SCN Consolidado";"Contas nacionais";"PIB - outros serviços - índice real (média 1980 = 100)";"PIB - outros serviços: índice real (média 1980 = 100)";"Oculta";"Intranet";15;0;0;NA;NA;"SCNOLD12";"Oculta";"Macro"
"2475";"SCNOLD12_PIBSTR12";NA;NA;"Inativa";"IBGE/SCN Consolidado";"Contas nacionais";"PIB - transportes - índice real (média 1980 = 100)";"PIB - transportes: índice real (média 1980 = 100)";"Oculta";"Intranet";15;0;0;NA;NA;"SCNOLD12";"Oculta";"Macro"
"2476";"SCNOLD12_SUINO12";NA;NA;"Inativa";"IBGE/SCN Consolidado";"Contas nacionais";"Abate - suínos - peso das carcaças";"Abate de suínos: peso das carcaças";"Oculta";"Internet";15;0;0;NA;NA;"SCNOLD12";"Oculta";"Macro"
"2477";"SCNOLD12_YICC12";NA;NA;"Inativa";"IBGE/SCN Consolidado";"Contas nacionais";"Produção industrial - insumos - construção civil - quantum - índice (média 1991 = 100)";"Produção industrial - insumos - construção civil - quantum - índice (média 1991 = 100)";"Oculta";"Internet";15;0;0;NA;NA;"SCNOLD12";"Oculta";"Macro"
"2478";"SCNOLD12_YIEX12";NA;NA;"Inativa";"IBGE/SCN Consolidado";"Contas nacionais";"Produção industrial - extrativa mineral - quantum - índice (média 1991 = 100)";"Produção industrial - extrativa mineral - quantum - índice (média 1991 = 100)";"Oculta";"Internet";15;0;0;NA;"Geradora";"SCNOLD12";"Oculta";"Macro"
"2479";"SCNOLD12_YIUP12";NA;NA;"Inativa";"IBGE/SCN Consolidado";"Contas nacionais";"PIB - serviços utilid. púb. (SIUP) - índice real (média 1980 = 100)";"PIB - serviços de utilidade pública (SIUP): índice real (média 1980 = 100)";"Oculta";"Internet";15;0;0;NA;"Geradora";"SCNOLD12";"Oculta";"Macro"
"2480";"SCNOLD12_YSAL12";NA;NA;"Inativa";"IBGE/SCN Consolidado";"Contas nacionais";"PIB - serviços - aluguéis - índice real (média 1980 = 100)";"PIB - serviços - aluguéis: índice real (média 1980 = 100)";"Oculta";"Internet";15;0;0;NA;NA;"SCNOLD12";"Oculta";"Macro"
"2481";"SCNOLD12_YSAP12";NA;NA;"Inativa";"IBGE/SCN Consolidado";"Contas nacionais";"PIB - serviços - adm. pública - índice real (média 1980 = 100)";"PIB - serviços - administração pública: índice real (média 1980 = 100)";"Oculta";"Internet";15;0;0;NA;"Geradora";"SCNOLD12";"Oculta";"Macro"
"2482";"SCNOLD12_YSCBEB12";NA;NA;"Inativa";"IBGE/SCN Consolidado";"Contas nacionais";"Produção industrial - bebidas - quantum - índice (média 1991 = 100)";"Produção industrial - bebidas - quantum - índice (média 1991 = 100)";"Oculta";"Internet";15;0;0;NA;NA;"SCNOLD12";"Oculta";"Macro"
"2483";"SCNOLD12_YSCBOR12";NA;NA;"Inativa";"IBGE/SCN Consolidado";"Contas nacionais";"Produção industrial - borracha - quantum - índice (média 1991 = 100)";"Produção industrial - borracha - quantum - índice (média 1991 = 100)";"Oculta";"Internet";15;0;0;NA;NA;"SCNOLD12";"Oculta";"Macro"
"2484";"SCNOLD12_YSCIMP12";NA;NA;"Inativa";"IBGE/SCN Consolidado";"Contas nacionais";"Importações - exceto petróleo - índice (média 1980 = 100)";"Importações exceto petróleo: índice (média 1980 = 100)";"Oculta";"Internet";15;0;0;NA;NA;"SCNOLD12";"Oculta";"Macro"
"2485";"SCNOLD12_YSCMEC12";NA;NA;"Inativa";"IBGE/SCN Consolidado";"Contas nacionais";"Produção industrial - mecânica - quantum - índice (média 1991 = 100)";"Produção industrial - mecânica - quantum - índice (média 1991 = 100)";"Oculta";"Internet";15;0;0;NA;NA;"SCNOLD12";"Oculta";"Macro"
"2486";"SCNOLD12_YSCMEL12";NA;NA;"Inativa";"IBGE/SCN Consolidado";"Contas nacionais";"Produção industrial - material elétrico e de comunicação - quantum - índice (média 1991 = 100)";"Produção industrial - material elétrico e de comunicação - quantum - índice (média 1991 = 100)";"Oculta";"Internet";15;0;0;NA;NA;"SCNOLD12";"Oculta";"Macro"
"2487";"SCNOLD12_YSCMET12";NA;NA;"Inativa";"IBGE/SCN Consolidado";"Contas nacionais";"Produção industrial - metalúrgica - quantum - índice (média 1991 = 100)";"Produção industrial - metalúrgica - quantum - índice (média 1991 = 100)";"Oculta";"Internet";15;0;0;NA;NA;"SCNOLD12";"Oculta";"Macro"
"2488";"SCNOLD12_YSCMNM12";NA;NA;"Inativa";"IBGE/SCN Consolidado";"Contas nacionais";"Produção industrial - minerais não metálicos - quantum - índice (média 1991 = 100)";"Produção industrial - minerais não metálicos - quantum - índice (média 1991 = 100)";"Oculta";"Internet";15;0;0;NA;NA;"SCNOLD12";"Oculta";"Macro"
"2489";"SCNOLD12_YSCMTR12";NA;NA;"Inativa";"IBGE/SCN Consolidado";"Contas nacionais";"Produção industrial - material de transporte - quantum - índice (média 1991 = 100)";"Produção industrial - material de transporte - quantum - índice (média 1991 = 100)";"Oculta";"Internet";15;0;0;NA;NA;"SCNOLD12";"Oculta";"Macro"
"2490";"SCNOLD12_YSCPAP12";NA;NA;"Inativa";"IBGE/SCN Consolidado";"Contas nacionais";"Produção industrial - papel e papelão - quantum - índice (média 1991 = 100)";"Produção industrial - papel e papelão - quantum - índice (média 1991 = 100)";"Oculta";"Internet";15;0;0;NA;NA;"SCNOLD12";"Oculta";"Macro"
"2491";"SCNOLD12_YSCPER12";NA;NA;"Inativa";"IBGE/SCN Consolidado";"Contas nacionais";"Produção industrial - perfumaria, sabões e velas - quantum - índice (média 1991 = 100)";"Produção industrial - perfumaria, sabões e velas - quantum - índice (média 1991 = 100)";"Oculta";"Internet";15;0;0;NA;NA;"SCNOLD12";"Oculta";"Macro"
"2492";"SCNOLD12_YSCPLA12";NA;NA;"Inativa";"IBGE/SCN Consolidado";"Contas nacionais";"Produção industrial - produtos de matérias plásticas - quantum - índice (média 1991 = 100)";"Produção industrial - produtos de matérias plásticas - quantum - índice (média 1991 = 100)";"Oculta";"Internet";15;0;0;NA;NA;"SCNOLD12";"Oculta";"Macro"
"2493";"SCNOLD12_YSCQUI12";NA;NA;"Inativa";"IBGE/SCN Consolidado";"Contas nacionais";"Produção industrial - química - quantum - índice (média 1991 = 100)";"Produção industrial - química - quantum - índice (média 1991 = 100)";"Oculta";"Internet";15;0;0;NA;NA;"SCNOLD12";"Oculta";"Macro"
"2494";"SCNOLD12_YSCUC12";NA;NA;"Inativa";"IBGE/SCN Consolidado";"Contas nacionais";"PIB - serviços - correios - índice real (média 1980 = 100)";"PIB - serviços - correios: índice real (média 1980 = 100)";"Oculta";"Intranet";15;0;0;NA;NA;"SCNOLD12";"Oculta";"Macro"
"2495";"SCNOLD12_YSCUT12";NA;NA;"Inativa";"IBGE/SCN Consolidado";"Contas nacionais";"PIB - serviços - Telebrás - índice real (média 1980 = 100)";"PIB - serviços - Telebrás: índice real (média 1980 = 100)";"Oculta";"Intranet";15;0;0;NA;NA;"SCNOLD12";"Oculta";"Macro"
"2496";"SCNOLD12_YSIF12";NA;NA;"Inativa";"IBGE/SCN Consolidado";"Contas nacionais";"PIB - serviços - instituições financeiras - índice real (média 1980 = 100)";"PIB - serviços - instituições financeiras: índice real (média 1980 = 100)";"Oculta";"Intranet";15;0;0;NA;"Geradora";"SCNOLD12";"Oculta";"Macro"
"2497";"SCNOLD12_YSOS12";NA;NA;"Inativa";"IBGE/SCN Consolidado";"Contas nacionais";"PIB - outros serviços - índice real (média 1980 = 100)";"PIB - outros serviços: índice real (média 1980 = 100)";"Oculta";"Internet";15;0;0;NA;"Geradora";"SCNOLD12";"Oculta";"Macro"
"2498";"SCNOLD12_YSTRA12";NA;NA;"Inativa";"IBGE/SCN Consolidado";"Contas nacionais";"Transporte aéreo - índice (média 1980 = 100)";"Transporte aéreo: índice (média 1980 = 100)";"Oculta";"Internet";15;0;0;NA;NA;"SCNOLD12";"Oculta";"Macro"
"2499";"SCNOLD12_YSTRD12";NA;NA;"Inativa";"IBGE/SCN Consolidado";"Contas nacionais";"Transporte dutoviário - índice (média 1980 = 100)";"Transporte dutoviário: índice (média 1980 = 100)";"Oculta";"Internet";15;0;0;NA;NA;"SCNOLD12";"Oculta";"Macro"
"2500";"SCNOLD12_YSTRF12";NA;NA;"Inativa";"IBGE/SCN Consolidado";"Contas nacionais";"Transporte ferroviário - índice (média 1980 = 100)";"Transporte ferroviário: índice (média 1980 = 100)";"Oculta";"Internet";15;0;0;NA;NA;"SCNOLD12";"Oculta";"Macro"
"2501";"SCNOLD12_YSTRH12";NA;NA;"Inativa";"IBGE/SCN Consolidado";"Contas nacionais";"Transporte hidroviário - índice (média 1980 = 100)";"Transporte hidroviário: índice (média 1980 = 100)";"Oculta";"Internet";15;0;0;NA;NA;"SCNOLD12";"Oculta";"Macro"
"2502";"SCNOLD12_YSTRR12";NA;NA;"Inativa";"IBGE/SCN Consolidado";"Contas nacionais";"Consumo aparente - óleo diesel - transporte rodoviário";"Consumo aparente de óleo diesel no transporte rodoviário";"Oculta";"Internet";15;0;0;NA;NA;"SCNOLD12";"Oculta";"Macro"
"2503";"SCNOLD4_COMERC4";NA;NA;"Inativa";"IBGE/SCN Consolidado";"Contas nacionais";"PIB - comércio - índice real (média 1980 = 100)";"PIB - comércio: índice real (média 1980 = 100)";"Oculta";"Internet";30;0;0;NA;NA;"SCNOLD4";"Oculta";"Macro"
"2504";"SCNOLD4_CONST4";NA;NA;"Inativa";"IBGE/SCN Consolidado";"Contas nacionais";"PIB - construção - índice real (média 1980 = 100)";"PIB - construção: índice real (média 1980 = 100)";"Oculta";"Internet";30;0;0;NA;NA;"SCNOLD4";"Oculta";"Macro"
"2505";"SCNOLD4_EXTMIN4";NA;NA;"Inativa";"IBGE/SCN Consolidado";"Contas nacionais";"PIB - indústria - extrativa mineral - índice real (média 1980 = 100)";"PIB - indústria extrativa mineral: índice real (média 1980 = 100)";"Oculta";"Internet";30;0;0;NA;NA;"SCNOLD4";"Oculta";"Macro"
"2506";"SCNOLD4_PIBSAL4";NA;NA;"Inativa";"IBGE/SCN Consolidado";"Contas nacionais";"PIB - aluguéis - índice real (média 1980 = 100)";"PIB - aluguéis: índice real (média 1980 = 100)";"Oculta";"Internet";30;0;0;NA;"Gerada";"SCNOLD4";"Oculta";"Macro"
"2507";"SCNOLD4_PIBSCV4";NA;NA;"Inativa";"IBGE/SCN Consolidado";"Contas nacionais";"PIB - comércio - varejo - índice real (média 1980 = 100)";"PIB - comércio no varejo: índice real (média 1980 = 100)";"Oculta";"Internet";30;0;0;NA;"Gerada";"SCNOLD4";"Oculta";"Macro"
"2508";"SCNOLD4_ADMPUB4";NA;NA;"Inativa";"IBGE/SCN Consolidado";"Contas nacionais";"PIB - adm. pública - índice real (média 1980 = 100)";"PIB - administração pública: índice real (média 1980 = 100)";"Oculta";"Internet";30;0;0;NA;NA;"SCNOLD4";"Oculta";"Macro"
"2509";"SCNOLD4_PIBAGRO4";NA;NA;"Inativa";"IBGE/SCN Consolidado";"Contas nacionais";"PIB - agropecuária - índice real (média 1980 = 100)";"PIB - agropecuária: índice real (média 1980 = 100)";"Oculta";"Internet";30;0;0;NA;NA;"SCNOLD4";"Oculta";"Macro"
"2510";"SCNOLD4_COMUN4";NA;NA;"Inativa";"IBGE/SCN Consolidado";"Contas nacionais";"PIB - comunicações - índice real (média 1980 = 100)";"PIB - comunicações: índice real (média 1980 = 100)";"Oculta";"Internet";30;0;0;NA;NA;"SCNOLD4";"Oculta";"Macro"
"2511";"SCNOLD4_PIBIEX4";NA;NA;"Inativa";"IBGE/SCN Consolidado";"Contas nacionais";"PIB - indústria - extrativa mineral - índice real (média 1980 = 100)";"PIB - indústria extrativa mineral: índice real (média 1980 = 100)";"Oculta";"Internet";30;0;0;NA;"Gerada";"SCNOLD4";"Oculta";"Macro"
"2512";"SCNOLD4_PIB4";NA;NA;"Inativa";"IBGE/SCN Consolidado";"Contas nacionais";"PIB - índice (média 1980 = 100)";"PIB: índice (média 1980 = 100)";"Oculta";"Internet";30;0;0;NA;"Gerada";"SCNOLD4";"Oculta";"Macro"
"2513";"SCNOLD4_PIBICC4";NA;NA;"Inativa";"IBGE/SCN Consolidado";"Contas nacionais";"PIB - indústria - construção civil - índice real (média 1980 = 100)";"PIB - indústria da construção civil: índice real (média 1980 = 100)";"Oculta";"Internet";30;0;0;NA;"Gerada";"SCNOLD4";"Oculta";"Macro"
"2514";"SCNOLD4_IND4";NA;NA;"Inativa";"IBGE/SCN Consolidado";"Contas nacionais";"PIB - indústria - índice real (média 1980 = 100)";"PIB - indústria: índice real (média 1980 = 100)";"Oculta";"Internet";30;0;0;NA;NA;"SCNOLD4";"Oculta";"Macro"
"2515";"SCNOLD4_SIUP4";NA;NA;"Inativa";"IBGE/SCN Consolidado";"Contas nacionais";"PIB - serviços utilid. púb. (SIUP) - índice real (média 1980 = 100)";"PIB - serviços de utilidade pública (SIUP): índice real (média 1980 = 100)";"Oculta";"Internet";30;0;0;NA;NA;"SCNOLD4";"Oculta";"Macro"
"2516";"SCNOLD4_TRANSF4";NA;NA;"Inativa";"IBGE/SCN Consolidado";"Contas nacionais";"PIB - indústria - transformação - índice real (média 1980 = 100)";"PIB - indústria de transformação: índice real (média 1980 = 100)";"Oculta";"Internet";30;0;0;NA;NA;"SCNOLD4";"Oculta";"Macro"
"2517";"SCNOLD4_FINANC4";NA;NA;"Inativa";"IBGE/SCN Consolidado";"Contas nacionais";"PIB - instituições financeiras - índice real (média 1980 = 100)";"PIB - instituições financeiras: índice real (média 1980 = 100)";"Oculta";"Internet";30;0;0;NA;NA;"SCNOLD4";"Oculta";"Macro"
"2518";"SCNOLD4_PIBLAV4";NA;NA;"Inativa";"IBGE/SCN Consolidado";"Contas nacionais";"PIB - lavouras - índice real (média 1980 = 100)";"PIB - lavouras: índice real (média 1980 = 100)";"Oculta";"Internet";30;0;0;NA;NA;"SCNOLD4";"Oculta";"Macro"
"2519";"SCNOLD4_OSERV4";NA;NA;"Inativa";"IBGE/SCN Consolidado";"Contas nacionais";"PIB - outros serviços - índice real (média 1980 = 100)";"PIB - outros serviços: índice real (média 1980 = 100)";"Oculta";"Internet";30;0;0;NA;NA;"SCNOLD4";"Oculta";"Macro"
"2520";"SCNOLD4_PIBPA4";NA;NA;"Inativa";"IBGE/SCN Consolidado";"Contas nacionais";"PIB - produção animal - índice real (média 1980 = 100)";"PIB - produção animal: índice real (média 1980 = 100)";"Oculta";"Internet";30;0;0;NA;NA;"SCNOLD4";"Oculta";"Macro"
"2521";"SCNOLD4_SERV4";NA;NA;"Inativa";"IBGE/SCN Consolidado";"Contas nacionais";"PIB - serviços - índice real (média 1980 = 100)";"PIB - serviços: índice real (média 1980 = 100)";"Oculta";"Internet";30;0;0;NA;NA;"SCNOLD4";"Oculta";"Macro"
"2522";"SCNOLD4_TRANSP4";NA;NA;"Inativa";"IBGE/SCN Consolidado";"Contas nacionais";"PIB - transportes - índice real (média 1980 = 100)";"PIB - transportes: índice real (média 1980 = 100)";"Oculta";"Internet";30;0;0;NA;NA;"SCNOLD4";"Oculta";"Macro"
"2523";"SCNOLD4_PIBSCA4";NA;NA;"Inativa";"IBGE/SCN Consolidado";"Contas nacionais";"PIB - comércio - atacado - índice real (média 1980 = 100)";"PIB - comércio no atacado - índice real (média 1980 = 100)";"Oculta";"Internet";30;0;0;NA;NA;"SCNOLD4";"Oculta";"Macro"
"2524";"LSPA_QALGA";8;932;"Inativa";"IBGE/PAM";"Produção";"Produção - algodão - arbóreo (caroço) - qde.";"Produção de algodão arbóreo (caroço): quantidade";"Não oculta";"Internet";360;0;1;NA;NA;"LSPA";"Internet";"Macro"
"2525";"LSPA_QALGH";15;639;"Ativa";"IBGE/PAM";"Produção";"Produção - algodão - herbáceo (caroço) - qde.";"Produção de algodão herbáceo (caroço): quantidade";"Não oculta";"Internet";360;0;1;NA;NA;"LSPA";"Internet";"Macro"
"2526";"LSPA_QAMEN";NA;NA;"Ativa";"IBGE/PAM";"Produção";"Produção - amendoim - qde.";"Produção de amendoim: quantidade";"Não oculta";"Internet";360;0;1;NA;NA;"LSPA";"Internet";"Macro"
"2527";"LSPA_QARRO";55;218;"Ativa";"IBGE/PAM";"Produção";"Produção - arroz - qde.";"Produção de arroz: quantidade";"Não oculta";"Internet";360;0;1;NA;NA;"LSPA";"Internet";"Macro"
"2528";"LSPA_QBANA";2;1445;"Ativa";"IBGE/PAM";"Produção";"Produção - banana - qde.";"Produção de banana: quantidade";"Não oculta";"Internet";360;0;1;NA;NA;"LSPA";"Internet";"Macro"
"2529";"LSPA_QBATI";4;1216;"Ativa";"IBGE/PAM";"Produção";"Produção - batata inglesa - qde.";"Produção de batata inglesa: quantidade";"Não oculta";"Internet";360;0;1;NA;NA;"LSPA";"Internet";"Macro"
"2530";"LSPA_QCACA";5;1138;"Ativa";"IBGE/PAM";"Produção";"Produção - cacau - qde.";"Produção de cacau: quantidade";"Não oculta";"Internet";360;0;1;NA;NA;"LSPA";"Internet";"Macro"
"2531";"LSPA_QCAFE";33;353;"Ativa";"IBGE/PAM";"Produção";"Produção - café - qde.";"Produção de café: quantidade";"Não oculta";"Internet";360;0;1;NA;NA;"LSPA";"Internet";"Macro"
"2532";"LSPA_QCANA";57;203;"Ativa";"IBGE/PAM";"Produção";"Produção - cana-de-açúcar - qde.";"Produção de cana-de-açúcar: quantidade";"Não oculta";"Internet";360;0;1;NA;NA;"LSPA";"Internet";"Macro"
"2533";"LSPA_QCEBO";NA;NA;"Ativa";"IBGE/PAM";"Produção";"Produção - cebola - qde.";"Produção de cebola: quantidade";"Não oculta";"Internet";360;0;1;NA;NA;"LSPA";"Internet";"Macro"
"2534";"LSPA_QFEIJ";25;444;"Ativa";"IBGE/PAM";"Produção";"Produção - feijão - qde.";"Produção de feijão: quantidade";"Não oculta";"Internet";360;0;1;NA;NA;"LSPA";"Internet";"Macro"
"2535";"LSPA_QFUMO";2;1445;"Ativa";"IBGE/PAM";"Produção";"Produção - fumo - qde.";"Produção de fumo: quantidade";"Não oculta";"Internet";360;0;1;NA;NA;"LSPA";"Internet";"Macro"
"2536";"LSPA_QLARA";19;538;"Ativa";"IBGE/PAM";"Produção";"Produção - laranja - qde.";"Produção de laranja: quantidade";"Não oculta";"Internet";360;0;1;NA;NA;"LSPA";"Internet";"Macro"
"2537";"LSPA_QMAND";4;1216;"Ativa";"IBGE/PAM";"Produção";"Produção - mandioca - qde.";"Produção de mandioca: quantidade";"Não oculta";"Internet";360;0;1;NA;NA;"LSPA";"Internet";"Macro"
"2538";"LSPA_QMILH";17;594;"Ativa";"IBGE/PAM";"Produção";"Produção - milho - qde.";"Produção de milho: quantidade";"Não oculta";"Internet";360;0;1;NA;NA;"LSPA";"Internet";"Macro"
"2539";"LSPA_QPIME";NA;NA;"Ativa";"IBGE/PAM";"Produção";"Produção - pimenta do reino - qde.";"Produção de pimenta do reino: quantidade";"Não oculta";"Internet";360;0;1;NA;NA;"LSPA";"Internet";"Macro"
"2540";"LSPA_QSOJA";75;144;"Ativa";"IBGE/PAM";"Produção";"Produção - soja - qde.";"Produção de soja: quantidade";"Não oculta";"Internet";360;0;1;NA;NA;"LSPA";"Internet";"Macro"
"2541";"LSPA_QTOMA";1;1606;"Ativa";"IBGE/PAM";"Produção";"Produção - tomate - qde.";"Produção de tomate: quantidade";"Não oculta";"Internet";360;0;1;NA;NA;"LSPA";"Internet";"Macro"
"2542";"LSPA_QTRIG";6;1048;"Ativa";"IBGE/PAM";"Produção";"Produção - trigo - qde.";"Produção de trigo: quantidade";"Não oculta";"Internet";360;0;1;NA;NA;"LSPA";"Internet";"Macro"
"2543";"LSPA_QUVA";4;1216;"Ativa";"IBGE/PAM";"Produção";"Produção - uva - qde.";"Produção de uva: quantidade";"Não oculta";"Internet";360;0;1;NA;NA;"LSPA";"Internet";"Macro"
"2544";"PIMDG12_HPIND12";14;737;"Inativa";"IBGE/PIM-DG";"Emprego";"Horas pagas - na produção - indústria geral - índice (média 1985 = 100)";"Horas pagas na produção - indústria geral - índice (média 1985 = 100)";"Não oculta";"Internet";0;0;0;"Revisada em 23/jul/2001.";NA;"PIMDG12";"Internet";"Macro"
"2545";"PIMDG12_POIND12";42;313;"Inativa";"IBGE/PIM-DG";"Emprego";"Pessoal ocupado - na produção - indústria geral - índice (média 1985 = 100)";"Pessoal ocupado na produção - indústria geral - índice (média 1985 = 100)";"Não oculta";"Internet";0;0;0;"Revisada em 23/jul/2001.";NA;"PIMDG12";"Internet";"Macro"
"2546";"PIMPF12_PFIND12";16;690;"Inativa";"IBGE/PIM-PF antiga";"Produção";"Produção industrial - indústria geral - quantum - índice dessaz. (média 1991 = 100)";"Produção industrial da indústria geral: índice de quantum dessazonalizado (média 1991 = 100)";"Oculta";"Internet";0;0;0;NA;NA;"PIMPF12";"Oculta";"Macro"
"2547";"PIMPF12_QIBCD12";12;812;"Inativa";"IBGE/PIM-PF antiga";"Produção";"Produção industrial - bens de consumo duráveis - quantum - índice (média 1991 = 100)";"Produção industrial de bens de consumo duráveis: índice de quantum (média 1991 = 100)";"Oculta";"Internet";0;0;0;NA;NA;"PIMPF12";"Oculta";"Macro"
"2548";"PIMPF12_QIBCT12";21;569;"Inativa";"IBGE/PIM-PF antiga";"Produção";"Produção industrial - bens de consumo - quantum - índice (média 1991 = 100)";"Produção industrial de bens de consumo: índice de quantum (média 1991 = 100)";"Oculta";"Internet";0;0;0;NA;NA;"PIMPF12";"Oculta";"Macro"
"2549";"PIMPF12_QIBEB12";8;996;"Inativa";"IBGE/PIM-PF antiga";"Produção";"Produção industrial - bebidas - quantum - índice (média 1991 = 100)";"Produção industrial de bebidas: índice de quantum (média 1991 = 100)";"Oculta";"Internet";0;0;0;NA;NA;"PIMPF12";"Oculta";"Macro"
"2550";"PIMPF12_QIBI12";13;769;"Inativa";"IBGE/PIM-PF antiga";"Produção";"Produção industrial - bens intermediários - quantum - índice (média 1991 = 100)";"Produção industrial de bens intermediários: índice de quantum (média 1991 = 100)";"Oculta";"Internet";0;0;0;NA;NA;"PIMPF12";"Oculta";"Macro"
"2551";"PIMPF12_QIBK12";23;526;"Inativa";"IBGE/PIM-PF antiga";"Produção";"Produção industrial - bens de capital - quantum - índice (média 1991 = 100)";"Produção industrial de bens de capital: índice de quantum(média 1991 = 100)";"Oculta";"Internet";40;0;0;NA;NA;"PIMPF12";"Oculta";"Macro"
"2552";"PIMPF12_QIBO12";2;1480;"Inativa";"IBGE/PIM-PF antiga";"Produção";"Produção industrial - borracha - quantum - índice (média 1991 = 100)";"Produção industrial de borracha: índice de quantum (média 1991 = 100)";"Não oculta";"Internet";0;0;0;NA;NA;"PIMPF12";"Internet";"Macro"
"2553";"PIMPF12_QICND12";5;1176;"Inativa";"IBGE/PIM-PF antiga";"Produção";"Produção industrial - bens de consumo não duráveis - quantum - índice (média 1991 = 100)";"Produção industrial de bens de consumo não duráveis: índice de quantum (média 1991 = 100)";"Oculta";"Internet";0;0;0;NA;NA;"PIMPF12";"Oculta";"Macro"
"2554";"PIMPF12_QIEM12";1;1628;"Inativa";"IBGE/PIM-PF antiga";"Produção";"Produção industrial - extrativa mineral - quantum - índice (média 1991 = 100)";"Produção industrial extrativa mineral: índice de quantum (média 1991 = 100)";"Oculta";"Internet";0;0;0;NA;NA;"PIMPF12";"Oculta";"Macro"
"2555";"PIMPF12_QIFA12";2;1480;"Inativa";"IBGE/PIM-PF antiga";"Produção";"Produção industrial - farmacêutica - quantum - índice (média 1991 = 100)";"Produção industrial farmacêutica: índice de quantum (média 1991 = 100)";"Oculta";"Internet";0;0;0;NA;NA;"PIMPF12";"Oculta";"Macro"
"2556";"PIMPF12_QIFU12";2;1480;"Inativa";"IBGE/PIM-PF antiga";"Produção";"Produção industrial - fumo - quantum - índice (média 1991 = 100)";"Produção industrial de fumo: índice de quantum (média 1991 = 100)";"Oculta";"Internet";0;0;0;NA;NA;"PIMPF12";"Oculta";"Macro"
"2557";"PIMPF12_QIIG12";51;251;"Inativa";"IBGE/PIM-PF antiga";"Produção";"Produção industrial - indústria geral - quantum - índice (média 1991 = 100)";"Produção industrial da indústria geral: índice de quantum (média 1991 = 100)";"Oculta";"Internet";0;0;0;NA;NA;"PIMPF12";"Oculta";"Macro"
"2558";"PIMPF12_QIIT12";4;1262;"Inativa";"IBGE/PIM-PF antiga";"Produção";"Produção industrial - indústria de transformação - quantum - índice (média 1991 = 100)";"Produção industrial da indústria de transformação: índice de quantum (média 1991 = 100)";"Oculta";"Internet";0;0;0;NA;NA;"PIMPF12";"Oculta";"Macro"
"2559";"PIMPF12_QIME12";NA;NA;"Inativa";"IBGE/PIM-PF antiga";"Produção";"Produção industrial - mecânica - quantum - índice (média 1991 = 100)";"Produção industrial mecânica: índice de quantum (média 1991 = 100)";"Não oculta";"Internet";0;0;0;NA;NA;"PIMPF12";"Internet";"Macro"
"2560";"PIMPF12_QIMEC12";2;1480;"Inativa";"IBGE/PIM-PF antiga";"Produção";"Produção industrial - material elétrico e de comunicação - quantum - índice (média 1991 = 100)";"Produção industrial de material elétrico e de comunicação: índice de quantum (média 1991 = 100)";"Não oculta";"Internet";0;0;0;NA;NA;"PIMPF12";"Internet";"Macro"
"2561";"PIMPF12_QIMET12";11;856;"Inativa";"IBGE/PIM-PF antiga";"Produção";"Produção industrial - metalúrgica - quantum - índice (média 1991 = 100)";"Produção industrial metalúrgica: índice de quantum (média 1991 = 100)";"Não oculta";"Internet";0;0;0;NA;NA;"PIMPF12";"Internet";"Macro"
"2562";"PIMPF12_QIMNM12";1;1628;"Inativa";"IBGE/PIM-PF antiga";"Produção";"Produção industrial - minerais não metálicos - quantum - índice (média 1991 = 100)";"Produção industrial de minerais não metálicos: índice de quantum (média 1991 = 100)";"Não oculta";"Internet";0;0;0;NA;NA;"PIMPF12";"Internet";"Macro"
"2563";"PIMPF12_QIMP12";NA;NA;"Inativa";"IBGE/PIM-PF antiga";"Produção";"Produção industrial - produtos de matéria plástica - quantum - índice (média 1991 = 100)";"Produção industrial de produtos de matéria plástica: índice de quantum (média 1991 = 100)";"Não oculta";"Internet";0;0;0;NA;NA;"PIMPF12";"Internet";"Macro"
"2564";"PIMPF12_QIMT12";NA;NA;"Inativa";"IBGE/PIM-PF antiga";"Produção";"Produção industrial - material de transporte - quantum - índice (média 1991 = 100)";"Produção industrial de material de transporte: índice de quantum (média 1991 = 100)";"Não oculta";"Internet";0;0;0;NA;NA;"PIMPF12";"Internet";"Macro"
"2565";"PIMPF12_QIPAL12";7;1050;"Inativa";"IBGE/PIM-PF antiga";"Produção";"Produção industrial - produtos alimentares - quantum - índice (média 1991 = 100)";"Produção industrial de produtos alimentares: índice de quantum (média 1991 = 100)";"Não oculta";"Internet";0;0;0;NA;NA;"PIMPF12";"Internet";"Macro"
"2566";"PIMPF12_QIPP12";6;1117;"Inativa";"IBGE/PIM-PF antiga";"Produção";"Produção industrial - papel e papelão - quantum - índice (média 1991 = 100)";"Produção industrial de papel e papelão: índice de quantum (média 1991 = 100)";"Não oculta";"Internet";0;0;0;NA;NA;"PIMPF12";"Internet";"Macro"
"2567";"PIMPF12_QIPSV12";1;1628;"Inativa";"IBGE/PIM-PF antiga";"Produção";"Produção industrial - perfumaria, sabões e velas - quantum - índice (média 1991 = 100)";"Produção industrial de perfumaria, sabões e velas: índice de quantum (média 1991 = 100)";"Não oculta";"Internet";0;0;0;NA;NA;"PIMPF12";"Internet";"Macro"
"2568";"PIMPF12_QIQI12";6;1117;"Inativa";"IBGE/PIM-PF antiga";"Produção";"Produção industrial - química - quantum - índice (média 1991 = 100)";"Produção industrial química: índice de quantum (média 1991 = 100)";"Não oculta";"Internet";0;0;0;NA;NA;"PIMPF12";"Internet";"Macro"
"2569";"PIMPF12_QITEX12";7;1050;"Inativa";"IBGE/PIM-PF antiga";"Produção";"Produção industrial - têxtil - quantum - índice (média 1991 = 100)";"Produção industrial têxtil: índice de quantum (média 1991 = 100)";"Oculta";"Internet";0;0;0;NA;NA;"PIMPF12";"Oculta";"Macro"
"2570";"PIMPF12_QIVCA12";4;1262;"Inativa";"IBGE/PIM-PF antiga";"Produção";"Produção industrial - vestuário, calçados e tecidos - quantum - índice (média 1991 = 100)";"Produção industrial de vestuário, calçados e tecidos: índice de quantum (média 1991 = 100)";"Não oculta";"Internet";0;0;0;NA;NA;"PIMPF12";"Internet";"Macro"
"2571";"PME12_POC12";8;996;"Inativa";"IBGE/PME antiga";"Emprego";"População ocupada - RMs - índice (média 1993 = 100)";"População ocupada nas RMs: índice (média 1993 = 100)";"Não oculta";"Internet";0;0;0;NA;"Gerada";"PME12";"Internet";"Macro"
"2572";"PME12_RMN12";76;162;"Inativa";"IBGE/PME antiga";"Salário e renda";"Rendimento médio do trabalho principal - RMs";"Rendimento médio do trabalho principal nas RMs";"Não oculta";"Internet";0;0;0;"Revisada em 31/jul/2001.";NA;"PME12";"Internet";"Macro"
"2573";"PME12_TDA12";603;21;"Inativa";"IBGE/PME antiga";"Emprego";"Taxa de desemprego - aberto - referência: 30 dias - RMs";"Taxa de desemprego aberto nas RMs (referência: 30 dias)";"Não oculta";"Internet";0;0;0;NA;NA;"PME12";"Internet";"Macro"
"2574";"PME12_TDESA12";140;79;"Inativa";"IBGE/PME antiga";"Emprego";"Taxa de desemprego - aberto - referência: semana - RMs";"Taxa de desemprego aberto nas RMs (referência: semana)";"Não oculta";"Internet";0;0;0;NA;NA;"PME12";"Internet";"Macro"
"2575";"DEPIS_BIRTHS";80;136;"Ativa";"IBGE/Pop";"População";"População - nascimentos";"População - nascimentos";"Não oculta";"Internet";120;0;0;"Revisada em 23/jul/2001. Revisada em 06 de novembro de 2013.";NA;"DEPIS";"Internet";"Macro"
"2576";"DEPIS_CV";191;53;"Inativa";"IBGE/Pop";"População";"População - crescimento vegetativo";"População - crescimento vegetativo";"Oculta";"Internet";120;0;0;"Revisada em 23/jul/2001. Revisada em 06 de novembro de 2013.";NA;"DEPIS";"Oculta";"Macro"
"2577";"DEPIS_DEATHS";47;256;"Ativa";"IBGE/Pop";"População";"População - mortes";"População - mortes";"Não oculta";"Internet";120;0;0;"Revisada em 23/jul/2001. Revisada em 06 de novembro de 2013.";NA;"DEPIS";"Internet";"Macro"
"2578";"DEPIS_MIGRANTS";30;386;"Ativa";"IBGE/Pop";"População";"População - migrantes";"População - migrantes";"Não oculta";"Internet";120;0;0;"Revisada em 23/jul/2001. Revisada em 06 de novembro de 2013.";NA;"DEPIS";"Internet";"Macro"
"2579";"DEPIS_POP";371;19;"Ativa";"IBGE/Pop";"População";"População residente";"População residente";"Não oculta";"Internet";3600;0;1;NA;NA;"DEPIS";"Internet";"Macro"
"2580";"PRECOS12_INPC12";313;28;"Ativa";"IBGE/SNIPC";"Preços";"INPC - geral - índice (dez. 1993 = 100)";"INPC - geral - índice (dez. 1993 = 100)";"Não oculta";"Internet";10;0;0;NA;"Geradora";"PRECOS12";"Internet";"Macro"
"2581";"PRECOS12_INPCBR12";1347;7;"Ativa";"IBGE/SNIPC";"Preços";"Inflação - INPC";"Inflação: INPC";"Não oculta";"Internet";10;0;0;NA;"Gerada";"PRECOS12";"Internet";"Macro"
"2582";"PRECOS12_IPCA12";1363;6;"Ativa";"IBGE/SNIPC";"Preços";"IPCA - geral - índice (dez. 1993 = 100)";"IPCA - geral - índice (dez. 1993 = 100)";"Não oculta";"Internet";40;0;0;NA;"Geradora";"PRECOS12";"Internet";"Macro"
"2583";"PRECOS12_INPCCO12";10;894;"Ativa";"IBGE/SNIPC";"Preços";"INPC - comunicação - var.";"INPC - comunicação - var.";"Não oculta";"Internet";10;0;0;NA;NA;"PRECOS12";"Internet";"Macro"
"2584";"PRECOS12_INPCED12";15;714;"Ativa";"IBGE/SNIPC";"Preços";"INPC - educação, leitura e papelaria - var.";"INPC - educação, leitura e papelaria - var.";"Não oculta";"Internet";10;0;0;NA;NA;"PRECOS12";"Internet";"Macro"
"2585";"PRECOS12_INPCAB12";70;179;"Ativa";"IBGE/SNIPC";"Preços";"INPC - alimentos e bebidas - var.";"INPC - alimentos e bebidas - var.";"Não oculta";"Internet";10;0;0;NA;NA;"PRECOS12";"Internet";"Macro"
"2586";"PRECOS12_INPCAR12";15;714;"Ativa";"IBGE/SNIPC";"Preços";"INPC - artigos de residência - var.";"INPC - artigos de residência - var.";"Não oculta";"Internet";10;0;0;NA;NA;"PRECOS12";"Internet";"Macro"
"2587";"PRECOS12_INPCCD12";12;812;"Ativa";"IBGE/SNIPC";"Preços";"INPC - despesas pessoais - var.";"INPC - despesas pessoais - var.";"Não oculta";"Internet";10;0;0;NA;NA;"PRECOS12";"Internet";"Macro"
"2588";"PRECOS12_INPCHA12";20;593;"Ativa";"IBGE/SNIPC";"Preços";"INPC - habitação - var.";"INPC - habitação - var.";"Não oculta";"Internet";10;0;0;NA;NA;"PRECOS12";"Internet";"Macro"
"2589";"PRECOS12_INPCSC12";28;441;"Ativa";"IBGE/SNIPC";"Preços";"INPC - saúde e cuidados pessoais - var.";"INPC - saúde e cuidados pessoais - var.";"Não oculta";"Internet";10;0;0;NA;NA;"PRECOS12";"Internet";"Macro"
"2590";"PRECOS12_INPCTC12";49;267;"Ativa";"IBGE/SNIPC";"Preços";"INPC - transportes - var.";"INPC - transportes - var.";"Não oculta";"Internet";10;0;0;NA;NA;"PRECOS12";"Internet";"Macro"
"2591";"PRECOS12_INPCVE12";21;569;"Ativa";"IBGE/SNIPC";"Preços";"INPC - vestuário - var.";"INPC - vestuário - var.";"Não oculta";"Internet";10;0;0;NA;NA;"PRECOS12";"Internet";"Macro"
"2592";"IBSES12_PLEVE12";5;1176;"Inativa";"IBS/ES";"Produção";"Produção - perfis leves - qde.";"Produção de perfis leves: quantidade";"Não oculta";"Internet";0;0;0;NA;NA;"IBSES12";"Internet";"Macro"
"2593";"IBSES12_PMEDIO12";2;1480;"Inativa";"IBS/ES";"Produção";"Produção - perfis médios e pesados - qde.";"Produção de perfis médios e pesados: quantidade";"Não oculta";"Internet";0;0;0;NA;NA;"IBSES12";"Internet";"Macro"
"2594";"IBSES12_VERG12";5;1176;"Inativa";"IBS/ES";"Produção";"Produção - vergalhões - qde.";"Produção de vergalhões: quantidade";"Não oculta";"Internet";0;0;0;NA;NA;"IBSES12";"Internet";"Macro"
"2595";"IBSIE12_QSCAB12";76;162;"Ativa";"IBS/IE";"Produção";"Produção - aço bruto";"Produção de aço bruto";"Não oculta";"Internet";20;0;0;NA;NA;"IBSIE12";"Internet";"Macro"
"2596";"IBSIE12_QSCFG12";37;351;"Ativa";"IBS/IE";"Produção";"Produção - ferro-gusa";"Produção de ferro-gusa";"Não oculta";"Internet";20;0;0;NA;NA;"IBSIE12";"Internet";"Macro"
"2597";"IBSIE12_QSCL12";15;714;"Ativa";"IBS/IE";"Produção";"Produção - laminados";"Produção de laminados";"Não oculta";"Internet";20;0;0;NA;NA;"IBSIE12";"Internet";"Macro"
"2598";"GAC_PIB";1951;2;"Inativa";"IPEA";"Contas nacionais";"PIB (preços 2013) - ref. 2000";"PIB (preços 2013) - referência 2000";"Não oculta";"Internet";360;1;1;NA;"Gerada/Geradora";"GAC";"Internet";"Macro"
"2599";"GAC12_TCRXM12";NA;NA;"Inativa";"IPEA";"Câmbio";"Taxa de paridade - R$ / US$ - IPA-IT - índice (dez. 1998 = 100)";"Taxa de paridade: real (R$) / dólar americano (US$) - IPA-IT - índice (dez. 1998 = 100)";"Oculta";"Internet";15;0;0;NA;NA;"GAC12";"Oculta";"Macro"
"2600";"GAC12_TCRXT12";NA;NA;"Inativa";"IPEA";"Câmbio";"Taxa de paridade - R$ / US$ - IPA-OG - índice (dez. 1998 = 100)";"Taxa de paridade: real (R$) / dólar americano (US$) - IPA-OG - índice (dez. 1998 = 100)";"Oculta";"Internet";15;0;0;NA;NA;"GAC12";"Oculta";"Macro"
"2601";"GAC12_TCERXM12";71;175;"Ativa";"IPEA";"Câmbio";"Taxa de câmbio - efetiva real - IPA-OG-IT - exportações - manufaturados - índice (média 2010 = 100)";"Taxa de câmbio - efetiva real - IPA-OG-IT - exportações - manufaturados - índice (média 2010 = 100)";"Não oculta";"Internet";120;1;0;"Revisada em 11/nov/2015.";"Gerada";"GAC12";"Internet";"Macro"
"2602";"GAC12_TCERXT12";216;45;"Ativa";"IPEA";"Câmbio";"Taxa de câmbio - efetiva real - IPA-EP-DI - exportações - índice (média 2010 = 100)";"Taxa de câmbio - efetiva real - IPA-EP-DI - exportações - índice (média 2010 = 100)";"Não oculta";"Internet";120;1;0;"Revisada em 11/nov/2015.";"Gerada";"GAC12";"Internet";"Macro"
"2603";"Gac4_FBKFPIB804";NA;NA;"Inativa";"IPEA";"Contas nacionais";"Taxa de investimento (preços 1980)";"Taxa de investimento (preços 1980)";"Oculta";"Internet";180;0;0;NA;NA;"Gac4";"Oculta";"Macro"
"2604";"SCN4_FBKFPIB904";111;17;"Inativa";"IBGE/SCN 2000 Trim.";"Contas nacionais";"Taxa de investimento (preços 2006) - ref. 2000";"Taxa de investimento (preços 2006) - referência 2000";"Não oculta";"Internet";90;1;0;"Incluída em 03 / maio / 2007.";"Gerada";"SCN4";"Internet";"Macro"
"2605";"Gac4_FBKF804";36;62;"Inativa";"IPEA";"Contas nacionais";"Capital fixo - formação bruta - índice real (média 1980 = 100)";"Formação bruta de capital fixo: índice real (média 1980 = 100)";"Oculta";"Internet";180;0;0;NA;NA;"Gac4";"Oculta";"Macro"
"2606";"GAMMA_EBWG";NA;NA;"Inativa";"IPEA";"Estoque de capital";"Riqueza - estoque bruto - público";"Estoque bruto de riqueza público a preços constantes de 1995";"Oculta";"Internet";360;0;0;NA;NA;"GAMMA";"Oculta";"Macro"
"2607";"GAMMA_EBWP";NA;NA;"Inativa";"IPEA";"Estoque de capital";"Riqueza - estoque bruto - privado";"Estoque bruto de riqueza privado a preços constantes de 1995";"Oculta";"Internet";360;0;0;NA;NA;"GAMMA";"Oculta";"Macro"
"2608";"GAMMA_ELWG";NA;NA;"Inativa";"IPEA";"Estoque de capital";"Riqueza - estoque líquido - público";"Estoque líquido de riqueza público a preços constantes de 1995";"Oculta";"Internet";360;0;0;NA;NA;"GAMMA";"Oculta";"Macro"
"2609";"GAMMA_ELWP";NA;NA;"Inativa";"IPEA";"Estoque de capital";"Riqueza - estoque líquido - privado";"Estoque líquido de riqueza privado a preços constantes de 1995";"Oculta";"Internet";360;0;0;NA;NA;"GAMMA";"Oculta";"Macro"
"2610";"GAMMA_IMPINAN";4;1216;"Inativa";"IPEA";"Finanças públicas";"Imposto inflacionário - método 1A";"Imposto inflacionário - método 1A";"Não oculta";"Internet";360;0;0;NA;"Gerada";"GAMMA";"Internet";"Macro"
"2611";"GAMMA_IMPINAR";NA;NA;"Inativa";"IPEA";"Finanças públicas";"Imposto inflacionário - real - método 1A";"Imposto inflacionário - real - método 1A";"Não oculta";"Internet";360;0;0;NA;"Gerada";"GAMMA";"Internet";"Macro"
"2612";"GAMMA_IMPINBN";1;1606;"Inativa";"IPEA";"Finanças públicas";"Imposto inflacionário - método 1B";"Imposto inflacionário - método 1B";"Não oculta";"Internet";360;0;0;NA;"Gerada";"GAMMA";"Internet";"Macro"
"2613";"GAMMA_IMPINBR";NA;NA;"Inativa";"IPEA";"Finanças públicas";"Imposto inflacionário - real - método 1B";"Imposto inflacionário - real - método 1B";"Não oculta";"Internet";360;0;0;NA;"Gerada";"GAMMA";"Internet";"Macro"
"2614";"GAMMA_IMPINCN";NA;NA;"Inativa";"IPEA";"Finanças públicas";"Imposto inflacionário - método 2A";"Imposto inflacionário - método 2A";"Não oculta";"Internet";360;0;0;NA;"Gerada";"GAMMA";"Internet";"Macro"
"2615";"GAMMA_IMPINCR";NA;NA;"Inativa";"IPEA";"Finanças públicas";"Imposto inflacionário - real - método 2A";"Imposto inflacionário - real - método 2A";"Não oculta";"Internet";360;0;0;NA;"Gerada";"GAMMA";"Internet";"Macro"
"2616";"GAMMA_IMPINDR";NA;NA;"Inativa";"IPEA";"Finanças públicas";"Imposto inflacionário - real - método 2B";"Imposto inflacionário - real - método 2B";"Não oculta";"Internet";360;0;0;NA;"Gerada";"GAMMA";"Internet";"Macro"
"2617";"GAMMA_PIBE";NA;NA;"Inativa";"IPEA";"Contas nacionais";"PIB - preços de mercado - índice encadeado (média 1990 = 100)";"Produto interno bruto (PIB) a preços de mercado: índice encadeado (média 1990 = 100)";"Não oculta";"Intranet";360;0;0;NA;NA;"GAMMA";"Intranet";"Macro"
"2618";"GAMMA_TLBINP";NA;NA;"Inativa";"IPEA";"Comércio exterior";"Importações - tarifa - alíquota legal - bens intermediários - exceto petróleo";"Importações - tarifa - alíquota legal - bens intermediários - exceto petróleo";"Oculta";"Internet";360;0;0;NA;NA;"GAMMA";"Oculta";"Macro"
"2619";"GAMMA_ELAUT";NA;NA;"Inativa";"IPEA";"Estoque de capital";"Automóveis - estoque líquido - privado";"Estoque líquido de automóveis - privado a preços constantes de 1995";"Oculta";"Internet";360;0;0;NA;NA;"GAMMA";"Oculta";"Macro"
"2620";"GAMMA_EBAUT";NA;NA;"Inativa";"IPEA";"Estoque de capital";"Automóveis - estoque bruto - privado";"Estoque bruto de automóveis - privado a preços constantes de 1995";"Oculta";"Internet";360;0;0;NA;NA;"GAMMA";"Oculta";"Macro"
"2621";"GAMMA_TLBK";14;680;"Inativa";"IPEA";"Comércio exterior";"Importações - tarifa - alíquota legal - bens de capital";"Importações - tarifa - alíquota legal - bens de capital";"Não oculta";"Internet";360;0;0;NA;NA;"GAMMA";"Internet";"Macro"
"2622";"GAMMA_ELELTR";NA;NA;"Inativa";"IPEA";"Estoque de capital";"Eletrodomésticos - estoque líquido - privado";"Estoque líquido de eletrodomésticos - privado a preços constantes de 1995";"Oculta";"Intranet";360;0;0;NA;NA;"GAMMA";"Oculta";"Macro"
"2623";"GAMMA_EBELTR";NA;NA;"Inativa";"IPEA";"Estoque de capital";"Eletrodomésticos - estoque bruto - privado";"Estoque bruto de eletrodomésticos - privado a preços constantes de 1995";"Oculta";"Intranet";360;0;0;NA;NA;"GAMMA";"Oculta";"Macro"
"2624";"GAMMA_TLBC";15;639;"Inativa";"IPEA";"Comércio exterior";"Importações - tarifa - alíquota legal - bens de consumo";"Importações - tarifa - alíquota legal - bens de consumo";"Não oculta";"Internet";360;0;0;NA;NA;"GAMMA";"Internet";"Macro"
"2625";"GAMMA_TL";24;457;"Inativa";"IPEA";"Comércio exterior";"Importações - tarifa - alíquota legal";"Importações - tarifa - alíquota legal";"Não oculta";"Internet";360;0;0;NA;NA;"GAMMA";"Internet";"Macro"
"2626";"GAMMA12_FBKF12";NA;NA;"Inativa";"IPEA";"Contas nacionais";"Capital fixo - formação bruta";"Formação bruta de capital fixo a preços constantes de 1980";"Não oculta";"Intranet";360;0;0;NA;NA;"GAMMA12";"Intranet";"Macro"
"2627";"GAMMA12_FBKFC12";NA;NA;"Inativa";"IPEA";"Contas nacionais";"Capital fixo - formação bruta - construção";"Formação bruta de capital fixo - construção a preços constantes de 1980";"Não oculta";"Intranet";360;0;0;NA;NA;"GAMMA12";"Intranet";"Macro"
"2628";"GAMMA12_FBKFCN12";NA;NA;"Inativa";"IPEA";"Contas nacionais";"Capital fixo - formação bruta - construção";"Formação bruta de capital fixo - construção";"Não oculta";"Intranet";360;0;0;NA;NA;"GAMMA12";"Intranet";"Macro"
"2629";"GAMMA12_FBKFM12";NA;NA;"Inativa";"IPEA";"Contas nacionais";"Capital fixo - formação bruta - máquinas e equipamentos";"Formação bruta de capital fixo - máquinas e equipamentos a preços constantes de 1980";"Não oculta";"Intranet";360;0;0;NA;NA;"GAMMA12";"Intranet";"Macro"
"2630";"GAMMA12_FBKFMN12";NA;NA;"Inativa";"IPEA";"Contas nacionais";"Capital fixo - formação bruta - máquinas e equipamentos";"Formação bruta de capital fixo - máquinas e equipamentos";"Não oculta";"Intranet";360;0;0;NA;NA;"GAMMA12";"Intranet";"Macro"
"2631";"GAMMA12_FBKFN12";NA;NA;"Inativa";"IPEA";"Contas nacionais";"Capital fixo - formação bruta";"Formação bruta de capital fixo";"Não oculta";"Intranet";360;0;0;NA;NA;"GAMMA12";"Intranet";"Macro"
"2632";"GAMMA12_FBKFO12";NA;NA;"Inativa";"IPEA";"Contas nacionais";"Capital fixo - formação bruta - outros";"Formação bruta de capital fixo - outros a preços constantes de 1980";"Não oculta";"Intranet";360;0;0;NA;NA;"GAMMA12";"Intranet";"Macro"
"2633";"GAMMA12_FBKFON12";NA;NA;"Inativa";"IPEA";"Contas nacionais";"Capital fixo - formação bruta - outros";"Formação bruta de capital fixo - outros";"Não oculta";"Intranet";360;0;0;NA;NA;"GAMMA12";"Intranet";"Macro"
"2634";"GAMMA12_PIBE12";NA;NA;"Inativa";"IPEA";"Contas nacionais";"PIB - preços de mercado - índice encadeado (média 1990 = 100)";"Produto interno bruto (PIB) a preços de mercado: índice encadeado (média 1990 = 100)";"Oculta";"Internet";360;0;0;NA;NA;"GAMMA12";"Oculta";"Macro"
"2635";"GAMMA12_IMPINDR12";2;1480;"Inativa";"IPEA";"Finanças públicas";"Imposto inflacionário - real - método 2B";"Imposto inflacionário - real - método 2B";"Não oculta";"Internet";360;0;0;NA;"Gerada/Geradora";"GAMMA12";"Internet";"Macro"
"2636";"GAMMA12_IMPINCR12";4;1262;"Inativa";"IPEA";"Finanças públicas";"Imposto inflacionário - real - método 2A";"Imposto inflacionário - real - método 2A";"Não oculta";"Internet";360;0;0;NA;"Gerada/Geradora";"GAMMA12";"Internet";"Macro"
"2637";"GAMMA12_IMPINBR12";NA;NA;"Inativa";"IPEA";"Finanças públicas";"Imposto inflacionário - real - método 1B";"Imposto inflacionário - real - método 1B";"Não oculta";"Internet";360;0;0;NA;"Gerada/Geradora";"GAMMA12";"Internet";"Macro"
"2638";"GAMMA12_IMPINCN12";NA;NA;"Inativa";"IPEA";"Finanças públicas";"Imposto inflacionário - método 2A";"Imposto inflacionário - método 2A";"Não oculta";"Internet";360;0;0;NA;"Gerada/Geradora";"GAMMA12";"Internet";"Macro"
"2639";"GAMMA12_IMPINBN12";4;1262;"Inativa";"IPEA";"Finanças públicas";"Imposto inflacionário - método 1B";"Imposto inflacionário - método 1B";"Não oculta";"Internet";360;0;0;NA;"Gerada/Geradora";"GAMMA12";"Internet";"Macro"
"2640";"GAMMA12_IMPINAR12";2;1480;"Inativa";"IPEA";"Finanças públicas";"Imposto inflacionário - real - método 1A";"Imposto inflacionário - real - método 1A";"Não oculta";"Internet";360;0;0;NA;"Gerada/Geradora";"GAMMA12";"Internet";"Macro"
"2641";"GAMMA12_IMPINAN12";15;714;"Inativa";"IPEA";"Finanças públicas";"Imposto inflacionário - método 1A";"Imposto inflacionário - método 1A";"Não oculta";"Internet";360;0;0;NA;"Gerada/Geradora";"GAMMA12";"Internet";"Macro"
"2642";"GAMMA4_DIFBKC4";NA;NA;"Inativa";"IPEA";"Contas nacionais";"Capital fixo - formação bruta - construção - deflator implícito - índice (média 1980 = 100)";"Formação bruta de capital fixo - construção - deflator implícito - índice (média 1980 = 100)";"Não oculta";"Intranet";360;0;0;NA;NA;"GAMMA4";"Intranet";"Macro"
"2643";"GAMMA4_DIFBKF4";NA;NA;"Inativa";"IPEA";"Contas nacionais";"Capital fixo - formação bruta - deflator implícito - índice (média 1980 = 100)";"Formação bruta de capital fixo - deflator implícito - índice (média 1980 = 100)";"Não oculta";"Intranet";360;0;0;NA;NA;"GAMMA4";"Intranet";"Macro"
"2644";"GAMMA4_DIFBKM4";NA;NA;"Inativa";"IPEA";"Contas nacionais";"Capital fixo - formação bruta - máq e equipamentos - deflator implícito - índice (média 1980 = 100)";"Formação bruta de capital fixo - máquinas e equipamentos - deflator implícito - índice (média 1980 = 100)";"Não oculta";"Intranet";360;0;0;NA;NA;"GAMMA4";"Intranet";"Macro"
"2645";"GAMMA4_DIFBKO4";NA;NA;"Inativa";"IPEA";"Contas nacionais";"Capital fixo - formação bruta - outros - deflator implícito - índice (média 1980 = 100)";"Formação bruta de capital fixo - outros - deflator implícito - índice (média 1980 = 100)";"Não oculta";"Intranet";360;0;0;NA;NA;"GAMMA4";"Intranet";"Macro"
"2646";"GAMMA4_FBKF4";NA;NA;"Inativa";"IPEA";"Contas nacionais";"Capital fixo - formação bruta";"Formação bruta de capital fixo a preços constantes de 1980";"Não oculta";"Intranet";360;0;0;NA;NA;"GAMMA4";"Intranet";"Macro"
"2647";"GAMMA4_FBKFC4";NA;NA;"Inativa";"IPEA";"Contas nacionais";"Capital fixo - formação bruta - construção";"Formação bruta de capital fixo - construção a preços constantes de 1980";"Não oculta";"Intranet";360;0;0;NA;NA;"GAMMA4";"Intranet";"Macro"
"2648";"GAMMA4_FBKFCN4";NA;NA;"Inativa";"IPEA";"Contas nacionais";"Capital fixo - formação bruta - construção";"Formação bruta de capital fixo - construção";"Não oculta";"Intranet";360;0;0;NA;NA;"GAMMA4";"Intranet";"Macro"
"2649";"GAMMA4_FBKFM4";NA;NA;"Inativa";"IPEA";"Contas nacionais";"Capital fixo - formação bruta - máquinas e equipamentos";"Formação bruta de capital fixo - máquinas e equipamentos a preços constantes de 1980";"Não oculta";"Intranet";360;0;0;NA;NA;"GAMMA4";"Intranet";"Macro"
"2650";"GAMMA4_FBKFMD4";NA;NA;"Inativa";"IPEA";"Contas nacionais";"Capital fixo - formação bruta - máquinas e equipamentos domésticos";"Formação bruta de capital fixo - máquinas e equipamentos domésticos a preços constantes de 1980";"Não oculta";"Intranet";360;0;0;NA;NA;"GAMMA4";"Intranet";"Macro"
"2651";"GAMMA4_FBKFMN4";NA;NA;"Inativa";"IPEA";"Contas nacionais";"Capital fixo - formação bruta - máquinas e equipamentos";"Formação bruta de capital fixo - máquinas e equipamentos";"Não oculta";"Intranet";360;0;0;NA;NA;"GAMMA4";"Intranet";"Macro"
"2652";"GAMMA4_FBKFN4";NA;NA;"Inativa";"IPEA";"Contas nacionais";"Capital fixo - formação bruta";"Formação bruta de capital fixo";"Não oculta";"Intranet";360;0;0;NA;NA;"GAMMA4";"Intranet";"Macro"
"2653";"GAMMA4_FBKFO4";NA;NA;"Inativa";"IPEA";"Contas nacionais";"Capital fixo - formação bruta - outros";"Formação bruta de capital fixo - outros a preços constantes de 1980";"Não oculta";"Intranet";360;0;0;NA;NA;"GAMMA4";"Intranet";"Macro"
"2654";"GAMMA4_FBKFON4";NA;NA;"Inativa";"IPEA";"Contas nacionais";"Capital fixo - formação bruta - outros";"Formação bruta de capital fixo - outros";"Não oculta";"Intranet";360;0;0;NA;NA;"GAMMA4";"Intranet";"Macro"
"2655";"GAMMA4_PIBE4";NA;NA;"Inativa";"IPEA";"Contas nacionais";"PIB - preços de mercado - índice encadeado (média 1990 = 100)";"Produto interno bruto (PIB) a preços de mercado: índice encadeado (média 1990 = 100)";"Oculta";"Internet";360;0;0;NA;"Gerada";"GAMMA4";"Oculta";"Macro"
"2656";"GAMMA4_PIBN4";NA;NA;"Inativa";"IPEA";"Contas nacionais";"PIB";"Produto interno bruto (PIB)";"Oculta";"Internet";360;0;0;NA;NA;"GAMMA4";"Oculta";"Macro"
"2657";"GAMMA4_IMPINAN4";NA;NA;"Inativa";"IPEA";"Finanças públicas";"Imposto inflacionário - método 1A";"Imposto inflacionário - método 1A";"Não oculta";"Internet";360;0;0;NA;"Gerada";"GAMMA4";"Internet";"Macro"
"2658";"GAMMA4_IMPINBN4";NA;NA;"Inativa";"IPEA";"Finanças públicas";"Imposto inflacionário - método 1B";"Imposto inflacionário - método 1B";"Não oculta";"Internet";360;0;0;NA;"Gerada";"GAMMA4";"Internet";"Macro"
"2659";"GAMMA4_IMPINCN4";NA;NA;"Inativa";"IPEA";"Finanças públicas";"Imposto inflacionário - método 2A";"Imposto inflacionário - método 2A";"Não oculta";"Internet";360;0;0;NA;"Gerada";"GAMMA4";"Internet";"Macro"
"2660";"GAMMA4_IMPINAR4";NA;NA;"Inativa";"IPEA";"Finanças públicas";"Imposto inflacionário - real - método 1A";"Imposto inflacionário - real - método 1A";"Não oculta";"Internet";360;0;0;NA;"Gerada";"GAMMA4";"Internet";"Macro"
"2661";"GAMMA4_IMPINBR4";NA;NA;"Inativa";"IPEA";"Finanças públicas";"Imposto inflacionário - real - método 1B";"Imposto inflacionário - real - método 1B";"Não oculta";"Internet";360;0;0;NA;"Gerada";"GAMMA4";"Internet";"Macro"
"2662";"GAMMA4_IMPINCR4";NA;NA;"Inativa";"IPEA";"Finanças públicas";"Imposto inflacionário - real - método 2A";"Imposto inflacionário - real - método 2A";"Não oculta";"Internet";360;0;0;NA;"Gerada";"GAMMA4";"Internet";"Macro"
"2663";"GAMMA4_IMPINDR4";NA;NA;"Inativa";"IPEA";"Finanças públicas";"Imposto inflacionário - real - método 2B";"Imposto inflacionário - real - método 2B";"Não oculta";"Internet";360;0;0;NA;"Gerada";"GAMMA4";"Internet";"Macro"
"2664";"GEPS_BENPREV";117;93;"Inativa";"IPEA";"População";"Beneficiários - previdência social";"Beneficiários da previdência social";"Oculta";"Internet";360;0;0;NA;NA;"GEPS";"Oculta";"Macro"
"2665";"GEPS_CONTPREV";84;128;"Inativa";"IPEA";"População";"Contribuintes - previdência social";"Contribuintes da previdência social";"Oculta";"Internet";360;0;0;NA;NA;"GEPS";"Oculta";"Macro"
"2666";"GEPS_PEAURB";459;11;"Inativa";"IPEA";"Emprego";"População economicamente ativa (PEA) - urbana";"População economicamente ativa (PEA) - urbana";"Oculta";"Internet";360;0;0;NA;NA;"GEPS";"Oculta";"Macro"
"2667";"LINK_ACUCARG";23;471;"Inativa";NA;"Projeções";"Commodities - açúcar - cotação internacional em US$ - projeção - var. anual";"Commodities - açúcar - cotação internacional em US$ - projeção - var. anual";"Oculta";"Internet";90;0;0;"Revisada em 24/abr/2002.";NA;"LINK";"Oculta";"Macro"
"2668";"LINK_ALECAMB";9;871;"Inativa";NA;"Projeções";"taxa de câmbio - nominal - marco alemão / US$ - projeção";"taxa de câmbio nominal: marco alemão (DM) / dólar americano (US$) - projeção";"Oculta";"Internet";90;0;0;"Revisada em 24/abr/2002.";NA;"LINK";"Oculta";"Macro"
"2669";"LINK_ALGODAOG";3;1315;"Inativa";NA;"Projeções";"Commodities - algodão - cotação internacional em US$ - projeção - var. anual";"Commodities - algodão - cotação internacional em US$ - projeção - var. anual";"Oculta";"Internet";90;0;0;"Revisada em 24/abr/2002.";NA;"LINK";"Oculta";"Macro"
"2670";"LINK_ALUMG";7;991;"Inativa";NA;"Projeções";"Commodities - alumínio - cotação internacional em US$ - projeção - var. anual";"Commodities - alumínio - cotação internacional em US$ - projeção - var. anual";"Oculta";"Internet";90;0;0;"Revisada em 24/abr/2002.";NA;"LINK";"Oculta";"Macro"
"2671";"LINK_ARROZG";3;1315;"Inativa";NA;"Projeções";"Commodities - arroz - cotação internacional em US$ - projeção - var. anual";"Commodities - arroz - cotação internacional em US$ - projeção - var. anual";"Oculta";"Internet";90;0;0;"Revisada em 24/abr/2002.";NA;"LINK";"Oculta";"Macro"
"2672";"LINK_ASIABCV";1;1606;"Inativa";NA;"Projeções";"balança comercial - projeção";"balança comercial - projeção";"Oculta";"Internet";90;0;0;"Revisada em 24/abr/2002.";NA;"LINK";"Oculta";"Macro"
"2673";"LINK_ASIAMV";NA;NA;"Inativa";NA;"Projeções";"importações - projeção - var. real anual";"importações - projeção - var. real anual";"Oculta";"Internet";90;0;0;"Revisada em 24/abr/2002.";NA;"LINK";"Oculta";"Macro"
"2674";"LINK_ASIAPIBG";5;1138;"Inativa";NA;"Projeções";"PIB - projeção - var. real anual";"Produto interno bruto (PIB): projeção da variação real anual";"Oculta";"Internet";90;0;0;"Revisada em 24/abr/2002.";NA;"LINK";"Oculta";"Macro"
"2675";"LINK_ASIAXV";NA;NA;"Inativa";NA;"Projeções";"exportações - projeção - var. real anual";"exportações - projeção - var. real anual";"Oculta";"Internet";90;0;0;"Revisada em 24/abr/2002.";NA;"LINK";"Oculta";"Macro"
"2676";"LINK_CACAUG";5;1138;"Inativa";NA;"Projeções";"Commodities - cacau - cotação internacional em US$ - projeção - var. anual";"Commodities - cacau - cotação internacional em US$ - projeção - var. anual";"Oculta";"Internet";90;0;0;"Revisada em 24/abr/2002.";NA;"LINK";"Oculta";"Macro"
"2677";"LINK_CAFEG";9;871;"Inativa";NA;"Projeções";"Commodities - café - cotação internacional em US$ - projeção - var. anual";"Commodities - café - cotação internacional em US$ - projeção - var. anual";"Oculta";"Internet";90;0;0;"Revisada em 24/abr/2002.";NA;"LINK";"Oculta";"Macro"
"2678";"LINK_CARNEG";6;1048;"Inativa";NA;"Projeções";"Commodities - carne - cotação internacional em US$ - projeção - var. anual";"Commodities - carne - cotação internacional em US$ - projeção - var. anual";"Oculta";"Internet";90;0;0;"Revisada em 24/abr/2002.";NA;"LINK";"Oculta";"Macro"
"2679";"LINK_CELULG";19;538;"Inativa";NA;"Projeções";"Commodities - celulose - cotação internacional em US$ - projeção - var. anual";"Commodities - celulose - cotação internacional em US$ - projeção - var. anual";"Oculta";"Internet";90;0;0;"Revisada em 24/abr/2002.";NA;"LINK";"Oculta";"Macro"
"2680";"LINK_CHIBCV";29;401;"Inativa";NA;"Projeções";"balança comercial - projeção";"balança comercial - projeção";"Oculta";"Internet";90;0;0;"Revisada em 24/abr/2002.";NA;"LINK";"Oculta";"Macro"
"2681";"LINK_CHIMV";12;739;"Inativa";NA;"Projeções";"importações - projeção";"importações - projeção";"Oculta";"Internet";90;0;0;"Revisada em 24/abr/2002.";NA;"LINK";"Oculta";"Macro"
"2682";"LINK_CHIPIBG";40;293;"Inativa";NA;"Projeções";"PIB - projeção - var. real anual";"Produto interno bruto (PIB): projeção da variação real anual";"Oculta";"Internet";90;0;0;"Revisada em 24/abr/2002.";NA;"LINK";"Oculta";"Macro"
"2683";"LINK_CHIXV";23;471;"Inativa";NA;"Projeções";"exportações - projeção";"exportações - projeção";"Oculta";"Internet";90;0;0;"Revisada em 24/abr/2002.";NA;"LINK";"Oculta";"Macro"
"2684";"LINK_FUMOG";3;1315;"Inativa";NA;"Projeções";"Commodities - fumo - cotação internacional em US$ - projeção - var. anual";"Commodities - fumo - cotação internacional em US$ - projeção - var. anual";"Oculta";"Internet";90;0;0;"Revisada em 24/abr/2002.";NA;"LINK";"Oculta";"Macro"
"2685";"LINK_JAXV";2;1445;"Inativa";NA;"Projeções";"exportações - projeção";"exportações - projeção";"Oculta";"Internet";90;0;0;"Revisada em 24/abr/2002.";NA;"LINK";"Oculta";"Macro"
"2686";"LINK_JPBCV";4;1216;"Inativa";NA;"Projeções";"balança comercial - projeção";"balança comercial - projeção";"Oculta";"Internet";90;0;0;"Revisada em 24/abr/2002.";NA;"LINK";"Oculta";"Macro"
"2687";"LINK_JPCAMB";8;932;"Inativa";NA;"Projeções";"taxa de câmbio - nominal - iene japonês / US$ - projeção";"taxa de câmbio nominal: iene japonês (¥) / dólar americano (US$) - projeção";"Oculta";"Internet";90;0;0;"Revisada em 24/abr/2002.";NA;"LINK";"Oculta";"Macro"
"2688";"LINK_JPCPDG";NA;NA;"Inativa";NA;"Projeções";"consumo privado - deflator - projeção - var. anual";"consumo privado - deflator - projeção - var. anual";"Oculta";"Internet";90;0;0;"Revisada em 24/abr/2002.";NA;"LINK";"Oculta";"Macro"
"2689";"LINK_JPJC";2;1445;"Inativa";NA;"Projeções";"taxa de juros - curto prazo - projeção";"taxa de juros - curto prazo - projeção";"Oculta";"Internet";90;0;0;"Revisada em 24/abr/2002.";NA;"LINK";"Oculta";"Macro"
"2690";"LINK_JPMV";2;1445;"Inativa";NA;"Projeções";"importações - projeção";"importações - projeção";"Oculta";"Internet";90;0;0;"Revisada em 24/abr/2002.";NA;"LINK";"Oculta";"Macro"
"2691";"LINK_JPPIBG";9;871;"Inativa";NA;"Projeções";"PIB - projeção - var. real anual";"Produto interno bruto (PIB): projeção da variação real anual";"Oculta";"Internet";90;0;0;"Revisada em 24/abr/2002.";NA;"LINK";"Oculta";"Macro"
"2692";"LINK_LATBCV";4;1216;"Inativa";NA;"Projeções";"balança comercial - projeção";"balança comercial - projeção";"Oculta";"Internet";90;0;0;"Revisada em 24/abr/2002.";NA;"LINK";"Oculta";"Macro"
"2693";"LINK_LATMV";1;1606;"Inativa";NA;"Projeções";"importações - projeção - var. real anual";"importações - projeção - var. real anual";"Oculta";"Internet";90;0;0;"Revisada em 24/abr/2002.";NA;"LINK";"Oculta";"Macro"
"2694";"LINK_LATPIBG";14;680;"Inativa";NA;"Projeções";"PIB - projeção - var. real anual";"Produto interno bruto (PIB): projeção da variação real anual";"Oculta";"Internet";90;0;0;"Revisada em 24/abr/2002.";NA;"LINK";"Oculta";"Macro"
"2695";"LINK_LATXV";3;1315;"Inativa";NA;"Projeções";"exportações - projeção - var. real anual";"exportações - projeção - var. real anual";"Oculta";"Internet";90;0;0;"Revisada em 24/abr/2002.";NA;"LINK";"Oculta";"Macro"
"2696";"LINK_LEBCV";1;1606;"Inativa";NA;"Projeções";"balança comercial - projeção";"balança comercial - projeção";"Oculta";"Internet";90;0;0;"Revisada em 24/abr/2002.";NA;"LINK";"Oculta";"Macro"
"2697";"LINK_LEMV";NA;NA;"Inativa";NA;"Projeções";"importações - projeção";"importações - projeção";"Oculta";"Internet";90;0;0;"Revisada em 24/abr/2002.";NA;"LINK";"Oculta";"Macro"
"2698";"LINK_LEPIBG";4;1216;"Inativa";NA;"Projeções";"PIB - projeção - var. real anual";"Produto interno bruto (PIB): projeção da variação real anual";"Oculta";"Internet";90;0;0;"Revisada em 24/abr/2002.";NA;"LINK";"Oculta";"Macro"
"2699";"LINK_LEXV";NA;NA;"Inativa";NA;"Projeções";"exportações - projeção";"exportações - projeção";"Oculta";"Internet";90;0;0;"Revisada em 24/abr/2002.";NA;"LINK";"Oculta";"Macro"
"2700";"LINK_MILHOG";12;739;"Inativa";NA;"Projeções";"Commodities - milho - cotação internacional em US$ - projeção - var. anual";"Commodities - milho - cotação internacional em US$ - projeção - var. anual";"Oculta";"Internet";90;0;0;"Revisada em 24/abr/2002.";NA;"LINK";"Oculta";"Macro"
"2701";"LINK_MINFERRG";17;594;"Inativa";NA;"Projeções";"Commodities - minério de ferro - cotação internacional em US$ - projeção - var. anual";"Commodities - minério de ferro - cotação internacional em US$ - projeção - var. anual";"Oculta";"Internet";90;0;0;"Revisada em 24/abr/2002.";NA;"LINK";"Oculta";"Macro"
"2702";"LINK_OCDBCV";2;1445;"Inativa";NA;"Projeções";"balança comercial - projeção";"balança comercial - projeção";"Oculta";"Internet";90;0;0;"Revisada em 24/abr/2002.";NA;"LINK";"Oculta";"Macro"
"2703";"LINK_OCDCPDG";NA;NA;"Inativa";NA;"Projeções";"consumo privado - deflator - projeção - var. anual";"consumo privado - deflator - projeção - var. anual";"Oculta";"Internet";90;0;0;"Revisada em 24/abr/2002.";NA;"LINK";"Oculta";"Macro"
"2704";"LINK_OCDMV";1;1606;"Inativa";NA;"Projeções";"importações - projeção - var. real anual";"importações - projeção - var. real anual";"Oculta";"Internet";90;0;0;"Revisada em 24/abr/2002.";NA;"LINK";"Oculta";"Macro"
"2705";"LINK_OCDPIBG";23;471;"Inativa";NA;"Projeções";"PIB - projeção - var. real anual";"Produto interno bruto (PIB): projeção da variação real anual";"Oculta";"Internet";90;0;0;"Revisada em 24/abr/2002.";NA;"LINK";"Oculta";"Macro"
"2706";"LINK_OCDXV";3;1315;"Inativa";NA;"Projeções";"exportações - projeção - var. real anual";"exportações - projeção - var. real anual";"Oculta";"Internet";90;0;0;"Revisada em 24/abr/2002.";NA;"LINK";"Oculta";"Macro"
"2707";"LINK_PEDBCV";4;1216;"Inativa";NA;"Projeções";"balança comercial - projeção";"balança comercial - projeção";"Oculta";"Internet";90;0;0;"Revisada em 24/abr/2002.";NA;"LINK";"Oculta";"Macro"
"2708";"LINK_PEDMV";1;1606;"Inativa";NA;"Projeções";"importações - projeção - var. real anual";"importações - projeção - var. real anual";"Oculta";"Internet";90;0;0;"Revisada em 24/abr/2002.";NA;"LINK";"Oculta";"Macro"
"2709";"LINK_PEDPIBG";19;538;"Inativa";NA;"Projeções";"PIB - projeção - var. real anual";"Produto interno bruto (PIB): projeção da variação real anual";"Oculta";"Internet";90;0;0;"Revisada em 24/abr/2002.";NA;"LINK";"Oculta";"Macro"
"2710";"LINK_PEDXV";1;1606;"Inativa";NA;"Projeções";"exportações - projeção - var. real anual";"exportações - projeção - var. real anual";"Oculta";"Internet";90;0;0;"Revisada em 24/abr/2002.";NA;"LINK";"Oculta";"Macro"
"2711";"LINK_PETROLOG";38;308;"Inativa";NA;"Projeções";"Commodities - petróleo - cotação internacional em US$ - projeção - var. anual";"Commodities - petróleo - cotação internacional em US$ - projeção - var. anual";"Oculta";"Internet";90;0;0;"Revisada em 24/abr/2002.";NA;"LINK";"Oculta";"Macro"
"2712";"LINK_SITC01G";4;1216;"Inativa";NA;"Projeções";"preços internacionais (SITC 01) - cotação internacional em US$ - projeção - var. anual";"preços internacionais (SITC 0_1) - cotação internacional em dólar americano (US$) - projeção - var. anual";"Oculta";"Internet";90;0;0;"Revisada em 24/abr/2002.";NA;"LINK";"Oculta";"Macro"
"2713";"LINK_SITC09G";1;1606;"Inativa";NA;"Projeções";"preços internacionais (SITC 09) - cotação internacional em US$ - projeção - var. anual";"preços internacionais (SITC 0_9) - cotação internacional em dólar americano (US$) - projeção - var. anual";"Oculta";"Internet";90;0;0;"Revisada em 24/abr/2002.";NA;"LINK";"Oculta";"Macro"
"2714";"LINK_SITC24G";NA;NA;"Inativa";NA;"Projeções";"preços internacionais (SITC 24) - cotação internacional em US$ - projeção - var. anual";"preços internacionais (SITC 2_4) - cotação internacional em dólar americano (US$) - projeção - var. anual";"Oculta";"Internet";90;0;0;"Revisada em 24/abr/2002.";NA;"LINK";"Oculta";"Macro"
"2715";"LINK_SITC59G";NA;NA;"Inativa";NA;"Projeções";"preços internacionais (SITC 59) - cotação internacional em US$ - projeção - var. anual";"preços internacionais (SITC 5_9) - cotação internacional em dólar americano (US$) - projeção - var. anual";"Oculta";"Internet";90;0;0;"Revisada em 24/abr/2002.";NA;"LINK";"Oculta";"Macro"
"2716";"LINK_SOJAFARG";18;565;"Inativa";NA;"Projeções";"Commodities - soja (em farelo) - cotação internacional em US$ - projeção - var. anual";"Commodities - soja (em farelo) - cotação internacional em US$ - projeção - var. anual";"Oculta";"Internet";90;0;0;"Revisada em 24/abr/2002.";NA;"LINK";"Oculta";"Macro"
"2717";"LINK_SOJAGG";24;457;"Inativa";NA;"Projeções";"Commodities - soja (em grão) - cotação internacional em US$ - projeção - var. anual";"Commodities - soja (em grão) - cotação internacional em US$ - projeção - var. anual";"Oculta";"Internet";90;0;0;"Revisada em 24/abr/2002.";NA;"LINK";"Oculta";"Macro"
"2718";"LINK_SOJAOLEG";21;504;"Inativa";NA;"Projeções";"Commodities - óleo de soja - cotação internacional em US$ - projeção - var. anual";"Commodities - óleo de soja - cotação internacional em US$ - projeção - var. anual";"Oculta";"Internet";90;0;0;"Revisada em 24/abr/2002.";NA;"LINK";"Oculta";"Macro"
"2719";"LINK_TRIGOG";7;991;"Inativa";NA;"Projeções";"Commodities - trigo - cotação internacional em US$ - projeção - var. anual";"Commodities - trigo - cotação internacional em US$ - projeção - var. anual";"Oculta";"Internet";90;0;0;"Revisada em 24/abr/2002.";NA;"LINK";"Oculta";"Macro"
"2720";"LINK_UEBCV";2;1445;"Inativa";NA;"Projeções";"balança comercial - projeção";"balança comercial - projeção";"Oculta";"Internet";90;0;0;"Revisada em 24/abr/2002.";NA;"LINK";"Oculta";"Macro"
"2721";"LINK_UECPDG";2;1445;"Inativa";NA;"Projeções";"consumo privado - deflator - projeção - var. anual";"consumo privado - deflator - projeção - var. anual";"Oculta";"Internet";90;0;0;"Revisada em 24/abr/2002.";NA;"LINK";"Oculta";"Macro"
"2722";"LINK_UEMV";5;1138;"Inativa";NA;"Projeções";"importações - projeção - var. real anual";"importações - projeção - var. real anual";"Oculta";"Internet";90;0;0;"Revisada em 24/abr/2002.";NA;"LINK";"Oculta";"Macro"
"2723";"LINK_UEPIBG";12;739;"Inativa";NA;"Projeções";"PIB - projeção - var. real anual";"Produto interno bruto (PIB): projeção da variação real anual";"Oculta";"Internet";90;0;0;"Revisada em 24/abr/2002.";NA;"LINK";"Oculta";"Macro"
"2724";"LINK_UEXV";5;1138;"Inativa";NA;"Projeções";"exportações - projeção - var. real anual";"exportações - projeção - var. real anual";"Oculta";"Internet";90;0;0;"Revisada em 24/abr/2002.";NA;"LINK";"Oculta";"Macro"
"2725";"LINK_UKCAMB";NA;NA;"Inativa";NA;"Projeções";"taxa de câmbio - nominal - libra esterlina / US$ - projeção";"taxa de câmbio nominal: libra esterlina (£) / dólar americano (US$) - projeção";"Oculta";"Internet";90;0;0;"Revisada em 24/abr/2002.";NA;"LINK";"Oculta";"Macro"
"2726";"LINK_UKJC";1;1606;"Inativa";NA;"Projeções";"taxa de juros - curto prazo - projeção";"taxa de juros - curto prazo - projeção";"Oculta";"Internet";90;0;0;"Revisada em 24/abr/2002.";NA;"LINK";"Oculta";"Macro"
"2727";"LINK_USBCV";6;1048;"Inativa";NA;"Projeções";"balança comercial - projeção";"balança comercial - projeção";"Oculta";"Internet";90;0;0;"Revisada em 24/abr/2002.";NA;"LINK";"Oculta";"Macro"
"2728";"LINK_USJC";4;1216;"Inativa";NA;"Projeções";"taxa de juros - curto prazo - projeção";"taxa de juros - curto prazo - projeção";"Oculta";"Internet";90;0;0;"Revisada em 24/abr/2002.";NA;"LINK";"Oculta";"Macro"
"2729";"LINK_USMV";2;1445;"Inativa";NA;"Projeções";"importações - projeção";"importações - projeção";"Oculta";"Internet";90;0;0;"Revisada em 24/abr/2002.";NA;"LINK";"Oculta";"Macro"
"2730";"LINK_USPIBG";18;565;"Inativa";NA;"Projeções";"PIB - projeção - var. real anual";"Produto interno bruto (PIB): projeção da variação real anual";"Oculta";"Internet";90;0;0;"Revisada em 24/abr/2002.";NA;"LINK";"Oculta";"Macro"
"2731";"LINK_USXV";3;1315;"Inativa";NA;"Projeções";"exportações - projeção";"exportações - projeção";"Oculta";"Internet";90;0;0;"Revisada em 24/abr/2002.";NA;"LINK";"Oculta";"Macro"
"2732";"LINK_WLDPIBG";38;308;"Inativa";NA;"Projeções";"PIB - projeção - var. real anual";"Produto interno bruto (PIB): projeção da variação real anual";"Oculta";"Internet";90;0;0;"Revisada em 24/abr/2002.";NA;"LINK";"Oculta";"Macro"
"2733";"LINK_WLDX95";2;1445;"Inativa";NA;"Projeções";"exportações  - projeção";"exportações a preços constantes de 1995 - projeção";"Oculta";"Internet";90;0;0;"Revisada em 24/abr/2002.";NA;"LINK";"Oculta";"Macro"
"2734";"LINK_WLDXP";3;1315;"Inativa";NA;"Projeções";"exportações - índice de preços (média 1995 = 100) - projeção";"exportações - índice de preços (média 1995 = 100) - projeção";"Oculta";"Internet";90;0;0;"Revisada em 24/abr/2002.";NA;"LINK";"Oculta";"Macro"
"2735";"LINK_WLDXV";4;1216;"Inativa";NA;"Projeções";"exportações - projeção - var. real anual";"exportações - projeção - var. real anual";"Oculta";"Internet";90;0;0;"Revisada em 24/abr/2002.";NA;"LINK";"Oculta";"Macro"
"2736";"RITR_DEXPP";NA;NA;"Inativa";"IPEA";"Finanças públicas";"Dívida externa - pública - líquida - setor privado";"Dívida externa - pública - líquida - setor privado a preços constantes de 1995";"Oculta";"Internet";360;0;0;NA;NA;"RITR";"Oculta";"Macro"
"2737";"RITR_DIMGG";NA;NA;"Inativa";"IPEA";"Finanças públicas";"Títulos públicos - em poder do público";"Títulos públicos - em poder do público a preços constantes de 1995";"Oculta";"Internet";360;0;0;NA;NA;"RITR";"Oculta";"Macro"
"2738";"RITR_HLBKCCFF";NA;NA;"Inativa";"IPEA";"Contas nacionais";"Ativos líquidos reais - construção civil - famílias";"Ativos líquidos reais - construção civil - famílias a preços constantes de 1995";"Oculta";"Internet";360;0;0;NA;NA;"RITR";"Oculta";"Macro"
"2739";"RITR_HLBKCCJJ";NA;NA;"Inativa";"IPEA";"Contas nacionais";"Ativos líquidos reais - construção civil - empresas privadas";"Ativos líquidos reais - construção civil - empresas privadas a preços constantes de 1995";"Oculta";"Internet";360;0;0;NA;NA;"RITR";"Oculta";"Macro"
"2740";"RITR_HLBKCCPP";NA;NA;"Inativa";"IPEA";"Contas nacionais";"Ativos líquidos reais - construção civil - setor privado";"Ativos líquidos reais - construção civil - setor privado a preços constantes de 1995";"Oculta";"Internet";360;0;0;NA;NA;"RITR";"Oculta";"Macro"
"2741";"RITR_HLBKMEPP";NA;NA;"Inativa";"IPEA";"Contas nacionais";"Ativos líquidos reais - máquinas e equipamentos - setor privado";"Ativos líquidos reais - máquinas e equipamentos - setor privado a preços constantes de 1995";"Oculta";"Internet";360;0;0;NA;NA;"RITR";"Oculta";"Macro"
"2742";"RITR_HLRBKPP";NA;NA;"Inativa";"IPEA";"Contas nacionais";"Ativos líquidos reais - bens de capital - setor privado";"Ativos líquidos reais - bens de capital - setor privado a preços constantes de 1995";"Oculta";"Internet";360;0;0;NA;NA;"RITR";"Oculta";"Macro"
"2743";"RITR_HLTPP";NA;NA;"Inativa";"IPEA";"Contas nacionais";"Ativos líquidos reais - setor privado";"Ativos líquidos reais - setor privado a preços constantes de 1995";"Oculta";"Internet";360;0;0;NA;NA;"RITR";"Oculta";"Macro"
"2744";"RITR_VELAUT";NA;NA;"Inativa";"IPEA";"Estoque de capital";"Automóveis - estoque líquido";"Automóveis - estoque líquido a preços constantes de 1995";"Oculta";"Internet";360;0;0;NA;NA;"RITR";"Oculta";"Macro"
"2745";"RITR_VELELD";NA;NA;"Inativa";"IPEA";"Estoque de capital";"Eletrodomésticos - estoque líquido -";"Eletrodomésticos - estoque líquido - a preços constantes de 1995";"Oculta";"Internet";360;0;0;NA;NA;"RITR";"Oculta";"Macro"
"2746";"TD_TJAEB1";NA;NA;"Inativa";"IPEA";"Financeiras";"Taxa de juros anual - empréstimos Bird - 1º sem. - var. sem.";"Taxa de juros anual - empréstimos Bird - 1º semestre - var. sem.";"Não oculta";"Intranet";360;0;0;NA;NA;"TD";"Intranet";"Macro"
"2747";"TD_TJAEB2";NA;NA;"Inativa";"IPEA";"Financeiras";"Taxa de juros anual - empréstimos Bird - 2º sem. - var. sem.";"Taxa de juros anual - empréstimos Bird - 2º semestre - var. sem.";"Não oculta";"Intranet";360;0;0;NA;NA;"TD";"Intranet";"Macro"
"2748";"SECEX_MVAUTO";NA;NA;"Inativa";"MDIC/SECEX";"Comércio exterior";"Importações - automóveis - (CIF)";"Importações - automóveis - (CIF)";"Não oculta";"Intranet";90;0;0;NA;NA;"SECEX";"Intranet";"Macro"
"2749";"SECEX_MQAUTO";NA;NA;"Inativa";"MDIC/SECEX";"Comércio exterior";"Importações - automóveis - qde.";"Importações - automóveis: quantidade";"Não oculta";"Intranet";90;0;0;NA;NA;"SECEX";"Intranet";"Macro"
"2750";"SECEX12_MVPETB12";18;647;"Inativa";"MDIC/SECEX";"Comércio exterior";"Importações - categorias de uso - petróleo bruto - (FOB)";"Importações - petróleo bruto - (FOB)";"Não oculta";"Internet";5;0;0;NA;NA;"SECEX12";"Internet";"Macro"
"2751";"SECEX12_XBKCAC12";NA;NA;"Inativa";"MDIC/SECEX";"Comércio exterior";"Exportações - bens de capital - (FOB)";"Exportações - bens de capital - (FOB)";"Oculta";"Internet";0;0;0;NA;NA;"SECEX12";"Oculta";"Macro"
"2752";"SECEX12_XMAALE12";3;1356;"Inativa";"MDIC/SECEX";"Comércio exterior";"Exportações - produtos manufaturados - destino: Alemanha - (FOB)";"Exportações - produtos manufaturados - destino: Alemanha - (FOB)";"Oculta";"Intranet";180;0;0;NA;"Geradora";"SECEX12";"Oculta";"Macro"
"2753";"SECEX12_XMAARG12";8;996;"Inativa";"MDIC/SECEX";"Comércio exterior";"Exportações - produtos manufaturados - destino: Argentina - (FOB)";"Exportações - produtos manufaturados - destino: Argentina - (FOB)";"Oculta";"Intranet";180;0;0;NA;"Geradora";"SECEX12";"Oculta";"Macro"
"2754";"SECEX12_XMABEL12";2;1480;"Inativa";"MDIC/SECEX";"Comércio exterior";"Exportações - produtos manufaturados - destino: Bélgica - (FOB)";"Exportações - produtos manufaturados - destino: Bélgica - (FOB)";"Oculta";"Intranet";180;0;0;NA;"Geradora";"SECEX12";"Oculta";"Macro"
"2755";"SECEX12_XMACAN12";2;1480;"Inativa";"MDIC/SECEX";"Comércio exterior";"Exportações - produtos manufaturados - destino: Canadá - (FOB)";"Exportações - produtos manufaturados - destino: Canadá - (FOB)";"Oculta";"Intranet";180;0;0;NA;"Geradora";"SECEX12";"Oculta";"Macro"
"2756";"SECEX12_XMAESP12";2;1480;"Inativa";"MDIC/SECEX";"Comércio exterior";"Exportações - produtos manufaturados - destino: Espanha - (FOB)";"Exportações - produtos manufaturados - destino: Espanha - (FOB)";"Oculta";"Intranet";180;0;0;NA;"Geradora";"SECEX12";"Oculta";"Macro"
"2757";"SECEX12_XMAFRA12";5;1176;"Inativa";"MDIC/SECEX";"Comércio exterior";"Exportações - produtos manufaturados - destino: França - (FOB)";"Exportações - produtos manufaturados - destino: França - (FOB)";"Oculta";"Intranet";180;0;0;NA;"Geradora";"SECEX12";"Oculta";"Macro"
"2758";"SECEX12_XMAHOL12";2;1480;"Inativa";"MDIC/SECEX";"Comércio exterior";"Exportações - produtos manufaturados - destino: Holanda - (FOB)";"Exportações - produtos manufaturados - destino: Holanda - (FOB)";"Oculta";"Intranet";180;0;0;NA;"Geradora";"SECEX12";"Oculta";"Macro"
"2759";"SECEX12_XMAITA12";2;1480;"Inativa";"MDIC/SECEX";"Comércio exterior";"Exportações - produtos manufaturados - destino: Itália - (FOB)";"Exportações - produtos manufaturados - destino: Itália - (FOB)";"Oculta";"Intranet";180;0;0;NA;"Geradora";"SECEX12";"Oculta";"Macro"
"2760";"SECEX12_XMAJAP12";4;1262;"Inativa";"MDIC/SECEX";"Comércio exterior";"Exportações - produtos manufaturados - destino: Japão - (FOB)";"Exportações - produtos manufaturados - destino: Japão - (FOB)";"Oculta";"Intranet";180;0;0;NA;"Geradora";"SECEX12";"Oculta";"Macro"
"2761";"SECEX12_XMAPAR12";2;1480;"Inativa";"MDIC/SECEX";"Comércio exterior";"Exportações - produtos manufaturados - destino: Paraguai - (FOB)";"Exportações - produtos manufaturados - destino: Paraguai - (FOB)";"Oculta";"Intranet";180;0;0;NA;"Geradora";"SECEX12";"Oculta";"Macro"
"2762";"SECEX12_XMARU12";2;1480;"Inativa";"MDIC/SECEX";"Comércio exterior";"Exportações - produtos manufaturados - destino: Reino Unido - (FOB)";"Exportações - produtos manufaturados - destino: Reino Unido - (FOB)";"Oculta";"Intranet";180;0;0;NA;"Geradora";"SECEX12";"Oculta";"Macro"
"2763";"SECEX12_XMAURU12";2;1480;"Inativa";"MDIC/SECEX";"Comércio exterior";"Exportações - produtos manufaturados - destino: Uruguai - (FOB)";"Exportações - produtos manufaturados - destino: Uruguai - (FOB)";"Oculta";"Intranet";180;0;0;NA;"Geradora";"SECEX12";"Oculta";"Macro"
"2764";"SECEX12_XTOALE12";13;769;"Inativa";"MDIC/SECEX";"Comércio exterior";"Exportações (FOB) - destino: Alemanha";"Exportações (FOB) - destino: Alemanha";"Oculta";"Intranet";40;0;0;NA;"Geradora";"SECEX12";"Oculta";"Macro"
"2765";"SECEX12_XTOARG12";51;251;"Inativa";"MDIC/SECEX";"Comércio exterior";"Exportações (FOB) - destino: Argentina";"Exportações (FOB) - destino: Argentina";"Oculta";"Intranet";40;0;0;NA;"Geradora";"SECEX12";"Oculta";"Macro"
"2766";"SECEX12_XTOBEL12";9;946;"Inativa";"MDIC/SECEX";"Comércio exterior";"Exportações (FOB) - destino: Bélgica";"Exportações (FOB) - destino: Bélgica";"Oculta";"Intranet";40;0;0;NA;"Geradora";"SECEX12";"Oculta";"Macro"
"2767";"SECEX12_XTOCAN12";8;996;"Inativa";"MDIC/SECEX";"Comércio exterior";"Exportações (FOB) - destino: Canadá";"Exportações (FOB) - destino: Canadá";"Oculta";"Intranet";40;0;0;NA;"Geradora";"SECEX12";"Oculta";"Macro"
"2768";"SECEX12_XTOESP12";6;1117;"Inativa";"MDIC/SECEX";"Comércio exterior";"Exportações (FOB) - destino: Espanha";"Exportações (FOB) - destino: Espanha";"Oculta";"Intranet";40;0;0;NA;"Geradora";"SECEX12";"Oculta";"Macro"
"2769";"SECEX12_XTOEUA12";39;338;"Inativa";"MDIC/SECEX";"Comércio exterior";"Exportações (FOB) - destino: EUA";"Exportações (FOB) - destino: EUA";"Oculta";"Intranet";40;0;0;NA;"Geradora";"SECEX12";"Oculta";"Macro"
"2770";"SECEX12_XTOFRA12";6;1117;"Inativa";"MDIC/SECEX";"Comércio exterior";"Exportações (FOB) - destino: França";"Exportações (FOB) - destino: França";"Oculta";"Intranet";40;0;0;NA;"Geradora";"SECEX12";"Oculta";"Macro"
"2771";"SECEX12_XTOHOL12";9;946;"Inativa";"MDIC/SECEX";"Comércio exterior";"Exportações (FOB) - destino: Holanda";"Exportações (FOB) - destino: Holanda";"Oculta";"Intranet";40;0;0;NA;"Geradora";"SECEX12";"Oculta";"Macro"
"2772";"SECEX12_XTOITA12";7;1050;"Inativa";"MDIC/SECEX";"Comércio exterior";"Exportações (FOB) - destino: Itália";"Exportações (FOB) - destino: Itália";"Oculta";"Intranet";40;0;0;NA;"Geradora";"SECEX12";"Oculta";"Macro"
"2773";"SECEX12_XTOJAP12";11;856;"Inativa";"MDIC/SECEX";"Comércio exterior";"Exportações (FOB) - destino: Japão";"Exportações (FOB) - destino: Japão";"Oculta";"Intranet";40;0;0;NA;"Geradora";"SECEX12";"Oculta";"Macro"
"2774";"SECEX12_XTOPAR12";12;812;"Inativa";"MDIC/SECEX";"Comércio exterior";"Exportações (FOB) - destino: Paraguai";"Exportações (FOB) - destino: Paraguai";"Oculta";"Intranet";40;0;0;NA;"Geradora";"SECEX12";"Oculta";"Macro"
"2775";"SECEX12_XTORU12";8;996;"Inativa";"MDIC/SECEX";"Comércio exterior";"Exportações (FOB) - destino: Reino Unido";"Exportações (FOB) - destino: Reino Unido";"Oculta";"Intranet";40;0;0;NA;"Geradora";"SECEX12";"Oculta";"Macro"
"2776";"SECEX12_XTOURU12";9;946;"Inativa";"MDIC/SECEX";"Comércio exterior";"Exportações (FOB) - destino: Uruguai";"Exportações (FOB) - destino: Uruguai";"Oculta";"Intranet";40;0;0;NA;"Geradora";"SECEX12";"Oculta";"Macro"
"2777";"SECEX12_XVBASI12";45;294;"Ativa";"MDIC/SECEX";"Comércio exterior";"Exportações - fator agregado - produtos básicos - (FOB)";"Exportações - fator agregado - produtos básicos - (FOB)";"Não oculta";"Internet";5;0;0;NA;NA;"SECEX12";"Internet";"Macro"
"2778";"SECEX12_XVINDU12";40;330;"Ativa";"MDIC/SECEX";"Comércio exterior";"Exportações - fator agregado - produtos industrializados - (FOB)";"Exportações - fator agregado - produtos industrializados - (FOB)";"Não oculta";"Internet";5;0;0;NA;NA;"SECEX12";"Internet";"Macro"
"2779";"SECEX12_XVMANU12";22;542;"Ativa";"MDIC/SECEX";"Comércio exterior";"Exportações - fator agregado - produtos manufaturados - (FOB)";"Exportações - fator agregado - produtos manufaturados - (FOB)";"Não oculta";"Internet";5;0;0;NA;NA;"SECEX12";"Internet";"Macro"
"2780";"SECEX12_XVSEMI12";15;714;"Ativa";"MDIC/SECEX";"Comércio exterior";"Exportações - fator agregado - produtos semimanufaturados - (FOB)";"Exportações - fator agregado - produtos semimanufaturados - (FOB)";"Não oculta";"Internet";5;0;0;NA;NA;"SECEX12";"Internet";"Macro"
"2781";"SECEX12_XVTRES12";12;812;"Ativa";"MDIC/SECEX";"Comércio exterior";"Exportações - fator agregado - transações especiais - (FOB)";"Exportações - fator agregado - transações especiais - (FOB)";"Não oculta";"Internet";5;0;0;NA;NA;"SECEX12";"Internet";"Macro"
"2782";"SECEX12_MVTOT12";219;41;"Ativa";"MDIC/SECEX";"Comércio exterior";"Importações - (FOB)";"Importações (FOB)";"Não oculta";"Internet";5;0;0;NA;NA;"SECEX12";"Internet";"Macro"
"2783";"SECEX12_XVTOT12";628;20;"Ativa";"MDIC/SECEX";"Comércio exterior";"Exportações - (FOB)";"Exportações (FOB)";"Não oculta";"Internet";5;0;0;NA;NA;"SECEX12";"Internet";"Macro"
"2784";"SECEX12_MVOTMB12";NA;NA;"Inativa";"MDIC/SECEX";"Comércio exterior";"Importações - outras (FOB)";"Importações - outras (FOB)";"Oculta";"Internet";0;0;0;NA;NA;"SECEX12";"Oculta";"Macro"
"2785";"CONFAZ12_AIRAC12";NA;NA;"Inativa";"Min. Fazenda/Cotepe";"Finanças públicas";"Imposto sobre a renda (IR) - adicional - Acre (AC)";"Imposto sobre a renda (IR) - adicional - Acre (AC)";"Não oculta";"Intranet";0;0;0;NA;NA;"CONFAZ12";"Intranet";"Macro"
"2786";"CONFAZ12_AIRAL12";NA;NA;"Inativa";"Min. Fazenda/Cotepe";"Finanças públicas";"Imposto sobre a renda (IR) - adicional - Alagoas (AL)";"Imposto sobre a renda (IR) - adicional - Alagoas (AL)";"Não oculta";"Intranet";0;0;0;NA;NA;"CONFAZ12";"Intranet";"Macro"
"2787";"CONFAZ12_AIRAM12";NA;NA;"Inativa";"Min. Fazenda/Cotepe";"Finanças públicas";"Imposto sobre a renda (IR) - adicional - Amazonas (AM)";"Imposto sobre a renda (IR) - adicional - Amazonas (AM)";"Não oculta";"Intranet";0;0;0;NA;NA;"CONFAZ12";"Intranet";"Macro"
"2788";"CONFAZ12_AIRAP12";NA;NA;"Inativa";"Min. Fazenda/Cotepe";"Finanças públicas";"Imposto sobre a renda (IR) - adicional - Amapá (AP)";"Imposto sobre a renda (IR) - adicional - Amapá (AP)";"Não oculta";"Intranet";0;0;0;NA;NA;"CONFAZ12";"Intranet";"Macro"
"2789";"CONFAZ12_AIRBA12";NA;NA;"Inativa";"Min. Fazenda/Cotepe";"Finanças públicas";"Imposto sobre a renda (IR) - adicional - Bahia (BA)";"Imposto sobre a renda (IR) - adicional - Bahia (BA)";"Não oculta";"Intranet";0;0;0;NA;NA;"CONFAZ12";"Intranet";"Macro"
"2790";"CONFAZ12_AIRCE12";NA;NA;"Inativa";"Min. Fazenda/Cotepe";"Finanças públicas";"Imposto sobre a renda (IR) - adicional - Ceará (CE)";"Imposto sobre a renda (IR) - adicional - Ceará (CE)";"Não oculta";"Intranet";0;0;0;NA;NA;"CONFAZ12";"Intranet";"Macro"
"2791";"CONFAZ12_AIRDF12";NA;NA;"Inativa";"Min. Fazenda/Cotepe";"Finanças públicas";"Imposto sobre a renda (IR) - adicional - Distrito Federal (DF)";"Imposto sobre a renda (IR) - adicional - Distrito Federal (DF)";"Não oculta";"Intranet";0;0;0;NA;NA;"CONFAZ12";"Intranet";"Macro"
"2792";"CONFAZ12_AIRES12";NA;NA;"Inativa";"Min. Fazenda/Cotepe";"Finanças públicas";"Imposto sobre a renda (IR) - adicional - Espírito Santo (ES)";"Imposto sobre a renda (IR) - adicional - Espírito Santo (ES)";"Não oculta";"Intranet";0;0;0;NA;NA;"CONFAZ12";"Intranet";"Macro"
"2793";"CONFAZ12_AIRGO12";NA;NA;"Inativa";"Min. Fazenda/Cotepe";"Finanças públicas";"Imposto sobre a renda (IR) - adicional - Goiás (GO)";"Imposto sobre a renda (IR) - adicional - Goiás (GO)";"Não oculta";"Intranet";0;0;0;NA;NA;"CONFAZ12";"Intranet";"Macro"
"2794";"CONFAZ12_AIRMA12";NA;NA;"Inativa";"Min. Fazenda/Cotepe";"Finanças públicas";"Imposto sobre a renda (IR) - adicional - Maranhão (MA)";"Imposto sobre a renda (IR) - adicional - Maranhão (MA)";"Não oculta";"Intranet";0;0;0;NA;NA;"CONFAZ12";"Intranet";"Macro"
"2795";"CONFAZ12_AIRMG12";NA;NA;"Inativa";"Min. Fazenda/Cotepe";"Finanças públicas";"Imposto sobre a renda (IR) - adicional - Minas Gerais (MG)";"Imposto sobre a renda (IR) - adicional - Minas Gerais (MG)";"Não oculta";"Intranet";0;0;0;NA;NA;"CONFAZ12";"Intranet";"Macro"
"2796";"CONFAZ12_AIRMS12";NA;NA;"Inativa";"Min. Fazenda/Cotepe";"Finanças públicas";"Imposto sobre a renda (IR) - adicional - Mato Grosso do Sul (MS)";"Imposto sobre a renda (IR) - adicional - Mato Grosso do Sul (MS)";"Não oculta";"Intranet";0;0;0;NA;NA;"CONFAZ12";"Intranet";"Macro"
"2797";"CONFAZ12_AIRMT12";NA;NA;"Inativa";"Min. Fazenda/Cotepe";"Finanças públicas";"Imposto sobre a renda (IR) - adicional - Mato Grosso (MT)";"Imposto sobre a renda (IR) - adicional - Mato Grosso (MT)";"Não oculta";"Intranet";0;0;0;NA;NA;"CONFAZ12";"Intranet";"Macro"
"2798";"CONFAZ12_AIRPA12";NA;NA;"Inativa";"Min. Fazenda/Cotepe";"Finanças públicas";"Imposto sobre a renda (IR) - adicional - Pará (PA)";"Imposto sobre a renda (IR) - adicional - Pará (PA)";"Não oculta";"Intranet";0;0;0;NA;NA;"CONFAZ12";"Intranet";"Macro"
"2799";"CONFAZ12_AIRPB12";NA;NA;"Inativa";"Min. Fazenda/Cotepe";"Finanças públicas";"Imposto sobre a renda (IR) - adicional - Paraíba (PB)";"Imposto sobre a renda (IR) - adicional - Paraíba (PB)";"Não oculta";"Intranet";0;0;0;NA;NA;"CONFAZ12";"Intranet";"Macro"
"2800";"CONFAZ12_AIRPI12";NA;NA;"Inativa";"Min. Fazenda/Cotepe";"Finanças públicas";"Imposto sobre a renda (IR) - adicional - Piauí (PI)";"Imposto sobre a renda (IR) - adicional - Piauí (PI)";"Não oculta";"Intranet";0;0;0;NA;NA;"CONFAZ12";"Intranet";"Macro"
"2801";"CONFAZ12_AIRPR12";NA;NA;"Inativa";"Min. Fazenda/Cotepe";"Finanças públicas";"Imposto sobre a renda (IR) - adicional - Paraná (PR)";"Imposto sobre a renda (IR) - adicional - Paraná (PR)";"Não oculta";"Intranet";0;0;0;NA;NA;"CONFAZ12";"Intranet";"Macro"
"2802";"CONFAZ12_AIRRJ12";NA;NA;"Inativa";"Min. Fazenda/Cotepe";"Finanças públicas";"Imposto sobre a renda (IR) - adicional - Rio de Janeiro (RJ)";"Imposto sobre a renda (IR) - adicional - Rio de Janeiro (RJ)";"Não oculta";"Intranet";0;0;0;NA;NA;"CONFAZ12";"Intranet";"Macro"
"2803";"CONFAZ12_AIRRN12";NA;NA;"Inativa";"Min. Fazenda/Cotepe";"Finanças públicas";"Imposto sobre a renda (IR) - adicional - Rio Grande do Norte (RN)";"Imposto sobre a renda (IR) - adicional - Rio Grande do Norte (RN)";"Não oculta";"Intranet";0;0;0;NA;NA;"CONFAZ12";"Intranet";"Macro"
"2804";"CONFAZ12_AIRRO12";NA;NA;"Inativa";"Min. Fazenda/Cotepe";"Finanças públicas";"Imposto sobre a renda (IR) - adicional - Rondônia (RO)";"Imposto sobre a renda (IR) - adicional - Rondônia (RO)";"Não oculta";"Intranet";0;0;0;NA;NA;"CONFAZ12";"Intranet";"Macro"
"2805";"CONFAZ12_AIRRR12";NA;NA;"Inativa";"Min. Fazenda/Cotepe";"Finanças públicas";"Imposto sobre a renda (IR) - adicional - Roraima (RR)";"Imposto sobre a renda (IR) - adicional - Roraima (RR)";"Não oculta";"Intranet";0;0;0;NA;NA;"CONFAZ12";"Intranet";"Macro"
"2806";"CONFAZ12_AIRRS12";NA;NA;"Inativa";"Min. Fazenda/Cotepe";"Finanças públicas";"Imposto sobre a renda (IR) - adicional - Rio Grande do Sul (RS)";"Imposto sobre a renda (IR) - adicional - Rio Grande do Sul (RS)";"Não oculta";"Intranet";0;0;0;NA;NA;"CONFAZ12";"Intranet";"Macro"
"2807";"CONFAZ12_AIRSC12";NA;NA;"Inativa";"Min. Fazenda/Cotepe";"Finanças públicas";"Imposto sobre a renda (IR) - adicional - Santa Catarina (SC)";"Imposto sobre a renda (IR) - adicional - Santa Catarina (SC)";"Não oculta";"Intranet";0;0;0;NA;NA;"CONFAZ12";"Intranet";"Macro"
"2808";"CONFAZ12_AIRSE12";NA;NA;"Inativa";"Min. Fazenda/Cotepe";"Finanças públicas";"Imposto sobre a renda (IR) - adicional - Sergipe (SE)";"Imposto sobre a renda (IR) - adicional - Sergipe (SE)";"Não oculta";"Intranet";0;0;0;NA;NA;"CONFAZ12";"Intranet";"Macro"
"2809";"CONFAZ12_AIRSP12";NA;NA;"Inativa";"Min. Fazenda/Cotepe";"Finanças públicas";"Imposto sobre a renda (IR) - adicional - São Paulo (SP)";"Imposto sobre a renda (IR) - adicional - São Paulo (SP)";"Não oculta";"Intranet";0;0;0;NA;NA;"CONFAZ12";"Intranet";"Macro"
"2810";"CONFAZ12_AIRTO12";NA;NA;"Inativa";"Min. Fazenda/Cotepe";"Finanças públicas";"Imposto sobre a renda (IR) - adicional - Tocantins (TO)";"Imposto sobre a renda (IR) - adicional - Tocantins (TO)";"Não oculta";"Intranet";0;0;0;NA;NA;"CONFAZ12";"Intranet";"Macro"
"2811";"CONFAZ12_CSLLAC12";NA;NA;"Inativa";"Min. Fazenda/Cotepe";"Finanças públicas";"Contribuição social sobre o lucro líquido (CSLL) - Acre (AC)";"Contribuição social sobre o lucro líquido (CSLL) - Acre (AC)";"Não oculta";"Intranet";0;0;0;NA;NA;"CONFAZ12";"Intranet";"Macro"
"2812";"CONFAZ12_CSLLAL12";NA;NA;"Inativa";"Min. Fazenda/Cotepe";"Finanças públicas";"Contribuição social sobre o lucro líquido (CSLL) - Alagoas (AL)";"Contribuição social sobre o lucro líquido (CSLL) - Alagoas (AL)";"Não oculta";"Intranet";0;0;0;NA;NA;"CONFAZ12";"Intranet";"Macro"
"2813";"CONFAZ12_CSLLAM12";NA;NA;"Inativa";"Min. Fazenda/Cotepe";"Finanças públicas";"Contribuição social sobre o lucro líquido (CSLL) - Amazonas (AM)";"Contribuição social sobre o lucro líquido (CSLL) - Amazonas (AM)";"Não oculta";"Intranet";0;0;0;NA;NA;"CONFAZ12";"Intranet";"Macro"
"2814";"CONFAZ12_CSLLAP12";NA;NA;"Inativa";"Min. Fazenda/Cotepe";"Finanças públicas";"Contribuição social sobre o lucro líquido (CSLL) - Amapá (AP)";"Contribuição social sobre o lucro líquido (CSLL) - Amapá (AP)";"Não oculta";"Intranet";0;0;0;NA;NA;"CONFAZ12";"Intranet";"Macro"
"2815";"CONFAZ12_CSLLBA12";NA;NA;"Inativa";"Min. Fazenda/Cotepe";"Finanças públicas";"Contribuição social sobre o lucro líquido (CSLL) - Bahia (BA)";"Contribuição social sobre o lucro líquido (CSLL) - Bahia (BA)";"Não oculta";"Intranet";0;0;0;NA;NA;"CONFAZ12";"Intranet";"Macro"
"2816";"CONFAZ12_CSLLCE12";NA;NA;"Inativa";"Min. Fazenda/Cotepe";"Finanças públicas";"Contribuição social sobre o lucro líquido (CSLL) - Ceará (CE)";"Contribuição social sobre o lucro líquido (CSLL) - Ceará (CE)";"Não oculta";"Intranet";0;0;0;NA;NA;"CONFAZ12";"Intranet";"Macro"
"2817";"CONFAZ12_CSLLDF12";NA;NA;"Inativa";"Min. Fazenda/Cotepe";"Finanças públicas";"Contribuição social sobre o lucro líquido (CSLL) - Distrito Federal (DF)";"Contribuição social sobre o lucro líquido (CSLL) - Distrito Federal (DF)";"Não oculta";"Intranet";0;0;0;NA;NA;"CONFAZ12";"Intranet";"Macro"
"2818";"CONFAZ12_CSLLES12";NA;NA;"Inativa";"Min. Fazenda/Cotepe";"Finanças públicas";"Contribuição social sobre o lucro líquido (CSLL) - Espírito Santo (ES)";"Contribuição social sobre o lucro líquido (CSLL) - Espírito Santo (ES)";"Não oculta";"Intranet";0;0;0;NA;NA;"CONFAZ12";"Intranet";"Macro"
"2819";"CONFAZ12_CSLLGO12";NA;NA;"Inativa";"Min. Fazenda/Cotepe";"Finanças públicas";"Contribuição social sobre o lucro líquido (CSLL) - Goiás (GO)";"Contribuição social sobre o lucro líquido (CSLL) - Goiás (GO)";"Não oculta";"Intranet";0;0;0;NA;NA;"CONFAZ12";"Intranet";"Macro"
"2820";"CONFAZ12_CSLLMA12";NA;NA;"Inativa";"Min. Fazenda/Cotepe";"Finanças públicas";"Contribuição social sobre o lucro líquido (CSLL) - Maranhão (MA)";"Contribuição social sobre o lucro líquido (CSLL) - Maranhão (MA)";"Não oculta";"Intranet";0;0;0;NA;NA;"CONFAZ12";"Intranet";"Macro"
"2821";"CONFAZ12_CSLLMG12";NA;NA;"Inativa";"Min. Fazenda/Cotepe";"Finanças públicas";"Contribuição social sobre o lucro líquido (CSLL) - Minas Gerais (MG)";"Contribuição social sobre o lucro líquido (CSLL) - Minas Gerais (MG)";"Não oculta";"Intranet";0;0;0;NA;NA;"CONFAZ12";"Intranet";"Macro"
"2822";"CONFAZ12_CSLLMS12";NA;NA;"Inativa";"Min. Fazenda/Cotepe";"Finanças públicas";"Contribuição social sobre o lucro líquido (CSLL) - Mato Grosso do Sul (MS)";"Contribuição social sobre o lucro líquido (CSLL) - Mato Grosso do Sul (MS)";"Não oculta";"Intranet";0;0;0;NA;NA;"CONFAZ12";"Intranet";"Macro"
"2823";"CONFAZ12_CSLLMT12";NA;NA;"Inativa";"Min. Fazenda/Cotepe";"Finanças públicas";"Contribuição social sobre o lucro líquido (CSLL) - Mato Grosso (MT)";"Contribuição social sobre o lucro líquido (CSLL) - Mato Grosso (MT)";"Não oculta";"Intranet";0;0;0;NA;NA;"CONFAZ12";"Intranet";"Macro"
"2824";"CONFAZ12_CSLLPA12";NA;NA;"Inativa";"Min. Fazenda/Cotepe";"Finanças públicas";"Contribuição social sobre o lucro líquido (CSLL) - Pará (PA)";"Contribuição social sobre o lucro líquido (CSLL) - Pará (PA)";"Não oculta";"Intranet";0;0;0;NA;NA;"CONFAZ12";"Intranet";"Macro"
"2825";"CONFAZ12_CSLLPB12";NA;NA;"Inativa";"Min. Fazenda/Cotepe";"Finanças públicas";"Contribuição social sobre o lucro líquido (CSLL) - Paraíba (PB)";"Contribuição social sobre o lucro líquido (CSLL) - Paraíba (PB)";"Não oculta";"Intranet";0;0;0;NA;NA;"CONFAZ12";"Intranet";"Macro"
"2826";"CONFAZ12_CSLLPE12";NA;NA;"Inativa";"Min. Fazenda/Cotepe";"Finanças públicas";"Contribuição social sobre o lucro líquido (CSLL) - Pernambuco (PE)";"Contribuição social sobre o lucro líquido (CSLL) - Pernambuco (PE)";"Não oculta";"Intranet";0;0;0;NA;NA;"CONFAZ12";"Intranet";"Macro"
"2827";"CONFAZ12_CSLLPI12";NA;NA;"Inativa";"Min. Fazenda/Cotepe";"Finanças públicas";"Contribuição social sobre o lucro líquido (CSLL) - Piauí (PI)";"Contribuição social sobre o lucro líquido (CSLL) - Piauí (PI)";"Não oculta";"Intranet";0;0;0;NA;NA;"CONFAZ12";"Intranet";"Macro"
"2828";"CONFAZ12_CSLLPR12";NA;NA;"Inativa";"Min. Fazenda/Cotepe";"Finanças públicas";"Contribuição social sobre o lucro líquido (CSLL) - Paraná (PR)";"Contribuição social sobre o lucro líquido (CSLL) - Paraná (PR)";"Não oculta";"Intranet";0;0;0;NA;NA;"CONFAZ12";"Intranet";"Macro"
"2829";"CONFAZ12_CSLLRJ12";NA;NA;"Inativa";"Min. Fazenda/Cotepe";"Finanças públicas";"Contribuição social sobre o lucro líquido (CSLL) - Rio de Janeiro (RJ)";"Contribuição social sobre o lucro líquido (CSLL) - Rio de Janeiro (RJ)";"Não oculta";"Intranet";0;0;0;NA;NA;"CONFAZ12";"Intranet";"Macro"
"2830";"CONFAZ12_CSLLRN12";NA;NA;"Inativa";"Min. Fazenda/Cotepe";"Finanças públicas";"Contribuição social sobre o lucro líquido (CSLL) - Rio Grande do Norte (RN)";"Contribuição social sobre o lucro líquido (CSLL) - Rio Grande do Norte (RN)";"Não oculta";"Intranet";0;0;0;NA;NA;"CONFAZ12";"Intranet";"Macro"
"2831";"CONFAZ12_CSLLRO12";NA;NA;"Inativa";"Min. Fazenda/Cotepe";"Finanças públicas";"Contribuição social sobre o lucro líquido (CSLL) - Rondônia (RO)";"Contribuição social sobre o lucro líquido (CSLL) - Rondônia (RO)";"Não oculta";"Intranet";0;0;0;NA;NA;"CONFAZ12";"Intranet";"Macro"
"2832";"CONFAZ12_CSLLRR12";NA;NA;"Inativa";"Min. Fazenda/Cotepe";"Finanças públicas";"Contribuição social sobre o lucro líquido (CSLL) - Roraima (RR)";"Contribuição social sobre o lucro líquido (CSLL) - Roraima (RR)";"Não oculta";"Intranet";0;0;0;NA;NA;"CONFAZ12";"Intranet";"Macro"
"2833";"CONFAZ12_CSLLRS12";NA;NA;"Inativa";"Min. Fazenda/Cotepe";"Finanças públicas";"Contribuição social sobre o lucro líquido (CSLL) - Rio Grande do Sul (RS)";"Contribuição social sobre o lucro líquido (CSLL) - Rio Grande do Sul (RS)";"Não oculta";"Intranet";0;0;0;NA;NA;"CONFAZ12";"Intranet";"Macro"
"2834";"CONFAZ12_CSLLSC12";NA;NA;"Inativa";"Min. Fazenda/Cotepe";"Finanças públicas";"Contribuição social sobre o lucro líquido (CSLL) - Santa Catarina (SC)";"Contribuição social sobre o lucro líquido (CSLL) - Santa Catarina (SC)";"Não oculta";"Intranet";0;0;0;NA;NA;"CONFAZ12";"Intranet";"Macro"
"2835";"CONFAZ12_CSLLSE12";NA;NA;"Inativa";"Min. Fazenda/Cotepe";"Finanças públicas";"Contribuição social sobre o lucro líquido (CSLL) - Sergipe (SE)";"Contribuição social sobre o lucro líquido (CSLL) - Sergipe (SE)";"Não oculta";"Intranet";0;0;0;NA;NA;"CONFAZ12";"Intranet";"Macro"
"2836";"CONFAZ12_CSLLSP12";NA;NA;"Inativa";"Min. Fazenda/Cotepe";"Finanças públicas";"Contribuição social sobre o lucro líquido (CSLL) - São Paulo (SP)";"Contribuição social sobre o lucro líquido (CSLL) - São Paulo (SP)";"Não oculta";"Intranet";0;0;0;NA;NA;"CONFAZ12";"Intranet";"Macro"
"2837";"CONFAZ12_CSLLTO12";NA;NA;"Inativa";"Min. Fazenda/Cotepe";"Finanças públicas";"Contribuição social sobre o lucro líquido (CSLL) - Tocantins (TO)";"Contribuição social sobre o lucro líquido (CSLL) - Tocantins (TO)";"Não oculta";"Intranet";0;0;0;NA;NA;"CONFAZ12";"Intranet";"Macro"
"2838";"CONFAZ12_FINAC12";NA;NA;"Inativa";"Min. Fazenda/Cotepe";"Finanças públicas";"Contribuição - Finsocial / Cofins - Acre (AC)";"Contribuição para o Finsocial / Cofins - Acre (AC)";"Não oculta";"Intranet";0;0;0;NA;NA;"CONFAZ12";"Intranet";"Macro"
"2839";"CONFAZ12_FINAL12";NA;NA;"Inativa";"Min. Fazenda/Cotepe";"Finanças públicas";"Contribuição - Finsocial / Cofins - Alagoas (AL)";"Contribuição para o Finsocial / Cofins - Alagoas (AL)";"Não oculta";"Intranet";0;0;0;NA;NA;"CONFAZ12";"Intranet";"Macro"
"2840";"CONFAZ12_FINAM12";NA;NA;"Inativa";"Min. Fazenda/Cotepe";"Finanças públicas";"Contribuição - Finsocial / Cofins - Amazonas (AM)";"Contribuição para o Finsocial / Cofins - Amazonas (AM)";"Não oculta";"Intranet";0;0;0;NA;NA;"CONFAZ12";"Intranet";"Macro"
"2841";"CONFAZ12_FINAP12";NA;NA;"Inativa";"Min. Fazenda/Cotepe";"Finanças públicas";"Contribuição - Finsocial / Cofins - Amapá (AP)";"Contribuição para o Finsocial / Cofins - Amapá (AP)";"Não oculta";"Intranet";0;0;0;NA;NA;"CONFAZ12";"Intranet";"Macro"
"2842";"CONFAZ12_FINBA12";NA;NA;"Inativa";"Min. Fazenda/Cotepe";"Finanças públicas";"Contribuição - Finsocial / Cofins - Bahia (BA)";"Contribuição para o Finsocial / Cofins - Bahia (BA)";"Não oculta";"Intranet";0;0;0;NA;NA;"CONFAZ12";"Intranet";"Macro"
"2843";"CONFAZ12_FINCE12";NA;NA;"Inativa";"Min. Fazenda/Cotepe";"Finanças públicas";"Contribuição - Finsocial / Cofins - Ceará (CE)";"Contribuição para o Finsocial / Cofins - Ceará (CE)";"Não oculta";"Intranet";0;0;0;NA;NA;"CONFAZ12";"Intranet";"Macro"
"2844";"CONFAZ12_FINDF12";NA;NA;"Inativa";"Min. Fazenda/Cotepe";"Finanças públicas";"Contribuição - Finsocial / Cofins - Distrito Federal (DF)";"Contribuição para o Finsocial / Cofins - Distrito Federal (DF)";"Não oculta";"Intranet";0;0;0;NA;NA;"CONFAZ12";"Intranet";"Macro"
"2845";"CONFAZ12_FINES12";NA;NA;"Inativa";"Min. Fazenda/Cotepe";"Finanças públicas";"Contribuição - Finsocial / Cofins - Espírito Santo (ES)";"Contribuição para o Finsocial / Cofins - Espírito Santo (ES)";"Não oculta";"Intranet";0;0;0;NA;NA;"CONFAZ12";"Intranet";"Macro"
"2846";"CONFAZ12_FINGO12";NA;NA;"Inativa";"Min. Fazenda/Cotepe";"Finanças públicas";"Contribuição - Finsocial / Cofins - Goiás (GO)";"Contribuição para o Finsocial / Cofins - Goiás (GO)";"Não oculta";"Intranet";0;0;0;NA;NA;"CONFAZ12";"Intranet";"Macro"
"2847";"CONFAZ12_FINMA12";NA;NA;"Inativa";"Min. Fazenda/Cotepe";"Finanças públicas";"Contribuição - Finsocial / Cofins - Maranhão (MA)";"Contribuição para o Finsocial / Cofins - Maranhão (MA)";"Não oculta";"Intranet";0;0;0;NA;NA;"CONFAZ12";"Intranet";"Macro"
"2848";"CONFAZ12_FINMG12";NA;NA;"Inativa";"Min. Fazenda/Cotepe";"Finanças públicas";"Contribuição - Finsocial / Cofins - Minas Gerais (MG)";"Contribuição para o Finsocial / Cofins - Minas Gerais (MG)";"Não oculta";"Intranet";0;0;0;NA;NA;"CONFAZ12";"Intranet";"Macro"
"2849";"CONFAZ12_FINMS12";NA;NA;"Inativa";"Min. Fazenda/Cotepe";"Finanças públicas";"Contribuição - Finsocial / Cofins - Mato Grosso do Sul (MS)";"Contribuição para o Finsocial / Cofins - Mato Grosso do Sul (MS)";"Não oculta";"Intranet";0;0;0;NA;NA;"CONFAZ12";"Intranet";"Macro"
"2850";"CONFAZ12_FINMT12";NA;NA;"Inativa";"Min. Fazenda/Cotepe";"Finanças públicas";"Contribuição - Finsocial / Cofins - Mato Grosso (MT)";"Contribuição para o Finsocial / Cofins - Mato Grosso (MT)";"Não oculta";"Intranet";0;0;0;NA;NA;"CONFAZ12";"Intranet";"Macro"
"2851";"CONFAZ12_FINPA12";NA;NA;"Inativa";"Min. Fazenda/Cotepe";"Finanças públicas";"Contribuição - Finsocial / Cofins - Pará (PA)";"Contribuição para o Finsocial / Cofins - Pará (PA)";"Não oculta";"Intranet";0;0;0;NA;NA;"CONFAZ12";"Intranet";"Macro"
"2852";"CONFAZ12_FINPB12";NA;NA;"Inativa";"Min. Fazenda/Cotepe";"Finanças públicas";"Contribuição - Finsocial / Cofins - Paraíba (PB)";"Contribuição para o Finsocial / Cofins - Paraíba (PB)";"Não oculta";"Intranet";0;0;0;NA;NA;"CONFAZ12";"Intranet";"Macro"
"2853";"CONFAZ12_FINPE12";NA;NA;"Inativa";"Min. Fazenda/Cotepe";"Finanças públicas";"Contribuição - Finsocial / Cofins - Pernambuco (PE)";"Contribuição para o Finsocial / Cofins - Pernambuco (PE)";"Não oculta";"Intranet";0;0;0;NA;NA;"CONFAZ12";"Intranet";"Macro"
"2854";"CONFAZ12_FINPI12";NA;NA;"Inativa";"Min. Fazenda/Cotepe";"Finanças públicas";"Contribuição - Finsocial / Cofins - Piauí (PI)";"Contribuição para o Finsocial / Cofins - Piauí (PI)";"Não oculta";"Intranet";0;0;0;NA;NA;"CONFAZ12";"Intranet";"Macro"
"2855";"CONFAZ12_FINPR12";NA;NA;"Inativa";"Min. Fazenda/Cotepe";"Finanças públicas";"Contribuição - Finsocial / Cofins - Paraná (PR)";"Contribuição para o Finsocial / Cofins - Paraná (PR)";"Não oculta";"Intranet";0;0;0;NA;NA;"CONFAZ12";"Intranet";"Macro"
"2856";"CONFAZ12_FINRJ12";NA;NA;"Inativa";"Min. Fazenda/Cotepe";"Finanças públicas";"Contribuição - Finsocial / Cofins - Rio de Janeiro (RJ)";"Contribuição para o Finsocial / Cofins - Rio de Janeiro (RJ)";"Não oculta";"Intranet";0;0;0;NA;NA;"CONFAZ12";"Intranet";"Macro"
"2857";"CONFAZ12_FINRN12";NA;NA;"Inativa";"Min. Fazenda/Cotepe";"Finanças públicas";"Contribuição - Finsocial / Cofins - Rio Grande do Norte (RN)";"Contribuição para o Finsocial / Cofins - Rio Grande do Norte (RN)";"Não oculta";"Intranet";0;0;0;NA;NA;"CONFAZ12";"Intranet";"Macro"
"2858";"CONFAZ12_FINRO12";NA;NA;"Inativa";"Min. Fazenda/Cotepe";"Finanças públicas";"Contribuição - Finsocial / Cofins - Rondônia (RO)";"Contribuição para o Finsocial / Cofins - Rondônia (RO)";"Não oculta";"Intranet";0;0;0;NA;NA;"CONFAZ12";"Intranet";"Macro"
"2859";"CONFAZ12_FINRR12";NA;NA;"Inativa";"Min. Fazenda/Cotepe";"Finanças públicas";"Contribuição - Finsocial / Cofins - Roraima (RR)";"Contribuição para o Finsocial / Cofins - Roraima (RR)";"Não oculta";"Intranet";0;0;0;NA;NA;"CONFAZ12";"Intranet";"Macro"
"2860";"CONFAZ12_FINRS12";NA;NA;"Inativa";"Min. Fazenda/Cotepe";"Finanças públicas";"Contribuição - Finsocial / Cofins - Rio Grande do Sul (RS)";"Contribuição para o Finsocial / Cofins - Rio Grande do Sul (RS)";"Não oculta";"Intranet";0;0;0;NA;NA;"CONFAZ12";"Intranet";"Macro"
"2861";"CONFAZ12_FINSC12";NA;NA;"Inativa";"Min. Fazenda/Cotepe";"Finanças públicas";"Contribuição - Finsocial / Cofins - Santa Catarina (SC)";"Contribuição para o Finsocial / Cofins - Santa Catarina (SC)";"Não oculta";"Intranet";0;0;0;NA;NA;"CONFAZ12";"Intranet";"Macro"
"2862";"CONFAZ12_FINSE12";NA;NA;"Inativa";"Min. Fazenda/Cotepe";"Finanças públicas";"Contribuição - Finsocial / Cofins - Sergipe (SE)";"Contribuição para o Finsocial / Cofins - Sergipe (SE)";"Não oculta";"Intranet";0;0;0;NA;NA;"CONFAZ12";"Intranet";"Macro"
"2863";"CONFAZ12_FINSP12";NA;NA;"Inativa";"Min. Fazenda/Cotepe";"Finanças públicas";"Contribuição - Finsocial / Cofins - São Paulo (SP)";"Contribuição para o Finsocial / Cofins - São Paulo (SP)";"Não oculta";"Intranet";0;0;0;NA;NA;"CONFAZ12";"Intranet";"Macro"
"2864";"CONFAZ12_FINTO12";NA;NA;"Inativa";"Min. Fazenda/Cotepe";"Finanças públicas";"Contribuição - Finsocial / Cofins - Tocantins (TO)";"Contribuição para o Finsocial / Cofins - Tocantins (TO)";"Não oculta";"Intranet";0;0;0;NA;NA;"CONFAZ12";"Intranet";"Macro"
"2865";"CONFAZ12_FUNDAC12";NA;NA;"Inativa";"Min. Fazenda/Cotepe";"Finanças públicas";"Contribuição - Fundaf - Acre (AC)";"Contribuição para o Fundaf - Acre (AC)";"Não oculta";"Intranet";0;0;0;NA;NA;"CONFAZ12";"Intranet";"Macro"
"2866";"CONFAZ12_FUNDAL12";NA;NA;"Inativa";"Min. Fazenda/Cotepe";"Finanças públicas";"Contribuição - Fundaf - Alagoas (AL)";"Contribuição para o Fundaf - Alagoas (AL)";"Não oculta";"Intranet";0;0;0;NA;NA;"CONFAZ12";"Intranet";"Macro"
"2867";"CONFAZ12_FUNDAM12";NA;NA;"Inativa";"Min. Fazenda/Cotepe";"Finanças públicas";"Contribuição - Fundaf - Amazonas (AM)";"Contribuição para o Fundaf - Amazonas (AM)";"Não oculta";"Intranet";0;0;0;NA;NA;"CONFAZ12";"Intranet";"Macro"
"2868";"CONFAZ12_FUNDAP12";NA;NA;"Inativa";"Min. Fazenda/Cotepe";"Finanças públicas";"Contribuição - Fundaf - Amapá (AP)";"Contribuição para o Fundaf - Amapá (AP)";"Não oculta";"Intranet";0;0;0;NA;NA;"CONFAZ12";"Intranet";"Macro"
"2869";"CONFAZ12_FUNDBA12";NA;NA;"Inativa";"Min. Fazenda/Cotepe";"Finanças públicas";"Contribuição - Fundaf - Bahia (BA)";"Contribuição para o Fundaf - Bahia (BA)";"Não oculta";"Intranet";0;0;0;NA;NA;"CONFAZ12";"Intranet";"Macro"
"2870";"CONFAZ12_FUNDCE12";NA;NA;"Inativa";"Min. Fazenda/Cotepe";"Finanças públicas";"Contribuição - Fundaf - Ceará (CE)";"Contribuição para o Fundaf - Ceará (CE)";"Não oculta";"Intranet";0;0;0;NA;NA;"CONFAZ12";"Intranet";"Macro"
"2871";"CONFAZ12_FUNDDF12";NA;NA;"Inativa";"Min. Fazenda/Cotepe";"Finanças públicas";"Contribuição - Fundaf - Distrito Federal (DF)";"Contribuição para o Fundaf - Distrito Federal (DF)";"Não oculta";"Intranet";0;0;0;NA;NA;"CONFAZ12";"Intranet";"Macro"
"2872";"CONFAZ12_FUNDES12";NA;NA;"Inativa";"Min. Fazenda/Cotepe";"Finanças públicas";"Contribuição - Fundaf - Espírito Santo (ES)";"Contribuição para o Fundaf - Espírito Santo (ES)";"Não oculta";"Intranet";0;0;0;NA;NA;"CONFAZ12";"Intranet";"Macro"
"2873";"CONFAZ12_FUNDGO12";NA;NA;"Inativa";"Min. Fazenda/Cotepe";"Finanças públicas";"Contribuição - Fundaf - Goiás (GO)";"Contribuição para o Fundaf - Goiás (GO)";"Não oculta";"Intranet";0;0;0;NA;NA;"CONFAZ12";"Intranet";"Macro"
"2874";"CONFAZ12_FUNDMA12";NA;NA;"Inativa";"Min. Fazenda/Cotepe";"Finanças públicas";"Contribuição - Fundaf - Maranhão (MA)";"Contribuição para o Fundaf - Maranhão (MA)";"Não oculta";"Intranet";0;0;0;NA;NA;"CONFAZ12";"Intranet";"Macro"
"2875";"CONFAZ12_FUNDMG12";NA;NA;"Inativa";"Min. Fazenda/Cotepe";"Finanças públicas";"Contribuição - Fundaf - Minas Gerais (MG)";"Contribuição para o Fundaf - Minas Gerais (MG)";"Não oculta";"Intranet";0;0;0;NA;NA;"CONFAZ12";"Intranet";"Macro"
"2876";"CONFAZ12_FUNDMS12";NA;NA;"Inativa";"Min. Fazenda/Cotepe";"Finanças públicas";"Contribuição - Fundaf - Mato Grosso do Sul (MS)";"Contribuição para o Fundaf - Mato Grosso do Sul (MS)";"Não oculta";"Intranet";0;0;0;NA;NA;"CONFAZ12";"Intranet";"Macro"
"2877";"CONFAZ12_FUNDMT12";NA;NA;"Inativa";"Min. Fazenda/Cotepe";"Finanças públicas";"Contribuição - Fundaf - Mato Grosso (MT)";"Contribuição para o Fundaf - Mato Grosso (MT)";"Não oculta";"Intranet";0;0;0;NA;NA;"CONFAZ12";"Intranet";"Macro"
"2878";"CONFAZ12_FUNDPA12";NA;NA;"Inativa";"Min. Fazenda/Cotepe";"Finanças públicas";"Contribuição - Fundaf - Pará (PA)";"Contribuição para o Fundaf - Pará (PA)";"Não oculta";"Intranet";0;0;0;NA;NA;"CONFAZ12";"Intranet";"Macro"
"2879";"CONFAZ12_FUNDPB12";NA;NA;"Inativa";"Min. Fazenda/Cotepe";"Finanças públicas";"Contribuição - Fundaf - Paraíba (PB)";"Contribuição para o Fundaf - Paraíba (PB)";"Não oculta";"Intranet";0;0;0;NA;NA;"CONFAZ12";"Intranet";"Macro"
"2880";"CONFAZ12_FUNDPE12";NA;NA;"Inativa";"Min. Fazenda/Cotepe";"Finanças públicas";"Contribuição - Fundaf - Pernambuco (PE)";"Contribuição para o Fundaf - Pernambuco (PE)";"Não oculta";"Intranet";0;0;0;NA;NA;"CONFAZ12";"Intranet";"Macro"
"2881";"CONFAZ12_FUNDPI12";NA;NA;"Inativa";"Min. Fazenda/Cotepe";"Finanças públicas";"Contribuição - Fundaf - Piauí (PI)";"Contribuição para o Fundaf - Piauí (PI)";"Não oculta";"Intranet";0;0;0;NA;NA;"CONFAZ12";"Intranet";"Macro"
"2882";"CONFAZ12_FUNDPR12";NA;NA;"Inativa";"Min. Fazenda/Cotepe";"Finanças públicas";"Contribuição - Fundaf - Paraná (PR)";"Contribuição para o Fundaf - Paraná (PR)";"Não oculta";"Intranet";0;0;0;NA;NA;"CONFAZ12";"Intranet";"Macro"
"2883";"CONFAZ12_FUNDRJ12";NA;NA;"Inativa";"Min. Fazenda/Cotepe";"Finanças públicas";"Contribuição - Fundaf - Rio de Janeiro (RJ)";"Contribuição para o Fundaf - Rio de Janeiro (RJ)";"Não oculta";"Intranet";0;0;0;NA;NA;"CONFAZ12";"Intranet";"Macro"
"2884";"CONFAZ12_FUNDRN12";NA;NA;"Inativa";"Min. Fazenda/Cotepe";"Finanças públicas";"Contribuição - Fundaf - Rio Grande do Norte (RN)";"Contribuição para o Fundaf - Rio Grande do Norte (RN)";"Não oculta";"Intranet";0;0;0;NA;NA;"CONFAZ12";"Intranet";"Macro"
"2885";"CONFAZ12_FUNDRO12";NA;NA;"Inativa";"Min. Fazenda/Cotepe";"Finanças públicas";"Contribuição - Fundaf - Rondônia (RO)";"Contribuição para o Fundaf - Rondônia (RO)";"Não oculta";"Intranet";0;0;0;NA;NA;"CONFAZ12";"Intranet";"Macro"
"2886";"CONFAZ12_FUNDRR12";NA;NA;"Inativa";"Min. Fazenda/Cotepe";"Finanças públicas";"Contribuição - Fundaf - Roraima (RR)";"Contribuição para o Fundaf - Roraima (RR)";"Não oculta";"Intranet";0;0;0;NA;NA;"CONFAZ12";"Intranet";"Macro"
"2887";"CONFAZ12_FUNDRS12";NA;NA;"Inativa";"Min. Fazenda/Cotepe";"Finanças públicas";"Contribuição - Fundaf - Rio Grande do Sul (RS)";"Contribuição para o Fundaf - Rio Grande do Sul (RS)";"Não oculta";"Intranet";0;0;0;NA;NA;"CONFAZ12";"Intranet";"Macro"
"2888";"CONFAZ12_FUNDSC12";NA;NA;"Inativa";"Min. Fazenda/Cotepe";"Finanças públicas";"Contribuição - Fundaf - Santa Catarina (SC)";"Contribuição para o Fundaf - Santa Catarina (SC)";"Não oculta";"Intranet";0;0;0;NA;NA;"CONFAZ12";"Intranet";"Macro"
"2889";"CONFAZ12_FUNDSE12";NA;NA;"Inativa";"Min. Fazenda/Cotepe";"Finanças públicas";"Contribuição - Fundaf - Sergipe (SE)";"Contribuição para o Fundaf - Sergipe (SE)";"Não oculta";"Intranet";0;0;0;NA;NA;"CONFAZ12";"Intranet";"Macro"
"2890";"CONFAZ12_FUNDSP12";NA;NA;"Inativa";"Min. Fazenda/Cotepe";"Finanças públicas";"Contribuição - Fundaf - São Paulo (SP)";"Contribuição para o Fundaf - São Paulo (SP)";"Não oculta";"Intranet";0;0;0;NA;NA;"CONFAZ12";"Intranet";"Macro"
"2891";"CONFAZ12_FUNDTO12";NA;NA;"Inativa";"Min. Fazenda/Cotepe";"Finanças públicas";"Contribuição - Fundaf - Tocantins (TO)";"Contribuição para o Fundaf - Tocantins (TO)";"Não oculta";"Intranet";0;0;0;NA;NA;"CONFAZ12";"Intranet";"Macro"
"2892";"CONFAZ12_ICMSAC12";5;1176;"Ativa";"Min. Fazenda/Cotepe";"Finanças públicas";"Imposto sobre a circulação de mercadorias (ICMS) - Acre (AC)";"Imposto sobre a circulação de mercadorias (ICMS) - Acre (AC)";"Não oculta";"Internet";100;0;0;"Revisada em 21/fev/2002.";NA;"CONFAZ12";"Internet";"Macro"
"2893";"CONFAZ12_ICMSAL12";4;1262;"Ativa";"Min. Fazenda/Cotepe";"Finanças públicas";"Imposto sobre a circulação de mercadorias (ICMS) - Alagoas (AL)";"Imposto sobre a circulação de mercadorias (ICMS) - Alagoas (AL)";"Não oculta";"Internet";40;0;0;"Revisada em 21/fev/2002.";NA;"CONFAZ12";"Internet";"Macro"
"2894";"CONFAZ12_ICMSAM12";5;1176;"Ativa";"Min. Fazenda/Cotepe";"Finanças públicas";"Imposto sobre a circulação de mercadorias (ICMS) - Amazonas (AM)";"Imposto sobre a circulação de mercadorias (ICMS) - Amazonas (AM)";"Não oculta";"Internet";100;0;0;"Revisada em 21/fev/2002.";NA;"CONFAZ12";"Internet";"Macro"
"2895";"CONFAZ12_ICMSAP12";4;1262;"Ativa";"Min. Fazenda/Cotepe";"Finanças públicas";"Imposto sobre a circulação de mercadorias (ICMS) - Amapá (AP)";"Imposto sobre a circulação de mercadorias (ICMS) - Amapá (AP)";"Não oculta";"Internet";40;0;0;"Revisada em 21/fev/2002.";NA;"CONFAZ12";"Internet";"Macro"
"2896";"CONFAZ12_ICMSBA12";7;1050;"Ativa";"Min. Fazenda/Cotepe";"Finanças públicas";"Imposto sobre a circulação de mercadorias (ICMS) - Bahia (BA)";"Imposto sobre a circulação de mercadorias (ICMS) - Bahia (BA)";"Não oculta";"Internet";40;0;0;"Revisada em 21/fev/2002.";NA;"CONFAZ12";"Internet";"Macro"
"2897";"CONFAZ12_ICMSCE12";5;1176;"Ativa";"Min. Fazenda/Cotepe";"Finanças públicas";"Imposto sobre a circulação de mercadorias (ICMS) - Ceará (CE)";"Imposto sobre a circulação de mercadorias (ICMS) - Ceará (CE)";"Não oculta";"Internet";40;0;0;"Revisada em 21/fev/2002.";NA;"CONFAZ12";"Internet";"Macro"
"2898";"CONFAZ12_ICMSDF12";8;996;"Ativa";"Min. Fazenda/Cotepe";"Finanças públicas";"Imposto sobre a circulação de mercadorias (ICMS) - Distrito Federal (DF)";"Imposto sobre a circulação de mercadorias (ICMS) - Distrito Federal (DF)";"Não oculta";"Internet";40;0;0;"Revisada em 21/fev/2002.";NA;"CONFAZ12";"Internet";"Macro"
"2899";"CONFAZ12_ICMSES12";10;894;"Ativa";"Min. Fazenda/Cotepe";"Finanças públicas";"Imposto sobre a circulação de mercadorias (ICMS) - Espírito Santo (ES)";"Imposto sobre a circulação de mercadorias (ICMS) - Espírito Santo (ES)";"Não oculta";"Internet";40;0;0;"Revisada em 21/fev/2002.";NA;"CONFAZ12";"Internet";"Macro"
"2900";"CONFAZ12_ICMSGO12";7;1050;"Ativa";"Min. Fazenda/Cotepe";"Finanças públicas";"Imposto sobre a circulação de mercadorias (ICMS) - Goiás (GO)";"Imposto sobre a circulação de mercadorias (ICMS) - Goiás (GO)";"Não oculta";"Internet";40;0;0;"Revisada em 21/fev/2002.";NA;"CONFAZ12";"Internet";"Macro"
"2901";"CONFAZ12_ICMSMA12";4;1262;"Ativa";"Min. Fazenda/Cotepe";"Finanças públicas";"Imposto sobre a circulação de mercadorias (ICMS) - Maranhão (MA)";"Imposto sobre a circulação de mercadorias (ICMS) - Maranhão (MA)";"Não oculta";"Internet";40;0;0;"Revisada em 21/fev/2002.";NA;"CONFAZ12";"Internet";"Macro"
"2902";"CONFAZ12_ICMSMG12";12;812;"Ativa";"Min. Fazenda/Cotepe";"Finanças públicas";"Imposto sobre a circulação de mercadorias (ICMS) - Minas Gerais (MG)";"Imposto sobre a circulação de mercadorias (ICMS) - Minas Gerais (MG)";"Não oculta";"Internet";40;0;0;"Revisada em 21/fev/2002.";NA;"CONFAZ12";"Internet";"Macro"
"2903";"CONFAZ12_ICMSMS12";6;1117;"Ativa";"Min. Fazenda/Cotepe";"Finanças públicas";"Imposto sobre a circulação de mercadorias (ICMS) - Mato Grosso do Sul (MS)";"Imposto sobre a circulação de mercadorias (ICMS) - Mato Grosso do Sul (MS)";"Não oculta";"Internet";40;0;0;"Revisada em 21/fev/2002.";NA;"CONFAZ12";"Internet";"Macro"
"2904";"CONFAZ12_ICMSMT12";5;1176;"Ativa";"Min. Fazenda/Cotepe";"Finanças públicas";"Imposto sobre a circulação de mercadorias (ICMS) - Mato Grosso (MT)";"Imposto sobre a circulação de mercadorias (ICMS) - Mato Grosso (MT)";"Não oculta";"Internet";40;0;0;"Revisada em 21/fev/2002.";NA;"CONFAZ12";"Internet";"Macro"
"2905";"CONFAZ12_ICMSPA12";5;1176;"Ativa";"Min. Fazenda/Cotepe";"Finanças públicas";"Imposto sobre a circulação de mercadorias (ICMS) - Pará (PA)";"Imposto sobre a circulação de mercadorias (ICMS) - Pará (PA)";"Não oculta";"Internet";40;0;0;"Revisada em 21/fev/2002.";NA;"CONFAZ12";"Internet";"Macro"
"2906";"CONFAZ12_ICMSPB12";8;996;"Ativa";"Min. Fazenda/Cotepe";"Finanças públicas";"Imposto sobre a circulação de mercadorias (ICMS) - Paraíba (PB)";"Imposto sobre a circulação de mercadorias (ICMS) - Paraíba (PB)";"Não oculta";"Internet";40;0;0;"Revisada em 21/fev/2002.";NA;"CONFAZ12";"Internet";"Macro"
"2907";"CONFAZ12_ICMSPE12";6;1117;"Ativa";"Min. Fazenda/Cotepe";"Finanças públicas";"Imposto sobre a circulação de mercadorias (ICMS) - Pernambuco (PE)";"Imposto sobre a circulação de mercadorias (ICMS) - Pernambuco (PE)";"Não oculta";"Internet";40;0;0;"Revisada em 21/fev/2002.";NA;"CONFAZ12";"Internet";"Macro"
"2908";"CONFAZ12_ICMSPI12";8;996;"Ativa";"Min. Fazenda/Cotepe";"Finanças públicas";"Imposto sobre a circulação de mercadorias (ICMS) - Piauí (PI)";"Imposto sobre a circulação de mercadorias (ICMS) - Piauí (PI)";"Não oculta";"Internet";40;0;0;"Revisada em 21/fev/2002.";NA;"CONFAZ12";"Internet";"Macro"
"2909";"CONFAZ12_ICMSPR12";15;714;"Ativa";"Min. Fazenda/Cotepe";"Finanças públicas";"Imposto sobre a circulação de mercadorias (ICMS) - Paraná (PR)";"Imposto sobre a circulação de mercadorias (ICMS) - Paraná (PR)";"Não oculta";"Internet";100;0;0;"Revisada em 21/fev/2002.";NA;"CONFAZ12";"Internet";"Macro"
"2910";"CONFAZ12_ICMSRJ12";5;1176;"Ativa";"Min. Fazenda/Cotepe";"Finanças públicas";"Imposto sobre a circulação de mercadorias (ICMS) - Rio de Janeiro (RJ)";"Imposto sobre a circulação de mercadorias (ICMS) - Rio de Janeiro (RJ)";"Não oculta";"Internet";40;0;0;"Revisada em 21/fev/2002.";NA;"CONFAZ12";"Internet";"Macro"
"2911";"CONFAZ12_ICMSRN12";4;1262;"Ativa";"Min. Fazenda/Cotepe";"Finanças públicas";"Imposto sobre a circulação de mercadorias (ICMS) - Rio Grande do Norte (RN)";"Imposto sobre a circulação de mercadorias (ICMS) - Rio Grande do Norte (RN)";"Não oculta";"Internet";40;0;0;"Revisada em 21/fev/2002.";NA;"CONFAZ12";"Internet";"Macro"
"2912";"CONFAZ12_ICMSRO12";3;1356;"Ativa";"Min. Fazenda/Cotepe";"Finanças públicas";"Imposto sobre a circulação de mercadorias (ICMS) - Rondônia (RO)";"Imposto sobre a circulação de mercadorias (ICMS) - Rondônia (RO)";"Não oculta";"Internet";40;0;0;"Revisada em 21/fev/2002.";NA;"CONFAZ12";"Internet";"Macro"
"2913";"CONFAZ12_ICMSRR12";3;1356;"Ativa";"Min. Fazenda/Cotepe";"Finanças públicas";"Imposto sobre a circulação de mercadorias (ICMS) - Roraima (RR)";"Imposto sobre a circulação de mercadorias (ICMS) - Roraima (RR)";"Não oculta";"Internet";40;0;0;"Revisada em 21/fev/2002.";NA;"CONFAZ12";"Internet";"Macro"
"2914";"CONFAZ12_ICMSRS12";5;1176;"Ativa";"Min. Fazenda/Cotepe";"Finanças públicas";"Imposto sobre a circulação de mercadorias (ICMS) - Rio Grande do Sul (RS)";"Imposto sobre a circulação de mercadorias (ICMS) - Rio Grande do Sul (RS)";"Não oculta";"Internet";40;0;0;"Revisada em 21/fev/2002.";NA;"CONFAZ12";"Internet";"Macro"
"2915";"CONFAZ12_ICMSSC12";7;1050;"Ativa";"Min. Fazenda/Cotepe";"Finanças públicas";"Imposto sobre a circulação de mercadorias (ICMS) - Santa Catarina (SC)";"Imposto sobre a circulação de mercadorias (ICMS) - Santa Catarina (SC)";"Não oculta";"Internet";40;0;0;"Revisada em 21/fev/2002.";NA;"CONFAZ12";"Internet";"Macro"
"2916";"CONFAZ12_ICMSSE12";4;1262;"Ativa";"Min. Fazenda/Cotepe";"Finanças públicas";"Imposto sobre a circulação de mercadorias (ICMS) - Sergipe (SE)";"Imposto sobre a circulação de mercadorias (ICMS) - Sergipe (SE)";"Não oculta";"Internet";40;0;0;"Revisada em 21/fev/2002.";NA;"CONFAZ12";"Internet";"Macro"
"2917";"CONFAZ12_ICMSSP12";17;667;"Ativa";"Min. Fazenda/Cotepe";"Finanças públicas";"Imposto sobre a circulação de mercadorias (ICMS) - São Paulo (SP)";"Imposto sobre a circulação de mercadorias (ICMS) - São Paulo (SP)";"Não oculta";"Internet";40;0;0;"Revisada em 21/fev/2002.";NA;"CONFAZ12";"Internet";"Macro"
"2918";"CONFAZ12_ICMSTO12";5;1176;"Ativa";"Min. Fazenda/Cotepe";"Finanças públicas";"Imposto sobre a circulação de mercadorias (ICMS) - Tocantins (TO)";"Imposto sobre a circulação de mercadorias (ICMS) - Tocantins (TO)";"Não oculta";"Internet";40;0;0;"Revisada em 21/fev/2002.";NA;"CONFAZ12";"Internet";"Macro"
"2919";"CONFAZ12_IEAC12";NA;NA;"Inativa";"Min. Fazenda/Cotepe";"Finanças públicas";"Imposto sobre a exportação (IE) - Acre (AC)";"Imposto sobre a exportação (IE) - Acre (AC)";"Não oculta";"Intranet";0;0;0;NA;NA;"CONFAZ12";"Intranet";"Macro"
"2920";"CONFAZ12_IEAL12";NA;NA;"Inativa";"Min. Fazenda/Cotepe";"Finanças públicas";"Imposto sobre a exportação (IE) - Alagoas (AL)";"Imposto sobre a exportação (IE) - Alagoas (AL)";"Não oculta";"Intranet";0;0;0;NA;NA;"CONFAZ12";"Intranet";"Macro"
"2921";"CONFAZ12_IEAM12";NA;NA;"Inativa";"Min. Fazenda/Cotepe";"Finanças públicas";"Imposto sobre a exportação (IE) - Amazonas (AM)";"Imposto sobre a exportação (IE) - Amazonas (AM)";"Não oculta";"Intranet";0;0;0;NA;NA;"CONFAZ12";"Intranet";"Macro"
"2922";"CONFAZ12_IEBA12";NA;NA;"Inativa";"Min. Fazenda/Cotepe";"Finanças públicas";"Imposto sobre a exportação (IE) - Bahia (BA)";"Imposto sobre a exportação (IE) - Bahia (BA)";"Não oculta";"Intranet";0;0;0;NA;NA;"CONFAZ12";"Intranet";"Macro"
"2923";"CONFAZ12_IECE12";NA;NA;"Inativa";"Min. Fazenda/Cotepe";"Finanças públicas";"Imposto sobre a exportação (IE) - Ceará (CE)";"Imposto sobre a exportação (IE) - Ceará (CE)";"Não oculta";"Intranet";0;0;0;NA;NA;"CONFAZ12";"Intranet";"Macro"
"2924";"CONFAZ12_IEDF12";NA;NA;"Inativa";"Min. Fazenda/Cotepe";"Finanças públicas";"Imposto sobre a exportação (IE) - Distrito Federal (DF)";"Imposto sobre a exportação (IE) - Distrito Federal (DF)";"Não oculta";"Intranet";0;0;0;NA;NA;"CONFAZ12";"Intranet";"Macro"
"2925";"CONFAZ12_IEES12";NA;NA;"Inativa";"Min. Fazenda/Cotepe";"Finanças públicas";"Imposto sobre a exportação (IE) - Espírito Santo (ES)";"Imposto sobre a exportação (IE) - Espírito Santo (ES)";"Não oculta";"Intranet";0;0;0;NA;NA;"CONFAZ12";"Intranet";"Macro"
"2926";"CONFAZ12_IEGO12";NA;NA;"Inativa";"Min. Fazenda/Cotepe";"Finanças públicas";"Imposto sobre a exportação (IE) - Goiás (GO)";"Imposto sobre a exportação (IE) - Goiás (GO)";"Não oculta";"Intranet";0;0;0;NA;NA;"CONFAZ12";"Intranet";"Macro"
"2927";"CONFAZ12_IEMA12";NA;NA;"Inativa";"Min. Fazenda/Cotepe";"Finanças públicas";"Imposto sobre a exportação (IE) - Maranhão (MA)";"Imposto sobre a exportação (IE) - Maranhão (MA)";"Não oculta";"Intranet";0;0;0;NA;NA;"CONFAZ12";"Intranet";"Macro"
"2928";"CONFAZ12_IEMG12";NA;NA;"Inativa";"Min. Fazenda/Cotepe";"Finanças públicas";"Imposto sobre a exportação (IE) - Minas Gerais (MG)";"Imposto sobre a exportação (IE) - Minas Gerais (MG)";"Não oculta";"Intranet";0;0;0;NA;NA;"CONFAZ12";"Intranet";"Macro"
"2929";"CONFAZ12_IEMS12";NA;NA;"Inativa";"Min. Fazenda/Cotepe";"Finanças públicas";"Imposto sobre a exportação (IE) - Mato Grosso do Sul (MS)";"Imposto sobre a exportação (IE) - Mato Grosso do Sul (MS)";"Não oculta";"Intranet";0;0;0;NA;NA;"CONFAZ12";"Intranet";"Macro"
"2930";"CONFAZ12_IEMT12";NA;NA;"Inativa";"Min. Fazenda/Cotepe";"Finanças públicas";"Imposto sobre a exportação (IE) - Mato Grosso (MT)";"Imposto sobre a exportação (IE) - Mato Grosso (MT)";"Não oculta";"Intranet";0;0;0;NA;NA;"CONFAZ12";"Intranet";"Macro"
"2931";"CONFAZ12_IEPA12";NA;NA;"Inativa";"Min. Fazenda/Cotepe";"Finanças públicas";"Imposto sobre a exportação (IE) - Pará (PA)";"Imposto sobre a exportação (IE) - Pará (PA)";"Não oculta";"Intranet";0;0;0;NA;NA;"CONFAZ12";"Intranet";"Macro"
"2932";"CONFAZ12_IEPB12";NA;NA;"Inativa";"Min. Fazenda/Cotepe";"Finanças públicas";"Imposto sobre a exportação (IE) - Paraíba (PB)";"Imposto sobre a exportação (IE) - Paraíba (PB)";"Não oculta";"Intranet";0;0;0;NA;NA;"CONFAZ12";"Intranet";"Macro"
"2933";"CONFAZ12_IEPE12";NA;NA;"Inativa";"Min. Fazenda/Cotepe";"Finanças públicas";"Imposto sobre a exportação (IE) - Pernambuco (PE)";"Imposto sobre a exportação (IE) - Pernambuco (PE)";"Não oculta";"Intranet";0;0;0;NA;NA;"CONFAZ12";"Intranet";"Macro"
"2934";"CONFAZ12_IEPI12";NA;NA;"Inativa";"Min. Fazenda/Cotepe";"Finanças públicas";"Imposto sobre a exportação (IE) - Piauí (PI)";"Imposto sobre a exportação (IE) - Piauí (PI)";"Não oculta";"Intranet";0;0;0;NA;NA;"CONFAZ12";"Intranet";"Macro"
"2935";"CONFAZ12_IEPR12";NA;NA;"Inativa";"Min. Fazenda/Cotepe";"Finanças públicas";"Imposto sobre a exportação (IE) - Paraná (PR)";"Imposto sobre a exportação (IE) - Paraná (PR)";"Não oculta";"Intranet";0;0;0;NA;NA;"CONFAZ12";"Intranet";"Macro"
"2936";"CONFAZ12_IERJ12";NA;NA;"Inativa";"Min. Fazenda/Cotepe";"Finanças públicas";"Imposto sobre a exportação (IE) - Rio de Janeiro (RJ)";"Imposto sobre a exportação (IE) - Rio de Janeiro (RJ)";"Não oculta";"Intranet";0;0;0;NA;NA;"CONFAZ12";"Intranet";"Macro"
"2937";"CONFAZ12_IERN12";NA;NA;"Inativa";"Min. Fazenda/Cotepe";"Finanças públicas";"Imposto sobre a exportação (IE) - Rio Grande do Norte (RN)";"Imposto sobre a exportação (IE) - Rio Grande do Norte (RN)";"Não oculta";"Intranet";0;0;0;NA;NA;"CONFAZ12";"Intranet";"Macro"
"2938";"CONFAZ12_IERO12";NA;NA;"Inativa";"Min. Fazenda/Cotepe";"Finanças públicas";"Imposto sobre a exportação (IE) - Rondônia (RO)";"Imposto sobre a exportação (IE) - Rondônia (RO)";"Não oculta";"Intranet";0;0;0;NA;NA;"CONFAZ12";"Intranet";"Macro"
"2939";"CONFAZ12_IERS12";NA;NA;"Inativa";"Min. Fazenda/Cotepe";"Finanças públicas";"Imposto sobre a exportação (IE) - Rio Grande do Sul (RS)";"Imposto sobre a exportação (IE) - Rio Grande do Sul (RS)";"Não oculta";"Intranet";0;0;0;NA;NA;"CONFAZ12";"Intranet";"Macro"
"2940";"CONFAZ12_IESC12";NA;NA;"Inativa";"Min. Fazenda/Cotepe";"Finanças públicas";"Imposto sobre a exportação (IE) - Santa Catarina (SC)";"Imposto sobre a exportação (IE) - Santa Catarina (SC)";"Não oculta";"Intranet";0;0;0;NA;NA;"CONFAZ12";"Intranet";"Macro"
"2941";"CONFAZ12_IESP12";NA;NA;"Inativa";"Min. Fazenda/Cotepe";"Finanças públicas";"Imposto sobre a exportação (IE) - São Paulo (SP)";"Imposto sobre a exportação (IE) - São Paulo (SP)";"Não oculta";"Intranet";0;0;0;NA;NA;"CONFAZ12";"Intranet";"Macro"
"2942";"CONFAZ12_IETO12";NA;NA;"Inativa";"Min. Fazenda/Cotepe";"Finanças públicas";"Imposto sobre a exportação (IE) - Tocantins (TO)";"Imposto sobre a exportação (IE) - Tocantins (TO)";"Não oculta";"Intranet";0;0;0;NA;NA;"CONFAZ12";"Intranet";"Macro"
"2943";"CONFAZ12_IIAC12";NA;NA;"Inativa";"Min. Fazenda/Cotepe";"Finanças públicas";"Imposto sobre a importação (II) - Acre (AC)";"Imposto sobre a importação (II) - Acre (AC)";"Não oculta";"Intranet";0;0;0;NA;NA;"CONFAZ12";"Intranet";"Macro"
"2944";"CONFAZ12_IIAL12";NA;NA;"Inativa";"Min. Fazenda/Cotepe";"Finanças públicas";"Imposto sobre a importação (II) - Alagoas (AL)";"Imposto sobre a importação (II) - Alagoas (AL)";"Não oculta";"Intranet";0;0;0;NA;NA;"CONFAZ12";"Intranet";"Macro"
"2945";"CONFAZ12_IIAM12";NA;NA;"Inativa";"Min. Fazenda/Cotepe";"Finanças públicas";"Imposto sobre a importação (II) - Amazonas (AM)";"Imposto sobre a importação (II) - Amazonas (AM)";"Não oculta";"Intranet";0;0;0;NA;NA;"CONFAZ12";"Intranet";"Macro"
"2946";"CONFAZ12_IIAP12";NA;NA;"Inativa";"Min. Fazenda/Cotepe";"Finanças públicas";"Imposto sobre a importação (II) - Amapá (AP)";"Imposto sobre a importação (II) - Amapá (AP)";"Não oculta";"Intranet";0;0;0;NA;NA;"CONFAZ12";"Intranet";"Macro"
"2947";"CONFAZ12_IIBA12";NA;NA;"Inativa";"Min. Fazenda/Cotepe";"Finanças públicas";"Imposto sobre a importação (II) - Bahia (BA)";"Imposto sobre a importação (II) - Bahia (BA)";"Não oculta";"Intranet";0;0;0;NA;NA;"CONFAZ12";"Intranet";"Macro"
"2948";"CONFAZ12_IICE12";NA;NA;"Inativa";"Min. Fazenda/Cotepe";"Finanças públicas";"Imposto sobre a importação (II) - Ceará (CE)";"Imposto sobre a importação (II) - Ceará (CE)";"Não oculta";"Intranet";0;0;0;NA;NA;"CONFAZ12";"Intranet";"Macro"
"2949";"CONFAZ12_IIDF12";NA;NA;"Inativa";"Min. Fazenda/Cotepe";"Finanças públicas";"Imposto sobre a importação (II) - Distrito Federal (DF)";"Imposto sobre a importação (II) - Distrito Federal (DF)";"Não oculta";"Intranet";0;0;0;NA;NA;"CONFAZ12";"Intranet";"Macro"
"2950";"CONFAZ12_IIES12";NA;NA;"Inativa";"Min. Fazenda/Cotepe";"Finanças públicas";"Imposto sobre a importação (II) - Espírito Santo (ES)";"Imposto sobre a importação (II) - Espírito Santo (ES)";"Não oculta";"Intranet";0;0;0;NA;NA;"CONFAZ12";"Intranet";"Macro"
"2951";"CONFAZ12_IIGO12";NA;NA;"Inativa";"Min. Fazenda/Cotepe";"Finanças públicas";"Imposto sobre a importação (II) - Goiás (GO)";"Imposto sobre a importação (II) - Goiás (GO)";"Não oculta";"Intranet";0;0;0;NA;NA;"CONFAZ12";"Intranet";"Macro"
"2952";"CONFAZ12_IIMA12";NA;NA;"Inativa";"Min. Fazenda/Cotepe";"Finanças públicas";"Imposto sobre a importação (II) - Maranhão (MA)";"Imposto sobre a importação (II) - Maranhão (MA)";"Não oculta";"Intranet";0;0;0;NA;NA;"CONFAZ12";"Intranet";"Macro"
"2953";"CONFAZ12_IIMG12";NA;NA;"Inativa";"Min. Fazenda/Cotepe";"Finanças públicas";"Imposto sobre a importação (II) - Minas Gerais (MG)";"Imposto sobre a importação (II) - Minas Gerais (MG)";"Não oculta";"Intranet";0;0;0;NA;NA;"CONFAZ12";"Intranet";"Macro"
"2954";"CONFAZ12_IIMS12";NA;NA;"Inativa";"Min. Fazenda/Cotepe";"Finanças públicas";"Imposto sobre a importação (II) - Mato Grosso do Sul (MS)";"Imposto sobre a importação (II) - Mato Grosso do Sul (MS)";"Não oculta";"Intranet";0;0;0;NA;NA;"CONFAZ12";"Intranet";"Macro"
"2955";"CONFAZ12_IIMT12";NA;NA;"Inativa";"Min. Fazenda/Cotepe";"Finanças públicas";"Imposto sobre a importação (II) - Mato Grosso (MT)";"Imposto sobre a importação (II) - Mato Grosso (MT)";"Não oculta";"Intranet";0;0;0;NA;NA;"CONFAZ12";"Intranet";"Macro"
"2956";"CONFAZ12_IIPA12";NA;NA;"Inativa";"Min. Fazenda/Cotepe";"Finanças públicas";"Imposto sobre a importação (II) - Pará (PA)";"Imposto sobre a importação (II) - Pará (PA)";"Não oculta";"Intranet";0;0;0;NA;NA;"CONFAZ12";"Intranet";"Macro"
"2957";"CONFAZ12_IIPB12";NA;NA;"Inativa";"Min. Fazenda/Cotepe";"Finanças públicas";"Imposto sobre a importação (II) - Paraíba (PB)";"Imposto sobre a importação (II) - Paraíba (PB)";"Não oculta";"Intranet";0;0;0;NA;NA;"CONFAZ12";"Intranet";"Macro"
"2958";"CONFAZ12_IIPE12";NA;NA;"Inativa";"Min. Fazenda/Cotepe";"Finanças públicas";"Imposto sobre a importação (II) - Pernambuco (PE)";"Imposto sobre a importação (II) - Pernambuco (PE)";"Não oculta";"Intranet";0;0;0;NA;NA;"CONFAZ12";"Intranet";"Macro"
"2959";"CONFAZ12_IIPI12";NA;NA;"Inativa";"Min. Fazenda/Cotepe";"Finanças públicas";"Imposto sobre a importação (II) - Piauí (PI)";"Imposto sobre a importação (II) - Piauí (PI)";"Não oculta";"Intranet";0;0;0;NA;NA;"CONFAZ12";"Intranet";"Macro"
"2960";"CONFAZ12_IIPR12";NA;NA;"Inativa";"Min. Fazenda/Cotepe";"Finanças públicas";"Imposto sobre a importação (II) - Paraná (PR)";"Imposto sobre a importação (II) - Paraná (PR)";"Não oculta";"Intranet";0;0;0;NA;NA;"CONFAZ12";"Intranet";"Macro"
"2961";"CONFAZ12_IIRJ12";NA;NA;"Inativa";"Min. Fazenda/Cotepe";"Finanças públicas";"Imposto sobre a importação (II) - Rio de Janeiro (RJ)";"Imposto sobre a importação (II) - Rio de Janeiro (RJ)";"Não oculta";"Intranet";0;0;0;NA;NA;"CONFAZ12";"Intranet";"Macro"
"2962";"CONFAZ12_IIRN12";NA;NA;"Inativa";"Min. Fazenda/Cotepe";"Finanças públicas";"Imposto sobre a importação (II) - Rio Grande do Norte (RN)";"Imposto sobre a importação (II) - Rio Grande do Norte (RN)";"Não oculta";"Intranet";0;0;0;NA;NA;"CONFAZ12";"Intranet";"Macro"
"2963";"CONFAZ12_IIRO12";NA;NA;"Inativa";"Min. Fazenda/Cotepe";"Finanças públicas";"Imposto sobre a importação (II) - Rondônia (RO)";"Imposto sobre a importação (II) - Rondônia (RO)";"Não oculta";"Intranet";0;0;0;NA;NA;"CONFAZ12";"Intranet";"Macro"
"2964";"CONFAZ12_IIRR12";NA;NA;"Inativa";"Min. Fazenda/Cotepe";"Finanças públicas";"Imposto sobre a importação (II) - Roraima (RR)";"Imposto sobre a importação (II) - Roraima (RR)";"Não oculta";"Intranet";0;0;0;NA;NA;"CONFAZ12";"Intranet";"Macro"
"2965";"CONFAZ12_IIRS12";NA;NA;"Inativa";"Min. Fazenda/Cotepe";"Finanças públicas";"Imposto sobre a importação (II) - Rio Grande do Sul (RS)";"Imposto sobre a importação (II) - Rio Grande do Sul (RS)";"Não oculta";"Intranet";0;0;0;NA;NA;"CONFAZ12";"Intranet";"Macro"
"2966";"CONFAZ12_IISC12";NA;NA;"Inativa";"Min. Fazenda/Cotepe";"Finanças públicas";"Imposto sobre a importação (II) - Santa Catarina (SC)";"Imposto sobre a importação (II) - Santa Catarina (SC)";"Não oculta";"Intranet";0;0;0;NA;NA;"CONFAZ12";"Intranet";"Macro"
"2967";"CONFAZ12_IISE12";NA;NA;"Inativa";"Min. Fazenda/Cotepe";"Finanças públicas";"Imposto sobre a importação (II) - Sergipe (SE)";"Imposto sobre a importação (II) - Sergipe (SE)";"Não oculta";"Intranet";0;0;0;NA;NA;"CONFAZ12";"Intranet";"Macro"
"2968";"CONFAZ12_IISP12";NA;NA;"Inativa";"Min. Fazenda/Cotepe";"Finanças públicas";"Imposto sobre a importação (II) - São Paulo (SP)";"Imposto sobre a importação (II) - São Paulo (SP)";"Não oculta";"Intranet";0;0;0;NA;NA;"CONFAZ12";"Intranet";"Macro"
"2969";"CONFAZ12_IITO12";NA;NA;"Inativa";"Min. Fazenda/Cotepe";"Finanças públicas";"Imposto sobre a importação (II) - Tocantins (TO)";"Imposto sobre a importação (II) - Tocantins (TO)";"Não oculta";"Intranet";0;0;0;NA;NA;"CONFAZ12";"Intranet";"Macro"
"2970";"CONFAZ12_IOFAC12";NA;NA;"Inativa";"Min. Fazenda/Cotepe";"Finanças públicas";"Imposto sobre operações financeiras (IOF) - Acre (AC)";"Imposto sobre operações financeiras (IOF) - Acre (AC)";"Não oculta";"Intranet";0;0;0;NA;NA;"CONFAZ12";"Intranet";"Macro"
"2971";"CONFAZ12_IOFAL12";NA;NA;"Inativa";"Min. Fazenda/Cotepe";"Finanças públicas";"Imposto sobre operações financeiras (IOF) - Alagoas (AL)";"Imposto sobre operações financeiras (IOF) - Alagoas (AL)";"Não oculta";"Intranet";0;0;0;NA;NA;"CONFAZ12";"Intranet";"Macro"
"2972";"CONFAZ12_IOFAM12";NA;NA;"Inativa";"Min. Fazenda/Cotepe";"Finanças públicas";"Imposto sobre operações financeiras (IOF) - Amazonas (AM)";"Imposto sobre operações financeiras (IOF) - Amazonas (AM)";"Não oculta";"Intranet";0;0;0;NA;NA;"CONFAZ12";"Intranet";"Macro"
"2973";"CONFAZ12_IOFAP12";NA;NA;"Inativa";"Min. Fazenda/Cotepe";"Finanças públicas";"Imposto sobre operações financeiras (IOF) - Amapá (AP)";"Imposto sobre operações financeiras (IOF) - Amapá (AP)";"Não oculta";"Intranet";0;0;0;NA;NA;"CONFAZ12";"Intranet";"Macro"
"2974";"CONFAZ12_IOFBA12";NA;NA;"Inativa";"Min. Fazenda/Cotepe";"Finanças públicas";"Imposto sobre operações financeiras (IOF) - Bahia (BA)";"Imposto sobre operações financeiras (IOF) - Bahia (BA)";"Não oculta";"Intranet";0;0;0;NA;NA;"CONFAZ12";"Intranet";"Macro"
"2975";"CONFAZ12_IOFCE12";NA;NA;"Inativa";"Min. Fazenda/Cotepe";"Finanças públicas";"Imposto sobre operações financeiras (IOF) - Ceará (CE)";"Imposto sobre operações financeiras (IOF) - Ceará (CE)";"Não oculta";"Intranet";0;0;0;NA;NA;"CONFAZ12";"Intranet";"Macro"
"2976";"CONFAZ12_IOFDF12";NA;NA;"Inativa";"Min. Fazenda/Cotepe";"Finanças públicas";"Imposto sobre operações financeiras (IOF) - Distrito Federal (DF)";"Imposto sobre operações financeiras (IOF) - Distrito Federal (DF)";"Não oculta";"Intranet";0;0;0;NA;NA;"CONFAZ12";"Intranet";"Macro"
"2977";"CONFAZ12_IOFES12";NA;NA;"Inativa";"Min. Fazenda/Cotepe";"Finanças públicas";"Imposto sobre operações financeiras (IOF) - Espírito Santo (ES)";"Imposto sobre operações financeiras (IOF) - Espírito Santo (ES)";"Não oculta";"Intranet";0;0;0;NA;NA;"CONFAZ12";"Intranet";"Macro"
"2978";"CONFAZ12_IOFGO12";NA;NA;"Inativa";"Min. Fazenda/Cotepe";"Finanças públicas";"Imposto sobre operações financeiras (IOF) - Goiás (GO)";"Imposto sobre operações financeiras (IOF) - Goiás (GO)";"Não oculta";"Intranet";0;0;0;NA;NA;"CONFAZ12";"Intranet";"Macro"
"2979";"CONFAZ12_IOFMA12";NA;NA;"Inativa";"Min. Fazenda/Cotepe";"Finanças públicas";"Imposto sobre operações financeiras (IOF) - Maranhão (MA)";"Imposto sobre operações financeiras (IOF) - Maranhão (MA)";"Não oculta";"Intranet";0;0;0;NA;NA;"CONFAZ12";"Intranet";"Macro"
"2980";"CONFAZ12_IOFMG12";NA;NA;"Inativa";"Min. Fazenda/Cotepe";"Finanças públicas";"Imposto sobre operações financeiras (IOF) - Minas Gerais (MG)";"Imposto sobre operações financeiras (IOF) - Minas Gerais (MG)";"Não oculta";"Intranet";0;0;0;NA;NA;"CONFAZ12";"Intranet";"Macro"
"2981";"CONFAZ12_IOFMS12";NA;NA;"Inativa";"Min. Fazenda/Cotepe";"Finanças públicas";"Imposto sobre operações financeiras (IOF) - Mato Grosso do Sul (MS)";"Imposto sobre operações financeiras (IOF) - Mato Grosso do Sul (MS)";"Não oculta";"Intranet";0;0;0;NA;NA;"CONFAZ12";"Intranet";"Macro"
"2982";"CONFAZ12_IOFMT12";NA;NA;"Inativa";"Min. Fazenda/Cotepe";"Finanças públicas";"Imposto sobre operações financeiras (IOF) - Mato Grosso (MT)";"Imposto sobre operações financeiras (IOF) - Mato Grosso (MT)";"Não oculta";"Intranet";0;0;0;NA;NA;"CONFAZ12";"Intranet";"Macro"
"2983";"CONFAZ12_IOFPA12";NA;NA;"Inativa";"Min. Fazenda/Cotepe";"Finanças públicas";"Imposto sobre operações financeiras (IOF) - Pará (PA)";"Imposto sobre operações financeiras (IOF) - Pará (PA)";"Não oculta";"Intranet";0;0;0;NA;NA;"CONFAZ12";"Intranet";"Macro"
"2984";"CONFAZ12_IOFPB12";NA;NA;"Inativa";"Min. Fazenda/Cotepe";"Finanças públicas";"Imposto sobre operações financeiras (IOF) - Paraíba (PB)";"Imposto sobre operações financeiras (IOF) - Paraíba (PB)";"Não oculta";"Intranet";0;0;0;NA;NA;"CONFAZ12";"Intranet";"Macro"
"2985";"CONFAZ12_IOFPE12";NA;NA;"Inativa";"Min. Fazenda/Cotepe";"Finanças públicas";"Imposto sobre operações financeiras (IOF) - Pernambuco (PE)";"Imposto sobre operações financeiras (IOF) - Pernambuco (PE)";"Não oculta";"Intranet";0;0;0;NA;NA;"CONFAZ12";"Intranet";"Macro"
"2986";"CONFAZ12_IOFPI12";NA;NA;"Inativa";"Min. Fazenda/Cotepe";"Finanças públicas";"Imposto sobre operações financeiras (IOF) - Piauí (PI)";"Imposto sobre operações financeiras (IOF) - Piauí (PI)";"Não oculta";"Intranet";0;0;0;NA;NA;"CONFAZ12";"Intranet";"Macro"
"2987";"CONFAZ12_IOFPR12";NA;NA;"Inativa";"Min. Fazenda/Cotepe";"Finanças públicas";"Imposto sobre operações financeiras (IOF) - Paraná (PR)";"Imposto sobre operações financeiras (IOF) - Paraná (PR)";"Não oculta";"Intranet";0;0;0;NA;NA;"CONFAZ12";"Intranet";"Macro"
"2988";"CONFAZ12_IOFRJ12";NA;NA;"Inativa";"Min. Fazenda/Cotepe";"Finanças públicas";"Imposto sobre operações financeiras (IOF) - Rio de Janeiro (RJ)";"Imposto sobre operações financeiras (IOF) - Rio de Janeiro (RJ)";"Não oculta";"Intranet";0;0;0;NA;NA;"CONFAZ12";"Intranet";"Macro"
"2989";"CONFAZ12_IOFRN12";NA;NA;"Inativa";"Min. Fazenda/Cotepe";"Finanças públicas";"Imposto sobre operações financeiras (IOF) - Rio Grande do Norte (RN)";"Imposto sobre operações financeiras (IOF) - Rio Grande do Norte (RN)";"Não oculta";"Intranet";0;0;0;NA;NA;"CONFAZ12";"Intranet";"Macro"
"2990";"CONFAZ12_IOFRO12";NA;NA;"Inativa";"Min. Fazenda/Cotepe";"Finanças públicas";"Imposto sobre operações financeiras (IOF) - Rondônia (RO)";"Imposto sobre operações financeiras (IOF) - Rondônia (RO)";"Não oculta";"Intranet";0;0;0;NA;NA;"CONFAZ12";"Intranet";"Macro"
"2991";"CONFAZ12_IOFRR12";NA;NA;"Inativa";"Min. Fazenda/Cotepe";"Finanças públicas";"Imposto sobre operações financeiras (IOF) - Roraima (RR)";"Imposto sobre operações financeiras (IOF) - Roraima (RR)";"Não oculta";"Intranet";0;0;0;NA;NA;"CONFAZ12";"Intranet";"Macro"
"2992";"CONFAZ12_IOFRS12";NA;NA;"Inativa";"Min. Fazenda/Cotepe";"Finanças públicas";"Imposto sobre operações financeiras (IOF) - Rio Grande do Sul (RS)";"Imposto sobre operações financeiras (IOF) - Rio Grande do Sul (RS)";"Não oculta";"Intranet";0;0;0;NA;NA;"CONFAZ12";"Intranet";"Macro"
"2993";"CONFAZ12_IOFSC12";NA;NA;"Inativa";"Min. Fazenda/Cotepe";"Finanças públicas";"Imposto sobre operações financeiras (IOF) - Santa Catarina (SC)";"Imposto sobre operações financeiras (IOF) - Santa Catarina (SC)";"Não oculta";"Intranet";0;0;0;NA;NA;"CONFAZ12";"Intranet";"Macro"
"2994";"CONFAZ12_IOFSE12";NA;NA;"Inativa";"Min. Fazenda/Cotepe";"Finanças públicas";"Imposto sobre operações financeiras (IOF) - Sergipe (SE)";"Imposto sobre operações financeiras (IOF) - Sergipe (SE)";"Não oculta";"Intranet";0;0;0;NA;NA;"CONFAZ12";"Intranet";"Macro"
"2995";"CONFAZ12_IOFSP12";NA;NA;"Inativa";"Min. Fazenda/Cotepe";"Finanças públicas";"Imposto sobre operações financeiras (IOF) - São Paulo (SP)";"Imposto sobre operações financeiras (IOF) - São Paulo (SP)";"Não oculta";"Intranet";0;0;0;NA;NA;"CONFAZ12";"Intranet";"Macro"
"2996";"CONFAZ12_IOFTO12";NA;NA;"Inativa";"Min. Fazenda/Cotepe";"Finanças públicas";"Imposto sobre operações financeiras (IOF) - Tocantins (TO)";"Imposto sobre operações financeiras (IOF) - Tocantins (TO)";"Não oculta";"Intranet";0;0;0;NA;NA;"CONFAZ12";"Intranet";"Macro"
"2997";"CONFAZ12_IPIAC12";NA;NA;"Inativa";"Min. Fazenda/Cotepe";"Finanças públicas";"Imposto sobre produtos industrializados (IPI) - Acre (AC)";"Imposto sobre produtos industrializados (IPI) - Acre (AC)";"Não oculta";"Intranet";0;0;0;NA;NA;"CONFAZ12";"Intranet";"Macro"
"2998";"CONFAZ12_IPIAL12";NA;NA;"Inativa";"Min. Fazenda/Cotepe";"Finanças públicas";"Imposto sobre produtos industrializados (IPI) - Alagoas (AL)";"Imposto sobre produtos industrializados (IPI) - Alagoas (AL)";"Não oculta";"Intranet";0;0;0;NA;NA;"CONFAZ12";"Intranet";"Macro"
"2999";"CONFAZ12_IPIAM12";NA;NA;"Inativa";"Min. Fazenda/Cotepe";"Finanças públicas";"Imposto sobre produtos industrializados (IPI) - Amazonas (AM)";"Imposto sobre produtos industrializados (IPI) - Amazonas (AM)";"Não oculta";"Intranet";0;0;0;NA;NA;"CONFAZ12";"Intranet";"Macro"
"3000";"CONFAZ12_IPIAP12";NA;NA;"Inativa";"Min. Fazenda/Cotepe";"Finanças públicas";"Imposto sobre produtos industrializados (IPI) - Amapá (AP)";"Imposto sobre produtos industrializados (IPI) - Amapá (AP)";"Não oculta";"Intranet";0;0;0;NA;NA;"CONFAZ12";"Intranet";"Macro"
"3001";"CONFAZ12_IPIBA12";NA;NA;"Inativa";"Min. Fazenda/Cotepe";"Finanças públicas";"Imposto sobre produtos industrializados (IPI) - Bahia (BA)";"Imposto sobre produtos industrializados (IPI) - Bahia (BA)";"Não oculta";"Intranet";0;0;0;NA;NA;"CONFAZ12";"Intranet";"Macro"
"3002";"CONFAZ12_IPICE12";NA;NA;"Inativa";"Min. Fazenda/Cotepe";"Finanças públicas";"Imposto sobre produtos industrializados (IPI) - Ceará (CE)";"Imposto sobre produtos industrializados (IPI) - Ceará (CE)";"Não oculta";"Intranet";0;0;0;NA;NA;"CONFAZ12";"Intranet";"Macro"
"3003";"CONFAZ12_IPIDF12";NA;NA;"Inativa";"Min. Fazenda/Cotepe";"Finanças públicas";"Imposto sobre produtos industrializados (IPI) - Distrito Federal (DF)";"Imposto sobre produtos industrializados (IPI) - Distrito Federal (DF)";"Não oculta";"Intranet";0;0;0;NA;NA;"CONFAZ12";"Intranet";"Macro"
"3004";"CONFAZ12_IPIES12";NA;NA;"Inativa";"Min. Fazenda/Cotepe";"Finanças públicas";"Imposto sobre produtos industrializados (IPI) - Espírito Santo (ES)";"Imposto sobre produtos industrializados (IPI) - Espírito Santo (ES)";"Não oculta";"Intranet";0;0;0;NA;NA;"CONFAZ12";"Intranet";"Macro"
"3005";"CONFAZ12_IPIGO12";NA;NA;"Inativa";"Min. Fazenda/Cotepe";"Finanças públicas";"Imposto sobre produtos industrializados (IPI) - Goiás (GO)";"Imposto sobre produtos industrializados (IPI) - Goiás (GO)";"Não oculta";"Intranet";0;0;0;NA;NA;"CONFAZ12";"Intranet";"Macro"
"3006";"CONFAZ12_IPIMA12";NA;NA;"Inativa";"Min. Fazenda/Cotepe";"Finanças públicas";"Imposto sobre produtos industrializados (IPI) - Maranhão (MA)";"Imposto sobre produtos industrializados (IPI) - Maranhão (MA)";"Não oculta";"Intranet";0;0;0;NA;NA;"CONFAZ12";"Intranet";"Macro"
"3007";"CONFAZ12_IPIMG12";NA;NA;"Inativa";"Min. Fazenda/Cotepe";"Finanças públicas";"Imposto sobre produtos industrializados (IPI) - Minas Gerais (MG)";"Imposto sobre produtos industrializados (IPI) - Minas Gerais (MG)";"Não oculta";"Intranet";0;0;0;NA;NA;"CONFAZ12";"Intranet";"Macro"
"3008";"CONFAZ12_IPIMS12";NA;NA;"Inativa";"Min. Fazenda/Cotepe";"Finanças públicas";"Imposto sobre produtos industrializados (IPI) - Mato Grosso do Sul (MS)";"Imposto sobre produtos industrializados (IPI) - Mato Grosso do Sul (MS)";"Não oculta";"Intranet";0;0;0;NA;NA;"CONFAZ12";"Intranet";"Macro"
"3009";"CONFAZ12_IPIMT12";NA;NA;"Inativa";"Min. Fazenda/Cotepe";"Finanças públicas";"Imposto sobre produtos industrializados (IPI) - Mato Grosso (MT)";"Imposto sobre produtos industrializados (IPI) - Mato Grosso (MT)";"Não oculta";"Intranet";0;0;0;NA;NA;"CONFAZ12";"Intranet";"Macro"
"3010";"CONFAZ12_IPIPA12";NA;NA;"Inativa";"Min. Fazenda/Cotepe";"Finanças públicas";"Imposto sobre produtos industrializados (IPI) - Pará (PA)";"Imposto sobre produtos industrializados (IPI) - Pará (PA)";"Não oculta";"Intranet";0;0;0;NA;NA;"CONFAZ12";"Intranet";"Macro"
"3011";"CONFAZ12_IPIPB12";NA;NA;"Inativa";"Min. Fazenda/Cotepe";"Finanças públicas";"Imposto sobre produtos industrializados (IPI) - Paraíba (PB)";"Imposto sobre produtos industrializados (IPI) - Paraíba (PB)";"Não oculta";"Intranet";0;0;0;NA;NA;"CONFAZ12";"Intranet";"Macro"
"3012";"CONFAZ12_IPIPE12";NA;NA;"Inativa";"Min. Fazenda/Cotepe";"Finanças públicas";"Imposto sobre produtos industrializados (IPI) - Pernambuco (PE)";"Imposto sobre produtos industrializados (IPI) - Pernambuco (PE)";"Não oculta";"Intranet";0;0;0;NA;NA;"CONFAZ12";"Intranet";"Macro"
"3013";"CONFAZ12_IPIPI12";NA;NA;"Inativa";"Min. Fazenda/Cotepe";"Finanças públicas";"Imposto sobre produtos industrializados (IPI) - Piauí (PI)";"Imposto sobre produtos industrializados (IPI) - Piauí (PI)";"Não oculta";"Intranet";0;0;0;NA;NA;"CONFAZ12";"Intranet";"Macro"
"3014";"CONFAZ12_IPIPR12";NA;NA;"Inativa";"Min. Fazenda/Cotepe";"Finanças públicas";"Imposto sobre produtos industrializados (IPI) - Paraná (PR)";"Imposto sobre produtos industrializados (IPI) - Paraná (PR)";"Não oculta";"Intranet";0;0;0;NA;NA;"CONFAZ12";"Intranet";"Macro"
"3015";"CONFAZ12_IPIRJ12";NA;NA;"Inativa";"Min. Fazenda/Cotepe";"Finanças públicas";"Imposto sobre produtos industrializados (IPI) - Rio de Janeiro (RJ)";"Imposto sobre produtos industrializados (IPI) - Rio de Janeiro (RJ)";"Não oculta";"Intranet";0;0;0;NA;NA;"CONFAZ12";"Intranet";"Macro"
"3016";"CONFAZ12_IPIRN12";NA;NA;"Inativa";"Min. Fazenda/Cotepe";"Finanças públicas";"Imposto sobre produtos industrializados (IPI) - Rio Grande do Norte (RN)";"Imposto sobre produtos industrializados (IPI) - Rio Grande do Norte (RN)";"Não oculta";"Intranet";0;0;0;NA;NA;"CONFAZ12";"Intranet";"Macro"
"3017";"CONFAZ12_IPIRO12";NA;NA;"Inativa";"Min. Fazenda/Cotepe";"Finanças públicas";"Imposto sobre produtos industrializados (IPI) - Rondônia (RO)";"Imposto sobre produtos industrializados (IPI) - Rondônia (RO)";"Não oculta";"Intranet";0;0;0;NA;NA;"CONFAZ12";"Intranet";"Macro"
"3018";"CONFAZ12_IPIRR12";NA;NA;"Inativa";"Min. Fazenda/Cotepe";"Finanças públicas";"Imposto sobre produtos industrializados (IPI) - Roraima (RR)";"Imposto sobre produtos industrializados (IPI) - Roraima (RR)";"Não oculta";"Intranet";0;0;0;NA;NA;"CONFAZ12";"Intranet";"Macro"
"3019";"CONFAZ12_IPIRS12";NA;NA;"Inativa";"Min. Fazenda/Cotepe";"Finanças públicas";"Imposto sobre produtos industrializados (IPI) - Rio Grande do Sul (RS)";"Imposto sobre produtos industrializados (IPI) - Rio Grande do Sul (RS)";"Não oculta";"Intranet";0;0;0;NA;NA;"CONFAZ12";"Intranet";"Macro"
"3020";"CONFAZ12_IPISC12";NA;NA;"Inativa";"Min. Fazenda/Cotepe";"Finanças públicas";"Imposto sobre produtos industrializados (IPI) - Santa Catarina (SC)";"Imposto sobre produtos industrializados (IPI) - Santa Catarina (SC)";"Não oculta";"Intranet";0;0;0;NA;NA;"CONFAZ12";"Intranet";"Macro"
"3021";"CONFAZ12_IPISE12";NA;NA;"Inativa";"Min. Fazenda/Cotepe";"Finanças públicas";"Imposto sobre produtos industrializados (IPI) - Sergipe (SE)";"Imposto sobre produtos industrializados (IPI) - Sergipe (SE)";"Não oculta";"Intranet";0;0;0;NA;NA;"CONFAZ12";"Intranet";"Macro"
"3022";"CONFAZ12_IPISP12";NA;NA;"Inativa";"Min. Fazenda/Cotepe";"Finanças públicas";"Imposto sobre produtos industrializados (IPI) - São Paulo (SP)";"Imposto sobre produtos industrializados (IPI) - São Paulo (SP)";"Não oculta";"Intranet";0;0;0;NA;NA;"CONFAZ12";"Intranet";"Macro"
"3023";"CONFAZ12_IPITO12";NA;NA;"Inativa";"Min. Fazenda/Cotepe";"Finanças públicas";"Imposto sobre produtos industrializados (IPI) - Tocantins (TO)";"Imposto sobre produtos industrializados (IPI) - Tocantins (TO)";"Não oculta";"Intranet";0;0;0;NA;NA;"CONFAZ12";"Intranet";"Macro"
"3024";"CONFAZ12_IPVAAC12";NA;NA;"Ativa";"Min. Fazenda/Cotepe";"Finanças públicas";"Imposto sobre a propriedade de veículos automotores (IPVA) - Acre (AC)";"Imposto sobre a propriedade de veículos automotores (IPVA) - Acre (AC)";"Não oculta";"Internet";100;0;0;NA;NA;"CONFAZ12";"Internet";"Macro"
"3025";"CONFAZ12_IPVAAL12";NA;NA;"Ativa";"Min. Fazenda/Cotepe";"Finanças públicas";"Imposto sobre a propriedade de veículos automotores (IPVA) - Alagoas (AL)";"Imposto sobre a propriedade de veículos automotores (IPVA) - Alagoas (AL)";"Não oculta";"Internet";40;0;0;NA;NA;"CONFAZ12";"Internet";"Macro"
"3026";"CONFAZ12_IPVAAM12";NA;NA;"Ativa";"Min. Fazenda/Cotepe";"Finanças públicas";"Imposto sobre a propriedade de veículos automotores (IPVA) - Amazonas (AM)";"Imposto sobre a propriedade de veículos automotores (IPVA) - Amazonas (AM)";"Não oculta";"Internet";100;0;0;NA;NA;"CONFAZ12";"Internet";"Macro"
"3027";"CONFAZ12_IPVAAP12";NA;NA;"Ativa";"Min. Fazenda/Cotepe";"Finanças públicas";"Imposto sobre a propriedade de veículos automotores (IPVA) - Amapá (AP)";"Imposto sobre a propriedade de veículos automotores (IPVA) - Amapá (AP)";"Não oculta";"Internet";40;0;0;NA;NA;"CONFAZ12";"Internet";"Macro"
"3028";"CONFAZ12_IPVABA12";NA;NA;"Ativa";"Min. Fazenda/Cotepe";"Finanças públicas";"Imposto sobre a propriedade de veículos automotores (IPVA) - Bahia (BA)";"Imposto sobre a propriedade de veículos automotores (IPVA) - Bahia (BA)";"Não oculta";"Internet";40;0;0;NA;NA;"CONFAZ12";"Internet";"Macro"
"3029";"CONFAZ12_IPVACE12";NA;NA;"Ativa";"Min. Fazenda/Cotepe";"Finanças públicas";"Imposto sobre a propriedade de veículos automotores (IPVA) - Ceará (CE)";"Imposto sobre a propriedade de veículos automotores (IPVA) - Ceará (CE)";"Não oculta";"Internet";40;0;0;NA;NA;"CONFAZ12";"Internet";"Macro"
"3030";"CONFAZ12_IPVADF12";NA;NA;"Ativa";"Min. Fazenda/Cotepe";"Finanças públicas";"Imposto sobre a propriedade de veículos automotores (IPVA) - Distrito Federal (DF)";"Imposto sobre a propriedade de veículos automotores (IPVA) - Distrito Federal (DF)";"Não oculta";"Internet";40;0;0;NA;NA;"CONFAZ12";"Internet";"Macro"
"3031";"CONFAZ12_IPVAES12";NA;NA;"Ativa";"Min. Fazenda/Cotepe";"Finanças públicas";"Imposto sobre a propriedade de veículos automotores (IPVA) - Espírito Santo (ES)";"Imposto sobre a propriedade de veículos automotores (IPVA) - Espírito Santo (ES)";"Não oculta";"Internet";40;0;0;NA;NA;"CONFAZ12";"Internet";"Macro"
"3032";"CONFAZ12_IPVAGO12";NA;NA;"Ativa";"Min. Fazenda/Cotepe";"Finanças públicas";"Imposto sobre a propriedade de veículos automotores (IPVA) - Goiás (GO)";"Imposto sobre a propriedade de veículos automotores (IPVA) - Goiás (GO)";"Não oculta";"Internet";40;0;0;NA;NA;"CONFAZ12";"Internet";"Macro"
"3033";"CONFAZ12_IPVAMA12";NA;NA;"Ativa";"Min. Fazenda/Cotepe";"Finanças públicas";"Imposto sobre a propriedade de veículos automotores (IPVA) - Maranhão (MA)";"Imposto sobre a propriedade de veículos automotores (IPVA) - Maranhão (MA)";"Não oculta";"Internet";40;0;0;NA;NA;"CONFAZ12";"Internet";"Macro"
"3034";"CONFAZ12_IPVAMG12";NA;NA;"Ativa";"Min. Fazenda/Cotepe";"Finanças públicas";"Imposto sobre a propriedade de veículos automotores (IPVA) - Minas Gerais (MG)";"Imposto sobre a propriedade de veículos automotores (IPVA) - Minas Gerais (MG)";"Não oculta";"Internet";40;0;0;NA;NA;"CONFAZ12";"Internet";"Macro"
"3035";"CONFAZ12_IPVAMS12";NA;NA;"Ativa";"Min. Fazenda/Cotepe";"Finanças públicas";"Imposto sobre a propriedade de veículos automotores (IPVA) - Mato Grosso do Sul (MS)";"Imposto sobre a propriedade de veículos automotores (IPVA) - Mato Grosso do Sul (MS)";"Não oculta";"Internet";40;0;0;NA;NA;"CONFAZ12";"Internet";"Macro"
"3036";"CONFAZ12_IPVAMT12";NA;NA;"Ativa";"Min. Fazenda/Cotepe";"Finanças públicas";"Imposto sobre a propriedade de veículos automotores (IPVA) - Mato Grosso (MT)";"Imposto sobre a propriedade de veículos automotores (IPVA) - Mato Grosso (MT)";"Não oculta";"Internet";40;0;0;NA;NA;"CONFAZ12";"Internet";"Macro"
"3037";"CONFAZ12_IPVAPA12";NA;NA;"Ativa";"Min. Fazenda/Cotepe";"Finanças públicas";"Imposto sobre a propriedade de veículos automotores (IPVA) - Pará (PA)";"Imposto sobre a propriedade de veículos automotores (IPVA) - Pará (PA)";"Não oculta";"Internet";40;0;0;NA;NA;"CONFAZ12";"Internet";"Macro"
"3038";"CONFAZ12_IPVAPB12";NA;NA;"Ativa";"Min. Fazenda/Cotepe";"Finanças públicas";"Imposto sobre a propriedade de veículos automotores (IPVA) - Paraíba (PB)";"Imposto sobre a propriedade de veículos automotores (IPVA) - Paraíba (PB)";"Não oculta";"Internet";40;0;0;NA;NA;"CONFAZ12";"Internet";"Macro"
"3039";"CONFAZ12_IPVAPE12";NA;NA;"Ativa";"Min. Fazenda/Cotepe";"Finanças públicas";"Imposto sobre a propriedade de veículos automotores (IPVA) - Pernambuco (PE)";"Imposto sobre a propriedade de veículos automotores (IPVA) - Pernambuco (PE)";"Não oculta";"Internet";40;0;0;NA;NA;"CONFAZ12";"Internet";"Macro"
"3040";"CONFAZ12_IPVAPI12";NA;NA;"Ativa";"Min. Fazenda/Cotepe";"Finanças públicas";"Imposto sobre a propriedade de veículos automotores (IPVA) - Piauí (PI)";"Imposto sobre a propriedade de veículos automotores (IPVA) - Piauí (PI)";"Não oculta";"Internet";40;0;0;NA;NA;"CONFAZ12";"Internet";"Macro"
"3041";"CONFAZ12_IPVAPR12";NA;NA;"Ativa";"Min. Fazenda/Cotepe";"Finanças públicas";"Imposto sobre a propriedade de veículos automotores (IPVA) - Paraná (PR)";"Imposto sobre a propriedade de veículos automotores (IPVA) - Paraná (PR)";"Não oculta";"Internet";100;0;0;NA;NA;"CONFAZ12";"Internet";"Macro"
"3042";"CONFAZ12_IPVARJ12";NA;NA;"Ativa";"Min. Fazenda/Cotepe";"Finanças públicas";"Imposto sobre a propriedade de veículos automotores (IPVA) - Rio de Janeiro (RJ)";"Imposto sobre a propriedade de veículos automotores (IPVA) - Rio de Janeiro (RJ)";"Não oculta";"Internet";40;0;0;NA;NA;"CONFAZ12";"Internet";"Macro"
"3043";"CONFAZ12_IPVARN12";NA;NA;"Ativa";"Min. Fazenda/Cotepe";"Finanças públicas";"Imposto sobre a propriedade de veículos automotores (IPVA) - Rio Grande do Norte (RN)";"Imposto sobre a propriedade de veículos automotores (IPVA) - Rio Grande do Norte (RN)";"Não oculta";"Internet";40;0;0;NA;NA;"CONFAZ12";"Internet";"Macro"
"3044";"CONFAZ12_IPVARO12";NA;NA;"Ativa";"Min. Fazenda/Cotepe";"Finanças públicas";"Imposto sobre a propriedade de veículos automotores (IPVA) - Rondônia (RO)";"Imposto sobre a propriedade de veículos automotores (IPVA) - Rondônia (RO)";"Não oculta";"Internet";40;0;0;NA;NA;"CONFAZ12";"Internet";"Macro"
"3045";"CONFAZ12_IPVARR12";NA;NA;"Ativa";"Min. Fazenda/Cotepe";"Finanças públicas";"Imposto sobre a propriedade de veículos automotores (IPVA) - Roraima (RR)";"Imposto sobre a propriedade de veículos automotores (IPVA) - Roraima (RR)";"Não oculta";"Internet";40;0;0;NA;NA;"CONFAZ12";"Internet";"Macro"
"3046";"CONFAZ12_IPVARS12";NA;NA;"Ativa";"Min. Fazenda/Cotepe";"Finanças públicas";"Imposto sobre a propriedade de veículos automotores (IPVA) - Rio Grande do Sul (RS)";"Imposto sobre a propriedade de veículos automotores (IPVA) - Rio Grande do Sul (RS)";"Não oculta";"Internet";40;0;0;NA;NA;"CONFAZ12";"Internet";"Macro"
"3047";"CONFAZ12_IPVASC12";NA;NA;"Ativa";"Min. Fazenda/Cotepe";"Finanças públicas";"Imposto sobre a propriedade de veículos automotores (IPVA) - Santa Catarina (SC)";"Imposto sobre a propriedade de veículos automotores (IPVA) - Santa Catarina (SC)";"Não oculta";"Internet";40;0;0;NA;NA;"CONFAZ12";"Internet";"Macro"
"3048";"CONFAZ12_IPVASE12";NA;NA;"Ativa";"Min. Fazenda/Cotepe";"Finanças públicas";"Imposto sobre a propriedade de veículos automotores (IPVA) - Sergipe (SE)";"Imposto sobre a propriedade de veículos automotores (IPVA) - Sergipe (SE)";"Não oculta";"Internet";40;0;0;NA;NA;"CONFAZ12";"Internet";"Macro"
"3049";"CONFAZ12_IPVASP12";NA;NA;"Ativa";"Min. Fazenda/Cotepe";"Finanças públicas";"Imposto sobre a propriedade de veículos automotores (IPVA) - São Paulo (SP)";"Imposto sobre a propriedade de veículos automotores (IPVA) - São Paulo (SP)";"Não oculta";"Internet";40;0;0;NA;NA;"CONFAZ12";"Internet";"Macro"
"3050";"CONFAZ12_IPVATO12";NA;NA;"Ativa";"Min. Fazenda/Cotepe";"Finanças públicas";"Imposto sobre a propriedade de veículos automotores (IPVA) - Tocantins (TO)";"Imposto sobre a propriedade de veículos automotores (IPVA) - Tocantins (TO)";"Não oculta";"Internet";40;0;0;NA;NA;"CONFAZ12";"Internet";"Macro"
"3051";"CONFAZ12_IRAC12";NA;NA;"Inativa";"Min. Fazenda/Cotepe";"Finanças públicas";"Imposto sobre a renda (IR) - Acre (AC)";"Imposto sobre a renda (IR) - Acre (AC)";"Não oculta";"Intranet";0;0;0;NA;NA;"CONFAZ12";"Intranet";"Macro"
"3052";"CONFAZ12_IRAL12";NA;NA;"Inativa";"Min. Fazenda/Cotepe";"Finanças públicas";"Imposto sobre a renda (IR) - Alagoas (AL)";"Imposto sobre a renda (IR) - Alagoas (AL)";"Não oculta";"Intranet";0;0;0;NA;NA;"CONFAZ12";"Intranet";"Macro"
"3053";"CONFAZ12_IRAM12";NA;NA;"Inativa";"Min. Fazenda/Cotepe";"Finanças públicas";"Imposto sobre a renda (IR) - Amazonas (AM)";"Imposto sobre a renda (IR) - Amazonas (AM)";"Não oculta";"Intranet";0;0;0;NA;NA;"CONFAZ12";"Intranet";"Macro"
"3054";"CONFAZ12_IRAP12";NA;NA;"Inativa";"Min. Fazenda/Cotepe";"Finanças públicas";"Imposto sobre a renda (IR) - Amapá (AP)";"Imposto sobre a renda (IR) - Amapá (AP)";"Não oculta";"Intranet";0;0;0;NA;NA;"CONFAZ12";"Intranet";"Macro"
"3055";"CONFAZ12_IRBA12";NA;NA;"Inativa";"Min. Fazenda/Cotepe";"Finanças públicas";"Imposto sobre a renda (IR) - Bahia (BA)";"Imposto sobre a renda (IR) - Bahia (BA)";"Não oculta";"Intranet";0;0;0;NA;NA;"CONFAZ12";"Intranet";"Macro"
"3056";"CONFAZ12_IRCE12";NA;NA;"Inativa";"Min. Fazenda/Cotepe";"Finanças públicas";"Imposto sobre a renda (IR) - Ceará (CE)";"Imposto sobre a renda (IR) - Ceará (CE)";"Não oculta";"Intranet";0;0;0;NA;NA;"CONFAZ12";"Intranet";"Macro"
"3057";"CONFAZ12_IRDF12";NA;NA;"Inativa";"Min. Fazenda/Cotepe";"Finanças públicas";"Imposto sobre a renda (IR) - Distrito Federal (DF)";"Imposto sobre a renda (IR) - Distrito Federal (DF)";"Não oculta";"Intranet";0;0;0;NA;NA;"CONFAZ12";"Intranet";"Macro"
"3058";"CONFAZ12_IRES12";NA;NA;"Inativa";"Min. Fazenda/Cotepe";"Finanças públicas";"Imposto sobre a renda (IR) - Espírito Santo (ES)";"Imposto sobre a renda (IR) - Espírito Santo (ES)";"Não oculta";"Intranet";0;0;0;NA;NA;"CONFAZ12";"Intranet";"Macro"
"3059";"CONFAZ12_IRGO12";NA;NA;"Inativa";"Min. Fazenda/Cotepe";"Finanças públicas";"Imposto sobre a renda (IR) - Goiás (GO)";"Imposto sobre a renda (IR) - Goiás (GO)";"Não oculta";"Intranet";0;0;0;NA;NA;"CONFAZ12";"Intranet";"Macro"
"3060";"CONFAZ12_IRMA12";NA;NA;"Inativa";"Min. Fazenda/Cotepe";"Finanças públicas";"Imposto sobre a renda (IR) - Maranhão (MA)";"Imposto sobre a renda (IR) - Maranhão (MA)";"Não oculta";"Intranet";0;0;0;NA;NA;"CONFAZ12";"Intranet";"Macro"
"3061";"CONFAZ12_IRMG12";NA;NA;"Inativa";"Min. Fazenda/Cotepe";"Finanças públicas";"Imposto sobre a renda (IR) - Minas Gerais (MG)";"Imposto sobre a renda (IR) - Minas Gerais (MG)";"Não oculta";"Intranet";0;0;0;NA;NA;"CONFAZ12";"Intranet";"Macro"
"3062";"CONFAZ12_IRMS12";NA;NA;"Inativa";"Min. Fazenda/Cotepe";"Finanças públicas";"Imposto sobre a renda (IR) - Mato Grosso do Sul (MS)";"Imposto sobre a renda (IR) - Mato Grosso do Sul (MS)";"Não oculta";"Intranet";0;0;0;NA;NA;"CONFAZ12";"Intranet";"Macro"
"3063";"CONFAZ12_IRMT12";NA;NA;"Inativa";"Min. Fazenda/Cotepe";"Finanças públicas";"Imposto sobre a renda (IR) - Mato Grosso (MT)";"Imposto sobre a renda (IR) - Mato Grosso (MT)";"Não oculta";"Intranet";0;0;0;NA;NA;"CONFAZ12";"Intranet";"Macro"
"3064";"CONFAZ12_IRPA12";NA;NA;"Inativa";"Min. Fazenda/Cotepe";"Finanças públicas";"Imposto sobre a renda (IR) - Pará (PA)";"Imposto sobre a renda (IR) - Pará (PA)";"Não oculta";"Intranet";0;0;0;NA;NA;"CONFAZ12";"Intranet";"Macro"
"3065";"CONFAZ12_IRPB12";NA;NA;"Inativa";"Min. Fazenda/Cotepe";"Finanças públicas";"Imposto sobre a renda (IR) - Paraíba (PB)";"Imposto sobre a renda (IR) - Paraíba (PB)";"Não oculta";"Intranet";0;0;0;NA;NA;"CONFAZ12";"Intranet";"Macro"
"3066";"CONFAZ12_IRPE12";NA;NA;"Inativa";"Min. Fazenda/Cotepe";"Finanças públicas";"Imposto sobre a renda (IR) - Pernambuco (PE)";"Imposto sobre a renda (IR) - Pernambuco (PE)";"Não oculta";"Intranet";0;0;0;NA;NA;"CONFAZ12";"Intranet";"Macro"
"3067";"CONFAZ12_IRPI12";NA;NA;"Inativa";"Min. Fazenda/Cotepe";"Finanças públicas";"Imposto sobre a renda (IR) - Piauí (PI)";"Imposto sobre a renda (IR) - Piauí (PI)";"Não oculta";"Intranet";0;0;0;NA;NA;"CONFAZ12";"Intranet";"Macro"
"3068";"CONFAZ12_IRPR12";NA;NA;"Inativa";"Min. Fazenda/Cotepe";"Finanças públicas";"Imposto sobre a renda (IR) - Paraná (PR)";"Imposto sobre a renda (IR) - Paraná (PR)";"Não oculta";"Intranet";0;0;0;NA;NA;"CONFAZ12";"Intranet";"Macro"
"3069";"CONFAZ12_IRRJ12";NA;NA;"Inativa";"Min. Fazenda/Cotepe";"Finanças públicas";"Imposto sobre a renda (IR) - Rio de Janeiro (RJ)";"Imposto sobre a renda (IR) - Rio de Janeiro (RJ)";"Não oculta";"Intranet";0;0;0;NA;NA;"CONFAZ12";"Intranet";"Macro"
"3070";"CONFAZ12_IRRN12";NA;NA;"Inativa";"Min. Fazenda/Cotepe";"Finanças públicas";"Imposto sobre a renda (IR) - Rio Grande do Norte (RN)";"Imposto sobre a renda (IR) - Rio Grande do Norte (RN)";"Não oculta";"Intranet";0;0;0;NA;NA;"CONFAZ12";"Intranet";"Macro"
"3071";"CONFAZ12_IRRO12";NA;NA;"Inativa";"Min. Fazenda/Cotepe";"Finanças públicas";"Imposto sobre a renda (IR) - Rondônia (RO)";"Imposto sobre a renda (IR) - Rondônia (RO)";"Não oculta";"Intranet";0;0;0;NA;NA;"CONFAZ12";"Intranet";"Macro"
"3072";"CONFAZ12_IRRR12";NA;NA;"Inativa";"Min. Fazenda/Cotepe";"Finanças públicas";"Imposto sobre a renda (IR) - Roraima (RR)";"Imposto sobre a renda (IR) - Roraima (RR)";"Não oculta";"Intranet";0;0;0;NA;NA;"CONFAZ12";"Intranet";"Macro"
"3073";"CONFAZ12_IRRS12";NA;NA;"Inativa";"Min. Fazenda/Cotepe";"Finanças públicas";"Imposto sobre a renda (IR) - Rio Grande do Sul (RS)";"Imposto sobre a renda (IR) - Rio Grande do Sul (RS)";"Não oculta";"Intranet";0;0;0;NA;NA;"CONFAZ12";"Intranet";"Macro"
"3074";"CONFAZ12_IRSC12";NA;NA;"Inativa";"Min. Fazenda/Cotepe";"Finanças públicas";"Imposto sobre a renda (IR) - Santa Catarina (SC)";"Imposto sobre a renda (IR) - Santa Catarina (SC)";"Não oculta";"Intranet";0;0;0;NA;NA;"CONFAZ12";"Intranet";"Macro"
"3075";"CONFAZ12_IRSE12";NA;NA;"Inativa";"Min. Fazenda/Cotepe";"Finanças públicas";"Imposto sobre a renda (IR) - Sergipe (SE)";"Imposto sobre a renda (IR) - Sergipe (SE)";"Não oculta";"Intranet";0;0;0;NA;NA;"CONFAZ12";"Intranet";"Macro"
"3076";"CONFAZ12_IRSP12";NA;NA;"Inativa";"Min. Fazenda/Cotepe";"Finanças públicas";"Imposto sobre a renda (IR) - São Paulo (SP)";"Imposto sobre a renda (IR) - São Paulo (SP)";"Não oculta";"Intranet";0;0;0;NA;NA;"CONFAZ12";"Intranet";"Macro"
"3077";"CONFAZ12_IRTO12";NA;NA;"Inativa";"Min. Fazenda/Cotepe";"Finanças públicas";"Imposto sobre a renda (IR) - Tocantins (TO)";"Imposto sobre a renda (IR) - Tocantins (TO)";"Não oculta";"Intranet";0;0;0;NA;NA;"CONFAZ12";"Intranet";"Macro"
"3078";"CONFAZ12_ITCDAC12";NA;NA;"Ativa";"Min. Fazenda/Cotepe";"Finanças públicas";"Imposto sobre transmissão causa mortis e doação (ITCMD) - Acre (AC)";"Imposto sobre transmissão causa mortis e doação (ITCMD) - Acre (AC)";"Não oculta";"Internet";100;0;0;NA;NA;"CONFAZ12";"Internet";"Macro"
"3079";"CONFAZ12_ITCDAL12";NA;NA;"Ativa";"Min. Fazenda/Cotepe";"Finanças públicas";"Imposto sobre transmissão causa mortis e doação (ITCMD) - Alagoas (AL)";"Imposto sobre transmissão causa mortis e doação (ITCMD) - Alagoas (AL)";"Não oculta";"Internet";40;0;0;NA;NA;"CONFAZ12";"Internet";"Macro"
"3080";"CONFAZ12_ITCDAM12";NA;NA;"Ativa";"Min. Fazenda/Cotepe";"Finanças públicas";"Imposto sobre transmissão causa mortis e doação (ITCMD) - Amazonas (AM)";"Imposto sobre transmissão causa mortis e doação (ITCMD) - Amazonas (AM)";"Não oculta";"Internet";100;0;0;NA;NA;"CONFAZ12";"Internet";"Macro"
"3081";"CONFAZ12_ITCDAP12";NA;NA;"Ativa";"Min. Fazenda/Cotepe";"Finanças públicas";"Imposto sobre transmissão causa mortis e doação (ITCMD) - Amapá (AP)";"Imposto sobre transmissão causa mortis e doação (ITCMD) - Amapá (AP)";"Não oculta";"Internet";40;0;0;NA;NA;"CONFAZ12";"Internet";"Macro"
"3082";"CONFAZ12_ITCDBA12";NA;NA;"Ativa";"Min. Fazenda/Cotepe";"Finanças públicas";"Imposto sobre transmissão causa mortis e doação (ITCMD) - Bahia (BA)";"Imposto sobre transmissão causa mortis e doação (ITCMD) - Bahia (BA)";"Não oculta";"Internet";40;0;0;NA;NA;"CONFAZ12";"Internet";"Macro"
"3083";"CONFAZ12_ITCDCE12";NA;NA;"Ativa";"Min. Fazenda/Cotepe";"Finanças públicas";"Imposto sobre transmissão causa mortis e doação (ITCMD) - Ceará (CE)";"Imposto sobre transmissão causa mortis e doação (ITCMD) - Ceará (CE)";"Não oculta";"Internet";40;0;0;NA;NA;"CONFAZ12";"Internet";"Macro"
"3084";"CONFAZ12_ITCDDF12";NA;NA;"Ativa";"Min. Fazenda/Cotepe";"Finanças públicas";"Imposto sobre transmissão causa mortis e doação (ITCMD) - Distrito Federal (DF)";"Imposto sobre transmissão causa mortis e doação (ITCMD) - Distrito Federal (DF)";"Não oculta";"Internet";40;0;0;NA;NA;"CONFAZ12";"Internet";"Macro"
"3085";"CONFAZ12_ITCDES12";NA;NA;"Ativa";"Min. Fazenda/Cotepe";"Finanças públicas";"Imposto sobre transmissão causa mortis e doação (ITCMD) - Espírito Santo (ES)";"Imposto sobre transmissão causa mortis e doação (ITCMD) - Espírito Santo (ES)";"Não oculta";"Internet";40;0;0;NA;NA;"CONFAZ12";"Internet";"Macro"
"3086";"CONFAZ12_ITCDGO12";NA;NA;"Ativa";"Min. Fazenda/Cotepe";"Finanças públicas";"Imposto sobre transmissão causa mortis e doação (ITCMD) - Goiás (GO)";"Imposto sobre transmissão causa mortis e doação (ITCMD) - Goiás (GO)";"Não oculta";"Internet";40;0;0;NA;NA;"CONFAZ12";"Internet";"Macro"
"3087";"CONFAZ12_ITCDMA12";NA;NA;"Ativa";"Min. Fazenda/Cotepe";"Finanças públicas";"Imposto sobre transmissão causa mortis e doação (ITCMD) - Maranhão (MA)";"Imposto sobre transmissão causa mortis e doação (ITCMD) - Maranhão (MA)";"Não oculta";"Internet";40;0;0;NA;NA;"CONFAZ12";"Internet";"Macro"
"3088";"CONFAZ12_ITCDMG12";NA;NA;"Ativa";"Min. Fazenda/Cotepe";"Finanças públicas";"Imposto sobre transmissão causa mortis e doação (ITCMD) - Minas Gerais (MG)";"Imposto sobre transmissão causa mortis e doação (ITCMD) - Minas Gerais (MG)";"Não oculta";"Internet";40;0;0;NA;NA;"CONFAZ12";"Internet";"Macro"
"3089";"CONFAZ12_ITCDMS12";NA;NA;"Ativa";"Min. Fazenda/Cotepe";"Finanças públicas";"Imposto sobre transmissão causa mortis e doação (ITCMD) - Mato Grosso do Sul (MS)";"Imposto sobre transmissão causa mortis e doação (ITCMD) - Mato Grosso do Sul (MS)";"Não oculta";"Internet";40;0;0;NA;NA;"CONFAZ12";"Internet";"Macro"
"3090";"CONFAZ12_ITCDMT12";NA;NA;"Ativa";"Min. Fazenda/Cotepe";"Finanças públicas";"Imposto sobre transmissão causa mortis e doação (ITCMD) - Mato Grosso (MT)";"Imposto sobre transmissão causa mortis e doação (ITCMD) - Mato Grosso (MT)";"Não oculta";"Internet";40;0;0;NA;NA;"CONFAZ12";"Internet";"Macro"
"3091";"CONFAZ12_ITCDPA12";NA;NA;"Ativa";"Min. Fazenda/Cotepe";"Finanças públicas";"Imposto sobre transmissão causa mortis e doação (ITCMD) - Pará (PA)";"Imposto sobre transmissão causa mortis e doação (ITCMD) - Pará (PA)";"Não oculta";"Internet";40;0;0;NA;NA;"CONFAZ12";"Internet";"Macro"
"3092";"CONFAZ12_ITCDPB12";NA;NA;"Ativa";"Min. Fazenda/Cotepe";"Finanças públicas";"Imposto sobre transmissão causa mortis e doação (ITCMD) - Paraíba (PB)";"Imposto sobre transmissão causa mortis e doação (ITCMD) - Paraíba (PB)";"Não oculta";"Internet";40;0;0;NA;NA;"CONFAZ12";"Internet";"Macro"
"3093";"CONFAZ12_ITCDPE12";NA;NA;"Ativa";"Min. Fazenda/Cotepe";"Finanças públicas";"Imposto sobre transmissão causa mortis e doação (ITCMD) - Pernambuco (PE)";"Imposto sobre transmissão causa mortis e doação (ITCMD) - Pernambuco (PE)";"Não oculta";"Internet";40;0;0;NA;NA;"CONFAZ12";"Internet";"Macro"
"3094";"CONFAZ12_ITCDPI12";NA;NA;"Ativa";"Min. Fazenda/Cotepe";"Finanças públicas";"Imposto sobre transmissão causa mortis e doação (ITCMD) - Piauí (PI)";"Imposto sobre transmissão causa mortis e doação (ITCMD) - Piauí (PI)";"Não oculta";"Internet";40;0;0;NA;NA;"CONFAZ12";"Internet";"Macro"
"3095";"CONFAZ12_ITCDPR12";NA;NA;"Ativa";"Min. Fazenda/Cotepe";"Finanças públicas";"Imposto sobre transmissão causa mortis e doação (ITCMD) - Paraná (PR)";"Imposto sobre transmissão causa mortis e doação (ITCMD) - Paraná (PR)";"Não oculta";"Internet";100;0;0;NA;NA;"CONFAZ12";"Internet";"Macro"
"3096";"CONFAZ12_ITCDRJ12";NA;NA;"Ativa";"Min. Fazenda/Cotepe";"Finanças públicas";"Imposto sobre transmissão causa mortis e doação (ITCMD) - Rio de Janeiro (RJ)";"Imposto sobre transmissão causa mortis e doação (ITCMD) - Rio de Janeiro (RJ)";"Não oculta";"Internet";40;0;0;NA;NA;"CONFAZ12";"Internet";"Macro"
"3097";"CONFAZ12_ITCDRN12";NA;NA;"Ativa";"Min. Fazenda/Cotepe";"Finanças públicas";"Imposto sobre transmissão causa mortis e doação (ITCMD) - Rio Grande do Norte (RN)";"Imposto sobre transmissão causa mortis e doação (ITCMD) - Rio Grande do Norte (RN)";"Não oculta";"Internet";40;0;0;NA;NA;"CONFAZ12";"Internet";"Macro"
"3098";"CONFAZ12_ITCDRO12";NA;NA;"Ativa";"Min. Fazenda/Cotepe";"Finanças públicas";"Imposto sobre transmissão causa mortis e doação (ITCMD) - Rondônia (RO)";"Imposto sobre transmissão causa mortis e doação (ITCMD) - Rondônia (RO)";"Não oculta";"Internet";40;0;0;NA;NA;"CONFAZ12";"Internet";"Macro"
"3099";"CONFAZ12_ITCDRR12";NA;NA;"Ativa";"Min. Fazenda/Cotepe";"Finanças públicas";"Imposto sobre transmissão causa mortis e doação (ITCMD) - Roraima (RR)";"Imposto sobre transmissão causa mortis e doação (ITCMD) - Roraima (RR)";"Não oculta";"Internet";40;0;0;NA;NA;"CONFAZ12";"Internet";"Macro"
"3100";"CONFAZ12_ITCDRS12";NA;NA;"Ativa";"Min. Fazenda/Cotepe";"Finanças públicas";"Imposto sobre transmissão causa mortis e doação (ITCMD) - Rio Grande do Sul (RS)";"Imposto sobre transmissão causa mortis e doação (ITCMD) - Rio Grande do Sul (RS)";"Não oculta";"Internet";40;0;0;NA;NA;"CONFAZ12";"Internet";"Macro"
"3101";"CONFAZ12_ITCDSC12";NA;NA;"Ativa";"Min. Fazenda/Cotepe";"Finanças públicas";"Imposto sobre transmissão causa mortis e doação (ITCMD) - Santa Catarina (SC)";"Imposto sobre transmissão causa mortis e doação (ITCMD) - Santa Catarina (SC)";"Não oculta";"Internet";40;0;0;NA;NA;"CONFAZ12";"Internet";"Macro"
"3102";"CONFAZ12_ITCDSE12";NA;NA;"Ativa";"Min. Fazenda/Cotepe";"Finanças públicas";"Imposto sobre transmissão causa mortis e doação (ITCMD) - Sergipe (SE)";"Imposto sobre transmissão causa mortis e doação (ITCMD) - Sergipe (SE)";"Não oculta";"Internet";40;0;0;NA;NA;"CONFAZ12";"Internet";"Macro"
"3103";"CONFAZ12_ITCDSP12";NA;NA;"Ativa";"Min. Fazenda/Cotepe";"Finanças públicas";"Imposto sobre transmissão causa mortis e doação (ITCMD) - São Paulo (SP)";"Imposto sobre transmissão causa mortis e doação (ITCMD) - São Paulo (SP)";"Não oculta";"Internet";40;0;0;NA;NA;"CONFAZ12";"Internet";"Macro"
"3104";"CONFAZ12_ITCDTO12";NA;NA;"Ativa";"Min. Fazenda/Cotepe";"Finanças públicas";"Imposto sobre transmissão causa mortis e doação (ITCMD) - Tocantins (TO)";"Imposto sobre transmissão causa mortis e doação (ITCMD) - Tocantins (TO)";"Não oculta";"Internet";40;0;0;NA;NA;"CONFAZ12";"Internet";"Macro"
"3105";"CONFAZ12_ITRAC12";NA;NA;"Inativa";"Min. Fazenda/Cotepe";"Finanças públicas";"Imposto sobre a propriedade territorial rural (ITR) - Acre (AC)";"Imposto sobre a propriedade territorial rural (ITR) - Acre (AC)";"Não oculta";"Intranet";0;0;0;NA;NA;"CONFAZ12";"Intranet";"Macro"
"3106";"CONFAZ12_ITRAL12";NA;NA;"Inativa";"Min. Fazenda/Cotepe";"Finanças públicas";"Imposto sobre a propriedade territorial rural (ITR) - Alagoas (AL)";"Imposto sobre a propriedade territorial rural (ITR) - Alagoas (AL)";"Não oculta";"Intranet";0;0;0;NA;NA;"CONFAZ12";"Intranet";"Macro"
"3107";"CONFAZ12_ITRAM12";NA;NA;"Inativa";"Min. Fazenda/Cotepe";"Finanças públicas";"Imposto sobre a propriedade territorial rural (ITR) - Amazonas (AM)";"Imposto sobre a propriedade territorial rural (ITR) - Amazonas (AM)";"Não oculta";"Intranet";0;0;0;NA;NA;"CONFAZ12";"Intranet";"Macro"
"3108";"CONFAZ12_ITRAP12";NA;NA;"Inativa";"Min. Fazenda/Cotepe";"Finanças públicas";"Imposto sobre a propriedade territorial rural (ITR) - Amapá (AP)";"Imposto sobre a propriedade territorial rural (ITR) - Amapá (AP)";"Não oculta";"Intranet";0;0;0;NA;NA;"CONFAZ12";"Intranet";"Macro"
"3109";"CONFAZ12_ITRBA12";NA;NA;"Inativa";"Min. Fazenda/Cotepe";"Finanças públicas";"Imposto sobre a propriedade territorial rural (ITR) - Bahia (BA)";"Imposto sobre a propriedade territorial rural (ITR) - Bahia (BA)";"Não oculta";"Intranet";0;0;0;NA;NA;"CONFAZ12";"Intranet";"Macro"
"3110";"CONFAZ12_ITRCE12";NA;NA;"Inativa";"Min. Fazenda/Cotepe";"Finanças públicas";"Imposto sobre a propriedade territorial rural (ITR) - Ceará (CE)";"Imposto sobre a propriedade territorial rural (ITR) - Ceará (CE)";"Não oculta";"Intranet";0;0;0;NA;NA;"CONFAZ12";"Intranet";"Macro"
"3111";"CONFAZ12_ITRDF12";NA;NA;"Inativa";"Min. Fazenda/Cotepe";"Finanças públicas";"Imposto sobre a propriedade territorial rural (ITR) - Distrito Federal (DF)";"Imposto sobre a propriedade territorial rural (ITR) - Distrito Federal (DF)";"Não oculta";"Intranet";0;0;0;NA;NA;"CONFAZ12";"Intranet";"Macro"
"3112";"CONFAZ12_ITRES12";NA;NA;"Inativa";"Min. Fazenda/Cotepe";"Finanças públicas";"Imposto sobre a propriedade territorial rural (ITR) - Espírito Santo (ES)";"Imposto sobre a propriedade territorial rural (ITR) - Espírito Santo (ES)";"Não oculta";"Intranet";0;0;0;NA;NA;"CONFAZ12";"Intranet";"Macro"
"3113";"CONFAZ12_ITRGO12";NA;NA;"Inativa";"Min. Fazenda/Cotepe";"Finanças públicas";"Imposto sobre a propriedade territorial rural (ITR) - Goiás (GO)";"Imposto sobre a propriedade territorial rural (ITR) - Goiás (GO)";"Não oculta";"Intranet";0;0;0;NA;NA;"CONFAZ12";"Intranet";"Macro"
"3114";"CONFAZ12_ITRMA12";NA;NA;"Inativa";"Min. Fazenda/Cotepe";"Finanças públicas";"Imposto sobre a propriedade territorial rural (ITR) - Maranhão (MA)";"Imposto sobre a propriedade territorial rural (ITR) - Maranhão (MA)";"Não oculta";"Intranet";0;0;0;NA;NA;"CONFAZ12";"Intranet";"Macro"
"3115";"CONFAZ12_ITRMG12";NA;NA;"Inativa";"Min. Fazenda/Cotepe";"Finanças públicas";"Imposto sobre a propriedade territorial rural (ITR) - Minas Gerais (MG)";"Imposto sobre a propriedade territorial rural (ITR) - Minas Gerais (MG)";"Não oculta";"Intranet";0;0;0;NA;NA;"CONFAZ12";"Intranet";"Macro"
"3116";"CONFAZ12_ITRMS12";NA;NA;"Inativa";"Min. Fazenda/Cotepe";"Finanças públicas";"Imposto sobre a propriedade territorial rural (ITR) - Mato Grosso do Sul (MS)";"Imposto sobre a propriedade territorial rural (ITR) - Mato Grosso do Sul (MS)";"Não oculta";"Intranet";0;0;0;NA;NA;"CONFAZ12";"Intranet";"Macro"
"3117";"CONFAZ12_ITRMT12";NA;NA;"Inativa";"Min. Fazenda/Cotepe";"Finanças públicas";"Imposto sobre a propriedade territorial rural (ITR) - Mato Grosso (MT)";"Imposto sobre a propriedade territorial rural (ITR) - Mato Grosso (MT)";"Não oculta";"Intranet";0;0;0;NA;NA;"CONFAZ12";"Intranet";"Macro"
"3118";"CONFAZ12_ITRPA12";NA;NA;"Inativa";"Min. Fazenda/Cotepe";"Finanças públicas";"Imposto sobre a propriedade territorial rural (ITR) - Pará (PA)";"Imposto sobre a propriedade territorial rural (ITR) - Pará (PA)";"Não oculta";"Intranet";0;0;0;NA;NA;"CONFAZ12";"Intranet";"Macro"
"3119";"CONFAZ12_ITRPB12";NA;NA;"Inativa";"Min. Fazenda/Cotepe";"Finanças públicas";"Imposto sobre a propriedade territorial rural (ITR) - Paraíba (PB)";"Imposto sobre a propriedade territorial rural (ITR) - Paraíba (PB)";"Não oculta";"Intranet";0;0;0;NA;NA;"CONFAZ12";"Intranet";"Macro"
"3120";"CONFAZ12_ITRPE12";NA;NA;"Inativa";"Min. Fazenda/Cotepe";"Finanças públicas";"Imposto sobre a propriedade territorial rural (ITR) - Pernambuco (PE)";"Imposto sobre a propriedade territorial rural (ITR) - Pernambuco (PE)";"Não oculta";"Intranet";0;0;0;NA;NA;"CONFAZ12";"Intranet";"Macro"
"3121";"CONFAZ12_ITRPI12";NA;NA;"Inativa";"Min. Fazenda/Cotepe";"Finanças públicas";"Imposto sobre a propriedade territorial rural (ITR) - Piauí (PI)";"Imposto sobre a propriedade territorial rural (ITR) - Piauí (PI)";"Não oculta";"Intranet";0;0;0;NA;NA;"CONFAZ12";"Intranet";"Macro"
"3122";"CONFAZ12_ITRPR12";NA;NA;"Inativa";"Min. Fazenda/Cotepe";"Finanças públicas";"Imposto sobre a propriedade territorial rural (ITR) - Paraná (PR)";"Imposto sobre a propriedade territorial rural (ITR) - Paraná (PR)";"Não oculta";"Intranet";0;0;0;NA;NA;"CONFAZ12";"Intranet";"Macro"
"3123";"CONFAZ12_ITRRJ12";NA;NA;"Inativa";"Min. Fazenda/Cotepe";"Finanças públicas";"Imposto sobre a propriedade territorial rural (ITR) - Rio de Janeiro (RJ)";"Imposto sobre a propriedade territorial rural (ITR) - Rio de Janeiro (RJ)";"Não oculta";"Intranet";0;0;0;NA;NA;"CONFAZ12";"Intranet";"Macro"
"3124";"CONFAZ12_ITRRN12";NA;NA;"Inativa";"Min. Fazenda/Cotepe";"Finanças públicas";"Imposto sobre a propriedade territorial rural (ITR) - Rio Grande do Norte (RN)";"Imposto sobre a propriedade territorial rural (ITR) - Rio Grande do Norte (RN)";"Não oculta";"Intranet";0;0;0;NA;NA;"CONFAZ12";"Intranet";"Macro"
"3125";"CONFAZ12_ITRRO12";NA;NA;"Inativa";"Min. Fazenda/Cotepe";"Finanças públicas";"Imposto sobre a propriedade territorial rural (ITR) - Rondônia (RO)";"Imposto sobre a propriedade territorial rural (ITR) - Rondônia (RO)";"Não oculta";"Intranet";0;0;0;NA;NA;"CONFAZ12";"Intranet";"Macro"
"3126";"CONFAZ12_ITRRR12";NA;NA;"Inativa";"Min. Fazenda/Cotepe";"Finanças públicas";"Imposto sobre a propriedade territorial rural (ITR) - Roraima (RR)";"Imposto sobre a propriedade territorial rural (ITR) - Roraima (RR)";"Não oculta";"Intranet";0;0;0;NA;NA;"CONFAZ12";"Intranet";"Macro"
"3127";"CONFAZ12_ITRRS12";NA;NA;"Inativa";"Min. Fazenda/Cotepe";"Finanças públicas";"Imposto sobre a propriedade territorial rural (ITR) - Rio Grande do Sul (RS)";"Imposto sobre a propriedade territorial rural (ITR) - Rio Grande do Sul (RS)";"Não oculta";"Intranet";0;0;0;NA;NA;"CONFAZ12";"Intranet";"Macro"
"3128";"CONFAZ12_ITRSC12";NA;NA;"Inativa";"Min. Fazenda/Cotepe";"Finanças públicas";"Imposto sobre a propriedade territorial rural (ITR) - Santa Catarina (SC)";"Imposto sobre a propriedade territorial rural (ITR) - Santa Catarina (SC)";"Não oculta";"Intranet";0;0;0;NA;NA;"CONFAZ12";"Intranet";"Macro"
"3129";"CONFAZ12_ITRSE12";NA;NA;"Inativa";"Min. Fazenda/Cotepe";"Finanças públicas";"Imposto sobre a propriedade territorial rural (ITR) - Sergipe (SE)";"Imposto sobre a propriedade territorial rural (ITR) - Sergipe (SE)";"Não oculta";"Intranet";0;0;0;NA;NA;"CONFAZ12";"Intranet";"Macro"
"3130";"CONFAZ12_ITRSP12";NA;NA;"Inativa";"Min. Fazenda/Cotepe";"Finanças públicas";"Imposto sobre a propriedade territorial rural (ITR) - São Paulo (SP)";"Imposto sobre a propriedade territorial rural (ITR) - São Paulo (SP)";"Não oculta";"Intranet";0;0;0;NA;NA;"CONFAZ12";"Intranet";"Macro"
"3131";"CONFAZ12_ITRTO12";NA;NA;"Inativa";"Min. Fazenda/Cotepe";"Finanças públicas";"Imposto sobre a propriedade territorial rural (ITR) - Tocantins (TO)";"Imposto sobre a propriedade territorial rural (ITR) - Tocantins (TO)";"Não oculta";"Intranet";0;0;0;NA;NA;"CONFAZ12";"Intranet";"Macro"
"3132";"CONFAZ12_ORADAC12";NA;NA;"Inativa";"Min. Fazenda/Cotepe";"Finanças públicas";"Outras receitas administradas - Acre (AC)";"Outras receitas administradas - Acre (AC)";"Não oculta";"Intranet";0;0;0;NA;NA;"CONFAZ12";"Intranet";"Macro"
"3133";"CONFAZ12_ORADAL12";NA;NA;"Inativa";"Min. Fazenda/Cotepe";"Finanças públicas";"Outras receitas administradas - Alagoas (AL)";"Outras receitas administradas - Alagoas (AL)";"Não oculta";"Intranet";0;0;0;NA;NA;"CONFAZ12";"Intranet";"Macro"
"3134";"CONFAZ12_ORADAM12";NA;NA;"Inativa";"Min. Fazenda/Cotepe";"Finanças públicas";"Outras receitas administradas - Amazonas (AM)";"Outras receitas administradas - Amazonas (AM)";"Não oculta";"Intranet";0;0;0;NA;NA;"CONFAZ12";"Intranet";"Macro"
"3135";"CONFAZ12_ORADAP12";NA;NA;"Inativa";"Min. Fazenda/Cotepe";"Finanças públicas";"Outras receitas administradas - Amapá (AP)";"Outras receitas administradas - Amapá (AP)";"Não oculta";"Intranet";0;0;0;NA;NA;"CONFAZ12";"Intranet";"Macro"
"3136";"CONFAZ12_ORADBA12";NA;NA;"Inativa";"Min. Fazenda/Cotepe";"Finanças públicas";"Outras receitas administradas - Bahia (BA)";"Outras receitas administradas - Bahia (BA)";"Não oculta";"Intranet";0;0;0;NA;NA;"CONFAZ12";"Intranet";"Macro"
"3137";"CONFAZ12_ORADCE12";NA;NA;"Inativa";"Min. Fazenda/Cotepe";"Finanças públicas";"Outras receitas administradas - Ceará (CE)";"Outras receitas administradas - Ceará (CE)";"Não oculta";"Intranet";0;0;0;NA;NA;"CONFAZ12";"Intranet";"Macro"
"3138";"CONFAZ12_ORADDF12";NA;NA;"Inativa";"Min. Fazenda/Cotepe";"Finanças públicas";"Outras receitas administradas - Distrito Federal (DF)";"Outras receitas administradas - Distrito Federal (DF)";"Não oculta";"Intranet";0;0;0;NA;NA;"CONFAZ12";"Intranet";"Macro"
"3139";"CONFAZ12_ORADES12";NA;NA;"Inativa";"Min. Fazenda/Cotepe";"Finanças públicas";"Outras receitas administradas - Espírito Santo (ES)";"Outras receitas administradas - Espírito Santo (ES)";"Não oculta";"Intranet";0;0;0;NA;NA;"CONFAZ12";"Intranet";"Macro"
"3140";"CONFAZ12_ORADGO12";NA;NA;"Inativa";"Min. Fazenda/Cotepe";"Finanças públicas";"Outras receitas administradas - Goiás (GO)";"Outras receitas administradas - Goiás (GO)";"Não oculta";"Intranet";0;0;0;NA;NA;"CONFAZ12";"Intranet";"Macro"
"3141";"CONFAZ12_ORADMA12";NA;NA;"Inativa";"Min. Fazenda/Cotepe";"Finanças públicas";"Outras receitas administradas - Maranhão (MA)";"Outras receitas administradas - Maranhão (MA)";"Não oculta";"Intranet";0;0;0;NA;NA;"CONFAZ12";"Intranet";"Macro"
"3142";"CONFAZ12_ORADMG12";NA;NA;"Inativa";"Min. Fazenda/Cotepe";"Finanças públicas";"Outras receitas administradas - Minas Gerais (MG)";"Outras receitas administradas - Minas Gerais (MG)";"Não oculta";"Intranet";0;0;0;NA;NA;"CONFAZ12";"Intranet";"Macro"
"3143";"CONFAZ12_ORADMS12";NA;NA;"Inativa";"Min. Fazenda/Cotepe";"Finanças públicas";"Outras receitas administradas - Mato Grosso do Sul (MS)";"Outras receitas administradas - Mato Grosso do Sul (MS)";"Não oculta";"Intranet";0;0;0;NA;NA;"CONFAZ12";"Intranet";"Macro"
"3144";"CONFAZ12_ORADMT12";NA;NA;"Inativa";"Min. Fazenda/Cotepe";"Finanças públicas";"Outras receitas administradas - Mato Grosso (MT)";"Outras receitas administradas - Mato Grosso (MT)";"Não oculta";"Intranet";0;0;0;NA;NA;"CONFAZ12";"Intranet";"Macro"
"3145";"CONFAZ12_ORADPA12";NA;NA;"Inativa";"Min. Fazenda/Cotepe";"Finanças públicas";"Outras receitas administradas - Pará (PA)";"Outras receitas administradas - Pará (PA)";"Não oculta";"Intranet";0;0;0;NA;NA;"CONFAZ12";"Intranet";"Macro"
"3146";"CONFAZ12_ORADPB12";NA;NA;"Inativa";"Min. Fazenda/Cotepe";"Finanças públicas";"Outras receitas administradas - Paraíba (PB)";"Outras receitas administradas - Paraíba (PB)";"Não oculta";"Intranet";0;0;0;NA;NA;"CONFAZ12";"Intranet";"Macro"
"3147";"CONFAZ12_ORADPE12";NA;NA;"Inativa";"Min. Fazenda/Cotepe";"Finanças públicas";"Outras receitas administradas - Pernambuco (PE)";"Outras receitas administradas - Pernambuco (PE)";"Não oculta";"Intranet";0;0;0;NA;NA;"CONFAZ12";"Intranet";"Macro"
"3148";"CONFAZ12_ORADPI12";NA;NA;"Inativa";"Min. Fazenda/Cotepe";"Finanças públicas";"Outras receitas administradas - Piauí (PI)";"Outras receitas administradas - Piauí (PI)";"Não oculta";"Intranet";0;0;0;NA;NA;"CONFAZ12";"Intranet";"Macro"
"3149";"CONFAZ12_ORADPR12";NA;NA;"Inativa";"Min. Fazenda/Cotepe";"Finanças públicas";"Outras receitas administradas - Paraná (PR)";"Outras receitas administradas - Paraná (PR)";"Não oculta";"Intranet";0;0;0;NA;NA;"CONFAZ12";"Intranet";"Macro"
"3150";"CONFAZ12_ORADRJ12";NA;NA;"Inativa";"Min. Fazenda/Cotepe";"Finanças públicas";"Outras receitas administradas - Rio de Janeiro (RJ)";"Outras receitas administradas - Rio de Janeiro (RJ)";"Não oculta";"Intranet";0;0;0;NA;NA;"CONFAZ12";"Intranet";"Macro"
"3151";"CONFAZ12_ORADRN12";NA;NA;"Inativa";"Min. Fazenda/Cotepe";"Finanças públicas";"Outras receitas administradas - Rio Grande do Norte (RN)";"Outras receitas administradas - Rio Grande do Norte (RN)";"Não oculta";"Intranet";0;0;0;NA;NA;"CONFAZ12";"Intranet";"Macro"
"3152";"CONFAZ12_ORADRO12";NA;NA;"Inativa";"Min. Fazenda/Cotepe";"Finanças públicas";"Outras receitas administradas - Rondônia (RO)";"Outras receitas administradas - Rondônia (RO)";"Não oculta";"Intranet";0;0;0;NA;NA;"CONFAZ12";"Intranet";"Macro"
"3153";"CONFAZ12_ORADRR12";NA;NA;"Inativa";"Min. Fazenda/Cotepe";"Finanças públicas";"Outras receitas administradas - Roraima (RR)";"Outras receitas administradas - Roraima (RR)";"Não oculta";"Intranet";0;0;0;NA;NA;"CONFAZ12";"Intranet";"Macro"
"3154";"CONFAZ12_ORADRS12";NA;NA;"Inativa";"Min. Fazenda/Cotepe";"Finanças públicas";"Outras receitas administradas - Rio Grande do Sul (RS)";"Outras receitas administradas - Rio Grande do Sul (RS)";"Não oculta";"Intranet";0;0;0;NA;NA;"CONFAZ12";"Intranet";"Macro"
"3155";"CONFAZ12_ORADSC12";NA;NA;"Inativa";"Min. Fazenda/Cotepe";"Finanças públicas";"Outras receitas administradas - Santa Catarina (SC)";"Outras receitas administradas - Santa Catarina (SC)";"Não oculta";"Intranet";0;0;0;NA;NA;"CONFAZ12";"Intranet";"Macro"
"3156";"CONFAZ12_ORADSE12";NA;NA;"Inativa";"Min. Fazenda/Cotepe";"Finanças públicas";"Outras receitas administradas - Sergipe (SE)";"Outras receitas administradas - Sergipe (SE)";"Não oculta";"Intranet";0;0;0;NA;NA;"CONFAZ12";"Intranet";"Macro"
"3157";"CONFAZ12_ORADSP12";NA;NA;"Inativa";"Min. Fazenda/Cotepe";"Finanças públicas";"Outras receitas administradas - São Paulo (SP)";"Outras receitas administradas - São Paulo (SP)";"Não oculta";"Intranet";0;0;0;NA;NA;"CONFAZ12";"Intranet";"Macro"
"3158";"CONFAZ12_ORADTO12";NA;NA;"Inativa";"Min. Fazenda/Cotepe";"Finanças públicas";"Outras receitas administradas - Tocantins (TO)";"Outras receitas administradas - Tocantins (TO)";"Não oculta";"Intranet";0;0;0;NA;NA;"CONFAZ12";"Intranet";"Macro"
"3159";"CONFAZ12_PISAC12";NA;NA;"Inativa";"Min. Fazenda/Cotepe";"Finanças públicas";"Contribuição - PIS / Pasep - Acre (AC)";"Contribuição para o PIS / Pasep - Acre (AC)";"Não oculta";"Intranet";0;0;0;NA;NA;"CONFAZ12";"Intranet";"Macro"
"3160";"CONFAZ12_PISAL12";NA;NA;"Inativa";"Min. Fazenda/Cotepe";"Finanças públicas";"Contribuição - PIS / Pasep - Alagoas (AL)";"Contribuição para o PIS / Pasep - Alagoas (AL)";"Não oculta";"Intranet";0;0;0;NA;NA;"CONFAZ12";"Intranet";"Macro"
"3161";"CONFAZ12_PISAM12";NA;NA;"Inativa";"Min. Fazenda/Cotepe";"Finanças públicas";"Contribuição - PIS / Pasep - Amazonas (AM)";"Contribuição para o PIS / Pasep - Amazonas (AM)";"Não oculta";"Intranet";0;0;0;NA;NA;"CONFAZ12";"Intranet";"Macro"
"3162";"CONFAZ12_PISAP12";NA;NA;"Inativa";"Min. Fazenda/Cotepe";"Finanças públicas";"Contribuição - PIS / Pasep - Amapá (AP)";"Contribuição para o PIS / Pasep - Amapá (AP)";"Não oculta";"Intranet";0;0;0;NA;NA;"CONFAZ12";"Intranet";"Macro"
"3163";"CONFAZ12_PISBA12";NA;NA;"Inativa";"Min. Fazenda/Cotepe";"Finanças públicas";"Contribuição - PIS / Pasep - Bahia (BA)";"Contribuição para o PIS / Pasep - Bahia (BA)";"Não oculta";"Intranet";0;0;0;NA;NA;"CONFAZ12";"Intranet";"Macro"
"3164";"CONFAZ12_PISCE12";NA;NA;"Inativa";"Min. Fazenda/Cotepe";"Finanças públicas";"Contribuição - PIS / Pasep - Ceará (CE)";"Contribuição para o PIS / Pasep - Ceará (CE)";"Não oculta";"Intranet";0;0;0;NA;NA;"CONFAZ12";"Intranet";"Macro"
"3165";"CONFAZ12_PISDF12";NA;NA;"Inativa";"Min. Fazenda/Cotepe";"Finanças públicas";"Contribuição - PIS / Pasep - Distrito Federal (DF)";"Contribuição para o PIS / Pasep - Distrito Federal (DF)";"Não oculta";"Intranet";0;0;0;NA;NA;"CONFAZ12";"Intranet";"Macro"
"3166";"CONFAZ12_PISES12";NA;NA;"Inativa";"Min. Fazenda/Cotepe";"Finanças públicas";"Contribuição - PIS / Pasep - Espírito Santo (ES)";"Contribuição para o PIS / Pasep - Espírito Santo (ES)";"Não oculta";"Intranet";0;0;0;NA;NA;"CONFAZ12";"Intranet";"Macro"
"3167";"CONFAZ12_PISGO12";NA;NA;"Inativa";"Min. Fazenda/Cotepe";"Finanças públicas";"Contribuição - PIS / Pasep - Goiás (GO)";"Contribuição para o PIS / Pasep - Goiás (GO)";"Não oculta";"Intranet";0;0;0;NA;NA;"CONFAZ12";"Intranet";"Macro"
"3168";"CONFAZ12_PISMA12";NA;NA;"Inativa";"Min. Fazenda/Cotepe";"Finanças públicas";"Contribuição - PIS / Pasep - Maranhão (MA)";"Contribuição para o PIS / Pasep - Maranhão (MA)";"Não oculta";"Intranet";0;0;0;NA;NA;"CONFAZ12";"Intranet";"Macro"
"3169";"CONFAZ12_PISMG12";NA;NA;"Inativa";"Min. Fazenda/Cotepe";"Finanças públicas";"Contribuição - PIS / Pasep - Minas Gerais (MG)";"Contribuição para o PIS / Pasep - Minas Gerais (MG)";"Não oculta";"Intranet";0;0;0;NA;NA;"CONFAZ12";"Intranet";"Macro"
"3170";"CONFAZ12_PISMS12";NA;NA;"Inativa";"Min. Fazenda/Cotepe";"Finanças públicas";"Contribuição - PIS / Pasep - Mato Grosso do Sul (MS)";"Contribuição para o PIS / Pasep - Mato Grosso do Sul (MS)";"Não oculta";"Intranet";0;0;0;NA;NA;"CONFAZ12";"Intranet";"Macro"
"3171";"CONFAZ12_PISMT12";NA;NA;"Inativa";"Min. Fazenda/Cotepe";"Finanças públicas";"Contribuição - PIS / Pasep - Mato Grosso (MT)";"Contribuição para o PIS / Pasep - Mato Grosso (MT)";"Não oculta";"Intranet";0;0;0;NA;NA;"CONFAZ12";"Intranet";"Macro"
"3172";"CONFAZ12_PISPA12";NA;NA;"Inativa";"Min. Fazenda/Cotepe";"Finanças públicas";"Contribuição - PIS / Pasep - Pará (PA)";"Contribuição para o PIS / Pasep - Pará (PA)";"Não oculta";"Intranet";0;0;0;NA;NA;"CONFAZ12";"Intranet";"Macro"
"3173";"CONFAZ12_PISPB12";NA;NA;"Inativa";"Min. Fazenda/Cotepe";"Finanças públicas";"Contribuição - PIS / Pasep - Paraíba (PB)";"Contribuição para o PIS / Pasep - Paraíba (PB)";"Não oculta";"Intranet";0;0;0;NA;NA;"CONFAZ12";"Intranet";"Macro"
"3174";"CONFAZ12_PISPE12";NA;NA;"Inativa";"Min. Fazenda/Cotepe";"Finanças públicas";"Contribuição - PIS / Pasep - Pernambuco (PE)";"Contribuição para o PIS / Pasep - Pernambuco (PE)";"Não oculta";"Intranet";0;0;0;NA;NA;"CONFAZ12";"Intranet";"Macro"
"3175";"CONFAZ12_PISPI12";NA;NA;"Inativa";"Min. Fazenda/Cotepe";"Finanças públicas";"Contribuição - PIS / Pasep - Piauí (PI)";"Contribuição para o PIS / Pasep - Piauí (PI)";"Não oculta";"Intranet";0;0;0;NA;NA;"CONFAZ12";"Intranet";"Macro"
"3176";"CONFAZ12_PISPR12";NA;NA;"Inativa";"Min. Fazenda/Cotepe";"Finanças públicas";"Contribuição - PIS / Pasep - Paraná (PR)";"Contribuição para o PIS / Pasep - Paraná (PR)";"Não oculta";"Intranet";0;0;0;NA;NA;"CONFAZ12";"Intranet";"Macro"
"3177";"CONFAZ12_PISRJ12";NA;NA;"Inativa";"Min. Fazenda/Cotepe";"Finanças públicas";"Contribuição - PIS / Pasep - Rio de Janeiro (RJ)";"Contribuição para o PIS / Pasep - Rio de Janeiro (RJ)";"Não oculta";"Intranet";0;0;0;NA;NA;"CONFAZ12";"Intranet";"Macro"
"3178";"CONFAZ12_PISRN12";NA;NA;"Inativa";"Min. Fazenda/Cotepe";"Finanças públicas";"Contribuição - PIS / Pasep - Rio Grande do Norte (RN)";"Contribuição para o PIS / Pasep - Rio Grande do Norte (RN)";"Não oculta";"Intranet";0;0;0;NA;NA;"CONFAZ12";"Intranet";"Macro"
"3179";"CONFAZ12_PISRO12";NA;NA;"Inativa";"Min. Fazenda/Cotepe";"Finanças públicas";"Contribuição - PIS / Pasep - Rondônia (RO)";"Contribuição para o PIS / Pasep - Rondônia (RO)";"Não oculta";"Intranet";0;0;0;NA;NA;"CONFAZ12";"Intranet";"Macro"
"3180";"CONFAZ12_PISRR12";NA;NA;"Inativa";"Min. Fazenda/Cotepe";"Finanças públicas";"Contribuição - PIS / Pasep - Roraima (RR)";"Contribuição para o PIS / Pasep - Roraima (RR)";"Não oculta";"Intranet";0;0;0;NA;NA;"CONFAZ12";"Intranet";"Macro"
"3181";"CONFAZ12_PISRS12";NA;NA;"Inativa";"Min. Fazenda/Cotepe";"Finanças públicas";"Contribuição - PIS / Pasep - Rio Grande do Sul (RS)";"Contribuição para o PIS / Pasep - Rio Grande do Sul (RS)";"Não oculta";"Intranet";0;0;0;NA;NA;"CONFAZ12";"Intranet";"Macro"
"3182";"CONFAZ12_PISSC12";NA;NA;"Inativa";"Min. Fazenda/Cotepe";"Finanças públicas";"Contribuição - PIS / Pasep - Santa Catarina (SC)";"Contribuição para o PIS / Pasep - Santa Catarina (SC)";"Não oculta";"Intranet";0;0;0;NA;NA;"CONFAZ12";"Intranet";"Macro"
"3183";"CONFAZ12_PISSE12";NA;NA;"Inativa";"Min. Fazenda/Cotepe";"Finanças públicas";"Contribuição - PIS / Pasep - Sergipe (SE)";"Contribuição para o PIS / Pasep - Sergipe (SE)";"Não oculta";"Intranet";0;0;0;NA;NA;"CONFAZ12";"Intranet";"Macro"
"3184";"CONFAZ12_PISSP12";NA;NA;"Inativa";"Min. Fazenda/Cotepe";"Finanças públicas";"Contribuição - PIS / Pasep - São Paulo (SP)";"Contribuição para o PIS / Pasep - São Paulo (SP)";"Não oculta";"Intranet";0;0;0;NA;NA;"CONFAZ12";"Intranet";"Macro"
"3185";"CONFAZ12_PISTO12";NA;NA;"Inativa";"Min. Fazenda/Cotepe";"Finanças públicas";"Contribuição - PIS / Pasep - Tocantins (TO)";"Contribuição para o PIS / Pasep - Tocantins (TO)";"Não oculta";"Intranet";0;0;0;NA;NA;"CONFAZ12";"Intranet";"Macro"
"3186";"CONFAZ12_SRFAC12";NA;NA;"Inativa";"Min. Fazenda/Cotepe";"Finanças públicas";"Receita administrada pela SRF - Acre (AC)";"Receita administrada pela SRF - Acre (AC)";"Não oculta";"Intranet";0;0;0;NA;NA;"CONFAZ12";"Intranet";"Macro"
"3187";"CONFAZ12_SRFAL12";NA;NA;"Inativa";"Min. Fazenda/Cotepe";"Finanças públicas";"Receita administrada pela SRF - Alagoas (AL)";"Receita administrada pela SRF - Alagoas (AL)";"Não oculta";"Intranet";0;0;0;NA;NA;"CONFAZ12";"Intranet";"Macro"
"3188";"CONFAZ12_SRFAM12";NA;NA;"Inativa";"Min. Fazenda/Cotepe";"Finanças públicas";"Receita administrada pela SRF - Amazonas (AM)";"Receita administrada pela SRF - Amazonas (AM)";"Não oculta";"Intranet";0;0;0;NA;NA;"CONFAZ12";"Intranet";"Macro"
"3189";"CONFAZ12_SRFAP12";NA;NA;"Inativa";"Min. Fazenda/Cotepe";"Finanças públicas";"Receita administrada pela SRF - Amapá (AP)";"Receita administrada pela SRF - Amapá (AP)";"Não oculta";"Intranet";0;0;0;NA;NA;"CONFAZ12";"Intranet";"Macro"
"3190";"CONFAZ12_SRFBA12";NA;NA;"Inativa";"Min. Fazenda/Cotepe";"Finanças públicas";"Receita administrada pela SRF - Bahia (BA)";"Receita administrada pela SRF - Bahia (BA)";"Não oculta";"Intranet";0;0;0;NA;NA;"CONFAZ12";"Intranet";"Macro"
"3191";"CONFAZ12_SRFCE12";NA;NA;"Inativa";"Min. Fazenda/Cotepe";"Finanças públicas";"Receita administrada pela SRF - Ceará (CE)";"Receita administrada pela SRF - Ceará (CE)";"Não oculta";"Intranet";0;0;0;NA;NA;"CONFAZ12";"Intranet";"Macro"
"3192";"CONFAZ12_SRFDF12";NA;NA;"Inativa";"Min. Fazenda/Cotepe";"Finanças públicas";"Receita administrada pela SRF - Distrito Federal (DF)";"Receita administrada pela SRF - Distrito Federal (DF)";"Não oculta";"Intranet";0;0;0;NA;NA;"CONFAZ12";"Intranet";"Macro"
"3193";"CONFAZ12_SRFES12";NA;NA;"Inativa";"Min. Fazenda/Cotepe";"Finanças públicas";"Receita administrada pela SRF - Espírito Santo (ES)";"Receita administrada pela SRF - Espírito Santo (ES)";"Não oculta";"Intranet";0;0;0;NA;NA;"CONFAZ12";"Intranet";"Macro"
"3194";"CONFAZ12_SRFGO12";NA;NA;"Inativa";"Min. Fazenda/Cotepe";"Finanças públicas";"Receita administrada pela SRF - Goiás (GO)";"Receita administrada pela SRF - Goiás (GO)";"Não oculta";"Intranet";0;0;0;NA;NA;"CONFAZ12";"Intranet";"Macro"
"3195";"CONFAZ12_SRFMA12";NA;NA;"Inativa";"Min. Fazenda/Cotepe";"Finanças públicas";"Receita administrada pela SRF - Maranhão (MA)";"Receita administrada pela SRF - Maranhão (MA)";"Não oculta";"Intranet";0;0;0;NA;NA;"CONFAZ12";"Intranet";"Macro"
"3196";"CONFAZ12_SRFMG12";NA;NA;"Inativa";"Min. Fazenda/Cotepe";"Finanças públicas";"Receita administrada pela SRF - Minas Gerais (MG)";"Receita administrada pela SRF - Minas Gerais (MG)";"Não oculta";"Intranet";0;0;0;NA;NA;"CONFAZ12";"Intranet";"Macro"
"3197";"CONFAZ12_SRFMS12";NA;NA;"Inativa";"Min. Fazenda/Cotepe";"Finanças públicas";"Receita administrada pela SRF - Mato Grosso do Sul (MS)";"Receita administrada pela SRF - Mato Grosso do Sul (MS)";"Não oculta";"Intranet";0;0;0;NA;NA;"CONFAZ12";"Intranet";"Macro"
"3198";"CONFAZ12_SRFMT12";NA;NA;"Inativa";"Min. Fazenda/Cotepe";"Finanças públicas";"Receita administrada pela SRF - Mato Grosso (MT)";"Receita administrada pela SRF - Mato Grosso (MT)";"Não oculta";"Intranet";0;0;0;NA;NA;"CONFAZ12";"Intranet";"Macro"
"3199";"CONFAZ12_SRFPA12";NA;NA;"Inativa";"Min. Fazenda/Cotepe";"Finanças públicas";"Receita administrada pela SRF - Pará (PA)";"Receita administrada pela SRF - Pará (PA)";"Não oculta";"Intranet";0;0;0;NA;NA;"CONFAZ12";"Intranet";"Macro"
"3200";"CONFAZ12_SRFPB12";NA;NA;"Inativa";"Min. Fazenda/Cotepe";"Finanças públicas";"Receita administrada pela SRF - Paraíba (PB)";"Receita administrada pela SRF - Paraíba (PB)";"Não oculta";"Intranet";0;0;0;NA;NA;"CONFAZ12";"Intranet";"Macro"
"3201";"CONFAZ12_SRFPE12";NA;NA;"Inativa";"Min. Fazenda/Cotepe";"Finanças públicas";"Receita administrada pela SRF - Pernambuco (PE)";"Receita administrada pela SRF - Pernambuco (PE)";"Não oculta";"Intranet";0;0;0;NA;NA;"CONFAZ12";"Intranet";"Macro"
"3202";"CONFAZ12_SRFPI12";NA;NA;"Inativa";"Min. Fazenda/Cotepe";"Finanças públicas";"Receita administrada pela SRF - Piauí (PI)";"Receita administrada pela SRF - Piauí (PI)";"Não oculta";"Intranet";0;0;0;NA;NA;"CONFAZ12";"Intranet";"Macro"
"3203";"CONFAZ12_SRFPR12";NA;NA;"Inativa";"Min. Fazenda/Cotepe";"Finanças públicas";"Receita administrada pela SRF - Paraná (PR)";"Receita administrada pela SRF - Paraná (PR)";"Não oculta";"Intranet";0;0;0;NA;NA;"CONFAZ12";"Intranet";"Macro"
"3204";"CONFAZ12_SRFRJ12";NA;NA;"Inativa";"Min. Fazenda/Cotepe";"Finanças públicas";"Receita administrada pela SRF - Rio de Janeiro (RJ)";"Receita administrada pela SRF - Rio de Janeiro (RJ)";"Não oculta";"Intranet";0;0;0;NA;NA;"CONFAZ12";"Intranet";"Macro"
"3205";"CONFAZ12_SRFRN12";NA;NA;"Inativa";"Min. Fazenda/Cotepe";"Finanças públicas";"Receita administrada pela SRF - Rio Grande do Norte (RN)";"Receita administrada pela SRF - Rio Grande do Norte (RN)";"Não oculta";"Intranet";0;0;0;NA;NA;"CONFAZ12";"Intranet";"Macro"
"3206";"CONFAZ12_SRFRO12";NA;NA;"Inativa";"Min. Fazenda/Cotepe";"Finanças públicas";"Receita administrada pela SRF - Rondônia (RO)";"Receita administrada pela SRF - Rondônia (RO)";"Não oculta";"Intranet";0;0;0;NA;NA;"CONFAZ12";"Intranet";"Macro"
"3207";"CONFAZ12_SRFRR12";NA;NA;"Inativa";"Min. Fazenda/Cotepe";"Finanças públicas";"Receita administrada pela SRF - Roraima (RR)";"Receita administrada pela SRF - Roraima (RR)";"Não oculta";"Intranet";0;0;0;NA;NA;"CONFAZ12";"Intranet";"Macro"
"3208";"CONFAZ12_SRFRS12";NA;NA;"Inativa";"Min. Fazenda/Cotepe";"Finanças públicas";"Receita administrada pela SRF - Rio Grande do Sul (RS)";"Receita administrada pela SRF - Rio Grande do Sul (RS)";"Não oculta";"Intranet";0;0;0;NA;NA;"CONFAZ12";"Intranet";"Macro"
"3209";"CONFAZ12_SRFSC12";NA;NA;"Inativa";"Min. Fazenda/Cotepe";"Finanças públicas";"Receita administrada pela SRF - Santa Catarina (SC)";"Receita administrada pela SRF - Santa Catarina (SC)";"Não oculta";"Intranet";0;0;0;NA;NA;"CONFAZ12";"Intranet";"Macro"
"3210";"CONFAZ12_SRFSE12";NA;NA;"Inativa";"Min. Fazenda/Cotepe";"Finanças públicas";"Receita administrada pela SRF - Sergipe (SE)";"Receita administrada pela SRF - Sergipe (SE)";"Não oculta";"Intranet";0;0;0;NA;NA;"CONFAZ12";"Intranet";"Macro"
"3211";"CONFAZ12_SRFSP12";NA;NA;"Inativa";"Min. Fazenda/Cotepe";"Finanças públicas";"Receita administrada pela SRF - São Paulo (SP)";"Receita administrada pela SRF - São Paulo (SP)";"Não oculta";"Intranet";0;0;0;NA;NA;"CONFAZ12";"Intranet";"Macro"
"3212";"CONFAZ12_SRFTO12";NA;NA;"Inativa";"Min. Fazenda/Cotepe";"Finanças públicas";"Receita administrada pela SRF - Tocantins (TO)";"Receita administrada pela SRF - Tocantins (TO)";"Não oculta";"Intranet";0;0;0;NA;NA;"CONFAZ12";"Intranet";"Macro"
"3213";"COTEC_TVBK";38;308;"Inativa";"Min. Fazenda/Cotec";"Comércio exterior";"Importações - tarifa - alíquota efetiva - bens de capital";"Importações - tarifa - alíquota efetiva - bens de capital";"Não oculta";"Internet";120;0;0;NA;NA;"COTEC";"Internet";"Macro"
"3214";"COTEC_TVBC";18;565;"Inativa";"Min. Fazenda/Cotec";"Comércio exterior";"Importações - tarifa - alíquota efetiva - bens de consumo";"Importações - tarifa - alíquota efetiva - bens de consumo";"Não oculta";"Internet";120;0;0;NA;NA;"COTEC";"Internet";"Macro"
"3215";"COTEC_TVBINPET";2;1445;"Inativa";"Min. Fazenda/Cotec";"Comércio exterior";"Importações - tarifa - alíquota efetiva - bens intermediários - exceto combustíveis e lubrificantes";"Importações - tarifa - alíquota efetiva - bens intermediários - exceto combustíveis e lubrificantes";"Não oculta";"Internet";120;0;0;NA;NA;"COTEC";"Internet";"Macro"
"3216";"COTEC_TLBINPET";NA;NA;"Inativa";"Min. Fazenda/Cotec";"Comércio exterior";"Importações - tarifa - alíquota legal - bens intermediários - exceto combustíveis e lubrificantes";"Importações - tarifa - alíquota legal - bens intermediários - exceto combustíveis e lubrificantes";"Oculta";"Internet";90;0;0;NA;NA;"COTEC";"Oculta";"Macro"
"3217";"COTEC_TVPET";20;518;"Inativa";"Min. Fazenda/Cotec";"Comércio exterior";"Importações - tarifa - alíquota efetiva - bens intermediários - combustíveis e lubrificantes";"Importações - tarifa - alíquota efetiva - bens intermediários - combustíveis e lubrificantes";"Não oculta";"Internet";120;0;0;NA;NA;"COTEC";"Internet";"Macro"
"3218";"COTEC_TLPET";NA;NA;"Inativa";"Min. Fazenda/Cotec";"Comércio exterior";"Importações - tarifa - alíquota legal - bens intermediários - combustíveis e lubrificantes";"Importações - tarifa - alíquota legal - bens intermediários - combustíveis e lubrificantes";"Oculta";"Internet";90;0;0;NA;NA;"COTEC";"Oculta";"Macro"
"3219";"SRF12_COFINS12";34;381;"Ativa";"Min. Fazenda/SRF";"Finanças públicas";"Contribuição - Finsocial / Cofins - total - receita bruta";"Contribuição para o Finsocial / Cofins - total - receita bruta";"Não oculta";"Internet";20;0;0;NA;NA;"SRF12";"Internet";"Macro"
"3220";"SRF12_CSLL12";31;407;"Ativa";"Min. Fazenda/SRF";"Finanças públicas";"Contribuição social sobre o lucro líquido (CSLL) - total - receita bruta";"Contribuição social sobre o lucro líquido (CSLL) - total - receita bruta";"Não oculta";"Internet";20;0;0;NA;NA;"SRF12";"Internet";"Macro"
"3221";"SRF12_II12";28;441;"Ativa";"Min. Fazenda/SRF";"Finanças públicas";"Imposto sobre a importação (II) - total - receita bruta";"Imposto sobre a importação (II) - total - receita bruta";"Não oculta";"Internet";20;0;0;NA;NA;"SRF12";"Internet";"Macro"
"3222";"SRF12_IOF12";11;856;"Ativa";"Min. Fazenda/SRF";"Finanças públicas";"Imposto sobre operações financeiras (IOF) - total - receita bruta";"Imposto sobre operações financeiras (IOF) - total - receita bruta";"Não oculta";"Internet";20;0;0;NA;NA;"SRF12";"Internet";"Macro"
"3223";"SRF12_IPI12";41;319;"Ativa";"Min. Fazenda/SRF";"Finanças públicas";"Imposto sobre produtos industrializados (IPI) - total - receita bruta";"Imposto sobre produtos industrializados (IPI) - total - receita bruta";"Não oculta";"Internet";20;0;0;NA;NA;"SRF12";"Internet";"Macro"
"3224";"SRF12_IPMF12";45;294;"Inativa";"Min. Fazenda/SRF";"Finanças públicas";"Contribuição provisória sobre movimentação financeira (CPMF) - receita bruta";"Contribuição provisória sobre movimentação financeira (CPMF) - receita bruta";"Não oculta";"Internet";20;0;0;NA;NA;"SRF12";"Internet";"Macro"
"3225";"SRF12_IR12";48;274;"Ativa";"Min. Fazenda/SRF";"Finanças públicas";"Imposto sobre a renda (IR) - total - receita bruta";"Imposto sobre a renda (IR) - total - receita bruta";"Não oculta";"Internet";20;0;0;NA;NA;"SRF12";"Internet";"Macro"
"3226";"SRF12_IRPF12";42;313;"Ativa";"Min. Fazenda/SRF";"Finanças públicas";"Imposto sobre a renda (IR) - pessoas físicas - total - receita bruta";"Imposto sobre a renda (IR) - pessoas físicas - total - receita bruta";"Não oculta";"Internet";20;0;0;NA;NA;"SRF12";"Internet";"Macro"
"3227";"SRF12_IRPJ12";43;306;"Ativa";"Min. Fazenda/SRF";"Finanças públicas";"Imposto sobre a renda (IR) - pessoas jurídicas - total - receita bruta";"Imposto sobre a renda (IR) - pessoas jurídicas - total - receita bruta";"Não oculta";"Internet";20;0;0;NA;NA;"SRF12";"Internet";"Macro"
"3228";"SRF12_IRRF12";4;1262;"Ativa";"Min. Fazenda/SRF";"Finanças públicas";"Imposto sobre a renda (IR) - retido nas fontes - total - receita bruta";"Imposto sobre a renda (IR) - retido nas fontes - total - receita bruta";"Não oculta";"Internet";20;0;0;NA;NA;"SRF12";"Internet";"Macro"
"3229";"SRF12_PIS12";26;472;"Ativa";"Min. Fazenda/SRF";"Finanças públicas";"Contribuição - PIS / Pasep - total - receita bruta";"Contribuição para o PIS / Pasep - total - receita bruta";"Não oculta";"Internet";20;0;0;NA;NA;"SRF12";"Internet";"Macro"
"3230";"SRF12_TOTREC12";78;155;"Ativa";"Min. Fazenda/SRF";"Finanças públicas";"Receita administrada pela SRF - receita bruta";"Receita administrada pela SRF - receita bruta";"Não oculta";"Internet";20;0;0;NA;NA;"SRF12";"Internet";"Macro"
"3231";"SECEX12_MPPRIN12";16;690;"Inativa";"MDIC/SECEX";"Comércio exterior";"Importações - categorias de uso - matérias-primas e produtos intermediários - (FOB)";"Importações - matérias-primas e produtos intermediários - (FOB)";"Não oculta";"Internet";5;0;0;"SRFM12_MPPRIN12 até 13/mai/2002.";NA;"SECEX12";"Internet";"Macro"
"3232";"SECEX12_COBLUB12";14;737;"Inativa";"MDIC/SECEX";"Comércio exterior";"Importações - categorias de uso - combustíveis e lubrificantes - (FOB)";"Importações - combustíveis e lubrificantes - (FOB)";"Não oculta";"Internet";5;0;0;"SRFM12_COBLUB12 até 13/mai/2002.";NA;"SECEX12";"Internet";"Macro"
"3233";"SECEX12_BENCAP12";47;284;"Inativa";"MDIC/SECEX";"Comércio exterior";"Importações - categorias de uso - bens de capital - (FOB)";"Importações - bens de capital - (FOB)";"Não oculta";"Internet";5;0;0;"SRFM12_BENCAP12 até 13/mai/2002.";NA;"SECEX12";"Internet";"Macro"
"3234";"SECEX12_BENCON12";34;381;"Inativa";"MDIC/SECEX";"Comércio exterior";"Importações - categorias de uso - bens de consumo - (FOB)";"Importações - bens de consumo - (FOB)";"Não oculta";"Internet";5;0;0;"SRFM12_BENCON12 até 13/mai/2002.";NA;"SECEX12";"Internet";"Macro"
"3235";"SECEX12_NDURAV12";22;542;"Inativa";"MDIC/SECEX";"Comércio exterior";"Importações - categorias de uso - bens de consumo não duráveis - (FOB)";"Importações - bens de consumo não duráveis - (FOB)";"Não oculta";"Internet";5;0;0;"SRFM12_NDURAV12 até 13/mai/2002.";NA;"SECEX12";"Internet";"Macro"
"3236";"SECEX12_DURAV12";26;472;"Inativa";"MDIC/SECEX";"Comércio exterior";"Importações - categorias de uso - bens de consumo duráveis - (FOB)";"Importações - bens de consumo duráveis - (FOB)";"Não oculta";"Internet";5;0;0;"SRFM12_DURAV12 até 13/mai/2002.";NA;"SECEX12";"Internet";"Macro"
"3237";"SECEX12_AUTO12";20;593;"Inativa";"MDIC/SECEX";"Comércio exterior";"Importações - categorias de uso - bens de consumo duráveis - automóveis - (FOB)";"Importações - bens de consumo duráveis - automóveis - (FOB)";"Não oculta";"Internet";5;0;0;"SRFM12_AUTO12 até 13/mai/2002.";NA;"SECEX12";"Internet";"Macro"
"3238";"STN12_DOOC12";8;996;"Inativa";"Min. Fazenda/STN";"Finanças públicas";"Execução financeira - despesas - liberações ordinárias - opererações oficiais de crédito";"Execução financeira do Tesouro Nacional - despesas - liberações ordinárias - opererações oficiais de crédito";"Não oculta";"Internet";30;0;0;NA;NA;"STN12";"Internet";"Macro"
"3239";"STN12_EDMBC12";4;1262;"Inativa";"Min. Fazenda/STN";"Finanças públicas";"Execução financeira - financiamento - resultado Tesouro/Bacen - des. no Bacen - encargos da DPMF";"Execução financeira do Tesouro Nacional - financiamento - resultado Tesouro/Bacen - despesas no Bacen - encargos da dívida mobiliária";"Não oculta";"Internet";30;0;0;NA;NA;"STN12";"Internet";"Macro"
"3240";"STN12_EDMM12";11;856;"Inativa";"Min. Fazenda/STN";"Finanças públicas";"Execução financeira - despesas - liberações ordinárias - encargos da dívida mobiliária - mercado";"Execução financeira do Tesouro Nacional - despesas - liberações ordinárias - encargos da dívida mobiliária - mercado";"Não oculta";"Internet";30;0;0;NA;NA;"STN12";"Internet";"Macro"
"3241";"STN12_OODC12";7;1050;"Inativa";"Min. Fazenda/STN";"Finanças públicas";"Execução financeira - receitas - oper. oficiais de créditos";"Execução financeira do Tesouro Nacional - receitas - oper. oficiais de créditos";"Não oculta";"Internet";30;0;0;NA;NA;"STN12";"Internet";"Macro"
"3242";"STN12_PEE12";12;812;"Inativa";"Min. Fazenda/STN";"Finanças públicas";"Execução financeira - despesas - liberações ordinárias - pessoal e encargos";"Execução financeira do Tesouro Nacional - despesas - liberações ordinárias - pessoal e encargos";"Não oculta";"Internet";30;0;0;NA;NA;"STN12";"Internet";"Macro"
"3243";"STN12_RDBB12";1;1628;"Inativa";"Min. Fazenda/STN";"Finanças públicas";"Execução financeira - receitas - remuneração de disponibilidades no BB";"Execução financeira do Tesouro Nacional - receitas - remuneração de disponibilidades no BB";"Não oculta";"Internet";30;0;0;NA;NA;"STN12";"Internet";"Macro"
"3244";"STN12_RDBC12";NA;NA;"Inativa";"Min. Fazenda/STN";"Finanças públicas";"Execução financeira do Tesouro Nacional - remuneração de disponibilidades no BC";"Execução financeira do Tesouro Nacional - remuneração de disponibilidades no Banco Central";"Não oculta";"Internet";0;0;0;"GAC12_RDBC12 até 22/mai/2001.";NA;"STN12";"Internet";"Macro"
"3245";"STN12_RDE12";7;1050;"Inativa";"Min. Fazenda/STN";"Finanças públicas";"Execução financeira - financiamento - receitas - oper. de créditos - outras";"Execução financeira do Tesouro Nacional - financiamento - receitas - outras operações de créditos";"Não oculta";"Internet";30;0;0;NA;NA;"STN12";"Internet";"Macro"
"3246";"STN12_RFC12";7;1050;"Inativa";"Min. Fazenda/STN";"Finanças públicas";"Execução financeira - financiamento - fluxo de caixa total";"Execução financeira do Tesouro Nacional - financiamento - fluxo de caixa total";"Não oculta";"Internet";30;0;0;NA;NA;"STN12";"Internet";"Macro"
"3247";"STN12_RFF12";19;621;"Inativa";"Min. Fazenda/STN";"Finanças públicas";"Execução financeira - resultado financeiro do Tesouro Nacional";"Execução financeira do Tesouro Nacional - resultado financeiro do Tesouro Nacional";"Não oculta";"Internet";30;0;0;NA;NA;"STN12";"Internet";"Macro"
"3248";"STN12_ROOC12";2;1480;"Inativa";"Min. Fazenda/STN";"Finanças públicas";"Execução financeira - receitas - oper. oficiais de créditos - outras";"Execução financeira do Tesouro Nacional - receitas - oper. oficiais de créditos - outras";"Não oculta";"Internet";30;0;0;NA;NA;"STN12";"Internet";"Macro"
"3249";"STN12_SDIE12";20;593;"Inativa";"Min. Fazenda/STN";"Finanças públicas";"Execução financeira - despesas - liberações ordinárias - encargos dívida contratual - int. e ext.";"Execução financeira do Tesouro Nacional - despesas - liberações ordinárias - encargos dívida contratual - interna e externa";"Não oculta";"Internet";30;0;0;NA;NA;"STN12";"Internet";"Macro"
"3250";"ANP12_DIESEL12";NA;NA;"Inativa";"ANP";"Consumo e vendas";"Consumo aparente - óleo diesel - média - qde.";"Consumo aparente de óleo diesel: quantidade média";"Oculta";"Internet";60;0;0;NA;NA;"ANP12";"Oculta";"Macro"
"3251";"DERAL12_ATFMP12";3;1356;"Ativa";"Seab-PR";"Preços";"Preço médio - atacado - farinha de mandioca prensada - 50 kg - PR";"Preço médio no atacado: farinha de mandioca prensada (50 kg - PR)";"Não oculta";"Internet";10;0;0;NA;NA;"DERAL12";"Internet";"Macro"
"3252";"DERAL12_ATFTRE12";7;1050;"Ativa";"Seab-PR";"Preços";"Preço médio - atacado - farinha de trigo - especial - kg - PR";"Preço médio no atacado: farinha de trigo especial (kg - PR)";"Não oculta";"Internet";10;0;0;NA;NA;"DERAL12";"Internet";"Macro"
"3253";"DERAL12_PRARIR12";6;1117;"Ativa";"Seab-PR";"Preços";"Preço médio - recebido pelo agricultor - arroz (em casca) - 50 kg - PR";"Preço médio recebido pelo agricultor: arroz em casca (50 kg - PR)";"Não oculta";"Internet";10;0;0;NA;NA;"DERAL12";"Internet";"Macro"
"3254";"DERAL12_PRARSE12";4;1262;"Ativa";"Seab-PR";"Preços";"Preço médio - recebido pelo agricultor - arroz sequeiro (em casca) - 60 kg - PR";"Preço médio recebido pelo agricultor: arroz de sequeiro em casca (60 kg - PR)";"Não oculta";"Internet";10;0;0;NA;NA;"DERAL12";"Internet";"Macro"
"3255";"DERAL12_PRBMA12";5;1176;"Ativa";"Seab-PR";"Preços";"Preço médio - recebido pelo agricultor - boi magro para engorda - cabeça - PR";"Preço médio recebido pelo agricultor: boi magro para engorda (cabeça - PR)";"Não oculta";"Internet";10;0;0;NA;NA;"DERAL12";"Internet";"Macro"
"3256";"DERAL12_ATFMAT12";3;1356;"Ativa";"Seab-PR";"Preços";"Preço médio - atacado - farinha de mandioca torrada - 50 kg - PR";"Preço médio no atacado: farinha de mandioca torrada (50 kg - PR)";"Não oculta";"Internet";10;0;0;NA;NA;"DERAL12";"Internet";"Macro"
"3257";"DERAL12_PRALC12";12;812;"Inativa";"Seab-PR";"Preços";"Preço médio - recebido pelo agricultor - algodão (em caroço) - arroba - PR";"Preço médio recebido pelo agricultor: algodão em caroço (arroba - PR)";"Não oculta";"Internet";10;0;0;NA;NA;"DERAL12";"Internet";"Macro"
"3258";"DERAL12_ATARP12";5;1176;"Ativa";"Seab-PR";"Preços";"Preço médio - atacado - arroz (parboilizado tipo 2) - 30 kg - PR";"Preço médio no atacado: arroz parboilizado tipo 2 (30 kg - PR)";"Não oculta";"Internet";10;0;0;NA;NA;"DERAL12";"Internet";"Macro"
"3259";"DERAL12_ATBCAD12";5;1176;"Ativa";"Seab-PR";"Preços";"Preço médio - atacado - bovinos - carcaça dianteira - kg - PR";"Preço médio no atacado: carcaça dianteira de bovinos (kg - PR)";"Não oculta";"Internet";10;0;0;NA;NA;"DERAL12";"Internet";"Macro"
"3260";"DERAL12_ATFMAC12";9;946;"Ativa";"Seab-PR";"Preços";"Preço médio - atacado - farinha de mandioca crua - 50 kg - PR";"Preço médio no atacado: farinha de mandioca crua (50 kg - PR)";"Não oculta";"Internet";10;0;0;NA;NA;"DERAL12";"Internet";"Macro"
"3261";"DERAL12_ATOLR12";8;996;"Ativa";"Seab-PR";"Preços";"Preço médio - atacado - óleo de soja - refinado - 20 latas - PR";"Preço médio no atacado: óleo de soja refinado (20 latas - PR)";"Não oculta";"Internet";10;0;0;NA;NA;"DERAL12";"Internet";"Macro"
"3262";"DERAL12_ATBCAT12";6;1117;"Ativa";"Seab-PR";"Preços";"Preço médio - atacado - bovinos - carcaça traseira - kg - PR";"Preço médio no atacado: carcaça traseira de bovinos (kg - PR)";"Não oculta";"Internet";10;0;0;NA;NA;"DERAL12";"Internet";"Macro"
"3263";"DERAL12_ATOLB12";14;737;"Ativa";"Seab-PR";"Preços";"Preço médio - atacado - óleo de soja - bruto - tonelada - PR";"Preço médio no atacado: óleo de soja bruto (tonelada - PR)";"Não oculta";"Internet";10;0;0;NA;NA;"DERAL12";"Internet";"Macro"
"3264";"DERAL12_ATSUPA12";1;1628;"Ativa";"Seab-PR";"Preços";"Preço médio - atacado - suínos - paleta com osso - kg - PR";"Preço médio no atacado: paleta suína com osso (kg - PR)";"Não oculta";"Internet";10;0;0;NA;NA;"DERAL12";"Internet";"Macro"
"3265";"DERAL12_ATSUPE12";2;1480;"Ativa";"Seab-PR";"Preços";"Preço médio - atacado - suínos - pernil com osso - kg - PR";"Preço médio no atacado: pernil suíno com osso (kg - PR)";"Não oculta";"Internet";10;0;0;NA;NA;"DERAL12";"Internet";"Macro"
"3266";"DERAL12_PRCCO12";26;472;"Ativa";"Seab-PR";"Preços";"Preço médio - recebido pelo agricultor - café (em coco) -  kg / renda - PR";"Preço médio recebido pelo agricultor: café em coco (kg / renda - PR)";"Não oculta";"Internet";10;0;0;NA;NA;"DERAL12";"Internet";"Macro"
"3267";"DERAL12_PRLEE12";3;1356;"Inativa";"Seab-PR";"Preços";"Preço médio - recebido pelo agricultor - leite extra - litro - PR";"Preço médio recebido pelo agricultor: leite extra (litro - PR)";"Não oculta";"Internet";0;0;0;NA;NA;"DERAL12";"Internet";"Macro"
"3268";"DERAL12_ATALC12";18;647;"Inativa";"Seab-PR";"Preços";"Preço médio - atacado - algodão (em caroço) - arroba - PR";"Preço médio no atacado: algodão em caroço (arroba - PR)";"Não oculta";"Internet";10;0;0;NA;NA;"DERAL12";"Internet";"Macro"
"3269";"DERAL12_ATFTRC12";9;946;"Ativa";"Seab-PR";"Preços";"Preço médio - atacado - farinha de trigo - 50 kg - PR";"Preço médio no atacado: farinha de trigo (50 kg - PR)";"Não oculta";"Internet";10;0;0;NA;NA;"DERAL12";"Internet";"Macro"
"3270";"DERAL12_ATSULO12";1;1628;"Ativa";"Seab-PR";"Preços";"Preço médio - atacado - suínos - lombo sem osso - kg - PR";"Preço médio no atacado: lombo suíno sem osso (kg - PR)";"Não oculta";"Internet";10;0;0;NA;NA;"DERAL12";"Internet";"Macro"
"3271";"DERAL12_ATFRM12";25;491;"Ativa";"Seab-PR";"Preços";"Preço médio - atacado - milho (em farelo) - tonelada - PR";"Preço médio no atacado: milho em farelo (tonelada - PR)";"Não oculta";"Internet";10;0;0;NA;NA;"DERAL12";"Internet";"Macro"
"3272";"DERAL12_ATPIP12";NA;NA;"Ativa";"Seab-PR";"Preços";"Preço médio - atacado - pinto de postura - unidade - PR";"Preço médio no atacado: pinto de postura (unidade - PR)";"Não oculta";"Internet";10;0;0;NA;NA;"DERAL12";"Internet";"Macro"
"3273";"DERAL12_PRFEC12";3;1356;"Ativa";"Seab-PR";"Preços";"Preço médio - recebido pelo agricultor - feijão de cor - 60 kg - PR";"Preço médio recebido pelo agricultor: feijão de cor (60 kg - PR)";"Não oculta";"Internet";10;0;0;NA;NA;"DERAL12";"Internet";"Macro"
"3274";"DERAL12_ATALP12";22;542;"Inativa";"Seab-PR";"Preços";"Preço médio - atacado - algodão (em pluma) - arroba - PR";"Preço médio no atacado: algodão em pluma (arroba - PR)";"Não oculta";"Internet";10;0;0;NA;NA;"DERAL12";"Internet";"Macro"
"3275";"DERAL12_ATARPO12";17;667;"Ativa";"Seab-PR";"Preços";"Preço médio - atacado - arroz (polido tipo 1) - 30 kg - PR";"Preço médio no atacado: arroz polido tipo 1 (30 kg - PR)";"Não oculta";"Internet";10;0;0;NA;NA;"DERAL12";"Internet";"Macro"
"3276";"DERAL12_ATFSO12";36;363;"Ativa";"Seab-PR";"Preços";"Preço médio - atacado - soja (em farelo) - tonelada - PR";"Preço médio no atacado: soja em farelo (tonelada - PR)";"Não oculta";"Internet";10;0;0;NA;NA;"DERAL12";"Internet";"Macro"
"3277";"DERAL12_ATQMF12";2;1480;"Ativa";"Seab-PR";"Preços";"Preço médio - atacado - queijo minas frescal (kg - PR)";"Preço médio no atacado: queijo minas frescal (kg - PR)";"Não oculta";"Internet";10;0;0;NA;NA;"DERAL12";"Internet";"Macro"
"3278";"DERAL12_ATSCAC12";4;1262;"Inativa";"Seab-PR";"Preços";"Preço médio - atacado - suínos - comuns - carcaça - kg - PR";"Preço médio no atacado: carcaça de suínos comuns (kg - PR)";"Não oculta";"Internet";0;0;0;NA;NA;"DERAL12";"Internet";"Macro"
"3279";"DERAL12_PRBGO12";39;338;"Ativa";"Seab-PR";"Preços";"Preço médio - recebido pelo agricultor - boi gordo - arroba - PR";"Preço médio recebido pelo agricultor: boi gordo (arroba - PR)";"Não oculta";"Internet";10;0;0;NA;NA;"DERAL12";"Internet";"Macro"
"3280";"DERAL12_PRCAN12";57;222;"Ativa";"Seab-PR";"Preços";"Preço médio - recebido pelo agricultor - cana-de-açúcar - tonelada - PR";"Preço médio recebido pelo agricultor: cana-de-açúcar (tonelada - PR)";"Não oculta";"Internet";10;0;0;NA;NA;"DERAL12";"Internet";"Macro"
"3281";"DERAL12_PRFEP12";5;1176;"Ativa";"Seab-PR";"Preços";"Preço médio - recebido pelo agricultor - feijão preto - 60 kg - PR";"Preço médio recebido pelo agricultor: feijão preto (60 kg - PR)";"Não oculta";"Internet";10;0;0;NA;NA;"DERAL12";"Internet";"Macro"
"3282";"DERAL12_ATOVP12";2;1480;"Inativa";"Seab-PR";"Preços";"Preço médio - atacado - ovo pequeno tipo 4 - 30 dúzias - PR";"Preço médio no atacado: ovo pequeno tipo 4 (30 dúzias - PR)";"Não oculta";"Internet";10;0;0;NA;NA;"DERAL12";"Internet";"Macro"
"3283";"DERAL12_ATPIC12";NA;NA;"Ativa";"Seab-PR";"Preços";"Preço médio - atacado - pinto de corte - unidade - PR";"Preço médio no atacado: pinto de corte (unidade - PR)";"Não oculta";"Internet";10;0;0;NA;NA;"DERAL12";"Internet";"Macro"
"3284";"DERAL12_ATSCAR12";2;1480;"Ativa";"Seab-PR";"Preços";"Preço médio - atacado - suínos - de raça - carcaça - kg - PR";"Preço médio no atacado: carcaça de suínos de raça (kg - PR)";"Não oculta";"Internet";10;0;0;NA;NA;"DERAL12";"Internet";"Macro"
"3285";"DERAL12_ATOVG12";1;1628;"Ativa";"Seab-PR";"Preços";"Preço médio - atacado - ovo grande tipo 2 - 30 dúzias - PR";"Preço médio no atacado: ovo grande tipo 2 (30 dúzias - PR)";"Não oculta";"Internet";10;0;0;NA;NA;"DERAL12";"Internet";"Macro"
"3286";"DERAL12_PRFRV12";12;812;"Ativa";"Seab-PR";"Preços";"Preço médio - atacado - frango vivo - kg - PR";"Preço médio no atacado: frango vivo (kg - PR)";"Não oculta";"Internet";10;0;0;NA;NA;"DERAL12";"Internet";"Macro"
"3287";"DERAL12_PRLECO12";13;769;"Ativa";"Seab-PR";"Preços";"Preço médio - recebido pelo agricultor - leite - litro - PR";"Preço médio recebido pelo agricultor: leite (litro - PR)";"Não oculta";"Internet";10;0;0;NA;NA;"DERAL12";"Internet";"Macro"
"3288";"DERAL12_PROVG12";1;1628;"Ativa";"Seab-PR";"Preços";"Preço médio - recebido pelo agricultor - ovo grande - 30 dúzias - PR";"Preço médio recebido pelo agricultor: ovo grande (30 dúzias - PR)";"Não oculta";"Internet";10;0;0;NA;NA;"DERAL12";"Internet";"Macro"
"3289";"DERAL12_PRSUC12";3;1356;"Ativa";"Seab-PR";"Preços";"Preço médio - recebido pelo agricultor - suínos - comuns - kg - PR";"Preço médio recebido pelo agricultor: suínos comuns (kg - PR)";"Não oculta";"Internet";10;0;0;NA;NA;"DERAL12";"Internet";"Macro"
"3290";"DERAL12_ATOVE12";2;1480;"Ativa";"Seab-PR";"Preços";"Preço médio - atacado - ovo extra tipo 1 - 30 dúzias - PR";"Preço médio no atacado: ovo extra tipo 1 (30 dúzias - PR)";"Não oculta";"Internet";10;0;0;NA;NA;"DERAL12";"Internet";"Macro"
"3291";"DERAL12_ATOVM12";2;1480;"Ativa";"Seab-PR";"Preços";"Preço médio - atacado - ovo médio tipo 3 - 30 dúzias - PR";"Preço médio no atacado: ovo médio tipo 3 (30 dúzias - PR)";"Não oculta";"Internet";10;0;0;NA;NA;"DERAL12";"Internet";"Macro"
"3292";"DERAL12_PROVM12";3;1356;"Ativa";"Seab-PR";"Preços";"Preço médio - recebido pelo agricultor - ovo médio - 30 dúzias - PR";"Preço médio recebido pelo agricultor: ovo médio (30 dúzias - PR)";"Não oculta";"Internet";10;0;0;NA;NA;"DERAL12";"Internet";"Macro"
"3293";"DERAL12_PRSUR12";2;1480;"Inativa";"Seab-PR";"Preços";"Preço médio - recebido pelo agricultor - suínos - de raça - kg - PR";"Preço médio recebido pelo agricultor: suínos de raça (kg - PR)";"Não oculta";"Internet";10;0;0;NA;NA;"DERAL12";"Internet";"Macro"
"3294";"DERAL12_ATCAM12";3;1356;"Ativa";"Seab-PR";"Preços";"Preço médio - atacado - canjica amarela - 50 kg - PR";"Preço médio no atacado: canjica amarela (50 kg - PR)";"Não oculta";"Internet";10;0;0;NA;NA;"DERAL12";"Internet";"Macro"
"3295";"DERAL12_ATFRC12";6;1117;"Ativa";"Seab-PR";"Preços";"Preço médio - atacado - frango congelado - kg - PR";"Preço médio no atacado: frango congelado (kg - PR)";"Não oculta";"Internet";10;0;0;NA;NA;"DERAL12";"Internet";"Macro"
"3296";"DERAL12_ATFRR12";10;894;"Ativa";"Seab-PR";"Preços";"Preço médio - atacado - frango resfriado - kg - PR";"Preço médio no atacado: frango resfriado (kg - PR)";"Não oculta";"Internet";10;0;0;NA;NA;"DERAL12";"Internet";"Macro"
"3297";"DERAL12_ATQMZ12";NA;NA;"Ativa";"Seab-PR";"Preços";"Preço médio - atacado - queijo mussarela (kg - PR)";"Preço médio no atacado: queijo mussarela (kg - PR)";"Não oculta";"Internet";10;0;0;NA;NA;"DERAL12";"Internet";"Macro"
"3298";"DERAL12_ATQPA12";1;1628;"Ativa";"Seab-PR";"Preços";"Preço médio - atacado - queijo parmesão (kg - PR)";"Preço médio no atacado: queijo parmesão (kg - PR)";"Não oculta";"Internet";10;0;0;NA;NA;"DERAL12";"Internet";"Macro"
"3299";"DERAL12_ATMAE12";1;1628;"Ativa";"Seab-PR";"Preços";"Preço médio - atacado - manteiga extra - kg - PR";"Preço médio no atacado: manteiga extra (kg - PR)";"Não oculta";"Internet";10;0;0;NA;NA;"DERAL12";"Internet";"Macro"
"3300";"DERAL12_PRMAN12";31;407;"Ativa";"Seab-PR";"Preços";"Preço médio - recebido pelo agricultor - mandioca - tonelada - PR";"Preço médio recebido pelo agricultor: mandioca (tonelada - PR)";"Não oculta";"Internet";10;0;0;NA;NA;"DERAL12";"Internet";"Macro"
"3301";"DERAL12_ATFEC12";8;996;"Ativa";"Seab-PR";"Preços";"Preço médio - atacado - feijão de cor - 30 kg - PR";"Preço médio no atacado: feijão de cor (30 kg - PR)";"Não oculta";"Internet";10;0;0;NA;NA;"DERAL12";"Internet";"Macro"
"3302";"DERAL12_ATFEP12";2;1480;"Ativa";"Seab-PR";"Preços";"Preço médio - atacado - feijão preto - 30 kg - PR";"Preço médio no atacado: feijão preto (30 kg - PR)";"Não oculta";"Internet";10;0;0;NA;NA;"DERAL12";"Internet";"Macro"
"3303";"DERAL12_ATFUA12";1;1628;"Ativa";"Seab-PR";"Preços";"Preço médio - atacado - fubá amarelo - 50 kg - PR";"Preço médio no atacado: fubá amarelo (50 kg - PR)";"Não oculta";"Internet";10;0;0;NA;NA;"DERAL12";"Internet";"Macro"
"3304";"DERAL12_ATTRG12";13;769;"Ativa";"Seab-PR";"Preços";"Preço médio - atacado - trigo (em grão) - 60 kg - PR";"Preço médio no atacado: trigo em grão (60 kg - PR)";"Não oculta";"Internet";10;0;0;NA;NA;"DERAL12";"Internet";"Macro"
"3305";"DERAL12_PRMI12";54;238;"Ativa";"Seab-PR";"Preços";"Preço médio - recebido pelo agricultor - milho - 60 kg - PR";"Preço médio recebido pelo agricultor: milho (60 kg - PR)";"Não oculta";"Internet";10;0;0;NA;NA;"DERAL12";"Internet";"Macro"
"3306";"DERAL12_PRTRG12";24;508;"Ativa";"Seab-PR";"Preços";"Preço médio - recebido pelo agricultor - trigo - 60 kg - PR";"Preço médio recebido pelo agricultor: trigo (60 kg - PR)";"Não oculta";"Internet";10;0;0;NA;NA;"DERAL12";"Internet";"Macro"
"3307";"DERAL12_ATMC12";24;508;"Ativa";"Seab-PR";"Preços";"Preço médio - atacado - milho - 60 kg - PR";"Preço médio no atacado: milho (60 kg - PR)";"Não oculta";"Internet";10;0;0;NA;NA;"DERAL12";"Internet";"Macro"
"3308";"DERAL12_ATQPR12";1;1628;"Ativa";"Seab-PR";"Preços";"Preço médio - atacado - queijo prato (kg - PR)";"Preço médio no atacado: queijo prato (kg - PR)";"Não oculta";"Internet";10;0;0;NA;NA;"DERAL12";"Internet";"Macro"
"3309";"DERAL12_PRSO12";56;226;"Ativa";"Seab-PR";"Preços";"Preço médio - recebido pelo agricultor - soja - 60 kg - PR";"Preço médio recebido pelo agricultor: soja (60 kg - PR)";"Não oculta";"Internet";10;0;0;NA;NA;"DERAL12";"Internet";"Macro"
"3310";"DERAL12_ATBSUI12";4;1262;"Ativa";"Seab-PR";"Preços";"Preço médio - atacado - banha suína - kg - PR";"Preço médio no atacado: banha suína (kg - PR)";"Não oculta";"Internet";10;0;0;NA;NA;"DERAL12";"Internet";"Macro"
"3311";"DERAL12_ATFECU12";1;1628;"Ativa";"Seab-PR";"Preços";"Preço médio - atacado - fécula - 25 kg - PR";"Preço médio no atacado: fécula (25 kg - PR)";"Não oculta";"Internet";10;0;0;NA;NA;"DERAL12";"Internet";"Macro"
"3312";"SEADE12_SIRMRA12";177;59;"Ativa";"Seade/PED";"Salário e renda";"Rendimento médio - real - assalariados - trabalho principal - índice (média 2000 = 100) - RMSP";"Rendimento médio real dos assalariados no trabalho principal na RMSP - índice (média 2000 = 100)";"Não oculta";"Internet";60;0;0;NA;NA;"SEADE12";"Internet";"Macro"
"3313";"SEADE12_TDTGSP12";689;18;"Ativa";"Seade/PED";"Emprego";"Taxa de desemprego - RMSP";"Taxa de desemprego na RMSP";"Não oculta";"Internet";30;0;0;NA;NA;"SEADE12";"Internet";"Macro"
"3314";"SEADE12_TDAGSP12";670;19;"Ativa";"Seade/PED";"Emprego";"Taxa de desemprego - aberto - RMSP";"Taxa de desemprego aberto na RMSP";"Não oculta";"Internet";30;0;0;NA;NA;"SEADE12";"Internet";"Macro"
"3315";"SEADE12_TDOTSP12";58;217;"Ativa";"Seade/PED";"Emprego";"Taxa de desemprego - oculto - RMSP";"Taxa de desemprego oculto na RMSP";"Não oculta";"Internet";30;0;0;NA;NA;"SEADE12";"Internet";"Macro"
"3316";"SEADE12_TDOPSP12";50;259;"Ativa";"Seade/PED";"Emprego";"Taxa de desemprego - oculto - precário - RMSP";"Taxa de desemprego oculto na RMSP: trabalho precário";"Não oculta";"Internet";30;0;0;NA;NA;"SEADE12";"Internet";"Macro"
"3317";"SEADE12_TDODSP12";74;165;"Inativa";"Seade/PED";"Emprego";"Taxa de desemprego - oculto - desalento - RMSP";"Taxa de desemprego oculto na RMSP: desalento";"Não oculta";"Internet";180;0;0;NA;NA;"SEADE12";"Internet";"Macro"
"3318";"SNIC12_QSCC12";77;158;"Ativa";"SNIC";"Produção";"Produção - cimento - qde.";"Produção de cimento: quantidade";"Não oculta";"Internet";360;0;0;NA;NA;"SNIC12";"Internet";"Macro"
"3319";"SOBEET12_EECEAN12";NA;NA;"Inativa";"Sobeet";"Balanço de pagamentos";"Investimento estrangeiro - portfólio - estoque - Anexo IV - var.";"Investimento estrangeiro - portfólio - estoque - Anexo IV - var.";"Não oculta";"Intranet";0;0;0;NA;NA;"SOBEET12";"Intranet";"Macro"
"3320";"SOBEET12_EECEPT12";NA;NA;"Inativa";"Sobeet";"Balanço de pagamentos";"Investimento estrangeiro - portfólio - estoque - var.";"Investimento estrangeiro - portfólio - estoque - var.";"Não oculta";"Intranet";0;0;0;NA;NA;"SOBEET12";"Intranet";"Macro"
"3321";"SOBEET12_EVNBV12";NA;NA;"Inativa";"Sobeet";"Moeda e crédito";"Bovespa - valor negociado - var.";"Bovespa - valor negociado - var.";"Não oculta";"Intranet";0;0;0;NA;NA;"SOBEET12";"Intranet";"Macro"
"3322";"SOBEET12_PRIEVN12";NA;NA;"Inativa";"Sobeet";"Moeda e crédito";"Volume negociado (compra e venda) - investidores estrangeiros (%)";"Volume negociado (compra e venda) - investidores estrangeiros (%)";"Não oculta";"Intranet";0;0;0;NA;NA;"SOBEET12";"Intranet";"Macro"
"3323";"GAC12_SALMINRE12";1053;10;"Ativa";"IPEA";"Salário e renda";"Salário mínimo real";"Salário mínimo real";"Não oculta";"Internet";40;0;0;NA;"Gerada";"GAC12";"Internet";"Macro"
"3324";"GAC12_TPR12";90;129;"Inativa";"IPEA";"Preços";"IPCA - Tendência prospectiva para 4 meses";"IPCA - Tendência prospectiva para 4 meses";"Não oculta";"Intranet";10;1;0;NA;NA;"GAC12";"Intranet";"Macro"
"3325";"GAC12_TCO12";103;105;"Inativa";"IPEA";"Preços";"Tendência comum da inflação";"Tendência comum da inflação";"Oculta";"Internet";10;0;0;NA;NA;"GAC12";"Oculta";"Macro"
"3326";"BM_NFEENY";11;772;"Inativa";"Bacen/Not. Imp./F. Púb.";"Finanças públicas";"NFSP - estatais - nominal - c/ desvalorização cambial";"Necessidade de financiamento do setor público (NFSP) - empresas estatais - conceito nominal - c/ desvalorização cambial";"Não oculta";"Internet";30;0;0;NA;"Gerada";"BM";"Internet";"Macro"
"3327";"BM_NFEEJRN";2;1445;"Inativa";"Bacen/Not. Imp./F. Púb.";"Finanças públicas";"NFSP - estatais - juros reais - c/ desvalorização cambial";"Necessidade de financiamento do setor público (NFSP) - empresas estatais - juros reais - c/ desvalorização cambial";"Não oculta";"Internet";60;0;0;NA;"Gerada/Geradora";"BM";"Internet";"Macro"
"3328";"BM_NFEEJRY";12;739;"Inativa";"Bacen/Not. Imp./F. Púb.";"Finanças públicas";"NFSP - estatais - juros reais - c/ desvalorização cambial";"Necessidade de financiamento do setor público (NFSP) - empresas estatais - juros reais - c/ desvalorização cambial";"Não oculta";"Internet";60;0;0;NA;"Gerada";"BM";"Internet";"Macro"
"3329";"BM_NFEEOY";6;1048;"Inativa";"Bacen/Not. Imp./F. Púb.";"Finanças públicas";"NFSP - estatais - operacional - c/ desvalorização cambial";"Necessidade de financiamento do setor público (NFSP) - empresas estatais - conceito operacional - c/ desvalorização cambial";"Não oculta";"Internet";60;0;0;NA;"Gerada";"BM";"Internet";"Macro"
"3330";"BM_NFEEPY";9;871;"Inativa";"Bacen/Not. Imp./F. Púb.";"Finanças públicas";"NFSP - estatais - primário - c/ desvalorização cambial";"Necessidade de financiamento do setor público (NFSP) - empresas estatais - conceito primário - c/ desvalorização cambial";"Não oculta";"Internet";30;0;0;NA;"Gerada";"BM";"Internet";"Macro"
"3331";"BM_NFEMNN";10;818;"Inativa";"Bacen/Not. Imp./F. Púb.";"Finanças públicas";"NFSP - estados e municípios - nominal - c/ desvalorização cambial";"Necessidade de financiamento do setor público (NFSP) - estados e municípios - conceito nominal - c/ desvalorização cambial";"Não oculta";"Internet";30;0;0;NA;"Gerada/Geradora";"BM";"Internet";"Macro"
"3332";"BM_NFEMNY";4;1216;"Inativa";"Bacen/Not. Imp./F. Púb.";"Finanças públicas";"NFSP - estados e municípios - nominal - c/ desvalorização cambial";"Necessidade de financiamento do setor público (NFSP) - estados e municípios - conceito nominal - c/ desvalorização cambial";"Não oculta";"Internet";30;0;0;NA;"Gerada";"BM";"Internet";"Macro"
"3333";"BM_NFEMJRN";1;1606;"Inativa";"Bacen/Not. Imp./F. Púb.";"Finanças públicas";"NFSP - estados e municípios - juros reais - c/ desvalorização cambial";"Necessidade de financiamento do setor público (NFSP) - estados e municípios - juros reais - c/ desvalorização cambial";"Não oculta";"Internet";60;0;0;NA;"Gerada/Geradora";"BM";"Internet";"Macro"
"3334";"BM_NFEMJRY";7;991;"Inativa";"Bacen/Not. Imp./F. Púb.";"Finanças públicas";"NFSP - estados e municípios - juros reais - c/ desvalorização cambial";"Necessidade de financiamento do setor público (NFSP) - estados e municípios - juros reais - c/ desvalorização cambial";"Não oculta";"Internet";60;0;0;NA;"Gerada";"BM";"Internet";"Macro"
"3335";"BM_NFEMON";2;1445;"Inativa";"Bacen/Not. Imp./F. Púb.";"Finanças públicas";"NFSP - estados e municípios - operacional - c/ desvalorização cambial";"Necessidade de financiamento do setor público (NFSP) - estados e municípios - conceito operacional - c/ desvalorização cambial";"Não oculta";"Internet";60;0;0;NA;"Gerada/Geradora";"BM";"Internet";"Macro"
"3336";"BM_NFEMOY";2;1445;"Inativa";"Bacen/Not. Imp./F. Púb.";"Finanças públicas";"NFSP - estados e municípios - operacional - c/ desvalorização cambial";"Necessidade de financiamento do setor público (NFSP) - estados e municípios - conceito operacional - c/ desvalorização cambial";"Não oculta";"Internet";60;0;0;NA;"Gerada";"BM";"Internet";"Macro"
"3337";"BM_NFEMPY";13;708;"Inativa";"Bacen/Not. Imp./F. Púb.";"Finanças públicas";"NFSP - estados e municípios - primário - c/ desvalorização cambial";"Necessidade de financiamento do setor público (NFSP) - estados e municípios - conceito primário - c/ desvalorização cambial";"Não oculta";"Internet";30;0;0;NA;"Gerada";"BM";"Internet";"Macro"
"3338";"BM_NFGFNN";7;991;"Inativa";"Bacen/Not. Imp./F. Púb.";"Finanças públicas";"NFSP - gov. federal e Banco Central - nominal - c/ desvalorização cambial";"Necessidade de financiamento do setor público (NFSP) - governo federal e Banco Central - conceito nominal - c/ desvalorização cambial";"Não oculta";"Internet";30;0;0;NA;"Gerada/Geradora";"BM";"Internet";"Macro"
"3339";"BM_NFGFNY";19;538;"Inativa";"Bacen/Not. Imp./F. Púb.";"Finanças públicas";"NFSP - gov. federal e Banco Central - nominal - c/ desvalorização cambial";"Necessidade de financiamento do setor público (NFSP) - governo federal e Banco Central - conceito nominal - c/ desvalorização cambial";"Não oculta";"Internet";30;0;0;NA;"Gerada";"BM";"Internet";"Macro"
"3340";"BM_NFGFJRN";2;1445;"Inativa";"Bacen/Not. Imp./F. Púb.";"Finanças públicas";"NFSP - gov. federal e Banco Central - juros reais - c/ desvalorização cambial";"Necessidade de financiamento do setor público (NFSP) - governo federal e Banco Central - juros reais - c/ desvalorização cambial";"Não oculta";"Internet";60;0;0;NA;"Gerada/Geradora";"BM";"Internet";"Macro"
"3341";"BM_NFGFJRY";15;639;"Inativa";"Bacen/Not. Imp./F. Púb.";"Finanças públicas";"NFSP - gov. federal e Banco Central - juros reais - c/ desvalorização cambial";"Necessidade de financiamento do setor público (NFSP) - governo federal e Banco Central - juros reais - c/ desvalorização cambial";"Não oculta";"Internet";60;0;0;NA;"Gerada";"BM";"Internet";"Macro"
"3342";"BM_NFGFON";2;1445;"Inativa";"Bacen/Not. Imp./F. Púb.";"Finanças públicas";"NFSP - gov. federal e Banco Central - operacional - c/ desvalorização cambial";"Necessidade de financiamento do setor público (NFSP) - governo federal e Banco Central - conceito operacional - c/ desvalorização cambial";"Não oculta";"Internet";60;0;0;NA;"Gerada/Geradora";"BM";"Internet";"Macro"
"3343";"BM_NFGFOY";13;708;"Inativa";"Bacen/Not. Imp./F. Púb.";"Finanças públicas";"NFSP - gov. federal e Banco Central - operacional - c/ desvalorização cambial";"Necessidade de financiamento do setor público (NFSP) - governo federal e Banco Central - conceito operacional - c/ desvalorização cambial";"Não oculta";"Internet";60;0;0;NA;"Gerada";"BM";"Internet";"Macro"
"3344";"BM_NFGFPY";22;488;"Inativa";"Bacen/Not. Imp./F. Púb.";"Finanças públicas";"NFSP - gov. federal e Banco Central - primário - c/ desvalorização cambial";"Necessidade de financiamento do setor público (NFSP) - governo federal e Banco Central - conceito primário - c/ desvalorização cambial";"Não oculta";"Internet";30;0;0;NA;"Gerada";"BM";"Internet";"Macro"
"3345";"BM_NFSPNN";9;871;"Inativa";"Bacen/Not. Imp./F. Púb.";"Finanças públicas";"NFSP - setor público - nominal - c/ desvalorização cambial";"Necessidade de financiamento do setor público (NFSP) - setor público - conceito nominal - c/ desvalorização cambial";"Não oculta";"Internet";30;0;0;NA;"Gerada/Geradora";"BM";"Internet";"Macro"
"3346";"BM_NFSPNY";50;241;"Inativa";"Bacen/Not. Imp./F. Púb.";"Finanças públicas";"NFSP - setor público - nominal - c/ desvalorização cambial";"Necessidade de financiamento do setor público (NFSP) - setor público - conceito nominal - c/ desvalorização cambial";"Não oculta";"Internet";30;0;0;NA;"Gerada";"BM";"Internet";"Macro"
"3347";"BM_NFSPJRN";5;1138;"Inativa";"Bacen/Not. Imp./F. Púb.";"Finanças públicas";"NFSP - setor público - juros reais - c/ desvalorização cambial";"Necessidade de financiamento do setor público (NFSP) - setor público - juros reais - c/ desvalorização cambial";"Não oculta";"Internet";60;0;0;NA;"Gerada/Geradora";"BM";"Internet";"Macro"
"3348";"BM_NFSPJRY";14;680;"Inativa";"Bacen/Not. Imp./F. Púb.";"Finanças públicas";"NFSP - setor público - juros reais - c/ desvalorização cambial";"Necessidade de financiamento do setor público (NFSP) - setor público - juros reais - c/ desvalorização cambial";"Não oculta";"Internet";60;0;0;NA;"Gerada";"BM";"Internet";"Macro"
"3349";"BM_NFSPON";5;1138;"Inativa";"Bacen/Not. Imp./F. Púb.";"Finanças públicas";"NFSP - setor público - operacional - c/ desvalorização cambial";"Necessidade de financiamento do setor público (NFSP) - setor público - conceito operacional - c/ desvalorização cambial";"Não oculta";"Internet";60;0;0;NA;"Gerada/Geradora";"BM";"Internet";"Macro"
"3350";"BM_NFSPOY";26;432;"Inativa";"Bacen/Not. Imp./F. Púb.";"Finanças públicas";"NFSP - setor público - operacional - c/ desvalorização cambial";"Necessidade de financiamento do setor público (NFSP) - setor público - conceito operacional - c/ desvalorização cambial";"Não oculta";"Internet";60;0;0;NA;"Gerada";"BM";"Internet";"Macro"
"3351";"BM_NFSPPN";20;518;"Inativa";"Bacen/Not. Imp./F. Púb.";"Finanças públicas";"NFSP - setor público - primário - c/ desvalorização cambial";"Necessidade de financiamento do setor público (NFSP) - setor público - conceito primário - c/ desvalorização cambial";"Não oculta";"Internet";30;0;0;NA;"Gerada/Geradora";"BM";"Internet";"Macro"
"3352";"BM_NFSPPY";73;153;"Inativa";"Bacen/Not. Imp./F. Púb.";"Finanças públicas";"NFSP - setor público - primário - c/ desvalorização cambial";"Necessidade de financiamento do setor público (NFSP) - setor público - conceito primário - c/ desvalorização cambial";"Não oculta";"Internet";30;0;0;NA;"Gerada";"BM";"Internet";"Macro"
"3353";"BM12_NFEEJRY12";1;1628;"Inativa";"Bacen/Not. Imp./F. Púb.";"Finanças públicas";"NFSP - estatais - juros reais - c/ desvalorização cambial - acum. 12 meses";"Necessidade de financiamento do setor público (NFSP) - empresas estatais - juros reais - com desvalorização cambial - acum. 12 meses";"Não oculta";"Internet";60;0;0;NA;"Gerada";"BM12";"Internet";"Macro"
"3354";"BM12_NFEEOY12";3;1356;"Inativa";"Bacen/Not. Imp./F. Púb.";"Finanças públicas";"NFSP - estatais - operacional - c/ desvalorização cambial - acum. 12 meses";"Necessidade de financiamento do setor público (NFSP) - empresas estatais - operacional - com desvalorização cambial - acum. 12 meses";"Não oculta";"Internet";60;0;0;NA;"Gerada";"BM12";"Internet";"Macro"
"3355";"BM12_NFEMJRY12";1;1628;"Inativa";"Bacen/Not. Imp./F. Púb.";"Finanças públicas";"NFSP - estados e municípios - juros reais - c/ desvalorização cambial - acum. 12 meses";"Necessidade de financiamento do setor público (NFSP) - estados e municípios - juros reais - com desvalorização cambial - acum. 12 meses";"Não oculta";"Internet";60;0;0;NA;"Gerada";"BM12";"Internet";"Macro"
"3356";"BM12_NFEMOY12";1;1628;"Inativa";"Bacen/Not. Imp./F. Púb.";"Finanças públicas";"NFSP - estados e municípios - operacional - c/ desvalorização cambial - acum. 12 meses";"Necessidade de financiamento do setor público (NFSP) - estados e municípios - conceito operacional - com desvalorização cambial - acum. 12 meses";"Não oculta";"Internet";60;0;0;NA;"Gerada";"BM12";"Internet";"Macro"
"3357";"BM12_NFGFJRY12";2;1480;"Inativa";"Bacen/Not. Imp./F. Púb.";"Finanças públicas";"NFSP - gov. federal e Banco Central - juros reais - c/ desvalorização cambial - acum. 12 meses";"Necessidade de financiamento do setor público (NFSP) - governo federal e Banco Central - juros reais - com desvalorização cambial - acum. 12 meses";"Não oculta";"Internet";60;0;0;NA;"Gerada";"BM12";"Internet";"Macro"
"3358";"BM12_NFGFOY12";4;1262;"Inativa";"Bacen/Not. Imp./F. Púb.";"Finanças públicas";"NFSP - gov. federal e Banco Central - operacional - c/ desvalorização cambial - acum. 12 meses";"Necessidade de financiamento do setor público (NFSP) - governo federal e Banco Central - conceito operacional - com desvalorização cambial - acum. 12 meses";"Não oculta";"Internet";60;0;0;NA;"Gerada";"BM12";"Internet";"Macro"
"3359";"BM4_NFEENY4";NA;NA;"Inativa";"Bacen/Not. Imp./F. Púb.";"Finanças públicas";"NFSP - estatais - nominal - c/ desvalorização cambial - acum. 4 trim.";"Necessidade de financiamento do setor público (NFSP) - empresas estatais - conceito nominal - com desvalorização cambial - acum. 4 trim.";"Não oculta";"Internet";30;0;0;NA;"Gerada";"BM4";"Internet";"Macro"
"3360";"BM4_NFEEJRY4";NA;NA;"Inativa";"Bacen/Not. Imp./F. Púb.";"Finanças públicas";"NFSP - estatais - juros reais - c/ desvalorização cambial - acum. 4 trim.";"Necessidade de financiamento do setor público (NFSP) - empresas estatais - juros reais - com desvalorização cambial - acum. 4 trim.";"Não oculta";"Internet";60;0;0;NA;"Gerada";"BM4";"Internet";"Macro"
"3361";"BM4_NFEEOY4";NA;NA;"Inativa";"Bacen/Not. Imp./F. Púb.";"Finanças públicas";"NFSP - estatais - operacional - c/ desvalorização cambial - acum. 4 trim.";"Necessidade de financiamento do setor público (NFSP) - empresas estatais - operacional - com desvalorização cambial - acum. 4 trim.";"Não oculta";"Internet";60;0;0;NA;"Gerada";"BM4";"Internet";"Macro"
"3362";"BM4_NFEEPY4";1;527;"Inativa";"Bacen/Not. Imp./F. Púb.";"Finanças públicas";"NFSP - estatais - primário - c/ desvalorização cambial - acum. 4 trim.";"Necessidade de financiamento do setor público (NFSP) - empresas estatais - conceito primário - com desvalorização cambial - acum. 4 trim.";"Não oculta";"Internet";30;0;0;NA;"Gerada";"BM4";"Internet";"Macro"
"3363";"BM4_NFEMNY4";2;436;"Inativa";"Bacen/Not. Imp./F. Púb.";"Finanças públicas";"NFSP - estados e municípios - nominal - c/ desvalorização cambial - acum. 4 trim.";"Necessidade de financiamento do setor público (NFSP) - estados e municípios - conceito nominal - com desvalorização cambial - acum. 4 trim.";"Não oculta";"Internet";30;0;0;NA;"Gerada";"BM4";"Internet";"Macro"
"3364";"BM4_NFEMJRY4";NA;NA;"Inativa";"Bacen/Not. Imp./F. Púb.";"Finanças públicas";"NFSP - estados e municípios - juros reais - c/ desvalorização cambial - acum. 4 trim.";"Necessidade de financiamento do setor público (NFSP) - estados e municípios - juros reais - com desvalorização cambial - acum. 4 trim.";"Não oculta";"Internet";60;0;0;NA;"Gerada";"BM4";"Internet";"Macro"
"3365";"BM4_NFEMOY4";1;527;"Inativa";"Bacen/Not. Imp./F. Púb.";"Finanças públicas";"NFSP - estados e municípios - operacional - c/ desvalorização cambial - acum. 4 trim.";"Necessidade de financiamento do setor público (NFSP) - estados e municípios - conceito operacional - com desvalorização cambial - acum. 4 trim.";"Não oculta";"Internet";60;0;0;NA;"Gerada";"BM4";"Internet";"Macro"
"3366";"BM4_NFEMPY4";1;527;"Inativa";"Bacen/Not. Imp./F. Púb.";"Finanças públicas";"NFSP - estados e municípios - primário - c/ desvalorização cambial - acum. 4 trim.";"Necessidade de financiamento do setor público (NFSP) - estados e municípios - conceito primário - com desvalorização cambial - acum. 4 trim.";"Não oculta";"Internet";30;0;0;NA;"Gerada";"BM4";"Internet";"Macro"
"3367";"BM4_NFGFNY4";3;393;"Inativa";"Bacen/Not. Imp./F. Púb.";"Finanças públicas";"NFSP - gov. federal e Banco Central - nominal - c/ desvalorização cambial - acum. 4 trim.";"Necessidade de financiamento do setor público (NFSP) - governo federal e Banco Central - conceito nominal - com desvalorização cambial - acum. 4 trim.";"Não oculta";"Internet";30;0;0;NA;"Gerada";"BM4";"Internet";"Macro"
"3368";"BM4_NFGFJRY4";NA;NA;"Inativa";"Bacen/Not. Imp./F. Púb.";"Finanças públicas";"NFSP - gov. federal e Banco Central - juros reais - c/ desvalorização cambial - acum. 4 trim.";"Necessidade de financiamento do setor público (NFSP) - governo federal e Banco Central - juros reais - com desvalorização cambial - acum. 4 trim.";"Não oculta";"Internet";60;0;0;NA;"Gerada";"BM4";"Internet";"Macro"
"3369";"BM4_NFGFOY4";7;270;"Inativa";"Bacen/Not. Imp./F. Púb.";"Finanças públicas";"NFSP - gov. federal e Banco Central - operacional - c/ desvalorização cambial - acum. 4 trim.";"Necessidade de financiamento do setor público (NFSP) - governo federal e Banco Central - conceito operacional - com desvalorização cambial - acum. 4 trim.";"Não oculta";"Internet";60;0;0;NA;"Gerada";"BM4";"Internet";"Macro"
"3370";"BM4_NFGFPY4";5;315;"Inativa";"Bacen/Not. Imp./F. Púb.";"Finanças públicas";"NFSP - gov. federal e Banco Central - primário - c/ desvalorização cambial - acum. 4 trim.";"Necessidade de financiamento do setor público (NFSP) - governo federal e Banco Central - conceito primário - com desvalorização cambial - acum. 4 trim.";"Não oculta";"Internet";30;0;0;NA;"Gerada";"BM4";"Internet";"Macro"
"3371";"BM4_NFSPNY4";9;217;"Inativa";"Bacen/Not. Imp./F. Púb.";"Finanças públicas";"NFSP - setor público - nominal - c/ desvalorização cambial - acum. 4 trim.";"Necessidade de financiamento do setor público (NFSP) - setor público - conceito nominal - com desvalorização cambial - acum. 4 trim.";"Não oculta";"Internet";30;0;0;NA;"Gerada";"BM4";"Internet";"Macro"
"3372";"BM4_NFSPJRY4";6;291;"Inativa";"Bacen/Not. Imp./F. Púb.";"Finanças públicas";"NFSP - setor público - juros reais - c/ desvalorização cambial - acum. 4 trim.";"Necessidade de financiamento do setor público (NFSP) - setor público - juros reais - com desvalorização cambial - acum. 4 trim.";"Não oculta";"Internet";60;0;0;NA;"Gerada";"BM4";"Internet";"Macro"
"3373";"BM4_NFSPOY4";4;347;"Inativa";"Bacen/Not. Imp./F. Púb.";"Finanças públicas";"NFSP - setor público - operacional - c/ desvalorização cambial - acum. 4 trim.";"Necessidade de financiamento do setor público (NFSP) - setor público - conceito operacional - com desvalorização cambial - acum. 4 trim.";"Não oculta";"Internet";60;0;0;NA;"Gerada";"BM4";"Internet";"Macro"
"3374";"BM4_NFSPPY4";10;202;"Inativa";"Bacen/Not. Imp./F. Púb.";"Finanças públicas";"NFSP - setor público - primário - c/ desvalorização cambial - acum. 4 trim.";"Necessidade de financiamento do setor público (NFSP) - setor público - conceito primário - com desvalorização cambial - acum. 4 trim.";"Não oculta";"Internet";30;0;0;NA;"Gerada";"BM4";"Internet";"Macro"
"3375";"BM4_NFEENN4";NA;NA;"Inativa";"Bacen/Not. Imp./F. Púb.";"Finanças públicas";"NFSP - estatais - nominal - c/ desvalorização cambial";"Necessidade de financiamento do setor público (NFSP) - empresas estatais - conceito nominal - com desvalorização cambial";"Não oculta";"Internet";30;0;0;NA;"Gerada/Geradora";"BM4";"Internet";"Macro"
"3376";"BM4_NFEEJRN4";NA;NA;"Inativa";"Bacen/Not. Imp./F. Púb.";"Finanças públicas";"NFSP - estatais - juros reais - c/ desvalorização cambial";"Necessidade de financiamento do setor público (NFSP) - empresas estatais - juros reais - com desvalorização cambial";"Não oculta";"Internet";60;0;0;NA;"Gerada/Geradora";"BM4";"Internet";"Macro"
"3377";"BM4_NFEEON4";NA;NA;"Inativa";"Bacen/Not. Imp./F. Púb.";"Finanças públicas";"NFSP - estatais - operacional - c/ desvalorização cambial";"Necessidade de financiamento do setor público (NFSP) - empresas estatais - conceito operacional - com desvalorização cambial";"Não oculta";"Internet";60;0;0;NA;"Gerada/Geradora";"BM4";"Internet";"Macro"
"3378";"BM4_NFEEPN4";NA;NA;"Inativa";"Bacen/Not. Imp./F. Púb.";"Finanças públicas";"NFSP - estatais - primário - c/ desvalorização cambial";"Necessidade de financiamento do setor público (NFSP) - empresas estatais - conceito primário - com desvalorização cambial";"Não oculta";"Internet";30;0;0;NA;"Gerada/Geradora";"BM4";"Internet";"Macro"
"3379";"BM4_NFEMNN4";NA;NA;"Inativa";"Bacen/Not. Imp./F. Púb.";"Finanças públicas";"NFSP - estados e municípios - nominal - c/ desvalorização cambial";"Necessidade de financiamento do setor público (NFSP) - estados e municípios - conceito nominal - com desvalorização cambial";"Não oculta";"Internet";30;0;0;NA;"Gerada/Geradora";"BM4";"Internet";"Macro"
"3380";"BM4_NFEMJRN4";NA;NA;"Inativa";"Bacen/Not. Imp./F. Púb.";"Finanças públicas";"NFSP - estados e municípios - juros reais - c/ desvalorização cambial";"Necessidade de financiamento do setor público (NFSP) - estados e municípios - juros reais - com desvalorização cambial";"Não oculta";"Internet";60;0;0;NA;"Gerada/Geradora";"BM4";"Internet";"Macro"
"3381";"BM4_NFEMON4";1;527;"Inativa";"Bacen/Not. Imp./F. Púb.";"Finanças públicas";"NFSP - estados e municípios - operacional - c/ desvalorização cambial";"Necessidade de financiamento do setor público (NFSP) - estados e municípios - conceito operacional - com desvalorização cambial";"Não oculta";"Internet";60;0;0;NA;"Gerada/Geradora";"BM4";"Internet";"Macro"
"3382";"BM4_NFEMPN4";NA;NA;"Inativa";"Bacen/Not. Imp./F. Púb.";"Finanças públicas";"NFSP - estados e municípios - primário - c/ desvalorização cambial";"Necessidade de financiamento do setor público (NFSP) - estados e municípios - conceito primário - com desvalorização cambial";"Não oculta";"Internet";30;0;0;NA;"Gerada/Geradora";"BM4";"Internet";"Macro"
"3383";"BM4_NFGFNN4";NA;NA;"Inativa";"Bacen/Not. Imp./F. Púb.";"Finanças públicas";"NFSP - gov. federal e Banco Central - nominal - c/ desvalorização cambial";"Necessidade de financiamento do setor público (NFSP) - governo federal e Banco Central - conceito nominal - com desvalorização cambial";"Não oculta";"Internet";30;0;0;NA;"Gerada/Geradora";"BM4";"Internet";"Macro"
"3384";"BM4_NFGFJRN4";NA;NA;"Inativa";"Bacen/Not. Imp./F. Púb.";"Finanças públicas";"NFSP - gov. federal e Banco Central - juros reais - c/ desvalorização cambial";"Necessidade de financiamento do setor público (NFSP) - governo federal e Banco Central - juros reais - com desvalorização cambial";"Não oculta";"Internet";60;0;0;NA;"Gerada/Geradora";"BM4";"Internet";"Macro"
"3385";"BM4_NFGFON4";NA;NA;"Inativa";"Bacen/Not. Imp./F. Púb.";"Finanças públicas";"NFSP - gov. federal e Banco Central - operacional - c/ desvalorização cambial";"Necessidade de financiamento do setor público (NFSP) - governo federal e Banco Central - conceito operacional - com desvalorização cambial";"Não oculta";"Internet";60;0;0;NA;"Gerada/Geradora";"BM4";"Internet";"Macro"
"3386";"BM4_NFGFPN4";3;393;"Inativa";"Bacen/Not. Imp./F. Púb.";"Finanças públicas";"NFSP - gov. federal e Banco Central - primário  - c/ desvalorização cambial";"Necessidade de financiamento do setor público (NFSP) - governo federal e Banco Central - conceito primário - com desvalorização cambial";"Não oculta";"Internet";30;0;0;NA;"Gerada/Geradora";"BM4";"Internet";"Macro"
"3387";"BM4_NFSPNN4";6;291;"Inativa";"Bacen/Not. Imp./F. Púb.";"Finanças públicas";"NFSP - setor público - nominal - c/ desvalorização cambial";"Necessidade de financiamento do setor público (NFSP) - setor público - conceito nominal - com desvalorização cambial";"Não oculta";"Internet";30;0;0;NA;"Gerada/Geradora";"BM4";"Internet";"Macro"
"3388";"BM4_NFSPJRN4";10;202;"Inativa";"Bacen/Not. Imp./F. Púb.";"Finanças públicas";"NFSP - setor público - juros reais - c/ desvalorização cambial";"Necessidade de financiamento do setor público (NFSP) - setor público - juros reais - com desvalorização cambial";"Não oculta";"Internet";60;0;0;NA;"Gerada/Geradora";"BM4";"Internet";"Macro"
"3389";"BM4_NFSPON4";NA;NA;"Inativa";"Bacen/Not. Imp./F. Púb.";"Finanças públicas";"NFSP - setor público - operacional - c/ desvalorização cambial";"Necessidade de financiamento do setor público (NFSP) - setor público - conceito operacional - com desvalorização cambial";"Não oculta";"Internet";60;0;0;NA;"Gerada/Geradora";"BM4";"Internet";"Macro"
"3390";"BM4_NFSPPN4";8;244;"Inativa";"Bacen/Not. Imp./F. Púb.";"Finanças públicas";"NFSP - setor público - primário - c/ desvalorização cambial";"Necessidade de financiamento do setor público (NFSP) - setor público - conceito primário - com desvalorização cambial";"Não oculta";"Internet";30;0;0;NA;"Gerada/Geradora";"BM4";"Internet";"Macro"
"3391";"LINKBR_CPG";15;639;"Inativa";NA;"Projeções";"Consumo privado - projeção - var. real anual";"Consumo privado - projeção - var. real anual";"Oculta";"Internet";90;0;0;"Revisada em 16/mai/2002.";NA;"LINKBR";"Oculta";"Macro"
"3392";"LINKBR_CGG";14;680;"Inativa";NA;"Projeções";"Consumo do governo - projeção - var. real anual";"Consumo do governo - projeção - var. real anual";"Oculta";"Internet";90;0;0;"Revisada em 16/mai/2002.";NA;"LINKBR";"Oculta";"Macro"
"3393";"LINKBR_IFG";17;594;"Inativa";NA;"Projeções";"Investimentos - projeção - var. real anual";"Investimentos - projeção - var. real anual";"Oculta";"Internet";90;0;0;"Revisada em 16/mai/2002.";NA;"LINKBR";"Oculta";"Macro"
"3394";"LINKBR_XG";22;488;"Inativa";NA;"Projeções";"Exportações - projeção - var. real anual";"Exportações - projeção - var. real anual";"Oculta";"Internet";90;0;0;"Revisada em 16/mai/2002.";NA;"LINKBR";"Oculta";"Macro"
"3395";"LINKBR_MG";8;932;"Inativa";NA;"Projeções";"Importações - projeção - var. real anual";"Importações - projeção - var. real anual";"Oculta";"Internet";90;0;0;"Revisada em 16/mai/2002.";NA;"LINKBR";"Oculta";"Macro"
"3396";"LINKBR_PIBG";106;102;"Inativa";NA;"Projeções";"PIB - projeção - var. real anual";"Produto interno bruto (PIB): projeção da variação real anual";"Oculta";"Internet";90;0;0;"Revisada em 16/mai/2002.";NA;"LINKBR";"Oculta";"Macro"
"3397";"LINKBR_X01V";2;1445;"Inativa";NA;"Projeções";"Exportações - SITC 01 - projeção";"Exportações - SITC 0_1 - projeção";"Oculta";"Internet";90;0;0;"Revisada em 16/mai/2002.";NA;"LINKBR";"Oculta";"Macro"
"3398";"LINKBR_X24V";NA;NA;"Inativa";NA;"Projeções";"Exportações - SITC 24 - projeção";"Exportações - SITC 2_4 - projeção";"Oculta";"Internet";90;0;0;"Revisada em 16/mai/2002.";NA;"LINKBR";"Oculta";"Macro"
"3399";"LINKBR_X3V";NA;NA;"Inativa";NA;"Projeções";"Exportações - SITC 3 - projeção";"Exportações - SITC 3 - projeção";"Oculta";"Internet";90;0;0;"Revisada em 16/mai/2002.";NA;"LINKBR";"Oculta";"Macro"
"3400";"LINKBR_X59V";3;1315;"Inativa";NA;"Projeções";"Exportações - SITC 59 - projeção";"Exportações - SITC 5_9 - projeção";"Oculta";"Internet";90;0;0;"Revisada em 16/mai/2002.";NA;"LINKBR";"Oculta";"Macro"
"3401";"LINKBR_XV";12;739;"Inativa";NA;"Projeções";"Exportações - mercadorias - projeção";"Exportações - mercadorias - projeção";"Oculta";"Internet";90;0;0;"Revisada em 16/mai/2002.";NA;"LINKBR";"Oculta";"Macro"
"3402";"LINKBR_M01V";NA;NA;"Inativa";NA;"Projeções";"Importações - SITC 01 - projeção";"Importações - SITC 0_1 - projeção";"Oculta";"Internet";90;0;0;"Revisada em 16/mai/2002.";NA;"LINKBR";"Oculta";"Macro"
"3403";"LINKBR_M24V";NA;NA;"Inativa";NA;"Projeções";"Importações - SITC 24 - projeção";"Importações - SITC 2_4 - projeção";"Oculta";"Internet";90;0;0;"Revisada em 16/mai/2002.";NA;"LINKBR";"Oculta";"Macro"
"3404";"LINKBR_M3V";NA;NA;"Inativa";NA;"Projeções";"Importações - SITC 3 - projeção";"Importações - SITC 3 - projeção";"Oculta";"Internet";90;0;0;"Revisada em 16/mai/2002.";NA;"LINKBR";"Oculta";"Macro"
"3405";"LINKBR_M59V";1;1606;"Inativa";NA;"Projeções";"Importações - SITC 59 - projeção";"Importações - SITC 5_9 - projeção";"Oculta";"Internet";90;0;0;"Revisada em 16/mai/2002.";NA;"LINKBR";"Oculta";"Macro"
"3406";"LINKBR_MV";18;565;"Inativa";NA;"Projeções";"Importações - mercadorias - projeção";"Importações - mercadorias - projeção";"Oculta";"Internet";90;0;0;"Revisada em 16/mai/2002.";NA;"LINKBR";"Oculta";"Macro"
"3407";"LINKBR_BCV";62;193;"Inativa";NA;"Projeções";"Balança comercial - projeção";"Balança comercial - projeção";"Oculta";"Internet";90;0;0;"Revisada em 16/mai/2002.";NA;"LINKBR";"Oculta";"Macro"
"3408";"LINKBR_FORDEBT";37;319;"Inativa";NA;"Projeções";"Dívida externa - projeção";"Dívida externa - projeção";"Oculta";"Internet";90;0;0;"Revisada em 16/mai/2002.";NA;"LINKBR";"Oculta";"Macro"
"3409";"LINKBR_PJ";11;772;"Inativa";NA;"Projeções";"Conta de serviços - juros - despesa - projeção";"Conta de serviços - juros - despesa - projeção";"Oculta";"Internet";90;0;0;"Revisada em 16/mai/2002.";NA;"LINKBR";"Oculta";"Macro"
"3410";"LINKBR_BCCV";16;619;"Inativa";NA;"Projeções";"Transações correntes - projeção";"Transações correntes - projeção";"Oculta";"Internet";90;0;0;"Revisada em 16/mai/2002.";NA;"LINKBR";"Oculta";"Macro"
"3411";"LINKBR_CAMB";111;99;"Inativa";NA;"Projeções";"Taxa de câmbio - R$ / US$ - projeção";"Taxa de câmbio: real (R$) / dólar americano (US$) - projeção";"Oculta";"Internet";90;0;0;"Revisada em 16/mai/2002.";NA;"LINKBR";"Oculta";"Macro"
"3412";"LINKBR_PIBPG";56;210;"Inativa";NA;"Projeções";"PIB - deflator implícito - projeção - var. anual";"Produto interno bruto (PIB) - deflator implícito: projeção da variação anual";"Oculta";"Internet";90;0;0;"Revisada em 16/mai/2002.";NA;"LINKBR";"Oculta";"Macro"
"3413";"LINKBR_CPPG";8;932;"Inativa";NA;"Projeções";"Consumo privado - deflator implícito - projeção - var. anual";"Consumo privado - deflator implícito - projeção - var. anual";"Oculta";"Internet";90;0;0;"Revisada em 16/mai/2002.";NA;"LINKBR";"Oculta";"Macro"
"3414";"LINKBR_IFPG";2;1445;"Inativa";NA;"Projeções";"Investimentos - deflator implícito - projeção - var. anual";"Investimentos - deflator implícito - projeção - var. anual";"Oculta";"Internet";90;0;0;"Revisada em 16/mai/2002.";NA;"LINKBR";"Oculta";"Macro"
"3415";"LINKBR_XPG";1;1606;"Inativa";NA;"Projeções";"Exportações - deflator implícito - projeção";"Exportações - deflator implícito - projeção";"Oculta";"Internet";90;0;0;"Revisada em 16/mai/2002.";NA;"LINKBR";"Oculta";"Macro"
"3416";"LINKBR_MPG";2;1445;"Inativa";NA;"Projeções";"Importações - deflator implícito - projeção - var. anual";"Importações - deflator implícito - projeção - var. anual";"Oculta";"Internet";90;0;0;"Revisada em 16/mai/2002.";NA;"LINKBR";"Oculta";"Macro"
"3417";"LINKBR_TJ";97;111;"Inativa";NA;"Projeções";"Taxa de juros - nominal - projeção";"Taxa de juros - nominal - projeção";"Oculta";"Internet";90;0;0;"Revisada em 16/mai/2002.";NA;"LINKBR";"Oculta";"Macro"
"3418";"LINKBR_U";154;72;"Inativa";NA;"Projeções";"Taxa de desemprego - projeção";"Taxa de desemprego - projeção";"Oculta";"Internet";90;0;0;"Revisada em 16/mai/2002.";NA;"LINKBR";"Oculta";"Macro"
"3419";"LINKBR_TUCP";11;772;"Inativa";NA;"Projeções";"Utilização da capacidade instalada - indústria - projeção";"Utilização da capacidade instalada na indústria - projeção";"Oculta";"Internet";90;0;0;"Revisada em 16/mai/2002.";NA;"LINKBR";"Oculta";"Macro"
"3420";"LINKBR_TINV";47;256;"Inativa";NA;"Projeções";"Investimentos - projeção";"Investimentos - projeção";"Oculta";"Internet";90;0;0;"Revisada em 16/mai/2002.";NA;"LINKBR";"Oculta";"Macro"
"3421";"LINKBR_PI";36;326;"Inativa";NA;"Projeções";"Produção industrial - (índice 1998 = 100) - projeção";"Produção industrial - (índice 1998 = 100) - projeção";"Oculta";"Internet";90;0;0;"Revisada em 16/mai/2002.";NA;"LINKBR";"Oculta";"Macro"
"3422";"LINKBR_NFSP";30;386;"Inativa";NA;"Projeções";"NFSP";"Necessidade de financiamento do setor público (NFSP)";"Oculta";"Internet";90;0;0;"Revisada em 16/mai/2002.";NA;"LINKBR";"Oculta";"Macro"
"3423";"ANFAVE12_VCAMIN12";18;647;"Inativa";"Anfavea";"Consumo e vendas";"Vendas - caminhões - nacionais -  montados e desmontados -qde.";"Vendas - caminhões - nacionais -  montados e desmontados -qde.";"Oculta";"Intranet";20;0;0;NA;NA;"ANFAVE12";"Oculta";"Macro"
"3424";"ANFAVE12_VONIBU12";20;593;"Inativa";"Anfavea";"Consumo e vendas";"Vendas - ônibus - nacionais -  montados e desmontados -qde.";"Vendas - ônibus - nacionais -  montados e desmontados -qde.";"Oculta";"Intranet";20;0;0;NA;NA;"ANFAVE12";"Oculta";"Macro"
"3425";"ANFAVE12_VPASSA12";120;94;"Inativa";"Anfavea";"Consumo e vendas";"Vendas - automóveis - nacionais -  montados e desmontados -qde.";"Vendas - automóveis - nacionais -  montados e desmontados -qde.";"Oculta";"Intranet";20;0;0;NA;NA;"ANFAVE12";"Oculta";"Macro"
"3426";"ANFAVE12_VVEICL12";26;472;"Inativa";"Anfavea";"Consumo e vendas";"Vendas - veículos comerciais leves - nacionais -  montados e desmontados -qde.";"Vendas - veículos comerciais leves - nacionais -  montados e desmontados -qde.";"Oculta";"Intranet";20;0;0;NA;NA;"ANFAVE12";"Oculta";"Macro"
"3427";"ANFAVE12_VVETOT12";71;175;"Inativa";"Anfavea";"Consumo e vendas";"Vendas - autoveículos - nacionais -  montados e desmontados -qde.";"Vendas - autoveículos - nacionais -  montados e desmontados -qde.";"Oculta";"Intranet";20;0;0;NA;NA;"ANFAVE12";"Oculta";"Macro"
"3428";"ANFAVE12_XCAMIN12";18;647;"Inativa";"Anfavea";"Comércio exterior";"Exportações - caminhões - montados e desmontados - qde.";"Exportações - caminhões - montados e desmontados - qde.";"Oculta";"Intranet";5;0;0;NA;NA;"ANFAVE12";"Oculta";"Macro"
"3429";"ANFAVE12_XONIBU12";25;491;"Inativa";"Anfavea";"Comércio exterior";"Exportações - ônibus - montados e desmontados - qde.";"Exportações - ônibus - montados e desmontados - qde.";"Oculta";"Intranet";5;0;0;NA;NA;"ANFAVE12";"Oculta";"Macro"
"3430";"ANFAVE12_XPASSA12";67;186;"Inativa";"Anfavea";"Comércio exterior";"Exportações - automóveis - montados e desmontados - qde.";"Exportações - automóveis - montados e desmontados - qde.";"Oculta";"Intranet";5;0;0;NA;NA;"ANFAVE12";"Oculta";"Macro"
"3431";"ANFAVE12_XVEICL12";7;1050;"Inativa";"Anfavea";"Comércio exterior";"Exportações - veículos comerciais leves - montados e desmontados - qde.";"Exportações - veículos comerciais leves - montados e desmontados - qde.";"Oculta";"Intranet";5;0;0;NA;NA;"ANFAVE12";"Oculta";"Macro"
"3432";"ANFAVE12_XVETOT12";22;542;"Inativa";"Anfavea";"Comércio exterior";"Exportações - autoveículos - montados e desmontados - qde.";"Exportações - autoveículos - montados e desmontados - qde.";"Oculta";"Intranet";5;0;0;NA;NA;"ANFAVE12";"Oculta";"Macro"
"3433";"IGP12_IGPM12";1743;3;"Ativa";"FGV/Conj. Econ. - IGP";"Preços";"IGP-M - geral - índice (ago. 1994 = 100)";"IGP-M - geral - índice (ago. 1994 = 100)";"Não oculta";"Internet";30;0;0;"Revisada em 18/mar/2002.";NA;"IGP12";"Internet";"Macro"
"3434";"GAC12_TPRF12";9;946;"Inativa";"IPEA";"Preços";"FIPE - Tendência prospectiva para 4 meses";"FIPE - Tendência prospectiva para 4 meses";"Não oculta";"Intranet";10;1;0;NA;NA;"GAC12";"Intranet";"Macro"
"3435";"GAC12_TPRIN12";28;441;"Inativa";"IPEA";"Preços";"INPC - Tendência prospectiva para 4 meses";"INPC - Tendência prospectiva para 4 meses";"Não oculta";"Intranet";10;1;0;NA;NA;"GAC12";"Intranet";"Macro"
"3436";"GAC12_TPRIP12";13;769;"Inativa";"IPEA";"Preços";"IPA-OG - Tendência prospectiva para 4 meses";"IPA-OG - Tendência prospectiva para 4 meses";"Não oculta";"Intranet";10;1;0;NA;NA;"GAC12";"Intranet";"Macro"
"3437";"DISOC_RMDI";160;67;"Inativa";"IPEA";"Indicadores sociais";"Renda domiciliar per capita - média por décimo da população - 1º";"Renda domiciliar per capita - média por décimo da população - 1º";"Não oculta";"Internet";360;0;0;NA;NA;"DISOC";"Internet";"Macro"
"3438";"DISOC_RMDII";31;376;"Inativa";"IPEA";"Indicadores sociais";"Renda domiciliar per capita - média por décimo da população - 2º";"Renda domiciliar per capita - média por décimo da população - 2º";"Não oculta";"Internet";360;0;0;NA;NA;"DISOC";"Internet";"Macro"
"3439";"DISOC_RMDIII";28;415;"Inativa";"IPEA";"Indicadores sociais";"Renda domiciliar per capita - média por décimo da população - 3º";"Renda domiciliar per capita - média por décimo da população - 3º";"Não oculta";"Internet";360;0;0;NA;NA;"DISOC";"Internet";"Macro"
"3440";"DISOC_RMDIV";25;444;"Inativa";"IPEA";"Indicadores sociais";"Renda domiciliar per capita - média por décimo da população - 4º";"Renda domiciliar per capita - média por décimo da população - 4º";"Não oculta";"Internet";360;0;0;NA;NA;"DISOC";"Internet";"Macro"
"3441";"DISOC_RMDV";26;432;"Inativa";"IPEA";"Indicadores sociais";"Renda domiciliar per capita - média por décimo da população - 5º";"Renda domiciliar per capita - média por décimo da população - 5º";"Não oculta";"Internet";360;0;0;NA;NA;"DISOC";"Internet";"Macro"
"3442";"DISOC_RMDVI";16;619;"Inativa";"IPEA";"Indicadores sociais";"Renda domiciliar per capita - média por décimo da população - 6º";"Renda domiciliar per capita - média por décimo da população - 6º";"Não oculta";"Internet";360;0;0;NA;NA;"DISOC";"Internet";"Macro"
"3443";"DISOC_RMDVII";16;619;"Inativa";"IPEA";"Indicadores sociais";"Renda domiciliar per capita - média por décimo da população - 7º";"Renda domiciliar per capita - média por décimo da população - 7º";"Não oculta";"Internet";360;0;0;NA;NA;"DISOC";"Internet";"Macro"
"3444";"DISOC_RMDVIII";27;421;"Inativa";"IPEA";"Indicadores sociais";"Renda domiciliar per capita - média por décimo da população - 8º";"Renda domiciliar per capita - média por décimo da população - 8º";"Não oculta";"Internet";360;0;0;NA;NA;"DISOC";"Internet";"Macro"
"3445";"DISOC_RMDIX";128;82;"Inativa";"IPEA";"Indicadores sociais";"Renda domiciliar per capita - média por décimo da população - 9º";"Renda domiciliar per capita - média por décimo da população - 9º";"Não oculta";"Internet";360;0;0;NA;NA;"DISOC";"Internet";"Macro"
"3446";"DISOC_RMDX";116;94;"Inativa";"IPEA";"Indicadores sociais";"Renda domiciliar per capita - média por décimo da população - 10º";"Renda domiciliar per capita - média por décimo da população - 10º";"Não oculta";"Internet";360;0;0;NA;NA;"DISOC";"Internet";"Macro"
"3447";"DISOC_RPMRI";175;60;"Inativa";"IPEA";"Indicadores sociais";"Renda domiciliar - participação do 1% mais rico";"Renda domiciliar - participação do 1% mais rico";"Não oculta";"Internet";360;0;0;NA;NA;"DISOC";"Internet";"Macro"
"3448";"DISOC_RPMRII";148;75;"Inativa";"IPEA";"Indicadores sociais";"Renda domiciliar - participação dos 10% mais ricos";"Renda domiciliar - participação dos 10% mais ricos";"Não oculta";"Internet";360;0;0;NA;NA;"DISOC";"Internet";"Macro"
"3449";"DISOC_RPMPI";135;78;"Inativa";"IPEA";"Indicadores sociais";"Renda domiciliar - participação dos 50% mais pobres";"Renda domiciliar - participação dos 50% mais pobres";"Não oculta";"Internet";360;0;0;NA;NA;"DISOC";"Internet";"Macro"
"3450";"DISOC_RPMPII";101;107;"Inativa";"IPEA";"Indicadores sociais";"Renda domiciliar - participação dos 20% mais pobres";"Renda domiciliar - participação dos 20% mais pobres";"Não oculta";"Internet";360;0;0;NA;NA;"DISOC";"Internet";"Macro"
"3451";"DISOC_PPY";325;29;"Inativa";"IPEA";"Indicadores sociais";"Pobreza - taxa de pobreza (P0)";"Pobreza - taxa de pobreza (P0)";"Não oculta";"Internet";360;0;0;NA;NA;"DISOC";"Internet";"Macro"
"3452";"DISOC_PPN";199;52;"Inativa";"IPEA";"Indicadores sociais";"Pobreza - número de pessoas pobres";"Pobreza - número de pessoas pobres";"Não oculta";"Internet";360;0;0;NA;NA;"DISOC";"Internet";"Macro"
"3453";"DISOC_PIY";227;41;"Inativa";"IPEA";"Indicadores sociais";"Pobreza - taxa de extrema pobreza (P0)";"Pobreza - taxa de extrema pobreza (P0)";"Não oculta";"Internet";360;0;0;NA;NA;"DISOC";"Internet";"Macro"
"3454";"DISOC_PIN";290;33;"Inativa";"IPEA";"Indicadores sociais";"Pobreza - número de pessoas extremamente pobres";"Pobreza - número de pessoas extremamente pobres";"Não oculta";"Internet";360;0;0;NA;NA;"DISOC";"Internet";"Macro"
"3455";"DISOC_RDCG";631;7;"Inativa";"IPEA";"Indicadores sociais";"Renda - desigualdade - coeficiente de Gini";"Renda - desigualdade - coeficiente de Gini";"Não oculta";"Internet";360;0;0;NA;NA;"DISOC";"Internet";"Macro"
"3456";"DISOC_RDIT";136;77;"Inativa";"IPEA";"Indicadores sociais";"Renda - desigualdade - índice T de Theil";"Renda - desigualdade - índice T de Theil";"Não oculta";"Internet";360;0;0;NA;NA;"DISOC";"Internet";"Macro"
"3457";"DISOC_RMT";299;32;"Inativa";"IPEA";"Indicadores sociais";"Renda domiciliar per capita - média";"Renda domiciliar per capita - média";"Não oculta";"Internet";360;0;0;NA;NA;"DISOC";"Internet";"Macro"
"3458";"FUNCEX12_XR12";29;432;"Ativa";"Funcex";"Comércio exterior";"Exportações - rentabilidade - índice (dez. 2003 = 100)";"Índice de rentabilidade das exportações: total geral (dez. 2003= 100)";"Não oculta";"Internet";51;0;0;"Revisada em 06/mar/2002.";NA;"FUNCEX12";"Internet";"Macro"
"3459";"FUNCEX4_XRAGP4";5;315;"Inativa";"Funcex/Séries antigas";"Comércio exterior";"Exportações - setor: agropecuária - rentabilidade - índice (2003.III = 100)";"Índice de rentabilidade das exportações por setor: agropecuária (2003.III = 100)";"Não oculta";"Internet";20;0;0;NA;NA;"FUNCEX4";"Internet";"Macro"
"3460";"FUNCEX4_XREXT4";3;393;"Inativa";"Funcex/Séries antigas";"Comércio exterior";"Exportações - setor: extrativa mineral - rentabilidade - índice (2003.III = 100)";"Índice de rentabilidade das exportações por setor: extrativa mineral (2003.III = 100)";"Não oculta";"Internet";20;0;0;NA;NA;"FUNCEX4";"Internet";"Macro"
"3461";"FUNCEX4_XRMNM4";2;436;"Inativa";"Funcex/Séries antigas";"Comércio exterior";"Exportações - setor: minerais não metálicos - rentabilidade - índice (2003.III = 100)";"Índice de rentabilidade das exportações por setor: minerais não metálicos (2003.III = 100)";"Não oculta";"Internet";20;0;0;NA;NA;"FUNCEX4";"Internet";"Macro"
"3462";"FUNCEX4_XRSID4";9;217;"Inativa";"Funcex/Séries antigas";"Comércio exterior";"Exportações - setor: siderurgia - rentabilidade - índice (2003.III = 100)";"Índice de rentabilidade das exportações por setor: siderurgia (2003.III = 100)";"Não oculta";"Internet";20;0;0;NA;NA;"FUNCEX4";"Internet";"Macro"
"3463";"FUNCEX4_XRMNF4";2;436;"Inativa";"Funcex/Séries antigas";"Comércio exterior";"Exportações - setor: metalurgia não ferrosos - rentabilidade - índice (2003.III = 100)";"Índice de rentabilidade das exportações por setor: metalurgia não ferrosos (2003.III = 100)";"Não oculta";"Internet";20;0;0;NA;NA;"FUNCEX4";"Internet";"Macro"
"3464";"FUNCEX4_XROPM4";2;436;"Inativa";"Funcex/Séries antigas";"Comércio exterior";"Exportações - setor: outros produtos metalúrgicos - rentabilidade - índice (2003.III = 100)";"Índice de rentabilidade das exportações por setor: outros produtos metalúrgicos (2003.III = 100)";"Não oculta";"Internet";20;0;0;NA;NA;"FUNCEX4";"Internet";"Macro"
"3465";"FUNCEX4_XRMAQ4";5;315;"Inativa";"Funcex/Séries antigas";"Comércio exterior";"Exportações - setor: máquinas e tratores - rentabilidade - índice (2003.III = 100)";"Índice de rentabilidade das exportações por setor: máquinas e tratores (2003.III = 100)";"Não oculta";"Internet";20;0;0;NA;NA;"FUNCEX4";"Internet";"Macro"
"3466";"FUNCEX4_XRELET4";3;393;"Inativa";"Funcex/Séries antigas";"Comércio exterior";"Exportações - setor: material elétrico - rentabilidade - índice (2003.III = 100)";"Índice de rentabilidade das exportações por setor: material elétrico (2003.III = 100)";"Não oculta";"Internet";20;0;0;NA;NA;"FUNCEX4";"Internet";"Macro"
"3467";"FUNCEX4_XREQP4";7;270;"Inativa";"Funcex/Séries antigas";"Comércio exterior";"Exportações - setor: equipamentos eletrônicos - rentabilidade - índice (2003.III = 100)";"Índice de rentabilidade das exportações por setor: equipamentos eletrônicos (2003.III = 100)";"Não oculta";"Internet";20;0;0;NA;NA;"FUNCEX4";"Internet";"Macro"
"3468";"FUNCEX4_XRAUT4";4;347;"Inativa";"Funcex/Séries antigas";"Comércio exterior";"Exportações - setor: veículos automotores - rentabilidade - índice (2003.III = 100)";"Índice de rentabilidade das exportações por setor: veículos automotores (2003.III = 100)";"Não oculta";"Internet";20;0;0;NA;NA;"FUNCEX4";"Internet";"Macro"
"3469";"FUNCEX4_XRPOV4";2;436;"Inativa";"Funcex/Séries antigas";"Comércio exterior";"Exportações - setor: peças e outros veículos - rentabilidade - índice (2003.III = 100)";"Índice de rentabilidade das exportações por setor: peças e outros veículos (2003.III = 100)";"Não oculta";"Internet";20;0;0;NA;NA;"FUNCEX4";"Internet";"Macro"
"3470";"FUNCEX4_XRMAD4";2;436;"Inativa";"Funcex/Séries antigas";"Comércio exterior";"Exportações - setor: madeira e mobiliário - rentabilidade - índice (2003.III = 100)";"Índice de rentabilidade das exportações por setor: madeira e mobiliário (2003.III = 100)";"Não oculta";"Internet";20;0;0;NA;NA;"FUNCEX4";"Internet";"Macro"
"3471";"FUNCEX4_XRPAP4";3;393;"Inativa";"Funcex/Séries antigas";"Comércio exterior";"Exportações - setor: celulose, papel e gráfica - rentabilidade - índice (2003.III = 100)";"Índice de rentabilidade das exportações por setor: celulose, papel e gráfica (2003.III = 100)";"Não oculta";"Internet";20;0;0;NA;NA;"FUNCEX4";"Internet";"Macro"
"3472";"FUNCEX4_XRBOR4";4;347;"Inativa";"Funcex/Séries antigas";"Comércio exterior";"Exportações - setor: borracha - rentabilidade - índice (2003.III = 100)";"Índice de rentabilidade das exportações por setor: borracha (2003.III = 100)";"Não oculta";"Internet";20;0;0;NA;NA;"FUNCEX4";"Internet";"Macro"
"3473";"FUNCEX4_XRQUIM4";2;436;"Inativa";"Funcex/Séries antigas";"Comércio exterior";"Exportações - setor: elementos químicos - rentabilidade - índice (2003.III = 100)";"Índice de rentabilidade das exportações por setor: elementos químicos (2003.III = 100)";"Não oculta";"Internet";20;0;0;NA;NA;"FUNCEX4";"Internet";"Macro"
"3474";"FUNCEX4_XRPET4";2;436;"Inativa";"Funcex/Séries antigas";"Comércio exterior";"Exportações - setor: refino de petróleo - rentabilidade - índice (2003.III = 100)";"Índice de rentabilidade das exportações por setor: refino de petróleo (2003.III = 100)";"Não oculta";"Internet";20;0;0;NA;NA;"FUNCEX4";"Internet";"Macro"
"3475";"FUNCEX4_XRQDIV4";2;436;"Inativa";"Funcex/Séries antigas";"Comércio exterior";"Exportações - setor: químicos diversos - rentabilidade - índice (2003.III = 100)";"Índice de rentabilidade das exportações por setor: químicos diversos (2003.III = 100)";"Não oculta";"Internet";20;0;0;NA;NA;"FUNCEX4";"Internet";"Macro"
"3476";"FUNCEX4_XRTEXT4";3;393;"Inativa";"Funcex/Séries antigas";"Comércio exterior";"Exportações - setor: têxtil - rentabilidade - índice (2003.III = 100)";"Índice de rentabilidade das exportações por setor: têxtil (2003.III = 100)";"Não oculta";"Internet";20;0;0;NA;NA;"FUNCEX4";"Internet";"Macro"
"3477";"FUNCEX4_XRCAL4";15;140;"Inativa";"Funcex/Séries antigas";"Comércio exterior";"Exportações - setor: calçados - rentabilidade - índice (2003.III = 100)";"Índice de rentabilidade das exportações por setor: calçados (2003.III = 100)";"Não oculta";"Internet";20;0;0;NA;NA;"FUNCEX4";"Internet";"Macro"
"3478";"FUNCEX4_XRCAFE4";12;166;"Inativa";"Funcex/Séries antigas";"Comércio exterior";"Exportações - setor: café - rentabilidade - índice (2003.III = 100)";"Índice de rentabilidade das exportações por setor: café (2003.III = 100)";"Não oculta";"Internet";20;0;0;NA;NA;"FUNCEX4";"Internet";"Macro"
"3479";"FUNCEX4_XRBVEG4";3;393;"Inativa";"Funcex/Séries antigas";"Comércio exterior";"Exportações - setor: beneficiamento de produtos vegetais - rentabilidade - índice (2003.III = 100)";"Índice de rentabilidade das exportações por setor: beneficiamento de produtos vegetais (2003.III = 100)";"Não oculta";"Internet";20;0;0;NA;NA;"FUNCEX4";"Internet";"Macro"
"3480";"FUNCEX4_XRABAT4";5;315;"Inativa";"Funcex/Séries antigas";"Comércio exterior";"Exportações - setor: abate de animais - rentabilidade - índice (2003.III = 100)";"Índice de rentabilidade das exportações por setor: abate de animais (2003.III = 100)";"Não oculta";"Internet";20;0;0;NA;NA;"FUNCEX4";"Internet";"Macro"
"3481";"FUNCEX4_XRACUC4";4;347;"Inativa";"Funcex/Séries antigas";"Comércio exterior";"Exportações - setor: açúcar - rentabilidade - índice (2003.III = 100)";"Índice de rentabilidade das exportações por setor: açúcar (2003.III = 100)";"Não oculta";"Internet";20;0;0;NA;NA;"FUNCEX4";"Internet";"Macro"
"3482";"FUNCEX4_XROVEG4";5;315;"Inativa";"Funcex/Séries antigas";"Comércio exterior";"Exportações - setor: óleos vegetais - rentabilidade - índice (2003.III = 100)";"Índice de rentabilidade das exportações por setor: óleos vegetais (2003.III = 100)";"Não oculta";"Internet";20;0;0;NA;NA;"FUNCEX4";"Internet";"Macro"
"3483";"FUNCEX4_XROAL4";2;436;"Inativa";"Funcex/Séries antigas";"Comércio exterior";"Exportações - setor: outros produtos alimentares - rentabilidade - índice (2003.III = 100)";"Índice de rentabilidade das exportações por setor: outros produtos alimentares (2003.III = 100)";"Não oculta";"Internet";20;0;0;NA;NA;"FUNCEX4";"Internet";"Macro"
"3484";"FUNCEX4_XRIDIV4";3;393;"Inativa";"Funcex/Séries antigas";"Comércio exterior";"Exportações - setor: indústrias diversas - rentabilidade - índice (2003.III = 100)";"Índice de rentabilidade das exportações por setor: indústrias diversas (2003.III = 100)";"Não oculta";"Internet";20;0;0;NA;NA;"FUNCEX4";"Internet";"Macro"
"3485";"ACSP12_TELCH12";15;714;"Ativa";"ACSP/IEGV";"Consumo e vendas";"Usecheque - número de consultas";"Usecheque: número de consultas";"Não oculta";"Internet";15;0;0;NA;NA;"ACSP12";"Internet";"Macro"
"3486";"ACSP12_SCPCC12";25;491;"Ativa";"ACSP/IEGV";"Consumo e vendas";"SPC - número de consultas";"SPC: número de consultas";"Não oculta";"Internet";15;0;0;NA;"Geradora";"ACSP12";"Internet";"Macro"
"3487";"ACSP12_SCPCRR12";11;856;"Inativa";"ACSP/IEGV";"Consumo e vendas";"SPC - número de registros recebidos";"SPC: número de registros recebidos";"Não oculta";"Internet";5;0;0;NA;"Geradora";"ACSP12";"Internet";"Macro"
"3488";"ACSP12_SCPCRC12";9;946;"Inativa";"ACSP/IEGV";"Consumo e vendas";"SPC - número de registros cancelados";"SPC: número de registros cancelados";"Não oculta";"Internet";5;0;0;NA;"Geradora";"ACSP12";"Internet";"Macro"
"3489";"ACSP12_INAD12";92;125;"Inativa";"ACSP/IEGV";"Consumo e vendas";"Inadimplência - índice em t-3";"Inadimplência: índice em t-3";"Não oculta";"Internet";5;0;0;NA;"Gerada";"ACSP12";"Internet";"Macro"
"3490";"ACSP12_INADI12";56;226;"Inativa";"ACSP/IEGV";"Consumo e vendas";"Inadimplência - índice em t-4";"Inadimplência: índice em t-4";"Não oculta";"Internet";5;0;0;NA;"Gerada";"ACSP12";"Internet";"Macro"
"3491";"ELETRO_CEETRES";22;488;"Ativa";"Eletrobras";"Consumo e vendas";"Consumo - energia elétrica - residência - tarifa média por MWh";"Consumo de energia elétrica no setor residência: tarifa média por MWh";"Não oculta";"Internet";360;0;0;NA;NA;"ELETRO";"Internet";"Macro"
"3492";"ELETRO_CEETCOM";9;871;"Ativa";"Eletrobras";"Consumo e vendas";"Consumo - energia elétrica - comércio - tarifa média por MWh";"Consumo de energia elétrica no setor comércio: tarifa média por MWh";"Não oculta";"Internet";360;0;0;NA;NA;"ELETRO";"Internet";"Macro"
"3493";"ELETRO_CEETIND";39;298;"Ativa";"Eletrobras";"Consumo e vendas";"Consumo - energia elétrica - indústria - tarifa média por MWh";"Consumo de energia elétrica no setor indústria: tarifa média por MWh";"Não oculta";"Internet";360;0;0;NA;NA;"ELETRO";"Internet";"Macro"
"3494";"ELETRO_CEETT";37;319;"Ativa";"Eletrobras";"Consumo e vendas";"Consumo - energia elétrica - tarifa média por MWh";"Consumo de energia elétrica: tarifa média por MWh";"Não oculta";"Internet";360;0;0;NA;NA;"ELETRO";"Internet";"Macro"
"3495";"SCN4_PIBITR4";19;109;"Inativa";"IBGE/SCN 2000 Trim.";"Contas nacionais";"PIB - indústria - transformação - índice encadeado (média 1995 = 100) - ref. 2000";"Produto interno bruto (PIB) - indústria de transformação: índice encadeado (média 1995 = 100) - referência 2000";"Não oculta";"Intranet";90;0;0;"Incluída em 03 / maio / 2007.";NA;"SCN4";"Intranet";"Macro"
"3496";"SCN4_PIBINDV4";270;4;"Inativa";"IBGE/SCN 2000 Trim.";"Contas nacionais";"PIB - indústria - ref. 2000";"Produto interno bruto (PIB) - indústria - referência 2000";"Não oculta";"Intranet";90;0;0;"Incluída em 03 / maio / 2007.";NA;"SCN4";"Intranet";"Macro"
"3497";"SCN4_PIBAGPV4";259;5;"Inativa";"IBGE/SCN 2000 Trim.";"Contas nacionais";"PIB - agropecuária - ref. 2000";"Produto interno bruto (PIB) - agropecuária - referência 2000";"Não oculta";"Intranet";90;0;0;"Incluída em 03 / maio / 2007.";NA;"SCN4";"Intranet";"Macro"
"3498";"SCN4_PIBSERV4";106;18;"Inativa";"IBGE/SCN 2000 Trim.";"Contas nacionais";"PIB - serviços - ref. 2000";"Produto interno bruto (PIB) - serviços - referência 2000";"Não oculta";"Intranet";90;0;0;"Incluída em 03 / maio / 2007.";NA;"SCN4";"Intranet";"Macro"
"3499";"SCN4_PIBDUMV4";32;71;"Inativa";"IBGE/SCN 2000 Trim.";"Contas nacionais";"PIB - dummy financeiro - ref. 2000";"Produto interno bruto (PIB) - dummy financeiro - referência 2000";"Não oculta";"Intranet";90;0;0;NA;NA;"SCN4";"Intranet";"Macro"
"3500";"SCN4_PIBIVAV4";64;30;"Inativa";"IBGE/SCN 2000 Trim.";"Contas nacionais";"PIB - impostos sobre produtos - ref. 2000";"Produto interno bruto (PIB) - impostos sobre produtos - referência 2000";"Não oculta";"Intranet";90;0;0;"Incluída em 03 / maio / 2007.";NA;"SCN4";"Intranet";"Macro"
"3501";"SCN4_PIBPMV4";300;2;"Inativa";"IBGE/SCN 2000 Trim.";"Contas nacionais";"PIB - preços de mercado - ref. 2000";"Produto interno bruto (PIB) a preços de mercado - referência 2000";"Não oculta";"Intranet";90;0;0;"Incluída em 03 / maio / 2007.";NA;"SCN4";"Intranet";"Macro"
"3502";"SCN4_PIBIVA4";12;166;"Inativa";"IBGE/SCN 2000 Trim.";"Contas nacionais";"PIB - impostos sobre produtos - índice encadeado (média 1995 = 100) - ref. 2000";"Produto interno bruto (PIB) - impostos sobre produtos: índice encadeado (média 1995 = 100) - referência 2000";"Não oculta";"Intranet";90;0;0;"Incluída em 03 / maio / 2007.";NA;"SCN4";"Intranet";"Macro"
"3503";"SCN4_PIBPM4";93;23;"Inativa";"IBGE/SCN 2000 Trim.";"Contas nacionais";"PIB - preços de mercado - índice encadeado (média 1995 = 100) - ref. 2000";"Produto interno bruto (PIB) a preços de mercado: índice encadeado (média 1995 = 100) - referência 2000";"Não oculta";"Intranet";90;0;0;"Incluída em 03 / maio / 2007.";NA;"SCN4";"Intranet";"Macro"
"3504";"HIST_XQTG";11;772;"Inativa";"Outras fontes";"Comércio exterior";"Exportações - quantum - var. anual";"Exportações - quantum - var. anual";"Oculta";"Internet";90;0;1;NA;NA;"HIST";"Oculta";"Macro"
"3505";"HIST_MQTG";4;1216;"Inativa";"Outras fontes";"Comércio exterior";"Importações - quantum - var. anual";"Importações - quantum - var. anual";"Oculta";"Internet";90;0;1;NA;NA;"HIST";"Oculta";"Macro"
"3506";"FUNCEX_XR";NA;NA;"Ativa";"Funcex";"Comércio exterior";"Exportações - rentabilidade - índice (2003 = 100)";"Índice de rentabilidade das exportações: total geral (2003= 100)";"Não oculta";"Internet";75;0;0;"Revisada em 06/mar/2002.";NA;"FUNCEX";"Internet";"Macro"
"3507";"HIST_SBP";60;197;"Inativa";"Outras fontes";"Balanço de pagamentos";"Balanço de pagamentos - saldo";"Balanço de pagamentos - saldo";"Oculta";"Intranet";90;0;1;NA;NA;"HIST";"Oculta";"Macro"
"3508";"HIST_STC";39;298;"Inativa";"Outras fontes";"Balanço de pagamentos";"Balanço de pagamentos - transações correntes - saldo";"Balanço de pagamentos - transações correntes - saldo";"Oculta";"Intranet";90;0;1;NA;NA;"HIST";"Oculta";"Macro"
"3509";"HIST_STK";35;335;"Inativa";"Outras fontes";"Balanço de pagamentos";"Balanço de pagamentos - conta de capital - saldo";"Balanço de pagamentos - conta de capital - saldo";"Oculta";"Intranet";90;0;1;NA;NA;"HIST";"Oculta";"Macro"
"3510";"HIST_PIBR";16;619;"Inativa";"Outras fontes";"Contas nacionais";"PIB";"Produto interno bruto (PIB) a preços constantes de 1947";"Não oculta";"Internet";90;0;1;NA;NA;"HIST";"Internet";"Macro"
"3511";"HIST_YAGG";24;457;"Inativa";"Outras fontes";"Contas nacionais";"PIB - agropecuária - var. real anual";"Produto interno bruto (PIB) - agropecuária: variação real anual";"Não oculta";"Internet";90;0;1;NA;NA;"HIST";"Internet";"Macro"
"3512";"HIST_YINDG";19;538;"Inativa";"Outras fontes";"Contas nacionais";"PIB - indústria - var. real anual";"Produto interno bruto (PIB) - indústria: variação real anual";"Não oculta";"Internet";90;0;1;NA;NA;"HIST";"Internet";"Macro"
"3513";"HIST_YSERG";10;818;"Inativa";"Outras fontes";"Contas nacionais";"PIB - serviços - var. real anual";"Produto interno bruto (PIB) - serviços - var. real anual";"Não oculta";"Internet";90;0;1;NA;NA;"HIST";"Internet";"Macro"
"3514";"FIESP_NUCI";52;233;"Inativa";"Fiesp";"Produção";"Utilização da capacidade instalada - indústria - SP";"Utilização da capacidade instalada na indústria no Estado de São Paulo. Obs.: Série interrompida.";"Não oculta";"Internet";60;0;0;NA;NA;"FIESP";"Internet";"Macro"
"3515";"HIST_DTGFN";50;241;"Inativa";"Outras fontes";"Finanças públicas";"Dívida interna - gov. federal";"Dívida interna - governo federal";"Não oculta";"Internet";90;0;1;NA;NA;"HIST";"Internet";"Macro"
"3516";"HIST_RESINT";25;444;"Inativa";"Outras fontes";"Balanço de pagamentos";"Reservas internacionais - var.";"Reservas internacionais - var.";"Não oculta";"Internet";90;0;1;NA;NA;"HIST";"Internet";"Macro"
"3517";"HIST_DEXREG";18;565;"Inativa";"Outras fontes";"Balanço de pagamentos";"Dívida externa - registrada";"Dívida externa registrada";"Oculta";"Intranet";90;0;1;NA;NA;"HIST";"Oculta";"Macro"
"3518";"HIST_DEXCONS";34;342;"Inativa";"Outras fontes";"Balanço de pagamentos";"Dívida externa (velha)";"Dívida externa (velha)";"Não oculta";"Internet";90;0;1;NA;NA;"HIST";"Internet";"Macro"
"3519";"HIST_M1";NA;NA;"Inativa";"Outras fontes";"Moeda e crédito";"M1 - fim período";"M1 - fim período";"Não oculta";"Internet";90;0;1;NA;NA;"HIST";"Internet";"Macro"
"3520";"HIST_M2";2;1445;"Inativa";"Outras fontes";"Moeda e crédito";"M2 - fim período";"M2 - fim período";"Não oculta";"Internet";90;0;1;NA;NA;"HIST";"Internet";"Macro"
"3521";"GAMMA_EBKCENRT";10;818;"Inativa";"IPEA";"Estoque de capital";"Capital fixo - estoque bruto - construção - não residencial";"Estoque bruto de capital fixo - construção - estruturas não residenciais a preços constantes de 2000";"Não oculta";"Internet";680;1;0;"Incluída em 25/set/2002 .";NA;"GAMMA";"Internet";"Macro"
"3522";"GAMMA_EBKCERT";23;471;"Inativa";"IPEA";"Estoque de capital";"Capital fixo - estoque bruto - construção - residencial";"Estoque bruto de capital fixo - construção - estruturas residenciais a preços constantes de 2000";"Não oculta";"Internet";680;1;0;"Incluída em 25/set/2002 .";NA;"GAMMA";"Internet";"Macro"
"3523";"GAMMA_EBKCT";34;342;"Inativa";"IPEA";"Estoque de capital";"Capital fixo - estoque bruto - construção";"Estoque bruto de capital fixo - construção a preços constantes de 2000";"Não oculta";"Internet";680;1;0;"Incluída em 25/set/2002 .";NA;"GAMMA";"Internet";"Macro"
"3524";"GAMMA_EBKMQET";37;319;"Inativa";"IPEA";"Estoque de capital";"Capital fixo - estoque bruto - máquinas e equipamentos";"Estoque bruto de capital fixo - máquinas e equipamentos a preços constantes de 2000";"Não oculta";"Internet";680;1;0;"Incluída em 25/set/2002 .";NA;"GAMMA";"Internet";"Macro"
"3525";"GAMMA_EBKT";206;49;"Inativa";"IPEA";"Estoque de capital";"Capital fixo - estoque bruto - total";"Estoque bruto de capital fixo - total a preços constantes de 2000";"Não oculta";"Internet";360;1;0;"Incluída em 25/set/2002 .";NA;"GAMMA";"Internet";"Macro"
"3526";"GAMMA_ELKCENRT";8;932;"Inativa";"IPEA";"Estoque de capital";"Capital fixo - estoque líquido - construção - não residencial";"Estoque líquido de capital fixo - construção - estruturas não residenciais a preços constantes de 2000";"Não oculta";"Internet";680;1;0;"Incluída em 25/set/2002 .";NA;"GAMMA";"Internet";"Macro"
"3527";"GAMMA_ELKCERT";7;991;"Inativa";"IPEA";"Estoque de capital";"Capital fixo - estoque líquido - construção - residencial";"Estoque líquido de capital fixo - construção - estruturas residenciais a preços constantes de 2000";"Não oculta";"Internet";680;1;0;"Incluída em 25/set/2002 .";NA;"GAMMA";"Internet";"Macro"
"3528";"GAMMA_ELKCT";12;739;"Inativa";"IPEA";"Estoque de capital";"Capital fixo - estoque líquido - construção";"Estoque líquido de capital fixo - construção a preços constantes de 2000";"Não oculta";"Internet";680;1;0;"Incluída em 25/set/2002 .";NA;"GAMMA";"Internet";"Macro"
"3529";"GAMMA_ELKMQET";22;488;"Inativa";"IPEA";"Estoque de capital";"Capital fixo - estoque líquido - máquinas e equipamentos";"Estoque líquido de capital fixo - máquinas e equipamentos a preços constantes de 2000";"Não oculta";"Internet";680;1;0;"Incluída em 25/set/2002 .";NA;"GAMMA";"Internet";"Macro"
"3530";"GAMMA_ELKT";107;100;"Inativa";"IPEA";"Estoque de capital";"Capital fixo - estoque líquido - total";"Estoque líquido de capital fixo - total a preços constantes de 2000";"Não oculta";"Internet";360;1;0;"Incluída em 25/set/2002 .";NA;"GAMMA";"Internet";"Macro"
"3531";"GAC12_TCERXMINPC12";174;60;"Ativa";"IPEA";"Câmbio";"Taxa de câmbio - efetiva real - INPC - exportações - manufaturados - índice (média 2010 = 100)";"Taxa de câmbio - efetiva real - INPC - exportações - manufaturados - índice (média 2010 = 100)";"Não oculta";"Internet";120;1;0;"Incluída em 12/mar/2001. Revisada em 11/nov/2015.";"Gerada";"GAC12";"Internet";"Macro"
"3532";"GAC12_TCRXMINPC12";NA;NA;"Inativa";"IPEA";"Câmbio";"Taxa de paridade - R$ / US$ - preços ao consumidor - índice (dez. 1998 = 100)";"Taxa de paridade: real (R$) / dólar americano (US$) - preços ao consumidor - índice (dez. 1998 = 100)";"Oculta";"Internet";15;0;0;"Incluída em 12/mar/2001.";NA;"GAC12";"Oculta";"Macro"
"3533";"FIPE12_FIPE0200";NA;NA;"Ativa";"Fipe";"Preços";"IPC - massa para bolo - RMSP - var.";"IPC - massa para bolo - RMSP - var.";"Não oculta";"Intranet";5;0;0;"Incluída em 06/mar/2001.";NA;"FIPE12";"Intranet";"Macro"
"3534";"FIPE12_FIPE0202";NA;NA;"Inativa";"Fipe";"Preços";"IPC - aveia - RMSP - var.";"IPC - aveia - RMSP - var.";"Não oculta";"Intranet";5;0;0;"Incluída em 06/mar/2001.";NA;"FIPE12";"Intranet";"Macro"
"3535";"FIPE12_FIPE0203";NA;NA;"Inativa";"Fipe";"Preços";"IPC - flocos de milho - RMSP - var.";"IPC - flocos de milho - RMSP - var.";"Não oculta";"Intranet";5;0;0;"Incluída em 06/mar/2001.";NA;"FIPE12";"Intranet";"Macro"
"3536";"FIPE12_FIPE0204";NA;NA;"Inativa";"Fipe";"Preços";"IPC - creme de arroz - RMSP - var.";"IPC - creme de arroz - RMSP - var.";"Não oculta";"Intranet";5;0;0;"Incluída em 06/mar/2001.";NA;"FIPE12";"Intranet";"Macro"
"3537";"FIPE12_FIPE0206";NA;NA;"Ativa";"Fipe";"Preços";"IPC - farofa - RMSP - var.";"IPC - farofa - RMSP - var.";"Não oculta";"Intranet";5;0;0;"Incluída em 06/mar/2001.";NA;"FIPE12";"Intranet";"Macro"
"3538";"FIPE12_FIPE0211";NA;NA;"Ativa";"Fipe";"Preços";"IPC - catchup - RMSP - var.";"IPC - catchup - RMSP - var.";"Não oculta";"Intranet";5;0;0;"Incluída em 06/mar/2001.";NA;"FIPE12";"Intranet";"Macro"
"3539";"FIPE12_FIPE0212";NA;NA;"Ativa";"Fipe";"Preços";"IPC - tempero pronto - RMSP - var.";"IPC - tempero pronto - RMSP - var.";"Não oculta";"Intranet";5;0;0;"Incluída em 06/mar/2001.";NA;"FIPE12";"Intranet";"Macro"
"3540";"FIPE12_FIPE0213";NA;NA;"Ativa";"Fipe";"Preços";"IPC - tempero natural - RMSP - var.";"IPC - tempero natural - RMSP - var.";"Não oculta";"Intranet";5;0;0;"Incluída em 06/mar/2001.";NA;"FIPE12";"Intranet";"Macro"
"3541";"FIPE12_FIPE0222";NA;NA;"Inativa";"Fipe";"Preços";"IPC - óleo de girassol - RMSP - var.";"IPC - óleo de girassol - RMSP - var.";"Não oculta";"Intranet";5;0;0;"Incluída em 06/mar/2001.";NA;"FIPE12";"Intranet";"Macro"
"3542";"FIPE12_FIPE0230";NA;NA;"Ativa";"Fipe";"Preços";"IPC - atum em lata - RMSP - var.";"IPC - atum em lata - RMSP - var.";"Não oculta";"Intranet";5;0;0;"Incluída em 06/mar/2001.";NA;"FIPE12";"Intranet";"Macro"
"3543";"FIPE12_FIPE0237";NA;NA;"Ativa";"Fipe";"Preços";"IPC - alimentos congelados - RMSP - var.";"IPC - alimentos congelados - RMSP - var.";"Não oculta";"Intranet";5;0;0;"Incluída em 06/mar/2001.";NA;"FIPE12";"Intranet";"Macro"
"3544";"FIPE12_FIPE0238";NA;NA;"Ativa";"Fipe";"Preços";"IPC - alimentos embalados - RMSP - var.";"IPC - alimentos embalados - RMSP - var.";"Não oculta";"Intranet";5;0;0;"Incluída em 06/mar/2001.";NA;"FIPE12";"Intranet";"Macro"
"3545";"FIPE12_FIPE0241";NA;NA;"Ativa";"Fipe";"Preços";"IPC - carne assada - RMSP - var.";"IPC - carne assada - RMSP - var.";"Não oculta";"Intranet";5;0;0;"Incluída em 06/mar/2001.";NA;"FIPE12";"Intranet";"Macro"
"3546";"FIPE12_FIPE0242";NA;NA;"Inativa";"Fipe";"Preços";"IPC - feijoada pronta - RMSP - var.";"IPC - feijoada pronta - RMSP - var.";"Não oculta";"Intranet";5;0;0;"Incluída em 06/mar/2001.";NA;"FIPE12";"Intranet";"Macro"
"3547";"FIPE12_FIPE0243";NA;NA;"Inativa";"Fipe";"Preços";"IPC - lasanha pronta - RMSP - var.";"IPC - lasanha pronta - RMSP - var.";"Não oculta";"Intranet";5;0;0;"Incluída em 06/mar/2001.";NA;"FIPE12";"Intranet";"Macro"
"3548";"FIPE12_FIPE0244";NA;NA;"Inativa";"Fipe";"Preços";"IPC - torta pronta - RMSP - var.";"IPC - torta pronta - RMSP - var.";"Não oculta";"Intranet";5;0;0;"Incluída em 06/mar/2001.";NA;"FIPE12";"Intranet";"Macro"
"3549";"FIPE12_FIPE0245";NA;NA;"Ativa";"Fipe";"Preços";"IPC - bolo pronto - RMSP - var.";"IPC - bolo pronto - RMSP - var.";"Não oculta";"Intranet";5;0;0;"Incluída em 06/mar/2001.";NA;"FIPE12";"Intranet";"Macro"
"3550";"FIPE12_FIPE0255";NA;NA;"Ativa";"Fipe";"Preços";"IPC - picanha - RMSP - var.";"IPC - picanha - RMSP - var.";"Não oculta";"Intranet";5;0;0;"Incluída em 06/mar/2001.";NA;"FIPE12";"Intranet";"Macro"
"3551";"FIPE12_FIPE0264";NA;NA;"Inativa";"Fipe";"Preços";"IPC - rabo bovino - RMSP - var.";"IPC - rabo bovino - RMSP - var.";"Não oculta";"Intranet";5;0;0;"Incluída em 06/mar/2001.";NA;"FIPE12";"Intranet";"Macro"
"3552";"FIPE12_FIPE0272";NA;NA;"Ativa";"Fipe";"Preços";"IPC - peru - RMSP - var.";"IPC - peru - RMSP - var.";"Não oculta";"Intranet";5;0;0;"Incluída em 06/mar/2001.";NA;"FIPE12";"Intranet";"Macro"
"3553";"FIPE12_FIPE0273";NA;NA;"Inativa";"Fipe";"Preços";"IPC - chester - RMSP - var.";"IPC - chester - RMSP - var.";"Não oculta";"Intranet";5;0;0;"Incluída em 06/mar/2001.";NA;"FIPE12";"Intranet";"Macro"
"3554";"FIPE12_FIPE0279";NA;NA;"Ativa";"Fipe";"Preços";"IPC - merluza - RMSP - var.";"IPC - merluza - RMSP - var.";"Não oculta";"Intranet";5;0;0;"Incluída em 06/mar/2001.";NA;"FIPE12";"Intranet";"Macro"
"3555";"FIPE12_FIPE0280";NA;NA;"Inativa";"Fipe";"Preços";"IPC - porquinho - RMSP - var.";"IPC - porquinho - RMSP - var.";"Não oculta";"Intranet";5;0;0;"Incluída em 06/mar/2001.";NA;"FIPE12";"Intranet";"Macro"
"3556";"FIPE12_FIPE0284";NA;NA;"Inativa";"Fipe";"Preços";"IPC - leite tipo A - RMSP - var.";"IPC - leite tipo A - RMSP - var.";"Não oculta";"Intranet";5;0;0;"Incluída em 06/mar/2001.";NA;"FIPE12";"Intranet";"Macro"
"3557";"FIPE12_FIPE0287";NA;NA;"Ativa";"Fipe";"Preços";"IPC - grupo: alimentação - semi-elaborados - cereais - RMSP - var.";"IPC - grupo: alimentação - semi-elaborados - cereais - RMSP - var.";"Não oculta";"Intranet";5;0;0;"Incluída em 06/mar/2001.";NA;"FIPE12";"Intranet";"Macro"
"3558";"FIPE12_FIPE0290";NA;NA;"Inativa";"Fipe";"Preços";"IPC - grão-de-bico - RMSP - var.";"IPC - grão-de-bico - RMSP - var.";"Não oculta";"Intranet";5;0;0;"Incluída em 06/mar/2001.";NA;"FIPE12";"Intranet";"Macro"
"3559";"FIPE12_FIPE0291";NA;NA;"Inativa";"Fipe";"Preços";"IPC - lentilha - RMSP - var.";"IPC - lentilha - RMSP - var.";"Não oculta";"Intranet";5;0;0;"Incluída em 06/mar/2001.";NA;"FIPE12";"Intranet";"Macro"
"3560";"FIPE12_FIPE0292";NA;NA;"Ativa";"Fipe";"Preços";"IPC - milho - RMSP - var.";"IPC - milho - RMSP - var.";"Não oculta";"Intranet";5;0;0;"Incluída em 06/mar/2001.";NA;"FIPE12";"Intranet";"Macro"
"3561";"FIPE12_FIPE0304";NA;NA;"Ativa";"Fipe";"Preços";"IPC - melão - RMSP - var.";"IPC - melão - RMSP - var.";"Não oculta";"Intranet";5;0;0;"Incluída em 06/mar/2001.";NA;"FIPE12";"Intranet";"Macro"
"3562";"FIPE12_FIPE0307";NA;NA;"Ativa";"Fipe";"Preços";"IPC - maracujá - RMSP - var.";"IPC - maracujá - RMSP - var.";"Não oculta";"Intranet";5;0;0;"Incluída em 06/mar/2001.";NA;"FIPE12";"Intranet";"Macro"
"3563";"FIPE12_FIPE0308";NA;NA;"Inativa";"Fipe";"Preços";"IPC - kiwi - RMSP - var.";"IPC - kiwi - RMSP - var.";"Não oculta";"Intranet";5;0;0;"Incluída em 06/mar/2001.";NA;"FIPE12";"Intranet";"Macro"
"3564";"FIPE12_FIPE0309";NA;NA;"Ativa";"Fipe";"Preços";"IPC - frutas de época - RMSP - var.";"IPC - frutas de época - RMSP - var.";"Não oculta";"Intranet";5;0;0;"Incluída em 06/mar/2001.";NA;"FIPE12";"Intranet";"Macro"
"3565";"FIPE12_FIPE0334";NA;NA;"Inativa";"Fipe";"Preços";"IPC - espinafre - RMSP - var.";"IPC - espinafre - RMSP - var.";"Não oculta";"Intranet";5;0;0;"Incluída em 06/mar/2001.";NA;"FIPE12";"Intranet";"Macro"
"3566";"FIPE12_FIPE0340";NA;NA;"Ativa";"Fipe";"Preços";"IPC - coentro - RMSP - var.";"IPC - coentro - RMSP - var.";"Não oculta";"Intranet";5;0;0;"Incluída em 06/mar/2001.";NA;"FIPE12";"Intranet";"Macro"
"3567";"FIPE12_FIPE0347";NA;NA;"Ativa";"Fipe";"Preços";"IPC - sobremesa - RMSP - var.";"IPC - sobremesa - RMSP - var.";"Não oculta";"Intranet";5;0;0;"Incluída em 06/mar/2001.";NA;"FIPE12";"Intranet";"Macro"
"3568";"FIPE12_FIPE0353";NA;NA;"Inativa";"Fipe";"Preços";"IPC - diesel - RMSP - var.";"IPC - diesel - RMSP - var.";"Não oculta";"Intranet";5;0;0;"Incluída em 06/mar/2001.";NA;"FIPE12";"Intranet";"Macro"
"3569";"FIPE12_FIPE0357";NA;NA;"Ativa";"Fipe";"Preços";"IPC - acessórios de veículo - RMSP - var.";"IPC - acessórios de veículo - RMSP - var.";"Não oculta";"Intranet";5;0;0;"Incluída em 06/mar/2001.";NA;"FIPE12";"Intranet";"Macro"
"3570";"FIPE12_FIPE0360";NA;NA;"Ativa";"Fipe";"Preços";"IPC - automóvel usado - RMSP - var.";"IPC - automóvel usado - RMSP - var.";"Não oculta";"Intranet";5;0;0;"Incluída em 06/mar/2001.";NA;"FIPE12";"Intranet";"Macro"
"3571";"FIPE12_FIPE0361";NA;NA;"Ativa";"Fipe";"Preços";"IPC - automóvel novo - RMSP - var.";"IPC - automóvel novo - RMSP - var.";"Não oculta";"Intranet";5;0;0;"Incluída em 06/mar/2001.";NA;"FIPE12";"Intranet";"Macro"
"3572";"FIPE12_FIPE0362";NA;NA;"Ativa";"Fipe";"Preços";"IPC - motocicleta usada - RMSP - var.";"IPC - motocicleta usada - RMSP - var.";"Não oculta";"Intranet";5;0;0;"Incluída em 06/mar/2001.";NA;"FIPE12";"Intranet";"Macro"
"3573";"FIPE12_FIPE0363";NA;NA;"Ativa";"Fipe";"Preços";"IPC - motocicleta nova - RMSP - var.";"IPC - motocicleta nova - RMSP - var.";"Não oculta";"Intranet";5;0;0;"Incluída em 06/mar/2001.";NA;"FIPE12";"Intranet";"Macro"
"3574";"FIPE12_FIPE0364";NA;NA;"Ativa";"Fipe";"Preços";"IPC - grupo: transportes - transportes coletivos - RMSP - var.";"IPC - grupo: transportes - transportes coletivos - RMSP - var.";"Não oculta";"Intranet";5;0;0;"Incluída em 06/mar/2001.";NA;"FIPE12";"Intranet";"Macro"
"3575";"FIPE12_FIPE0366";NA;NA;"Inativa";"Fipe";"Preços";"IPC - lotação - RMSP - var.";"IPC - lotação - RMSP - var.";"Não oculta";"Intranet";5;0;0;"Incluída em 06/mar/2001.";NA;"FIPE12";"Intranet";"Macro"
"3576";"FIPE12_FIPE0371";NA;NA;"Ativa";"Fipe";"Preços";"IPC - transporte escolar - RMSP - var.";"IPC - transporte escolar - RMSP - var.";"Não oculta";"Intranet";5;0;0;"Incluída em 06/mar/2001.";NA;"FIPE12";"Intranet";"Macro"
"3577";"FIPE12_FIPE0372";NA;NA;"Ativa";"Fipe";"Preços";"IPC - grupo: transportes - outras despesas com transporte - RMSP - var.";"IPC - grupo: transportes - outras despesas com transporte - RMSP - var.";"Não oculta";"Intranet";5;0;0;"Incluída em 06/mar/2001.";NA;"FIPE12";"Intranet";"Macro"
"3578";"FIPE12_FIPE0375";NA;NA;"Ativa";"Fipe";"Preços";"IPC - pedágio - RMSP - var.";"IPC - pedágio - RMSP - var.";"Não oculta";"Intranet";5;0;0;"Incluída em 06/mar/2001.";NA;"FIPE12";"Intranet";"Macro"
"3579";"FIPE12_FIPE0377";NA;NA;"Ativa";"Fipe";"Preços";"IPC - habilitação para dirigir - RMSP - var.";"IPC - habilitação para dirigir - RMSP - var.";"Não oculta";"Intranet";5;0;0;"Incluída em 06/mar/2001.";NA;"FIPE12";"Intranet";"Macro"
"3580";"FIPE12_FIPE0378";NA;NA;"Ativa";"Fipe";"Preços";"IPC - despachante - RMSP - var.";"IPC - despachante - RMSP - var.";"Não oculta";"Intranet";5;0;0;"Incluída em 06/mar/2001.";NA;"FIPE12";"Intranet";"Macro"
"3581";"FIPE12_FIPE0383";NA;NA;"Ativa";"Fipe";"Preços";"IPC - isqueiro - RMSP - var.";"IPC - isqueiro - RMSP - var.";"Não oculta";"Intranet";5;0;0;"Incluída em 06/mar/2001.";NA;"FIPE12";"Intranet";"Macro"
"3582";"FIPE12_FIPE0386";NA;NA;"Ativa";"Fipe";"Preços";"IPC - bebida isotônica - RMSP - var.";"IPC - bebida isotônica - RMSP - var.";"Não oculta";"Intranet";5;0;0;"Incluída em 06/mar/2001.";NA;"FIPE12";"Intranet";"Macro"
"3583";"FIPE12_FIPE0394";NA;NA;"Ativa";"Fipe";"Preços";"IPC - chope - RMSP - var.";"IPC - chope - RMSP - var.";"Não oculta";"Intranet";5;0;0;"Incluída em 06/mar/2001.";NA;"FIPE12";"Intranet";"Macro"
"3584";"FIPE12_FIPE0397";NA;NA;"Inativa";"Fipe";"Preços";"IPC - conhaque - RMSP - var.";"IPC - conhaque - RMSP - var.";"Não oculta";"Intranet";5;0;0;"Incluída em 06/mar/2001.";NA;"FIPE12";"Intranet";"Macro"
"3585";"FIPE12_FIPE0399";NA;NA;"Ativa";"Fipe";"Preços";"IPC - champanhe - RMSP - var.";"IPC - champanhe - RMSP - var.";"Não oculta";"Intranet";5;0;0;"Incluída em 06/mar/2001.";NA;"FIPE12";"Intranet";"Macro"
"3586";"FIPE12_FIPE0401";NA;NA;"Inativa";"Fipe";"Preços";"IPC - aperitivo destilado - RMSP - var.";"IPC - aperitivo destilado - RMSP - var.";"Não oculta";"Intranet";5;0;0;"Incluída em 06/mar/2001.";NA;"FIPE12";"Intranet";"Macro"
"3587";"FIPE12_FIPE0402";NA;NA;"Inativa";"Fipe";"Preços";"IPC - vermute - RMSP - var.";"IPC - vermute - RMSP - var.";"Não oculta";"Intranet";5;0;0;"Incluída em 06/mar/2001.";NA;"FIPE12";"Intranet";"Macro"
"3588";"FIPE12_FIPE0406";NA;NA;"Ativa";"Fipe";"Preços";"IPC - viagem (excursão) - RMSP - var.";"IPC - viagem (excursão) - RMSP - var.";"Não oculta";"Intranet";5;0;0;"Incluída em 06/mar/2001.";NA;"FIPE12";"Intranet";"Macro"
"3589";"FIPE12_FIPE0407";NA;NA;"Inativa";"Fipe";"Preços";"IPC - motel - RMSP - var.";"IPC - motel - RMSP - var.";"Não oculta";"Intranet";5;0;0;"Incluída em 06/mar/2001.";NA;"FIPE12";"Intranet";"Macro"
"3590";"FIPE12_FIPE0409";NA;NA;"Inativa";"Fipe";"Preços";"IPC - CD / fita para gravação - RMSP - var.";"IPC - CD / fita para gravação - RMSP - var.";"Não oculta";"Intranet";5;0;0;"Incluída em 06/mar/2001.";NA;"FIPE12";"Intranet";"Macro"
"3591";"FIPE12_FIPE0411";NA;NA;"Ativa";"Fipe";"Preços";"IPC - cinema - RMSP - var.";"IPC - cinema - RMSP - var.";"Não oculta";"Intranet";5;0;0;"Incluída em 06/mar/2001.";NA;"FIPE12";"Intranet";"Macro"
"3592";"FIPE12_FIPE0412";NA;NA;"Ativa";"Fipe";"Preços";"IPC - teatro / show - RMSP - var.";"IPC - teatro / show - RMSP - var.";"Não oculta";"Intranet";5;0;0;"Incluída em 06/mar/2001.";NA;"FIPE12";"Intranet";"Macro"
"3593";"FIPE12_FIPE0413";NA;NA;"Ativa";"Fipe";"Preços";"IPC - casa de dança - RMSP - var.";"IPC - casa de dança - RMSP - var.";"Não oculta";"Intranet";5;0;0;"Incluída em 06/mar/2001.";NA;"FIPE12";"Intranet";"Macro"
"3594";"FIPE12_FIPE0414";NA;NA;"Inativa";"Fipe";"Preços";"IPC - parque de diversão - RMSP - var.";"IPC - parque de diversão - RMSP - var.";"Não oculta";"Intranet";5;0;0;"Incluída em 06/mar/2001.";NA;"FIPE12";"Intranet";"Macro"
"3595";"FIPE12_FIPE0415";NA;NA;"Inativa";"Fipe";"Preços";"IPC - pesque e pague - RMSP - var.";"IPC - pesque e pague - RMSP - var.";"Não oculta";"Intranet";5;0;0;"Incluída em 06/mar/2001.";NA;"FIPE12";"Intranet";"Macro"
"3596";"FIPE12_FIPE0419";NA;NA;"Ativa";"Fipe";"Preços";"IPC - academia de ginástica - RMSP - var.";"IPC - academia de ginástica - RMSP - var.";"Não oculta";"Intranet";5;0;0;"Incluída em 06/mar/2001.";NA;"FIPE12";"Intranet";"Macro"
"3597";"FIPE12_FIPE0421";NA;NA;"Inativa";"Fipe";"Preços";"IPC - atividade esportiva - RMSP - var.";"IPC - atividade esportiva - RMSP - var.";"Não oculta";"Intranet";5;0;0;"Incluída em 06/mar/2001.";NA;"FIPE12";"Intranet";"Macro"
"3598";"FIPE12_FIPE0422";NA;NA;"Inativa";"Fipe";"Preços";"IPC - fliperama - RMSP - var.";"IPC - fliperama - RMSP - var.";"Não oculta";"Intranet";5;0;0;"Incluída em 06/mar/2001.";NA;"FIPE12";"Intranet";"Macro"
"3599";"FIPE12_FIPE0423";NA;NA;"Inativa";"Fipe";"Preços";"IPC - boliche - RMSP - var.";"IPC - boliche - RMSP - var.";"Não oculta";"Intranet";5;0;0;"Incluída em 06/mar/2001.";NA;"FIPE12";"Intranet";"Macro"
"3600";"FIPE12_FIPE0424";NA;NA;"Ativa";"Fipe";"Preços";"IPC - grupo: despesas pessoais - recreação e cultura - animal doméstico - RMSP - var.";"IPC - grupo: despesas pessoais - recreação e cultura - animal doméstico - RMSP - var.";"Não oculta";"Intranet";5;0;0;"Incluída em 06/mar/2001.";NA;"FIPE12";"Intranet";"Macro"
"3601";"FIPE12_FIPE0425";NA;NA;"Ativa";"Fipe";"Preços";"IPC - artigos para festa - RMSP - var.";"IPC - artigos para festa - RMSP - var.";"Não oculta";"Intranet";5;0;0;"Incluída em 06/mar/2001.";NA;"FIPE12";"Intranet";"Macro"
"3602";"FIPE12_FIPE0436";NA;NA;"Ativa";"Fipe";"Preços";"IPC - cotonetes - RMSP - var.";"IPC - cotonetes - RMSP - var.";"Não oculta";"Intranet";5;0;0;"Incluída em 06/mar/2001.";NA;"FIPE12";"Intranet";"Macro"
"3603";"FIPE12_FIPE0441";NA;NA;"Inativa";"Fipe";"Preços";"IPC - cartucho para aparelho de barbear - RMSP - var.";"IPC - cartucho para aparelho de barbear - RMSP - var.";"Não oculta";"Intranet";5;0;0;"Incluída em 06/mar/2001.";NA;"FIPE12";"Intranet";"Macro"
"3604";"FIPE12_FIPE0443";NA;NA;"Inativa";"Fipe";"Preços";"IPC - loção após barba - RMSP - var.";"IPC - loção após barba - RMSP - var.";"Não oculta";"Intranet";5;0;0;"Incluída em 06/mar/2001.";NA;"FIPE12";"Intranet";"Macro"
"3605";"FIPE12_FIPE0449";NA;NA;"Inativa";"Fipe";"Preços";"IPC - lenço de papel - RMSP - var.";"IPC - lenço de papel - RMSP - var.";"Não oculta";"Intranet";5;0;0;"Incluída em 06/mar/2001.";NA;"FIPE12";"Intranet";"Macro"
"3606";"FIPE12_FIPE0450";NA;NA;"Ativa";"Fipe";"Preços";"IPC - lenço umedecido - RMSP - var.";"IPC - lenço umedecido - RMSP - var.";"Não oculta";"Intranet";5;0;0;"Incluída em 06/mar/2001.";NA;"FIPE12";"Intranet";"Macro"
"3607";"FIPE12_FIPE0452";NA;NA;"Inativa";"Fipe";"Preços";"IPC - filme de PVC - RMSP - var.";"IPC - filme de PVC - RMSP - var.";"Não oculta";"Intranet";5;0;0;"Incluída em 06/mar/2001.";NA;"FIPE12";"Intranet";"Macro"
"3608";"FIPE12_FIPE0453";NA;NA;"Ativa";"Fipe";"Preços";"IPC - papel alumínio - RMSP - var.";"IPC - papel alumínio - RMSP - var.";"Não oculta";"Intranet";5;0;0;"Incluída em 06/mar/2001.";NA;"FIPE12";"Intranet";"Macro"
"3609";"FIPE12_FIPE0454";NA;NA;"Inativa";"Fipe";"Preços";"IPC - palitos roliços de madeira - RMSP - var.";"IPC - palitos roliços de madeira - RMSP - var.";"Não oculta";"Intranet";5;0;0;"Incluída em 06/mar/2001.";NA;"FIPE12";"Intranet";"Macro"
"3610";"FIPE12_FIPE0458";NA;NA;"Ativa";"Fipe";"Preços";"IPC - creme para tratamento de pele - RMSP - var.";"IPC - creme para tratamento de pele - RMSP - var.";"Não oculta";"Intranet";5;0;0;"Incluída em 06/mar/2001.";NA;"FIPE12";"Intranet";"Macro"
"3611";"FIPE12_FIPE0460";NA;NA;"Ativa";"Fipe";"Preços";"IPC - protetor solar - RMSP - var.";"IPC - protetor solar - RMSP - var.";"Não oculta";"Intranet";5;0;0;"Incluída em 06/mar/2001.";NA;"FIPE12";"Intranet";"Macro"
"3612";"FIPE12_FIPE0462";NA;NA;"Inativa";"Fipe";"Preços";"IPC - removedor de esmalte - RMSP - var.";"IPC - removedor de esmalte - RMSP - var.";"Não oculta";"Intranet";5;0;0;"Incluída em 06/mar/2001.";NA;"FIPE12";"Intranet";"Macro"
"3613";"FIPE12_FIPE0465";NA;NA;"Ativa";"Fipe";"Preços";"IPC - fixador para cabelo - RMSP - var.";"IPC - fixador para cabelo - RMSP - var.";"Não oculta";"Intranet";5;0;0;"Incluída em 06/mar/2001.";NA;"FIPE12";"Intranet";"Macro"
"3614";"FIPE12_FIPE0473";NA;NA;"Inativa";"Fipe";"Preços";"IPC - fotógrafo - RMSP - var.";"IPC - fotógrafo - RMSP - var.";"Não oculta";"Intranet";5;0;0;"Incluída em 06/mar/2001.";NA;"FIPE12";"Intranet";"Macro"
"3615";"FIPE12_FIPE0478";NA;NA;"Ativa";"Fipe";"Preços";"IPC - serviço bancário - RMSP - var.";"IPC - serviço bancário - RMSP - var.";"Não oculta";"Intranet";5;0;0;"Incluída em 06/mar/2001.";NA;"FIPE12";"Intranet";"Macro"
"3616";"FIPE12_FIPE0479";NA;NA;"Ativa";"Fipe";"Preços";"IPC - manutenção de jazigo - RMSP - var.";"IPC - manutenção de jazigo - RMSP - var.";"Não oculta";"Intranet";5;0;0;"Incluída em 06/mar/2001.";NA;"FIPE12";"Intranet";"Macro"
"3617";"FIPE12_FIPE0480";NA;NA;"Inativa";"Fipe";"Preços";"IPC - cerimônia religiosa - RMSP - var.";"IPC - cerimônia religiosa - RMSP - var.";"Não oculta";"Intranet";5;0;0;"Incluída em 06/mar/2001.";NA;"FIPE12";"Intranet";"Macro"
"3618";"FIPE12_FIPE0483";NA;NA;"Ativa";"Fipe";"Preços";"IPC - grupo: saúde - contrato de assistência médica - RMSP - var.";"IPC - grupo: saúde - contrato de assistência médica - RMSP - var.";"Não oculta";"Intranet";5;0;0;"Incluída em 06/mar/2001.";NA;"FIPE12";"Intranet";"Macro"
"3619";"FIPE12_FIPE0487";NA;NA;"Inativa";"Fipe";"Preços";"IPC - psicólogo - RMSP - var.";"IPC - psicólogo - RMSP - var.";"Não oculta";"Intranet";5;0;0;"Incluída em 06/mar/2001.";NA;"FIPE12";"Intranet";"Macro"
"3620";"FIPE12_FIPE0490";NA;NA;"Inativa";"Fipe";"Preços";"IPC - radioclínica - RMSP - var.";"IPC - radioclínica - RMSP - var.";"Não oculta";"Intranet";5;0;0;"Incluída em 06/mar/2001.";NA;"FIPE12";"Intranet";"Macro"
"3621";"FIPE12_FIPE0492";NA;NA;"Ativa";"Fipe";"Preços";"IPC - grupo: saúde - remédios e produtos farmacêuticos - remédios - RMSP - var.";"IPC - grupo: saúde - remédios e produtos farmacêuticos - remédios - RMSP - var.";"Não oculta";"Intranet";5;0;0;"Incluída em 06/mar/2001.";NA;"FIPE12";"Intranet";"Macro"
"3622";"FIPE12_FIPE0502";NA;NA;"Ativa";"Fipe";"Preços";"IPC - remédios oftálmicos - RMSP - var.";"IPC - remédios oftálmicos - RMSP - var.";"Não oculta";"Intranet";5;0;0;"Incluída em 06/mar/2001.";NA;"FIPE12";"Intranet";"Macro"
"3623";"FIPE12_FIPE0503";NA;NA;"Ativa";"Fipe";"Preços";"IPC - remédios do aparelho geniturinário - RMSP - var.";"IPC - remédios do aparelho geniturinário - RMSP - var.";"Não oculta";"Intranet";5;0;0;"Incluída em 06/mar/2001.";NA;"FIPE12";"Intranet";"Macro"
"3624";"FIPE12_FIPE0505";NA;NA;"Inativa";"Fipe";"Preços";"IPC - homeopático - RMSP - var.";"IPC - homeopático - RMSP - var.";"Não oculta";"Intranet";5;0;0;"Incluída em 06/mar/2001.";NA;"FIPE12";"Intranet";"Macro"
"3625";"FIPE12_FIPE0507";NA;NA;"Ativa";"Fipe";"Preços";"IPC - algodão hidrófilo - RMSP - var.";"IPC - algodão hidrófilo - RMSP - var.";"Não oculta";"Intranet";5;0;0;"Incluída em 06/mar/2001.";NA;"FIPE12";"Intranet";"Macro"
"3626";"FIPE12_FIPE0508";NA;NA;"Ativa";"Fipe";"Preços";"IPC - curativo pronto - RMSP - var.";"IPC - curativo pronto - RMSP - var.";"Não oculta";"Intranet";5;0;0;"Incluída em 06/mar/2001.";NA;"FIPE12";"Intranet";"Macro"
"3627";"FIPE12_FIPE0509";NA;NA;"Inativa";"Fipe";"Preços";"IPC - preservativo - RMSP - var.";"IPC - preservativo - RMSP - var.";"Não oculta";"Intranet";5;0;0;"Incluída em 06/mar/2001.";NA;"FIPE12";"Intranet";"Macro"
"3628";"FIPE12_FIPE0510";NA;NA;"Inativa";"Fipe";"Preços";"IPC - seringa descartável - RMSP - var.";"IPC - seringa descartável - RMSP - var.";"Não oculta";"Intranet";5;0;0;"Incluída em 06/mar/2001.";NA;"FIPE12";"Intranet";"Macro"
"3629";"FIPE12_FIPE0511";NA;NA;"Ativa";"Fipe";"Preços";"IPC - grupo: saúde - aparelhos corretivos e medidores - aparelhos corretivos - RMSP - var.";"IPC - grupo: saúde - aparelhos corretivos e medidores - aparelhos corretivos - RMSP - var.";"Não oculta";"Intranet";5;0;0;"Incluída em 06/mar/2001.";NA;"FIPE12";"Intranet";"Macro"
"3630";"FIPE12_FIPE0512";NA;NA;"Ativa";"Fipe";"Preços";"IPC - aparelho para surdez - RMSP - var.";"IPC - aparelho para surdez - RMSP - var.";"Não oculta";"Intranet";5;0;0;"Incluída em 06/mar/2001.";NA;"FIPE12";"Intranet";"Macro"
"3631";"FIPE12_FIPE0513";NA;NA;"Ativa";"Fipe";"Preços";"IPC - armação de óculos - RMSP - var.";"IPC - armação de óculos - RMSP - var.";"Não oculta";"Intranet";5;0;0;"Incluída em 06/mar/2001.";NA;"FIPE12";"Intranet";"Macro"
"3632";"FIPE12_FIPE0514";NA;NA;"Ativa";"Fipe";"Preços";"IPC - lentes de óculos - RMSP - var.";"IPC - lentes de óculos - RMSP - var.";"Não oculta";"Intranet";5;0;0;"Incluída em 06/mar/2001.";NA;"FIPE12";"Intranet";"Macro"
"3633";"FIPE12_FIPE0515";NA;NA;"Ativa";"Fipe";"Preços";"IPC - lentes de contato - RMSP - var.";"IPC - lentes de contato - RMSP - var.";"Não oculta";"Intranet";5;0;0;"Incluída em 06/mar/2001.";NA;"FIPE12";"Intranet";"Macro"
"3634";"FIPE12_FIPE0525";NA;NA;"Ativa";"Fipe";"Preços";"IPC - malha / agasalho feminino - RMSP - var.";"IPC - malha / agasalho feminino - RMSP - var.";"Não oculta";"Intranet";5;0;0;"Incluída em 06/mar/2001.";NA;"FIPE12";"Intranet";"Macro"
"3635";"FIPE12_FIPE0530";NA;NA;"Inativa";"Fipe";"Preços";"IPC - sunga - RMSP - var.";"IPC - sunga - RMSP - var.";"Não oculta";"Intranet";5;0;0;"Incluída em 06/mar/2001.";NA;"FIPE12";"Intranet";"Macro"
"3636";"FIPE12_FIPE0533";NA;NA;"Ativa";"Fipe";"Preços";"IPC - malha / agasalho masculino - RMSP - var.";"IPC - malha / agasalho masculino - RMSP - var.";"Não oculta";"Intranet";5;0;0;"Incluída em 06/mar/2001.";NA;"FIPE12";"Intranet";"Macro"
"3637";"FIPE12_FIPE0544";NA;NA;"Ativa";"Fipe";"Preços";"IPC - acessórios de vestuário - RMSP - var.";"IPC - acessórios de vestuário - RMSP - var.";"Não oculta";"Intranet";5;0;0;"Incluída em 06/mar/2001.";NA;"FIPE12";"Intranet";"Macro"
"3638";"FIPE12_FIPE0548";NA;NA;"Ativa";"Fipe";"Preços";"IPC - aviamento - RMSP - var.";"IPC - aviamento - RMSP - var.";"Não oculta";"Intranet";5;0;0;"Incluída em 06/mar/2001.";NA;"FIPE12";"Intranet";"Macro"
"3639";"FIPE12_FIPE0552";NA;NA;"Ativa";"Fipe";"Preços";"IPC - bijuteria - RMSP - var.";"IPC - bijuteria - RMSP - var.";"Não oculta";"Intranet";5;0;0;"Incluída em 06/mar/2001.";NA;"FIPE12";"Intranet";"Macro"
"3640";"FIPE12_FIPE0554";NA;NA;"Ativa";"Fipe";"Preços";"IPC - grupo: educação - ensino escolar - RMSP - var.";"IPC - grupo: educação - ensino escolar - RMSP - var.";"Não oculta";"Intranet";5;0;0;"Incluída em 06/mar/2001.";NA;"FIPE12";"Intranet";"Macro"
"3641";"FIPE12_FIPE0555";NA;NA;"Ativa";"Fipe";"Preços";"IPC - grupo: educação - cursos regulares - RMSP - var.";"IPC - grupo: educação - cursos regulares - RMSP - var.";"Não oculta";"Intranet";5;0;0;"Incluída em 06/mar/2001.";NA;"FIPE12";"Intranet";"Macro"
"3642";"FIPE12_FIPE0556";NA;NA;"Ativa";"Fipe";"Preços";"IPC - ensino pré-escolar - RMSP - var.";"IPC - ensino pré-escolar - RMSP - var.";"Não oculta";"Intranet";5;0;0;"Incluída em 06/mar/2001.";NA;"FIPE12";"Intranet";"Macro"
"3643";"FIPE12_FIPE0557";NA;NA;"Ativa";"Fipe";"Preços";"IPC - ensino fundamental - RMSP - var.";"IPC - ensino fundamental - RMSP - var.";"Não oculta";"Intranet";5;0;0;"Incluída em 06/mar/2001.";NA;"FIPE12";"Intranet";"Macro"
"3644";"FIPE12_FIPE0558";NA;NA;"Ativa";"Fipe";"Preços";"IPC - ensino médio - RMSP - var.";"IPC - ensino médio - RMSP - var.";"Não oculta";"Intranet";5;0;0;"Incluída em 06/mar/2001.";NA;"FIPE12";"Intranet";"Macro"
"3645";"FIPE12_FIPE0559";NA;NA;"Ativa";"Fipe";"Preços";"IPC - ensino superior - RMSP - var.";"IPC - ensino superior - RMSP - var.";"Não oculta";"Intranet";5;0;0;"Incluída em 06/mar/2001.";NA;"FIPE12";"Intranet";"Macro"
"3646";"FIPE12_FIPE0560";NA;NA;"Ativa";"Fipe";"Preços";"IPC - grupo: educação - outros cursos - RMSP - var.";"IPC - grupo: educação - outros cursos - RMSP - var.";"Não oculta";"Intranet";5;0;0;"Incluída em 06/mar/2001.";NA;"FIPE12";"Intranet";"Macro"
"3647";"FIPE12_FIPE0561";NA;NA;"Ativa";"Fipe";"Preços";"IPC - berçário / maternal - RMSP - var.";"IPC - berçário / maternal - RMSP - var.";"Não oculta";"Intranet";5;0;0;"Incluída em 06/mar/2001.";NA;"FIPE12";"Intranet";"Macro"
"3648";"FIPE12_FIPE0562";NA;NA;"Ativa";"Fipe";"Preços";"IPC - curso pré-vestibular - RMSP - var.";"IPC - curso pré-vestibular - RMSP - var.";"Não oculta";"Intranet";5;0;0;"Incluída em 06/mar/2001.";NA;"FIPE12";"Intranet";"Macro"
"3649";"FIPE12_FIPE0563";NA;NA;"Ativa";"Fipe";"Preços";"IPC - curso de idiomas - RMSP - var.";"IPC - curso de idiomas - RMSP - var.";"Não oculta";"Intranet";5;0;0;"Incluída em 06/mar/2001.";NA;"FIPE12";"Intranet";"Macro"
"3650";"FIPE12_FIPE0564";NA;NA;"Ativa";"Fipe";"Preços";"IPC - curso de informática - RMSP - var.";"IPC - curso de informática - RMSP - var.";"Não oculta";"Intranet";5;0;0;"Incluída em 06/mar/2001.";NA;"FIPE12";"Intranet";"Macro"
"3651";"FIPE12_FIPE0567";NA;NA;"Ativa";"Fipe";"Preços";"IPC - papel - RMSP - var.";"IPC - papel - RMSP - var.";"Não oculta";"Intranet";5;0;0;"Incluída em 06/mar/2001.";NA;"FIPE12";"Intranet";"Macro"
"3652";"FIPE12_FIPE0568";NA;NA;"Inativa";"Fipe";"Preços";"IPC - pasta - RMSP - var.";"IPC - pasta - RMSP - var.";"Não oculta";"Intranet";5;0;0;"Incluída em 06/mar/2001.";NA;"FIPE12";"Intranet";"Macro"
"3653";"FIPE12_FIPE0569";NA;NA;"Inativa";"Fipe";"Preços";"IPC - fichário - RMSP - var.";"IPC - fichário - RMSP - var.";"Não oculta";"Intranet";5;0;0;"Incluída em 06/mar/2001.";NA;"FIPE12";"Intranet";"Macro"
"3654";"FIPE12_FIPE0570";NA;NA;"Inativa";"Fipe";"Preços";"IPC - agenda - RMSP - var.";"IPC - agenda - RMSP - var.";"Não oculta";"Intranet";5;0;0;"Incluída em 06/mar/2001.";NA;"FIPE12";"Intranet";"Macro"
"3655";"FIPE12_FIPE0571";NA;NA;"Inativa";"Fipe";"Preços";"IPC - disquete - RMSP - var.";"IPC - disquete - RMSP - var.";"Não oculta";"Intranet";5;0;0;"Incluída em 06/mar/2001.";NA;"FIPE12";"Intranet";"Macro"
"3656";"FIPE12_FIPE0572";NA;NA;"Ativa";"Fipe";"Preços";"IPC - cartucho para impressora - RMSP - var.";"IPC - cartucho para impressora - RMSP - var.";"Não oculta";"Intranet";5;0;0;"Incluída em 06/mar/2001.";NA;"FIPE12";"Intranet";"Macro"
"3657";"FIPE12_FIPE0575";NA;NA;"Inativa";"Fipe";"Preços";"IPC - lapiseira - RMSP - var.";"IPC - lapiseira - RMSP - var.";"Não oculta";"Intranet";5;0;0;"Incluída em 06/mar/2001.";NA;"FIPE12";"Intranet";"Macro"
"3658";"FIPE12_FIPE0576";NA;NA;"Inativa";"Fipe";"Preços";"IPC - grafite - RMSP - var.";"IPC - grafite - RMSP - var.";"Não oculta";"Intranet";5;0;0;"Incluída em 06/mar/2001.";NA;"FIPE12";"Intranet";"Macro"
"3659";"FIPE12_FIPE0577";NA;NA;"Inativa";"Fipe";"Preços";"IPC - régua - RMSP - var.";"IPC - régua - RMSP - var.";"Não oculta";"Intranet";5;0;0;"Incluída em 06/mar/2001.";NA;"FIPE12";"Intranet";"Macro"
"3660";"FIPE12_FIPE0578";NA;NA;"Inativa";"Fipe";"Preços";"IPC - apontador - RMSP - var.";"IPC - apontador - RMSP - var.";"Não oculta";"Intranet";5;0;0;"Incluída em 06/mar/2001.";NA;"FIPE12";"Intranet";"Macro"
"3661";"FIPE12_FIPE0580";NA;NA;"Ativa";"Fipe";"Preços";"IPC - cola - RMSP - var.";"IPC - cola - RMSP - var.";"Não oculta";"Intranet";5;0;0;"Incluída em 06/mar/2001.";NA;"FIPE12";"Intranet";"Macro"
"3662";"FIPE12_FIPE0581";NA;NA;"Inativa";"Fipe";"Preços";"IPC - tesoura - RMSP - var.";"IPC - tesoura - RMSP - var.";"Não oculta";"Intranet";5;0;0;"Incluída em 06/mar/2001.";NA;"FIPE12";"Intranet";"Macro"
"3663";"FIPE12_FIPE0583";NA;NA;"Inativa";"Fipe";"Preços";"IPC - estojo - RMSP - var.";"IPC - estojo - RMSP - var.";"Não oculta";"Intranet";5;0;0;"Incluída em 06/mar/2001.";NA;"FIPE12";"Intranet";"Macro"
"3664";"FIPE12_FIPE0584";NA;NA;"Ativa";"Fipe";"Preços";"IPC - mochila - RMSP - var.";"IPC - mochila - RMSP - var.";"Não oculta";"Intranet";5;0;0;"Incluída em 06/mar/2001.";NA;"FIPE12";"Intranet";"Macro"
"3665";"FIPE12_FIPE0586";NA;NA;"Ativa";"Fipe";"Preços";"IPC - livro didático (ensino fundamental) - RMSP - var.";"IPC - livro didático (ensino fundamental) - RMSP - var.";"Não oculta";"Intranet";5;0;0;"Incluída em 06/mar/2001.";NA;"FIPE12";"Intranet";"Macro"
"3666";"FIPE12_FIPE0587";NA;NA;"Ativa";"Fipe";"Preços";"IPC - livro didático (ensino médio) - RMSP - var.";"IPC - livro didático (ensino médio) - RMSP - var.";"Não oculta";"Intranet";5;0;0;"Incluída em 06/mar/2001.";NA;"FIPE12";"Intranet";"Macro"
"3667";"FIPE12_FIPE0004";NA;NA;"Ativa";"Fipe";"Preços";"IPC - grupo: habitação - manutenção do domicílio - serviços utilid. púb. - RMSP - var.";"IPC - grupo: habitação - manutenção do domicílio - serviços de utilidade pública - RMSP - var.";"Não oculta";"Intranet";5;0;0;"Incluída em 06/mar/2001.";NA;"FIPE12";"Intranet";"Macro"
"3668";"FIPE12_FIPE0015";NA;NA;"Ativa";"Fipe";"Preços";"IPC - ferramenta - RMSP - var.";"IPC - ferramenta - RMSP - var.";"Não oculta";"Intranet";5;0;0;"Incluída em 06/mar/2001.";NA;"FIPE12";"Intranet";"Macro"
"3669";"FIPE12_FIPE0019";NA;NA;"Inativa";"Fipe";"Preços";"IPC - serviço de mudança - RMSP - var.";"IPC - serviço de mudança - RMSP - var.";"Não oculta";"Intranet";5;0;0;"Incluída em 06/mar/2001.";NA;"FIPE12";"Intranet";"Macro"
"3670";"FIPE12_FIPE0023";NA;NA;"Inativa";"Fipe";"Preços";"IPC - sabão de coco - RMSP - var.";"IPC - sabão de coco - RMSP - var.";"Não oculta";"Intranet";5;0;0;"Incluída em 06/mar/2001.";NA;"FIPE12";"Intranet";"Macro"
"3671";"FIPE12_FIPE0026";NA;NA;"Ativa";"Fipe";"Preços";"IPC - desodorizante - RMSP - var.";"IPC - desodorizante - RMSP - var.";"Não oculta";"Intranet";5;0;0;"Incluída em 06/mar/2001.";NA;"FIPE12";"Intranet";"Macro"
"3672";"FIPE12_FIPE0027";NA;NA;"Ativa";"Fipe";"Preços";"IPC - alvejante - RMSP - var.";"IPC - alvejante - RMSP - var.";"Não oculta";"Intranet";5;0;0;"Incluída em 06/mar/2001.";NA;"FIPE12";"Intranet";"Macro"
"3673";"FIPE12_FIPE0028";NA;NA;"Ativa";"Fipe";"Preços";"IPC - concentrado de limpeza - RMSP - var.";"IPC - concentrado de limpeza - RMSP - var.";"Não oculta";"Intranet";5;0;0;"Incluída em 06/mar/2001.";NA;"FIPE12";"Intranet";"Macro"
"3674";"FIPE12_FIPE0030";NA;NA;"Inativa";"Fipe";"Preços";"IPC - limpa-limo - RMSP - var.";"IPC - limpa-limo - RMSP - var.";"Não oculta";"Intranet";5;0;0;"Incluída em 06/mar/2001.";NA;"FIPE12";"Intranet";"Macro"
"3675";"FIPE12_FIPE0032";NA;NA;"Ativa";"Fipe";"Preços";"IPC - esponja - RMSP - var.";"IPC - esponja - RMSP - var.";"Não oculta";"Intranet";5;0;0;"Incluída em 06/mar/2001.";NA;"FIPE12";"Intranet";"Macro"
"3676";"FIPE12_FIPE0037";NA;NA;"Ativa";"Fipe";"Preços";"IPC - pano de limpeza - RMSP - var.";"IPC - pano de limpeza - RMSP - var.";"Não oculta";"Intranet";5;0;0;"Incluída em 06/mar/2001.";NA;"FIPE12";"Intranet";"Macro"
"3677";"FIPE12_FIPE0043";NA;NA;"Ativa";"Fipe";"Preços";"IPC - grupo: habitação - equipamentos do domicílio - RMSP - var.";"IPC - grupo: habitação - equipamentos do domicílio - RMSP - var.";"Não oculta";"Intranet";5;0;0;"Incluída em 06/mar/2001.";NA;"FIPE12";"Intranet";"Macro"
"3678";"FIPE12_FIPE0052";NA;NA;"Inativa";"Fipe";"Preços";"IPC - cortina - RMSP - var.";"IPC - cortina - RMSP - var.";"Não oculta";"Intranet";5;0;0;"Incluída em 06/mar/2001.";NA;"FIPE12";"Intranet";"Macro"
"3679";"FIPE12_FIPE0054";NA;NA;"Ativa";"Fipe";"Preços";"IPC - peças de iluminação e decoração - RMSP - var.";"IPC - peças de iluminação e decoração - RMSP - var.";"Não oculta";"Intranet";5;0;0;"Incluída em 06/mar/2001.";NA;"FIPE12";"Intranet";"Macro"
"3680";"FIPE12_FIPE0062";NA;NA;"Ativa";"Fipe";"Preços";"IPC - instrumento musical - RMSP - var.";"IPC - instrumento musical - RMSP - var.";"Não oculta";"Intranet";5;0;0;"Incluída em 06/mar/2001.";NA;"FIPE12";"Intranet";"Macro"
"3681";"FIPE12_FIPE0065";NA;NA;"Inativa";"Fipe";"Preços";"IPC - freezer - RMSP - var.";"IPC - freezer - RMSP - var.";"Não oculta";"Intranet";5;0;0;"Incluída em 06/mar/2001.";NA;"FIPE12";"Intranet";"Macro"
"3682";"FIPE12_FIPE0067";NA;NA;"Inativa";"Fipe";"Preços";"IPC - máquina de secar roupa - RMSP - var.";"IPC - máquina de secar roupa - RMSP - var.";"Não oculta";"Intranet";5;0;0;"Incluída em 06/mar/2001.";NA;"FIPE12";"Intranet";"Macro"
"3683";"FIPE12_FIPE0071";NA;NA;"Inativa";"Fipe";"Preços";"IPC - ventilador - RMSP - var.";"IPC - ventilador - RMSP - var.";"Não oculta";"Intranet";5;0;0;"Incluída em 06/mar/2001.";NA;"FIPE12";"Intranet";"Macro"
"3684";"FIPE12_FIPE0072";NA;NA;"Inativa";"Fipe";"Preços";"IPC - aquecedor elétrico - RMSP - var.";"IPC - aquecedor elétrico - RMSP - var.";"Não oculta";"Intranet";5;0;0;"Incluída em 06/mar/2001.";NA;"FIPE12";"Intranet";"Macro"
"3685";"FIPE12_FIPE0073";NA;NA;"Ativa";"Fipe";"Preços";"IPC - chuveiro - RMSP - var.";"IPC - chuveiro - RMSP - var.";"Não oculta";"Intranet";5;0;0;"Incluída em 06/mar/2001.";NA;"FIPE12";"Intranet";"Macro"
"3686";"FIPE12_FIPE0078";NA;NA;"Inativa";"Fipe";"Preços";"IPC - depilador elétrico - RMSP - var.";"IPC - depilador elétrico - RMSP - var.";"Não oculta";"Intranet";5;0;0;"Incluída em 06/mar/2001.";NA;"FIPE12";"Intranet";"Macro"
"3687";"FIPE12_FIPE0079";NA;NA;"Inativa";"Fipe";"Preços";"IPC - barbeador elétrico - RMSP - var.";"IPC - barbeador elétrico - RMSP - var.";"Não oculta";"Intranet";5;0;0;"Incluída em 06/mar/2001.";NA;"FIPE12";"Intranet";"Macro"
"3688";"FIPE12_FIPE0080";NA;NA;"Inativa";"Fipe";"Preços";"IPC - limpadora a vapor - RMSP - var.";"IPC - limpadora a vapor - RMSP - var.";"Não oculta";"Intranet";5;0;0;"Incluída em 06/mar/2001.";NA;"FIPE12";"Intranet";"Macro"
"3689";"FIPE12_FIPE0084";NA;NA;"Ativa";"Fipe";"Preços";"IPC - grupo: habitação - equipamentos do domicílio - informática / telefonia - RMSP - var.";"IPC - grupo: habitação - equipamentos do domicílio - informática / telefonia - RMSP - var.";"Não oculta";"Intranet";5;0;0;"Incluída em 06/mar/2001.";NA;"FIPE12";"Intranet";"Macro"
"3690";"FIPE12_FIPE0085";NA;NA;"Ativa";"Fipe";"Preços";"IPC - microcomputador - RMSP - var.";"IPC - microcomputador - RMSP - var.";"Não oculta";"Intranet";5;0;0;"Incluída em 06/mar/2001.";NA;"FIPE12";"Intranet";"Macro"
"3691";"FIPE12_FIPE0086";NA;NA;"Ativa";"Fipe";"Preços";"IPC - impressora - RMSP - var.";"IPC - impressora - RMSP - var.";"Não oculta";"Intranet";5;0;0;"Incluída em 06/mar/2001.";NA;"FIPE12";"Intranet";"Macro"
"3692";"FIPE12_FIPE0087";NA;NA;"Ativa";"Fipe";"Preços";"IPC - telefone celular (aparelho) - RMSP - var.";"IPC - telefone celular (aparelho) - RMSP - var.";"Não oculta";"Intranet";5;0;0;"Incluída em 06/mar/2001.";NA;"FIPE12";"Intranet";"Macro"
"3693";"FIPE12_FIPE0088";NA;NA;"Inativa";"Fipe";"Preços";"IPC - telefone fixo (aparelho) - RMSP - var.";"IPC - telefone fixo (aparelho) - RMSP - var.";"Não oculta";"Intranet";5;0;0;"Incluída em 06/mar/2001.";NA;"FIPE12";"Intranet";"Macro"
"3694";"FIPE12_FIPE0089";NA;NA;"Inativa";"Fipe";"Preços";"IPC - pager (aparelho) - RMSP - var.";"IPC - pager (aparelho) - RMSP - var.";"Não oculta";"Intranet";5;0;0;"Incluída em 06/mar/2001.";NA;"FIPE12";"Intranet";"Macro"
"3695";"FIPE12_FIPE0095";NA;NA;"Inativa";"Fipe";"Preços";"IPC - aparelho de jantar - RMSP - var.";"IPC - aparelho de jantar - RMSP - var.";"Não oculta";"Intranet";5;0;0;"Incluída em 06/mar/2001.";NA;"FIPE12";"Intranet";"Macro"
"3696";"FIPE12_FIPE0098";NA;NA;"Ativa";"Fipe";"Preços";"IPC - garrafa térmica - RMSP - var.";"IPC - garrafa térmica - RMSP - var.";"Não oculta";"Intranet";5;0;0;"Incluída em 06/mar/2001.";NA;"FIPE12";"Intranet";"Macro"
"3697";"FIPE12_FIPE0099";NA;NA;"Inativa";"Fipe";"Preços";"IPC - balde - RMSP - var.";"IPC - balde - RMSP - var.";"Não oculta";"Intranet";5;0;0;"Incluída em 06/mar/2001.";NA;"FIPE12";"Intranet";"Macro"
"3698";"FIPE12_FIPE0100";NA;NA;"Inativa";"Fipe";"Preços";"IPC - lixeira - RMSP - var.";"IPC - lixeira - RMSP - var.";"Não oculta";"Intranet";5;0;0;"Incluída em 06/mar/2001.";NA;"FIPE12";"Intranet";"Macro"
"3699";"FIPE12_FIPE0101";NA;NA;"Inativa";"Fipe";"Preços";"IPC - churrasqueira - RMSP - var.";"IPC - churrasqueira - RMSP - var.";"Não oculta";"Intranet";5;0;0;"Incluída em 06/mar/2001.";NA;"FIPE12";"Intranet";"Macro"
"3700";"FIPE12_FIPE0102";NA;NA;"Ativa";"Fipe";"Preços";"IPC - acessórios de bebê - RMSP - var.";"IPC - acessórios de bebê - RMSP - var.";"Não oculta";"Intranet";5;0;0;"Incluída em 06/mar/2001.";NA;"FIPE12";"Intranet";"Macro"
"3701";"FIPE12_FIPE0107";NA;NA;"Ativa";"Fipe";"Preços";"IPC - toalha de rosto - RMSP - var.";"IPC - toalha de rosto - RMSP - var.";"Não oculta";"Intranet";5;0;0;"Incluída em 06/mar/2001.";NA;"FIPE12";"Intranet";"Macro"
"3702";"FIPE12_FIPE0109";NA;NA;"Ativa";"Fipe";"Preços";"IPC - grupo: habitação - serviços de comunicações - RMSP - var.";"IPC - grupo: habitação - serviços de comunicações - RMSP - var.";"Não oculta";"Intranet";5;0;0;"Incluída em 06/mar/2001.";NA;"FIPE12";"Intranet";"Macro"
"3703";"FIPE12_FIPE0111";NA;NA;"Ativa";"Fipe";"Preços";"IPC - telefone celular (conta/recarga) - RMSP - var.";"IPC - telefone celular (conta/recarga) - RMSP - var.";"Não oculta";"Intranet";5;0;0;"Incluída em 06/mar/2001.";NA;"FIPE12";"Intranet";"Macro"
"3704";"FIPE12_FIPE0112";NA;NA;"Inativa";"Fipe";"Preços";"IPC - pager (conta) - RMSP - var.";"IPC - pager (conta) - RMSP - var.";"Não oculta";"Intranet";5;0;0;"Incluída em 06/mar/2001.";NA;"FIPE12";"Intranet";"Macro"
"3705";"FIPE12_FIPE0114";NA;NA;"Ativa";"Fipe";"Preços";"IPC - TV a cabo e por satélite - RMSP - var.";"IPC - TV a cabo e por satélite - RMSP - var.";"Não oculta";"Intranet";5;0;0;"Incluída em 06/mar/2001.";NA;"FIPE12";"Intranet";"Macro"
"3706";"FIPE12_FIPE0115";NA;NA;"Ativa";"Fipe";"Preços";"IPC - provedor para Internet - RMSP - var.";"IPC - provedor para Internet - RMSP - var.";"Não oculta";"Intranet";5;0;0;"Incluída em 06/mar/2001.";NA;"FIPE12";"Intranet";"Macro"
"3707";"FIPE12_FIPE0116";NA;NA;"Ativa";"Fipe";"Preços";"IPC - cartão telefônico - RMSP - var.";"IPC - cartão telefônico - RMSP - var.";"Não oculta";"Intranet";5;0;0;"Incluída em 06/mar/2001.";NA;"FIPE12";"Intranet";"Macro"
"3708";"FIPE12_FIPE0123";NA;NA;"Ativa";"Fipe";"Preços";"IPC - leite aromatizado - RMSP - var.";"IPC - leite aromatizado - RMSP - var.";"Não oculta";"Intranet";5;0;0;"Incluída em 06/mar/2001.";NA;"FIPE12";"Intranet";"Macro"
"3709";"FIPE12_FIPE0129";NA;NA;"Inativa";"Fipe";"Preços";"IPC - queijo provolone - RMSP - var.";"IPC - queijo provolone - RMSP - var.";"Não oculta";"Intranet";5;0;0;"Incluída em 06/mar/2001.";NA;"FIPE12";"Intranet";"Macro"
"3710";"FIPE12_FIPE0134";NA;NA;"Ativa";"Fipe";"Preços";"IPC - petit suisse - RMSP - var.";"IPC - petit suisse - RMSP - var.";"Não oculta";"Intranet";5;0;0;"Incluída em 06/mar/2001.";NA;"FIPE12";"Intranet";"Macro"
"3711";"FIPE12_FIPE0139";NA;NA;"Inativa";"Fipe";"Preços";"IPC - apresuntado - RMSP - var.";"IPC - apresuntado - RMSP - var.";"Não oculta";"Intranet";5;0;0;"Incluída em 06/mar/2001.";NA;"FIPE12";"Intranet";"Macro"
"3712";"FIPE12_FIPE0143";NA;NA;"Ativa";"Fipe";"Preços";"IPC - peito de peru - RMSP - var.";"IPC - peito de peru - RMSP - var.";"Não oculta";"Intranet";5;0;0;"Incluída em 06/mar/2001.";NA;"FIPE12";"Intranet";"Macro"
"3713";"FIPE12_FIPE0145";NA;NA;"Ativa";"Fipe";"Preços";"IPC - empanado de frango - RMSP - var.";"IPC - empanado de frango - RMSP - var.";"Não oculta";"Intranet";5;0;0;"Incluída em 06/mar/2001.";NA;"FIPE12";"Intranet";"Macro"
"3714";"FIPE12_FIPE0147";NA;NA;"Ativa";"Fipe";"Preços";"IPC - pertences de feijoada - RMSP - var.";"IPC - pertences de feijoada - RMSP - var.";"Não oculta";"Intranet";5;0;0;"Incluída em 06/mar/2001.";NA;"FIPE12";"Intranet";"Macro"
"3715";"FIPE12_FIPE0151";NA;NA;"Inativa";"Fipe";"Preços";"IPC - baguete - RMSP - var.";"IPC - baguete - RMSP - var.";"Não oculta";"Intranet";5;0;0;"Incluída em 06/mar/2001.";NA;"FIPE12";"Intranet";"Macro"
"3716";"FIPE12_FIPE0153";NA;NA;"Ativa";"Fipe";"Preços";"IPC - pão sovado - RMSP - var.";"IPC - pão sovado - RMSP - var.";"Não oculta";"Intranet";5;0;0;"Incluída em 06/mar/2001.";NA;"FIPE12";"Intranet";"Macro"
"3717";"FIPE12_FIPE0154";NA;NA;"Ativa";"Fipe";"Preços";"IPC - pãozinho empacotado - RMSP - var.";"IPC - pãozinho empacotado - RMSP - var.";"Não oculta";"Intranet";5;0;0;"Incluída em 06/mar/2001.";NA;"FIPE12";"Intranet";"Macro"
"3718";"FIPE12_FIPE0155";NA;NA;"Ativa";"Fipe";"Preços";"IPC - pão de queijo - RMSP - var.";"IPC - pão de queijo - RMSP - var.";"Não oculta";"Intranet";5;0;0;"Incluída em 06/mar/2001.";NA;"FIPE12";"Intranet";"Macro"
"3719";"FIPE12_FIPE0156";NA;NA;"Ativa";"Fipe";"Preços";"IPC - torrada - RMSP - var.";"IPC - torrada - RMSP - var.";"Não oculta";"Intranet";5;0;0;"Incluída em 06/mar/2001.";NA;"FIPE12";"Intranet";"Macro"
"3720";"FIPE12_FIPE0157";NA;NA;"Ativa";"Fipe";"Preços";"IPC - outros pães - RMSP - var.";"IPC - outros pães - RMSP - var.";"Não oculta";"Intranet";5;0;0;"Incluída em 06/mar/2001.";NA;"FIPE12";"Intranet";"Macro"
"3721";"FIPE12_FIPE0161";NA;NA;"Ativa";"Fipe";"Preços";"IPC - bombom - RMSP - var.";"IPC - bombom - RMSP - var.";"Não oculta";"Intranet";5;0;0;"Incluída em 06/mar/2001.";NA;"FIPE12";"Intranet";"Macro"
"3722";"FIPE12_FIPE0166";NA;NA;"Ativa";"Fipe";"Preços";"IPC - goma de mascar - RMSP - var.";"IPC - goma de mascar - RMSP - var.";"Não oculta";"Intranet";5;0;0;"Incluída em 06/mar/2001.";NA;"FIPE12";"Intranet";"Macro"
"3723";"FIPE12_FIPE0170";NA;NA;"Inativa";"Fipe";"Preços";"IPC - coco ralado - RMSP - var.";"IPC - coco ralado - RMSP - var.";"Não oculta";"Intranet";5;0;0;"Incluída em 06/mar/2001.";NA;"FIPE12";"Intranet";"Macro"
"3724";"FIPE12_FIPE0171";NA;NA;"Inativa";"Fipe";"Preços";"IPC - leite de coco - RMSP - var.";"IPC - leite de coco - RMSP - var.";"Não oculta";"Intranet";5;0;0;"Incluída em 06/mar/2001.";NA;"FIPE12";"Intranet";"Macro"
"3725";"FIPE12_FIPE0172";NA;NA;"Ativa";"Fipe";"Preços";"IPC - grupo: alimentação - industrializados - cafés, achocolatado em pó e chás - RMSP - var.";"IPC - grupo: alimentação - industrializados - cafés, achocolatado em pó e chás - RMSP - var.";"Não oculta";"Intranet";5;0;0;"Incluída em 06/mar/2001.";NA;"FIPE12";"Intranet";"Macro"
"3726";"FIPE12_FIPE0175";NA;NA;"Ativa";"Fipe";"Preços";"IPC - achocolatado em pó - RMSP - var.";"IPC - achocolatado em pó - RMSP - var.";"Não oculta";"Intranet";5;0;0;"Incluída em 06/mar/2001.";NA;"FIPE12";"Intranet";"Macro"
"3727";"FIPE12_FIPE0177";NA;NA;"Inativa";"Fipe";"Preços";"IPC - chá de erva-doce - RMSP - var.";"IPC - chá de erva-doce - RMSP - var.";"Não oculta";"Intranet";5;0;0;"Incluída em 06/mar/2001.";NA;"FIPE12";"Intranet";"Macro"
"3728";"FIPE12_FIPE0178";NA;NA;"Inativa";"Fipe";"Preços";"IPC - chá de camomila - RMSP - var.";"IPC - chá de camomila - RMSP - var.";"Não oculta";"Intranet";5;0;0;"Incluída em 06/mar/2001.";NA;"FIPE12";"Intranet";"Macro"
"3729";"FIPE12_FIPE0185";NA;NA;"Ativa";"Fipe";"Preços";"IPC - biscoito rosquinha - RMSP - var.";"IPC - biscoito rosquinha - RMSP - var.";"Não oculta";"Intranet";5;0;0;"Incluída em 06/mar/2001.";NA;"FIPE12";"Intranet";"Macro"
"3730";"FIPE12_FIPE0198";NA;NA;"Ativa";"Fipe";"Preços";"IPC - complemento nutricional - RMSP - var.";"IPC - complemento nutricional - RMSP - var.";"Não oculta";"Intranet";5;0;0;"Incluída em 06/mar/2001.";NA;"FIPE12";"Intranet";"Macro"
"3731";"ANFAVE_QVEICL2";8;932;"Ativa";"Anfavea";"Produção";"Produção - veículos comerciais leves - montados - qde.";"Produção - veículos comerciais leves - montados - qde.";"Não oculta";"Intranet";360;0;0;"Incluída em 13/mar/2001.";NA;"ANFAVE";"Intranet";"Macro"
"3732";"ANFAVE_QCAMIN";11;772;"Ativa";"Anfavea";"Produção";"Produção - caminhões - montados - qde.";"Produção - caminhões - montados - qde.";"Não oculta";"Intranet";360;0;0;"Incluída em 13/mar/2001.";NA;"ANFAVE";"Intranet";"Macro"
"3733";"ANFAVE_QONIBU";5;1138;"Ativa";"Anfavea";"Produção";"Produção - ônibus - montados - qde.";"Produção - ônibus - montados - qde.";"Não oculta";"Intranet";360;0;0;"Incluída em 13/mar/2001.";NA;"ANFAVE";"Intranet";"Macro"
"3734";"ANFAVE_QTOT";15;639;"Ativa";"Anfavea";"Produção";"Produção - autoveículos - montados - qde.";"Produção - autoveículos - montados - qde.";"Não oculta";"Intranet";360;0;0;"Incluída em 13/mar/2001.";NA;"ANFAVE";"Intranet";"Macro"
"3735";"ANFAVE_XVEICL";6;1048;"Ativa";"Anfavea";"Comércio exterior";"Exportações - veículos comerciais leves - montados - qde.";"Exportações - veículos comerciais leves - montados - qde.";"Não oculta";"Intranet";360;0;0;"Incluída em 13/mar/2001.";NA;"ANFAVE";"Intranet";"Macro"
"3736";"ANFAVE_XCAMIN";17;594;"Ativa";"Anfavea";"Comércio exterior";"Exportações - caminhões  - montados - qde.";"Exportações - caminhões  - montados - qde.";"Não oculta";"Intranet";360;0;0;"Incluída em 13/mar/2001.";NA;"ANFAVE";"Intranet";"Macro"
"3737";"ANFAVE_XONIBU";10;818;"Ativa";"Anfavea";"Comércio exterior";"Exportações - ônibus - montados - qde.";"Exportações - ônibus - montados - qde.";"Não oculta";"Intranet";360;0;0;"Incluída em 13/mar/2001.";NA;"ANFAVE";"Intranet";"Macro"
"3738";"ANFAVE_XTOT";9;871;"Ativa";"Anfavea";"Comércio exterior";"Exportações - autoveículos - montados - qde.";"Exportações - autoveículos - montados - qde.";"Não oculta";"Intranet";360;0;0;"Incluída em 13/mar/2001.";NA;"ANFAVE";"Intranet";"Macro"
"3739";"ANFAVE_VVEICL";6;1048;"Ativa";"Anfavea";"Consumo e vendas";"Vendas - veículos comerciais leves - nacionais - montados - qde.";"Vendas - veículos comerciais leves - nacionais - montados - qde.";"Não oculta";"Intranet";360;0;0;"Incluída em 13/mar/2001.";NA;"ANFAVE";"Intranet";"Macro"
"3740";"ANFAVE_VCAMIN";22;488;"Ativa";"Anfavea";"Consumo e vendas";"Vendas - caminhões - nacionais - montados - qde.";"Vendas - caminhões - nacionais - montados - qde.";"Não oculta";"Intranet";360;0;0;"Incluída em 13/mar/2001.";NA;"ANFAVE";"Intranet";"Macro"
"3741";"ANFAVE_VONIBU";10;818;"Ativa";"Anfavea";"Consumo e vendas";"Vendas - ônibus - nacionais - montados - qde.";"Vendas - ônibus - nacionais - montados - qde.";"Não oculta";"Intranet";360;0;0;"Incluída em 13/mar/2001.";NA;"ANFAVE";"Intranet";"Macro"
"3742";"ANFAVE_VTOT";20;518;"Ativa";"Anfavea";"Consumo e vendas";"Vendas - autoveículos - nacionais - montados - qde.";"Vendas - autoveículos - nacionais - montados - qde.";"Não oculta";"Intranet";360;0;0;"Incluída em 13/mar/2001.";NA;"ANFAVE";"Intranet";"Macro"
"3743";"PME12_QPOC12";74;165;"Inativa";"IBGE/PME antiga";"Emprego";"População ocupada - RMs";"População ocupada nas RMs";"Não oculta";"Internet";0;0;0;"Incluída em 16/mar/2001. Revisada em 31/jul/2001.";"Geradora";"PME12";"Internet";"Macro"
"3744";"SCN4_FBKFPIBBM4";60;32;"Inativa";"IBGE/SCN 2000 Trim.";"Contas nacionais";"Taxa de investimento - preços do ano anterior - ref. 2000";"Taxa de investimento a preços do ano anterior - referência 2000";"Não oculta";"Intranet";90;1;0;"Incluída em 03 / maio / 2007.";"Gerada";"SCN4";"Intranet";"Macro"
"3745";"SCNOLD_FBKFOR";NA;NA;"Inativa";"IBGE/SCN Consolidado";"Contas nacionais";"Capital fixo - formação bruta - outros";"Formação bruta de capital fixo - outros a preços constantes de 1980";"Oculta";"Internet";90;0;0;"Incluída em 30/mar/2001.";NA;"SCNOLD";"Oculta";"Macro"
"3746";"ANDIMA12_DU12";22;542;"Inativa";"Anbima";"Moeda e crédito";"Número de dias úteis";"Número de dias úteis";"Oculta";"Internet";5;0;0;"Incluída em 12/abr/2001.";NA;"ANDIMA12";"Oculta";"Macro"
"3747";"PIMPF12_QIMAD12";2;1480;"Inativa";"IBGE/PIM-PF antiga";"Produção";"Produção industrial - madeira - quantum - índice (média 1991 = 100)";"Produção industrial de madeira: índice de quantum (média 1991 = 100)";"Oculta";"Internet";0;0;0;"Incluída em 28/mai/2001.";NA;"PIMPF12";"Oculta";"Macro"
"3748";"PIMPF12_QIMOB12";NA;NA;"Inativa";"IBGE/PIM-PF antiga";"Produção";"Produção industrial - mobiliário - quantum - índice (média 1991 = 100)";"Produção industrial de mobiliário: índice de quantum (média 1991 = 100)";"Oculta";"Internet";0;0;0;"Incluída em 28/mai/2001.";NA;"PIMPF12";"Oculta";"Macro"
"3749";"PIMPF12_QICP12";NA;NA;"Inativa";"IBGE/PIM-PF antiga";"Produção";"Produção industrial - couros e peles - quantum - índice (média 1991 = 100)";"Produção industrial de couros e peles: índice de quantum (média 1991 = 100)";"Não oculta";"Internet";0;0;0;"Incluída em 28/mai/2001.";NA;"PIMPF12";"Internet";"Macro"
"3750";"DIEESE12_GRV";11;856;"Inativa";"Dieese1";"Emprego";"Número de grevistas";"Número de grevistas";"Não oculta";"Internet";0;0;0;"Incluída em 29/mai/2001.";NA;"DIEESE12";"Internet";"Macro"
"3751";"DIEESE12_GRVHP";7;1050;"Inativa";"Dieese1";"Emprego";"Trabalhadores / hora parados - não ajustados";"Trabalhadores / hora parados - não ajustados";"Não oculta";"Internet";0;0;0;"Incluída em 29/mai/2001.";NA;"DIEESE12";"Internet";"Macro"
"3752";"DIEESE12_GRVHPAJ";5;1176;"Inativa";"Dieese1";"Emprego";"Trabalhadores / hora parados - ajustados";"Trabalhadores / hora parados - ajustados";"Não oculta";"Internet";0;0;0;"Incluída em 29/mai/2001.";NA;"DIEESE12";"Internet";"Macro"
"3753";"DIEESE12_GRVC";12;812;"Inativa";"Dieese1";"Emprego";"Número de greves - contadas";"Número de greves contadas";"Não oculta";"Internet";0;0;0;"Incluída em 29/mai/2001.";NA;"DIEESE12";"Internet";"Macro"
"3754";"DIEESE12_GRVNC";6;1117;"Inativa";"Dieese1";"Emprego";"Número de greves - não contadas";"Número de greves não contadas";"Não oculta";"Internet";0;0;0;"Incluída em 29/mai/2001.";NA;"DIEESE12";"Internet";"Macro"
"3755";"DIEESE12_GRVT";39;338;"Inativa";"Dieese1";"Emprego";"Número de greves";"Número de greves";"Não oculta";"Internet";0;0;0;"Incluída em 29/mai/2001.";NA;"DIEESE12";"Internet";"Macro"
"3756";"GAC_PIBCAP";431;12;"Inativa";"IPEA";"Contas nacionais";"PIB per capita (preços 2013) - ref. 2000";"PIB per capita (preços 2013) - referência 2000";"Não oculta";"Internet";360;1;1;"Incluída em 31/mai/2001.";"Gerada/Geradora";"GAC";"Internet";"Macro"
"3757";"SCN4_PIBPMAS4";153;10;"Inativa";"IBGE/SCN 2000 Trim.";"Contas nacionais";"PIB - preços de mercado - índice encadeado - dessaz. (média 1995 = 100) - ref. 2000";"Produto interno bruto (PIB) a preços de mercado: índice encadeado dessazonalizado (média 1995 = 100) - referência 2000";"Não oculta";"Intranet";90;0;0;"Incluída em 03 / maio / 2007.";"Gerada";"SCN4";"Intranet";"Macro"
"3758";"SCN4_PIBAGPAS4";55;38;"Inativa";"IBGE/SCN 2000 Trim.";"Contas nacionais";"PIB - agropecuária - índice encadeado - dessaz. (média 1995 = 100) - ref. 2000";"Produto interno bruto (PIB) - agropecuária: índice encadeado dessazonalizado (média 1995 = 100) - referência 2000";"Não oculta";"Intranet";90;0;0;"Incluída em 03 / maio / 2007.";"Gerada";"SCN4";"Intranet";"Macro"
"3759";"SCN4_PIBINDAS4";25;88;"Inativa";"IBGE/SCN 2000 Trim.";"Contas nacionais";"PIB - indústria - índice encadeado - dessaz. (média 1995 = 100) - ref. 2000";"Produto interno bruto (PIB) - indústria: índice encadeado dessazonalizado (média 1995 = 100) - referência 2000";"Não oculta";"Intranet";90;0;0;"Incluída em 03 / maio / 2007.";"Gerada";"SCN4";"Intranet";"Macro"
"3760";"SCN4_PIBSERAS4";12;166;"Inativa";"IBGE/SCN 2000 Trim.";"Contas nacionais";"PIB - serviços - índice encadeado - dessaz. (média 1995 = 100) - ref. 2000";"Produto interno bruto (PIB) - serviços: índice encadeado dessazonalizado (média 1995 = 100) - referência 2000";"Não oculta";"Intranet";90;0;0;"Incluída em 03 / maio / 2007.";"Gerada";"SCN4";"Intranet";"Macro"
"3761";"PMC12_IVVR12";90;129;"Ativa";"IBGE/PMC";"Consumo e vendas";"Vendas reais - varejo - índice (média 2014 = 100)";"Vendas reais no varejo - índice (média 2014 = 100)";"Não oculta";"Internet";40;0;0;"Incluída em 31/mai/2001.";NA;"PMC12";"Internet";"Macro"
"3762";"PMC12_IVVN12";103;105;"Ativa";"IBGE/PMC";"Consumo e vendas";"Vendas nominais - varejo - índice (média 2014 = 100)";"Vendas nominais no varejo - índice (média 2014 = 100)";"Não oculta";"Internet";40;0;0;"Incluída em 31/mai/2001.";NA;"PMC12";"Internet";"Macro"
"3763";"STN12_CIRAP12";27;457;"Inativa";"Min. Fazenda/STN";"Finanças públicas";"Execução financeira - despesas - liberações ordinárias - custeio e investimento";"Execução financeira do Tesouro Nacional - despesas - liberações ordinárias - custeio e investimento";"Não oculta";"Internet";30;0;0;"Incluída em 06/jun/2001.";NA;"STN12";"Internet";"Macro"
"3764";"IGP_IPABCD";6;1048;"Inativa";"FGV/Conj. Econ. - IGP antigo";"Preços";"IPA-DI - bens de consumo duráveis - índice (ago. 1994 = 100)";"IPA-DI - bens de consumo duráveis - índice (ago. 1994 = 100)";"Não oculta";"Internet";30;0;0;"Incluída em 19/jun/2001.";"Gerada";"IGP";"Internet";"Macro"
"3765";"IGP_IPABCN";NA;NA;"Inativa";"FGV/Conj. Econ. - IGP antigo";"Preços";"IPA-DI - bens de consumo não duráveis - índice (ago. 1994 = 100)";"IPA-DI - bens de consumo não duráveis - índice (ago. 1994 = 100)";"Não oculta";"Internet";30;0;0;"Incluída em 19/jun/2001.";"Gerada";"IGP";"Internet";"Macro"
"3766";"IGP_IPABP";2;1445;"Inativa";"FGV/Conj. Econ. - IGP antigo";"Preços";"IPA-DI - grupo II: bens de produção - índice (ago. 1994 = 100)";"IPA-DI - grupo II: bens de produção - índice (ago. 1994 = 100)";"Não oculta";"Internet";30;0;0;"Incluída em 19/jun/2001.";"Gerada";"IGP";"Internet";"Macro"
"3767";"IGP_IPABPO";NA;NA;"Inativa";"FGV/Conj. Econ. - IGP antigo";"Preços";"IPA-DI - bens de produção - outros - índice (ago. 1994 = 100)";"IPA-DI - bens de produção - outros - índice (ago. 1994 = 100)";"Não oculta";"Internet";30;0;0;"Incluída em 19/jun/2001.";"Gerada";"IGP";"Internet";"Macro"
"3768";"IGP_IPAMC";24;457;"Inativa";"FGV/Conj. Econ. - IGP antigo";"Preços";"IPA-DI - materiais de construção - índice (ago. 1994 = 100)";"IPA-DI - materiais de construção - índice (ago. 1994 = 100)";"Não oculta";"Internet";30;0;0;"Incluída em 19/jun/2001.";"Gerada";"IGP";"Internet";"Macro"
"3769";"IGP12_IPABCDO12";4;1262;"Inativa";"FGV/Conj. Econ. - IGP antigo";"Preços";"IPA-DI - bens de consumo duráveis - outros - índice (ago. 1994 = 100)";"IPA-DI - bens de consumo duráveis - outros - índice (ago. 1994 = 100)";"Não oculta";"Internet";5;0;0;"Incluída em 19/jun/2001. Revisado em 17/mai/2002.";NA;"IGP12";"Internet";"Macro"
"3770";"IGP12_IPABCNO12";3;1356;"Inativa";"FGV/Conj. Econ. - IGP antigo";"Preços";"IPA-DI - bens de consumo não duráveis - outros - índice (ago. 1994 = 100)";"IPA-DI - bens de consumo não duráveis - outros - índice (ago. 1994 = 100)";"Não oculta";"Internet";5;0;0;"Incluída em 19/jun/2001. Revisado em 17/mai/2002.";NA;"IGP12";"Internet";"Macro"
"3771";"IGP12_IPABPO12";22;542;"Inativa";"FGV/Conj. Econ. - IGP antigo";"Preços";"IPA-DI - bens de produção - outros - índice (ago. 1994 = 100)";"IPA-DI - bens de produção - outros - índice (ago. 1994 = 100)";"Não oculta";"Internet";5;0;0;"Incluída em 19/jun/2001. Revisado em 17/mai/2002.";"Geradora";"IGP12";"Internet";"Macro"
"3772";"IGP12_IPACPV12";19;621;"Inativa";"FGV/Conj. Econ. - IGP antigo";"Preços";"IPA-DI - componentes para veículos - índice (ago. 1994 = 100)";"IPA-DI - componentes para veículos - índice (ago. 1994 = 100)";"Não oculta";"Internet";5;0;0;"Incluída em 19/jun/2001. Revisado em 17/mai/2002.";NA;"IGP12";"Internet";"Macro"
"3773";"IGP12_IPAMPB12";8;996;"Inativa";"FGV/Conj. Econ. - IGP antigo";"Preços";"IPA-DI - matérias-primas brutas - índice (ago. 1994 = 100)";"IPA-DI - matérias-primas brutas - índice (ago. 1994 = 100)";"Não oculta";"Internet";5;0;0;"Incluída em 19/jun/2001. Revisado em 17/mai/2002.";NA;"IGP12";"Internet";"Macro"
"3774";"IGP12_IPAMPS12";7;1050;"Inativa";"FGV/Conj. Econ. - IGP antigo";"Preços";"IPA-DI - matérias-primas semi-elaboradas - índice (ago. 1994 = 100)";"IPA-DI - matérias-primas semi-elaboradas - índice (ago. 1994 = 100)";"Não oculta";"Internet";5;0;0;"Incluída em 19/jun/2001. Revisado em 17/mai/2002.";NA;"IGP12";"Internet";"Macro"
"3775";"IGP12_IPAMQE12";73;169;"Inativa";"FGV/Conj. Econ. - IGP antigo";"Preços";"IPA-DI - máquinas e equipamentos - índice (ago. 1994 = 100)";"IPA-DI - máquinas e equipamentos - índice (ago. 1994 = 100)";"Não oculta";"Internet";5;0;0;"Incluída em 19/jun/2001. Revisado em 17/mai/2002.";NA;"IGP12";"Internet";"Macro"
"3776";"IGP12_IPAVPT12";16;690;"Inativa";"FGV/Conj. Econ. - IGP antigo";"Preços";"IPA-DI - veículos pesados para transporte - índice (ago. 1994 = 100)";"IPA-DI - veículos pesados para transporte - índice (ago. 1994 = 100)";"Não oculta";"Internet";5;0;0;"Incluída em 19/jun/2001. Revisado em 17/mai/2002.";NA;"IGP12";"Internet";"Macro"
"3777";"ECONMI12_EUROBC12";NA;NA;"Inativa";"Economist";"Economia internacional";"balança comercial - saldo (mês)";"balança comercial - saldo (mês)";"Oculta";"Internet";15;0;0;"Incluída em 22/jun/2001.";NA;"ECONMI12";"Oculta";"Macro"
"3778";"ECONMI12_EUROBCY12";8;996;"Inativa";"Economist";"Economia internacional";"balança comercial - saldo (acum. 12 meses)";"balança comercial - saldo (acum. 12 meses)";"Não oculta";"Internet";60;0;0;"Incluída em 22/jun/2001.";NA;"ECONMI12";"Internet";"Macro"
"3779";"ECONMI12_EUROCCY12";1;1628;"Ativa";"Economist";"Economia internacional";"balanço - conta corrente - saldo (acum. 12 meses)";"balanço - conta corrente - saldo (acum. 12 meses)";"Não oculta";"Internet";60;0;0;"Incluída em 22/jun/2001.";NA;"ECONMI12";"Internet";"Macro"
"3780";"ECONMI12_EUROPCG12";3;1356;"Ativa";"Economist";"Economia internacional";"preços ao consumidor - var. em 12 meses";"Preços ao consumidor - var. em 12 meses";"Não oculta";"Internet";60;0;0;"Incluída em 22/jun/2001.";NA;"ECONMI12";"Internet";"Macro"
"3781";"ECONMI12_EUROPCG312";NA;NA;"Inativa";"Economist";"Economia internacional";"preços ao consumidor - var. trimestral anualiz.";"preços ao consumidor - var. trimestral anualiz.";"Oculta";"Internet";15;0;0;"Incluída em 22/jun/2001.";NA;"ECONMI12";"Oculta";"Macro"
"3782";"ECONMI12_EUROPIG12";9;946;"Ativa";"Economist";"Economia internacional";"produção industrial - var. em 12 meses";"Produção industrial - var. em 12 meses";"Não oculta";"Internet";60;0;0;"Incluída em 22/jun/2001.";NA;"ECONMI12";"Internet";"Macro"
"3783";"ECONMI12_EUROPIG312";NA;NA;"Inativa";"Economist";"Economia internacional";"produção industrial - var. trimestral anualiz.";"produção industrial - var. trimestral anualiz.";"Oculta";"Internet";15;0;0;"Incluída em 22/jun/2001.";NA;"ECONMI12";"Oculta";"Macro"
"3784";"ECONMI12_EUROPPG12";1;1628;"Inativa";"Economist";"Economia internacional";"preços ao produtor - var. em 12 meses";"Preços ao produtor - var. em 12 meses";"Não oculta";"Internet";60;0;0;"Incluída em 22/jun/2001.";NA;"ECONMI12";"Internet";"Macro"
"3785";"ECONMI12_EUROPPG312";NA;NA;"Inativa";"Economist";"Economia internacional";"preços ao produtor - var. trimestral anualiz.";"preços ao produtor - var. trimestral anualiz.";"Oculta";"Internet";15;0;0;"Incluída em 22/jun/2001.";NA;"ECONMI12";"Oculta";"Macro"
"3786";"ECONMI4_EUROWG34";NA;NA;"Inativa";"Economist";"Economia internacional";"salário - var. trimestral anualiz.";"salário - var. trimestral anualiz.";"Oculta";"Internet";30;0;0;"Incluída em 22/jun/2001.";NA;"ECONMI4";"Oculta";"Macro"
"3787";"ECONMI4_EUROWG4";NA;NA;"Inativa";"Economist";"Economia internacional";"salário - var. contra igual trimestre do ano anterior";"Salário - var. contra igual trimestre do ano anterior";"Oculta";"Internet";90;0;0;"Incluída em 22/jun/2001.";NA;"ECONMI4";"Oculta";"Macro"
"3788";"ECONMI4_EUROPIBG34";12;166;"Ativa";"Economist";"Economia internacional";"PIB - var. real trimestral anualiz.";"Produto interno bruto (PIB): variação real trimestral anualizada";"Não oculta";"Internet";90;0;0;"Incluída em 22/jun/2001.";NA;"ECONMI4";"Internet";"Macro"
"3789";"ECONMI4_EUROPIBG4";17;127;"Ativa";"Economist";"Economia internacional";"PIB - var. real contra igual trimestre do ano anterior";"Produto interno bruto (PIB): variação real contra igual trimestre do ano anterior";"Não oculta";"Internet";90;0;0;"Incluída em 22/jun/2001.";NA;"ECONMI4";"Internet";"Macro"
"3790";"ANP_DIESEL";NA;NA;"Ativa";"ANP";"Consumo e vendas";"Vendas - óleo diesel - qde.";"Vendas de óleo diesel: quantidade.";"Não oculta";"Internet";360;0;0;"Incluída em 25/jun/2001.";NA;"ANP";"Internet";"Macro"
"3791";"ANP_GLP";7;991;"Ativa";"ANP";"Consumo e vendas";"Vendas - gás GLP - qde.";"Vendas de gás GLP: quantidade.";"Não oculta";"Internet";360;0;0;"Incluída em 25/jun/2001.";NA;"ANP";"Internet";"Macro"
"3792";"ANP_OLEOCOMB";NA;NA;"Ativa";"ANP";"Consumo e vendas";"Vendas - óleo combustível - qde.";"Vendas de óleo combustível: quantidade.";"Não oculta";"Internet";360;0;0;"Incluída em 25/jun/2001.";NA;"ANP";"Internet";"Macro"
"3793";"ELETRO12_CEECOM12";36;363;"Ativa";"Eletrobras";"Consumo e vendas";"Consumo - energia elétrica - comércio - qde.";"Consumo de energia elétrica no setor comércio: quantidade";"Não oculta";"Internet";60;0;0;"Incluída em 25/jun/2001.";NA;"ELETRO12";"Internet";"Macro"
"3794";"ELETRO12_CEEIND12";33;388;"Ativa";"Eletrobras";"Consumo e vendas";"Consumo - energia elétrica - indústria - qde.";"Consumo de energia elétrica no setor indústria: quantidade";"Não oculta";"Internet";60;0;0;"Incluída em 25/jun/2001.";NA;"ELETRO12";"Internet";"Macro"
"3795";"ELETRO12_CEERES12";100;111;"Ativa";"Eletrobras";"Consumo e vendas";"Consumo - energia elétrica - residência - qde.";"Consumo de energia elétrica no setor residência: quantidade";"Não oculta";"Internet";60;0;0;"Incluída em 25/jun/2001.";NA;"ELETRO12";"Internet";"Macro"
"3796";"ELETRO12_CEET12";87;136;"Ativa";"Eletrobras";"Consumo e vendas";"Consumo - energia elétrica - qde.";"Consumo de energia elétrica: quantidade";"Não oculta";"Internet";60;0;0;"Incluída em 25/jun/2001.";NA;"ELETRO12";"Internet";"Macro"
"3797";"ELETRO12_CEETCOM12";10;894;"Ativa";"Eletrobras";"Consumo e vendas";"Consumo - energia elétrica - comércio - tarifa média por MWh";"Consumo de energia elétrica no setor comércio: tarifa média por MWh";"Não oculta";"Internet";90;0;0;"Incluída em 25/jun/2001.";"Geradora";"ELETRO12";"Internet";"Macro"
"3798";"ELETRO12_CEETIND12";16;690;"Ativa";"Eletrobras";"Consumo e vendas";"Consumo - energia elétrica - indústria - tarifa média por MWh";"Consumo de energia elétrica no setor indústria: tarifa média por MWh";"Não oculta";"Internet";90;0;0;"Incluída em 25/jun/2001.";"Geradora";"ELETRO12";"Internet";"Macro"
"3799";"ELETRO12_CEETRES12";20;593;"Ativa";"Eletrobras";"Consumo e vendas";"Consumo - energia elétrica - residência - tarifa média por MWh";"Consumo de energia elétrica no setor residência: tarifa média por MWh";"Não oculta";"Internet";90;0;0;"Incluída em 25/jun/2001.";"Geradora";"ELETRO12";"Internet";"Macro"
"3800";"ELETRO12_CEETT12";34;381;"Ativa";"Eletrobras";"Consumo e vendas";"Consumo - energia elétrica - tarifa média por MWh";"Consumo de energia elétrica: tarifa média por MWh";"Não oculta";"Internet";90;0;0;"Incluída em 25/jun/2001.";NA;"ELETRO12";"Internet";"Macro"
"3801";"ANP12_OLEOCOMB12";NA;NA;"Inativa";"ANP";"Consumo e vendas";"Consumo aparente - óleo combustível - média - qde.";"Consumo aparente de óleo combustível: quantidade média";"Oculta";"Internet";60;0;0;"Incluída em 25/jun/2001.";NA;"ANP12";"Oculta";"Macro"
"3802";"DIEESE12_CBSP12";143;75;"Ativa";"Dieese1";"Preços";"Cesta básica - município de São Paulo";"Cesta básica no município de São Paulo";"Não oculta";"Internet";10;0;0;"Incluída em 27/jun/2001.";NA;"DIEESE12";"Internet";"Macro"
"3803";"PAN_DEXT";84;128;"Ativa";"Bacen/Boletim/BP";"Sinopse macroeconômica";"Dívida externa bruta";"Dívida externa bruta";"Não oculta";"Internet";60;0;0;"Incluída em 02/jul/2001.";"Gerada";"PAN";"Internet";"Macro"
"3804";"PAN_DTSPY";NA;NA;"Ativa";"Bacen/Not. Imp./F. Púb.";"Sinopse macroeconômica";"Dívida pública total";"Dívida pública total";"Não oculta";"Internet";30;0;0;"Incluída em 02/jul/2001.";"Gerada";"PAN";"Internet";"Macro"
"3805";"PAN_ERV";1;1606;"Ativa";"Bacen/Boletim/BP";"Sinopse macroeconômica";"Taxa de câmbio nominal";"Taxa de câmbio nominal";"Não oculta";"Internet";5;0;0;"Incluída em 02/jul/2001.";"Gerada";"PAN";"Internet";"Macro"
"3806";"PAN_IGPDIG";NA;NA;"Ativa";"FGV/Conj. Econ. - IGP";"Sinopse macroeconômica";"Índice Geral de Preços (IGP-DI)";"Índice Geral de Preços (IGP-DI)";"Não oculta";"Internet";40;0;0;"Incluída em 02/jul/2001.";"Gerada";"PAN";"Internet";"Macro"
"3807";"PAN_IPCAG";NA;NA;"Ativa";"IBGE/SNIPC";"Sinopse macroeconômica";"Índice de Preços ao Consumidor Ampliado (IPCA)";"Índice de Preços ao Consumidor Ampliado (IPCA)";"Não oculta";"Internet";40;0;0;"Incluída em 02/jul/2001.";"Gerada";"PAN";"Internet";"Macro"
"3808";"PAN_NFSPNY";NA;NA;"Inativa";"Bacen/Not. Imp./F. Púb.";"Sinopse macroeconômica";"Nec. financiamento - conceito nominal";"Necessidades de financiamento - conceito nominal";"Oculta";"Intranet";30;0;0;"Incluída em 02/jul/2001.";"Gerada";"PAN";"Oculta";"Macro"
"3809";"PAN_NFSPPY";NA;NA;"Inativa";"Bacen/Not. Imp./F. Púb.";"Sinopse macroeconômica";"Nec. financiamento - conceito primário";"Necessidades de financiamento - conceito primário";"Oculta";"Intranet";30;0;0;"Incluída em 02/jul/2001.";"Gerada";"PAN";"Oculta";"Macro"
"3810";"PAN_PIBCAP";219;44;"Inativa";"IPEA";"Sinopse macroeconômica";"PIB per capita";"Produto interno bruto (PIB) per capita";"Não oculta";"Internet";360;0;0;"Incluída em 02/jul/2001.";"Gerada";"PAN";"Internet";"Macro"
"3811";"PAN_PIBPMG";2;1445;"Ativa";"IBGE/SCN 2010 Anual";"Sinopse macroeconômica";"PIB real";"Produto interno bruto (PIB) real";"Não oculta";"Internet";30;0;0;"Incluída em 02/jul/2001.";"Gerada";"PAN";"Internet";"Macro"
"3812";"PAN_POC";2;1445;"Inativa";"IBGE/PME";"Sinopse macroeconômica";"População ocupada";"População ocupada";"Não oculta";"Internet";25;0;0;"Incluída em 02/jul/2001.";"Gerada";"PAN";"Internet";"Macro"
"3813";"PAN_QIIGG";NA;NA;"Ativa";"IBGE/PIM-PF";"Sinopse macroeconômica";"Produção industrial";"Produção industrial";"Não oculta";"Internet";40;0;0;"Incluída em 02/jul/2001.";"Gerada";"PAN";"Internet";"Macro"
"3814";"PAN_RMR";NA;NA;"Inativa";"IBGE/PME";"Sinopse macroeconômica";"Rendimento médio real";"Rendimento médio real";"Não oculta";"Internet";55;0;0;"Incluída em 02/jul/2001.";"Gerada";"PAN";"Internet";"Macro"
"3815";"PAN_SBC";NA;NA;"Ativa";"Bacen/Not. Imp./Set. Ext.";"Sinopse macroeconômica";"Balança comercial - Saldo (BPM6)";"Balança comercial - Saldo (Nova Metodologia BPM6)";"Não oculta";"Internet";5;0;0;"Incluída em 02/jul/2001. Revisada em 01/fev/2016.";"Gerada";"PAN";"Internet";"Macro"
"3816";"PAN_STC";NA;NA;"Ativa";"Bacen/Not. Imp./Set. Ext.";"Sinopse macroeconômica";"Transações correntes - Saldo (BPM6)";"Transações correntes - Saldo (Nova Metodologia BPM6)";"Não oculta";"Internet";25;0;0;"Incluída em 02/jul/2001. Revisada em 01/fev/2016.";"Gerada";"PAN";"Internet";"Macro"
"3817";"PAN_TD";2;1445;"Inativa";"IBGE/PME";"Sinopse macroeconômica";"Taxa de desemprego";"Taxa de desemprego";"Não oculta";"Internet";25;0;0;"Incluída em 02/jul/2001.";"Gerada";"PAN";"Internet";"Macro"
"3818";"PAN_TJOVER";NA;NA;"Ativa";"Bacen/Boletim/M. Finan.";"Sinopse macroeconômica";"Taxa de juros nominal - Over / Selic";"Taxa de juros nominal - Overnight / Selic";"Não oculta";"Internet";5;0;0;"Incluída em 02/jul/2001.";"Gerada";"PAN";"Internet";"Macro"
"3819";"PAN_MTV";NA;NA;"Ativa";"Bacen/Not. Imp./Set. Ext.";"Sinopse macroeconômica";"Balança comercial - Importações (BPM6)";"Balança comercial - Importações (Nova Metodologia BPM6)";"Não oculta";"Internet";5;0;0;"Incluída em 02/jul/2001. Revisada em 01/fev/2016.";"Gerada";"PAN";"Internet";"Macro"
"3820";"PAN_XTV";NA;NA;"Ativa";"Bacen/Not. Imp./Set. Ext.";"Sinopse macroeconômica";"Balança comercial - Exportações (BPM6)";"Balança comercial - Exportações (Nova Metodologia BPM6)";"Não oculta";"Internet";5;0;0;"Incluída em 02/jul/2001. Revisada em 01/fev/2016.";"Gerada";"PAN";"Internet";"Macro"
"3821";"PAN_FBKFI90G";NA;NA;"Ativa";"IPEA";"Sinopse macroeconômica";"Investimento real";"Investimento real";"Não oculta";"Internet";360;0;0;"Incluída em 02/jul/2001.";"Gerada";"PAN";"Internet";"Macro"
"3822";"PAN_PIBPMV";2;1445;"Ativa";"IBGE/SCN 2010 Anual";"Sinopse macroeconômica";"PIB nominal";"Produto interno bruto (PIB) nominal";"Não oculta";"Internet";30;0;0;"Incluída em 02/jul/2001.";"Gerada";"PAN";"Internet";"Macro"
"3823";"PAN12_DTSPY12";118;97;"Ativa";"Bacen/Not. Imp./F. Púb.";"Sinopse macroeconômica";"Dívida pública total";"Dívida pública total";"Não oculta";"Internet";30;0;0;"Incluída em 02/jul/2001.";"Gerada";"PAN12";"Internet";"Macro"
"3824";"PAN12_ERV12";217;44;"Ativa";"Bacen/Boletim/BP";"Sinopse macroeconômica";"Taxa de câmbio nominal";"Taxa de câmbio nominal";"Não oculta";"Internet";5;0;0;"Incluída em 02/jul/2001.";"Gerada";"PAN12";"Internet";"Macro"
"3825";"PAN12_IGPDIG12";84;144;"Ativa";"FGV/Conj. Econ. - IGP";"Sinopse macroeconômica";"Índice Geral de Preços (IGP-DI)";"Índice Geral de Preços (IGP-DI)";"Não oculta";"Internet";45;0;0;"Incluída em 02/jul/2001.";"Gerada";"PAN12";"Internet";"Macro"
"3826";"PAN12_IPCAG12";190;52;"Ativa";"IBGE/SNIPC";"Sinopse macroeconômica";"Índice de Preços ao Consumidor Ampliado (IPCA)";"Índice de Preços ao Consumidor Ampliado (IPCA)";"Não oculta";"Internet";40;0;0;"Incluída em 02/jul/2001.";"Gerada";"PAN12";"Internet";"Macro"
"3827";"PAN12_IVVRG12";45;294;"Ativa";"IBGE/PMC";"Sinopse macroeconômica";"Valor real das vendas no varejo";"Valor real das vendas no varejo";"Não oculta";"Internet";45;0;0;"Incluída em 02/jul/2001.";"Gerada";"PAN12";"Internet";"Macro"
"3828";"PAN12_MTV12";101;109;"Ativa";"Bacen/Not. Imp./Set. Ext.";"Sinopse macroeconômica";"Balança comercial - Importações (BPM6)";"Balança comercial - Importações (Nova Metodologia BPM6)";"Não oculta";"Internet";5;0;0;"Incluída em 02/jul/2001. Revisada em 01/fev/2016.";"Gerada";"PAN12";"Internet";"Macro"
"3829";"PAN12_NFSPNY12";49;267;"Inativa";"Bacen/Not. Imp./F. Púb.";"Sinopse macroeconômica";"Nec. financiamento - conceito nominal";"Necessidades de financiamento - conceito nominal";"Oculta";"Intranet";60;0;0;"Incluída em 02/jul/2001.";"Gerada";"PAN12";"Oculta";"Macro"
"3830";"PAN12_NFSPPY12";62;200;"Inativa";"Bacen/Not. Imp./F. Púb.";"Sinopse macroeconômica";"Nec. financiamento - conceito primário";"Necessidades de financiamento - conceito primário";"Oculta";"Intranet";60;0;0;"Incluída em 02/jul/2001.";"Gerada";"PAN12";"Oculta";"Macro"
"3831";"PAN12_POC12";85;140;"Inativa";"IBGE/PME";"Sinopse macroeconômica";"População ocupada";"População ocupada";"Não oculta";"Internet";25;0;0;"Incluída em 02/jul/2001.";"Gerada";"PAN12";"Internet";"Macro"
"3832";"PAN12_QIIGG12";168;62;"Ativa";"IBGE/PIM-PF";"Sinopse macroeconômica";"Produção industrial";"Produção industrial";"Não oculta";"Internet";40;0;0;"Incluída em 02/jul/2001.";"Gerada";"PAN12";"Internet";"Macro"
"3833";"PAN12_RMR12";92;125;"Inativa";"IBGE/PME";"Sinopse macroeconômica";"Rendimento médio real";"Rendimento médio real";"Não oculta";"Internet";55;0;0;"Incluída em 02/jul/2001.";"Gerada";"PAN12";"Internet";"Macro"
"3834";"PAN12_SBC12";104;104;"Ativa";"Bacen/Not. Imp./Set. Ext.";"Sinopse macroeconômica";"Balança comercial - Saldo (BPM6)";"Balança comercial - Saldo (Nova Metodologia BPM6)";"Não oculta";"Internet";5;0;0;"Incluída em 02/jul/2001. Revisada em 01/fev/2016.";"Gerada";"PAN12";"Internet";"Macro"
"3835";"PAN12_STC12";48;274;"Ativa";"Bacen/Not. Imp./Set. Ext.";"Sinopse macroeconômica";"Transações correntes - Saldo (BPM6)";"Transações correntes - Saldo (Nova Metodologia BPM6)";"Não oculta";"Internet";25;0;0;"Incluída em 02/jul/2001. Revisada em 01/fev/2016.";"Gerada";"PAN12";"Internet";"Macro"
"3836";"PAN12_TD12";196;48;"Inativa";"IBGE/PME";"Sinopse macroeconômica";"Taxa de desemprego";"Taxa de desemprego";"Não oculta";"Internet";25;0;0;"Incluída em 02/jul/2001.";"Gerada";"PAN12";"Internet";"Macro"
"3837";"PAN12_TJOVER12";288;31;"Ativa";"Bacen/Boletim/M. Finan.";"Sinopse macroeconômica";"Taxa de juros nominal - Over / Selic";"Taxa de juros nominal - Overnight / Selic";"Não oculta";"Internet";5;0;0;"Incluída em 02/jul/2001.";"Gerada";"PAN12";"Internet";"Macro"
"3838";"PAN12_XTV12";120;94;"Ativa";"Bacen/Not. Imp./Set. Ext.";"Sinopse macroeconômica";"Balança comercial - Exportações (BPM6)";"Balança comercial - Exportações (Nova Metodologia BPM6)";"Não oculta";"Internet";5;0;0;"Incluída em 02/jul/2001. Revisada em 01/fev/2016.";"Gerada";"PAN12";"Internet";"Macro"
"3839";"PAN4_DTSPY4";NA;NA;"Ativa";"Bacen/Not. Imp./F. Púb.";"Sinopse macroeconômica";"Dívida pública total";"Dívida pública total";"Não oculta";"Internet";30;0;0;"Incluída em 02/jul/2001.";"Gerada";"PAN4";"Internet";"Macro"
"3840";"PAN4_ERV4";NA;NA;"Ativa";"Bacen/Boletim/BP";"Sinopse macroeconômica";"Taxa de câmbio nominal";"Taxa de câmbio nominal";"Não oculta";"Internet";5;0;0;"Incluída em 02/jul/2001.";"Gerada";"PAN4";"Internet";"Macro"
"3841";"PAN4_FBKFI90G4";121;15;"Ativa";"IPEA";"Sinopse macroeconômica";"Investimento real";"Investimento real";"Não oculta";"Internet";360;0;0;"Incluída em 02/jul/2001.";"Gerada";"PAN4";"Internet";"Macro"
"3842";"PAN4_IGPDIG4";NA;NA;"Ativa";"FGV/Conj. Econ. - IGP";"Sinopse macroeconômica";"Índice Geral de Preços (IGP-DI)";"Índice Geral de Preços (IGP-DI)";"Não oculta";"Internet";40;0;0;"Incluída em 02/jul/2001.";"Gerada";"PAN4";"Internet";"Macro"
"3843";"PAN4_IPCAG4";NA;NA;"Ativa";"IBGE/SNIPC";"Sinopse macroeconômica";"Índice de Preços ao Consumidor Ampliado (IPCA)";"Índice de Preços ao Consumidor Ampliado (IPCA)";"Não oculta";"Internet";40;0;0;"Incluída em 02/jul/2001.";"Gerada";"PAN4";"Internet";"Macro"
"3844";"PAN4_IVVRG4";NA;NA;"Ativa";"IBGE/PMC";"Sinopse macroeconômica";"Valor real das vendas no varejo";"Valor real das vendas no varejo";"Não oculta";"Internet";55;0;0;"Incluída em 02/jul/2001.";"Gerada";"PAN4";"Internet";"Macro"
"3845";"PAN4_MTV4";1;527;"Ativa";"Bacen/Not. Imp./Set. Ext.";"Sinopse macroeconômica";"Balança comercial - Importações (BPM6)";"Balança comercial - Importações (Nova Metodologia BPM6)";"Não oculta";"Internet";5;0;0;"Incluída em 02/jul/2001. Revisada em 01/fev/2016.";"Gerada";"PAN4";"Internet";"Macro"
"3846";"PAN4_NFSPNY4";NA;NA;"Inativa";"Bacen/Not. Imp./F. Púb.";"Sinopse macroeconômica";"Nec. financiamento - conceito nominal";"Necessidades de financiamento - conceito nominal";"Oculta";"Intranet";30;0;0;"Incluída em 02/jul/2001.";"Gerada";"PAN4";"Oculta";"Macro"
"3847";"PAN4_NFSPPY4";NA;NA;"Inativa";"Bacen/Not. Imp./F. Púb.";"Sinopse macroeconômica";"Nec. financiamento - conceito primário";"Necessidades de financiamento - conceito primário";"Oculta";"Intranet";30;0;0;"Incluída em 02/jul/2001.";"Gerada";"PAN4";"Oculta";"Macro"
"3848";"PAN4_PIBPMG4";502;1;"Ativa";"IBGE/SCN 2010 Trim.";"Sinopse macroeconômica";"PIB real";"Produto interno bruto (PIB) real";"Não oculta";"Internet";90;0;0;"Incluída em 02/jul/2001.";"Gerada";"PAN4";"Internet";"Macro"
"3849";"PAN4_PIBPMV4";300;2;"Ativa";"IBGE/SCN 2010 Trim.";"Sinopse macroeconômica";"PIB nominal";"Produto interno bruto (PIB) nominal";"Não oculta";"Internet";90;0;0;"Incluída em 02/jul/2001.";"Gerada";"PAN4";"Internet";"Macro"
"3850";"PAN4_POC4";NA;NA;"Inativa";"IBGE/PME";"Sinopse macroeconômica";"População ocupada";"População ocupada";"Não oculta";"Internet";25;0;0;"Incluída em 02/jul/2001.";"Gerada";"PAN4";"Internet";"Macro"
"3851";"PAN4_QIIGG4";NA;NA;"Ativa";"IBGE/PIM-PF";"Sinopse macroeconômica";"Produção industrial";"Produção industrial";"Não oculta";"Internet";40;0;0;"Incluída em 02/jul/2001.";"Gerada";"PAN4";"Internet";"Macro"
"3852";"PAN4_RMR4";NA;NA;"Inativa";"IBGE/PME";"Sinopse macroeconômica";"Rendimento médio real";"Rendimento médio real";"Não oculta";"Internet";55;0;0;"Incluída em 02/jul/2001.";"Gerada";"PAN4";"Internet";"Macro"
"3853";"PAN4_SBC4";NA;NA;"Ativa";"Bacen/Not. Imp./Set. Ext.";"Sinopse macroeconômica";"Balança comercial - Saldo (BPM6)";"Balança comercial - Saldo (Nova Metodologia BPM6)";"Não oculta";"Internet";5;0;0;"Incluída em 02/jul/2001. Revisada em 01/fev/2016.";"Gerada";"PAN4";"Internet";"Macro"
"3854";"PAN4_STC4";NA;NA;"Ativa";"Bacen/Not. Imp./Set. Ext.";"Sinopse macroeconômica";"Transações correntes - Saldo (BPM6)";"Transações correntes - Saldo (Nova Metodologia BPM6)";"Não oculta";"Internet";25;0;0;"Incluída em 02/jul/2001. Revisada em 01/fev/2016.";"Gerada";"PAN4";"Internet";"Macro"
"3855";"PAN4_TD4";3;393;"Inativa";"IBGE/PME";"Sinopse macroeconômica";"Taxa de desemprego";"Taxa de desemprego";"Não oculta";"Internet";25;0;0;"Incluída em 02/jul/2001.";"Gerada";"PAN4";"Internet";"Macro"
"3856";"PAN4_TJOVER4";NA;NA;"Ativa";"Bacen/Boletim/M. Finan.";"Sinopse macroeconômica";"Taxa de juros nominal - Over / Selic";"Taxa de juros nominal - Overnight / Selic";"Não oculta";"Internet";5;0;0;"Incluída em 02/jul/2001.";"Gerada";"PAN4";"Internet";"Macro"
"3857";"PAN4_XTV4";NA;NA;"Ativa";"Bacen/Not. Imp./Set. Ext.";"Sinopse macroeconômica";"Balança comercial - Exportações (BPM6)";"Balança comercial - Exportações (Nova Metodologia BPM6)";"Não oculta";"Internet";5;0;0;"Incluída em 02/jul/2001. Revisada em 01/fev/2016.";"Gerada";"PAN4";"Internet";"Macro"
"3858";"SCN_FBKFPIBV";131;80;"Inativa";"IBGE/SCN 2000 Anual";"Contas nacionais";"Taxa de investimento - preços correntes - ref. 2000";"Taxa de investimento a preços correntes - referência 2000";"Oculta";"Internet";360;0;1;"Incluída em 03 / maio / 2007.";NA;"SCN";"Oculta";"Macro"
"3859";"SCN_FBKFPIBBM";25;444;"Inativa";"IBGE/SCN 2000 Anual";"Contas nacionais";"Taxa de investimento - preços do ano anterior - ref. 2000";"Taxa de investimento a preços do ano anterior - referência 2000";"Oculta";"Internet";720;0;0;"Incluída em 03 / maio / 2007.";NA;"SCN";"Oculta";"Macro"
"3860";"SCNOLD_FBKFPIBV";NA;NA;"Inativa";"IBGE/SCN Consolidado";"Contas nacionais";"Taxa de investimento - preços correntes";"Taxa de investimento a preços correntes";"Oculta";"Internet";90;0;0;"Incluída em 09/jul/2001.";NA;"SCNOLD";"Oculta";"Macro"
"3861";"SCNOLD_FBKFPIB80";NA;NA;"Inativa";"IBGE/SCN Consolidado";"Contas nacionais";"Taxa de investimento (preços 1980)";"Taxa de investimento (preços 1980)";"Oculta";"Internet";90;0;0;"Incluída em 09/jul/2001.";NA;"SCNOLD";"Oculta";"Macro"
"3862";"PAN_FBKFPIBV";NA;NA;"Ativa";"IPEA";"Sinopse macroeconômica";"Taxa de investimento nominal";"Taxa de investimento nominal";"Não oculta";"Internet";360;0;0;"Incluída em 02/jul/2001. PAN_FBKFPIB90 até 10/jul/2001.";"Gerada";"PAN";"Internet";"Macro"
"3863";"PAN4_FBKFPIBV4";95;20;"Ativa";"IPEA";"Sinopse macroeconômica";"Taxa de investimento nominal";"Taxa de investimento nominal";"Não oculta";"Internet";360;0;0;"Incluída em 02/jul/2001. PAN4_FBKFPIB904 até 10/jul/2001.";"Gerada";"PAN4";"Internet";"Macro"
"3864";"DEPIS_BIRTHSP";5;1138;"Ativa";"IBGE/Pop";"Projeções";"População - nascimentos - projeção";"População - nascimentos - projeção";"Não oculta";"Internet";120;0;0;"Incluída em 10/jul/2001. Revisada em 23/jul/2001. Revisada em 06 de novembro de 2013.";NA;"DEPIS";"Internet";"Macro"
"3865";"DEPIS_CVP";56;210;"Inativa";"IBGE/Pop";"Projeções";"População - crescimento vegetativo - projeção";"População - crescimento vegetativo - projeção";"Oculta";"Internet";120;0;0;"Incluída em 10/jul/2001. Revisada em 23/jul/2001. Revisada em 06 de novembro de 2013.";NA;"DEPIS";"Oculta";"Macro"
"3866";"DEPIS_DEATHSP";6;1048;"Ativa";"IBGE/Pop";"Projeções";"População - mortes - projeção";"População - mortes - projeção";"Não oculta";"Internet";120;0;0;"Incluída em 10/jul/2001. Revisada em 23/jul/2001. Revisada em 06 de novembro de 2013.";NA;"DEPIS";"Internet";"Macro"
"3867";"DEPIS_MIGRANTSP";2;1445;"Ativa";"IBGE/Pop";"Projeções";"População - migrantes - projeção";"População - migrantes - projeção";"Não oculta";"Internet";120;0;0;"Incluída em 10/jul/2001. Revisada em 23/jul/2001. Revisada em 06 de novembro de 2013.";NA;"DEPIS";"Internet";"Macro"
"3868";"DEPIS_POPP";31;376;"Ativa";"IBGE/Pop";"Projeções";"População residente - 1º de julho - projeção";"População residente - 1º de julho - projeção";"Não oculta";"Internet";120;0;0;"Incluída em 10/jul/2001. Revisada em 23/jul/2001. Revisada em 06 de novembro de 2013.";NA;"DEPIS";"Internet";"Macro"
"3869";"GEPS_BENPREVP";21;504;"Inativa";"IPEA";"Projeções";"Beneficiários - previdência social - projeção";"Beneficiários da previdência social: projeção";"Oculta";"Internet";360;0;0;"Incluída em 11/jul/2001.";NA;"GEPS";"Oculta";"Macro"
"3870";"GEPS_CONTPREVP";15;639;"Inativa";"IPEA";"Projeções";"Contribuintes - previdência social - projeção";"Contribuintes da previdência social: projeção";"Oculta";"Internet";360;0;0;"Incluída em 11/jul/2001.";NA;"GEPS";"Oculta";"Macro"
"3871";"GEPS_PEAURBP";56;210;"Inativa";"IPEA";"Projeções";"População economicamente ativa (PEA) - urbana - projeção";"População economicamente ativa (PEA) - urbana - projeção";"Oculta";"Internet";360;0;0;"Incluída em 11/jul/2001.";NA;"GEPS";"Oculta";"Macro"
"3872";"PIMDG12_SCIND12";1;1628;"Inativa";"IBGE/PIM-DG";"Salário e renda";"Salário - contratual - indústria geral - índice (média 1985 = 100)";"Salário contratual - indústria geral - índice (média 1985 = 100)";"Não oculta";"Internet";0;0;0;"Incluída em 23/jul/2001.";NA;"PIMDG12";"Internet";"Macro"
"3873";"PIMDG12_SCMIND12";8;996;"Inativa";"IBGE/PIM-DG";"Salário e renda";"Salário - contratual - médio - indústria geral - índice (média 1985 = 100)";"Salário contratual médio - indústria geral - índice (média 1985 = 100)";"Não oculta";"Internet";0;0;0;"Incluída em 23/jul/2001.";NA;"PIMDG12";"Internet";"Macro"
"3874";"PIMDG12_FPNIND12";21;569;"Inativa";"IBGE/PIM-DG";"Salário e renda";"Folha de pagamento - indústria geral - índice (média 1985 = 100)";"Folha de pagamento - indústria geral - índice (média 1985 = 100)";"Oculta";"Internet";0;0;0;"Incluída em 23/jul/2001.";NA;"PIMDG12";"Oculta";"Macro"
"3875";"DEPIS_POPH";34;342;"Ativa";"IBGE/Pop";"População";"População residente - homens";"População residente - homens";"Não oculta";"Internet";3600;0;0;"Incluída em 23/jul/2001.";NA;"DEPIS";"Internet";"Macro"
"3876";"DEPIS_POPHP";7;991;"Ativa";"IBGE/Pop";"Projeções";"População residente - homens - 1º de julho - projeção";"População residente - homens - 1º de julho - projeção";"Não oculta";"Internet";120;0;0;"Incluída em 23/jul/2001. Revisada em 06 de novembro de 2013.";NA;"DEPIS";"Internet";"Macro"
"3877";"DEPIS_POPM";39;298;"Ativa";"IBGE/Pop";"População";"População residente - mulheres";"População residente - mulheres";"Não oculta";"Internet";3600;0;0;"Incluída em 23/jul/2001.";NA;"DEPIS";"Internet";"Macro"
"3878";"DEPIS_POPMP";7;991;"Ativa";"IBGE/Pop";"Projeções";"População residente - mulheres - 1º de julho - projeção";"População residente - mulheres - 1º de julho - projeção";"Não oculta";"Internet";120;0;0;"Incluída em 23/jul/2001. Revisada em 06 de novembro de 2013.";NA;"DEPIS";"Internet";"Macro"
"3879";"DEPIS_TGCPOP";79;138;"Ativa";"IBGE/Pop";"População";"População - taxa média geométrica de crescimento";"População - taxa média geométrica de crescimento";"Não oculta";"Internet";120;0;0;"Incluída em 23/jul/2001. Revisada em 06 de novembro de 2013.";NA;"DEPIS";"Internet";"Macro"
"3880";"DEPIS_TGCPOPP";33;353;"Ativa";"IBGE/Pop";"Projeções";"População - taxa média geométrica de crescimento - projeção";"População - taxa média geométrica de crescimento - projeção";"Não oculta";"Internet";120;0;0;"Incluída em 23/jul/2001. Revisada em 06 de novembro de 2013.";NA;"DEPIS";"Internet";"Macro"
"3881";"DEPIS_TBN";48;252;"Ativa";"IBGE/Pop";"População";"População - taxa bruta de natalidade (por mil hab.)";"População - taxa bruta de natalidade (por mil hab.)";"Não oculta";"Internet";120;0;0;"Incluída em 23/jul/2001. Revisada em 06 de novembro de 2013.";NA;"DEPIS";"Internet";"Macro"
"3882";"DEPIS_TBNP";3;1315;"Ativa";"IBGE/Pop";"Projeções";"População - taxa bruta de natalidade (por mil hab.) - projeção";"População - taxa bruta de natalidade (por mil hab.) - projeção";"Não oculta";"Internet";120;0;0;"Incluída em 23/jul/2001. Revisada em 06 de novembro de 2013.";NA;"DEPIS";"Internet";"Macro"
"3883";"DEPIS_TBM";54;224;"Ativa";"IBGE/Pop";"População";"População - taxa bruta de mortalidade (por mil hab.)";"População - taxa bruta de mortalidade (por mil hab.)";"Não oculta";"Internet";120;0;0;"Incluída em 23/jul/2001. Revisada em 06 de novembro de 2013.";NA;"DEPIS";"Internet";"Macro"
"3884";"DEPIS_TBMP";7;991;"Ativa";"IBGE/Pop";"Projeções";"População - taxa bruta de mortalidade (por mil hab.) - projeção";"População - taxa bruta de mortalidade (por mil hab.) - projeção";"Não oculta";"Internet";120;0;0;"Incluída em 23/jul/2001. Revisada em 06 de novembro de 2013.";NA;"DEPIS";"Internet";"Macro"
"3885";"PME12_PEA12";148;74;"Inativa";"IBGE/PME antiga";"Emprego";"População economicamente ativa (PEA) - RMs";"População economicamente ativa (PEA) nas RMs";"Não oculta";"Internet";0;0;0;"Incluída em 31/jul/2001.";NA;"PME12";"Internet";"Macro"
"3886";"PME12_POCCC12";16;690;"Inativa";"IBGE/PME antiga";"Emprego";"População ocupada - construção civil - RMs";"População ocupada na indústria de construção civil nas RMs";"Não oculta";"Internet";0;0;0;"Incluída em 31/jul/2001.";NA;"PME12";"Internet";"Macro"
"3887";"PME12_POCCOM12";27;457;"Inativa";"IBGE/PME antiga";"Emprego";"População ocupada - comércio - RMs";"População ocupada no comércio nas RMs";"Não oculta";"Internet";0;0;0;"Incluída em 31/jul/2001.";NA;"PME12";"Internet";"Macro"
"3888";"PME12_POCIT12";19;621;"Inativa";"IBGE/PME antiga";"Emprego";"População ocupada - indústria transformação - RMs";"População ocupada na indústria de transformação nas RMs";"Não oculta";"Internet";0;0;0;"Incluída em 31/jul/2001.";NA;"PME12";"Internet";"Macro"
"3889";"PME12_POCOUT12";12;812;"Inativa";"IBGE/PME antiga";"Emprego";"População ocupada - outras atividades - RMs";"População ocupada em outras atividades nas RMs";"Não oculta";"Internet";0;0;0;"Incluída em 31/jul/2001.";NA;"PME12";"Internet";"Macro"
"3890";"PME12_POCSER12";31;407;"Inativa";"IBGE/PME antiga";"Emprego";"População ocupada - serviços - RMs";"População ocupada em serviços nas RMs";"Não oculta";"Internet";0;0;0;"Incluída em 31/jul/2001.";NA;"PME12";"Internet";"Macro"
"3891";"PME12_RMCC12";14;737;"Inativa";"IBGE/PME antiga";"Salário e renda";"Rendimento médio do trabalho principal - construção civil - RMs";"Rendimento médio do trabalho principal na indústria de construção civil nas RMs";"Não oculta";"Internet";0;0;0;"Incluída em 31/jul/2001.";NA;"PME12";"Internet";"Macro"
"3892";"PME12_RMCOM12";9;946;"Inativa";"IBGE/PME antiga";"Salário e renda";"Rendimento médio do trabalho principal - comércio - RMs";"Rendimento médio do trabalho principal no comércio nas RMs";"Não oculta";"Internet";0;0;0;"Incluída em 31/jul/2001.";NA;"PME12";"Internet";"Macro"
"3893";"PME12_RMIT12";11;856;"Inativa";"IBGE/PME antiga";"Salário e renda";"Rendimento médio do trabalho principal - indústria transformação - RMs";"Rendimento médio do trabalho principal na indústria de transformação nas RMs";"Não oculta";"Internet";0;0;0;"Incluída em 31/jul/2001.";NA;"PME12";"Internet";"Macro"
"3894";"PME12_RMOUT12";12;812;"Inativa";"IBGE/PME antiga";"Salário e renda";"Rendimento médio do trabalho principal - outras atividades - RMs";"Rendimento médio do trabalho principal em outras atividades nas RMs";"Não oculta";"Internet";0;0;0;"Incluída em 31/jul/2001.";NA;"PME12";"Internet";"Macro"
"3895";"PME12_RMSER12";16;690;"Inativa";"IBGE/PME antiga";"Salário e renda";"Rendimento médio do trabalho principal - serviços - RMs";"Rendimento médio do trabalho principal em serviços nas RMs";"Não oculta";"Internet";0;0;0;"Incluída em 31/jul/2001.";NA;"PME12";"Internet";"Macro"
"3896";"PME12_RMCCART12";59;214;"Inativa";"IBGE/PME antiga";"Salário e renda";"Rendimento médio do trabalho principal - com carteira assinada - RMs";"Rendimento médio do trabalho principal com carteira assinada nas RMs";"Não oculta";"Internet";0;0;0;"Incluída em 01/ago/2001.";NA;"PME12";"Internet";"Macro"
"3897";"PME12_RMCP12";12;812;"Inativa";"IBGE/PME antiga";"Salário e renda";"Rendimento médio do trabalho principal - conta própria - RMs";"Rendimento médio do trabalho principal por conta própria nas RMs";"Não oculta";"Internet";0;0;0;"Incluída em 01/ago/2001.";NA;"PME12";"Internet";"Macro"
"3898";"PME12_RMEMP12";11;856;"Inativa";"IBGE/PME antiga";"Salário e renda";"Rendimento médio do trabalho principal - empregador - RMs";"Rendimento médio do trabalho principal como empregador nas RMs";"Não oculta";"Internet";0;0;0;"Incluída em 01/ago/2001.";NA;"PME12";"Internet";"Macro"
"3899";"PME12_RMSCART12";12;812;"Inativa";"IBGE/PME antiga";"Salário e renda";"Rendimento médio do trabalho principal - sem carteira assinada - RMs";"Rendimento médio do trabalho principal sem carteira assinada nas RMs";"Não oculta";"Internet";0;0;0;"Incluída em 01/ago/2001.";NA;"PME12";"Internet";"Macro"
"3900";"PME12_POCCCART12";135;83;"Inativa";"IBGE/PME antiga";"Emprego";"População ocupada - com carteira assinada - RMs";"População ocupada com carteira assinada nas RMs";"Não oculta";"Internet";0;0;0;"Incluída em 01/ago/2001.";NA;"PME12";"Internet";"Macro"
"3901";"PME12_POCCP12";52;246;"Inativa";"IBGE/PME antiga";"Emprego";"População ocupada - conta própria - RMs";"População ocupada como conta própria nas RMs";"Não oculta";"Internet";0;0;0;"Incluída em 01/ago/2001.";NA;"PME12";"Internet";"Macro"
"3902";"PME12_POCEMP12";18;647;"Inativa";"IBGE/PME antiga";"Emprego";"População ocupada - empregador - RMs";"População ocupada como empregador nas RMs";"Não oculta";"Internet";0;0;0;"Incluída em 01/ago/2001.";NA;"PME12";"Internet";"Macro"
"3903";"PME12_POCSCART12";80;148;"Inativa";"IBGE/PME antiga";"Emprego";"População ocupada - sem carteira assinada - RMs";"População ocupada sem carteira assinada nas RMs";"Não oculta";"Internet";0;0;0;"Incluída em 01/ago/2001.";NA;"PME12";"Internet";"Macro"
"3904";"HIST_SERF";10;818;"Inativa";"Outras fontes";"Balanço de pagamentos";"Balanço de pagamentos - serviços fatores";"Balanço de pagamentos - serviços fatores";"Oculta";"Intranet";90;0;1;"Incluída em 01/ago/2001.";NA;"HIST";"Oculta";"Macro"
"3905";"HIST_SERNF";7;991;"Inativa";"Outras fontes";"Balanço de pagamentos";"Balanço de pagamentos - serviços não fatores";"Balanço de pagamentos - serviços não fatores";"Oculta";"Intranet";90;0;1;"Incluída em 01/ago/2001.";NA;"HIST";"Oculta";"Macro"
"3906";"SCNOLD_PIBIG";NA;NA;"Inativa";"IBGE/SCN Consolidado";"Contas nacionais";"PIB - var. produto real - índice (ano anterior = 100)";"PIB - var. produto real: índice (ano anterior = 100)";"Oculta";"Internet";90;0;0;"Incluída em 06/ago/2001.";"Geradora";"SCNOLD";"Oculta";"Macro"
"3907";"SCNOLD_YAGPIG";NA;NA;"Inativa";"IBGE/SCN Consolidado";"Contas nacionais";"PIB - var. produto real - agropecuária - índice (ano anterior = 100)";"PIB - var. produto real - agropecuária: índice (ano anterior = 100)";"Oculta";"Internet";90;0;0;"Incluída em 06/ago/2001.";"Geradora";"SCNOLD";"Oculta";"Macro"
"3908";"SCNOLD_YICCIG";NA;NA;"Inativa";"IBGE/SCN Consolidado";"Contas nacionais";"PIB - var. produto real - indústria - construção civil - índice (ano anterior = 100)";"PIB - var. produto real - indústria da construção civil: índice (ano anterior = 100)";"Oculta";"Internet";90;0;0;"Incluída em 06/ago/2001.";"Geradora";"SCNOLD";"Oculta";"Macro"
"3909";"SCNOLD_YIEXIG";NA;NA;"Inativa";"IBGE/SCN Consolidado";"Contas nacionais";"PIB - var. produto real - indústria - extrativa mineral - índice (ano anterior = 100)";"PIB - var. produto real - indústria extrativa mineral: índice (ano anterior = 100)";"Oculta";"Internet";90;0;0;"Incluída em 06/ago/2001.";"Geradora";"SCNOLD";"Oculta";"Macro"
"3910";"SCNOLD_YINDIG";NA;NA;"Inativa";"IBGE/SCN Consolidado";"Contas nacionais";"PIB - var. produto real - indústria - índice (ano anterior = 100)";"PIB - var. produto real - indústria: índice (ano anterior = 100)";"Oculta";"Internet";90;0;0;"Incluída em 06/ago/2001.";"Geradora";"SCNOLD";"Oculta";"Macro"
"3911";"SCNOLD_YITRIG";NA;NA;"Inativa";"IBGE/SCN Consolidado";"Contas nacionais";"PIB - var. produto real - indústria - transformação - índice (ano anterior = 100)";"PIB - var. produto real - indústria de transformação: índice (ano anterior = 100)";"Oculta";"Internet";90;0;0;"Incluída em 06/ago/2001.";"Geradora";"SCNOLD";"Oculta";"Macro"
"3912";"SCNOLD_YIUPIG";NA;NA;"Inativa";"IBGE/SCN Consolidado";"Contas nacionais";"PIB - indústria - serviços utilid. púb. (SIUP) - var. produto real - índice (ano anterior = 100)";"PIB - indústria - serviços de utilidade pública (SIUP): var. produto real - índice (ano anterior = 100)";"Oculta";"Internet";90;0;0;"Incluída em 06/ago/2001.";"Geradora";"SCNOLD";"Oculta";"Macro"
"3913";"SCNOLD_YSCMIG";NA;NA;"Inativa";"IBGE/SCN Consolidado";"Contas nacionais";"PIB - var. produto real - serviços - comércio - índice (ano anterior = 100)";"PIB - var. produto real - serviços - comércio: índice (ano anterior = 100)";"Oculta";"Internet";90;0;0;"Incluída em 06/ago/2001.";"Geradora";"SCNOLD";"Oculta";"Macro"
"3914";"SCNOLD_YSCUIG";NA;NA;"Inativa";"IBGE/SCN Consolidado";"Contas nacionais";"PIB - var. produto real - serviços - comunicações - índice (ano anterior = 100)";"PIB - var. produto real - serviços - comunicações: índice (ano anterior = 100)";"Oculta";"Internet";90;0;0;"Incluída em 06/ago/2001.";"Geradora";"SCNOLD";"Oculta";"Macro"
"3915";"SCNOLD_YSERIG";NA;NA;"Inativa";"IBGE/SCN Consolidado";"Contas nacionais";"PIB - var. produto real - serviços - índice (ano anterior = 100)";"PIB - var. produto real - serviços: índice (ano anterior = 100)";"Oculta";"Internet";90;0;0;"Incluída em 06/ago/2001.";"Geradora";"SCNOLD";"Oculta";"Macro"
"3916";"SCNOLD_YSIFIG";NA;NA;"Inativa";"IBGE/SCN Consolidado";"Contas nacionais";"PIB - var. produto real - serviços - instituições financeiras - índice (ano anterior = 100)";"PIB - var. produto real - serviços - instituições financeiras: índice (ano anterior = 100)";"Oculta";"Internet";90;0;0;"Incluída em 06/ago/2001.";"Geradora";"SCNOLD";"Oculta";"Macro"
"3917";"SCNOLD_YSOSIG";NA;NA;"Inativa";"IBGE/SCN Consolidado";"Contas nacionais";"PIB - var. produto real - serviços - outros serviços - índice (ano anterior = 100)";"PIB - var. produto real - serviços - outros serviços: índice (ano anterior = 100)";"Oculta";"Internet";90;0;0;"Incluída em 06/ago/2001.";"Geradora";"SCNOLD";"Oculta";"Macro"
"3918";"SCNOLD_YSTRIG";NA;NA;"Inativa";"IBGE/SCN Consolidado";"Contas nacionais";"PIB - var. produto real - serviços - transportes - índice (ano anterior = 100)";"PIB - var. produto real - serviços - transportes: índice (ano anterior = 100)";"Oculta";"Internet";90;0;0;"Incluída em 06/ago/2001.";"Geradora";"SCNOLD";"Oculta";"Macro"
"3919";"SCNOLD_YSAPIG";NA;NA;"Inativa";"IBGE/SCN Consolidado";"Contas nacionais";"PIB - var. produto real - serviços - adm. pública - índice (ano anterior = 100)";"PIB - var. produto real - serviços - administração pública: índice (ano anterior = 100)";"Oculta";"Internet";90;0;0;"Incluída em 14/ago/2001.";"Geradora";"SCNOLD";"Oculta";"Macro"
"3920";"SCNOLD_YSOS";NA;NA;"Inativa";"IBGE/SCN Consolidado";"Contas nacionais";"PIB - serviços - outros serviços - índice real (média 1980 = 100)";"PIB - serviços - outros serviços: índice real (média 1980 = 100)";"Oculta";"Internet";90;0;0;"Incluída em 03/set/2001.";"Gerada";"SCNOLD";"Oculta";"Macro"
"3921";"BP_CONTINT";NA;NA;"Inativa";"Bacen/Boletim/Bpantigo";"Balanço de pagamentos";"Conta de capital - subscrições e contribuições em instituições e organismos internacionais";"Conta de capital - subscrições e contribuições em instituições e organismos internacionais";"Não oculta";"Intranet";90;0;0;"Incluída em 18/set/2001.";NA;"BP";"Intranet";"Macro"
"3922";"BP_ATZCOM";NA;NA;"Inativa";"Bacen/Boletim/Bpantigo";"Balanço de pagamentos";"Financiamento - atrasados comerciais";"Financiamento: atrasados comerciais";"Não oculta";"Intranet";90;0;0;"Incluída em 18/set/2001.";NA;"BP";"Intranet";"Macro"
"3923";"PRECOS12_IPCAG12";3261;1;"Ativa";"IBGE/SNIPC";"Preços";"Inflação - IPCA";"Inflação: IPCA";"Não oculta";"Internet";40;0;0;"Incluída em 05/out/2001.";"Gerada";"PRECOS12";"Internet";"Macro"
"3924";"SCN4_FBKI4";51;42;"Inativa";"IBGE/SCN 2000 Trim.";"Contas nacionais";"Capital - formação bruta - índice encadeado (média 1995 = 100) - ref. 2000";"Formação bruta de capital: índice encadeado (média 1995 = 100) - referência 2000";"Não oculta";"Intranet";90;0;0;"Incluída em 03 / maio / 2007.";"Gerada";"SCN4";"Intranet";"Macro"
"3925";"SCN4_CFGGI4";5;315;"Inativa";"IBGE/SCN 2000 Trim.";"Contas nacionais";"Consumo final - adm. pública - índice encadeado (média 1995 = 100) - ref. 2000";"Consumo final da administração pública: índice encadeado (média 1995 = 100) - referência 2000";"Não oculta";"Intranet";90;0;0;"Incluída em 03 / maio / 2007.";NA;"SCN4";"Intranet";"Macro"
"3926";"SCN4_CFPPI4";23;95;"Inativa";"IBGE/SCN 2000 Trim.";"Contas nacionais";"Consumo final - famílias - índice encadeado (média 1995 = 100) - ref. 2000";"Consumo final das famílias: índice encadeado (média 1995 = 100) - referência 2000";"Não oculta";"Intranet";90;0;0;"Incluída em 03 / maio / 2007.";NA;"SCN4";"Intranet";"Macro"
"3927";"SCN4_XBSZI4";9;217;"Inativa";"IBGE/SCN 2000 Trim.";"Contas nacionais";"Exportações - bens e serviços - índice encadeado (média 1995 = 100) - ref. 2000";"Exportações de bens e serviços: índice encadeado (média 1995 = 100) - referência 2000";"Não oculta";"Intranet";90;0;0;"Incluída em 03 / maio / 2007.";NA;"SCN4";"Intranet";"Macro"
"3928";"SCN4_MBSZI4";3;393;"Inativa";"IBGE/SCN 2000 Trim.";"Contas nacionais";"Importações - bens e serviços - índice encadeado (média 1995 = 100) - ref. 2000";"Importações de bens e serviços: índice encadeado (média 1995 = 100) - referência 2000";"Não oculta";"Intranet";90;0;0;"Incluída em 03 / maio / 2007.";NA;"SCN4";"Intranet";"Macro"
"3929";"SCN4_FBKN4";95;20;"Inativa";"IBGE/SCN 2000 Trim.";"Contas nacionais";"Capital - formação bruta - ref. 2000";"Formação bruta de capital - referência 2000";"Não oculta";"Intranet";90;0;0;"Incluída em 03 / maio / 2007.";NA;"SCN4";"Intranet";"Macro"
"3930";"SCN4_CFGGN4";63;31;"Inativa";"IBGE/SCN 2000 Trim.";"Contas nacionais";"Consumo final - adm. pública - ref. 2000";"Consumo final da administração pública - referência 2000";"Não oculta";"Intranet";90;0;0;"Incluída em 03 / maio / 2007.";NA;"SCN4";"Intranet";"Macro"
"3931";"SCN4_CFPPN4";123;13;"Inativa";"IBGE/SCN 2000 Trim.";"Contas nacionais";"Consumo final - famílias - ref. 2000";"Consumo final das famílias - referência 2000";"Não oculta";"Intranet";90;0;0;"Incluída em 03 / maio / 2007.";NA;"SCN4";"Intranet";"Macro"
"3932";"SCN4_XBSZN4";51;42;"Inativa";"IBGE/SCN 2000 Trim.";"Contas nacionais";"Exportações - bens e serviços - ref. 2000";"Exportações de bens e serviços - referência 2000";"Não oculta";"Intranet";90;0;0;"Incluída em 03 / maio / 2007.";NA;"SCN4";"Intranet";"Macro"
"3933";"SCN4_MBSZN4";43;55;"Inativa";"IBGE/SCN 2000 Trim.";"Contas nacionais";"Importações - bens e serviços - ref. 2000";"Importações de bens e serviços - referência 2000";"Não oculta";"Intranet";90;0;0;"Incluída em 03 / maio / 2007.";NA;"SCN4";"Intranet";"Macro"
"3934";"SCN_RLEX1N";1;1606;"Inativa";"IBGE/SCN 2000 Anual";"Contas nacionais";"Remuneração empregados - não residentes - ref. 2000";"Remuneração de empregados não residentes - referência 2000";"Oculta";"Internet";360;0;0;"Incluída em 03 / maio / 2007.";"Gerada";"SCN";"Oculta";"Macro"
"3935";"SCN_RLEX2N";NA;NA;"Inativa";"IBGE/SCN 2000 Anual";"Contas nacionais";"Rendas de propriedade enviadas e recebidas do resto do mundo - ref. 2000";"Rendas de propriedade enviadas e recebidas do resto do mundo - referência 2000";"Oculta";"Internet";360;0;0;"Incluída em 03 / maio / 2007.";"Gerada";"SCN";"Oculta";"Macro"
"3936";"SCN_TRUNIN";2;1445;"Inativa";"IBGE/SCN 2000 Anual";"Contas nacionais";"Transferências correntes - enviadas e receb. resto do mundo - total - ref. 2000";"Transferências correntes - enviadas e recebidas do resto do mundo - total - referência 2000";"Oculta";"Internet";360;0;0;"Incluída em 03 / maio / 2007.";"Gerada";"SCN";"Oculta";"Macro"
"3937";"BM12_DEPOUCN12";28;441;"Ativa";"Bacen/Not. Imp./Moeda";"Moeda e crédito";"M2 - depósitos em poupança - fim período - novo conceito";"M2 - depósitos em poupança - fim período - novo conceito";"Não oculta";"Internet";30;0;0;"Incluida em 19/out/2001.";"Geradora";"BM12";"Internet";"Macro"
"3938";"BM12_M2NCN12";121;93;"Ativa";"Bacen/Not. Imp./Moeda";"Moeda e crédito";"M2 - fim período - novo conceito";"M2 - fim período - novo conceito";"Não oculta";"Internet";30;0;0;"Incluida em 19/out/2001.";"Geradora";"BM12";"Internet";"Macro"
"3939";"BM12_TIPRINCN12";13;769;"Ativa";"Bacen/Not. Imp./Moeda";"Moeda e crédito";"M2 - títulos privados - fim período - novo conceito";"M2 - títulos privados - fim período - novo conceito";"Não oculta";"Internet";30;0;0;"Incluida em 19/out/2001.";"Geradora";"BM12";"Internet";"Macro"
"3940";"BM12_M3NCN12";35;375;"Ativa";"Bacen/Not. Imp./Moeda";"Moeda e crédito";"M3 - fim período - novo conceito";"M3 - fim período - novo conceito";"Não oculta";"Internet";30;0;0;"Incluida em 19/out/2001.";"Geradora";"BM12";"Internet";"Macro"
"3941";"BM12_OPTFCN12";11;856;"Ativa";"Bacen/Not. Imp./Moeda";"Moeda e crédito";"M3 - oper. compromissadas com títulos federais - fim período - novo conceito";"M3 - operações compromissadas com títulos federais - fim período - novo conceito";"Não oculta";"Internet";30;0;0;"Incluida em 19/out/2001.";"Geradora";"BM12";"Internet";"Macro"
"3942";"BM12_FRFCN12";10;894;"Ativa";"Bacen/Not. Imp./Moeda";"Moeda e crédito";"M3 - quotas de fundos de renda fixa - fim período - novo conceito";"M3 - quotas de fundos de renda fixa - fim período - novo conceito";"Não oculta";"Internet";30;0;0;"Incluida em 19/out/2001.";"Geradora";"BM12";"Internet";"Macro"
"3943";"BM12_M4NCN12";47;284;"Ativa";"Bacen/Not. Imp./Moeda";"Moeda e crédito";"M4 - fim período - novo conceito";"M4 - fim período - novo conceito";"Não oculta";"Internet";30;0;0;"Incluida em 19/out/2001.";"Geradora";"BM12";"Internet";"Macro"
"3944";"BM12_TEMPDPCN12";17;667;"Inativa";"Bacen/Not. Imp./Moeda";"Moeda e crédito";"M4 - títulos estaduais e municipais - fim período - novo conceito";"M4 - títulos estaduais e municipais - fim período - novo conceito";"Oculta";"Internet";30;0;0;"Incluida em 19/out/2001.";"Pendente";"BM12";"Oculta";"Macro"
"3945";"BM12_TFPPNCN12";71;175;"Ativa";"Bacen/Not. Imp./Moeda";"Moeda e crédito";"M4 - títulos federais (Selic) - fim período - novo conceito";"M4 - títulos federais (Selic) - fim período - novo conceito";"Não oculta";"Internet";30;0;0;"Incluida em 19/out/2001.";"Geradora";"BM12";"Internet";"Macro"
"3946";"DEFL_IGP";NA;NA;"Ativa";"FGV/Conj. Econ. - IGP";"Preços";"IGP-DI";"IGP-DI (preços 2015 = 1)";"Oculta";"Internet";10;0;0;"Incluída em 11/out/2001.";"Gerada/Geradora";"DEFL";"Oculta";"Macro"
"3947";"DEFL_INPC";NA;NA;"Ativa";"IBGE/SNIPC";"Preços";"INPC";"INPC (preços 2015 = 1)";"Oculta";"Internet";10;0;0;"Incluída em 11/out/2001.";"Gerada/Geradora";"DEFL";"Oculta";"Macro"
"3948";"DEFL_IPCA";NA;NA;"Ativa";"IBGE/SNIPC";"Preços";"IPCA";"IPCA (preços 2015 = 1)";"Oculta";"Internet";10;0;0;"Incluída em 11/out/2001.";"Gerada/Geradora";"DEFL";"Oculta";"Macro"
"3949";"DEFL_IGPF";NA;NA;"Ativa";"FGV/Conj. Econ. - IGP";"Preços";"IGP-DI";"IGP-DI centrado no final do ano (preços 2015 = 1)";"Oculta";"Internet";375;0;0;"Incluída em 11/out/2001.";"Gerada";"DEFL";"Oculta";"Macro"
"3950";"DEFL_INPCF";NA;NA;"Ativa";"IBGE/SNIPC";"Preços";"INPC";"INPC centrado no final do ano (preços 2015 = 1)";"Oculta";"Internet";375;0;0;"Incluída em 11/out/2001.";"Gerada";"DEFL";"Oculta";"Macro"
"3951";"DEFL_IPCAF";NA;NA;"Ativa";"IBGE/SNIPC";"Preços";"IPCA";"IPCA centrado no final do ano (preços 2015 = 1)";"Oculta";"Internet";375;0;0;"Incluída em 11/out/2001.";"Gerada";"DEFL";"Oculta";"Macro"
"3952";"DEFL12_IGP12";NA;NA;"Ativa";"FGV/Conj. Econ. - IGP";"Preços";"IGP-DI";"IGP-DI (preços mar. 2016 = 1)";"Oculta";"Internet";10;0;0;"Incluída em 11/out/2001.";"Gerada";"DEFL12";"Oculta";"Macro"
"3953";"DEFL12_INPC12";NA;NA;"Ativa";"IBGE/SNIPC";"Preços";"INPC";"INPC (preços fev. 2016 = 1)";"Oculta";"Internet";10;0;0;"Incluída em 11/out/2001.";"Gerada";"DEFL12";"Oculta";"Macro"
"3954";"DEFL12_IPCA12";NA;NA;"Ativa";"IBGE/SNIPC";"Preços";"IPCA";"IPCA (preços fev. 2016 = 1)";"Oculta";"Internet";10;0;0;"Incluída em 11/out/2001.";"Gerada";"DEFL12";"Oculta";"Macro"
"3955";"DEFL12_IGPF12";NA;NA;"Ativa";"FGV/Conj. Econ. - IGP";"Preços";"IGP-DI";"IGP-DI centrado no final de mês (preços fev. 2016 = 1)";"Oculta";"Internet";40;0;0;"Incluída em 11/out/2001.";"Gerada";"DEFL12";"Oculta";"Macro"
"3956";"DEFL12_INPCF12";NA;NA;"Ativa";"IBGE/SNIPC";"Preços";"INPC";"INPC centrado no final de mês (preços jan. 2016 = 1)";"Oculta";"Internet";40;0;0;"Incluída em 11/out/2001.";"Gerada";"DEFL12";"Oculta";"Macro"
"3957";"DEFL12_IPCAF12";NA;NA;"Ativa";"IBGE/SNIPC";"Preços";"IPCA";"IPCA centrado no final de mês (preços jan. 2016 = 1)";"Oculta";"Internet";40;0;0;"Incluída em 11/out/2001.";"Gerada";"DEFL12";"Oculta";"Macro"
"3958";"DEFL4_IGP4";NA;NA;"Ativa";"FGV/Conj. Econ. - IGP";"Preços";"IGP-DI";"IGP-DI (preços 2016 I = 1)";"Oculta";"Internet";10;0;0;"Incluída em 11/out/2001.";"Gerada";"DEFL4";"Oculta";"Macro"
"3959";"DEFL4_INPC4";NA;NA;"Ativa";"IBGE/SNIPC";"Preços";"INPC";"INPC (preços 2015 IV = 1)";"Oculta";"Internet";10;0;0;"Incluída em 11/out/2001.";"Gerada";"DEFL4";"Oculta";"Macro"
"3960";"DEFL4_IPCA4";NA;NA;"Ativa";"IBGE/SNIPC";"Preços";"IPCA";"IPCA (preços 2015 IV = 1)";"Oculta";"Internet";10;0;0;"Incluída em 11/out/2001.";"Gerada";"DEFL4";"Oculta";"Macro"
"3961";"DEFL4_IGPF4";NA;NA;"Ativa";"FGV/Conj. Econ. - IGP";"Preços";"IGP-DI";"IGP-DI centrado no final do trimestre (preços 2015 IV = 1)";"Oculta";"Internet";100;0;0;"Incluída em 11/out/2001.";"Gerada";"DEFL4";"Oculta";"Macro"
"3962";"DEFL4_INPCF4";NA;NA;"Ativa";"IBGE/SNIPC";"Preços";"INPC";"INPC centrado no final do trimestre (preços 2015 IV = 1)";"Oculta";"Internet";100;0;0;"Incluída em 11/out/2001.";"Gerada";"DEFL4";"Oculta";"Macro"
"3963";"DEFL4_IPCAF4";NA;NA;"Ativa";"IBGE/SNIPC";"Preços";"IPCA";"IPCA centrado no final do trimestre (preços 2015 IV = 1)";"Oculta";"Internet";100;0;0;"Incluída em 11/out/2001.";"Gerada";"DEFL4";"Oculta";"Macro"
"3964";"SCN4_DICFPPG4";8;244;"Inativa";"IBGE/SCN 2000 Trim.";"Contas nacionais";"Consumo final - famílias - deflator implícito - var. - ref. 2000";"Consumo final das famílias - deflator implícito - var. - referência 2000";"Não oculta";"Intranet";90;0;0;"Incluída em 03 / maio / 2007.";"Gerada";"SCN4";"Intranet";"Macro"
"3965";"SCN4_DICFGGG4";4;347;"Inativa";"IBGE/SCN 2000 Trim.";"Contas nacionais";"Consumo final - adm. pública - deflator implícito - var. - ref. 2000";"Consumo final da administração pública - deflator implícito - var. - referência 2000";"Não oculta";"Intranet";90;0;0;"Incluída em 03 / maio / 2007.";"Gerada";"SCN4";"Intranet";"Macro"
"3966";"SCN4_DIFBKG4";28;87;"Inativa";"IBGE/SCN 2000 Trim.";"Contas nacionais";"Capital - formação bruta - deflator implícito - var. - ref. 2000";"Formação bruta de capital - deflator implícito - var. - referência 2000";"Não oculta";"Intranet";90;0;0;"Incluída em 03 / maio / 2007.";"Gerada";"SCN4";"Intranet";"Macro"
"3967";"SCN4_DIXBSZG4";3;393;"Inativa";"IBGE/SCN 2000 Trim.";"Contas nacionais";"Exportações - bens e serviços - deflator implícito - var. - ref. 2000";"Exportações de bens e serviços - deflator implícito - var. - referência 2000";"Não oculta";"Intranet";90;0;0;"Incluída em 03 / maio / 2007.";"Gerada";"SCN4";"Intranet";"Macro"
"3968";"SCN4_DIMBSZG4";3;393;"Inativa";"IBGE/SCN 2000 Trim.";"Contas nacionais";"Importações - bens e serviços - deflator implícito - var. - ref. 2000";"Importações de bens e serviços - deflator implícito - var. - referência 2000";"Não oculta";"Intranet";90;0;0;"Incluída em 03 / maio / 2007.";"Gerada";"SCN4";"Intranet";"Macro"
"3969";"SCN4_DIPIBG4";146;11;"Inativa";"IBGE/SCN 2000 Trim.";"Contas nacionais";"PIB - deflator implícito - var. - ref. 2000";"Produto interno bruto (PIB) - deflator implícito: variação - referência 2000";"Não oculta";"Intranet";90;0;0;"Incluída em 03 / maio / 2007.";"Gerada";"SCN4";"Intranet";"Macro"
"3970";"CE4_CUTBMC4";44;53;"Inativa";"FGV/Conj. Econômica Inativa";"Produção";"Utilização da capacidade instalada - indústria - material para construção";"Utilização da capacidade instalada na indústria de material para construção (antiga metodologia)";"Não oculta";"Internet";0;0;0;"Incluída em 26/nov/2001.";NA;"CE4";"Internet";"Macro"
"3971";"CE4_CUTBI4";32;71;"Inativa";"FGV/Conj. Econômica Inativa";"Produção";"Utilização da capacidade instalada - indústria - bens intermediários";"Utilização da capacidade instalada na indústria de bens intermediários (antiga metodologia)";"Não oculta";"Internet";0;0;0;"Incluída em 26/nov/2001.";NA;"CE4";"Internet";"Macro"
"3972";"CE2_ATEEGA2";NA;NA;"Inativa";"FGV/Conj. Econ.";"Preços";"Preços de terras - arrendamentos - estada e/ou engorda de animais";"Preços de terras para arrendamentos de estada e/ou engorda de animais";"Oculta";"Intranet";120;0;0;"Incluída em 26/nov/2001.";NA;"CE2";"Oculta";"Macro"
"3973";"CE2_ATEXA2";NA;NA;"Inativa";"FGV/Conj. Econ.";"Preços";"Preços de terras - arrendamentos - explorações animais";"Preços de terras para arrendamentos de explorações animais";"Oculta";"Intranet";120;0;0;"Incluída em 26/nov/2001.";NA;"CE2";"Oculta";"Macro"
"3974";"CE2_ATLAV2";NA;NA;"Inativa";"FGV/Conj. Econ.";"Preços";"Preços de terras - arrendamentos - lavouras";"Preços de terras para arrendamentos de lavouras";"Oculta";"Intranet";120;0;0;"Incluída em 26/nov/2001.";NA;"CE2";"Oculta";"Macro"
"3975";"CE2_PVTC2";1;1;"Inativa";"FGV/Conj. Econ.";"Preços";"Preços de terras - vendas - campos";"Preços de terras no campos para vendas";"Oculta";"Intranet";120;0;0;"Incluída em 26/nov/2001.";NA;"CE2";"Oculta";"Macro"
"3976";"CE2_PVTLAV2";NA;NA;"Inativa";"FGV/Conj. Econ.";"Preços";"Preços de terras - vendas - lavouras";"Preços de terras de lavouras para vendas";"Oculta";"Intranet";120;0;0;"Incluída em 26/nov/2001.";NA;"CE2";"Oculta";"Macro"
"3977";"CE2_PVTMAT2";NA;NA;"Inativa";"FGV/Conj. Econ.";"Preços";"Preços de terras - vendas - matas";"Preços de terras de matas para vendas";"Oculta";"Intranet";120;0;0;"Incluída em 26/nov/2001.";NA;"CE2";"Oculta";"Macro"
"3978";"CE2_PVTPAS2";NA;NA;"Inativa";"FGV/Conj. Econ.";"Preços";"Preços de terras - vendas - pastagens";"Preços de terras de pastagens para vendas";"Oculta";"Intranet";120;0;0;"Incluída em 26/nov/2001.";NA;"CE2";"Oculta";"Macro"
"3979";"CE2_RTAEV2";NA;NA;"Inativa";"FGV/Conj. Econ.";"Salário e renda";"Remuneração do trabalho agrícola - trabalhador eventual";"Remuneração do trabalho agrícola do trabalhador eventual";"Oculta";"Intranet";120;0;0;"Incluída em 26/nov/2001.";NA;"CE2";"Oculta";"Macro"
"3980";"CE2_RTAPER2";NA;NA;"Inativa";"FGV/Conj. Econ.";"Salário e renda";"Remuneração do trabalho agrícola - trabalhador permanente";"Remuneração do trabalho agrícola do trabalhador permanente";"Oculta";"Intranet";120;0;0;"Incluída em 26/nov/2001.";NA;"CE2";"Oculta";"Macro"
"3981";"CE2_RTAADM2";NA;NA;"Inativa";"FGV/Conj. Econ.";"Salário e renda";"Remuneração do trabalho agrícola - administrador";"Remuneração do trabalho agrícola do administrador";"Oculta";"Intranet";120;0;0;"Incluída em 26/nov/2001.";NA;"CE2";"Oculta";"Macro"
"3982";"CE2_RTACAP2";NA;NA;"Inativa";"FGV/Conj. Econ.";"Salário e renda";"Remuneração do trabalho agrícola - capataz";"Remuneração do trabalho agrícola do capataz";"Oculta";"Intranet";120;0;0;"Incluída em 26/nov/2001.";NA;"CE2";"Oculta";"Macro"
"3983";"CE2_RTATRA2";NA;NA;"Inativa";"FGV/Conj. Econ.";"Salário e renda";"Remuneração do trabalho agrícola - tratorista";"Remuneração do trabalho agrícola do tratorista";"Oculta";"Intranet";120;0;0;"Incluída em 26/nov/2001.";NA;"CE2";"Oculta";"Macro"
"3984";"CE2_SEACAM2";NA;NA;"Inativa";"FGV/Conj. Econ.";"Preços";"Serviço de empreitada agrícola - caminhão";"Serviço de empreitada agrícola - caminhão";"Oculta";"Intranet";120;0;0;"Incluída em 26/nov/2001.";NA;"CE2";"Oculta";"Macro"
"3985";"CE2_SEATRAA2";NA;NA;"Inativa";"FGV/Conj. Econ.";"Preços";"Serviço de empreitada agrícola - tração animal";"Serviço de empreitada agrícola - tração animal";"Oculta";"Intranet";120;0;0;"Incluída em 26/nov/2001.";NA;"CE2";"Oculta";"Macro"
"3986";"CE2_SEATRANF2";NA;NA;"Inativa";"FGV/Conj. Econ.";"Preços";"Serviço de empreitada agrícola - transporte fluvial";"Serviço de empreitada agrícola - transporte fluvial";"Oculta";"Intranet";120;0;0;"Incluída em 26/nov/2001.";NA;"CE2";"Oculta";"Macro"
"3987";"CE2_SEATRA2";NA;NA;"Inativa";"FGV/Conj. Econ.";"Preços";"Serviço de empreitada agrícola - trator";"Serviço de empreitada agrícola - trator";"Oculta";"Intranet";120;0;0;"Incluída em 26/nov/2001.";NA;"CE2";"Oculta";"Macro"
"3988";"HIST_ICVRJ";20;518;"Inativa";"Outras fontes";"Preços";"Inflação - Custo de vida - RJ - índice (média 1912 = 100)";"Inflação - Custo de vida - cidade do Rio de Janeiro - índice (média 1912 = 100)";"Não oculta";"Internet";90;0;1;"Incluída em 28/nov/2001.";NA;"HIST";"Internet";"Macro"
"3989";"BM12_DEXSPY12";192;50;"Ativa";"Bacen/Not. Imp./F. Púb.";"Finanças públicas";"Dívida externa - setor público - líquida";"Dívida externa líquida do setor público";"Não oculta";"Internet";30;0;0;"Incluída em 28/nov/2001.";NA;"BM12";"Internet";"Macro"
"3990";"GM366_IBVSP366";379;5;"Ativa";"BM&FBovespa";"Financeiras";"Índice de ações - Ibovespa - fechamento";"Índice de ações: Ibovespa - fechamento";"Não oculta";"Internet";1;0;0;"Incluída em 03/dez/2001.";NA;"GM366";"Internet";"Macro"
"3991";"GM366_ERC366";474;4;"Ativa";"Bacen Outras/SGS";"Câmbio";"Taxa de câmbio - R$ / US$ - comercial - compra - média";"Taxa de câmbio comercial para compra: real (R$) / dólar americano (US$) - média";"Não oculta";"Internet";1;0;0;"Incluída em 03/dez/2001.";NA;"GM366";"Internet";"Macro"
"3992";"GM366_EREURO366";149;7;"Ativa";"Bacen Outras/SGS";"Câmbio";"Zona do Euro - taxa de câmbio - euro / US$ - média";"Zona do Euro - taxa de câmbio: euro / dólar americano - média";"Não oculta";"Internet";1;0;0;"Incluída em 03/dez/2001.";NA;"GM366";"Internet";"Macro"
"3993";"GM366_ERPV366";125;10;"Inativa";"Valor Econômico";"Câmbio";"Taxa de câmbio - R$ / US$ - paralelo - venda - média";"Taxa de câmbio paralelo para venda: real (R$) / dólar americano (US$) - média";"Não oculta";"Internet";1;0;1;"Incluída em 03/dez/2001.";NA;"GM366";"Internet";"Macro"
"3994";"GM366_ERV366";493;3;"Ativa";"Bacen Outras/SGS";"Câmbio";"Taxa de câmbio - R$ / US$ - comercial - venda - média";"Taxa de câmbio comercial para venda: real (R$) / dólar americano (US$) - média";"Não oculta";"Internet";1;0;0;"Incluída em 03/dez/2001.";NA;"GM366";"Internet";"Macro"
"3995";"GM366_TJCDBPRE366";105;13;"Inativa";"IPEA";"Financeiras";"Taxa de juros - CDB / pré-fixado";"Taxa de juros: CDB / pré-fixado";"Não oculta";"Internet";0;0;0;"Incluída em 03/dez/2001.";NA;"GM366";"Internet";"Macro"
"3996";"GM366_TJOVER366";1186;1;"Ativa";"Bacen Outras/SGS";"Financeiras";"Taxa de juros - Over / Selic";"Taxa de juros: Overnight / Selic";"Não oculta";"Internet";1;0;0;"Incluída em 03/dez/2001.";NA;"GM366";"Internet";"Macro"
"3997";"GM366_TJTR366";140;8;"Ativa";"Bacen Outras/SGS";"Financeiras";"Taxa de juros - TR";"Taxa de juros: TR";"Não oculta";"Internet";1;0;0;"Incluída em 03/dez/2001.";NA;"GM366";"Internet";"Macro"
"3998";"IFS_ALUMP";6;1048;"Inativa";"FMI/IFS";"Economia internacional";"Commodities - alumínio - cotação internacional";"Commodities - alumínio - cotação internacional";"Não oculta";"Internet";90;0;0;"Incluída em 20/dez/2001.";NA;"IFS";"Internet";"Macro"
"3999";"IFS_BEEFP";7;991;"Inativa";"FMI/IFS";"Economia internacional";"Commodities - carne  - cotação internacional";"Commodities - carne  - cotação internacional";"Não oculta";"Internet";90;0;0;"Incluída em 20/dez/2001.";NA;"IFS";"Internet";"Macro"
"4000";"IFS_CAMBALE";10;818;"Inativa";"FMI/IFS";"Economia internacional";"taxa de câmbio - marco alemão / US$ - média";"taxa de câmbio - marco alemão / US$ - média";"Não oculta";"Internet";30;0;0;"Incluída em 20/dez/2001.";NA;"IFS";"Internet";"Macro"
"4001";"IFS_CAMBARG";15;639;"Inativa";"FMI/IFS";"Economia internacional";"taxa de câmbio - peso argentino / US$ - média";"taxa de câmbio - peso argentino / US$ - média";"Não oculta";"Internet";30;0;0;"Incluída em 20/dez/2001.";NA;"IFS";"Internet";"Macro"
"4002";"IFS_CAMBBEL";1;1606;"Inativa";"FMI/IFS";"Economia internacional";"taxa de câmbio - franco belga / US$ - média";"taxa de câmbio - franco belga / US$ - média";"Não oculta";"Internet";30;0;0;"Incluída em 20/dez/2001.";NA;"IFS";"Internet";"Macro"
"4003";"IFS_CAMBCAN";1;1606;"Inativa";"FMI/IFS";"Economia internacional";"taxa de câmbio - dólar canadense / US$ - média";"taxa de câmbio - dólar canadense / US$ - média";"Não oculta";"Internet";30;0;0;"Incluída em 20/dez/2001.";NA;"IFS";"Internet";"Macro"
"4004";"IFS_CAMBCHI";1;1606;"Inativa";"FMI/IFS";"Economia internacional";"taxa de câmbio - peso chileno / US$ - média";"taxa de câmbio - peso chileno / US$ - média";"Não oculta";"Internet";30;0;0;"Incluída em 20/dez/2001.";NA;"IFS";"Internet";"Macro"
"4005";"IFS_CAMBCOR";1;1606;"Inativa";"FMI/IFS";"Economia internacional";"taxa de câmbio - won sul-coreano / US$ - média";"taxa de câmbio - won sul-coreano / US$ - média";"Não oculta";"Internet";30;0;0;"Incluída em 20/dez/2001.";NA;"IFS";"Internet";"Macro"
"4006";"IFS_CAMBESP";NA;NA;"Inativa";"FMI/IFS";"Economia internacional";"taxa de câmbio - peseta espanhola / US$ - média";"taxa de câmbio - peseta espanhola / US$ - média";"Não oculta";"Internet";30;0;0;"Incluída em 20/dez/2001.";NA;"IFS";"Internet";"Macro"
"4007";"IFS_CAMBEURO";2;1445;"Inativa";"FMI/IFS";"Economia internacional";"taxa de câmbio - euro / US$ - média";"taxa de câmbio - euro / US$ - média";"Não oculta";"Internet";30;0;0;"Incluída em 20/dez/2001.";NA;"IFS";"Internet";"Macro"
"4008";"IFS_CAMBFRA";NA;NA;"Inativa";"FMI/IFS";"Economia internacional";"taxa de câmbio - franco francês / US$ - média";"taxa de câmbio - franco francês / US$ - média";"Não oculta";"Internet";30;0;0;"Incluída em 20/dez/2001.";NA;"IFS";"Internet";"Macro"
"4009";"IFS_CAMBHOL";NA;NA;"Inativa";"FMI/IFS";"Economia internacional";"taxa de câmbio - florim holandês / US$ - média";"taxa de câmbio - florim holandês / US$ - média";"Não oculta";"Internet";30;0;0;"Incluída em 20/dez/2001.";NA;"IFS";"Internet";"Macro"
"4010";"IFS_CAMBITA";NA;NA;"Inativa";"FMI/IFS";"Economia internacional";"taxa de câmbio - lira italiana / US$ - média";"taxa de câmbio - lira italiana / US$ - média";"Não oculta";"Internet";30;0;0;"Incluída em 20/dez/2001.";NA;"IFS";"Internet";"Macro"
"4011";"IFS_CAMBJAP";10;818;"Inativa";"FMI/IFS";"Economia internacional";"taxa de câmbio - iene japonês / US$ - média";"taxa de câmbio - iene japonês / US$ - média";"Não oculta";"Internet";30;0;0;"Incluída em 20/dez/2001.";NA;"IFS";"Internet";"Macro"
"4012";"IFS_CAMBMEX";1;1606;"Inativa";"FMI/IFS";"Economia internacional";"taxa de câmbio - peso novo mexicano / US$ - média";"taxa de câmbio - peso novo mexicano / US$ - média";"Não oculta";"Internet";30;0;0;"Incluída em 20/dez/2001.";NA;"IFS";"Internet";"Macro"
"4013";"IFS_CAMBPAR";NA;NA;"Inativa";"FMI/IFS";"Economia internacional";"taxa de câmbio - guarani paraguaio / US$ - média";"taxa de câmbio - guarani paraguaio / US$ - média";"Não oculta";"Internet";30;0;0;"Incluída em 20/dez/2001.";NA;"IFS";"Internet";"Macro"
"4014";"IFS_CAMBUK";1;1606;"Inativa";"FMI/IFS";"Economia internacional";"taxa de câmbio - libra esterlina / US$ - média";"taxa de câmbio - libra esterlina / US$ - média";"Não oculta";"Internet";30;0;0;"Incluída em 20/dez/2001.";NA;"IFS";"Internet";"Macro"
"4015";"IFS_CAMBURU";2;1445;"Inativa";"FMI/IFS";"Economia internacional";"taxa de câmbio - peso uruguaio / US$ - média";"taxa de câmbio - peso uruguaio / US$ - média";"Não oculta";"Internet";30;0;0;"Incluída em 20/dez/2001.";NA;"IFS";"Internet";"Macro"
"4016";"IFS_EUATCNE";11;772;"Inativa";"FMI/IFS";"Economia internacional";"taxa de câmbio - efetiva - índice (média 2005 = 100)";"taxa de câmbio - efetiva - índice (média 2005 = 100)";"Não oculta";"Internet";30;0;0;"Incluída em 20/dez/2001.";NA;"IFS";"Internet";"Macro"
"4017";"IFS_EUROTCNE";1;1606;"Inativa";"FMI/IFS";"Economia internacional";"taxa de câmbio - efetiva - índice (média 2005 = 100)";"taxa de câmbio - efetiva - índice (média 2005 = 100)";"Não oculta";"Internet";30;0;0;"Incluída em 20/dez/2001.";NA;"IFS";"Internet";"Macro"
"4018";"IFS_GDPALE";31;376;"Inativa";"FMI/IFS";"Economia internacional";"PIB - índice (média 2005 = 100)";"PIB - índice (média 2005 = 100)";"Não oculta";"Internet";90;0;0;"Incluída em 20/dez/2001.";NA;"IFS";"Internet";"Macro"
"4019";"IFS_GDPALEN";4;1216;"Inativa";"FMI/IFS";"Economia internacional";"PIB";"Produto interno bruto (PIB)";"Não oculta";"Internet";90;0;0;"Incluída em 20/dez/2001.";NA;"IFS";"Internet";"Macro"
"4020";"IFS_GDPARG";47;256;"Inativa";"FMI/IFS";"Economia internacional";"PIB - índice (média 2005 = 100)";"PIB - índice (média 2005 = 100)";"Não oculta";"Internet";90;0;0;"Incluída em 20/dez/2001.";NA;"IFS";"Internet";"Macro"
"4021";"IFS_GDPARGN";22;488;"Inativa";"FMI/IFS";"Economia internacional";"PIB";"Produto interno bruto (PIB)";"Não oculta";"Internet";90;0;0;"Incluída em 20/dez/2001.";NA;"IFS";"Internet";"Macro"
"4022";"IFS_GDPBEL";8;932;"Inativa";"FMI/IFS";"Economia internacional";"PIB - índice (média 2005 = 100)";"PIB - índice (média 2005 = 100)";"Não oculta";"Internet";90;0;0;"Incluída em 20/dez/2001.";NA;"IFS";"Internet";"Macro"
"4023";"IFS_GDPBELN";1;1606;"Inativa";"FMI/IFS";"Economia internacional";"PIB";"Produto interno bruto (PIB)";"Não oculta";"Internet";90;0;0;"Incluída em 20/dez/2001.";NA;"IFS";"Internet";"Macro"
"4024";"IFS_GDPCAN";10;818;"Inativa";"FMI/IFS";"Economia internacional";"PIB - índice (média 2005 = 100)";"PIB - índice (média 2005 = 100)";"Não oculta";"Internet";90;0;0;"Incluída em 20/dez/2001.";NA;"IFS";"Internet";"Macro"
"4025";"IFS_GDPCANN";3;1315;"Inativa";"FMI/IFS";"Economia internacional";"PIB";"Produto interno bruto (PIB)";"Não oculta";"Internet";90;0;0;"Incluída em 20/dez/2001.";NA;"IFS";"Internet";"Macro"
"4026";"IFS_GDPCHI";27;421;"Inativa";"FMI/IFS";"Economia internacional";"PIB - índice (média 2005 = 100)";"PIB - índice (média 2005 = 100)";"Não oculta";"Internet";90;0;0;"Incluída em 20/dez/2001.";NA;"IFS";"Internet";"Macro"
"4027";"IFS_GDPCHIN";10;818;"Inativa";"FMI/IFS";"Economia internacional";"PIB";"Produto interno bruto (PIB)";"Não oculta";"Internet";90;0;0;"Incluída em 20/dez/2001.";NA;"IFS";"Internet";"Macro"
"4028";"IFS_GDPCOR";27;421;"Inativa";"FMI/IFS";"Economia internacional";"PIB - índice (média 2005 = 100)";"PIB - índice (média 2005 = 100)";"Não oculta";"Internet";90;0;0;"Incluída em 20/dez/2001.";NA;"IFS";"Internet";"Macro"
"4029";"IFS_GDPCORN";1;1606;"Inativa";"FMI/IFS";"Economia internacional";"PIB";"Produto interno bruto (PIB)";"Não oculta";"Internet";90;0;0;"Incluída em 20/dez/2001.";NA;"IFS";"Internet";"Macro"
"4030";"IFS_GDPESP";11;772;"Inativa";"FMI/IFS";"Economia internacional";"PIB - índice (média 2005 = 100)";"PIB - índice (média 2005 = 100)";"Não oculta";"Internet";90;0;0;"Incluída em 20/dez/2001.";NA;"IFS";"Internet";"Macro"
"4031";"IFS_GDPESPN";NA;NA;"Inativa";"FMI/IFS";"Economia internacional";"PIB";"Produto interno bruto (PIB)";"Não oculta";"Internet";90;0;0;"Incluída em 20/dez/2001.";NA;"IFS";"Internet";"Macro"
"4032";"IFS_GDPEUA";52;233;"Inativa";"FMI/IFS";"Economia internacional";"PIB - índice (média 2005 = 100)";"PIB - índice (média 2005 = 100)";"Não oculta";"Internet";90;0;0;"Incluída em 20/dez/2001.";NA;"IFS";"Internet";"Macro"
"4033";"IFS_GDPEUAN";47;256;"Inativa";"FMI/IFS";"Economia internacional";"PIB";"Produto interno bruto (PIB)";"Não oculta";"Internet";90;0;0;"Incluída em 20/dez/2001.";NA;"IFS";"Internet";"Macro"
"4034";"IFS_GDPEURO";5;1138;"Inativa";"FMI/IFS";"Economia internacional";"PIB - índice (média 2005 = 100)";"PIB - índice (média 2005 = 100)";"Não oculta";"Internet";90;0;0;"Incluída em 20/dez/2001.";NA;"IFS";"Internet";"Macro"
"4035";"IFS_GDPEURON";3;1315;"Inativa";"FMI/IFS";"Economia internacional";"PIB";"Produto interno bruto (PIB)";"Não oculta";"Internet";90;0;0;"Incluída em 20/dez/2001.";NA;"IFS";"Internet";"Macro"
"4036";"IFS_GDPFRA";17;594;"Inativa";"FMI/IFS";"Economia internacional";"PIB - índice (média 2005 = 100)";"PIB - índice (média 2005 = 100)";"Não oculta";"Internet";90;0;0;"Incluída em 20/dez/2001.";NA;"IFS";"Internet";"Macro"
"4037";"IFS_GDPFRAN";3;1315;"Inativa";"FMI/IFS";"Economia internacional";"PIB";"Produto interno bruto (PIB)";"Não oculta";"Internet";90;0;0;"Incluída em 20/dez/2001.";NA;"IFS";"Internet";"Macro"
"4038";"IFS_GDPHOL";4;1216;"Inativa";"FMI/IFS";"Economia internacional";"PIB - índice (média 2005 = 100)";"PIB - índice (média 2005 = 100)";"Não oculta";"Internet";90;0;0;"Incluída em 20/dez/2001.";NA;"IFS";"Internet";"Macro"
"4039";"IFS_GDPHOLN";NA;NA;"Inativa";"FMI/IFS";"Economia internacional";"PIB";"Produto interno bruto (PIB)";"Não oculta";"Internet";90;0;0;"Incluída em 20/dez/2001.";NA;"IFS";"Internet";"Macro"
"4040";"IFS_GDPITA";11;772;"Inativa";"FMI/IFS";"Economia internacional";"PIB - índice (média 2005 = 100)";"PIB - índice (média 2005 = 100)";"Não oculta";"Internet";90;0;0;"Incluída em 20/dez/2001.";NA;"IFS";"Internet";"Macro"
"4041";"IFS_GDPITAN";NA;NA;"Inativa";"FMI/IFS";"Economia internacional";"PIB";"Produto interno bruto (PIB)";"Não oculta";"Internet";90;0;0;"Incluída em 20/dez/2001.";NA;"IFS";"Internet";"Macro"
"4042";"IFS_GDPJAP";25;444;"Inativa";"FMI/IFS";"Economia internacional";"PIB - índice (média 2005 = 100)";"PIB - índice (média 2005 = 100)";"Não oculta";"Internet";90;0;0;"Incluída em 20/dez/2001.";NA;"IFS";"Internet";"Macro"
"4043";"IFS_GDPJAPN";5;1138;"Inativa";"FMI/IFS";"Economia internacional";"PIB";"Produto interno bruto (PIB)";"Não oculta";"Internet";90;0;0;"Incluída em 20/dez/2001.";NA;"IFS";"Internet";"Macro"
"4044";"IFS_GDPMEX";18;565;"Inativa";"FMI/IFS";"Economia internacional";"PIB - índice (média 2005 = 100)";"PIB - índice (média 2005 = 100)";"Não oculta";"Internet";90;0;0;"Incluída em 20/dez/2001.";NA;"IFS";"Internet";"Macro"
"4045";"IFS_GDPMEXN";4;1216;"Inativa";"FMI/IFS";"Economia internacional";"PIB";"Produto interno bruto (PIB)";"Não oculta";"Internet";90;0;0;"Incluída em 20/dez/2001.";NA;"IFS";"Internet";"Macro"
"4046";"IFS_GDPPAR";14;680;"Inativa";"FMI/IFS";"Economia internacional";"PIB - índice (média 2005 = 100)";"PIB - índice (média 2005 = 100)";"Não oculta";"Internet";90;0;0;"Incluída em 20/dez/2001.";NA;"IFS";"Internet";"Macro"
"4047";"IFS_GDPPARN";1;1606;"Inativa";"FMI/IFS";"Economia internacional";"PIB";"Produto interno bruto (PIB)";"Não oculta";"Internet";90;0;0;"Incluída em 20/dez/2001.";NA;"IFS";"Internet";"Macro"
"4048";"IFS_GDPUK";12;739;"Inativa";"FMI/IFS";"Economia internacional";"PIB - índice (média 2005 = 100)";"PIB - índice (média 2005 = 100)";"Não oculta";"Internet";90;0;0;"Incluída em 20/dez/2001.";NA;"IFS";"Internet";"Macro"
"4049";"IFS_GDPUKN";NA;NA;"Inativa";"FMI/IFS";"Economia internacional";"PIB";"Produto interno bruto (PIB)";"Não oculta";"Internet";90;0;0;"Incluída em 20/dez/2001.";NA;"IFS";"Internet";"Macro"
"4050";"IFS_GDPURU";7;991;"Inativa";"FMI/IFS";"Economia internacional";"PIB - índice (média 2005 = 100)";"PIB - índice (média 2005 = 100)";"Não oculta";"Internet";90;0;0;"Incluída em 20/dez/2001.";NA;"IFS";"Internet";"Macro"
"4051";"IFS_GDPURUN";2;1445;"Inativa";"FMI/IFS";"Economia internacional";"PIB";"Produto interno bruto (PIB)";"Não oculta";"Internet";90;0;0;"Incluída em 20/dez/2001.";NA;"IFS";"Internet";"Macro"
"4052";"IFS_IPAARG";10;818;"Inativa";"FMI/IFS";"Economia internacional";"IPA - índice (média 2005 = 100)";"IPA - índice (média 2005 = 100)";"Não oculta";"Internet";90;0;0;"Incluída em 20/dez/2001.";NA;"IFS";"Internet";"Macro"
"4053";"IFS_IPABEL";9;871;"Inativa";"FMI/IFS";"Economia internacional";"IPA - índice (média 2005 = 100)";"IPA - índice (média 2005 = 100)";"Não oculta";"Internet";90;0;0;"Incluída em 20/dez/2001.";NA;"IFS";"Internet";"Macro"
"4054";"IFS_IPACAN";11;772;"Inativa";"FMI/IFS";"Economia internacional";"IPA - índice (média 2005 = 100)";"IPA - índice (média 2005 = 100)";"Não oculta";"Internet";90;0;0;"Incluída em 20/dez/2001.";NA;"IFS";"Internet";"Macro"
"4055";"IFS_IPACHI";12;739;"Inativa";"FMI/IFS";"Economia internacional";"IPA - índice (média 2005 = 100)";"IPA - índice (média 2005 = 100)";"Não oculta";"Internet";90;0;0;"Incluída em 20/dez/2001.";NA;"IFS";"Internet";"Macro"
"4056";"IFS_IPACOR";8;932;"Inativa";"FMI/IFS";"Economia internacional";"IPA - índice (média 2005 = 100)";"IPA - índice (média 2005 = 100)";"Não oculta";"Internet";90;0;0;"Incluída em 20/dez/2001.";NA;"IFS";"Internet";"Macro"
"4057";"IFS_IPAESP";5;1138;"Inativa";"FMI/IFS";"Economia internacional";"IPA - índice (média 2005 = 100)";"IPA - índice (média 2005 = 100)";"Não oculta";"Internet";90;0;0;"Incluída em 20/dez/2001.";NA;"IFS";"Internet";"Macro"
"4058";"IFS_IPAEUA";28;415;"Inativa";"FMI/IFS";"Economia internacional";"IPA - índice (média 2005 = 100)";"IPA - índice (média 2005 = 100)";"Não oculta";"Internet";90;0;0;"Incluída em 20/dez/2001.";NA;"IFS";"Internet";"Macro"
"4059";"IFS_IPAEURO";NA;NA;"Inativa";"FMI/IFS";"Economia internacional";"IPA - índice (média 2005 = 100)";"IPA - índice (média 2005 = 100)";"Não oculta";"Internet";90;0;0;"Incluída em 20/dez/2001.";NA;"IFS";"Internet";"Macro"
"4060";"IFS_IPAHOL";5;1138;"Inativa";"FMI/IFS";"Economia internacional";"IPA - índice (média 2005 = 100)";"IPA - índice (média 2005 = 100)";"Não oculta";"Internet";90;0;0;"Incluída em 20/dez/2001.";NA;"IFS";"Internet";"Macro"
"4061";"IFS_IPAITA";5;1138;"Inativa";"FMI/IFS";"Economia internacional";"IPA - índice (média 2005 = 100)";"IPA - índice (média 2005 = 100)";"Não oculta";"Internet";90;0;0;"Incluída em 20/dez/2001.";NA;"IFS";"Internet";"Macro"
"4062";"IFS_IPAJAP";10;818;"Inativa";"FMI/IFS";"Economia internacional";"IPA - índice (média 2005 = 100)";"IPA - índice (média 2005 = 100)";"Não oculta";"Internet";90;0;0;"Incluída em 20/dez/2001.";NA;"IFS";"Internet";"Macro"
"4063";"IFS_IPAMEX";5;1138;"Inativa";"FMI/IFS";"Economia internacional";"IPA - índice (média 2005 = 100)";"IPA - índice (média 2005 = 100)";"Não oculta";"Internet";90;0;0;"Incluída em 20/dez/2001.";NA;"IFS";"Internet";"Macro"
"4064";"IFS_IPAPAR";5;1138;"Inativa";"FMI/IFS";"Economia internacional";"IPA - índice (média 2005 = 100)";"IPA - índice (média 2005 = 100)";"Não oculta";"Internet";90;0;0;"Incluída em 20/dez/2001.";NA;"IFS";"Internet";"Macro"
"4065";"IFS_IPAUALE";7;991;"Inativa";"FMI/IFS";"Economia internacional";"IPA - índice (média 2005 = 100)";"IPA - índice (média 2005 = 100)";"Não oculta";"Internet";90;0;0;"Incluída em 20/dez/2001.";NA;"IFS";"Internet";"Macro"
"4066";"IFS_IPAUK";5;1138;"Inativa";"FMI/IFS";"Economia internacional";"IPA - índice (média 2005 = 100)";"IPA - índice (média 2005 = 100)";"Não oculta";"Internet";90;0;1;"Incluída em 20/dez/2001.";NA;"IFS";"Internet";"Macro"
"4067";"IFS_IPAURU";5;1138;"Inativa";"FMI/IFS";"Economia internacional";"IPA - índice (média 2005 = 100)";"IPA - índice (média 2005 = 100)";"Não oculta";"Internet";90;0;0;"Incluída em 20/dez/2001.";NA;"IFS";"Internet";"Macro"
"4068";"IFS_IPCALE";12;739;"Inativa";"FMI/IFS";"Economia internacional";"IPC - índice (média 2005 = 100)";"IPC - índice (média 2005 = 100)";"Não oculta";"Internet";90;0;0;"Incluída em 20/dez/2001.";NA;"IFS";"Internet";"Macro"
"4069";"IFS_IPCARG";6;1048;"Inativa";"FMI/IFS";"Economia internacional";"IPC - índice (média 2005 = 100)";"IPC - índice (média 2005 = 100)";"Não oculta";"Internet";90;0;0;"Incluída em 20/dez/2001.";NA;"IFS";"Internet";"Macro"
"4070";"IFS_IPCBEL";3;1315;"Inativa";"FMI/IFS";"Economia internacional";"IPC - índice (média 2005 = 100)";"IPC - índice (média 2005 = 100)";"Não oculta";"Internet";90;0;0;"Incluída em 20/dez/2001.";NA;"IFS";"Internet";"Macro"
"4071";"IFS_IPCCAN";5;1138;"Inativa";"FMI/IFS";"Economia internacional";"IPC - índice (média 2005 = 100)";"IPC - índice (média 2005 = 100)";"Não oculta";"Internet";90;0;0;"Incluída em 20/dez/2001.";NA;"IFS";"Internet";"Macro"
"4072";"IFS_IPCCHI";6;1048;"Inativa";"FMI/IFS";"Economia internacional";"IPC - índice (média 2005 = 100)";"IPC - índice (média 2005 = 100)";"Não oculta";"Internet";90;0;0;"Incluída em 20/dez/2001.";NA;"IFS";"Internet";"Macro"
"4073";"IFS_IPCCOR";3;1315;"Inativa";"FMI/IFS";"Economia internacional";"IPC - índice (média 2005 = 100)";"IPC - índice (média 2005 = 100)";"Não oculta";"Internet";90;0;0;"Incluída em 20/dez/2001.";NA;"IFS";"Internet";"Macro"
"4074";"IFS_IPCESP";2;1445;"Inativa";"FMI/IFS";"Economia internacional";"IPC - índice (média 2005 = 100)";"IPC - índice (média 2005 = 100)";"Não oculta";"Internet";90;0;0;"Incluída em 20/dez/2001.";NA;"IFS";"Internet";"Macro"
"4075";"IFS_IPCEUA";35;335;"Inativa";"FMI/IFS";"Economia internacional";"IPC - índice (média 2005 = 100)";"IPC - índice (média 2005 = 100)";"Não oculta";"Internet";90;0;0;"Incluída em 20/dez/2001.";NA;"IFS";"Internet";"Macro"
"4076";"IFS_IPCEURO";1;1606;"Inativa";"FMI/IFS";"Economia internacional";"IPC - índice (média 2005 = 100)";"IPC - índice (média 2005 = 100)";"Não oculta";"Internet";90;0;0;"Incluída em 20/dez/2001.";NA;"IFS";"Internet";"Macro"
"4077";"IFS_IPCFRA";7;991;"Inativa";"FMI/IFS";"Economia internacional";"IPC - índice (média 2005 = 100)";"IPC - índice (média 2005 = 100)";"Não oculta";"Internet";90;0;0;"Incluída em 20/dez/2001.";NA;"IFS";"Internet";"Macro"
"4078";"IFS_IPCHOL";1;1606;"Inativa";"FMI/IFS";"Economia internacional";"IPC - índice (média 2005 = 100)";"IPC - índice (média 2005 = 100)";"Não oculta";"Internet";90;0;0;"Incluída em 20/dez/2001.";NA;"IFS";"Internet";"Macro"
"4079";"IFS_IPCITA";4;1216;"Inativa";"FMI/IFS";"Economia internacional";"IPC - índice (média 2005 = 100)";"IPC - índice (média 2005 = 100)";"Não oculta";"Internet";90;0;0;"Incluída em 20/dez/2001.";NA;"IFS";"Internet";"Macro"
"4080";"IFS_IPCJAP";6;1048;"Inativa";"FMI/IFS";"Economia internacional";"IPC - índice (média 2005 = 100)";"IPC - índice (média 2005 = 100)";"Não oculta";"Internet";90;0;0;"Incluída em 20/dez/2001.";NA;"IFS";"Internet";"Macro"
"4081";"IFS_IPCMEX";3;1315;"Inativa";"FMI/IFS";"Economia internacional";"IPC - índice (média 2005 = 100)";"IPC - índice (média 2005 = 100)";"Não oculta";"Internet";90;0;0;"Incluída em 20/dez/2001.";NA;"IFS";"Internet";"Macro"
"4082";"IFS_IPCPAR";3;1315;"Inativa";"FMI/IFS";"Economia internacional";"IPC - índice (média 2005 = 100)";"IPC - índice (média 2005 = 100)";"Não oculta";"Internet";90;0;0;"Incluída em 20/dez/2001.";NA;"IFS";"Internet";"Macro"
"4083";"IFS_IPCUK";1;1606;"Inativa";"FMI/IFS";"Economia internacional";"IPC - índice (média 2005 = 100)";"IPC - índice (média 2005 = 100)";"Não oculta";"Internet";90;0;0;"Incluída em 20/dez/2001.";NA;"IFS";"Internet";"Macro"
"4084";"IFS_IPCURU";1;1606;"Inativa";"FMI/IFS";"Economia internacional";"IPC - índice (média 2005 = 100)";"IPC - índice (média 2005 = 100)";"Não oculta";"Internet";90;0;0;"Incluída em 20/dez/2001.";NA;"IFS";"Internet";"Macro"
"4085";"IFS_SOJAF";6;1048;"Inativa";"FMI/IFS";"Economia internacional";"Commodities - soja em farelo - cotação internacional";"Commodities - soja em farelo - cotação internacional";"Não oculta";"Internet";90;0;0;"Incluída em 20/dez/2001.";NA;"IFS";"Internet";"Macro"
"4086";"IFS_SOJAGP";26;432;"Inativa";"FMI/IFS";"Economia internacional";"Commodities - soja em grão - cotação internacional";"Commodities - soja em grão - cotação internacional";"Não oculta";"Internet";90;0;0;"Incluída em 20/dez/2001.";NA;"IFS";"Internet";"Macro"
"4087";"IFS_SOJAOP";12;739;"Inativa";"FMI/IFS";"Economia internacional";"Commodities - óleo de soja - cotação internacional";"Commodities - óleo de soja - cotação internacional";"Não oculta";"Internet";90;0;0;"Incluída em 20/dez/2001.";NA;"IFS";"Internet";"Macro"
"4088";"IFS_TJBANKACMEX";5;1138;"Inativa";"FMI/IFS";"Economia internacional";"taxa de juros - aceites bancários";"taxa de juros - aceites bancários";"Não oculta";"Internet";90;0;0;"Incluída em 20/dez/2001.";NA;"IFS";"Internet";"Macro"
"4089";"IFS_TJCALLALE";29;401;"Inativa";"FMI/IFS";"Economia internacional";"taxa de juros - call money";"taxa de juros - call money";"Não oculta";"Internet";90;0;0;"Incluída em 20/dez/2001.";NA;"IFS";"Internet";"Macro"
"4090";"IFS_TJCALLESP";6;1048;"Inativa";"FMI/IFS";"Economia internacional";"taxa de juros - call money";"taxa de juros - call money";"Não oculta";"Internet";90;0;0;"Incluída em 20/dez/2001.";NA;"IFS";"Internet";"Macro"
"4091";"IFS_TJCALLFRA";14;680;"Inativa";"FMI/IFS";"Economia internacional";"taxa de juros - call money";"taxa de juros - call money";"Não oculta";"Internet";90;0;0;"Incluída em 20/dez/2001.";NA;"IFS";"Internet";"Macro"
"4092";"IFS_TJCALLHOL";3;1315;"Inativa";"FMI/IFS";"Economia internacional";"taxa de juros - call money";"taxa de juros - call money";"Não oculta";"Internet";90;0;0;"Incluída em 20/dez/2001.";NA;"IFS";"Internet";"Macro"
"4093";"IFS_TJCALLJAP";20;518;"Inativa";"FMI/IFS";"Economia internacional";"taxa de juros - call money";"taxa de juros - call money";"Não oculta";"Internet";90;0;0;"Incluída em 20/dez/2001.";NA;"IFS";"Internet";"Macro"
"4094";"IFS_TJCALLPAR";NA;NA;"Inativa";"FMI/IFS";"Economia internacional";"taxa de juros - money market";"taxa de juros - money market";"Não oculta";"Internet";90;0;0;"Incluída em 20/dez/2001. Mudar de IFS12_TJCALLPAR12 para IFS12_ TJMMPAR12.";NA;"IFS";"Internet";"Macro"
"4095";"IFS_TJCMBEL";1;1606;"Inativa";"FMI/IFS";"Economia internacional";"taxa de juros - call money";"taxa de juros - call money";"Não oculta";"Internet";90;0;0;"Incluída em 20/dez/2001.";NA;"IFS";"Internet";"Macro"
"4096";"IFS_TJCPEUA";4;1216;"Inativa";"FMI/IFS";"Economia internacional";"taxa de juros - commercial paper - maturidade 3 meses";"taxa de juros - commercial paper - maturidade 3 meses";"Não oculta";"Internet";90;0;0;"Incluída em 20/dez/2001.";NA;"IFS";"Internet";"Macro"
"4097";"IFS_TJDEUA";19;538;"Inativa";"FMI/IFS";"Economia internacional";"taxa de juros - taxa de desconto - fim período";"taxa de juros - taxa de desconto - fim período";"Não oculta";"Internet";90;0;0;"Incluída em 20/dez/2001.";NA;"IFS";"Internet";"Macro"
"4098";"IFS_TJEDLUK";NA;NA;"Inativa";"FMI/IFS";"Economia internacional";"taxa de juros - eurodólar Londres";"taxa de juros - eurodólar Londres";"Não oculta";"Internet";90;0;0;"Incluída em 20/dez/2001.";NA;"IFS";"Internet";"Macro"
"4099";"IFS_TJFFEUA";31;376;"Inativa";"FMI/IFS";"Economia internacional";"taxa de juros - fundos federais";"taxa de juros - fundos federais";"Não oculta";"Internet";90;0;0;"Incluída em 20/dez/2001.";NA;"IFS";"Internet";"Macro"
"4100";"IFS_TJGBY10AEUA";12;739;"Inativa";"FMI/IFS";"Economia internacional";"taxa de juros - bônus governamental - maturidade 10 anos";"taxa de juros - bônus governamental - maturidade 10 anos";"Não oculta";"Internet";90;0;0;"Incluída em 20/dez/2001.";NA;"IFS";"Internet";"Macro"
"4101";"IFS_TJGBY3AEUA";10;818;"Inativa";"FMI/IFS";"Economia internacional";"taxa de juros - bônus governamental - maturidade 3 anos";"taxa de juros - bônus governamental - maturidade 3 anos";"Não oculta";"Internet";90;0;0;"Incluída em 20/dez/2001.";NA;"IFS";"Internet";"Macro"
"4102";"IFS_TJINT3MEURO";2;1445;"Inativa";"FMI/IFS";"Economia internacional";"taxa de juros - interbancária - maturidade 3 meses";"taxa de juros - interbancária - maturidade 3 meses";"Não oculta";"Internet";90;0;0;"Incluída em 20/dez/2001.";NA;"IFS";"Internet";"Macro"
"4103";"IFS_TJMMARG";12;739;"Inativa";"FMI/IFS";"Economia internacional";"taxa de juros - money market";"taxa de juros - money market";"Não oculta";"Internet";90;0;0;"Incluída em 20/dez/2001.";NA;"IFS";"Internet";"Macro"
"4104";"IFS_TJMMCHI";2;1445;"Inativa";"FMI/IFS";"Economia internacional";"taxa de juros - money market";"taxa de juros - money market";"Não oculta";"Internet";90;0;0;"Incluída em 20/dez/2001.";NA;"IFS";"Internet";"Macro"
"4105";"IFS_TJMMCOR";NA;NA;"Inativa";"FMI/IFS";"Economia internacional";"taxa de juros - money market";"taxa de juros - money market";"Não oculta";"Internet";90;0;0;"Incluída em 20/dez/2001.";NA;"IFS";"Internet";"Macro"
"4106";"IFS_TJMMITA";1;1606;"Inativa";"FMI/IFS";"Economia internacional";"taxa de juros - money market";"taxa de juros - money market";"Não oculta";"Internet";90;0;0;"Incluída em 20/dez/2001.";NA;"IFS";"Internet";"Macro"
"4107";"IFS_TJMMURU";2;1445;"Inativa";"FMI/IFS";"Economia internacional";"taxa de juros - money market";"taxa de juros - money market";"Não oculta";"Internet";90;0;0;"Incluída em 20/dez/2001.";NA;"IFS";"Internet";"Macro"
"4108";"IFS_TJOVERCAN";1;1606;"Inativa";"FMI/IFS";"Economia internacional";"taxa de juros - mercado interbancário - over";"taxa de juros - mercado interbancário - over";"Não oculta";"Internet";90;0;0;"Incluída em 20/dez/2001.";NA;"IFS";"Internet";"Macro"
"4109";"IFS_TJOVERUK";NA;NA;"Inativa";"FMI/IFS";"Economia internacional";"taxa de juros - interbancária mínima - over";"taxa de juros - interbancária mínima - over";"Não oculta";"Internet";90;0;0;"Incluída em 20/dez/2001.";NA;"IFS";"Internet";"Macro"
"4110";"IFS_TJPRIMEUA";36;326;"Inativa";"FMI/IFS";"Economia internacional";"taxa de juros - Prime";"taxa de juros - Prime";"Não oculta";"Internet";90;0;0;"Incluída em 20/dez/2001.";NA;"IFS";"Internet";"Macro"
"4111";"IFS_TJTB3MEUA";2;1445;"Inativa";"FMI/IFS";"Economia internacional";"taxa de juros - Notas do Tesouro - maturidade 3 meses";"taxa de juros - Notas do Tesouro - maturidade 3 meses";"Não oculta";"Internet";90;0;0;"Incluída em 20/dez/2001.";NA;"IFS";"Internet";"Macro"
"4112";"IFS_TJTBEUA";11;772;"Inativa";"FMI/IFS";"Economia internacional";"taxa de juros - Notas do Tesouro";"taxa de juros - Notas do Tesouro";"Não oculta";"Internet";90;0;0;"Incluída em 20/dez/2001.";NA;"IFS";"Internet";"Macro"
"4113";"IFS_USEER";30;386;"Inativa";"FMI/IFS";"Economia internacional";"taxa de câmbio - efetiva real - índice (média 2005 = 100) - dólar americano;";"taxa de câmbio - efetiva real - índice (média 2005 = 100) - dólar americano;";"Não oculta";"Internet";30;0;0;"Incluída em 20/dez/2001.";NA;"IFS";"Internet";"Macro"
"4114";"IFS_IPAFRA";4;1216;"Inativa";"FMI/IFS";"Economia internacional";"IPA - industrial - índice (média 2005 = 100)";"IPA - industrial - índice (média 2005 = 100)";"Não oculta";"Internet";90;0;0;"Incluída em 20/dez/2001.";NA;"IFS";"Internet";"Macro"
"4115";"IFS_IPMW";4;1216;"Inativa";"FMI/IFS";"Economia internacional";"importações - índice de preços (média 2005 = 100)";"importações - índice de preços (média 2005 = 100)";"Não oculta";"Internet";90;0;0;"Incluída em 20/dez/2001.";NA;"IFS";"Internet";"Macro"
"4116";"IFS_IPXW";3;1315;"Inativa";"FMI/IFS";"Economia internacional";"exportações - índice de preços (média 2005 = 100)";"exportações - índice de preços (média 2005 = 100)";"Não oculta";"Internet";90;0;0;"Incluída em 20/dez/2001.";NA;"IFS";"Internet";"Macro"
"4117";"IFS_MWN";30;386;"Inativa";"FMI/IFS";"Economia internacional";"importações";"importações";"Não oculta";"Internet";90;0;0;"Incluída em 20/dez/2001.";NA;"IFS";"Internet";"Macro"
"4118";"IFS_XWN";33;353;"Inativa";"FMI/IFS";"Economia internacional";"exportações";"exportações";"Não oculta";"Internet";90;0;0;"Incluída em 20/dez/2001.";NA;"IFS";"Internet";"Macro"
"4119";"IFS12_ALUMP12";25;491;"Inativa";"FMI/IFS";"Economia internacional";"Commodities - alumínio - cotação internacional";"Commodities - alumínio - cotação internacional";"Não oculta";"Internet";60;0;0;"Incluída em 20/dez/2001.";NA;"IFS12";"Internet";"Macro"
"4120";"IFS12_BEEFP12";12;812;"Inativa";"FMI/IFS";"Economia internacional";"Commodities - carne  - cotação internacional";"Commodities - carne  - cotação internacional";"Não oculta";"Internet";60;0;0;"Incluída em 20/dez/2001.";NA;"IFS12";"Internet";"Macro"
"4121";"IFS12_CAMBALE12";2;1480;"Inativa";"FMI/IFS";"Economia internacional";"taxa de câmbio - marco alemão / US$ - média";"taxa de câmbio - marco alemão / US$ - média";"Não oculta";"Internet";0;0;0;"Incluída em 20/dez/2001.";"Geradora";"IFS12";"Internet";"Macro"
"4122";"IFS12_CAMBARG12";53;245;"Inativa";"FMI/IFS";"Economia internacional";"taxa de câmbio - peso argentino / US$ - média";"taxa de câmbio - peso argentino / US$ - média";"Não oculta";"Internet";5;0;0;"Incluída em 20/dez/2001.";"Geradora";"IFS12";"Internet";"Macro"
"4123";"IFS12_CAMBBEL12";NA;NA;"Inativa";"FMI/IFS";"Economia internacional";"taxa de câmbio - franco belga / US$ - média";"taxa de câmbio - franco belga / US$ - média";"Não oculta";"Internet";0;0;0;"Incluída em 20/dez/2001.";"Geradora";"IFS12";"Internet";"Macro"
"4124";"IFS12_CAMBCAN12";1;1628;"Inativa";"FMI/IFS";"Economia internacional";"taxa de câmbio - dólar canadense / US$ - média";"taxa de câmbio - dólar canadense / US$ - média";"Não oculta";"Internet";5;0;0;"Incluída em 20/dez/2001.";"Geradora";"IFS12";"Internet";"Macro"
"4125";"IFS12_CAMBCHI12";16;690;"Inativa";"FMI/IFS";"Economia internacional";"taxa de câmbio - peso chileno / US$ - média";"taxa de câmbio - peso chileno / US$ - média";"Não oculta";"Internet";5;0;0;"Incluída em 20/dez/2001.";"Geradora";"IFS12";"Internet";"Macro"
"4126";"IFS12_CAMBCOR12";3;1356;"Inativa";"FMI/IFS";"Economia internacional";"taxa de câmbio - won sul-coreano / US$ - média";"taxa de câmbio - won sul-coreano / US$ - média";"Não oculta";"Internet";5;0;0;"Incluída em 20/dez/2001.";"Geradora";"IFS12";"Internet";"Macro"
"4127";"IFS12_CAMBESP12";NA;NA;"Inativa";"FMI/IFS";"Economia internacional";"taxa de câmbio - peseta espanhola / US$ - média";"taxa de câmbio - peseta espanhola / US$ - média";"Não oculta";"Internet";0;0;0;"Incluída em 20/dez/2001.";"Geradora";"IFS12";"Internet";"Macro"
"4128";"IFS12_CAMBEURO12";24;508;"Inativa";"FMI/IFS";"Economia internacional";"taxa de câmbio - euro / US$ - média";"taxa de câmbio - euro / US$ - média";"Não oculta";"Internet";5;0;0;"Incluída em 20/dez/2001.";"Geradora";"IFS12";"Internet";"Macro"
"4129";"IFS12_CAMBFRA12";NA;NA;"Inativa";"FMI/IFS";"Economia internacional";"taxa de câmbio - franco francês / US$ - média";"taxa de câmbio - franco francês / US$ - média";"Não oculta";"Internet";0;0;0;"Incluída em 20/dez/2001.";"Geradora";"IFS12";"Internet";"Macro"
"4130";"IFS12_CAMBHOL12";NA;NA;"Inativa";"FMI/IFS";"Economia internacional";"taxa de câmbio - florim holandês / US$ - média";"taxa de câmbio - florim holandês / US$ - média";"Não oculta";"Internet";0;0;0;"Incluída em 20/dez/2001.";"Geradora";"IFS12";"Internet";"Macro"
"4131";"IFS12_CAMBITA12";NA;NA;"Inativa";"FMI/IFS";"Economia internacional";"taxa de câmbio - lira italiana / US$ - média";"taxa de câmbio - lira italiana / US$ - média";"Não oculta";"Internet";0;0;0;"Incluída em 20/dez/2001.";"Geradora";"IFS12";"Internet";"Macro"
"4132";"IFS12_CAMBJAP12";12;812;"Inativa";"FMI/IFS";"Economia internacional";"taxa de câmbio - iene japonês / US$ - média";"taxa de câmbio - iene japonês / US$ - média";"Não oculta";"Internet";5;0;0;"Incluída em 20/dez/2001.";"Geradora";"IFS12";"Internet";"Macro"
"4133";"IFS12_CAMBMEX12";10;894;"Inativa";"FMI/IFS";"Economia internacional";"taxa de câmbio - peso novo mexicano / US$ - média";"taxa de câmbio - peso novo mexicano / US$ - média";"Não oculta";"Internet";5;0;0;"Incluída em 20/dez/2001.";"Geradora";"IFS12";"Internet";"Macro"
"4134";"IFS12_CAMBPAR12";3;1356;"Inativa";"FMI/IFS";"Economia internacional";"taxa de câmbio - guarani paraguaio / US$ - média";"taxa de câmbio - guarani paraguaio / US$ - média";"Não oculta";"Internet";5;0;0;"Incluída em 20/dez/2001.";NA;"IFS12";"Internet";"Macro"
"4135";"IFS12_CAMBUK12";25;491;"Inativa";"FMI/IFS";"Economia internacional";"taxa de câmbio - libra esterlina / US$ - média";"taxa de câmbio - libra esterlina / US$ - média";"Não oculta";"Internet";5;0;0;"Incluída em 20/dez/2001.";"Geradora";"IFS12";"Internet";"Macro"
"4136";"IFS12_CAMBURU12";1;1628;"Inativa";"FMI/IFS";"Economia internacional";"taxa de câmbio - peso uruguaio / US$ - média";"taxa de câmbio - peso uruguaio / US$ - média";"Não oculta";"Internet";5;0;0;"Incluída em 20/dez/2001.";NA;"IFS12";"Internet";"Macro"
"4137";"IFS12_EUATCNE12";22;542;"Inativa";"FMI/IFS";"Economia internacional";"taxa de câmbio - efetiva - índice (média 2005 = 100)";"taxa de câmbio - efetiva - índice (média 2005 = 100)";"Não oculta";"Internet";60;0;0;"Incluída em 20/dez/2001.";NA;"IFS12";"Internet";"Macro"
"4138";"IFS12_EUROTCNE12";7;1050;"Inativa";"FMI/IFS";"Economia internacional";"taxa de câmbio - efetiva - índice (média 2005 = 100)";"taxa de câmbio - efetiva - índice (média 2005 = 100)";"Não oculta";"Internet";60;0;0;"Incluída em 20/dez/2001.";NA;"IFS12";"Internet";"Macro"
"4139";"IFS12_IPAARG12";22;542;"Inativa";"FMI/IFS";"Economia internacional";"IPA - índice (média 2005 = 100)";"IPA - índice (média 2005 = 100)";"Não oculta";"Internet";60;0;0;"Incluída em 20/dez/2001.";NA;"IFS12";"Internet";"Macro"
"4140";"IFS12_IPABEL12";2;1480;"Inativa";"FMI/IFS";"Economia internacional";"IPA - índice (média 2005 = 100)";"IPA - índice (média 2005 = 100)";"Não oculta";"Internet";60;0;0;"Incluída em 20/dez/2001.";"Geradora";"IFS12";"Internet";"Macro"
"4141";"IFS12_IPACAN12";4;1262;"Inativa";"FMI/IFS";"Economia internacional";"IPA - índice (média 2005 = 100)";"IPA - índice (média 2005 = 100)";"Não oculta";"Internet";60;0;0;"Incluída em 20/dez/2001.";"Geradora";"IFS12";"Internet";"Macro"
"4142";"IFS12_IPACHI12";6;1117;"Inativa";"FMI/IFS";"Economia internacional";"IPA - índice (média 2005 = 100)";"IPA - índice (média 2005 = 100)";"Não oculta";"Internet";60;0;0;"Incluída em 20/dez/2001.";"Geradora";"IFS12";"Internet";"Macro"
"4143";"IFS12_IPACOR12";3;1356;"Inativa";"FMI/IFS";"Economia internacional";"IPA - índice (média 2005 = 100)";"IPA - índice (média 2005 = 100)";"Não oculta";"Internet";60;0;0;"Incluída em 20/dez/2001.";"Geradora";"IFS12";"Internet";"Macro"
"4144";"IFS12_IPAESP12";4;1262;"Inativa";"FMI/IFS";"Economia internacional";"IPA - índice (média 2005 = 100)";"IPA - índice (média 2005 = 100)";"Não oculta";"Internet";60;0;0;"Incluída em 20/dez/2001.";"Geradora";"IFS12";"Internet";"Macro"
"4145";"IFS12_IPAEUA12";19;621;"Inativa";"FMI/IFS";"Economia internacional";"IPA - índice (média 2005 = 100)";"IPA - índice (média 2005 = 100)";"Não oculta";"Internet";60;0;0;"Incluída em 20/dez/2001.";"Geradora";"IFS12";"Internet";"Macro"
"4146";"IFS12_IPAEURO12";2;1480;"Inativa";"FMI/IFS";"Economia internacional";"IPA - índice (média 2005 = 100)";"IPA - índice (média 2005 = 100)";"Não oculta";"Internet";60;0;0;"Incluída em 20/dez/2001.";NA;"IFS12";"Internet";"Macro"
"4147";"IFS12_IPAFRA12";4;1262;"Inativa";"FMI/IFS";"Economia internacional";"IPA - industrial - índice (média 2005 = 100)";"IPA - industrial - índice (média 2005 = 100)";"Não oculta";"Internet";60;0;0;"Incluída em 20/dez/2001.";NA;"IFS12";"Internet";"Macro"
"4148";"IFS12_IPAHOL12";4;1262;"Inativa";"FMI/IFS";"Economia internacional";"IPA - índice (média 2005 = 100)";"IPA - índice (média 2005 = 100)";"Não oculta";"Internet";60;0;0;"Incluída em 20/dez/2001.";"Geradora";"IFS12";"Internet";"Macro"
"4149";"IFS12_IPAITA12";2;1480;"Inativa";"FMI/IFS";"Economia internacional";"IPA - índice (média 2005 = 100)";"IPA - índice (média 2005 = 100)";"Não oculta";"Internet";60;0;0;"Incluída em 20/dez/2001.";NA;"IFS12";"Internet";"Macro"
"4150";"IFS12_IPAJAP12";5;1176;"Inativa";"FMI/IFS";"Economia internacional";"IPA - índice (média 2005 = 100)";"IPA - índice (média 2005 = 100)";"Não oculta";"Internet";60;0;0;"Incluída em 20/dez/2001.";"Geradora";"IFS12";"Internet";"Macro"
"4151";"IFS12_IPAMEX12";8;996;"Inativa";"FMI/IFS";"Economia internacional";"IPA - índice (média 2005 = 100)";"IPA - índice (média 2005 = 100)";"Não oculta";"Internet";60;0;0;"Incluída em 20/dez/2001.";NA;"IFS12";"Internet";"Macro"
"4152";"IFS12_IPAPAR12";6;1117;"Inativa";"FMI/IFS";"Economia internacional";"IPA - índice (média 2005 = 100)";"IPA - índice (média 2005 = 100)";"Não oculta";"Internet";60;0;0;"Incluída em 20/dez/2001.";NA;"IFS12";"Internet";"Macro"
"4153";"IFS12_IPAUALE12";11;856;"Inativa";"FMI/IFS";"Economia internacional";"IPA - índice (média 2005 = 100)";"IPA - índice (média 2005 = 100)";"Não oculta";"Internet";60;0;0;"Incluída em 20/dez/2001.";"Geradora";"IFS12";"Internet";"Macro"
"4154";"IFS12_IPAUK12";7;1050;"Inativa";"FMI/IFS";"Economia internacional";"IPA - índice (média 2005 = 100)";"IPA - índice (média 2005 = 100)";"Não oculta";"Internet";60;0;0;"Incluída em 20/dez/2001.";"Geradora";"IFS12";"Internet";"Macro"
"4155";"IFS12_IPAURU12";2;1480;"Inativa";"FMI/IFS";"Economia internacional";"IPA - índice (média 2005 = 100)";"IPA - índice (média 2005 = 100)";"Não oculta";"Internet";60;0;0;"Incluída em 20/dez/2001.";NA;"IFS12";"Internet";"Macro"
"4156";"IFS12_IPCALE12";11;856;"Inativa";"FMI/IFS";"Economia internacional";"IPC - índice (média 2005 = 100)";"IPC - índice (média 2005 = 100)";"Não oculta";"Internet";60;0;0;"Incluída em 20/dez/2001.";NA;"IFS12";"Internet";"Macro"
"4157";"IFS12_IPCARG12";26;472;"Inativa";"FMI/IFS";"Economia internacional";"IPC - índice (média 2005 = 100)";"IPC - índice (média 2005 = 100)";"Não oculta";"Internet";60;0;0;"Incluída em 20/dez/2001.";"Geradora";"IFS12";"Internet";"Macro"
"4158";"IFS12_IPCBEL12";1;1628;"Inativa";"FMI/IFS";"Economia internacional";"IPC - índice (média 2005 = 100)";"IPC - índice (média 2005 = 100)";"Não oculta";"Internet";60;0;0;"Incluída em 20/dez/2001.";NA;"IFS12";"Internet";"Macro"
"4159";"IFS12_IPCCAN12";3;1356;"Inativa";"FMI/IFS";"Economia internacional";"IPC - índice (média 2005 = 100)";"IPC - índice (média 2005 = 100)";"Não oculta";"Internet";60;0;0;"Incluída em 20/dez/2001.";NA;"IFS12";"Internet";"Macro"
"4160";"IFS12_IPCCHI12";8;996;"Inativa";"FMI/IFS";"Economia internacional";"IPC - índice (média 2005 = 100)";"IPC - índice (média 2005 = 100)";"Não oculta";"Internet";60;0;0;"Incluída em 20/dez/2001.";NA;"IFS12";"Internet";"Macro"
"4161";"IFS12_IPCCOR12";3;1356;"Inativa";"FMI/IFS";"Economia internacional";"IPC - índice (média 2005 = 100)";"IPC - índice (média 2005 = 100)";"Não oculta";"Internet";60;0;0;"Incluída em 20/dez/2001.";NA;"IFS12";"Internet";"Macro"
"4162";"IFS12_IPCESP12";5;1176;"Inativa";"FMI/IFS";"Economia internacional";"IPC - índice (média 2005 = 100)";"IPC - índice (média 2005 = 100)";"Não oculta";"Internet";60;0;0;"Incluída em 20/dez/2001.";NA;"IFS12";"Internet";"Macro"
"4163";"IFS12_IPCEUA12";61;205;"Inativa";"FMI/IFS";"Economia internacional";"IPC - índice (média 2005 = 100)";"IPC - índice (média 2005 = 100)";"Não oculta";"Internet";60;0;0;"Incluída em 20/dez/2001.";NA;"IFS12";"Internet";"Macro"
"4164";"IFS12_IPCEURO12";2;1480;"Inativa";"FMI/IFS";"Economia internacional";"IPC - índice (média 2005 = 100)";"IPC - índice (média 2005 = 100)";"Não oculta";"Internet";60;0;0;"Incluída em 20/dez/2001.";NA;"IFS12";"Internet";"Macro"
"4165";"IFS12_IPCFRA12";3;1356;"Inativa";"FMI/IFS";"Economia internacional";"IPC - índice (média 2005 = 100)";"IPC - índice (média 2005 = 100)";"Não oculta";"Internet";60;0;0;"Incluída em 20/dez/2001.";"Geradora";"IFS12";"Internet";"Macro"
"4166";"IFS12_IPCHOL12";NA;NA;"Inativa";"FMI/IFS";"Economia internacional";"IPC - índice (média 2005 = 100)";"IPC - índice (média 2005 = 100)";"Não oculta";"Internet";60;0;0;"Incluída em 20/dez/2001.";NA;"IFS12";"Internet";"Macro"
"4167";"IFS12_IPCITA12";3;1356;"Inativa";"FMI/IFS";"Economia internacional";"IPC - índice (média 2005 = 100)";"IPC - índice (média 2005 = 100)";"Não oculta";"Internet";60;0;0;"Incluída em 20/dez/2001.";"Geradora";"IFS12";"Internet";"Macro"
"4168";"IFS12_IPCJAP12";13;769;"Inativa";"FMI/IFS";"Economia internacional";"IPC - índice (média 2005 = 100)";"IPC - índice (média 2005 = 100)";"Não oculta";"Internet";60;0;0;"Incluída em 20/dez/2001.";NA;"IFS12";"Internet";"Macro"
"4169";"IFS12_IPCMEX12";2;1480;"Inativa";"FMI/IFS";"Economia internacional";"IPC - índice (média 2005 = 100)";"IPC - índice (média 2005 = 100)";"Não oculta";"Internet";60;0;0;"Incluída em 20/dez/2001.";"Geradora";"IFS12";"Internet";"Macro"
"4170";"IFS12_IPCPAR12";12;812;"Inativa";"FMI/IFS";"Economia internacional";"IPC - índice (média 2005 = 100)";"IPC - índice (média 2005 = 100)";"Não oculta";"Internet";60;0;0;"Incluída em 20/dez/2001.";NA;"IFS12";"Internet";"Macro"
"4171";"IFS12_IPCUK12";5;1176;"Inativa";"FMI/IFS";"Economia internacional";"IPC - índice (média 2005 = 100)";"IPC - índice (média 2005 = 100)";"Não oculta";"Internet";60;0;0;"Incluída em 20/dez/2001.";NA;"IFS12";"Internet";"Macro"
"4172";"IFS12_IPCURU12";3;1356;"Inativa";"FMI/IFS";"Economia internacional";"IPC - índice (média 2005 = 100)";"IPC - índice (média 2005 = 100)";"Não oculta";"Internet";60;0;0;"Incluída em 20/dez/2001.";NA;"IFS12";"Internet";"Macro"
"4173";"IFS12_IPMW12";7;1050;"Inativa";"FMI/IFS";"Economia internacional";"importações - índice de preços (média 2005 = 100)";"importações - índice de preços (média 2005 = 100)";"Não oculta";"Internet";60;0;0;"Incluída em 20/dez/2001.";NA;"IFS12";"Internet";"Macro"
"4174";"IFS12_IPXW12";11;856;"Inativa";"FMI/IFS";"Economia internacional";"exportações - índice de preços (média 2005 = 100)";"exportações - índice de preços (média 2005 = 100)";"Não oculta";"Internet";60;0;0;"Incluída em 20/dez/2001.";NA;"IFS12";"Internet";"Macro"
"4175";"IFS12_MWN12";16;690;"Inativa";"FMI/IFS";"Economia internacional";"importações";"importações";"Não oculta";"Internet";60;0;0;"Incluída em 20/dez/2001.";NA;"IFS12";"Internet";"Macro"
"4176";"IFS12_SOJAF12";34;381;"Inativa";"FMI/IFS";"Economia internacional";"Commodities - soja em farelo - cotação internacional";"Commodities - soja em farelo - cotação internacional";"Não oculta";"Internet";60;0;0;"Incluída em 20/dez/2001.";NA;"IFS12";"Internet";"Macro"
"4177";"IFS12_SOJAGP12";33;388;"Inativa";"FMI/IFS";"Economia internacional";"Commodities - soja em grão - cotação internacional";"Commodities - soja em grão - cotação internacional";"Não oculta";"Internet";60;0;0;"Incluída em 20/dez/2001.";NA;"IFS12";"Internet";"Macro"
"4178";"IFS12_SOJAOP12";16;690;"Inativa";"FMI/IFS";"Economia internacional";"Commodities - óleo de soja - cotação internacional";"Commodities - óleo de soja - cotação internacional";"Não oculta";"Internet";60;0;0;"Incluída em 20/dez/2001.";NA;"IFS12";"Internet";"Macro"
"4179";"IFS12_TJBANKACMEX12";14;737;"Inativa";"FMI/IFS";"Economia internacional";"taxa de juros - aceites bancários";"taxa de juros - aceites bancários";"Não oculta";"Internet";60;0;0;"Incluída em 20/dez/2001.";NA;"IFS12";"Internet";"Macro"
"4180";"IFS12_TJCALLALE12";17;667;"Inativa";"FMI/IFS";"Economia internacional";"taxa de juros - call money";"taxa de juros - call money";"Não oculta";"Internet";60;0;0;"Incluída em 20/dez/2001.";NA;"IFS12";"Internet";"Macro"
"4181";"IFS12_TJCALLESP12";4;1262;"Inativa";"FMI/IFS";"Economia internacional";"taxa de juros - call money";"taxa de juros - call money";"Não oculta";"Internet";60;0;0;"Incluída em 20/dez/2001.";NA;"IFS12";"Internet";"Macro"
"4182";"IFS12_TJCALLFRA12";4;1262;"Inativa";"FMI/IFS";"Economia internacional";"taxa de juros - call money";"taxa de juros - call money";"Não oculta";"Internet";60;0;0;"Incluída em 20/dez/2001.";NA;"IFS12";"Internet";"Macro"
"4183";"IFS12_TJCALLHOL12";4;1262;"Inativa";"FMI/IFS";"Economia internacional";"taxa de juros - call money";"taxa de juros - call money";"Não oculta";"Internet";60;0;0;"Incluída em 20/dez/2001.";NA;"IFS12";"Internet";"Macro"
"4184";"IFS12_TJCALLJAP12";9;946;"Inativa";"FMI/IFS";"Economia internacional";"taxa de juros - call money";"taxa de juros - call money";"Não oculta";"Internet";60;0;0;"Incluída em 20/dez/2001.";NA;"IFS12";"Internet";"Macro"
"4185";"IFS12_TJCALLPAR12";8;996;"Inativa";"FMI/IFS";"Economia internacional";"taxa de juros - money market";"taxa de juros - money market";"Não oculta";"Internet";60;0;0;"Incluída em 20/dez/2001. Mudar de IFS_TJCALLPAR para IFS_TJMMPAR.";NA;"IFS12";"Internet";"Macro"
"4186";"IFS12_TJCMBEL12";5;1176;"Inativa";"FMI/IFS";"Economia internacional";"taxa de juros - call money";"taxa de juros - call money";"Não oculta";"Internet";60;0;0;"Incluída em 20/dez/2001.";NA;"IFS12";"Internet";"Macro"
"4187";"IFS12_TJCPEUA12";4;1262;"Inativa";"FMI/IFS";"Economia internacional";"taxa de juros - commercial paper - maturidade 3 meses";"taxa de juros - commercial paper - maturidade 3 meses";"Não oculta";"Internet";60;0;0;"Incluída em 20/dez/2001.";NA;"IFS12";"Internet";"Macro"
"4188";"IFS12_TJDEUA12";21;569;"Inativa";"FMI/IFS";"Economia internacional";"taxa de juros - taxa de desconto - fim período";"taxa de juros - taxa de desconto - fim período";"Não oculta";"Internet";60;0;0;"Incluída em 20/dez/2001.";NA;"IFS12";"Internet";"Macro"
"4189";"IFS12_TJEDLUK12";11;856;"Inativa";"FMI/IFS";"Economia internacional";"taxa de juros - eurodólar Londres";"taxa de juros - eurodólar Londres";"Não oculta";"Internet";60;0;0;"Incluída em 20/dez/2001.";NA;"IFS12";"Internet";"Macro"
"4190";"IFS12_TJFFEUA12";54;238;"Inativa";"FMI/IFS";"Economia internacional";"taxa de juros - fundos federais";"taxa de juros - fundos federais";"Não oculta";"Internet";60;0;0;"Incluída em 20/dez/2001.";NA;"IFS12";"Internet";"Macro"
"4191";"IFS4_TJCALLPAR4";1;527;"Inativa";"FMI/IFS";"Economia internacional";"taxa de juros - money market";"taxa de juros - money market";"Não oculta";"Internet";90;0;0;"Incluída em 20/dez/2001. Mudar de IFS4_TJCALLPAR4 para IFS4_ TJMMPAR4.";NA;"IFS4";"Internet";"Macro"
"4192";"IFS12_TJGBY10AEUA12";18;647;"Inativa";"FMI/IFS";"Economia internacional";"taxa de juros - bônus governamental - maturidade 10 anos";"taxa de juros - bônus governamental - maturidade 10 anos";"Não oculta";"Internet";60;0;0;"Incluída em 20/dez/2001.";NA;"IFS12";"Internet";"Macro"
"4193";"IFS4_ALUMP4";2;436;"Inativa";"FMI/IFS";"Economia internacional";"Commodities - alumínio - cotação internacional";"Commodities - alumínio - cotação internacional";"Não oculta";"Internet";90;0;0;"Incluída em 20/dez/2001.";NA;"IFS4";"Internet";"Macro"
"4194";"IFS4_BEEFP4";1;527;"Inativa";"FMI/IFS";"Economia internacional";"Commodities - carne  - cotação internacional";"Commodities - carne  - cotação internacional";"Não oculta";"Internet";90;0;0;"Incluída em 20/dez/2001.";NA;"IFS4";"Internet";"Macro"
"4195";"IFS12_TJGBY3AEUA12";14;737;"Inativa";"FMI/IFS";"Economia internacional";"taxa de juros - bônus governamental - maturidade 3 anos";"taxa de juros - bônus governamental - maturidade 3 anos";"Não oculta";"Internet";60;0;0;"Incluída em 20/dez/2001.";NA;"IFS12";"Internet";"Macro"
"4196";"IFS4_CAMBALE4";1;527;"Inativa";"FMI/IFS";"Economia internacional";"taxa de câmbio - marco alemão / US$ - média";"taxa de câmbio - marco alemão / US$ - média";"Não oculta";"Internet";30;0;0;"Incluída em 20/dez/2001.";NA;"IFS4";"Internet";"Macro"
"4197";"IFS12_TJINT3MEURO12";17;667;"Inativa";"FMI/IFS";"Economia internacional";"taxa de juros - interbancária - maturidade 3 meses";"taxa de juros - interbancária - maturidade 3 meses";"Não oculta";"Internet";60;0;0;"Incluída em 20/dez/2001.";NA;"IFS12";"Internet";"Macro"
"4198";"IFS4_CAMBARG4";7;270;"Inativa";"FMI/IFS";"Economia internacional";"taxa de câmbio - peso argentino / US$ - média";"taxa de câmbio - peso argentino / US$ - média";"Não oculta";"Internet";30;0;0;"Incluída em 20/dez/2001.";NA;"IFS4";"Internet";"Macro"
"4199";"IFS4_CAMBBEL4";NA;NA;"Inativa";"FMI/IFS";"Economia internacional";"taxa de câmbio - franco belga / US$ - média";"taxa de câmbio - franco belga / US$ - média";"Não oculta";"Internet";30;0;0;"Incluída em 20/dez/2001.";NA;"IFS4";"Internet";"Macro"
"4200";"IFS12_TJMMARG12";42;313;"Inativa";"FMI/IFS";"Economia internacional";"taxa de juros - money market";"taxa de juros - money market";"Não oculta";"Internet";60;0;0;"Incluída em 20/dez/2001.";NA;"IFS12";"Internet";"Macro"
"4201";"IFS4_CAMBCAN4";NA;NA;"Inativa";"FMI/IFS";"Economia internacional";"taxa de câmbio - dólar canadense / US$ - média";"taxa de câmbio - dólar canadense / US$ - média";"Não oculta";"Internet";30;0;0;"Incluída em 20/dez/2001.";NA;"IFS4";"Internet";"Macro"
"4202";"IFS4_CAMBCHI4";NA;NA;"Inativa";"FMI/IFS";"Economia internacional";"taxa de câmbio - peso chileno / US$ - média";"taxa de câmbio - peso chileno / US$ - média";"Não oculta";"Internet";30;0;0;"Incluída em 20/dez/2001.";NA;"IFS4";"Internet";"Macro"
"4203";"IFS12_TJMMCHI12";20;593;"Inativa";"FMI/IFS";"Economia internacional";"taxa de juros - money market";"taxa de juros - money market";"Não oculta";"Internet";60;0;0;"Incluída em 20/dez/2001.";NA;"IFS12";"Internet";"Macro"
"4204";"IFS4_CAMBCOR4";NA;NA;"Inativa";"FMI/IFS";"Economia internacional";"taxa de câmbio - won sul-coreano / US$ - média";"taxa de câmbio - won sul-coreano / US$ - média";"Não oculta";"Internet";30;0;0;"Incluída em 20/dez/2001.";NA;"IFS4";"Internet";"Macro"
"4205";"IFS4_CAMBESP4";NA;NA;"Inativa";"FMI/IFS";"Economia internacional";"taxa de câmbio - peseta espanhola / US$ - média";"taxa de câmbio - peseta espanhola / US$ - média";"Não oculta";"Internet";30;0;0;"Incluída em 20/dez/2001.";NA;"IFS4";"Internet";"Macro"
"4206";"IFS12_TJMMCOR12";3;1356;"Inativa";"FMI/IFS";"Economia internacional";"taxa de juros - money market";"taxa de juros - money market";"Não oculta";"Internet";60;0;0;"Incluída em 20/dez/2001.";NA;"IFS12";"Internet";"Macro"
"4207";"IFS4_CAMBEURO4";5;315;"Inativa";"FMI/IFS";"Economia internacional";"taxa de câmbio - euro / US$ - média";"taxa de câmbio - euro / US$ - média";"Não oculta";"Internet";30;0;0;"Incluída em 20/dez/2001.";NA;"IFS4";"Internet";"Macro"
"4208";"IFS4_CAMBFRA4";NA;NA;"Inativa";"FMI/IFS";"Economia internacional";"taxa de câmbio - franco francês / US$ - média";"taxa de câmbio - franco francês / US$ - média";"Não oculta";"Internet";30;0;0;"Incluída em 20/dez/2001.";NA;"IFS4";"Internet";"Macro"
"4209";"IFS4_CAMBHOL4";NA;NA;"Inativa";"FMI/IFS";"Economia internacional";"taxa de câmbio - florim holandês / US$ - média";"taxa de câmbio - florim holandês / US$ - média";"Não oculta";"Internet";30;0;0;"Incluída em 20/dez/2001.";NA;"IFS4";"Internet";"Macro"
"4210";"IFS12_TJMMITA12";3;1356;"Inativa";"FMI/IFS";"Economia internacional";"taxa de juros - money market";"taxa de juros - money market";"Não oculta";"Internet";60;0;0;"Incluída em 20/dez/2001.";NA;"IFS12";"Internet";"Macro"
"4211";"IFS4_CAMBITA4";NA;NA;"Inativa";"FMI/IFS";"Economia internacional";"taxa de câmbio - lira italiana / US$ - média";"taxa de câmbio - lira italiana / US$ - média";"Não oculta";"Internet";30;0;0;"Incluída em 20/dez/2001.";NA;"IFS4";"Internet";"Macro"
"4212";"IFS12_TJMMURU12";2;1480;"Inativa";"FMI/IFS";"Economia internacional";"taxa de juros - money market";"taxa de juros - money market";"Não oculta";"Internet";60;0;0;"Incluída em 20/dez/2001.";NA;"IFS12";"Internet";"Macro"
"4213";"IFS4_CAMBJAP4";2;436;"Inativa";"FMI/IFS";"Economia internacional";"taxa de câmbio - iene japonês / US$ - média";"taxa de câmbio - iene japonês / US$ - média";"Não oculta";"Internet";30;0;0;"Incluída em 20/dez/2001.";NA;"IFS4";"Internet";"Macro"
"4214";"IFS12_TJOVERCAN12";4;1262;"Inativa";"FMI/IFS";"Economia internacional";"taxa de juros - mercado interbancário - over";"taxa de juros - mercado interbancário - over";"Não oculta";"Internet";60;0;0;"Incluída em 20/dez/2001.";NA;"IFS12";"Internet";"Macro"
"4215";"IFS4_CAMBMEX4";NA;NA;"Inativa";"FMI/IFS";"Economia internacional";"taxa de câmbio - peso novo mexicano / US$ - média";"taxa de câmbio - peso novo mexicano / US$ - média";"Não oculta";"Internet";30;0;0;"Incluída em 20/dez/2001.";NA;"IFS4";"Internet";"Macro"
"4216";"IFS12_TJOVERUK12";10;894;"Inativa";"FMI/IFS";"Economia internacional";"taxa de juros - interbancária mínima - over";"taxa de juros - interbancária mínima - over";"Não oculta";"Internet";60;0;0;"Incluída em 20/dez/2001.";NA;"IFS12";"Internet";"Macro"
"4217";"IFS4_CAMBPAR4";NA;NA;"Inativa";"FMI/IFS";"Economia internacional";"taxa de câmbio - guarani paraguaio / US$ - média";"taxa de câmbio - guarani paraguaio / US$ - média";"Não oculta";"Internet";30;0;0;"Incluída em 20/dez/2001.";NA;"IFS4";"Internet";"Macro"
"4218";"IFS12_TJPRIMEUA12";26;472;"Inativa";"FMI/IFS";"Economia internacional";"taxa de juros - Prime";"taxa de juros - Prime";"Não oculta";"Internet";60;0;0;"Incluída em 20/dez/2001.";NA;"IFS12";"Internet";"Macro"
"4219";"IFS4_CAMBUK4";NA;NA;"Inativa";"FMI/IFS";"Economia internacional";"taxa de câmbio - libra esterlina / US$ - média";"taxa de câmbio - libra esterlina / US$ - média";"Não oculta";"Internet";30;0;0;"Incluída em 20/dez/2001.";NA;"IFS4";"Internet";"Macro"
"4220";"IFS4_CAMBURU4";NA;NA;"Inativa";"FMI/IFS";"Economia internacional";"taxa de câmbio - peso uruguaio / US$ - média";"taxa de câmbio - peso uruguaio / US$ - média";"Não oculta";"Internet";30;0;0;"Incluída em 20/dez/2001.";NA;"IFS4";"Internet";"Macro"
"4221";"IFS12_TJTB3MEUA12";13;769;"Inativa";"FMI/IFS";"Economia internacional";"taxa de juros - Notas do Tesouro - maturidade 3 meses";"taxa de juros - Notas do Tesouro - maturidade 3 meses";"Não oculta";"Internet";60;0;0;"Incluída em 20/dez/2001.";NA;"IFS12";"Internet";"Macro"
"4222";"IFS4_EUATCNE4";11;190;"Inativa";"FMI/IFS";"Economia internacional";"taxa de câmbio - efetiva - índice (média 2005 = 100)";"taxa de câmbio - efetiva - índice (média 2005 = 100)";"Não oculta";"Internet";90;0;0;"Incluída em 20/dez/2001.";NA;"IFS4";"Internet";"Macro"
"4223";"IFS4_EUROTCNE4";NA;NA;"Inativa";"FMI/IFS";"Economia internacional";"taxa de câmbio - efetiva - índice (média 2005 = 100)";"taxa de câmbio - efetiva - índice (média 2005 = 100)";"Não oculta";"Internet";90;0;0;"Incluída em 20/dez/2001.";NA;"IFS4";"Internet";"Macro"
"4224";"IFS12_TJTBEUA12";20;593;"Inativa";"FMI/IFS";"Economia internacional";"taxa de juros - Notas do Tesouro";"taxa de juros - Notas do Tesouro";"Não oculta";"Internet";60;0;0;"Incluída em 20/dez/2001.";NA;"IFS12";"Internet";"Macro"
"4225";"IFS4_GDPALE4";19;109;"Inativa";"FMI/IFS";"Economia internacional";"PIB - índice (média 2005 = 100)";"PIB - índice (média 2005 = 100)";"Não oculta";"Internet";90;0;0;"Incluída em 20/dez/2001.";NA;"IFS4";"Internet";"Macro"
"4226";"IFS12_USEER12";29;432;"Inativa";"FMI/IFS";"Economia internacional";"taxa de câmbio - efetiva real - índice (média 2005 = 100) - dólar americano";"taxa de câmbio - efetiva real - índice (média 2005 = 100) - dólar americano";"Não oculta";"Internet";60;0;0;"Incluída em 20/dez/2001.";NA;"IFS12";"Internet";"Macro"
"4227";"IFS4_GDPALEN4";7;270;"Inativa";"FMI/IFS";"Economia internacional";"PIB";"Produto interno bruto (PIB)";"Não oculta";"Internet";90;0;0;"Incluída em 20/dez/2001.";NA;"IFS4";"Internet";"Macro"
"4228";"IFS4_GDPARG4";32;71;"Inativa";"FMI/IFS";"Economia internacional";"PIB - índice (média 2005 = 100)";"PIB - índice (média 2005 = 100)";"Não oculta";"Internet";90;0;0;"Incluída em 20/dez/2001.";NA;"IFS4";"Internet";"Macro"
"4229";"IFS4_GDPARGN4";38;58;"Inativa";"FMI/IFS";"Economia internacional";"PIB";"Produto interno bruto (PIB)";"Não oculta";"Internet";90;0;0;"Incluída em 20/dez/2001.";NA;"IFS4";"Internet";"Macro"
"4230";"IFS12_XWN12";13;769;"Inativa";"FMI/IFS";"Economia internacional";"exportações";"exportações";"Não oculta";"Internet";60;0;0;"Incluída em 20/dez/2001.";NA;"IFS12";"Internet";"Macro"
"4231";"IFS4_GDPBEL4";12;166;"Inativa";"FMI/IFS";"Economia internacional";"PIB - índice (média 2005 = 100)";"PIB - índice (média 2005 = 100)";"Não oculta";"Internet";90;0;0;"Incluída em 20/dez/2001.";NA;"IFS4";"Internet";"Macro"
"4232";"IFS4_GDPBELN4";1;527;"Inativa";"FMI/IFS";"Economia internacional";"PIB";"Produto interno bruto (PIB)";"Não oculta";"Internet";90;0;0;"Incluída em 20/dez/2001.";NA;"IFS4";"Internet";"Macro"
"4233";"IFS4_GDPCAN4";9;217;"Inativa";"FMI/IFS";"Economia internacional";"PIB - índice (média 2005 = 100)";"PIB - índice (média 2005 = 100)";"Não oculta";"Internet";90;0;0;"Incluída em 20/dez/2001.";NA;"IFS4";"Internet";"Macro"
"4234";"IFS4_GDPCANN4";2;436;"Inativa";"FMI/IFS";"Economia internacional";"PIB";"Produto interno bruto (PIB)";"Não oculta";"Internet";90;0;0;"Incluída em 20/dez/2001.";NA;"IFS4";"Internet";"Macro"
"4235";"IFS4_GDPCHI4";12;166;"Inativa";"FMI/IFS";"Economia internacional";"PIB - índice (média 2005 = 100)";"PIB - índice (média 2005 = 100)";"Não oculta";"Internet";90;0;0;"Incluída em 20/dez/2001.";NA;"IFS4";"Internet";"Macro"
"4236";"IFS4_GDPCOR4";10;202;"Inativa";"FMI/IFS";"Economia internacional";"PIB - índice (média 2005 = 100)";"PIB - índice (média 2005 = 100)";"Não oculta";"Internet";90;0;0;"Incluída em 20/dez/2001.";NA;"IFS4";"Internet";"Macro"
"4237";"IFS4_GDPCORN4";1;527;"Inativa";"FMI/IFS";"Economia internacional";"PIB";"Produto interno bruto (PIB)";"Não oculta";"Internet";90;0;0;"Incluída em 20/dez/2001.";NA;"IFS4";"Internet";"Macro"
"4238";"IFS4_GDPESP4";10;202;"Inativa";"FMI/IFS";"Economia internacional";"PIB - índice (média 2005 = 100)";"PIB - índice (média 2005 = 100)";"Não oculta";"Internet";90;0;0;"Incluída em 20/dez/2001.";NA;"IFS4";"Internet";"Macro"
"4239";"IFS4_GDPESPN4";NA;NA;"Inativa";"FMI/IFS";"Economia internacional";"PIB";"Produto interno bruto (PIB)";"Não oculta";"Internet";90;0;0;"Incluída em 20/dez/2001.";NA;"IFS4";"Internet";"Macro"
"4240";"IFS4_GDPEUA4";24;90;"Inativa";"FMI/IFS";"Economia internacional";"PIB - índice (média 2005 = 100)";"PIB - índice (média 2005 = 100)";"Não oculta";"Internet";90;0;0;"Incluída em 20/dez/2001.";NA;"IFS4";"Internet";"Macro"
"4241";"IFS4_GDPEUAN4";58;36;"Inativa";"FMI/IFS";"Economia internacional";"PIB";"Produto interno bruto (PIB)";"Não oculta";"Internet";90;0;0;"Incluída em 20/dez/2001.";NA;"IFS4";"Internet";"Macro"
"4242";"IFS4_GDPEURO4";2;436;"Inativa";"FMI/IFS";"Economia internacional";"PIB - índice (média 2005 = 100)";"PIB - índice (média 2005 = 100)";"Não oculta";"Internet";90;0;0;"Incluída em 20/dez/2001.";NA;"IFS4";"Internet";"Macro"
"4243";"IFS4_GDPEURON4";13;155;"Inativa";"FMI/IFS";"Economia internacional";"PIB";"Produto interno bruto (PIB)";"Não oculta";"Internet";90;0;0;"Incluída em 20/dez/2001.";NA;"IFS4";"Internet";"Macro"
"4244";"IFS4_GDPFRA4";2;436;"Inativa";"FMI/IFS";"Economia internacional";"PIB - índice (média 2005 = 100)";"PIB - índice (média 2005 = 100)";"Não oculta";"Internet";90;0;0;"Incluída em 20/dez/2001.";NA;"IFS4";"Internet";"Macro"
"4245";"IFS4_GDPFRAN4";2;436;"Inativa";"FMI/IFS";"Economia internacional";"PIB";"Produto interno bruto (PIB)";"Não oculta";"Internet";90;0;0;"Incluída em 20/dez/2001.";NA;"IFS4";"Internet";"Macro"
"4246";"IFS4_GDPHOL4";4;347;"Inativa";"FMI/IFS";"Economia internacional";"PIB - índice (média 2005 = 100)";"PIB - índice (média 2005 = 100)";"Não oculta";"Internet";90;0;0;"Incluída em 20/dez/2001.";NA;"IFS4";"Internet";"Macro"
"4247";"IFS4_GDPHOLN4";NA;NA;"Inativa";"FMI/IFS";"Economia internacional";"PIB";"Produto interno bruto (PIB)";"Não oculta";"Internet";90;0;0;"Incluída em 20/dez/2001.";NA;"IFS4";"Internet";"Macro"
"4248";"IFS4_GDPITA4";5;315;"Inativa";"FMI/IFS";"Economia internacional";"PIB - índice (média 2005 = 100)";"PIB - índice (média 2005 = 100)";"Não oculta";"Internet";90;0;0;"Incluída em 20/dez/2001.";NA;"IFS4";"Internet";"Macro"
"4249";"IFS4_GDPITAN4";1;527;"Inativa";"FMI/IFS";"Economia internacional";"PIB";"Produto interno bruto (PIB)";"Não oculta";"Internet";90;0;0;"Incluída em 20/dez/2001.";NA;"IFS4";"Internet";"Macro"
"4250";"IFS4_GDPJAP4";9;217;"Inativa";"FMI/IFS";"Economia internacional";"PIB - índice (média 2005 = 100)";"PIB - índice (média 2005 = 100)";"Não oculta";"Internet";90;0;0;"Incluída em 20/dez/2001.";NA;"IFS4";"Internet";"Macro"
"4251";"IFS4_GDPJAPN4";4;347;"Inativa";"FMI/IFS";"Economia internacional";"PIB";"Produto interno bruto (PIB)";"Não oculta";"Internet";90;0;0;"Incluída em 20/dez/2001.";NA;"IFS4";"Internet";"Macro"
"4252";"IFS4_GDPMEX4";8;244;"Inativa";"FMI/IFS";"Economia internacional";"PIB - índice (média 2005 = 100)";"PIB - índice (média 2005 = 100)";"Não oculta";"Internet";90;0;0;"Incluída em 20/dez/2001.";NA;"IFS4";"Internet";"Macro"
"4253";"IFS4_GDPMEXN4";9;217;"Inativa";"FMI/IFS";"Economia internacional";"PIB";"Produto interno bruto (PIB)";"Não oculta";"Internet";90;0;0;"Incluída em 20/dez/2001.";NA;"IFS4";"Internet";"Macro"
"4254";"IFS4_GDPUK4";5;315;"Inativa";"FMI/IFS";"Economia internacional";"PIB - índice (média 2005 = 100)";"PIB - índice (média 2005 = 100)";"Não oculta";"Internet";90;0;0;"Incluída em 20/dez/2001.";NA;"IFS4";"Internet";"Macro"
"4255";"IFS4_GDPUKN4";1;527;"Inativa";"FMI/IFS";"Economia internacional";"PIB";"Produto interno bruto (PIB)";"Não oculta";"Internet";90;0;0;"Incluída em 20/dez/2001.";NA;"IFS4";"Internet";"Macro"
"4256";"IFS4_IPABEL4";NA;NA;"Inativa";"FMI/IFS";"Economia internacional";"IPA - índice (média 2005 = 100)";"IPA - índice (média 2005 = 100)";"Não oculta";"Internet";90;0;0;"Incluída em 20/dez/2001.";NA;"IFS4";"Internet";"Macro"
"4257";"IFS4_IPACAN4";NA;NA;"Inativa";"FMI/IFS";"Economia internacional";"IPA - índice (média 2005 = 100)";"IPA - índice (média 2005 = 100)";"Não oculta";"Internet";90;0;0;"Incluída em 20/dez/2001.";NA;"IFS4";"Internet";"Macro"
"4258";"IFS4_IPACHI4";NA;NA;"Inativa";"FMI/IFS";"Economia internacional";"IPA - índice (média 2005 = 100)";"IPA - índice (média 2005 = 100)";"Não oculta";"Internet";90;0;0;"Incluída em 20/dez/2001.";NA;"IFS4";"Internet";"Macro"
"4259";"IFS4_IPACOR4";NA;NA;"Inativa";"FMI/IFS";"Economia internacional";"IPA - índice (média 2005 = 100)";"IPA - índice (média 2005 = 100)";"Não oculta";"Internet";90;0;0;"Incluída em 20/dez/2001.";NA;"IFS4";"Internet";"Macro"
"4260";"IFS4_IPAESP4";1;527;"Inativa";"FMI/IFS";"Economia internacional";"IPA - índice (média 2005 = 100)";"IPA - índice (média 2005 = 100)";"Não oculta";"Internet";90;0;0;"Incluída em 20/dez/2001.";NA;"IFS4";"Internet";"Macro"
"4261";"IFS4_IPAEUA4";36;62;"Inativa";"FMI/IFS";"Economia internacional";"IPA - índice (média 2005 = 100)";"IPA - índice (média 2005 = 100)";"Não oculta";"Internet";90;0;0;"Incluída em 20/dez/2001.";NA;"IFS4";"Internet";"Macro"
"4262";"IFS4_IPAEURO4";NA;NA;"Inativa";"FMI/IFS";"Economia internacional";"IPA - índice (média 2005 = 100)";"IPA - índice (média 2005 = 100)";"Não oculta";"Internet";90;0;0;"Incluída em 20/dez/2001.";NA;"IFS4";"Internet";"Macro"
"4263";"IFS4_IPAFRA4";3;393;"Inativa";"FMI/IFS";"Economia internacional";"IPA - industrial - índice (média 2005 = 100)";"IPA - industrial - índice (média 2005 = 100)";"Não oculta";"Internet";90;0;0;"Incluída em 20/dez/2001.";NA;"IFS4";"Internet";"Macro"
"4264";"IFS4_IPAHOL4";NA;NA;"Inativa";"FMI/IFS";"Economia internacional";"IPA - índice (média 2005 = 100)";"IPA - índice (média 2005 = 100)";"Não oculta";"Internet";90;0;0;"Incluída em 20/dez/2001.";NA;"IFS4";"Internet";"Macro"
"4265";"IFS4_IPAITA4";NA;NA;"Inativa";"FMI/IFS";"Economia internacional";"IPA - índice (média 2005 = 100)";"IPA - índice (média 2005 = 100)";"Não oculta";"Internet";90;0;0;"Incluída em 20/dez/2001.";NA;"IFS4";"Internet";"Macro"
"4266";"IFS4_IPAJAP4";NA;NA;"Inativa";"FMI/IFS";"Economia internacional";"IPA - índice (média 2005 = 100)";"IPA - índice (média 2005 = 100)";"Não oculta";"Internet";90;0;0;"Incluída em 20/dez/2001.";NA;"IFS4";"Internet";"Macro"
"4267";"IFS4_IPAMEX4";NA;NA;"Inativa";"FMI/IFS";"Economia internacional";"IPA - índice (média 2005 = 100)";"IPA - índice (média 2005 = 100)";"Não oculta";"Internet";90;0;0;"Incluída em 20/dez/2001.";NA;"IFS4";"Internet";"Macro"
"4268";"IFS4_IPAPAR4";NA;NA;"Inativa";"FMI/IFS";"Economia internacional";"IPA - índice (média 2005 = 100)";"IPA - índice (média 2005 = 100)";"Não oculta";"Internet";90;0;0;"Incluída em 20/dez/2001.";NA;"IFS4";"Internet";"Macro"
"4269";"IFS4_IPAUALE4";NA;NA;"Inativa";"FMI/IFS";"Economia internacional";"IPA - índice (média 2005 = 100)";"IPA - índice (média 2005 = 100)";"Não oculta";"Internet";90;0;0;"Incluída em 20/dez/2001.";NA;"IFS4";"Internet";"Macro"
"4270";"IFS4_IPAUK4";9;217;"Inativa";"FMI/IFS";"Economia internacional";"IPA - índice (média 2005 = 100)";"IPA - índice (média 2005 = 100)";"Não oculta";"Internet";90;0;0;"Incluída em 20/dez/2001.";NA;"IFS4";"Internet";"Macro"
"4271";"IFS4_IPAURU4";NA;NA;"Inativa";"FMI/IFS";"Economia internacional";"IPA - índice (média 2005 = 100)";"IPA - índice (média 2005 = 100)";"Não oculta";"Internet";90;0;0;"Incluída em 20/dez/2001.";NA;"IFS4";"Internet";"Macro"
"4272";"IFS4_IPCALE4";NA;NA;"Inativa";"FMI/IFS";"Economia internacional";"IPC - índice (média 2005 = 100)";"IPC - índice (média 2005 = 100)";"Não oculta";"Internet";90;0;0;"Incluída em 20/dez/2001.";NA;"IFS4";"Internet";"Macro"
"4273";"IFS4_IPCARG4";7;270;"Inativa";"FMI/IFS";"Economia internacional";"IPC - índice (média 2005 = 100)";"IPC - índice (média 2005 = 100)";"Não oculta";"Internet";90;0;0;"Incluída em 20/dez/2001.";NA;"IFS4";"Internet";"Macro"
"4274";"IFS4_IPCBEL4";NA;NA;"Inativa";"FMI/IFS";"Economia internacional";"IPC - índice (média 2005 = 100)";"IPC - índice (média 2005 = 100)";"Não oculta";"Internet";90;0;0;"Incluída em 20/dez/2001.";NA;"IFS4";"Internet";"Macro"
"4275";"IFS4_IPCCAN4";NA;NA;"Inativa";"FMI/IFS";"Economia internacional";"IPC - índice (média 2005 = 100)";"IPC - índice (média 2005 = 100)";"Não oculta";"Internet";90;0;0;"Incluída em 20/dez/2001.";NA;"IFS4";"Internet";"Macro"
"4276";"IFS4_IPCCHI4";NA;NA;"Inativa";"FMI/IFS";"Economia internacional";"IPC - índice (média 2005 = 100)";"IPC - índice (média 2005 = 100)";"Não oculta";"Internet";90;0;0;"Incluída em 20/dez/2001.";NA;"IFS4";"Internet";"Macro"
"4277";"IFS4_IPCCOR4";NA;NA;"Inativa";"FMI/IFS";"Economia internacional";"IPC - índice (média 2005 = 100)";"IPC - índice (média 2005 = 100)";"Não oculta";"Internet";90;0;0;"Incluída em 20/dez/2001.";NA;"IFS4";"Internet";"Macro"
"4278";"IFS4_IPCESP4";NA;NA;"Inativa";"FMI/IFS";"Economia internacional";"IPC - índice (média 2005 = 100)";"IPC - índice (média 2005 = 100)";"Não oculta";"Internet";90;0;0;"Incluída em 20/dez/2001.";NA;"IFS4";"Internet";"Macro"
"4279";"IFS4_IPCEUA4";6;291;"Inativa";"FMI/IFS";"Economia internacional";"IPC - índice (média 2005 = 100)";"IPC - índice (média 2005 = 100)";"Não oculta";"Internet";90;0;0;"Incluída em 20/dez/2001.";NA;"IFS4";"Internet";"Macro"
"4280";"IFS4_IPCEURO4";NA;NA;"Inativa";"FMI/IFS";"Economia internacional";"IPC - índice (média 2005 = 100)";"IPC - índice (média 2005 = 100)";"Não oculta";"Internet";90;0;0;"Incluída em 20/dez/2001.";NA;"IFS4";"Internet";"Macro"
"4281";"IFS4_IPCFRA4";NA;NA;"Inativa";"FMI/IFS";"Economia internacional";"IPC - índice (média 2005 = 100)";"IPC - índice (média 2005 = 100)";"Não oculta";"Internet";90;0;0;"Incluída em 20/dez/2001.";NA;"IFS4";"Internet";"Macro"
"4282";"IFS4_IPCHOL4";NA;NA;"Inativa";"FMI/IFS";"Economia internacional";"IPC - índice (média 2005 = 100)";"IPC - índice (média 2005 = 100)";"Não oculta";"Internet";90;0;0;"Incluída em 20/dez/2001.";NA;"IFS4";"Internet";"Macro"
"4283";"IFS4_IPCITA4";NA;NA;"Inativa";"FMI/IFS";"Economia internacional";"IPC - índice (média 2005 = 100)";"IPC - índice (média 2005 = 100)";"Não oculta";"Internet";90;0;0;"Incluída em 20/dez/2001.";NA;"IFS4";"Internet";"Macro"
"4284";"IFS4_IPCJAP4";NA;NA;"Inativa";"FMI/IFS";"Economia internacional";"IPC - índice (média 2005 = 100)";"IPC - índice (média 2005 = 100)";"Não oculta";"Internet";90;0;0;"Incluída em 20/dez/2001.";NA;"IFS4";"Internet";"Macro"
"4285";"IFS4_IPCMEX4";NA;NA;"Inativa";"FMI/IFS";"Economia internacional";"IPC - índice (média 2005 = 100)";"IPC - índice (média 2005 = 100)";"Não oculta";"Internet";90;0;0;"Incluída em 20/dez/2001.";NA;"IFS4";"Internet";"Macro"
"4286";"IFS4_IPCPAR4";NA;NA;"Inativa";"FMI/IFS";"Economia internacional";"IPC - índice (média 2005 = 100)";"IPC - índice (média 2005 = 100)";"Não oculta";"Internet";90;0;0;"Incluída em 20/dez/2001.";NA;"IFS4";"Internet";"Macro"
"4287";"IFS4_IPCUK4";NA;NA;"Inativa";"FMI/IFS";"Economia internacional";"IPC - índice (média 2005 = 100)";"IPC - índice (média 2005 = 100)";"Não oculta";"Internet";90;0;0;"Incluída em 20/dez/2001.";NA;"IFS4";"Internet";"Macro"
"4288";"IFS4_IPCURU4";1;527;"Inativa";"FMI/IFS";"Economia internacional";"IPC - índice (média 2005 = 100)";"IPC - índice (média 2005 = 100)";"Não oculta";"Internet";90;0;0;"Incluída em 20/dez/2001.";NA;"IFS4";"Internet";"Macro"
"4289";"IFS4_IPMW4";17;127;"Inativa";"FMI/IFS";"Economia internacional";"importações - índice de preços (média 2005 = 100)";"importações - índice de preços (média 2005 = 100)";"Não oculta";"Internet";90;0;0;"Incluída em 20/dez/2001.";NA;"IFS4";"Internet";"Macro"
"4290";"IFS4_IPXW4";9;217;"Inativa";"FMI/IFS";"Economia internacional";"exportações - índice de preços (média 2005 = 100)";"exportações - índice de preços (média 2005 = 100)";"Não oculta";"Internet";90;0;0;"Incluída em 20/dez/2001.";NA;"IFS4";"Internet";"Macro"
"4291";"IFS4_MWN4";17;127;"Inativa";"FMI/IFS";"Economia internacional";"importações";"importações";"Não oculta";"Internet";90;0;0;"Incluída em 20/dez/2001.";NA;"IFS4";"Internet";"Macro"
"4292";"IFS4_SOJAF4";1;527;"Inativa";"FMI/IFS";"Economia internacional";"Commodities - soja em farelo - cotação internacional";"Commodities - soja em farelo - cotação internacional";"Não oculta";"Internet";90;0;0;"Incluída em 20/dez/2001.";NA;"IFS4";"Internet";"Macro"
"4293";"IFS4_SOJAGP4";13;155;"Inativa";"FMI/IFS";"Economia internacional";"Commodities - soja em grão - cotação internacional";"Commodities - soja em grão - cotação internacional";"Não oculta";"Internet";90;0;0;"Incluída em 20/dez/2001.";NA;"IFS4";"Internet";"Macro"
"4294";"IFS4_SOJAOP4";14;148;"Inativa";"FMI/IFS";"Economia internacional";"Commodities - óleo de soja - cotação internacional";"Commodities - óleo de soja - cotação internacional";"Não oculta";"Internet";90;0;0;"Incluída em 20/dez/2001.";NA;"IFS4";"Internet";"Macro"
"4295";"IFS4_TJBANKACMEX4";1;527;"Inativa";"FMI/IFS";"Economia internacional";"taxa de juros - aceites bancários";"taxa de juros - aceites bancários";"Não oculta";"Internet";90;0;0;"Incluída em 20/dez/2001.";NA;"IFS4";"Internet";"Macro"
"4296";"IFS4_TJCALLALE4";1;527;"Inativa";"FMI/IFS";"Economia internacional";"taxa de juros - call money";"taxa de juros - call money";"Não oculta";"Internet";90;0;0;"Incluída em 20/dez/2001.";NA;"IFS4";"Internet";"Macro"
"4297";"IFS4_TJCALLESP4";1;527;"Inativa";"FMI/IFS";"Economia internacional";"taxa de juros - call money";"taxa de juros - call money";"Não oculta";"Internet";90;0;0;"Incluída em 20/dez/2001.";NA;"IFS4";"Internet";"Macro"
"4298";"IFS4_TJCALLFRA4";NA;NA;"Inativa";"FMI/IFS";"Economia internacional";"taxa de juros - call money";"taxa de juros - call money";"Não oculta";"Internet";90;0;0;"Incluída em 20/dez/2001.";NA;"IFS4";"Internet";"Macro"
"4299";"IFS4_TJCALLHOL4";NA;NA;"Inativa";"FMI/IFS";"Economia internacional";"taxa de juros - call money";"taxa de juros - call money";"Não oculta";"Internet";90;0;0;"Incluída em 20/dez/2001.";NA;"IFS4";"Internet";"Macro"
"4300";"IFS4_TJCALLJAP4";1;527;"Inativa";"FMI/IFS";"Economia internacional";"taxa de juros - call money";"taxa de juros - call money";"Não oculta";"Internet";90;0;0;"Incluída em 20/dez/2001.";NA;"IFS4";"Internet";"Macro"
"4301";"IFS4_TJCMBEL4";NA;NA;"Inativa";"FMI/IFS";"Economia internacional";"taxa de juros - call money";"taxa de juros - call money";"Não oculta";"Internet";90;0;0;"Incluída em 20/dez/2001.";NA;"IFS4";"Internet";"Macro"
"4302";"IFS4_TJCPEUA4";1;527;"Inativa";"FMI/IFS";"Economia internacional";"taxa de juros - commercial paper - maturidade 3 meses";"taxa de juros - commercial paper - maturidade 3 meses";"Não oculta";"Internet";90;0;0;"Incluída em 20/dez/2001.";NA;"IFS4";"Internet";"Macro"
"4303";"IFS4_TJDEUA4";2;436;"Inativa";"FMI/IFS";"Economia internacional";"taxa de juros - taxa de desconto - fim período";"taxa de juros - taxa de desconto - fim período";"Não oculta";"Internet";90;0;0;"Incluída em 20/dez/2001.";NA;"IFS4";"Internet";"Macro"
"4304";"IFS4_TJEDLUK4";1;527;"Inativa";"FMI/IFS";"Economia internacional";"taxa de juros - eurodólar Londres";"taxa de juros - eurodólar Londres";"Não oculta";"Internet";90;0;0;"Incluída em 20/dez/2001.";NA;"IFS4";"Internet";"Macro"
"4305";"IFS4_TJFFEUA4";18;121;"Inativa";"FMI/IFS";"Economia internacional";"taxa de juros - fundos federais";"taxa de juros - fundos federais";"Não oculta";"Internet";90;0;0;"Incluída em 20/dez/2001.";NA;"IFS4";"Internet";"Macro"
"4306";"IFS4_TJGBY10AEUA4";7;270;"Inativa";"FMI/IFS";"Economia internacional";"taxa de juros - bônus governamental - maturidade 10 anos";"taxa de juros - bônus governamental - maturidade 10 anos";"Não oculta";"Internet";90;0;0;"Incluída em 20/dez/2001.";NA;"IFS4";"Internet";"Macro"
"4307";"IFS4_TJGBY3AEUA4";1;527;"Inativa";"FMI/IFS";"Economia internacional";"taxa de juros - bônus governamental - maturidade 3 anos";"taxa de juros - bônus governamental - maturidade 3 anos";"Não oculta";"Internet";90;0;0;"Incluída em 20/dez/2001.";NA;"IFS4";"Internet";"Macro"
"4308";"IFS4_TJINT3MEURO4";NA;NA;"Inativa";"FMI/IFS";"Economia internacional";"taxa de juros - interbancária - maturidade 3 meses";"taxa de juros - interbancária - maturidade 3 meses";"Não oculta";"Internet";90;0;0;"Incluída em 20/dez/2001.";NA;"IFS4";"Internet";"Macro"
"4309";"IFS4_TJMMARG4";5;315;"Inativa";"FMI/IFS";"Economia internacional";"taxa de juros - money market";"taxa de juros - money market";"Não oculta";"Internet";90;0;0;"Incluída em 20/dez/2001.";NA;"IFS4";"Internet";"Macro"
"4310";"IFS4_TJMMCHI4";1;527;"Inativa";"FMI/IFS";"Economia internacional";"taxa de juros - money market";"taxa de juros - money market";"Não oculta";"Internet";90;0;0;"Incluída em 20/dez/2001.";NA;"IFS4";"Internet";"Macro"
"4311";"IFS4_TJMMCOR4";NA;NA;"Inativa";"FMI/IFS";"Economia internacional";"taxa de juros - money market";"taxa de juros - money market";"Não oculta";"Internet";90;0;0;"Incluída em 20/dez/2001.";NA;"IFS4";"Internet";"Macro"
"4312";"IFS4_TJMMITA4";NA;NA;"Inativa";"FMI/IFS";"Economia internacional";"taxa de juros - money market";"taxa de juros - money market";"Não oculta";"Internet";90;0;0;"Incluída em 20/dez/2001.";NA;"IFS4";"Internet";"Macro"
"4313";"IFS4_TJMMURU4";NA;NA;"Inativa";"FMI/IFS";"Economia internacional";"taxa de juros - money market";"taxa de juros - money market";"Não oculta";"Internet";90;0;0;"Incluída em 20/dez/2001.";NA;"IFS4";"Internet";"Macro"
"4314";"IFS4_TJOVERCAN4";NA;NA;"Inativa";"FMI/IFS";"Economia internacional";"taxa de juros - mercado interbancário - over";"taxa de juros - mercado interbancário - over";"Não oculta";"Internet";90;0;0;"Incluída em 20/dez/2001.";NA;"IFS4";"Internet";"Macro"
"4315";"IFS4_TJOVERUK4";NA;NA;"Inativa";"FMI/IFS";"Economia internacional";"taxa de juros - interbancária mínima - over";"taxa de juros - interbancária mínima - over";"Não oculta";"Internet";90;0;0;"Incluída em 20/dez/2001.";NA;"IFS4";"Internet";"Macro"
"4316";"IFS4_TJPRIMEUA4";11;190;"Inativa";"FMI/IFS";"Economia internacional";"taxa de juros - Prime";"taxa de juros - Prime";"Não oculta";"Internet";90;0;0;"Incluída em 20/dez/2001.";NA;"IFS4";"Internet";"Macro"
"4317";"IFS4_TJTB3MEUA4";2;436;"Inativa";"FMI/IFS";"Economia internacional";"taxa de juros - Notas do Tesouro - maturidade 3 meses";"taxa de juros - Notas do Tesouro - maturidade 3 meses";"Não oculta";"Internet";90;0;0;"Incluída em 20/dez/2001.";NA;"IFS4";"Internet";"Macro"
"4318";"IFS4_TJTBEUA4";11;190;"Inativa";"FMI/IFS";"Economia internacional";"taxa de juros - Notas do Tesouro";"taxa de juros - Notas do Tesouro";"Não oculta";"Internet";90;0;0;"Incluída em 20/dez/2001.";NA;"IFS4";"Internet";"Macro"
"4319";"IFS4_USEER4";6;291;"Inativa";"FMI/IFS";"Economia internacional";"taxa de câmbio - efetiva real - índice (média 2005 = 100) - dólar americano";"taxa de câmbio - efetiva real - índice (média 2005 = 100) - dólar americano";"Não oculta";"Internet";90;0;0;"Incluída em 20/dez/2001.";NA;"IFS4";"Internet";"Macro"
"4320";"IFS4_XWN4";4;347;"Inativa";"FMI/IFS";"Economia internacional";"exportações";"exportações";"Não oculta";"Internet";90;0;0;"Incluída em 20/dez/2001.";NA;"IFS4";"Internet";"Macro"
"4321";"BM_NFEEJNN";6;1048;"Inativa";"Bacen/Not. Imp./F. Púb.";"Finanças públicas";"NFSP - estatais - juros nominais - c/ desvalorização cambial";"Necessidade de financiamento do setor público (NFSP) - empresas estatais - juros nominais - c/ desvalorização cambial";"Não oculta";"Internet";30;0;0;"Incluída em 17/jan/2002.";"Gerada/Geradora";"BM";"Internet";"Macro"
"4322";"BM_NFEEJNY";3;1315;"Inativa";"Bacen/Not. Imp./F. Púb.";"Finanças públicas";"NFSP - estatais - juros nominais - c/ desvalorização cambial";"Necessidade de financiamento do setor público (NFSP) - empresas estatais - juros nominais - c/ desvalorização cambial";"Não oculta";"Internet";30;0;0;"Incluída em 17/jan/2002.";"Gerada";"BM";"Internet";"Macro"
"4323";"BM_NFEMJNN";7;991;"Inativa";"Bacen/Not. Imp./F. Púb.";"Finanças públicas";"NFSP - estados e municípios - juros nominais - c/ desvalorização cambial";"Necessidade de financiamento do setor público (NFSP) - estados e municípios - juros nominais - c/ desvalorização cambial";"Não oculta";"Internet";30;0;0;"Incluída em 17/jan/2002.";"Gerada/Geradora";"BM";"Internet";"Macro"
"4324";"BM_NFEMJNY";13;708;"Inativa";"Bacen/Not. Imp./F. Púb.";"Finanças públicas";"NFSP - estados e municípios - juros nominais - c/ desvalorização cambial";"Necessidade de financiamento do setor público (NFSP) - estados e municípios - juros nominais - c/ desvalorização cambial";"Não oculta";"Internet";30;0;0;"Incluída em 17/jan/2002.";"Gerada";"BM";"Internet";"Macro"
"4325";"BM_NFGFJNN";4;1216;"Inativa";"Bacen/Not. Imp./F. Púb.";"Finanças públicas";"NFSP - gov. federal e Banco Central - juros nominais - c/ desvalorização cambial";"Necessidade de financiamento do setor público (NFSP) - governo federal e Banco Central - juros nominais - c/ desvalorização cambial";"Não oculta";"Internet";30;0;0;"Incluída em 17/jan/2002.";"Gerada/Geradora";"BM";"Internet";"Macro"
"4326";"BM_NFGFJNY";21;504;"Inativa";"Bacen/Not. Imp./F. Púb.";"Finanças públicas";"NFSP - gov. federal e Banco Central - juros nominais - c/ desvalorização cambial";"Necessidade de financiamento do setor público (NFSP) - governo federal e Banco Central - juros nominais - c/ desvalorização cambial";"Não oculta";"Internet";30;0;0;"Incluída em 17/jan/2002.";"Gerada";"BM";"Internet";"Macro"
"4327";"BM_NFSPJNN";6;1048;"Inativa";"Bacen/Not. Imp./F. Púb.";"Finanças públicas";"NFSP - setor público - juros nominais - c/ desvalorização cambial";"Necessidade de financiamento do setor público (NFSP) - setor público - juros nominais - c/ desvalorização cambial";"Não oculta";"Internet";30;0;0;"Incluída em 17/jan/2002.";"Gerada/Geradora";"BM";"Internet";"Macro"
"4328";"BM_NFSPJNY";15;639;"Inativa";"Bacen/Not. Imp./F. Púb.";"Finanças públicas";"NFSP - setor público - juros nominais - c/ desvalorização cambial";"Necessidade de financiamento do setor público (NFSP) - setor público - juros nominais - c/ desvalorização cambial";"Não oculta";"Internet";30;0;0;"Incluída em 17/jan/2002.";"Gerada";"BM";"Internet";"Macro"
"4329";"BM12_NFEEJNN12";3;1356;"Inativa";"Bacen/Not. Imp./F. Púb.";"Finanças públicas";"NFSP - estatais - juros nominais - c/ desvalorização cambial";"Necessidade de financiamento do setor público (NFSP) - empresas estatais - juros nominais - com desvalorização cambial";"Não oculta";"Internet";60;0;0;"Incluída em 17/jan/2002.";"Gerada/Geradora";"BM12";"Internet";"Macro"
"4330";"BM12_NFEEJNNA12";3;1356;"Inativa";"Bacen/Not. Imp./F. Púb.";"Finanças públicas";"NFSP - estatais - juros nominais - c/ desvalorização cambial - acum. 12 meses";"Necessidade de financiamento do setor público (NFSP) - empresas estatais - juros nominais - com desvalorização cambial - acum. 12 meses";"Não oculta";"Internet";60;0;0;"Incluída em 17/jan/2002.";"Gerada/Geradora";"BM12";"Internet";"Macro"
"4331";"BM12_NFEEJNY12";2;1480;"Inativa";"Bacen/Not. Imp./F. Púb.";"Finanças públicas";"NFSP - estatais - juros nominais - c/ desvalorização cambial - acum. 12 meses";"Necessidade de financiamento do setor público (NFSP) - empresas estatais - juros nominais - com desvalorização cambial - acum. 12 meses";"Não oculta";"Internet";60;0;0;"Incluída em 17/jan/2002.";"Gerada";"BM12";"Internet";"Macro"
"4332";"BM12_NFEMJNN12";9;946;"Inativa";"Bacen/Not. Imp./F. Púb.";"Finanças públicas";"NFSP - estados e municípios - juros nominais - c/ desvalorização cambial";"Necessidade de financiamento do setor público (NFSP) - estados e municípios - juros nominais - com desvalorização cambial";"Não oculta";"Internet";60;0;0;"Incluída em 17/jan/2002.";"Gerada/Geradora";"BM12";"Internet";"Macro"
"4333";"BM12_NFEMJNNA12";5;1176;"Inativa";"Bacen/Not. Imp./F. Púb.";"Finanças públicas";"NFSP - estados e municípios - juros nominais - c/ desvalorização cambial - acum. 12 meses";"Necessidade de financiamento do setor público (NFSP) - estados e municípios - juros nominais - com desvalorização cambial - acum. 12 meses";"Não oculta";"Internet";60;0;0;"Incluída em 17/jan/2002.";"Gerada/Geradora";"BM12";"Internet";"Macro"
"4334";"BM12_NFEMJNY12";8;996;"Inativa";"Bacen/Not. Imp./F. Púb.";"Finanças públicas";"NFSP - estados e municípios - juros nominais - c/ desvalorização cambial - acum. 12 meses";"Necessidade de financiamento do setor público (NFSP) - estados e municípios - juros nominais - com desvalorização cambial - acum. 12 meses";"Não oculta";"Internet";60;0;0;"Incluída em 17/jan/2002.";"Gerada";"BM12";"Internet";"Macro"
"4335";"BM12_NFGFJNN12";7;1050;"Inativa";"Bacen/Not. Imp./F. Púb.";"Finanças públicas";"NFSP - gov. federal e Banco Central - juros nominais - c/ desvalorização cambial";"Necessidade de financiamento do setor público (NFSP) - governo federal e Banco Central - juros nominais - com desvalorização cambial";"Não oculta";"Internet";60;0;0;"Incluída em 17/jan/2002.";"Gerada/Geradora";"BM12";"Internet";"Macro"
"4336";"BM12_NFGFJNNA12";6;1117;"Inativa";"Bacen/Not. Imp./F. Púb.";"Finanças públicas";"NFSP - gov. federal e Banco Central - juros nominais - c/ desvalorização cambial - acum. 12 meses";"Necessidade de financiamento do setor público (NFSP) - governo federal e Banco Central - juros nominais -com desvalorização cambial - acum. 12 meses";"Não oculta";"Internet";60;0;0;"Incluída em 17/jan/2002.";"Gerada/Geradora";"BM12";"Internet";"Macro"
"4337";"BM12_NFGFJNY12";2;1480;"Inativa";"Bacen/Not. Imp./F. Púb.";"Finanças públicas";"NFSP - gov. federal e Banco Central - juros nominais - c/ desvalorização cambial - acum. 12 meses";"Necessidade de financiamento do setor público (NFSP) - governo federal e Banco Central - juros nominais - com desvalorização cambial - acum. 12 meses";"Não oculta";"Internet";60;0;0;"Incluída em 17/jan/2002.";"Gerada";"BM12";"Internet";"Macro"
"4338";"BM12_NFSPJNN12";10;894;"Inativa";"Bacen/Not. Imp./F. Púb.";"Finanças públicas";"NFSP - setor público - juros nominais - c/ desvalorização cambial";"Necessidade de financiamento do setor público (NFSP) - setor público - juros nominais - com desvalorização cambial";"Não oculta";"Internet";60;0;0;"Incluída em 17/jan/2002.";"Gerada/Geradora";"BM12";"Internet";"Macro"
"4339";"BM12_NFSPJNNA12";6;1117;"Inativa";"Bacen/Not. Imp./F. Púb.";"Finanças públicas";"NFSP - setor público - juros nominais - c/ desvalorização cambial - acum. 12 meses";"Necessidade de financiamento do setor público (NFSP) - setor público - juros nominais - com desvalorização cambial - acum. 12 meses";"Não oculta";"Internet";60;0;0;"Incluída em 17/jan/2002.";"Gerada/Geradora";"BM12";"Internet";"Macro"
"4340";"BM12_NFSPJNY12";16;690;"Inativa";"Bacen/Not. Imp./F. Púb.";"Finanças públicas";"NFSP - setor público - juros nominais - c/ desvalorização cambial - acum. 12 meses";"Necessidade de financiamento do setor público (NFSP) - setor público - juros nominais - com desvalorização cambial - acum. 12 meses";"Não oculta";"Internet";60;0;0;"Incluída em 17/jan/2002.";"Gerada";"BM12";"Internet";"Macro"
"4341";"BM4_NFEEJNN4";2;436;"Inativa";"Bacen/Not. Imp./F. Púb.";"Finanças públicas";"NFSP - estatais - juros nominais - c/ desvalorização cambial";"Necessidade de financiamento do setor público (NFSP) - empresas estatais - juros nominais - com desvalorização cambial";"Não oculta";"Internet";30;0;0;"Incluída em 17/jan/2002.";"Gerada/Geradora";"BM4";"Internet";"Macro"
"4342";"BM4_NFEEJNNA4";1;527;"Inativa";"Bacen/Not. Imp./F. Púb.";"Finanças públicas";"NFSP - estatais - juros nominais - c/ desvalorização cambial - acum. 4 trim.";"Necessidade de financiamento do setor público (NFSP) - empresas estatais - juros nominais - com desvalorização cambial - acum. 4 trim.";"Não oculta";"Internet";30;0;0;"Incluída em 17/jan/2002.";"Gerada/Geradora";"BM4";"Internet";"Macro"
"4343";"BM4_NFEEJNY4";NA;NA;"Inativa";"Bacen/Not. Imp./F. Púb.";"Finanças públicas";"NFSP - estatais - juros nominais - c/ desvalorização cambial - acum. 4 trim.";"Necessidade de financiamento do setor público (NFSP) - empresas estatais - juros nominais - com desvalorização cambial - acum. 4 trim.";"Não oculta";"Internet";30;0;0;"Incluída em 17/jan/2002.";"Gerada";"BM4";"Internet";"Macro"
"4344";"BM4_NFEMJNN4";NA;NA;"Inativa";"Bacen/Not. Imp./F. Púb.";"Finanças públicas";"NFSP - estados e municípios - juros nominais - c/ desvalorização cambial";"Necessidade de financiamento do setor público (NFSP) - estados e municípios - juros nominais - com desvalorização cambial";"Não oculta";"Internet";30;0;0;"Incluída em 17/jan/2002.";"Gerada/Geradora";"BM4";"Internet";"Macro"
"4345";"BM4_NFEMJNNA4";1;527;"Inativa";"Bacen/Not. Imp./F. Púb.";"Finanças públicas";"NFSP - estados e municípios - juros nominais - c/ desvalorização cambial - acum. 4 trim.";"Necessidade de financiamento do setor público (NFSP) - estados e municípios - juros nominais - com desvalorização cambial - acum. 4 trim.";"Não oculta";"Internet";30;0;0;"Incluída em 17/jan/2002.";"Gerada/Geradora";"BM4";"Internet";"Macro"
"4346";"BM4_NFEMJNY4";NA;NA;"Inativa";"Bacen/Not. Imp./F. Púb.";"Finanças públicas";"NFSP - estados e municípios - juros nominais - c/ desvalorização cambial - acum. 4 trim.";"Necessidade de financiamento do setor público (NFSP) - estados e municípios - juros nominais - com desvalorização cambial - acum. 4 trim.";"Não oculta";"Internet";30;0;0;"Incluída em 17/jan/2002.";"Gerada";"BM4";"Internet";"Macro"
"4347";"BM4_NFGFJNN4";NA;NA;"Inativa";"Bacen/Not. Imp./F. Púb.";"Finanças públicas";"NFSP - gov. federal e Banco Central - juros nominais - c/ desvalorização cambial";"Necessidade de financiamento do setor público (NFSP) - governo federal e Banco Central - juros nominais - com desvalorização cambial";"Não oculta";"Internet";30;0;0;"Incluída em 17/jan/2002.";"Gerada/Geradora";"BM4";"Internet";"Macro"
"4348";"BM4_NFGFJNNA4";1;527;"Inativa";"Bacen/Not. Imp./F. Púb.";"Finanças públicas";"NFSP - gov. federal e Banco Central - juros nominais - c/ desvalorização cambial - acum. 4 trim.";"Necessidade de financiamento do setor público (NFSP) - governo federal e Banco Central - juros nominais -com desvalorização cambial - acum. 4 trim.";"Não oculta";"Internet";30;0;0;"Incluída em 17/jan/2002.";"Gerada/Geradora";"BM4";"Internet";"Macro"
"4349";"BM4_NFGFJNY4";1;527;"Inativa";"Bacen/Not. Imp./F. Púb.";"Finanças públicas";"NFSP - gov. federal e Banco Central - juros nominais - c/ desvalorização cambial - acum. 4 trim.";"Necessidade de financiamento do setor público (NFSP) - governo federal e Banco Central - juros nominais - com desvalorização cambial - acum. 4 trim.";"Não oculta";"Internet";30;0;0;"Incluída em 17/jan/2002.";"Gerada";"BM4";"Internet";"Macro"
"4350";"BM4_NFSPJNN4";1;527;"Inativa";"Bacen/Not. Imp./F. Púb.";"Finanças públicas";"NFSP - setor público - juros nominais - c/ desvalorização cambial";"Necessidade de financiamento do setor público (NFSP) - setor público - juros nominais - com desvalorização cambial";"Não oculta";"Internet";30;0;0;"Incluída em 17/jan/2002.";"Gerada/Geradora";"BM4";"Internet";"Macro"
"4351";"BM4_NFSPJNNA4";NA;NA;"Inativa";"Bacen/Not. Imp./F. Púb.";"Finanças públicas";"NFSP - setor público - juros nominais - c/ desvalorização cambial - acum. 4 trim.";"Necessidade de financiamento do setor público (NFSP) - setor público - juros nominais - com desvalorização cambial - acum. 4 trim.";"Não oculta";"Internet";30;0;0;"Incluída em 17/jan/2002.";"Gerada/Geradora";"BM4";"Internet";"Macro"
"4352";"BM4_NFSPJNY4";4;347;"Inativa";"Bacen/Not. Imp./F. Púb.";"Finanças públicas";"NFSP - setor público - juros nominais - c/ desvalorização cambial - acum. 4 trim.";"Necessidade de financiamento do setor público (NFSP) - setor público - juros nominais - com desvalorização cambial - acum. 4 trim.";"Não oculta";"Internet";30;0;0;"Incluída em 17/jan/2002.";"Gerada";"BM4";"Internet";"Macro"
"4353";"IFS_IVUMWIND";4;1216;"Inativa";"FMI/IFS";"Economia internacional";"importações - valor unitário - índice de preços (média 2005 = 100)";"importações - valor unitário - índice de preços (média 2005 = 100)";"Não oculta";"Internet";90;0;0;"Incluída em 17/jan/2002.";NA;"IFS";"Internet";"Macro"
"4354";"IFS_IVUXWIND";NA;NA;"Inativa";"FMI/IFS";"Economia internacional";"exportações - valor unitário - índice de preços (média 2005 = 100)";"exportações - valor unitário - índice de preços (média 2005 = 100)";"Não oculta";"Internet";90;0;0;"Incluída em 17/jan/2002.";NA;"IFS";"Internet";"Macro"
"4355";"IFS_MWIND";6;1048;"Inativa";"FMI/IFS";"Economia internacional";"importações";"importações";"Não oculta";"Internet";90;0;0;"Incluída em 17/jan/2002.";NA;"IFS";"Internet";"Macro"
"4356";"IFS_XWIND";10;818;"Inativa";"FMI/IFS";"Economia internacional";"exportações";"exportações";"Não oculta";"Internet";90;0;0;"Incluída em 17/jan/2002.";NA;"IFS";"Internet";"Macro"
"4357";"IFS12_IVUMWIND12";2;1480;"Inativa";"FMI/IFS";"Economia internacional";"importações - valor unitário - índice de preços (média 2005 = 100)";"importações - valor unitário - índice de preços (média 2005 = 100)";"Não oculta";"Internet";60;0;0;"Incluída em 17/jan/2002.";NA;"IFS12";"Internet";"Macro"
"4358";"IFS12_IVUXWIND12";11;856;"Inativa";"FMI/IFS";"Economia internacional";"exportações - valor unitário - índice de preços (média 2005 = 100)";"exportações - valor unitário - índice de preços (média 2005 = 100)";"Não oculta";"Internet";60;0;0;"Incluída em 17/jan/2002.";NA;"IFS12";"Internet";"Macro"
"4359";"IFS12_MWIND12";5;1176;"Inativa";"FMI/IFS";"Economia internacional";"importações";"importações";"Não oculta";"Internet";60;0;0;"Incluída em 17/jan/2002.";NA;"IFS12";"Internet";"Macro"
"4360";"IFS12_XWIND12";4;1262;"Inativa";"FMI/IFS";"Economia internacional";"exportações";"exportações";"Não oculta";"Internet";60;0;0;"Incluída em 17/jan/2002.";NA;"IFS12";"Internet";"Macro"
"4361";"IFS4_IVUMWIND4";2;436;"Inativa";"FMI/IFS";"Economia internacional";"importações - valor unitário - índice de preços (média 2005 = 100)";"importações - valor unitário - índice de preços (média 2005 = 100)";"Não oculta";"Internet";90;0;0;"Incluída em 17/jan/2002.";NA;"IFS4";"Internet";"Macro"
"4362";"IFS4_IVUXWIND4";1;527;"Inativa";"FMI/IFS";"Economia internacional";"exportações - valor unitário - índice de preços (média 2005 = 100)";"exportações - valor unitário - índice de preços (média 2005 = 100)";"Não oculta";"Internet";90;0;0;"Incluída em 17/jan/2002.";NA;"IFS4";"Internet";"Macro"
"4363";"IFS4_MWIND4";1;527;"Inativa";"FMI/IFS";"Economia internacional";"importações";"importações";"Não oculta";"Internet";90;0;0;"Incluída em 17/jan/2002.";NA;"IFS4";"Internet";"Macro"
"4364";"IFS4_XWIND4";1;527;"Inativa";"FMI/IFS";"Economia internacional";"exportações";"exportações";"Não oculta";"Internet";90;0;0;"Incluída em 17/jan/2002.";NA;"IFS4";"Internet";"Macro"
"4365";"ANP_CGLP";16;619;"Inativa";"ANP";"Consumo e vendas";"Consumo aparente - gás GLP - qde.";"Consumo aparente de gás GLP: quantidade.";"Não oculta";"Internet";360;0;1;"Incluída em 17/jan/2002.";NA;"ANP";"Internet";"Macro"
"4366";"ANP12_CGLP12";10;894;"Ativa";"ANP";"Consumo e vendas";"Consumo aparente - gás GLP - média - qde./dia";"Consumo aparente de gás GLP: quantidade média diária";"Não oculta";"Internet";60;0;0;"Incluída em 17/jan/2002.";NA;"ANP12";"Internet";"Macro"
"4367";"SRF12_IIPETL12";NA;NA;"Inativa";"Min. Fazenda/SRF";"Finanças públicas";"Imposto sobre a importação (II) - petróleo - receita líquida";"Imposto sobre a importação (II) - petróleo - receita líquida";"Não oculta";"Intranet";0;0;0;"Incluída em 23/jan/2002.";NA;"SRF12";"Intranet";"Macro"
"4368";"SRF12_IIOUTL12";NA;NA;"Inativa";"Min. Fazenda/SRF";"Finanças públicas";"Imposto sobre a importação (II) - demais produtos - receita líquida";"Imposto sobre a importação (II) - demais produtos - receita líquida";"Não oculta";"Intranet";0;0;0;"Incluída em 23/jan/2002.";NA;"SRF12";"Intranet";"Macro"
"4369";"SRF12_IIMULL12";NA;NA;"Inativa";"Min. Fazenda/SRF";"Finanças públicas";"Imposto sobre a importação (II) - multas - receita líquida";"Imposto sobre a importação (II) - multas - receita líquida";"Não oculta";"Intranet";0;0;0;"Incluída em 23/jan/2002.";NA;"SRF12";"Intranet";"Macro"
"4370";"SRF12_IIL12";NA;NA;"Inativa";"Min. Fazenda/SRF";"Finanças públicas";"Imposto sobre a importação (II) - total - receita líquida";"Imposto sobre a importação (II) - total - receita líquida";"Não oculta";"Intranet";0;0;0;"Incluída em 23/jan/2002.";NA;"SRF12";"Intranet";"Macro"
"4371";"SRF12_IEPRIL12";NA;NA;"Inativa";"Min. Fazenda/SRF";"Finanças públicas";"Imposto sobre a exportação (IE) - principal - receita líquida";"Imposto sobre a exportação (IE) - principal - receita líquida";"Não oculta";"Intranet";0;0;0;"Incluída em 23/jan/2002.";NA;"SRF12";"Intranet";"Macro"
"4372";"SRF12_IEMULL12";NA;NA;"Inativa";"Min. Fazenda/SRF";"Finanças públicas";"Imposto sobre a exportação (IE) - multas - receita líquida";"Imposto sobre a exportação (IE) - multas - receita líquida";"Não oculta";"Intranet";0;0;0;"Incluída em 23/jan/2002.";NA;"SRF12";"Intranet";"Macro"
"4373";"SRF12_IEL12";NA;NA;"Inativa";"Min. Fazenda/SRF";"Finanças públicas";"Imposto sobre a exportação (IE) - total - receita líquida";"Imposto sobre a exportação (IE) - total - receita líquida";"Não oculta";"Intranet";0;0;0;"Incluída em 23/jan/2002.";NA;"SRF12";"Intranet";"Macro"
"4374";"SRF12_IPIFUL12";NA;NA;"Inativa";"Min. Fazenda/SRF";"Finanças públicas";"Imposto sobre produtos industrializados (IPI) - fumo - receita líquida";"Imposto sobre produtos industrializados (IPI) - fumo - receita líquida";"Não oculta";"Intranet";0;0;0;"Incluída em 23/jan/2002.";NA;"SRF12";"Intranet";"Macro"
"4375";"SRF12_IPIOUTL12";NA;NA;"Inativa";"Min. Fazenda/SRF";"Finanças públicas";"Imposto sobre produtos industrializados (IPI) - outros - receita líquida";"Imposto sobre produtos industrializados (IPI) - outros - receita líquida";"Não oculta";"Intranet";0;0;0;"Incluída em 23/jan/2002.";NA;"SRF12";"Intranet";"Macro"
"4376";"SRF12_IPIMULL12";NA;NA;"Inativa";"Min. Fazenda/SRF";"Finanças públicas";"Imposto sobre produtos industrializados (IPI) - multas - receita líquida";"Imposto sobre produtos industrializados (IPI) - multas - receita líquida";"Não oculta";"Intranet";0;0;0;"Incluída em 23/jan/2002.";NA;"SRF12";"Intranet";"Macro"
"4377";"SRF12_IPIL12";NA;NA;"Inativa";"Min. Fazenda/SRF";"Finanças públicas";"Imposto sobre produtos industrializados (IPI) - total - receita líquida";"Imposto sobre produtos industrializados (IPI) - total - receita líquida";"Não oculta";"Intranet";0;0;0;"Incluída em 23/jan/2002.";NA;"SRF12";"Intranet";"Macro"
"4378";"SRF12_IRPFL12";NA;NA;"Inativa";"Min. Fazenda/SRF";"Finanças públicas";"Imposto sobre a renda (IR) - pessoas físicas - total - receita líquida";"Imposto sobre a renda (IR) - pessoas físicas - total - receita líquida";"Não oculta";"Intranet";0;0;0;"Incluída em 23/jan/2002.";NA;"SRF12";"Intranet";"Macro"
"4379";"SRF12_IRPJIL12";NA;NA;"Inativa";"Min. Fazenda/SRF";"Finanças públicas";"Imposto sobre a renda (IR) - pessoas jurídicas - imposto - receita líquida";"Imposto sobre a renda (IR) - pessoas jurídicas - imposto - receita líquida";"Não oculta";"Intranet";0;0;0;"Incluída em 23/jan/2002.";NA;"SRF12";"Intranet";"Macro"
"4380";"SRF12_IRPJFUNL12";NA;NA;"Inativa";"Min. Fazenda/SRF";"Finanças públicas";"Imposto sobre a renda (IR) - pessoas jurídicas - fundos - receita líquida";"Imposto sobre a renda (IR) - pessoas jurídicas - fundos - receita líquida";"Não oculta";"Intranet";0;0;0;"Incluída em 23/jan/2002.";NA;"SRF12";"Intranet";"Macro"
"4381";"SRF12_IRPJPPL12";NA;NA;"Inativa";"Min. Fazenda/SRF";"Finanças públicas";"Imposto sobre a renda (IR) - pessoas jurídicas - PIN / Proterra - receita líquida";"Imposto sobre a renda (IR) - pessoas jurídicas - PIN / Proterra - receita líquida";"Não oculta";"Intranet";0;0;0;"Incluída em 23/jan/2002.";NA;"SRF12";"Intranet";"Macro"
"4382";"SRF12_IRPJL12";NA;NA;"Inativa";"Min. Fazenda/SRF";"Finanças públicas";"Imposto sobre a renda (IR) - pessoas jurídicas - total - receita líquida";"Imposto sobre a renda (IR) - pessoas jurídicas - total - receita líquida";"Não oculta";"Intranet";0;0;0;"Incluída em 23/jan/2002.";NA;"SRF12";"Intranet";"Macro"
"4383";"SRF12_IRRFRTL12";NA;NA;"Inativa";"Min. Fazenda/SRF";"Finanças públicas";"Imposto sobre a renda (IR) - retido nas fontes - rendimento do trabalho - receita líquida";"Imposto sobre a renda (IR) - retido nas fontes - rendimento do trabalho - receita líquida";"Não oculta";"Intranet";0;0;0;"Incluída em 23/jan/2002.";NA;"SRF12";"Intranet";"Macro"
"4384";"SRF12_IRRFRCL12";NA;NA;"Inativa";"Min. Fazenda/SRF";"Finanças públicas";"Imposto sobre a renda (IR) - retido nas fontes - rendimento do capital - receita líquida";"Imposto sobre a renda (IR) - retido nas fontes - rendimento do capital - receita líquida";"Não oculta";"Intranet";0;0;0;"Incluída em 23/jan/2002.";NA;"SRF12";"Intranet";"Macro"
"4385";"SRF12_IRRFREL12";NA;NA;"Inativa";"Min. Fazenda/SRF";"Finanças públicas";"Imposto sobre a renda (IR) - retido nas fontes - rendimento de remessa p/ ext. - receita líquida";"Imposto sobre a renda (IR) - retido nas fontes - rendimento de remessa para o exterior - receita líquida";"Não oculta";"Intranet";0;0;0;"Incluída em 23/jan/2002.";NA;"SRF12";"Intranet";"Macro"
"4386";"SRF12_IRRFOUTL12";NA;NA;"Inativa";"Min. Fazenda/SRF";"Finanças públicas";"Imposto sobre a renda (IR) - retido nas fontes - outros rendimentos - receita líquida";"Imposto sobre a renda (IR) - retido nas fontes - outros rendimentos - receita líquida";"Não oculta";"Intranet";0;0;0;"Incluída em 23/jan/2002.";NA;"SRF12";"Intranet";"Macro"
"4387";"SRF12_IRRFL12";NA;NA;"Inativa";"Min. Fazenda/SRF";"Finanças públicas";"Imposto sobre a renda (IR) - retido nas fontes - total - receita líquida";"Imposto sobre a renda (IR) - retido nas fontes - total - receita líquida";"Não oculta";"Intranet";0;0;0;"Incluída em 23/jan/2002.";NA;"SRF12";"Intranet";"Macro"
"4388";"SRF12_IRMULL12";NA;NA;"Inativa";"Min. Fazenda/SRF";"Finanças públicas";"Imposto sobre a renda (IR) - multas - receita líquida";"Imposto sobre a renda (IR) - multas - receita líquida";"Não oculta";"Intranet";0;0;0;"Incluída em 23/jan/2002.";NA;"SRF12";"Intranet";"Macro"
"4389";"SRF12_IRL12";NA;NA;"Inativa";"Min. Fazenda/SRF";"Finanças públicas";"Imposto sobre a renda (IR) - total - receita líquida";"Imposto sobre a renda (IR) - total - receita líquida";"Não oculta";"Intranet";0;0;0;"Incluída em 23/jan/2002.";NA;"SRF12";"Intranet";"Macro"
"4390";"SRF12_IOFOUROL12";NA;NA;"Inativa";"Min. Fazenda/SRF";"Finanças públicas";"Imposto sobre operações financeiras (IOF) - ouro - receita líquida";"Imposto sobre operações financeiras (IOF) - ouro - receita líquida";"Não oculta";"Intranet";0;0;0;"Incluída em 23/jan/2002.";NA;"SRF12";"Intranet";"Macro"
"4391";"SRF12_IOFOUTL12";NA;NA;"Inativa";"Min. Fazenda/SRF";"Finanças públicas";"Imposto sobre operações financeiras (IOF) - demais operações - receita líquida";"Imposto sobre operações financeiras (IOF) - demais operações - receita líquida";"Não oculta";"Intranet";0;0;0;"Incluída em 23/jan/2002.";NA;"SRF12";"Intranet";"Macro"
"4392";"SRF12_IOFMULL12";NA;NA;"Inativa";"Min. Fazenda/SRF";"Finanças públicas";"Imposto sobre operações financeiras (IOF) - multas - receita líquida";"Imposto sobre operações financeiras (IOF) - multas - receita líquida";"Não oculta";"Intranet";0;0;0;"Incluída em 23/jan/2002.";NA;"SRF12";"Intranet";"Macro"
"4393";"SRF12_IOFL12";NA;NA;"Inativa";"Min. Fazenda/SRF";"Finanças públicas";"Imposto sobre operações financeiras (IOF) - total - receita líquida";"Imposto sobre operações financeiras (IOF) - total - receita líquida";"Não oculta";"Intranet";0;0;0;"Incluída em 23/jan/2002.";NA;"SRF12";"Intranet";"Macro"
"4394";"SRF12_COFINSPRIL12";NA;NA;"Inativa";"Min. Fazenda/SRF";"Finanças públicas";"Contribuição - Finsocial / Cofins - principal - receita líquida";"Contribuição para o Finsocial / Cofins - principal - receita líquida";"Não oculta";"Intranet";0;0;0;"Incluída em 23/jan/2002.";NA;"SRF12";"Intranet";"Macro"
"4395";"SRF12_COFINSMULL12";NA;NA;"Inativa";"Min. Fazenda/SRF";"Finanças públicas";"Contribuição - Finsocial / Cofins - multas - receita líquida";"Contribuição para o Finsocial / Cofins - multas - receita líquida";"Não oculta";"Intranet";0;0;0;"Incluída em 23/jan/2002.";NA;"SRF12";"Intranet";"Macro"
"4396";"SRF12_COFINSL12";NA;NA;"Inativa";"Min. Fazenda/SRF";"Finanças públicas";"Contribuição - Finsocial / Cofins - total - receita líquida";"Contribuição para o Finsocial / Cofins - total - receita líquida";"Não oculta";"Intranet";0;0;0;"Incluída em 23/jan/2002.";NA;"SRF12";"Intranet";"Macro"
"4397";"SRF12_PISPRIL12";NA;NA;"Inativa";"Min. Fazenda/SRF";"Finanças públicas";"Contribuição - PIS / Pasep - principal - receita líquida";"Contribuição para o PIS / Pasep - principal - receita líquida";"Não oculta";"Intranet";0;0;0;"Incluída em 23/jan/2002.";NA;"SRF12";"Intranet";"Macro"
"4398";"SRF12_PISMULL12";NA;NA;"Inativa";"Min. Fazenda/SRF";"Finanças públicas";"Contribuição - PIS / Pasep - multas - receita líquida";"Contribuição para o PIS / Pasep - multas - receita líquida";"Não oculta";"Intranet";0;0;0;"Incluída em 23/jan/2002.";NA;"SRF12";"Intranet";"Macro"
"4399";"SRF12_PISL12";NA;NA;"Inativa";"Min. Fazenda/SRF";"Finanças públicas";"Contribuição - PIS / Pasep - total - receita líquida";"Contribuição para o PIS / Pasep - total - receita líquida";"Não oculta";"Intranet";0;0;0;"Incluída em 23/jan/2002.";NA;"SRF12";"Intranet";"Macro"
"4400";"SRF12_CSLLPRIL12";NA;NA;"Inativa";"Min. Fazenda/SRF";"Finanças públicas";"Contribuição social sobre o lucro líquido (CSLL) - principal - receita líquida";"Contribuição social sobre o lucro líquido (CSLL) - principal - receita líquida";"Não oculta";"Intranet";0;0;0;"Incluída em 23/jan/2002.";NA;"SRF12";"Intranet";"Macro"
"4401";"SRF12_CSLLMULL12";NA;NA;"Inativa";"Min. Fazenda/SRF";"Finanças públicas";"Contribuição social sobre o lucro líquido (CSLL) - multas - receita líquida";"Contribuição social sobre o lucro líquido (CSLL) - multas - receita líquida";"Não oculta";"Intranet";0;0;0;"Incluída em 23/jan/2002.";NA;"SRF12";"Intranet";"Macro"
"4402";"SRF12_CSLLL12";NA;NA;"Inativa";"Min. Fazenda/SRF";"Finanças públicas";"Contribuição social sobre o lucro líquido (CSLL) - total - receita líquida";"Contribuição social sobre o lucro líquido (CSLL) - total - receita líquida";"Não oculta";"Intranet";0;0;0;"Incluída em 23/jan/2002.";NA;"SRF12";"Intranet";"Macro"
"4403";"SRF12_IPMFL12";NA;NA;"Inativa";"Min. Fazenda/SRF";"Finanças públicas";"Contribuição provisória sobre movimentação financeira (CPMF) - receita líquida";"Contribuição provisória sobre movimentação financeira (CPMF) - receita líquida";"Não oculta";"Intranet";0;0;0;"Incluída em 23/jan/2002.";NA;"SRF12";"Intranet";"Macro"
"4404";"SRF12_CPSSL12";NA;NA;"Inativa";"Min. Fazenda/SRF";"Finanças públicas";"Contribuição para o plano de seguridade social do servidor (CPSS) - receita líquida";"Contribuição para o plano de seguridade social do servidor (CPSS) - receita líquida";"Não oculta";"Intranet";0;0;0;"Incluída em 23/jan/2002.";NA;"SRF12";"Intranet";"Macro"
"4405";"SRF12_ITRL12";NA;NA;"Inativa";"Min. Fazenda/SRF";"Finanças públicas";"Imposto sobre a propriedade territorial rural (ITR) - receita líquida";"Imposto sobre a propriedade territorial rural (ITR) - receita líquida";"Não oculta";"Intranet";0;0;0;"Incluída em 23/jan/2002.";NA;"SRF12";"Intranet";"Macro"
"4406";"SRF12_OUTRECL12";NA;NA;"Inativa";"Min. Fazenda/SRF";"Finanças públicas";"Outras receitas administradas - receita líquida";"Outras receitas administradas - receita líquida";"Não oculta";"Intranet";0;0;0;"Incluída em 23/jan/2002.";NA;"SRF12";"Intranet";"Macro"
"4407";"SRF12_TOTRECL12";NA;NA;"Inativa";"Min. Fazenda/SRF";"Finanças públicas";"Receita administrada pela SRF - receita líquida";"Receita administrada pela SRF - receita líquida";"Não oculta";"Intranet";0;0;0;"Incluída em 23/jan/2002.";NA;"SRF12";"Intranet";"Macro"
"4408";"SRF12_IFCXL12";NA;NA;"Inativa";"Min. Fazenda/SRF";"Finanças públicas";"Incentivos fiscais - caixa - receita líquida";"Incentivos fiscais - caixa - receita líquida";"Não oculta";"Intranet";0;0;0;"Incluída em 23/jan/2002.";NA;"SRF12";"Intranet";"Macro"
"4409";"SRF12_IIPET12";NA;NA;"Inativa";"Min. Fazenda/SRF";"Finanças públicas";"Imposto sobre a importação (II) - petróleo - receita bruta";"Imposto sobre a importação (II) - petróleo - receita bruta";"Oculta";"Internet";0;0;0;"Incluída em 23/jan/2002.";NA;"SRF12";"Oculta";"Macro"
"4410";"SRF12_IIOUT12";NA;NA;"Inativa";"Min. Fazenda/SRF";"Finanças públicas";"Imposto sobre a importação (II) - demais produtos - receita bruta";"Imposto sobre a importação (II) - demais produtos - receita bruta";"Oculta";"Internet";0;0;0;"Incluída em 23/jan/2002.";NA;"SRF12";"Oculta";"Macro"
"4411";"SRF12_IE12";NA;NA;"Inativa";"Min. Fazenda/SRF";"Finanças públicas";"Imposto sobre a exportação (IE) - total - receita bruta";"Imposto sobre a exportação (IE) - total - receita bruta";"Oculta";"Internet";0;0;0;"Incluída em 23/jan/2002.";NA;"SRF12";"Oculta";"Macro"
"4412";"SRF12_IPIFU12";13;769;"Ativa";"Min. Fazenda/SRF";"Finanças públicas";"Imposto sobre produtos industrializados (IPI) - fumo - receita bruta";"Imposto sobre produtos industrializados (IPI) - fumo - receita bruta";"Não oculta";"Internet";20;0;0;"Incluída em 23/jan/2002.";NA;"SRF12";"Internet";"Macro"
"4413";"SRF12_IPIBEB12";10;894;"Ativa";"Min. Fazenda/SRF";"Finanças públicas";"Imposto sobre produtos industrializados (IPI) - bebidas - receita bruta";"Imposto sobre produtos industrializados (IPI) - bebidas - receita bruta";"Não oculta";"Internet";20;0;0;"Incluída em 23/jan/2002.";NA;"SRF12";"Internet";"Macro"
"4414";"SRF12_IPIVEI12";14;737;"Ativa";"Min. Fazenda/SRF";"Finanças públicas";"Imposto sobre produtos industrializados (IPI) - automóveis - receita bruta";"Imposto sobre produtos industrializados (IPI) - automóveis - receita bruta";"Não oculta";"Internet";20;0;0;"Incluída em 23/jan/2002.";NA;"SRF12";"Internet";"Macro"
"4415";"SRF12_IPIVI12";13;769;"Ativa";"Min. Fazenda/SRF";"Finanças públicas";"Imposto sobre produtos industrializados (IPI) - vinculado à importação - receita bruta";"Imposto sobre produtos industrializados (IPI) - vinculado à importação - receita bruta";"Não oculta";"Internet";20;0;0;"Incluída em 23/jan/2002.";NA;"SRF12";"Internet";"Macro"
"4416";"SRF12_IPIOUT12";7;1050;"Ativa";"Min. Fazenda/SRF";"Finanças públicas";"Imposto sobre produtos industrializados (IPI) - outros - receita bruta";"Imposto sobre produtos industrializados (IPI) - outros - receita bruta";"Não oculta";"Internet";20;0;0;"Incluída em 23/jan/2002.";NA;"SRF12";"Internet";"Macro"
"4417";"SRF12_IRRFRT12";4;1262;"Ativa";"Min. Fazenda/SRF";"Finanças públicas";"Imposto sobre a renda (IR) - retido nas fontes - rendimento do trabalho - receita bruta";"Imposto sobre a renda (IR) - retido nas fontes - rendimento do trabalho - receita bruta";"Não oculta";"Internet";20;0;0;"Incluída em 23/jan/2002.";NA;"SRF12";"Internet";"Macro"
"4418";"SRF12_IRRFRC12";2;1480;"Ativa";"Min. Fazenda/SRF";"Finanças públicas";"Imposto sobre a renda (IR) - retido nas fontes - rendimento do capital - receita bruta";"Imposto sobre a renda (IR) - retido nas fontes - rendimento do capital - receita bruta";"Não oculta";"Internet";20;0;0;"Incluída em 23/jan/2002.";NA;"SRF12";"Internet";"Macro"
"4419";"SRF12_IRRFRE12";8;996;"Ativa";"Min. Fazenda/SRF";"Finanças públicas";"Imposto sobre a renda (IR) - retido nas fontes - rendimento de remessa p/ ext. - receita bruta";"Imposto sobre a renda (IR) - retido nas fontes - rendimento de remessa para o exterior - receita bruta";"Não oculta";"Internet";20;0;0;"Incluída em 23/jan/2002.";NA;"SRF12";"Internet";"Macro"
"4420";"SRF12_IRRFOUT12";NA;NA;"Ativa";"Min. Fazenda/SRF";"Finanças públicas";"Imposto sobre a renda (IR) - retido nas fontes - outros rendimentos - receita bruta";"Imposto sobre a renda (IR) - retido nas fontes - outros rendimentos - receita bruta";"Não oculta";"Internet";20;0;0;"Incluída em 23/jan/2002.";NA;"SRF12";"Internet";"Macro"
"4421";"SRF12_CPSS12";NA;NA;"Inativa";"Min. Fazenda/SRF";"Finanças públicas";"Contribuição para o plano de seguridade social do servidor (CPSS) - receita bruta";"Contribuição para o plano de seguridade social do servidor (CPSS) - receita bruta";"Oculta";"Internet";0;0;0;"Incluída em 23/jan/2002.";NA;"SRF12";"Oculta";"Macro"
"4422";"SRF12_ITR12";13;769;"Ativa";"Min. Fazenda/SRF";"Finanças públicas";"Imposto sobre a propriedade territorial rural (ITR) - receita bruta";"Imposto sobre a propriedade territorial rural (ITR) - receita bruta";"Não oculta";"Internet";20;0;0;"Incluída em 23/jan/2002.";NA;"SRF12";"Internet";"Macro"
"4423";"SRF12_OUTREC12";11;856;"Ativa";"Min. Fazenda/SRF";"Finanças públicas";"Outras receitas administradas - receita bruta";"Outras receitas administradas - receita bruta";"Não oculta";"Internet";20;0;0;"Incluída em 23/jan/2002.";NA;"SRF12";"Internet";"Macro"
"4424";"MPAS12_RPBANC12";21;569;"Inativa";"MPS";"Finanças públicas";"Fluxo de caixa da previdência - recebimentos - próprios - arrecadação bancária";"Fluxo de caixa da previdência social - recebimentos - próprios - arrecadação bancária";"Não oculta";"Internet";45;0;0;"Incluida em 23/jan/2002.";NA;"MPAS12";"Internet";"Macro"
"4425";"MPAS12_RPBANCS12";5;1176;"Inativa";"MPS";"Finanças públicas";"Fluxo de caixa da previdência - recebimentos - próprios - Simples";"Fluxo de caixa da previdência social - recebimentos - próprios - Simples";"Não oculta";"Internet";45;0;0;"Incluida em 23/jan/2002.";NA;"MPAS12";"Internet";"Macro"
"4426";"MPAS12_RPREFIS12";1;1628;"Inativa";"MPS";"Finanças públicas";"Fluxo de caixa da previdência - recebimentos - próprios - Refis";"Fluxo de caixa da previdência social - recebimentos - próprios - Refis";"Não oculta";"Internet";45;0;0;"Incluida em 23/jan/2002.";NA;"MPAS12";"Internet";"Macro"
"4427";"MPAS12_RPFNS12";NA;NA;"Inativa";"MPS";"Finanças públicas";"Fluxo de caixa da previdência - recebimentos - próprios - FNS";"Fluxo de caixa da previdência social - recebimentos - próprios - FNS";"Não oculta";"Internet";45;0;0;"Incluida em 23/jan/2002.";NA;"MPAS12";"Internet";"Macro"
"4428";"MPAS12_RPCDP12";NA;NA;"Inativa";"MPS";"Finanças públicas";"Fluxo de caixa da previdência - recebimentos - próprios - CDP";"Fluxo de caixa da previdência social - recebimentos - próprios - CDP";"Não oculta";"Internet";45;0;0;"Incluida em 23/jan/2002.";NA;"MPAS12";"Internet";"Macro"
"4429";"MPAS12_RPFIES12";NA;NA;"Inativa";"MPS";"Finanças públicas";"Fluxo de caixa da previdência - recebimentos - próprios - FIES";"Fluxo de caixa da previdência social - recebimentos - próprios - FIES";"Não oculta";"Internet";45;0;0;"Incluida em 23/jan/2002.";NA;"MPAS12";"Internet";"Macro"
"4430";"MPAS12_RPDEPJUD12";NA;NA;"Inativa";"MPS";"Finanças públicas";"Fluxo de caixa da previdência - recebimentos - próprios - depósitos judiciais";"Fluxo de caixa da previdência social - recebimentos - próprios - depósitos judiciais";"Não oculta";"Internet";45;0;0;"Incluida em 23/jan/2002.";NA;"MPAS12";"Internet";"Macro"
"4431";"MPAS12_RPQUIT12";NA;NA;"Inativa";"MPS";"Finanças públicas";"Fluxo de caixa da previdência - recebimentos - próprios - quitação de débitos";"Fluxo de caixa da previdência social - recebimentos - próprios - quitação de débitos";"Não oculta";"Internet";25;0;0;"Incluida em 23/jan/2002.";NA;"MPAS12";"Internet";"Macro"
"4432";"MPAS12_RPRESTARR12";2;1480;"Inativa";"MPS";"Finanças públicas";"Fluxo de caixa da previdência - recebimentos - próprios - restituição de arrecadação";"Fluxo de caixa da previdência social - recebimentos - próprios - restituição de arrecadação";"Não oculta";"Internet";45;0;0;"Incluida em 23/jan/2002.";NA;"MPAS12";"Internet";"Macro"
"4433";"MPAS12_RPRAF12";2;1480;"Inativa";"MPS";"Finanças públicas";"Fluxo de caixa da previdência - recebimentos - rendimentos de aplicações financeiras";"Fluxo de caixa da previdência social - recebimentos - rendimentos de aplicações financeiras";"Não oculta";"Internet";45;0;0;"Incluida em 23/jan/2002.";NA;"MPAS12";"Internet";"Macro"
"4434";"MPAS12_RPDEVBEN12";7;1050;"Inativa";"MPS";"Finanças públicas";"Fluxo de caixa da previdência - despesas - devolução de benefícios";"Fluxo de caixa da previdência social - despesas - devolução de benefícios";"Não oculta";"Internet";45;0;0;"Incluida em 23/jan/2002.";NA;"MPAS12";"Internet";"Macro"
"4435";"MPAS12_RPOUT12";1;1628;"Inativa";"MPS";"Finanças públicas";"Fluxo de caixa da previdência - recebimentos - outros";"Fluxo de caixa da previdência social - recebimentos - outros";"Não oculta";"Internet";45;0;0;"Incluida em 23/jan/2002.";NA;"MPAS12";"Internet";"Macro"
"4436";"MPAS12_PREVRECPR12";5;1176;"Inativa";"MPS";"Finanças públicas";"Fluxo de caixa da previdência - recebimentos - próprios - total";"Fluxo de caixa da previdência social - recebimentos - próprios - total";"Não oculta";"Internet";45;0;0;"Incluida em 23/jan/2002.";NA;"MPAS12";"Internet";"Macro"
"4437";"MPAS12_PREVRLINSS12";9;946;"Inativa";"MPS";"Finanças públicas";"Fluxo de caixa da previdência - receita líquida do INSS";"Fluxo de caixa da previdência social - receita líquida do INSS";"Não oculta";"Internet";25;0;0;"Incluida em 23/jan/2002.";NA;"MPAS12";"Internet";"Macro"
"4438";"MPAS12_RTUANTREC12";1;1628;"Inativa";"MPS";"Finanças públicas";"Fluxo de caixa da previdência - recebimentos - antecipação de receita do Tesouro Nacional";"Fluxo de caixa da previdência social - recebimentos - antecipação de receita";"Não oculta";"Internet";45;0;0;"Incluida em 23/jan/2002.";NA;"MPAS12";"Internet";"Macro"
"4439";"MPAS12_RTUCOTA12";NA;NA;"Inativa";"MPS";"Finanças públicas";"Fluxo de caixa da previdência - recebimentos - transferências da União - cota da previdência";"Fluxo de caixa da previdência social - recebimentos - transferências da União - cota da previdência";"Não oculta";"Internet";15;0;0;"Incluida em 23/jan/2002.";NA;"MPAS12";"Internet";"Macro"
"4440";"MPAS12_RTUEPU12";1;1628;"Inativa";"MPS";"Finanças públicas";"Fluxo de caixa da previdência - recebimentos - transferências da União - EPU";"Fluxo de caixa da previdência social - recebimentos - transferências da União - EPU";"Não oculta";"Internet";45;0;0;"Incluida em 23/jan/2002.";NA;"MPAS12";"Internet";"Macro"
"4441";"MPAS12_RTUCSL12";4;1262;"Inativa";"MPS";"Finanças públicas";"Fluxo de caixa da previdência - recebimentos - transferências da União - CSLL";"Fluxo de caixa da previdência social - recebimentos - transferências da União - CSLL";"Não oculta";"Internet";45;0;0;"Incluida em 23/jan/2002.";NA;"MPAS12";"Internet";"Macro"
"4442";"MPAS12_RTUCONFINS12";3;1356;"Inativa";"MPS";"Finanças públicas";"Fluxo de caixa da previdência - recebimentos - transferências da União - Cofins / LOAS";"Fluxo de caixa da previdência social - recebimentos - transferências da União - Cofins / LOAS";"Não oculta";"Internet";45;0;0;"Incluida em 23/jan/2002.";NA;"MPAS12";"Internet";"Macro"
"4443";"MPAS12_RTUOUT12";1;1628;"Inativa";"MPS";"Finanças públicas";"Fluxo de caixa da previdência - recebimentos - transferências da União - demais";"Fluxo de caixa da previdência social - recebimentos - transferências da União - demais";"Não oculta";"Internet";25;0;0;"Incluida em 23/jan/2002.";NA;"MPAS12";"Internet";"Macro"
"4444";"MPAS12_PREVRECTU12";4;1262;"Inativa";"MPS";"Finanças públicas";"Fluxo de caixa da previdência - recebimentos - transferências da União - total";"Fluxo de caixa da previdência social - recebimentos - transferências da União - total";"Não oculta";"Internet";45;0;0;"Incluida em 23/jan/2002.";NA;"MPAS12";"Internet";"Macro"
"4445";"MPAS12_DINSSBEN12";11;856;"Inativa";"MPS";"Finanças públicas";"Fluxo de caixa da previdência - despesas - INSS - benefícios provisionados";"Fluxo de caixa da previdência social - despesas - INSS - benefícios provisionados";"Não oculta";"Internet";45;0;0;"Incluida em 23/jan/2002.";NA;"MPAS12";"Internet";"Macro"
"4446";"MPAS12_DINSSPESS12";9;946;"Inativa";"MPS";"Finanças públicas";"Fluxo de caixa da previdência - despesas - INSS - pessoal";"Fluxo de caixa da previdência social - despesas - INSS - pessoal";"Não oculta";"Internet";45;0;0;"Incluida em 23/jan/2002.";NA;"MPAS12";"Internet";"Macro"
"4447";"MPAS12_DINSSEPU12";18;647;"Inativa";"MPS";"Finanças públicas";"Fluxo de caixa da previdência - despesas - INSS - EPU";"Fluxo de caixa da previdência social - despesas - INSS - EPU";"Não oculta";"Internet";45;0;0;"Incluida em 23/jan/2002.";NA;"MPAS12";"Internet";"Macro"
"4448";"MPAS12_DINSSLOAS12";16;690;"Inativa";"MPS";"Finanças públicas";"Fluxo de caixa da previdência - despesas - INSS - LOAS";"Fluxo de caixa da previdência social - despesas - INSS - LOAS";"Não oculta";"Internet";45;0;0;"Incluida em 23/jan/2002.";NA;"MPAS12";"Internet";"Macro"
"4449";"MPAS12_DINSSTI12";5;1176;"Inativa";"MPS";"Finanças públicas";"Fluxo de caixa da previdência - despesas - INSS - transferências ao Inamps";"Fluxo de caixa da previdência social - despesas - INSS - transferências ao Inamps";"Não oculta";"Internet";15;0;0;"Incluida em 23/jan/2002.";NA;"MPAS12";"Internet";"Macro"
"4450";"MPAS12_DINSSDPREV12";6;1117;"Inativa";"MPS";"Finanças públicas";"Fluxo de caixa da previdência - despesas - INSS - Dataprev";"Fluxo de caixa da previdência social - despesas - INSS - Dataprev";"Não oculta";"Internet";15;0;0;"Incluida em 23/jan/2002.";NA;"MPAS12";"Internet";"Macro"
"4451";"MPAS12_DINSSAM12";5;1176;"Inativa";"MPS";"Finanças públicas";"Fluxo de caixa da previdência - despesas - INSS - assistência médica";"Fluxo de caixa da previdência social - despesas - INSS - assistência médica";"Não oculta";"Internet";15;0;0;"Incluida em 23/jan/2002.";NA;"MPAS12";"Internet";"Macro"
"4452";"MPAS12_DINSSOUT12";10;894;"Inativa";"MPS";"Finanças públicas";"Fluxo de caixa da previdência - despesas - INSS - demais";"Fluxo de caixa da previdência social - despesas - INSS - demais";"Não oculta";"Internet";45;0;0;"Incluida em 23/jan/2002.";NA;"MPAS12";"Internet";"Macro"
"4453";"MPAS12_DINSSTT12";4;1262;"Inativa";"MPS";"Finanças públicas";"Fluxo de caixa da previdência - despesas - transferências a terceiros";"Fluxo de caixa da previdência social - despesas - transferências a terceiros";"Não oculta";"Internet";45;0;0;"Incluida em 23/jan/2002.";NA;"MPAS12";"Internet";"Macro"
"4454";"MPAS12_DINSSFUNDAC12";4;1262;"Inativa";"MPS";"Finanças públicas";"Fluxo de caixa da previdência - despesas - Fundac";"Fluxo de caixa da previdência social - despesas - Fundac";"Não oculta";"Internet";15;0;0;"Incluida em 23/jan/2002.";NA;"MPAS12";"Internet";"Macro"
"4455";"MPAS12_PREVDES12";27;457;"Inativa";"MPS";"Finanças públicas";"Fluxo de caixa da previdência - despesas - total";"Fluxo de caixa da previdência social - despesas - total";"Não oculta";"Internet";45;0;0;"Incluida em 23/jan/2002.";NA;"MPAS12";"Internet";"Macro"
"4456";"MPAS12_PREV12";55;231;"Inativa";"MPS";"Finanças públicas";"Fluxo de caixa da previdência - saldo final";"Fluxo de caixa da previdência social - saldo final";"Não oculta";"Internet";45;0;0;"Incluida em 23/jan/2002.";NA;"MPAS12";"Internet";"Macro"
"4457";"MPAS12_PREVRES12";21;569;"Inativa";"MPS";"Finanças públicas";"Fluxo de caixa da previdência - resultado de caixa";"Fluxo de caixa da previdência social - resultado de caixa";"Não oculta";"Internet";45;0;0;"Incluida em 23/jan/2002.";NA;"MPAS12";"Internet";"Macro"
"4458";"MPAS12_PREVDEF12";48;274;"Inativa";"MPS";"Finanças públicas";"Fluxo de caixa da previdência - déficit primário";"Fluxo de caixa da previdência social - déficit primário";"Não oculta";"Internet";25;0;0;"Incluida em 23/jan/2002.";NA;"MPAS12";"Internet";"Macro"
"4459";"MPAS12_PREVRB12";25;491;"Inativa";"MPS";"Finanças públicas";"Fluxo de caixa da previdência - resultado entre receita e benefícios";"Fluxo de caixa da previdência social - resultado entre receita e benefícios";"Não oculta";"Internet";45;0;0;"Incluida em 23/jan/2002.";NA;"MPAS12";"Internet";"Macro"
"4460";"SCN_PIBPBN";90;119;"Inativa";"IBGE/SCN 2000 Anual";"Contas nacionais";"PIB - preços básicos - ref. 2000";"Produto interno bruto (PIB) a preços básicos - referência 2000";"Oculta";"Internet";360;0;0;"Incluída em 03 / maio / 2007.";"Gerada";"SCN";"Oculta";"Macro"
"4461";"SCN4_PIBPBN4";122;14;"Inativa";"IBGE/SCN 2000 Trim.";"Contas nacionais";"PIB - preços básicos - ref. 2000";"Produto interno bruto (PIB) a preços básicos - referência 2000";"Não oculta";"Intranet";90;0;0;"Incluída em 03 / maio / 2007.";NA;"SCN4";"Intranet";"Macro"
"4462";"BM12_NFSPINNN12";NA;NA;"Inativa";"Bacen/Not. Imp./F. Púb.";"Finanças públicas";"NFSP - interna - nominal";"Necessidade de financiamento do setor público (NFSP) - interna - conceito nominal";"Oculta";"Intranet";180;0;0;"Incluída em 24/jan/2002.";NA;"BM12";"Oculta";"Macro"
"4463";"BM12_NFGFINNN12";NA;NA;"Inativa";"Bacen/Not. Imp./F. Púb.";"Finanças públicas";"NFSP - interna - gov. federal e Banco Central - nominal";"Necessidade de financiamento do setor público (NFSP) - interna - governo federal e Banco Central - conceito nominal";"Oculta";"Intranet";180;0;0;"Incluída em 24/jan/2002.";NA;"BM12";"Oculta";"Macro"
"4464";"BM12_NFGFINN1N12";NA;NA;"Inativa";"Bacen/Not. Imp./F. Púb.";"Finanças públicas";"NFSP - interna - gov. federal e Banco Central - reserva monetária em over - nominal";"Necessidade de financiamento do setor público (NFSP) - interna - governo federal e Banco Central - reserva monetária aplicada em overnight - conceito nominal";"Oculta";"Intranet";180;0;0;"Incluída em 24/jan/2002.";NA;"BM12";"Oculta";"Macro"
"4465";"BM12_NFGFINN2N12";NA;NA;"Inativa";"Bacen/Not. Imp./F. Púb.";"Finanças públicas";"NFSP - interna - gov. federal e Banco Central - dív. mobiliária fora do BC - nominal";"Necessidade de financiamento do setor público (NFSP) - interna - governo federal e Banco Central - dívida mobiliária fora do Banco Central - conceito nominal";"Oculta";"Intranet";180;0;0;"Incluída em 24/jan/2002.";NA;"BM12";"Oculta";"Macro"
"4466";"BM12_NFGFINN3N12";NA;NA;"Inativa";"Bacen/Not. Imp./F. Púb.";"Finanças públicas";"NFSP - interna - gov. federal e Banco Central - dív. bancária líquida - nominal";"Necessidade de financiamento do setor público (NFSP) - interna - governo federal e Banco Central - dívida bancária líquida - conceito nominal";"Oculta";"Intranet";180;0;0;"Incluída em 24/jan/2002.";NA;"BM12";"Oculta";"Macro"
"4467";"BM12_NFGFINN4N12";NA;NA;"Inativa";"Bacen/Not. Imp./F. Púb.";"Finanças públicas";"NFSP - interna - gov. federal e Banco Central - arrecadação a recolher - nominal";"Necessidade de financiamento do setor público (NFSP) - interna - governo federal e Banco Central - arrecadação a recolher - conceito nominal";"Oculta";"Intranet";180;0;0;"Incluída em 24/jan/2002.";NA;"BM12";"Oculta";"Macro"
"4468";"BM12_NFGFINN5N12";NA;NA;"Inativa";"Bacen/Not. Imp./F. Púb.";"Finanças públicas";"NFSP - interna - gov. federal e Banco Central - aplic. líq. da prev. social - nominal";"Necessidade de financiamento do setor público (NFSP) - interna - governo federal e Banco Central - aplicação líquida da previdência social - conceito nominal";"Oculta";"Intranet";180;0;0;"Incluída em 24/jan/2002.";NA;"BM12";"Oculta";"Macro"
"4469";"BM12_NFGFINN6N12";NA;NA;"Inativa";"Bacen/Not. Imp./F. Púb.";"Finanças públicas";"NFSP - interna - gov. federal e Banco Central - dív. bancária ag. descentral. - nominal";"Necessidade de financiamento do setor público (NFSP) - interna - governo federal e Banco Central - dívida bancária de agências descentralizadas - conceito nominal";"Oculta";"Intranet";180;0;0;"Incluída em 24/jan/2002.";NA;"BM12";"Oculta";"Macro"
"4470";"BM12_NFGFINN7N12";NA;NA;"Inativa";"Bacen/Not. Imp./F. Púb.";"Finanças públicas";"NFSP - interna - gov. federal e Banco Central - Aviso MF 30 - nominal";"Necessidade de financiamento do setor público (NFSP) - interna - governo federal e Banco Central - Aviso MF 30 - conceito nominal";"Oculta";"Intranet";180;0;0;"Incluída em 24/jan/2002.";NA;"BM12";"Oculta";"Macro"
"4471";"BM12_NFGFINN8N12";NA;NA;"Inativa";"Bacen/Not. Imp./F. Púb.";"Finanças públicas";"NFSP - interna - gov. federal e Banco Central - CP / DVR / TDA - nominal";"Necessidade de financiamento do setor público (NFSP) - interna - governo federal e Banco Central - CP / DVR / TDA - conceito nominal";"Oculta";"Intranet";180;0;0;"Incluída em 24/jan/2002.";NA;"BM12";"Oculta";"Macro"
"4472";"BM12_NFGFINN9N12";NA;NA;"Inativa";"Bacen/Not. Imp./F. Púb.";"Finanças públicas";"NFSP - interna - gov. federal e Banco Central - aplic. FAT em tít. públicos - nominal";"Necessidade de financiamento do setor público (NFSP) - interna - governo federal e Banco Central - aplicações do FAT em títulos públicos - conceito nominal";"Oculta";"Intranet";180;0;0;"Incluída em 24/jan/2002.";NA;"BM12";"Oculta";"Macro"
"4473";"BM12_NFGFINN10N12";NA;NA;"Inativa";"Bacen/Not. Imp./F. Púb.";"Finanças públicas";"NFSP - interna - gov. federal e Banco Central - créd. renegoc. est. e munic. - nominal";"Necessidade de financiamento do setor público (NFSP) - interna - governo federal e Banco Central - crédito de renegociação dos estados e municípios - conceito nominal";"Oculta";"Intranet";180;0;0;"Incluída em 24/jan/2002.";NA;"BM12";"Oculta";"Macro"
"4474";"BM12_NFGFINN11N12";NA;NA;"Inativa";"Bacen/Not. Imp./F. Púb.";"Finanças públicas";"NFSP - interna - gov. federal e Banco Central - base monetária - nominal";"Necessidade de financiamento do setor público (NFSP) - interna - governo federal e Banco Central - base monetária - conceito nominal";"Oculta";"Intranet";180;0;0;"Incluída em 24/jan/2002.";NA;"BM12";"Oculta";"Macro"
"4475";"BM12_NFGFINN12N12";NA;NA;"Inativa";"Bacen/Not. Imp./F. Púb.";"Finanças públicas";"NFSP - interna - gov. federal e Banco Central - depósitos em NCz$ no BC Lei 8024 - nominal";"Necessidade de financiamento do setor público (NFSP) - interna - governo federal e Banco Central - depósitos em NCz$ no Banco Central (Lei 8024) - conceito nominal";"Oculta";"Intranet";180;0;0;"Incluída em 24/jan/2002.";NA;"BM12";"Oculta";"Macro"
"4476";"BM12_NFGFINN13N12";NA;NA;"Inativa";"Bacen/Not. Imp./F. Púb.";"Finanças públicas";"NFSP - interna - gov. federal e Banco Central - RER - nominal";"Necessidade de financiamento do setor público (NFSP) - interna - governo federal e Banco Central - RER - conceito nominal";"Oculta";"Intranet";180;0;0;"Incluída em 24/jan/2002.";NA;"BM12";"Oculta";"Macro"
"4477";"BM12_NFGFINN14N12";NA;NA;"Inativa";"Bacen/Not. Imp./F. Púb.";"Finanças públicas";"NFSP - interna - gov. federal e Banco Central - outros depósitos no BC - nominal";"Necessidade de financiamento do setor público (NFSP) - interna - governo federal e Banco Central - outros depósitos no Banco Central - conceito nominal";"Oculta";"Intranet";180;0;0;"Incluída em 24/jan/2002.";NA;"BM12";"Oculta";"Macro"
"4478";"BM12_NFGFINN15N12";NA;NA;"Inativa";"Bacen/Not. Imp./F. Púb.";"Finanças públicas";"NFSP - interna - gov. federal e Banco Central - créd. do BC a inst. financeiras - nominal";"Necessidade de financiamento do setor público (NFSP) - interna - governo federal e Banco Central - créditos do Banco Central às instituições financeiras - conceito nominal";"Oculta";"Intranet";180;0;0;"Incluída em 24/jan/2002.";NA;"BM12";"Oculta";"Macro"
"4479";"BM12_NFGFINN16N12";NA;NA;"Inativa";"Bacen/Not. Imp./F. Púb.";"Finanças públicas";"NFSP - interna - gov. federal e Banco Central - créd. do BC a bancos estaduais - nominal";"Necessidade de financiamento do setor público (NFSP) - interna - governo federal e Banco Central - créditos do Banco Central aos bancos estaduais - conceito nominal";"Oculta";"Intranet";180;0;0;"Incluída em 24/jan/2002.";NA;"BM12";"Oculta";"Macro"
"4480";"BM12_NFGFINN17N12";NA;NA;"Inativa";"Bacen/Not. Imp./F. Púb.";"Finanças públicas";"NFSP - interna - gov. federal e Banco Central - demais contas do BC - nominal";"Necessidade de financiamento do setor público (NFSP) - interna - governo federal e Banco Central - demais contas do Banco Central - conceito nominal";"Oculta";"Intranet";180;0;0;"Incluída em 24/jan/2002.";NA;"BM12";"Oculta";"Macro"
"4481";"BM12_NFGFINN18N12";NA;NA;"Inativa";"Bacen/Not. Imp./F. Púb.";"Finanças públicas";"NFSP - interna - gov. federal e Banco Central - aplic. fundos em tít. públicos - nominal";"Necessidade de financiamento do setor público (NFSP) - interna - governo federal e Banco Central - aplicações de fundos em títulos públicos - conceito nominal";"Oculta";"Intranet";180;0;0;"Incluída em 24/jan/2002.";NA;"BM12";"Oculta";"Macro"
"4482";"BM12_NFGFINN19N12";NA;NA;"Inativa";"Bacen/Not. Imp./F. Púb.";"Finanças públicas";"NFSP - interna - gov. federal e Banco Central - disponib. FAT no BNDES - nominal";"Necessidade de financiamento do setor público (NFSP) - interna - governo federal e Banco Central - disponibilidade do FAT no BNDES - conceito nominal";"Oculta";"Intranet";180;0;0;"Incluída em 24/jan/2002.";NA;"BM12";"Oculta";"Macro"
"4483";"BM12_NFGFINN20N12";NA;NA;"Inativa";"Bacen/Not. Imp./F. Púb.";"Finanças públicas";"NFSP - interna - gov. federal e Banco Central - dív. da União Lei 8727/93 - nominal";"Necessidade de financiamento do setor público (NFSP) - interna - governo federal e Banco Central - dívida assumida pela União (Lei 8727/93) - conceito nominal";"Oculta";"Intranet";180;0;0;"Incluída em 24/jan/2002.";NA;"BM12";"Oculta";"Macro"
"4484";"BM12_NFGFINN21N12";NA;NA;"Inativa";"Bacen/Not. Imp./F. Púb.";"Finanças públicas";"NFSP - interna - gov. federal e Banco Central - créd. da União Lei 8727/93 - nominal";"Necessidade de financiamento do setor público (NFSP) - interna - governo federal e Banco Central - créditos da União (Lei 8727/93) - conceito nominal";"Oculta";"Intranet";180;0;0;"Incluída em 24/jan/2002.";NA;"BM12";"Oculta";"Macro"
"4485";"BM12_NFENN12";NA;NA;"Inativa";"Bacen/Not. Imp./F. Púb.";"Finanças públicas";"NFSP - estados - nominal";"Necessidade de financiamento do setor público (NFSP) - estados - conceito nominal";"Oculta";"Intranet";180;0;0;"Incluída em 24/jan/2002.";NA;"BM12";"Oculta";"Macro"
"4486";"BM12_NFEINNN12";NA;NA;"Inativa";"Bacen/Not. Imp./F. Púb.";"Finanças públicas";"NFSP - interna - estados - nominal";"Necessidade de financiamento do setor público (NFSP) - interna - estados - conceito nominal";"Oculta";"Intranet";180;0;0;"Incluída em 24/jan/2002.";NA;"BM12";"Oculta";"Macro"
"4487";"BM12_NFEINN1N12";NA;NA;"Inativa";"Bacen/Not. Imp./F. Púb.";"Finanças públicas";"NFSP - interna - estados - dív. mobiliária fora do BC - nominal";"Necessidade de financiamento do setor público (NFSP) - interna - estados - dívida mobiliária fora do Banco Central - conceito nominal";"Oculta";"Intranet";180;0;0;"Incluída em 24/jan/2002.";NA;"BM12";"Oculta";"Macro"
"4488";"BM12_NFEINN2N12";NA;NA;"Inativa";"Bacen/Not. Imp./F. Púb.";"Finanças públicas";"NFSP - interna - estados - renegociação Lei 9496 e Proes - nominal";"Necessidade de financiamento do setor público (NFSP) - interna - estados - renegociação Lei 9496 e Proes - conceito nominal";"Oculta";"Intranet";180;0;0;"Incluída em 24/jan/2002.";NA;"BM12";"Oculta";"Macro"
"4489";"BM12_NFEINN3N12";NA;NA;"Inativa";"Bacen/Not. Imp./F. Púb.";"Finanças públicas";"NFSP - interna - estados - dív. mobiliária bloqueada no BC - nominal";"Necessidade de financiamento do setor público (NFSP) - interna - estados - dívida mobiliária bloqueada no Banco Central - conceito nominal";"Oculta";"Intranet";180;0;0;"Incluída em 24/jan/2002.";NA;"BM12";"Oculta";"Macro"
"4490";"BM12_NFEINN4N12";NA;NA;"Inativa";"Bacen/Not. Imp./F. Púb.";"Finanças públicas";"NFSP - interna - estados - títulos em tesouraria - nominal";"Necessidade de financiamento do setor público (NFSP) - interna - estados - títulos em tesouraria - conceito nominal";"Oculta";"Intranet";180;0;0;"Incluída em 24/jan/2002.";NA;"BM12";"Oculta";"Macro"
"4491";"BM12_NFEINN5N12";NA;NA;"Inativa";"Bacen/Not. Imp./F. Púb.";"Finanças públicas";"NFSP - interna - estados - dív. bancária incl. ag. descentral. - nominal";"Necessidade de financiamento do setor público (NFSP) - interna - estados - dívida bancária (inclui agências descentralizadas) - conceito nominal";"Oculta";"Intranet";180;0;0;"Incluída em 24/jan/2002.";NA;"BM12";"Oculta";"Macro"
"4492";"BM12_NFEINN6N12";NA;NA;"Inativa";"Bacen/Not. Imp./F. Púb.";"Finanças públicas";"NFSP - interna - estados - arrecadação a recolher - nominal";"Necessidade de financiamento do setor público (NFSP) - interna - estados - arrecadação a recolher - conceito nominal";"Oculta";"Intranet";180;0;0;"Incluída em 24/jan/2002.";NA;"BM12";"Oculta";"Macro"
"4493";"BM12_NFEINN7N12";NA;NA;"Inativa";"Bacen/Not. Imp./F. Púb.";"Finanças públicas";"NFSP - interna - estados - depósitos à vista incl. ag. descentral. - nominal";"Necessidade de financiamento do setor público (NFSP) - interna - estados - depósitos à vista (inclui agências descentralizadas) - conceito nominal";"Oculta";"Intranet";180;0;0;"Incluída em 24/jan/2002.";NA;"BM12";"Oculta";"Macro"
"4494";"BM12_NFEINN8N12";NA;NA;"Inativa";"Bacen/Not. Imp./F. Púb.";"Finanças públicas";"NFSP - interna - estados - Aviso MF 30 - nominal";"Necessidade de financiamento do setor público (NFSP) - interna - estados - Aviso MF 30 - conceito nominal";"Oculta";"Intranet";180;0;0;"Incluída em 24/jan/2002.";NA;"BM12";"Oculta";"Macro"
"4495";"BM12_NFEINN9N12";NA;NA;"Inativa";"Bacen/Not. Imp./F. Púb.";"Finanças públicas";"NFSP - interna - estados - dív. renegociada Lei 8727/93 - nominal";"Necessidade de financiamento do setor público (NFSP) - interna - estados - dívida renegociada Lei 8727/93 - conceito nominal";"Oculta";"Intranet";180;0;0;"Incluída em 24/jan/2002.";NA;"BM12";"Oculta";"Macro"
"4496";"BM12_NFEINN10N12";NA;NA;"Inativa";"Bacen/Not. Imp./F. Púb.";"Finanças públicas";"NFSP - interna - estados - dív. renegociada Lei 8727/93 (BC) - nominal";"Necessidade de financiamento do setor público (NFSP) - interna - estados - dívida renegociada Lei 8727/93 (Banco Central) - conceito nominal";"Oculta";"Intranet";180;0;0;"Incluída em 24/jan/2002.";NA;"BM12";"Oculta";"Macro"
"4497";"BM12_NFMNN12";NA;NA;"Inativa";"Bacen/Not. Imp./F. Púb.";"Finanças públicas";"NFSP - municípios - nominal";"Necessidade de financiamento do setor público (NFSP) - municípios - conceito nominal";"Oculta";"Intranet";180;0;0;"Incluída em 24/jan/2002.";NA;"BM12";"Oculta";"Macro"
"4498";"BM12_NFMINNN12";NA;NA;"Inativa";"Bacen/Not. Imp./F. Púb.";"Finanças públicas";"NFSP - interna - municípios - nominal";"Necessidade de financiamento do setor público (NFSP) - interna - municípios - conceito nominal";"Oculta";"Intranet";180;0;0;"Incluída em 24/jan/2002.";NA;"BM12";"Oculta";"Macro"
"4499";"BM12_NFMINN1N12";NA;NA;"Inativa";"Bacen/Not. Imp./F. Púb.";"Finanças públicas";"NFSP - interna - municípios - dív. mobiliária fora do BC - nominal";"Necessidade de financiamento do setor público (NFSP) - interna - municípios - dívida mobiliária fora do Banco Central - conceito nominal";"Oculta";"Intranet";180;0;0;"Incluída em 24/jan/2002.";NA;"BM12";"Oculta";"Macro"
"4500";"BM12_NFMINN2N12";NA;NA;"Inativa";"Bacen/Not. Imp./F. Púb.";"Finanças públicas";"NFSP - interna - municípios - renegociação dos municípios - nominal";"Necessidade de financiamento do setor público (NFSP) - interna - municípios - renegociação dos municípios - conceito nominal";"Oculta";"Intranet";180;0;0;"Incluída em 24/jan/2002.";NA;"BM12";"Oculta";"Macro"
"4501";"BM12_NFMINN3N12";NA;NA;"Inativa";"Bacen/Not. Imp./F. Púb.";"Finanças públicas";"NFSP - interna - municípios - dív. mobiliária bloqueada no BC - nominal";"Necessidade de financiamento do setor público (NFSP) - interna - municípios - dívida mobiliária bloqueada no Banco Central - conceito nominal";"Oculta";"Intranet";180;0;0;"Incluída em 24/jan/2002.";NA;"BM12";"Oculta";"Macro"
"4502";"BM12_NFMINN4N12";NA;NA;"Inativa";"Bacen/Not. Imp./F. Púb.";"Finanças públicas";"NFSP - interna - municípios - títulos em tesouraria - nominal";"Necessidade de financiamento do setor público (NFSP) - interna - municípios - títulos em tesouraria - conceito nominal";"Oculta";"Intranet";180;0;0;"Incluída em 24/jan/2002.";NA;"BM12";"Oculta";"Macro"
"4503";"BM12_NFMINN5N12";NA;NA;"Inativa";"Bacen/Not. Imp./F. Púb.";"Finanças públicas";"NFSP - interna - municípios - dív. bancária incl. ag. descentral. - nominal";"Necessidade de financiamento do setor público (NFSP) - interna - municípios - dívida bancária (inclui agências descentralizadas) - conceito nominal";"Oculta";"Intranet";180;0;0;"Incluída em 24/jan/2002.";NA;"BM12";"Oculta";"Macro"
"4504";"BM12_NFMINN6N12";NA;NA;"Inativa";"Bacen/Not. Imp./F. Púb.";"Finanças públicas";"NFSP - interna - municípios - arrecadação a recolher - nominal";"Necessidade de financiamento do setor público (NFSP) - interna - municípios - arrecadação a recolher - conceito nominal";"Oculta";"Intranet";180;0;0;"Incluída em 24/jan/2002.";NA;"BM12";"Oculta";"Macro"
"4505";"BM12_NFMINN7N12";NA;NA;"Inativa";"Bacen/Not. Imp./F. Púb.";"Finanças públicas";"NFSP - interna - municípios - depósitos à vista incl. ag. descentral. - nominal";"Necessidade de financiamento do setor público (NFSP) - interna - municípios - depósitos à vista (inclui agências descentralizadas) - conceito nominal";"Oculta";"Intranet";180;0;0;"Incluída em 24/jan/2002.";NA;"BM12";"Oculta";"Macro"
"4506";"BM12_NFMINN8N12";NA;NA;"Inativa";"Bacen/Not. Imp./F. Púb.";"Finanças públicas";"NFSP - interna - municípios - Aviso MF 30 - nominal";"Necessidade de financiamento do setor público (NFSP) - interna - municípios - Aviso MF 30 - conceito nominal";"Oculta";"Intranet";180;0;0;"Incluída em 24/jan/2002.";NA;"BM12";"Oculta";"Macro"
"4507";"BM12_NFMINN9N12";NA;NA;"Inativa";"Bacen/Not. Imp./F. Púb.";"Finanças públicas";"NFSP - interna - municípios - dív. renegociada Lei 8727/93 - nominal";"Necessidade de financiamento do setor público (NFSP) - interna - municípios - dívida renegociada Lei 8727/93 - conceito nominal";"Oculta";"Intranet";180;0;0;"Incluída em 24/jan/2002.";NA;"BM12";"Oculta";"Macro"
"4508";"BM12_NFMINN10N12";NA;NA;"Inativa";"Bacen/Not. Imp./F. Púb.";"Finanças públicas";"NFSP - interna - municípios - dív. renegociada Lei 8727/93 (BC) - nominal";"Necessidade de financiamento do setor público (NFSP) - interna - municípios - dívida renegociada Lei 8727/93 (Banco Central) - nominal";"Oculta";"Intranet";180;0;0;"Incluída em 24/jan/2002.";NA;"BM12";"Oculta";"Macro"
"4509";"BM12_NFEEFNN12";NA;NA;"Inativa";"Bacen/Not. Imp./F. Púb.";"Finanças públicas";"NFSP - estatais - federais - nominal";"Necessidade de financiamento do setor público (NFSP) - empresas estatais federais - conceito nominal";"Oculta";"Intranet";180;0;0;"Incluída em 24/jan/2002.";NA;"BM12";"Oculta";"Macro"
"4510";"BM12_NFEEINNN12";NA;NA;"Inativa";"Bacen/Not. Imp./F. Púb.";"Finanças públicas";"NFSP - interna - estatais - nominal";"Necessidade de financiamento do setor público (NFSP) - interna - empresas estatais - conceito nominal";"Oculta";"Intranet";180;0;0;"Incluída em 24/jan/2002.";NA;"BM12";"Oculta";"Macro"
"4511";"BM12_NFEEFINN1N12";NA;NA;"Inativa";"Bacen/Not. Imp./F. Púb.";"Finanças públicas";"NFSP - interna - estatais - federais - nominal";"Necessidade de financiamento do setor público (NFSP) - interna - empresas estatais federais - conceito nominal";"Oculta";"Intranet";180;0;0;"Incluída em 24/jan/2002.";NA;"BM12";"Oculta";"Macro"
"4512";"BM12_NFEEFINN2N12";NA;NA;"Inativa";"Bacen/Not. Imp./F. Púb.";"Finanças públicas";"NFSP - interna - estatais - federais - dív. bancária - nominal";"Necessidade de financiamento do setor público (NFSP) - interna - empresas estatais federais - dívida bancária - conceito nominal";"Oculta";"Intranet";180;0;0;"Incluída em 24/jan/2002.";NA;"BM12";"Oculta";"Macro"
"4513";"BM12_NFEEFINN3N12";NA;NA;"Inativa";"Bacen/Not. Imp./F. Púb.";"Finanças públicas";"NFSP - interna - estatais - federais - depósitos à vista - nominal";"Necessidade de financiamento do setor público (NFSP) - interna - empresas estatais federais - depósitos à vista - conceito nominal";"Oculta";"Intranet";180;0;0;"Incluída em 24/jan/2002.";NA;"BM12";"Oculta";"Macro"
"4514";"BM12_NFEEFINN4N12";NA;NA;"Inativa";"Bacen/Not. Imp./F. Púb.";"Finanças públicas";"NFSP - interna - estatais - federais - dív. com empreit. e forneced. - nominal";"Necessidade de financiamento do setor público (NFSP) - interna - empresas estatais federais - dívida com empreiteiras e fornecedores - conceito nominal";"Oculta";"Intranet";180;0;0;"Incluída em 24/jan/2002.";NA;"BM12";"Oculta";"Macro"
"4515";"BM12_NFEEFINN5N12";NA;NA;"Inativa";"Bacen/Not. Imp./F. Púb.";"Finanças públicas";"NFSP - interna - estatais - federais - debêntures - nominal";"Necessidade de financiamento do setor público (NFSP) - interna - empresas estatais federais - debêntures - conceito nominal";"Oculta";"Intranet";180;0;0;"Incluída em 24/jan/2002.";NA;"BM12";"Oculta";"Macro"
"4516";"BM12_NFEEFINN6N12";NA;NA;"Inativa";"Bacen/Not. Imp./F. Púb.";"Finanças públicas";"NFSP - interna - estatais - federais - Aviso MF 30 - nominal";"Necessidade de financiamento do setor público (NFSP) - interna - empresas estatais federais - Aviso MF 30 - conceito nominal";"Oculta";"Intranet";180;0;0;"Incluída em 24/jan/2002.";NA;"BM12";"Oculta";"Macro"
"4517";"BM12_NFEEFINN7N12";NA;NA;"Inativa";"Bacen/Not. Imp./F. Púb.";"Finanças públicas";"NFSP - interna - estatais - federais - fundos CP (extramercado) - nominal";"Necessidade de financiamento do setor público (NFSP) - interna - empresas estatais federais - fundos de curto prazo (extramercado) - conceito nominal";"Oculta";"Intranet";180;0;0;"Incluída em 24/jan/2002.";NA;"BM12";"Oculta";"Macro"
"4518";"BM12_NFEEFINN8N12";NA;NA;"Inativa";"Bacen/Not. Imp./F. Púb.";"Finanças públicas";"NFSP - interna - estatais - federais - dív. renegociada Lei 8727/93 - nominal";"Necessidade de financiamento do setor público (NFSP) - interna - empresas estatais federais - dívida renegociada Lei 8727/93 - conceito nominal";"Oculta";"Intranet";180;0;0;"Incluída em 24/jan/2002.";NA;"BM12";"Oculta";"Macro"
"4519";"BM12_NFEEENN12";NA;NA;"Inativa";"Bacen/Not. Imp./F. Púb.";"Finanças públicas";"NFSP - estatais - estaduais - nominal";"Necessidade de financiamento do setor público (NFSP) - empresas estatais estaduais - conceito nominal";"Oculta";"Intranet";180;0;0;"Incluída em 24/jan/2002.";NA;"BM12";"Oculta";"Macro"
"4520";"BM12_NFEEEINN1N12";NA;NA;"Inativa";"Bacen/Not. Imp./F. Púb.";"Finanças públicas";"NFSP - interna - estatais - estaduais - nominal";"Necessidade de financiamento do setor público (NFSP) - interna - empresas estatais estaduais - conceito nominal";"Oculta";"Intranet";180;0;0;"Incluída em 24/jan/2002.";NA;"BM12";"Oculta";"Macro"
"4521";"BM12_NFEEEINN2N12";NA;NA;"Inativa";"Bacen/Not. Imp./F. Púb.";"Finanças públicas";"NFSP - interna - estatais - estaduais - dív. bancária - nominal";"Necessidade de financiamento do setor público (NFSP) - interna - empresas estatais estaduais - dívida bancária - conceito nominal";"Oculta";"Intranet";180;0;0;"Incluída em 24/jan/2002.";NA;"BM12";"Oculta";"Macro"
"4522";"BM12_NFEEEINN3N12";NA;NA;"Inativa";"Bacen/Not. Imp./F. Púb.";"Finanças públicas";"NFSP - interna - estatais - estaduais - depósitos à vista - nominal";"Necessidade de financiamento do setor público (NFSP) - interna - empresas estatais estaduais - depósitos à vista - conceito nominal";"Oculta";"Intranet";180;0;0;"Incluída em 24/jan/2002.";NA;"BM12";"Oculta";"Macro"
"4523";"BM12_NFEEEINN4N12";NA;NA;"Inativa";"Bacen/Not. Imp./F. Púb.";"Finanças públicas";"NFSP - interna - estatais - estaduais - aplic. carteira em tít. públ. - nominal";"Necessidade de financiamento do setor público (NFSP) - interna - empresas estatais estaduais - aplicações em carteira em títulos públicos - conceito nominal";"Oculta";"Intranet";180;0;0;"Incluída em 24/jan/2002.";NA;"BM12";"Oculta";"Macro"
"4524";"BM12_NFEEEINN5N12";NA;NA;"Inativa";"Bacen/Not. Imp./F. Púb.";"Finanças públicas";"NFSP - interna - estatais - estaduais - Aviso MF 30 - nominal";"Necessidade de financiamento do setor público (NFSP) - interna - empresas estatais estaduais - Aviso MF 30 - conceito nominal";"Oculta";"Intranet";180;0;0;"Incluída em 24/jan/2002.";NA;"BM12";"Oculta";"Macro"
"4525";"BM12_NFEEEINN6N12";NA;NA;"Inativa";"Bacen/Not. Imp./F. Púb.";"Finanças públicas";"NFSP - interna - estatais - estaduais - dív. renegociada Lei 8727/93 - nominal";"Necessidade de financiamento do setor público (NFSP) - interna - empresas estatais estaduais - dívida renegociada Lei 8727/93 - conceito nominal";"Oculta";"Intranet";180;0;0;"Incluída em 24/jan/2002.";NA;"BM12";"Oculta";"Macro"
"4526";"BM12_NFEEMNN12";NA;NA;"Inativa";"Bacen/Not. Imp./F. Púb.";"Finanças públicas";"NFSP - estatais - municipais - nominal";"Necessidade de financiamento do setor público (NFSP) - empresas estatais municipais - conceito nominal";"Oculta";"Intranet";180;0;0;"Incluída em 24/jan/2002.";NA;"BM12";"Oculta";"Macro"
"4527";"BM12_NFEEMINN1N12";NA;NA;"Inativa";"Bacen/Not. Imp./F. Púb.";"Finanças públicas";"NFSP - interna - estatais - municipais - nominal";"Necessidade de financiamento do setor público (NFSP) - interna - empresas estatais municipais - conceito nominal";"Oculta";"Intranet";180;0;0;"Incluída em 24/jan/2002.";NA;"BM12";"Oculta";"Macro"
"4528";"BM12_NFEEMINN2N12";NA;NA;"Inativa";"Bacen/Not. Imp./F. Púb.";"Finanças públicas";"NFSP - interna - estatais - municipais - dív. bancária - nominal";"Necessidade de financiamento do setor público (NFSP) - interna - empresas estatais municipais - dívida bancária - conceito nominal";"Oculta";"Intranet";180;0;0;"Incluída em 24/jan/2002.";NA;"BM12";"Oculta";"Macro"
"4529";"BM12_NFEEMINN3N12";NA;NA;"Inativa";"Bacen/Not. Imp./F. Púb.";"Finanças públicas";"NFSP - interna - estatais - municipais - depósitos à vista - nominal";"Necessidade de financiamento do setor público (NFSP) - interna - empresas estatais municipais - depósitos à vista - conceito nominal";"Oculta";"Intranet";180;0;0;"Incluída em 24/jan/2002.";NA;"BM12";"Oculta";"Macro"
"4530";"BM12_NFEEMINN4N12";NA;NA;"Inativa";"Bacen/Not. Imp./F. Púb.";"Finanças públicas";"NFSP - interna - estatais - municipais - Aviso MF 30 - nominal";"Necessidade de financiamento do setor público (NFSP) - interna - empresas estatais municipais - Aviso MF 30 - conceito nominal";"Oculta";"Intranet";180;0;0;"Incluída em 24/jan/2002.";NA;"BM12";"Oculta";"Macro"
"4531";"BM12_NFEEMINN5N12";NA;NA;"Inativa";"Bacen/Not. Imp./F. Púb.";"Finanças públicas";"NFSP - interna - estatais - municipais - dív. renegociada Lei 8727/93 - nominal";"Necessidade de financiamento do setor público (NFSP) - interna - empresas estatais municipais - dívida renegociada Lei 8727/93 - conceito nominal";"Oculta";"Intranet";180;0;0;"Incluída em 24/jan/2002.";NA;"BM12";"Oculta";"Macro"
"4532";"BM12_NFSPEXNN12";NA;NA;"Inativa";"Bacen/Not. Imp./F. Púb.";"Finanças públicas";"NFSP - externa - nominal";"Necessidade de financiamento do setor público (NFSP) - externa - conceito nominal";"Oculta";"Intranet";180;0;0;"Incluída em 24/jan/2002.";NA;"BM12";"Oculta";"Macro"
"4533";"BM12_NFBCEXNN12";NA;NA;"Inativa";"Bacen/Not. Imp./F. Púb.";"Finanças públicas";"NFSP - externa - Banco Central - nominal";"Necessidade de financiamento do setor público (NFSP) - externa - Banco Central - conceito nominal";"Oculta";"Intranet";180;0;0;"Incluída em 24/jan/2002.";NA;"BM12";"Oculta";"Macro"
"4534";"BM12_NFFEXNN12";NA;NA;"Inativa";"Bacen/Not. Imp./F. Púb.";"Finanças públicas";"NFSP - externa - gov. federal - nominal";"Necessidade de financiamento do setor público (NFSP) - externa - governo federal - conceito nominal";"Oculta";"Intranet";180;0;0;"Incluída em 24/jan/2002.";NA;"BM12";"Oculta";"Macro"
"4535";"BM12_NFEEXNN12";NA;NA;"Inativa";"Bacen/Not. Imp./F. Púb.";"Finanças públicas";"NFSP - externa - estados - nominal";"Necessidade de financiamento do setor público (NFSP) - externa - estados - conceito nominal";"Oculta";"Intranet";180;0;0;"Incluída em 24/jan/2002.";NA;"BM12";"Oculta";"Macro"
"4536";"BM12_NFMEXNN12";NA;NA;"Inativa";"Bacen/Not. Imp./F. Púb.";"Finanças públicas";"NFSP - externa - municípios - nominal";"Necessidade de financiamento do setor público (NFSP) - externa - municípios - conceito nominal";"Oculta";"Intranet";180;0;0;"Incluída em 24/jan/2002.";NA;"BM12";"Oculta";"Macro"
"4537";"BM12_NFEEEXNN12";NA;NA;"Inativa";"Bacen/Not. Imp./F. Púb.";"Finanças públicas";"NFSP - externa - estatais - nominal";"Necessidade de financiamento do setor público (NFSP) - externa - empresas estatais - conceito nominal";"Oculta";"Intranet";180;0;0;"Incluída em 24/jan/2002.";NA;"BM12";"Oculta";"Macro"
"4538";"BM12_NFEEFEXNN12";NA;NA;"Inativa";"Bacen/Not. Imp./F. Púb.";"Finanças públicas";"NFSP - externa - estatais - federais - nominal";"Necessidade de financiamento do setor público (NFSP) - externa - empresas estatais federais - conceito nominal";"Oculta";"Intranet";180;0;0;"Incluída em 24/jan/2002.";NA;"BM12";"Oculta";"Macro"
"4539";"BM12_NFEEEEXNN12";NA;NA;"Inativa";"Bacen/Not. Imp./F. Púb.";"Finanças públicas";"NFSP - externa - estatais - estaduais - nominal";"Necessidade de financiamento do setor público (NFSP) - externa - empresas estatais estaduais - conceito nominal";"Oculta";"Intranet";180;0;0;"Incluída em 24/jan/2002.";NA;"BM12";"Oculta";"Macro"
"4540";"BM12_NFEEMEXNN12";NA;NA;"Inativa";"Bacen/Not. Imp./F. Púb.";"Finanças públicas";"NFSP - externa - estatais - municipais - nominal";"Necessidade de financiamento do setor público (NFSP) - externa - empresas estatais municipais - conceito nominal";"Oculta";"Intranet";180;0;0;"Incluída em 24/jan/2002.";NA;"BM12";"Oculta";"Macro"
"4541";"BM12_NFSPINPN12";NA;NA;"Inativa";"Bacen/Not. Imp./F. Púb.";"Finanças públicas";"NFSP - interna - primário";"Necessidade de financiamento do setor público (NFSP) - interna - conceito primário";"Oculta";"Intranet";180;0;0;"Incluída em 24/jan/2002.";NA;"BM12";"Oculta";"Macro"
"4542";"BM12_NFGFINPN12";NA;NA;"Inativa";"Bacen/Not. Imp./F. Púb.";"Finanças públicas";"NFSP - interna - gov. federal e Banco Central - primário";"Necessidade de financiamento do setor público (NFSP) - interna - governo federal e Banco Central - conceito primário";"Oculta";"Intranet";180;0;0;"Incluída em 24/jan/2002.";NA;"BM12";"Oculta";"Macro"
"4543";"BM12_NFGFINP1N12";NA;NA;"Inativa";"Bacen/Not. Imp./F. Púb.";"Finanças públicas";"NFSP - interna - gov. federal e Banco Central - reserva monetária em over - primário";"Necessidade de financiamento do setor público (NFSP) - interna - governo federal e Banco Central - reserva monetária aplicada em overnight - conceito primário";"Oculta";"Intranet";180;0;0;"Incluída em 24/jan/2002.";NA;"BM12";"Oculta";"Macro"
"4544";"BM12_NFGFINP2N12";NA;NA;"Inativa";"Bacen/Not. Imp./F. Púb.";"Finanças públicas";"NFSP - interna - gov. federal e Banco Central - dív. mobiliária fora do BC - primário";"Necessidade de financiamento do setor público (NFSP) - interna - governo federal e Banco Central - dívida mobiliária fora do Banco Central - conceito primário";"Oculta";"Intranet";180;0;0;"Incluída em 24/jan/2002.";NA;"BM12";"Oculta";"Macro"
"4545";"BM12_NFGFINP3N12";NA;NA;"Inativa";"Bacen/Not. Imp./F. Púb.";"Finanças públicas";"NFSP - interna - gov. federal e Banco Central - dív. bancária líquida - primário";"Necessidade de financiamento do setor público (NFSP) - interna - governo federal e Banco Central - dívida bancária líquida - conceito primário";"Oculta";"Intranet";180;0;0;"Incluída em 24/jan/2002.";NA;"BM12";"Oculta";"Macro"
"4546";"BM12_NFGFINP4N12";NA;NA;"Inativa";"Bacen/Not. Imp./F. Púb.";"Finanças públicas";"NFSP - interna - gov. federal e Banco Central - arrecadação a recolher - primário";"Necessidade de financiamento do setor público (NFSP) - interna - governo federal e Banco Central - arrecadação a recolher - conceito primário";"Oculta";"Intranet";180;0;0;"Incluída em 24/jan/2002.";NA;"BM12";"Oculta";"Macro"
"4547";"BM12_NFGFINP5N12";NA;NA;"Inativa";"Bacen/Not. Imp./F. Púb.";"Finanças públicas";"NFSP - interna - gov. federal e Banco Central - aplic. líq. da prev. social - primário";"Necessidade de financiamento do setor público (NFSP) - interna - governo federal e Banco Central - aplicação líquida da previdência social - conceito primário";"Oculta";"Intranet";180;0;0;"Incluída em 24/jan/2002.";NA;"BM12";"Oculta";"Macro"
"4548";"BM12_NFGFINP6N12";NA;NA;"Inativa";"Bacen/Not. Imp./F. Púb.";"Finanças públicas";"NFSP - interna - gov. federal e Banco Central - dív. bancária ag. descentral. - primário";"Necessidade de financiamento do setor público (NFSP) - interna - governo federal e Banco Central - dívida bancária de agências descentralizadas - conceito primário";"Oculta";"Intranet";180;0;0;"Incluída em 24/jan/2002.";NA;"BM12";"Oculta";"Macro"
"4549";"BM12_NFGFINP7N12";NA;NA;"Inativa";"Bacen/Not. Imp./F. Púb.";"Finanças públicas";"NFSP - interna - gov. federal e Banco Central - Aviso MF 30 - primário";"Necessidade de financiamento do setor público (NFSP) - interna - governo federal e Banco Central - Aviso MF 30 - conceito primário";"Oculta";"Intranet";180;0;0;"Incluída em 24/jan/2002.";NA;"BM12";"Oculta";"Macro"
"4550";"BM12_NFGFINP8N12";NA;NA;"Inativa";"Bacen/Not. Imp./F. Púb.";"Finanças públicas";"NFSP - interna - gov. federal e Banco Central - CP / DVR / TDA - primário";"Necessidade de financiamento do setor público (NFSP) - interna - governo federal e Banco Central - CP / DVR / TDA - conceito primário";"Oculta";"Intranet";180;0;0;"Incluída em 24/jan/2002.";NA;"BM12";"Oculta";"Macro"
"4551";"BM12_NFGFINP9N12";NA;NA;"Inativa";"Bacen/Not. Imp./F. Púb.";"Finanças públicas";"NFSP - interna - gov. federal e Banco Central - aplic. FAT em tít. públicos - primário";"Necessidade de financiamento do setor público (NFSP) - interna - governo federal e Banco Central - aplicações do FAT em títulos públicos - conceito primário";"Oculta";"Intranet";180;0;0;"Incluída em 24/jan/2002.";NA;"BM12";"Oculta";"Macro"
"4552";"BM12_NFGFINP10N12";NA;NA;"Inativa";"Bacen/Not. Imp./F. Púb.";"Finanças públicas";"NFSP - interna - gov. federal e Banco Central - créd. renegoc. est. e munic. - primário";"Necessidade de financiamento do setor público (NFSP) - interna - governo federal e Banco Central - crédito de renegociação dos estados e municípios - conceito primário";"Oculta";"Intranet";180;0;0;"Incluída em 24/jan/2002.";NA;"BM12";"Oculta";"Macro"
"4553";"BM12_NFGFINP11N12";NA;NA;"Inativa";"Bacen/Not. Imp./F. Púb.";"Finanças públicas";"NFSP - interna - gov. federal e Banco Central - base monetária - primário";"Necessidade de financiamento do setor público (NFSP) - interna - governo federal e Banco Central - base monetária - conceito primário";"Oculta";"Intranet";180;0;0;"Incluída em 24/jan/2002.";NA;"BM12";"Oculta";"Macro"
"4554";"BM12_NFGFINP12N12";NA;NA;"Inativa";"Bacen/Not. Imp./F. Púb.";"Finanças públicas";"NFSP - interna - gov. federal e Banco Central - depósitos em NCz$ no BC Lei 8024 - primário";"Necessidade de financiamento do setor público (NFSP) - interna - governo federal e Banco Central - depósitos em NCz$ no Banco Central (Lei 8024) - conceito primário";"Oculta";"Intranet";180;0;0;"Incluída em 24/jan/2002.";NA;"BM12";"Oculta";"Macro"
"4555";"BM12_NFGFINP13N12";NA;NA;"Inativa";"Bacen/Not. Imp./F. Púb.";"Finanças públicas";"NFSP - interna - gov. federal e Banco Central - RER - primário";"Necessidade de financiamento do setor público (NFSP) - interna - governo federal e Banco Central - RER - conceito primário";"Oculta";"Intranet";180;0;0;"Incluída em 24/jan/2002.";NA;"BM12";"Oculta";"Macro"
"4556";"BM12_NFGFINP14N12";NA;NA;"Inativa";"Bacen/Not. Imp./F. Púb.";"Finanças públicas";"NFSP - interna - gov. federal e Banco Central - outros depósitos no BC - primário";"Necessidade de financiamento do setor público (NFSP) - interna - governo federal e Banco Central - outros depósitos no Banco Central - conceito primário";"Oculta";"Intranet";180;0;0;"Incluída em 24/jan/2002.";NA;"BM12";"Oculta";"Macro"
"4557";"BM12_NFGFINP15N12";NA;NA;"Inativa";"Bacen/Not. Imp./F. Púb.";"Finanças públicas";"NFSP - interna - gov. federal e Banco Central - créd. do BC a inst. financeiras - primário";"Necessidade de financiamento do setor público (NFSP) - interna - governo federal e Banco Central - créditos do Banco Central às instituições financeiras - conceito primário";"Oculta";"Intranet";180;0;0;"Incluída em 24/jan/2002.";NA;"BM12";"Oculta";"Macro"
"4558";"BM12_NFGFINP16N12";NA;NA;"Inativa";"Bacen/Not. Imp./F. Púb.";"Finanças públicas";"NFSP - interna - gov. federal e Banco Central - créd. do BC a bancos estaduais - primário";"Necessidade de financiamento do setor público (NFSP) - interna - governo federal e Banco Central - créditos do Banco Central aos bancos estaduais - conceito primário";"Oculta";"Intranet";180;0;0;"Incluída em 24/jan/2002.";NA;"BM12";"Oculta";"Macro"
"4559";"BM12_NFGFINP17N12";NA;NA;"Inativa";"Bacen/Not. Imp./F. Púb.";"Finanças públicas";"NFSP - interna - gov. federal e Banco Central - demais contas do BC - primário";"Necessidade de financiamento do setor público (NFSP) - interna - governo federal e Banco Central - demais contas do Banco Central - conceito primário";"Oculta";"Intranet";180;0;0;"Incluída em 24/jan/2002.";NA;"BM12";"Oculta";"Macro"
"4560";"BM12_NFGFINP18N12";NA;NA;"Inativa";"Bacen/Not. Imp./F. Púb.";"Finanças públicas";"NFSP - interna - gov. federal e Banco Central - aplic. fundos em tít. públicos - primário";"Necessidade de financiamento do setor público (NFSP) - interna - governo federal e Banco Central - aplicações de fundos em títulos públicos - conceito primário";"Oculta";"Intranet";180;0;0;"Incluída em 24/jan/2002.";NA;"BM12";"Oculta";"Macro"
"4561";"BM12_NFGFINP19N12";NA;NA;"Inativa";"Bacen/Not. Imp./F. Púb.";"Finanças públicas";"NFSP - interna - gov. federal e Banco Central - disponib. FAT no BNDES - primário";"Necessidade de financiamento do setor público (NFSP) - interna - governo federal e Banco Central - disponibilidade do FAT no BNDES - conceito primário";"Oculta";"Intranet";180;0;0;"Incluída em 24/jan/2002.";NA;"BM12";"Oculta";"Macro"
"4562";"BM12_NFGFINP20N12";NA;NA;"Inativa";"Bacen/Not. Imp./F. Púb.";"Finanças públicas";"NFSP - interna - gov. federal e Banco Central - dív. da União Lei 8727/93 - primário";"Necessidade de financiamento do setor público (NFSP) - interna - governo federal e Banco Central - dívida assumida pela União (Lei 8727/93) - conceito primário";"Oculta";"Intranet";180;0;0;"Incluída em 24/jan/2002.";NA;"BM12";"Oculta";"Macro"
"4563";"BM12_NFGFINP21N12";NA;NA;"Inativa";"Bacen/Not. Imp./F. Púb.";"Finanças públicas";"NFSP - interna - gov. federal e Banco Central - créd. da União Lei 8727/93 - primário";"Necessidade de financiamento do setor público (NFSP) - interna - governo federal e Banco Central - créditos da União (Lei 8727/93) - conceito primário";"Oculta";"Intranet";180;0;0;"Incluída em 24/jan/2002.";NA;"BM12";"Oculta";"Macro"
"4564";"BM12_NFEPN12";NA;NA;"Inativa";"Bacen/Not. Imp./F. Púb.";"Finanças públicas";"NFSP - estados - primário";"Necessidade de financiamento do setor público (NFSP) - estados - conceito primário";"Oculta";"Intranet";180;0;0;"Incluída em 24/jan/2002.";NA;"BM12";"Oculta";"Macro"
"4565";"BM12_NFEINPN12";NA;NA;"Inativa";"Bacen/Not. Imp./F. Púb.";"Finanças públicas";"NFSP - interna - estados - primário";"Necessidade de financiamento do setor público (NFSP) - interna - estados - conceito primário";"Oculta";"Intranet";180;0;0;"Incluída em 24/jan/2002.";NA;"BM12";"Oculta";"Macro"
"4566";"BM12_NFEINP1N12";NA;NA;"Inativa";"Bacen/Not. Imp./F. Púb.";"Finanças públicas";"NFSP - interna - estados - dív. mobiliária fora do BC - primário";"Necessidade de financiamento do setor público (NFSP) - interna - estados - dívida mobiliária fora do Banco Central - conceito primário";"Oculta";"Intranet";180;0;0;"Incluída em 24/jan/2002.";NA;"BM12";"Oculta";"Macro"
"4567";"BM12_NFEINP2N12";NA;NA;"Inativa";"Bacen/Not. Imp./F. Púb.";"Finanças públicas";"NFSP - interna - estados - renegociação Lei 9496 e Proes - primário";"Necessidade de financiamento do setor público (NFSP) - interna - estados - renegociação Lei 9496 e Proes - conceito primário";"Oculta";"Intranet";180;0;0;"Incluída em 24/jan/2002.";NA;"BM12";"Oculta";"Macro"
"4568";"BM12_NFEINP3N12";NA;NA;"Inativa";"Bacen/Not. Imp./F. Púb.";"Finanças públicas";"NFSP - interna - estados - dív. mobiliária bloqueada no BC - primário";"Necessidade de financiamento do setor público (NFSP) - interna - estados - dívida mobiliária bloqueada no Banco Central  - conceito primário";"Oculta";"Intranet";180;0;0;"Incluída em 24/jan/2002.";NA;"BM12";"Oculta";"Macro"
"4569";"BM12_NFEINP4N12";NA;NA;"Inativa";"Bacen/Not. Imp./F. Púb.";"Finanças públicas";"NFSP - interna - estados - títulos em tesouraria - primário";"Necessidade de financiamento do setor público (NFSP) - interna - estados - títulos em tesouraria - conceito primário";"Oculta";"Intranet";180;0;0;"Incluída em 24/jan/2002.";NA;"BM12";"Oculta";"Macro"
"4570";"BM12_NFEINP5N12";NA;NA;"Inativa";"Bacen/Not. Imp./F. Púb.";"Finanças públicas";"NFSP - interna - estados - dív. bancária incl. ag. descentral. - primário";"Necessidade de financiamento do setor público (NFSP) - interna - estados - dívida bancária (inclui agências descentralizadas) - conceito primário";"Oculta";"Intranet";180;0;0;"Incluída em 24/jan/2002.";NA;"BM12";"Oculta";"Macro"
"4571";"BM12_NFEINP6N12";NA;NA;"Inativa";"Bacen/Not. Imp./F. Púb.";"Finanças públicas";"NFSP - interna - estados - arrecadação a recolher - primário";"Necessidade de financiamento do setor público (NFSP) - interna - estados - arrecadação a recolher - conceito primário";"Oculta";"Intranet";180;0;0;"Incluída em 24/jan/2002.";NA;"BM12";"Oculta";"Macro"
"4572";"BM12_NFEINP7N12";NA;NA;"Inativa";"Bacen/Not. Imp./F. Púb.";"Finanças públicas";"NFSP - interna - estados - depósitos à vista incl. ag. descentral. - primário";"Necessidade de financiamento do setor público (NFSP) - interna - estados - depósitos à vista (inclui agências descentralizadas) - conceito primário";"Oculta";"Intranet";180;0;0;"Incluída em 24/jan/2002.";NA;"BM12";"Oculta";"Macro"
"4573";"BM12_NFEINP8N12";NA;NA;"Inativa";"Bacen/Not. Imp./F. Púb.";"Finanças públicas";"NFSP - interna - estados - Aviso MF 30 - primário";"Necessidade de financiamento do setor público (NFSP) - interna - estados - Aviso MF 30 - conceito primário";"Oculta";"Intranet";180;0;0;"Incluída em 24/jan/2002.";NA;"BM12";"Oculta";"Macro"
"4574";"BM12_NFEINP9N12";NA;NA;"Inativa";"Bacen/Not. Imp./F. Púb.";"Finanças públicas";"NFSP - interna - estados - dív. renegociada Lei 8727/93 - primário";"Necessidade de financiamento do setor público (NFSP) - interna - estados - dívida renegociada Lei 8727/93 - conceito primário";"Oculta";"Intranet";180;0;0;"Incluída em 24/jan/2002.";NA;"BM12";"Oculta";"Macro"
"4575";"BM12_NFEINP10N12";NA;NA;"Inativa";"Bacen/Not. Imp./F. Púb.";"Finanças públicas";"NFSP - interna - estados - dív. renegociada Lei 8727/93 (BC) - primário";"Necessidade de financiamento do setor público (NFSP) - interna - estados - dívida renegociada Lei 8727/93 (Banco Central) - conceito primário";"Oculta";"Intranet";180;0;0;"Incluída em 24/jan/2002.";NA;"BM12";"Oculta";"Macro"
"4576";"BM12_NFMPN12";NA;NA;"Inativa";"Bacen/Not. Imp./F. Púb.";"Finanças públicas";"NFSP - municípios - primário";"Necessidade de financiamento do setor público (NFSP) - municípios - conceito primário";"Oculta";"Intranet";180;0;0;"Incluída em 24/jan/2002.";NA;"BM12";"Oculta";"Macro"
"4577";"BM12_NFMINPN12";NA;NA;"Inativa";"Bacen/Not. Imp./F. Púb.";"Finanças públicas";"NFSP - interna - municípios - primário";"Necessidade de financiamento do setor público (NFSP) - interna - municípios - conceito primário";"Oculta";"Intranet";180;0;0;"Incluída em 24/jan/2002.";NA;"BM12";"Oculta";"Macro"
"4578";"BM12_NFMINP1N12";NA;NA;"Inativa";"Bacen/Not. Imp./F. Púb.";"Finanças públicas";"NFSP - interna - municípios - dív. mobiliária fora do BC - primário";"Necessidade de financiamento do setor público (NFSP) - interna - municípios - dívida mobiliária fora do Banco Central - conceito primário";"Oculta";"Intranet";180;0;0;"Incluída em 24/jan/2002.";NA;"BM12";"Oculta";"Macro"
"4579";"BM12_NFMINP2N12";NA;NA;"Inativa";"Bacen/Not. Imp./F. Púb.";"Finanças públicas";"NFSP - interna - municípios - renegociação dos municípios - primário";"Necessidade de financiamento do setor público (NFSP) - interna - municípios - renegociação dos municípios - conceito primário";"Oculta";"Intranet";180;0;0;"Incluída em 24/jan/2002.";NA;"BM12";"Oculta";"Macro"
"4580";"BM12_NFMINP3N12";NA;NA;"Inativa";"Bacen/Not. Imp./F. Púb.";"Finanças públicas";"NFSP - interna - municípios - dív. mobiliária bloqueada no BC - primário";"Necessidade de financiamento do setor público (NFSP) - interna - municípios - dívida mobiliária bloqueada no Banco Central - conceito primário";"Oculta";"Intranet";180;0;0;"Incluída em 24/jan/2002.";NA;"BM12";"Oculta";"Macro"
"4581";"BM12_NFMINP4N12";NA;NA;"Inativa";"Bacen/Not. Imp./F. Púb.";"Finanças públicas";"NFSP - interna - municípios - títulos em tesouraria - primário";"Necessidade de financiamento do setor público (NFSP) - interna - municípios - títulos em tesouraria - conceito primário";"Oculta";"Intranet";180;0;0;"Incluída em 24/jan/2002.";NA;"BM12";"Oculta";"Macro"
"4582";"BM12_NFMINP5N12";NA;NA;"Inativa";"Bacen/Not. Imp./F. Púb.";"Finanças públicas";"NFSP - interna - municípios - dív. bancária incl. ag. descentral. - primário";"Necessidade de financiamento do setor público (NFSP) - interna - municípios - dívida bancária (inclui agências descentralizadas) - conceito primário";"Oculta";"Intranet";180;0;0;"Incluída em 24/jan/2002.";NA;"BM12";"Oculta";"Macro"
"4583";"BM12_NFMINP6N12";NA;NA;"Inativa";"Bacen/Not. Imp./F. Púb.";"Finanças públicas";"NFSP - interna - municípios - arrecadação a recolher - primário";"Necessidade de financiamento do setor público (NFSP) - interna - municípios - arrecadação a recolher - conceito primário";"Oculta";"Intranet";180;0;0;"Incluída em 24/jan/2002.";NA;"BM12";"Oculta";"Macro"
"4584";"BM12_NFMINP7N12";NA;NA;"Inativa";"Bacen/Not. Imp./F. Púb.";"Finanças públicas";"NFSP - interna - municípios - depósitos à vista incl. ag. descentral. - primário";"Necessidade de financiamento do setor público (NFSP) - interna - municípios - depósitos à vista (inclui agências descentralizadas) - conceito primário";"Oculta";"Intranet";180;0;0;"Incluída em 24/jan/2002.";NA;"BM12";"Oculta";"Macro"
"4585";"BM12_NFMINP8N12";NA;NA;"Inativa";"Bacen/Not. Imp./F. Púb.";"Finanças públicas";"NFSP - interna - municípios - Aviso MF 30 - primário";"Necessidade de financiamento do setor público (NFSP) - interna - municípios - Aviso MF 30 - conceito primário";"Oculta";"Intranet";180;0;0;"Incluída em 24/jan/2002.";NA;"BM12";"Oculta";"Macro"
"4586";"BM12_NFMINP9N12";NA;NA;"Inativa";"Bacen/Not. Imp./F. Púb.";"Finanças públicas";"NFSP - interna - municípios - dív. renegociada Lei 8727/93 - primário";"Necessidade de financiamento do setor público (NFSP) - interna - municípios - dívida renegociada Lei 8727/93 - conceito primário";"Oculta";"Intranet";180;0;0;"Incluída em 24/jan/2002.";NA;"BM12";"Oculta";"Macro"
"4587";"BM12_NFMINP10N12";NA;NA;"Inativa";"Bacen/Not. Imp./F. Púb.";"Finanças públicas";"NFSP - interna - municípios - dív. renegociada Lei 8727/93 (BC) - primário";"Necessidade de financiamento do setor público (NFSP) - interna - municípios - dívida renegociada Lei 8727/93 (Banco Central) - primário";"Oculta";"Intranet";180;0;0;"Incluída em 24/jan/2002.";NA;"BM12";"Oculta";"Macro"
"4588";"BM12_NFEEFPN12";NA;NA;"Inativa";"Bacen/Not. Imp./F. Púb.";"Finanças públicas";"NFSP - estatais - federais - primário";"Necessidade de financiamento do setor público (NFSP) - empresas estatais federais - conceito primário";"Oculta";"Intranet";180;0;0;"Incluída em 24/jan/2002.";NA;"BM12";"Oculta";"Macro"
"4589";"BM12_NFEEINPN12";NA;NA;"Inativa";"Bacen/Not. Imp./F. Púb.";"Finanças públicas";"NFSP - interna - estatais - primário";"Necessidade de financiamento do setor público (NFSP) - interna - empresas estatais - conceito primário";"Oculta";"Intranet";180;0;0;"Incluída em 24/jan/2002.";NA;"BM12";"Oculta";"Macro"
"4590";"BM12_NFEEFINP1N12";NA;NA;"Inativa";"Bacen/Not. Imp./F. Púb.";"Finanças públicas";"NFSP - interna - estatais - federais - primário";"Necessidade de financiamento do setor público (NFSP) - interna - empresas estatais federais - conceito primário";"Oculta";"Intranet";180;0;0;"Incluída em 24/jan/2002.";NA;"BM12";"Oculta";"Macro"
"4591";"BM12_NFEEFINP2N12";NA;NA;"Inativa";"Bacen/Not. Imp./F. Púb.";"Finanças públicas";"NFSP - interna - estatais - federais - dív. bancária - primário";"Necessidade de financiamento do setor público (NFSP) - interna - empresas estatais federais - dívida bancária - conceito primário";"Oculta";"Intranet";180;0;0;"Incluída em 24/jan/2002.";NA;"BM12";"Oculta";"Macro"
"4592";"BM12_NFEEFINP3N12";NA;NA;"Inativa";"Bacen/Not. Imp./F. Púb.";"Finanças públicas";"NFSP - interna - estatais - federais - depósitos à vista - primário";"Necessidade de financiamento do setor público (NFSP) - interna - empresas estatais federais - depósitos à vista - conceito primário";"Oculta";"Intranet";180;0;0;"Incluída em 24/jan/2002.";NA;"BM12";"Oculta";"Macro"
"4593";"BM12_NFEEFINP4N12";NA;NA;"Inativa";"Bacen/Not. Imp./F. Púb.";"Finanças públicas";"NFSP - interna - estatais - federais - dív. com empreit. e forneced. - primário";"Necessidade de financiamento do setor público (NFSP) - interna - empresas estatais federais - dívida com empreiteiras e fornecedores - conceito primário";"Oculta";"Intranet";180;0;0;"Incluída em 24/jan/2002.";NA;"BM12";"Oculta";"Macro"
"4594";"BM12_NFEEFINP5N12";NA;NA;"Inativa";"Bacen/Not. Imp./F. Púb.";"Finanças públicas";"NFSP - interna - estatais - federais - debêntures - primário";"Necessidade de financiamento do setor público (NFSP) - interna - empresas estatais federais - debêntures - conceito primário";"Oculta";"Intranet";180;0;0;"Incluída em 24/jan/2002.";NA;"BM12";"Oculta";"Macro"
"4595";"BM12_NFEEFINP6N12";NA;NA;"Inativa";"Bacen/Not. Imp./F. Púb.";"Finanças públicas";"NFSP - interna - estatais - federais - Aviso MF 30 - primário";"Necessidade de financiamento do setor público (NFSP) - interna - empresas estatais federais - Aviso MF 30 - conceito primário";"Oculta";"Intranet";180;0;0;"Incluída em 24/jan/2002.";NA;"BM12";"Oculta";"Macro"
"4596";"BM12_NFEEFINP7N12";NA;NA;"Inativa";"Bacen/Not. Imp./F. Púb.";"Finanças públicas";"NFSP - interna - estatais - federais - fundos CP (extramercado) - primário";"Necessidade de financiamento do setor público (NFSP) - interna - empresas estatais federais - fundos de curto prazo (extramercado) - conceito primário";"Oculta";"Intranet";180;0;0;"Incluída em 24/jan/2002.";NA;"BM12";"Oculta";"Macro"
"4597";"BM12_NFEEFINP8N12";NA;NA;"Inativa";"Bacen/Not. Imp./F. Púb.";"Finanças públicas";"NFSP - interna - estatais - federais - dív. renegociada Lei 8727/93 - primário";"Necessidade de financiamento do setor público (NFSP) - interna - empresas estatais federais - dívida renegociada Lei 8727/93 - conceito primário";"Oculta";"Intranet";180;0;0;"Incluída em 24/jan/2002.";NA;"BM12";"Oculta";"Macro"
"4598";"BM12_NFEEEPN12";NA;NA;"Inativa";"Bacen/Not. Imp./F. Púb.";"Finanças públicas";"NFSP - estatais - estaduais - primário";"Necessidade de financiamento do setor público (NFSP) - empresas estatais estaduais - conceito primário";"Oculta";"Intranet";180;0;0;"Incluída em 24/jan/2002.";NA;"BM12";"Oculta";"Macro"
"4599";"BM12_NFEEEINP1N12";NA;NA;"Inativa";"Bacen/Not. Imp./F. Púb.";"Finanças públicas";"NFSP - interna - estatais - estaduais - primário";"Necessidade de financiamento do setor público (NFSP) - interna - empresas estatais estaduais - conceito primário";"Oculta";"Intranet";180;0;0;"Incluída em 24/jan/2002.";NA;"BM12";"Oculta";"Macro"
"4600";"BM12_NFEEEINP2N12";NA;NA;"Inativa";"Bacen/Not. Imp./F. Púb.";"Finanças públicas";"NFSP - interna - estatais - estaduais - dív. bancária - primário";"Necessidade de financiamento do setor público (NFSP) - interna - empresas estatais estaduais - dívida bancária - conceito primário";"Oculta";"Intranet";180;0;0;"Incluída em 24/jan/2002.";NA;"BM12";"Oculta";"Macro"
"4601";"BM12_NFEEEINP3N12";NA;NA;"Inativa";"Bacen/Not. Imp./F. Púb.";"Finanças públicas";"NFSP - interna - estatais - estaduais - depósitos à vista - primário";"Necessidade de financiamento do setor público (NFSP) - interna - empresas estatais estaduais - depósitos à vista - conceito primário";"Oculta";"Intranet";180;0;0;"Incluída em 24/jan/2002.";NA;"BM12";"Oculta";"Macro"
"4602";"BM12_NFEEEINP4N12";NA;NA;"Inativa";"Bacen/Not. Imp./F. Púb.";"Finanças públicas";"NFSP - interna - estatais - estaduais - aplic. carteira em tít. públ. - primário";"Necessidade de financiamento do setor público (NFSP) - interna - empresas estatais estaduais - aplicações em carteira em títulos públicos - conceito primário";"Oculta";"Intranet";180;0;0;"Incluída em 24/jan/2002.";NA;"BM12";"Oculta";"Macro"
"4603";"BM12_NFEEEINP5N12";NA;NA;"Inativa";"Bacen/Not. Imp./F. Púb.";"Finanças públicas";"NFSP - interna - estatais - estaduais - Aviso MF 30 - primário";"Necessidade de financiamento do setor público (NFSP) - interna - empresas estatais estaduais - Aviso MF 30 - conceito primário";"Oculta";"Intranet";180;0;0;"Incluída em 24/jan/2002.";NA;"BM12";"Oculta";"Macro"
"4604";"BM12_NFEEEINP6N12";NA;NA;"Inativa";"Bacen/Not. Imp./F. Púb.";"Finanças públicas";"NFSP - interna - estatais - estaduais - dív. renegociada Lei 8727/93 - primário";"Necessidade de financiamento do setor público (NFSP) - interna - empresas estatais estaduais - dívida renegociada Lei 8727/93 - conceito primário";"Oculta";"Intranet";180;0;0;"Incluída em 24/jan/2002.";NA;"BM12";"Oculta";"Macro"
"4605";"BM12_NFEEMPN12";NA;NA;"Inativa";"Bacen/Not. Imp./F. Púb.";"Finanças públicas";"NFSP - estatais - municipais - primário";"Necessidade de financiamento do setor público (NFSP) - empresas estatais municipais - conceito primário";"Oculta";"Intranet";180;0;0;"Incluída em 24/jan/2002.";NA;"BM12";"Oculta";"Macro"
"4606";"BM12_NFEEMINP1N12";NA;NA;"Inativa";"Bacen/Not. Imp./F. Púb.";"Finanças públicas";"NFSP - interna - estatais - municipais - primário";"Necessidade de financiamento do setor público (NFSP) - interna - empresas estatais municipais - conceito primário";"Oculta";"Intranet";180;0;0;"Incluída em 24/jan/2002.";NA;"BM12";"Oculta";"Macro"
"4607";"BM12_NFEEMINP2N12";NA;NA;"Inativa";"Bacen/Not. Imp./F. Púb.";"Finanças públicas";"NFSP - interna - estatais - municipais - dív. bancária - primário";"Necessidade de financiamento do setor público (NFSP) - interna - empresas estatais municipais - dívida bancária - conceito primário";"Oculta";"Intranet";180;0;0;"Incluída em 24/jan/2002.";NA;"BM12";"Oculta";"Macro"
"4608";"BM12_NFEEMINP3N12";NA;NA;"Inativa";"Bacen/Not. Imp./F. Púb.";"Finanças públicas";"NFSP - interna - estatais - municipais - depósitos à vista - primário";"Necessidade de financiamento do setor público (NFSP) - interna - empresas estatais municipais - depósitos à vista - conceito primário";"Oculta";"Intranet";180;0;0;"Incluída em 24/jan/2002.";NA;"BM12";"Oculta";"Macro"
"4609";"BM12_NFEEMINP4N12";NA;NA;"Inativa";"Bacen/Not. Imp./F. Púb.";"Finanças públicas";"NFSP - interna - estatais - municipais - Aviso MF 30 - primário";"Necessidade de financiamento do setor público (NFSP) - interna - empresas estatais municipais - Aviso MF 30 - conceito primário";"Oculta";"Intranet";180;0;0;"Incluída em 24/jan/2002.";NA;"BM12";"Oculta";"Macro"
"4610";"BM12_NFEEMINP5N12";NA;NA;"Inativa";"Bacen/Not. Imp./F. Púb.";"Finanças públicas";"NFSP - interna - estatais - municipais - dív. renegociada Lei 8727/93 - primário";"Necessidade de financiamento do setor público (NFSP) - interna - empresas estatais municipais - dívida renegociada Lei 8727/93 - conceito primário";"Oculta";"Intranet";180;0;0;"Incluída em 24/jan/2002.";NA;"BM12";"Oculta";"Macro"
"4611";"BM12_NFSPEXPN12";NA;NA;"Inativa";"Bacen/Not. Imp./F. Púb.";"Finanças públicas";"NFSP - externa - primário";"Necessidade de financiamento do setor público (NFSP) - externa - conceito primário";"Oculta";"Intranet";180;0;0;"Incluída em 24/jan/2002.";NA;"BM12";"Oculta";"Macro"
"4612";"BM12_NFBCEXPN12";NA;NA;"Inativa";"Bacen/Not. Imp./F. Púb.";"Finanças públicas";"NFSP - externa - Banco Central - primário";"Necessidade de financiamento do setor público (NFSP) - externa - Banco Central - conceito primário";"Oculta";"Intranet";180;0;0;"Incluída em 24/jan/2002.";NA;"BM12";"Oculta";"Macro"
"4613";"BM12_NFFEXPN12";NA;NA;"Inativa";"Bacen/Not. Imp./F. Púb.";"Finanças públicas";"NFSP - externa - gov. federal - primário";"Necessidade de financiamento do setor público (NFSP) - externa - governo federal - conceito primário";"Oculta";"Intranet";180;0;0;"Incluída em 24/jan/2002.";NA;"BM12";"Oculta";"Macro"
"4614";"BM12_NFEEXPN12";NA;NA;"Inativa";"Bacen/Not. Imp./F. Púb.";"Finanças públicas";"NFSP - externa - estados - primário";"Necessidade de financiamento do setor público (NFSP) - externa - estados - conceito primário";"Oculta";"Intranet";180;0;0;"Incluída em 24/jan/2002.";NA;"BM12";"Oculta";"Macro"
"4615";"BM12_NFMEXPN12";NA;NA;"Inativa";"Bacen/Not. Imp./F. Púb.";"Finanças públicas";"NFSP - externa - municípios - primário";"Necessidade de financiamento do setor público (NFSP) - externa - municípios - conceito primário";"Oculta";"Intranet";180;0;0;"Incluída em 24/jan/2002.";NA;"BM12";"Oculta";"Macro"
"4616";"BM12_NFEEEXPN12";NA;NA;"Inativa";"Bacen/Not. Imp./F. Púb.";"Finanças públicas";"NFSP - externa - estatais - primário";"Necessidade de financiamento do setor público (NFSP) - externa - empresas estatais - conceito primário";"Oculta";"Intranet";180;0;0;"Incluída em 24/jan/2002.";NA;"BM12";"Oculta";"Macro"
"4617";"BM12_NFEEFEXPN12";NA;NA;"Inativa";"Bacen/Not. Imp./F. Púb.";"Finanças públicas";"NFSP - externa - estatais - federais - primário";"Necessidade de financiamento do setor público (NFSP) - externa - empresas estatais federais - conceito primário";"Oculta";"Intranet";180;0;0;"Incluída em 24/jan/2002.";NA;"BM12";"Oculta";"Macro"
"4618";"BM12_NFEEEEXPN12";NA;NA;"Inativa";"Bacen/Not. Imp./F. Púb.";"Finanças públicas";"NFSP - externa - estatais - estaduais - primário";"Necessidade de financiamento do setor público (NFSP) - externa - empresas estatais estaduais - conceito primário";"Oculta";"Intranet";180;0;0;"Incluída em 24/jan/2002.";NA;"BM12";"Oculta";"Macro"
"4619";"BM12_NFEEMEXPN12";NA;NA;"Inativa";"Bacen/Not. Imp./F. Púb.";"Finanças públicas";"NFSP - externa - estatais - municipais - primário";"Necessidade de financiamento do setor público (NFSP) - externa - empresas estatais municipais - conceito primário";"Oculta";"Intranet";180;0;0;"Incluída em 24/jan/2002.";NA;"BM12";"Oculta";"Macro"
"4620";"BM12_NFSPINJNN12";NA;NA;"Inativa";"Bacen/Not. Imp./F. Púb.";"Finanças públicas";"NFSP - interna - juros nominais";"Necessidade de financiamento do setor público (NFSP) - interna - juros nominais";"Oculta";"Intranet";180;0;0;"Incluída em 24/jan/2002.";NA;"BM12";"Oculta";"Macro"
"4621";"BM12_NFGFINJNN12";NA;NA;"Inativa";"Bacen/Not. Imp./F. Púb.";"Finanças públicas";"NFSP - interna - gov. federal e Banco Central - juros nominais";"Necessidade de financiamento do setor público (NFSP) - interna - governo federal e Banco Central - juros nominais";"Oculta";"Intranet";180;0;0;"Incluída em 24/jan/2002.";NA;"BM12";"Oculta";"Macro"
"4622";"BM12_NFGFINJN1N12";NA;NA;"Inativa";"Bacen/Not. Imp./F. Púb.";"Finanças públicas";"NFSP - interna - gov. federal e Banco Central - reserva monetária em over - juros nominais";"Necessidade de financiamento do setor público (NFSP) - interna - governo federal e Banco Central - reserva monetária aplicada em overnight - juros nominais";"Oculta";"Intranet";180;0;0;"Incluída em 24/jan/2002.";NA;"BM12";"Oculta";"Macro"
"4623";"BM12_NFGFINJN2N12";NA;NA;"Inativa";"Bacen/Not. Imp./F. Púb.";"Finanças públicas";"NFSP - interna - gov. federal e Banco Central - dív. mobiliária fora do BC - juros nominais";"Necessidade de financiamento do setor público (NFSP) - interna - governo federal e Banco Central - dívida mobiliária fora do Banco Central - juros nominais";"Oculta";"Intranet";180;0;0;"Incluída em 24/jan/2002.";NA;"BM12";"Oculta";"Macro"
"4624";"BM12_NFGFINJN3N12";NA;NA;"Inativa";"Bacen/Not. Imp./F. Púb.";"Finanças públicas";"NFSP - interna - gov. federal e Banco Central - dív. bancária líquida - juros nominais";"Necessidade de financiamento do setor público (NFSP) - interna - governo federal e Banco Central - dívida bancária líquida - juros nominais";"Oculta";"Intranet";180;0;0;"Incluída em 24/jan/2002.";NA;"BM12";"Oculta";"Macro"
"4625";"BM12_NFGFINJN4N12";NA;NA;"Inativa";"Bacen/Not. Imp./F. Púb.";"Finanças públicas";"NFSP - interna - gov. federal e Banco Central - arrecadação a recolher - juros nominais";"Necessidade de financiamento do setor público (NFSP) - interna - governo federal e Banco Central - arrecadação a recolher - juros nominais";"Oculta";"Intranet";180;0;0;"Incluída em 24/jan/2002.";NA;"BM12";"Oculta";"Macro"
"4626";"BM12_NFGFINJN5N12";NA;NA;"Inativa";"Bacen/Not. Imp./F. Púb.";"Finanças públicas";"NFSP - interna - gov. federal e Banco Central - aplic. líq. da prev. social - juros nominais";"Necessidade de financiamento do setor público (NFSP) - interna - governo federal e Banco Central - aplicação líquida da previdência social - juros nominais";"Oculta";"Intranet";180;0;0;"Incluída em 24/jan/2002.";NA;"BM12";"Oculta";"Macro"
"4627";"BM12_NFGFINJN6N12";NA;NA;"Inativa";"Bacen/Not. Imp./F. Púb.";"Finanças públicas";"NFSP - interna - gov. federal e Banco Central - dív. bancária ag. descentral. - juros nominais";"Necessidade de financiamento do setor público (NFSP) - interna - governo federal e Banco Central - dívida bancária de agências descentralizadas - juros nominais";"Oculta";"Intranet";180;0;0;"Incluída em 24/jan/2002.";NA;"BM12";"Oculta";"Macro"
"4628";"BM12_NFGFINJN7N12";NA;NA;"Inativa";"Bacen/Not. Imp./F. Púb.";"Finanças públicas";"NFSP - interna - gov. federal e Banco Central - Aviso MF 30 - juros nominais";"Necessidade de financiamento do setor público (NFSP) - interna - governo federal e Banco Central - Aviso MF 30 - juros nominais";"Oculta";"Intranet";180;0;0;"Incluída em 24/jan/2002.";NA;"BM12";"Oculta";"Macro"
"4629";"BM12_NFGFINJN8N12";NA;NA;"Inativa";"Bacen/Not. Imp./F. Púb.";"Finanças públicas";"NFSP - interna - gov. federal e Banco Central - CP / DVR / TDA - juros nominais";"Necessidade de financiamento do setor público (NFSP) - interna - governo federal e Banco Central - CP / DVR / TDA - juros nominais";"Oculta";"Intranet";180;0;0;"Incluída em 24/jan/2002.";NA;"BM12";"Oculta";"Macro"
"4630";"BM12_NFGFINJN9N12";NA;NA;"Inativa";"Bacen/Not. Imp./F. Púb.";"Finanças públicas";"NFSP - interna - gov. federal e Banco Central - aplic. FAT em tít. públicos - juros nominais";"Necessidade de financiamento do setor público (NFSP) - interna - governo federal e Banco Central - aplicações do FAT em títulos públicos - juros nominais";"Oculta";"Intranet";180;0;0;"Incluída em 24/jan/2002.";NA;"BM12";"Oculta";"Macro"
"4631";"BM12_NFGFINJN10N12";NA;NA;"Inativa";"Bacen/Not. Imp./F. Púb.";"Finanças públicas";"NFSP - interna - gov. federal e Banco Central - créd. renegoc. est. e munic. - juros nominais";"Necessidade de financiamento do setor público (NFSP) - interna - governo federal e Banco Central - crédito de renegociação dos estados e municípios - juros nominais";"Oculta";"Intranet";180;0;0;"Incluída em 24/jan/2002.";NA;"BM12";"Oculta";"Macro"
"4632";"BM12_NFGFINJN11N12";NA;NA;"Inativa";"Bacen/Not. Imp./F. Púb.";"Finanças públicas";"NFSP - interna - gov. federal e Banco Central - base monetária - juros nominais";"Necessidade de financiamento do setor público (NFSP) - interna - governo federal e Banco Central - base monetária - juros nominais";"Oculta";"Intranet";180;0;0;"Incluída em 24/jan/2002.";NA;"BM12";"Oculta";"Macro"
"4633";"BM12_NFGFINJN12N12";NA;NA;"Inativa";"Bacen/Not. Imp./F. Púb.";"Finanças públicas";"NFSP - interna - gov. federal e Banco Central - depósitos em NCz$ no BC Lei 8024 - juros nominais";"Necessidade de financiamento do setor público (NFSP) - interna - governo federal e Banco Central - depósitos em NCz$ no Banco Central (Lei 8024) - juros nominais";"Oculta";"Intranet";180;0;0;"Incluída em 24/jan/2002.";NA;"BM12";"Oculta";"Macro"
"4634";"BM12_NFGFINJN13N12";NA;NA;"Inativa";"Bacen/Not. Imp./F. Púb.";"Finanças públicas";"NFSP - interna - gov. federal e Banco Central - RER - juros nominais";"Necessidade de financiamento do setor público (NFSP) - interna - governo federal e Banco Central - RER - juros nominais";"Oculta";"Intranet";180;0;0;"Incluída em 24/jan/2002.";NA;"BM12";"Oculta";"Macro"
"4635";"BM12_NFGFINJN14N12";NA;NA;"Inativa";"Bacen/Not. Imp./F. Púb.";"Finanças públicas";"NFSP - interna - gov. federal e Banco Central - outros depósitos no BC - juros nominais";"Necessidade de financiamento do setor público (NFSP) - interna - governo federal e Banco Central - outros depósitos no Banco Central - juros nominais";"Oculta";"Intranet";180;0;0;"Incluída em 24/jan/2002.";NA;"BM12";"Oculta";"Macro"
"4636";"BM12_NFGFINJN15N12";NA;NA;"Inativa";"Bacen/Not. Imp./F. Púb.";"Finanças públicas";"NFSP - interna - gov. federal e Banco Central - créd. do BC a inst. financeiras - juros nominais";"Necessidade de financiamento do setor público (NFSP) - interna - governo federal e Banco Central - créditos do Banco Central às instituições financeiras - juros nominais";"Oculta";"Intranet";180;0;0;"Incluída em 24/jan/2002.";NA;"BM12";"Oculta";"Macro"
"4637";"BM12_NFGFINJN16N12";NA;NA;"Inativa";"Bacen/Not. Imp./F. Púb.";"Finanças públicas";"NFSP - interna - gov. federal e Banco Central - créd. do BC a bancos estaduais - juros nominais";"Necessidade de financiamento do setor público (NFSP) - interna - governo federal e Banco Central - créditos do Banco Central aos bancos estaduais - juros nominais";"Oculta";"Intranet";180;0;0;"Incluída em 24/jan/2002.";NA;"BM12";"Oculta";"Macro"
"4638";"BM12_NFGFINJN17N12";NA;NA;"Inativa";"Bacen/Not. Imp./F. Púb.";"Finanças públicas";"NFSP - interna - gov. federal e Banco Central - demais contas do BC - juros nominais";"Necessidade de financiamento do setor público (NFSP) - interna - governo federal e Banco Central - demais contas do Banco Central - juros nominais";"Oculta";"Intranet";180;0;0;"Incluída em 24/jan/2002.";NA;"BM12";"Oculta";"Macro"
"4639";"BM12_NFGFINJN18N12";NA;NA;"Inativa";"Bacen/Not. Imp./F. Púb.";"Finanças públicas";"NFSP - interna - gov. federal e Banco Central - aplic. fundos em tít. públicos - juros nominais";"Necessidade de financiamento do setor público (NFSP) - interna - governo federal e Banco Central - aplicações de fundos em títulos públicos - juros nominais";"Oculta";"Intranet";180;0;0;"Incluída em 24/jan/2002.";NA;"BM12";"Oculta";"Macro"
"4640";"BM12_NFGFINJN19N12";NA;NA;"Inativa";"Bacen/Not. Imp./F. Púb.";"Finanças públicas";"NFSP - interna - gov. federal e Banco Central - disponib. FAT no BNDES - juros nominais";"Necessidade de financiamento do setor público (NFSP) - interna - governo federal e Banco Central - disponibilidade do FAT no BNDES - juros nominais";"Oculta";"Intranet";180;0;0;"Incluída em 24/jan/2002.";NA;"BM12";"Oculta";"Macro"
"4641";"BM12_NFGFINJN20N12";NA;NA;"Inativa";"Bacen/Not. Imp./F. Púb.";"Finanças públicas";"NFSP - interna - gov. federal e Banco Central - dív. da União Lei 8727/93 - juros nominais";"Necessidade de financiamento do setor público (NFSP) - interna - governo federal e Banco Central - dívida assumida pela União (Lei 8727/93) - juros nominais";"Oculta";"Intranet";180;0;0;"Incluída em 24/jan/2002.";NA;"BM12";"Oculta";"Macro"
"4642";"BM12_NFGFINJN21N12";NA;NA;"Inativa";"Bacen/Not. Imp./F. Púb.";"Finanças públicas";"NFSP - interna - gov. federal e Banco Central - créd. da União Lei 8727/93 - juros nominais";"Necessidade de financiamento do setor público (NFSP) - interna - governo federal e Banco Central - créditos da União (Lei 8727/93) - juros nominais";"Oculta";"Intranet";180;0;0;"Incluída em 24/jan/2002.";NA;"BM12";"Oculta";"Macro"
"4643";"BM12_NFEJNN12";NA;NA;"Inativa";"Bacen/Not. Imp./F. Púb.";"Finanças públicas";"NFSP - estados - juros nominais";"Necessidade de financiamento do setor público (NFSP) - estados - juros nominais";"Oculta";"Intranet";180;0;0;"Incluída em 24/jan/2002.";NA;"BM12";"Oculta";"Macro"
"4644";"BM12_NFEINJNN12";NA;NA;"Inativa";"Bacen/Not. Imp./F. Púb.";"Finanças públicas";"NFSP - interna - estados - juros nominais";"Necessidade de financiamento do setor público (NFSP) - interna - estados - juros nominais";"Oculta";"Intranet";180;0;0;"Incluída em 24/jan/2002.";NA;"BM12";"Oculta";"Macro"
"4645";"BM12_NFEINJN1N12";NA;NA;"Inativa";"Bacen/Not. Imp./F. Púb.";"Finanças públicas";"NFSP - interna - estados - dív. mobiliária fora do BC - juros nominais";"Necessidade de financiamento do setor público (NFSP) - interna - estados - dívida mobiliária fora do Banco Central - juros nominais";"Oculta";"Intranet";180;0;0;"Incluída em 24/jan/2002.";NA;"BM12";"Oculta";"Macro"
"4646";"BM12_NFEINJN2N12";NA;NA;"Inativa";"Bacen/Not. Imp./F. Púb.";"Finanças públicas";"NFSP - interna - estados - renegociação Lei 9496 e Proes - juros nominais";"Necessidade de financiamento do setor público (NFSP) - interna - estados - renegociação Lei 9496 e Proes - juros nominais";"Oculta";"Intranet";180;0;0;"Incluída em 24/jan/2002.";NA;"BM12";"Oculta";"Macro"
"4647";"BM12_NFEINJN3N12";NA;NA;"Inativa";"Bacen/Not. Imp./F. Púb.";"Finanças públicas";"NFSP - interna - estados - dív. mobiliária bloqueada no BC - juros nominais";"Necessidade de financiamento do setor público (NFSP) - interna - estados - dívida mobiliária bloqueada no Banco Central - juros nominais";"Oculta";"Intranet";180;0;0;"Incluída em 24/jan/2002.";NA;"BM12";"Oculta";"Macro"
"4648";"BM12_NFEINJN4N12";NA;NA;"Inativa";"Bacen/Not. Imp./F. Púb.";"Finanças públicas";"NFSP - interna - estados - títulos em tesouraria - juros nominais";"Necessidade de financiamento do setor público (NFSP) - interna - estados - títulos em tesouraria - juros nominais";"Oculta";"Intranet";180;0;0;"Incluída em 24/jan/2002.";NA;"BM12";"Oculta";"Macro"
"4649";"BM12_NFEINJN5N12";NA;NA;"Inativa";"Bacen/Not. Imp./F. Púb.";"Finanças públicas";"NFSP - interna - estados - dív. bancária incl. ag. descentral. - juros nominais";"Necessidade de financiamento do setor público (NFSP) - interna - estados - dívida bancária (inclui agências descentralizadas) - juros nominais";"Oculta";"Intranet";180;0;0;"Incluída em 24/jan/2002.";NA;"BM12";"Oculta";"Macro"
"4650";"BM12_NFEINJN6N12";NA;NA;"Inativa";"Bacen/Not. Imp./F. Púb.";"Finanças públicas";"NFSP - interna - estados - arrecadação a recolher - juros nominais";"Necessidade de financiamento do setor público (NFSP) - interna - estados - arrecadação a recolher - juros nominais";"Oculta";"Intranet";180;0;0;"Incluída em 24/jan/2002.";NA;"BM12";"Oculta";"Macro"
"4651";"BM12_NFEINJN7N12";NA;NA;"Inativa";"Bacen/Not. Imp./F. Púb.";"Finanças públicas";"NFSP - interna - estados - depósitos à vista incl. ag. descentral. - juros nominais";"Necessidade de financiamento do setor público (NFSP) - interna - estados - depósitos à vista (inclui agências descentralizadas) - juros nominais";"Oculta";"Intranet";180;0;0;"Incluída em 24/jan/2002.";NA;"BM12";"Oculta";"Macro"
"4652";"BM12_NFEINJN8N12";NA;NA;"Inativa";"Bacen/Not. Imp./F. Púb.";"Finanças públicas";"NFSP - interna - estados - Aviso MF 30 - juros nominais";"Necessidade de financiamento do setor público (NFSP) - interna - estados - Aviso MF 30 - juros nominais";"Oculta";"Intranet";180;0;0;"Incluída em 24/jan/2002.";NA;"BM12";"Oculta";"Macro"
"4653";"BM12_NFEINJN9N12";NA;NA;"Inativa";"Bacen/Not. Imp./F. Púb.";"Finanças públicas";"NFSP - interna - estados - dív. renegociada Lei 8727/93 - juros nominais";"Necessidade de financiamento do setor público (NFSP) - interna - estados - dívida renegociada Lei 8727/93 - juros nominais";"Oculta";"Intranet";180;0;0;"Incluída em 24/jan/2002.";NA;"BM12";"Oculta";"Macro"
"4654";"BM12_NFEINJN10N12";NA;NA;"Inativa";"Bacen/Not. Imp./F. Púb.";"Finanças públicas";"NFSP - interna - estados - dív. renegociada Lei 8727/93 (BC) - juros nominais";"Necessidade de financiamento do setor público (NFSP) - interna - estados - dívida renegociada Lei 8727/93 (Banco Central) - juros nominais";"Oculta";"Intranet";180;0;0;"Incluída em 24/jan/2002.";NA;"BM12";"Oculta";"Macro"
"4655";"BM12_NFMJNN12";NA;NA;"Inativa";"Bacen/Not. Imp./F. Púb.";"Finanças públicas";"NFSP - municípios - juros nominais";"Necessidade de financiamento do setor público (NFSP) - municípios - juros nominais";"Oculta";"Intranet";180;0;0;"Incluída em 24/jan/2002.";NA;"BM12";"Oculta";"Macro"
"4656";"BM12_NFMINJNN12";NA;NA;"Inativa";"Bacen/Not. Imp./F. Púb.";"Finanças públicas";"NFSP - interna - municípios - juros nominais";"Necessidade de financiamento do setor público (NFSP) - interna - municípios - juros nominais";"Oculta";"Intranet";180;0;0;"Incluída em 24/jan/2002.";NA;"BM12";"Oculta";"Macro"
"4657";"BM12_NFMINJN1N12";NA;NA;"Inativa";"Bacen/Not. Imp./F. Púb.";"Finanças públicas";"NFSP - interna - municípios - dív. mobiliária fora do BC - juros nominais";"Necessidade de financiamento do setor público (NFSP) - interna - municípios - dívida mobiliária fora do Banco Central - juros nominais";"Oculta";"Intranet";180;0;0;"Incluída em 24/jan/2002.";NA;"BM12";"Oculta";"Macro"
"4658";"BM12_NFMINJN2N12";NA;NA;"Inativa";"Bacen/Not. Imp./F. Púb.";"Finanças públicas";"NFSP - interna - municípios - renegociação dos municípios - juros nominais";"Necessidade de financiamento do setor público (NFSP) - interna - municípios - renegociação dos municípios - juros nominais";"Oculta";"Intranet";180;0;0;"Incluída em 24/jan/2002.";NA;"BM12";"Oculta";"Macro"
"4659";"BM12_NFMINJN3N12";NA;NA;"Inativa";"Bacen/Not. Imp./F. Púb.";"Finanças públicas";"NFSP - interna - municípios - dív. mobiliária bloqueada no BC - juros nominais";"Necessidade de financiamento do setor público (NFSP) - interna - municípios - dívida mobiliária bloqueada no Banco Central - juros nominais";"Oculta";"Intranet";180;0;0;"Incluída em 24/jan/2002.";NA;"BM12";"Oculta";"Macro"
"4660";"BM12_NFMINJN4N12";NA;NA;"Inativa";"Bacen/Not. Imp./F. Púb.";"Finanças públicas";"NFSP - interna - municípios - títulos em tesouraria - juros nominais";"Necessidade de financiamento do setor público (NFSP) - interna - municípios - títulos em tesouraria - juros nominais";"Oculta";"Intranet";180;0;0;"Incluída em 24/jan/2002.";NA;"BM12";"Oculta";"Macro"
"4661";"BM12_NFMINJN5N12";NA;NA;"Inativa";"Bacen/Not. Imp./F. Púb.";"Finanças públicas";"NFSP - interna - municípios - dív. bancária incl. ag. descentral. - juros nominais";"Necessidade de financiamento do setor público (NFSP) - interna - municípios - dívida bancária (inclui agências descentralizadas) - juros nominais";"Oculta";"Intranet";180;0;0;"Incluída em 24/jan/2002.";NA;"BM12";"Oculta";"Macro"
"4662";"BM12_NFMINJN6N12";NA;NA;"Inativa";"Bacen/Not. Imp./F. Púb.";"Finanças públicas";"NFSP - interna - municípios - arrecadação a recolher - juros nominais";"Necessidade de financiamento do setor público (NFSP) - interna - municípios - arrecadação a recolher - juros nominais";"Oculta";"Intranet";180;0;0;"Incluída em 24/jan/2002.";NA;"BM12";"Oculta";"Macro"
"4663";"BM12_NFMINJN7N12";NA;NA;"Inativa";"Bacen/Not. Imp./F. Púb.";"Finanças públicas";"NFSP - interna - municípios - depósitos à vista incl. ag. descentral. - juros nominais";"Necessidade de financiamento do setor público (NFSP) - interna - municípios - depósitos à vista (inclui agências descentralizadas) - juros nominais";"Oculta";"Intranet";180;0;0;"Incluída em 24/jan/2002.";NA;"BM12";"Oculta";"Macro"
"4664";"BM12_NFMINJN8N12";NA;NA;"Inativa";"Bacen/Not. Imp./F. Púb.";"Finanças públicas";"NFSP - interna - municípios - Aviso MF 30 - juros nominais";"Necessidade de financiamento do setor público (NFSP) - interna - municípios - Aviso MF 30 - juros nominais";"Oculta";"Intranet";180;0;0;"Incluída em 24/jan/2002.";NA;"BM12";"Oculta";"Macro"
"4665";"BM12_NFMINJN9N12";NA;NA;"Inativa";"Bacen/Not. Imp./F. Púb.";"Finanças públicas";"NFSP - interna - municípios - dív. renegociada Lei 8727/93 - juros nominais";"Necessidade de financiamento do setor público (NFSP) - interna - municípios - dívida renegociada Lei 8727/93 - juros nominais";"Oculta";"Intranet";180;0;0;"Incluída em 24/jan/2002.";NA;"BM12";"Oculta";"Macro"
"4666";"BM12_NFMINJN10N12";NA;NA;"Inativa";"Bacen/Not. Imp./F. Púb.";"Finanças públicas";"NFSP - interna - municípios - dív. renegociada Lei 8727/93 (BC) - juros nominais";"Necessidade de financiamento do setor público (NFSP) - interna - municípios - dívida renegociada Lei 8727/93 (Banco Central) - juros nominais";"Oculta";"Intranet";180;0;0;"Incluída em 24/jan/2002.";NA;"BM12";"Oculta";"Macro"
"4667";"BM12_NFEEFJNN12";NA;NA;"Inativa";"Bacen/Not. Imp./F. Púb.";"Finanças públicas";"NFSP - estatais - federais - juros nominais";"Necessidade de financiamento do setor público (NFSP) - empresas estatais federais - juros nominais";"Oculta";"Intranet";180;0;0;"Incluída em 24/jan/2002.";NA;"BM12";"Oculta";"Macro"
"4668";"BM12_NFEEINJNN12";NA;NA;"Inativa";"Bacen/Not. Imp./F. Púb.";"Finanças públicas";"NFSP - interna - estatais - juros nominais";"Necessidade de financiamento do setor público (NFSP) - interna - empresas estatais - juros nominais";"Oculta";"Intranet";180;0;0;"Incluída em 24/jan/2002.";NA;"BM12";"Oculta";"Macro"
"4669";"BM12_NFEEFINJN1N12";NA;NA;"Inativa";"Bacen/Not. Imp./F. Púb.";"Finanças públicas";"NFSP - interna - estatais - federais - juros nominais";"Necessidade de financiamento do setor público (NFSP) - interna - empresas estatais federais - juros nominais";"Oculta";"Intranet";180;0;0;"Incluída em 24/jan/2002.";NA;"BM12";"Oculta";"Macro"
"4670";"BM12_NFEEFINJN2N12";NA;NA;"Inativa";"Bacen/Not. Imp./F. Púb.";"Finanças públicas";"NFSP - interna - estatais - federais - dív. bancária - juros nominais";"Necessidade de financiamento do setor público (NFSP) - interna - empresas estatais federais - dívida bancária - juros nominais";"Oculta";"Intranet";180;0;0;"Incluída em 24/jan/2002.";NA;"BM12";"Oculta";"Macro"
"4671";"BM12_NFEEFINJN3N12";NA;NA;"Inativa";"Bacen/Not. Imp./F. Púb.";"Finanças públicas";"NFSP - interna - estatais - federais - depósitos à vista - juros nominais";"Necessidade de financiamento do setor público (NFSP) - interna - empresas estatais federais - depósitos à vista - juros nominais";"Oculta";"Intranet";180;0;0;"Incluída em 24/jan/2002.";NA;"BM12";"Oculta";"Macro"
"4672";"BM12_NFEEFINJN4N12";NA;NA;"Inativa";"Bacen/Not. Imp./F. Púb.";"Finanças públicas";"NFSP - interna - estatais - federais - dív. com empreit. e forneced. - juros nominais";"Necessidade de financiamento do setor público (NFSP) - interna - empresas estatais federais - dívida com empreiteiras e fornecedores - juros nominais";"Oculta";"Intranet";180;0;0;"Incluída em 24/jan/2002.";NA;"BM12";"Oculta";"Macro"
"4673";"BM12_NFEEFINJN5N12";NA;NA;"Inativa";"Bacen/Not. Imp./F. Púb.";"Finanças públicas";"NFSP - interna - estatais - federais - debêntures - juros nominais";"Necessidade de financiamento do setor público (NFSP) - interna - empresas estatais federais - debêntures - juros nominais";"Oculta";"Intranet";180;0;0;"Incluída em 24/jan/2002.";NA;"BM12";"Oculta";"Macro"
"4674";"BM12_NFEEFINJN6N12";NA;NA;"Inativa";"Bacen/Not. Imp./F. Púb.";"Finanças públicas";"NFSP - interna - estatais - federais - Aviso MF 30 - juros nominais";"Necessidade de financiamento do setor público (NFSP) - interna - empresas estatais federais - Aviso MF 30 - juros nominais";"Oculta";"Intranet";180;0;0;"Incluída em 24/jan/2002.";NA;"BM12";"Oculta";"Macro"
"4675";"BM12_NFEEFINJN7N12";NA;NA;"Inativa";"Bacen/Not. Imp./F. Púb.";"Finanças públicas";"NFSP - interna - estatais - federais - fundos CP (extramercado) - juros nominais";"Necessidade de financiamento do setor público (NFSP) - interna - empresas estatais federais - fundos de curto prazo (extramercado) - juros nominais";"Oculta";"Intranet";180;0;0;"Incluída em 24/jan/2002.";NA;"BM12";"Oculta";"Macro"
"4676";"BM12_NFEEFINJN8N12";NA;NA;"Inativa";"Bacen/Not. Imp./F. Púb.";"Finanças públicas";"NFSP - interna - estatais - federais - dív. renegociada Lei 8727/93 - juros nominais";"Necessidade de financiamento do setor público (NFSP) - interna - empresas estatais federais - dívida renegociada Lei 8727/93 - juros nominais";"Oculta";"Intranet";180;0;0;"Incluída em 24/jan/2002.";NA;"BM12";"Oculta";"Macro"
"4677";"BM12_NFEEEJNN12";NA;NA;"Inativa";"Bacen/Not. Imp./F. Púb.";"Finanças públicas";"NFSP - estatais - estaduais - juros nominais";"Necessidade de financiamento do setor público (NFSP) - empresas estatais estaduais - juros nominais";"Oculta";"Intranet";180;0;0;"Incluída em 24/jan/2002.";NA;"BM12";"Oculta";"Macro"
"4678";"BM12_NFEEEINJN1N12";NA;NA;"Inativa";"Bacen/Not. Imp./F. Púb.";"Finanças públicas";"NFSP - interna - estatais - estaduais - juros nominais";"Necessidade de financiamento do setor público (NFSP) - interna - empresas estatais estaduais - juros nominais";"Oculta";"Intranet";180;0;0;"Incluída em 24/jan/2002.";NA;"BM12";"Oculta";"Macro"
"4679";"BM12_NFEEEINJN2N12";NA;NA;"Inativa";"Bacen/Not. Imp./F. Púb.";"Finanças públicas";"NFSP - interna - estatais - estaduais - dív. bancária - juros nominais";"Necessidade de financiamento do setor público (NFSP) - interna - empresas estatais estaduais - dívida bancária - juros nominais";"Oculta";"Intranet";180;0;0;"Incluída em 24/jan/2002.";NA;"BM12";"Oculta";"Macro"
"4680";"BM12_NFEEEINJN3N12";NA;NA;"Inativa";"Bacen/Not. Imp./F. Púb.";"Finanças públicas";"NFSP - interna - estatais - estaduais - depósitos à vista - juros nominais";"Necessidade de financiamento do setor público (NFSP) - interna - empresas estatais estaduais - depósitos à vista - juros nominais";"Oculta";"Intranet";180;0;0;"Incluída em 24/jan/2002.";NA;"BM12";"Oculta";"Macro"
"4681";"BM12_NFEEEINJN4N12";NA;NA;"Inativa";"Bacen/Not. Imp./F. Púb.";"Finanças públicas";"NFSP - interna - estatais - estaduais - aplic. carteira em tít. públ. - juros nominais";"Necessidade de financiamento do setor público (NFSP) - interna - empresas estatais estaduais - aplicações em carteira em títulos públicos - juros nominais";"Oculta";"Intranet";180;0;0;"Incluída em 24/jan/2002.";NA;"BM12";"Oculta";"Macro"
"4682";"BM12_NFEEEINJN5N12";NA;NA;"Inativa";"Bacen/Not. Imp./F. Púb.";"Finanças públicas";"NFSP - interna - estatais - estaduais - Aviso MF 30 - juros nominais";"Necessidade de financiamento do setor público (NFSP) - interna - empresas estatais estaduais - Aviso MF 30 - juros nominais";"Oculta";"Intranet";180;0;0;"Incluída em 24/jan/2002.";NA;"BM12";"Oculta";"Macro"
"4683";"BM12_NFEEEINJN6N12";NA;NA;"Inativa";"Bacen/Not. Imp./F. Púb.";"Finanças públicas";"NFSP - interna - estatais - estaduais - dív. renegociada Lei 8727/93 - juros nominais";"Necessidade de financiamento do setor público (NFSP) - interna - empresas estatais estaduais - dívida renegociada Lei 8727/93 - juros nominais";"Oculta";"Intranet";180;0;0;"Incluída em 24/jan/2002.";NA;"BM12";"Oculta";"Macro"
"4684";"BM12_NFEEMJNN12";NA;NA;"Inativa";"Bacen/Not. Imp./F. Púb.";"Finanças públicas";"NFSP - estatais - municipais - juros nominais";"Necessidade de financiamento do setor público (NFSP) - empresas estatais municipais - juros nominais";"Oculta";"Intranet";180;0;0;"Incluída em 24/jan/2002.";NA;"BM12";"Oculta";"Macro"
"4685";"BM12_NFEEMINJN1N12";NA;NA;"Inativa";"Bacen/Not. Imp./F. Púb.";"Finanças públicas";"NFSP - interna - estatais - municipais - juros nominais";"Necessidade de financiamento do setor público (NFSP) - interna - empresas estatais municipais - juros nominais";"Oculta";"Intranet";180;0;0;"Incluída em 24/jan/2002.";NA;"BM12";"Oculta";"Macro"
"4686";"BM12_NFEEMINJN2N12";NA;NA;"Inativa";"Bacen/Not. Imp./F. Púb.";"Finanças públicas";"NFSP - interna - estatais - municipais - dív. bancária - juros nominais";"Necessidade de financiamento do setor público (NFSP) - interna - empresas estatais municipais - dívida bancária - juros nominais";"Oculta";"Intranet";180;0;0;"Incluída em 24/jan/2002.";NA;"BM12";"Oculta";"Macro"
"4687";"BM12_NFEEMINJN3N12";NA;NA;"Inativa";"Bacen/Not. Imp./F. Púb.";"Finanças públicas";"NFSP - interna - estatais - municipais - depósitos à vista - juros nominais";"Necessidade de financiamento do setor público (NFSP) - interna - empresas estatais municipais - depósitos à vista - juros nominais";"Oculta";"Intranet";180;0;0;"Incluída em 24/jan/2002.";NA;"BM12";"Oculta";"Macro"
"4688";"BM12_NFEEMINJN4N12";NA;NA;"Inativa";"Bacen/Not. Imp./F. Púb.";"Finanças públicas";"NFSP - interna - estatais - municipais - Aviso MF 30 - juros nominais";"Necessidade de financiamento do setor público (NFSP) - interna - empresas estatais municipais - Aviso MF 30 - juros nominais";"Oculta";"Intranet";180;0;0;"Incluída em 24/jan/2002.";NA;"BM12";"Oculta";"Macro"
"4689";"BM12_NFEEMINJN5N12";NA;NA;"Inativa";"Bacen/Not. Imp./F. Púb.";"Finanças públicas";"NFSP - interna - estatais - municipais - dív. renegociada Lei 8727/93 - juros nominais";"Necessidade de financiamento do setor público (NFSP) - interna - empresas estatais municipais - dívida renegociada Lei 8727/93 - juros nominais";"Oculta";"Intranet";180;0;0;"Incluída em 24/jan/2002.";NA;"BM12";"Oculta";"Macro"
"4690";"BM12_NFSPEXJNN12";NA;NA;"Inativa";"Bacen/Not. Imp./F. Púb.";"Finanças públicas";"NFSP - externa - juros nominais";"Necessidade de financiamento do setor público (NFSP) - externa - juros nominais";"Oculta";"Intranet";180;0;0;"Incluída em 24/jan/2002.";NA;"BM12";"Oculta";"Macro"
"4691";"BM12_NFBCEXJNN12";NA;NA;"Inativa";"Bacen/Not. Imp./F. Púb.";"Finanças públicas";"NFSP - externa - Banco Central - juros nominais";"Necessidade de financiamento do setor público (NFSP) - externa - Banco Central - juros nominais";"Oculta";"Intranet";180;0;0;"Incluída em 24/jan/2002.";NA;"BM12";"Oculta";"Macro"
"4692";"BM12_NFFEXJNN12";NA;NA;"Inativa";"Bacen/Not. Imp./F. Púb.";"Finanças públicas";"NFSP - externa - gov. federal - juros nominais";"Necessidade de financiamento do setor público (NFSP) - externa - governo federal - juros nominais";"Oculta";"Intranet";180;0;0;"Incluída em 24/jan/2002.";NA;"BM12";"Oculta";"Macro"
"4693";"BM12_NFEEXJNN12";NA;NA;"Inativa";"Bacen/Not. Imp./F. Púb.";"Finanças públicas";"NFSP - externa - estados - juros nominais";"Necessidade de financiamento do setor público (NFSP) - externa - estados - juros nominais";"Oculta";"Intranet";180;0;0;"Incluída em 24/jan/2002.";NA;"BM12";"Oculta";"Macro"
"4694";"BM12_NFMEXJNN12";NA;NA;"Inativa";"Bacen/Not. Imp./F. Púb.";"Finanças públicas";"NFSP - externa - municípios - juros nominais";"Necessidade de financiamento do setor público (NFSP) - externa - municípios - juros nominais";"Oculta";"Intranet";180;0;0;"Incluída em 24/jan/2002.";NA;"BM12";"Oculta";"Macro"
"4695";"BM12_NFEEEXJNN12";NA;NA;"Inativa";"Bacen/Not. Imp./F. Púb.";"Finanças públicas";"NFSP - externa - estatais - juros nominais";"Necessidade de financiamento do setor público (NFSP) - externa - empresas estatais - juros nominais";"Oculta";"Intranet";180;0;0;"Incluída em 24/jan/2002.";NA;"BM12";"Oculta";"Macro"
"4696";"BM12_NFEEFEXJNN12";NA;NA;"Inativa";"Bacen/Not. Imp./F. Púb.";"Finanças públicas";"NFSP - externa - estatais - federais - juros nominais";"Necessidade de financiamento do setor público (NFSP) - externa - empresas estatais federais - juros nominais";"Oculta";"Intranet";180;0;0;"Incluída em 24/jan/2002.";NA;"BM12";"Oculta";"Macro"
"4697";"BM12_NFEEEEXJNN12";NA;NA;"Inativa";"Bacen/Not. Imp./F. Púb.";"Finanças públicas";"NFSP - externa - estatais - estaduais - juros nominais";"Necessidade de financiamento do setor público (NFSP) - externa - empresas estatais estaduais - juros nominais";"Oculta";"Intranet";180;0;0;"Incluída em 24/jan/2002.";NA;"BM12";"Oculta";"Macro"
"4698";"BM12_NFEEMEXJNN12";NA;NA;"Inativa";"Bacen/Not. Imp./F. Púb.";"Finanças públicas";"NFSP - externa - estatais - municipais - juros nominais";"Necessidade de financiamento do setor público (NFSP) - externa - empresas estatais municipais - juros nominais";"Oculta";"Intranet";180;0;0;"Incluída em 24/jan/2002.";NA;"BM12";"Oculta";"Macro"
"4699";"SCN4_FBKFN4";124;12;"Inativa";"IBGE/SCN 2000 Trim.";"Contas nacionais";"Capital fixo - formação bruta - ref. 2000";"Formação bruta de capital fixo - referência 2000";"Não oculta";"Intranet";90;0;0;"Incluída em 03 / maio / 2007.";NA;"SCN4";"Intranet";"Macro"
"4700";"SCN4_FBKFI4";44;53;"Inativa";"IBGE/SCN 2000 Trim.";"Contas nacionais";"Capital fixo - formação bruta - índice encadeado (média 1995 = 100) - ref. 2000";"Formação bruta de capital fixo: índice encadeado (média 1995 = 100) - referência 2000";"Não oculta";"Intranet";90;0;0;"Incluída em 03 / maio / 2007.";NA;"SCN4";"Intranet";"Macro"
"4701";"SCN4_DICTG4";4;347;"Inativa";"IBGE/SCN 2000 Trim.";"Contas nacionais";"Consumo final - deflator implícito - var. - ref. 2000";"Consumo final - deflator implícito - var. - referência 2000";"Não oculta";"Intranet";90;0;0;"Incluída em 03 / maio / 2007.";"Gerada";"SCN4";"Intranet";"Macro"
"4702";"SCN4_DIFBKFG4";16;134;"Inativa";"IBGE/SCN 2000 Trim.";"Contas nacionais";"Capital fixo - formação bruta - deflator implícito - var. - ref. 2000";"Formação bruta de capital fixo - deflator implícito - var. - referência 2000";"Não oculta";"Intranet";90;0;0;"Incluída em 03 / maio / 2007.";"Gerada";"SCN4";"Intranet";"Macro"
"4703";"SCN4_DIVESTG4";12;166;"Inativa";"IBGE/SCN 2000 Trim.";"Contas nacionais";"Capital - formação bruta - variação de estoque - deflator implícito - var. - ref. 2000";"Formação bruta de capital - variação de estoque - deflator implícito - var. - referência 2000";"Não oculta";"Intranet";90;0;0;"Incluída em 03 / maio / 2007.";"Gerada";"SCN4";"Intranet";"Macro"
"4704";"SCN4_VESTON4";39;56;"Inativa";"IBGE/SCN 2000 Trim.";"Contas nacionais";"Capital - formação bruta - variação de estoque - ref. 2000";"Formação bruta de capital - variação de estoque - referência 2000";"Não oculta";"Intranet";90;0;0;"Incluída em 03 / maio / 2007.";"Gerada";"SCN4";"Intranet";"Macro"
"4705";"STN12_NFRTOT12";55;231;"Inativa";"Min. Fazenda/STN";"Finanças públicas";"NFSP - gov. central - receita total";"Necessidade de financiamento do setor público (NFSP) - governo central - receita total";"Não oculta";"Internet";30;0;0;"Incluída em 30/jan/2002.";NA;"STN12";"Internet";"Macro"
"4706";"STN12_NFRRTT12";13;769;"Inativa";"Min. Fazenda/STN";"Finanças públicas";"NFSP - gov. central - receita total - Tesouro Nacional - total";"Necessidade de financiamento do setor público (NFSP) - governo central - receita total - receita do Tesouro Nacional - total";"Não oculta";"Internet";30;0;0;"Incluída em 30/jan/2002.";NA;"STN12";"Internet";"Macro"
"4707";"STN12_NFRRTBT12";15;714;"Inativa";"Min. Fazenda/STN";"Finanças públicas";"NFSP - gov. central - receita total - Tesouro Nacional - bruta - total";"Necessidade de financiamento do setor público (NFSP) - governo central - receita total - receita do Tesouro Nacional - bruta - total";"Não oculta";"Internet";30;0;0;"Incluída em 30/jan/2002.";NA;"STN12";"Internet";"Macro"
"4708";"STN12_NFRRTBI12";14;737;"Inativa";"Min. Fazenda/STN";"Finanças públicas";"NFSP - gov. central - receita total - Tesouro Nacional - bruta - impostos";"Necessidade de financiamento do setor público (NFSP) - governo central - receita total - receita do Tesouro Nacional - bruta - impostos";"Não oculta";"Internet";30;0;0;"Incluída em 30/jan/2002.";NA;"STN12";"Internet";"Macro"
"4709";"STN12_NFRRTBC12";7;1050;"Inativa";"Min. Fazenda/STN";"Finanças públicas";"NFSP - gov. central - receita total - Tesouro Nacional - bruta - contribuições";"Necessidade de financiamento do setor público (NFSP) - governo central - receita total - receita do Tesouro Nacional - bruta - contribuições";"Não oculta";"Internet";30;0;0;"Incluída em 30/jan/2002.";NA;"STN12";"Internet";"Macro"
"4710";"STN12_NFRRTBOUT12";9;946;"Inativa";"Min. Fazenda/STN";"Finanças públicas";"NFSP - gov. central - receita total - Tesouro Nacional - bruta - demais";"Necessidade de financiamento do setor público (NFSP) - governo central - receita total - receita do Tesouro Nacional - bruta - demais";"Não oculta";"Internet";30;0;0;"Incluída em 30/jan/2002.";NA;"STN12";"Internet";"Macro"
"4711";"STN12_NFRRTR12";3;1356;"Inativa";"Min. Fazenda/STN";"Finanças públicas";"NFSP - gov. central - receita total - Tesouro Nacional - restituições (-)";"Necessidade de financiamento do setor público (NFSP) - governo central - receita total - receita do Tesouro Nacional - restituições (-)";"Não oculta";"Internet";30;0;0;"Incluída em 30/jan/2002.";NA;"STN12";"Internet";"Macro"
"4712";"STN12_NFRRTIF12";3;1356;"Inativa";"Min. Fazenda/STN";"Finanças públicas";"NFSP - gov. central - receita total - Tesouro Nacional - incentivos fiscais (-)";"Necessidade de financiamento do setor público (NFSP) - governo central - receita total - receita do Tesouro Nacional - incentivos fiscais (-)";"Não oculta";"Internet";30;0;0;"Incluída em 30/jan/2002.";NA;"STN12";"Internet";"Macro"
"4713";"STN12_NFRRP12";12;812;"Inativa";"Min. Fazenda/STN";"Finanças públicas";"NFSP - gov. central - receita total - previdência social";"Necessidade de financiamento do setor público (NFSP) - governo central - receita total - receita da previdência social";"Não oculta";"Internet";30;0;0;"Incluída em 30/jan/2002.";NA;"STN12";"Internet";"Macro"
"4714";"STN12_NFTEMTOT12";9;946;"Inativa";"Min. Fazenda/STN";"Finanças públicas";"NFSP - gov. central - transf. estados e municípios - total";"Necessidade de financiamento do setor público (NFSP) - governo central - transferências a estados e municípios - total";"Não oculta";"Internet";30;0;0;"Incluída em 30/jan/2002.";NA;"STN12";"Internet";"Macro"
"4715";"STN12_NFTEMTC12";3;1356;"Inativa";"Min. Fazenda/STN";"Finanças públicas";"NFSP - gov. central - transf. estados e municípios - constitucionais";"Necessidade de financiamento do setor público (NFSP) - governo central - transferências a estados e municípios - transferências constitucionais";"Não oculta";"Internet";30;0;0;"Incluída em 30/jan/2002.";NA;"STN12";"Internet";"Macro"
"4716";"STN12_NFTEML12";3;1356;"Inativa";"Min. Fazenda/STN";"Finanças públicas";"NFSP - gov. central - transf. estados e municípios - Lei Complementar nº 87/96";"Necessidade de financiamento do setor público (NFSP) - governo central - transferências a estados e municípios - Lei Complementar nº 87/96";"Não oculta";"Internet";30;0;0;"Incluída em 30/jan/2002.";NA;"STN12";"Internet";"Macro"
"4717";"STN12_NFTEMOUT12";2;1480;"Inativa";"Min. Fazenda/STN";"Finanças públicas";"NFSP - gov. central - transf. estados e municípios - demais";"Necessidade de financiamento do setor público (NFSP) - governo central - transferências a estados e municípios - demais";"Não oculta";"Internet";30;0;0;"Incluída em 30/jan/2002.";NA;"STN12";"Internet";"Macro"
"4718";"STN12_NFRLTOT12";24;508;"Inativa";"Min. Fazenda/STN";"Finanças públicas";"NFSP - gov. central - receita líquida total";"Necessidade de financiamento do setor público (NFSP) - governo central - receita líquida total";"Não oculta";"Internet";30;0;0;"Incluída em 30/jan/2002.";NA;"STN12";"Internet";"Macro"
"4719";"STN12_NFDTOT12";64;192;"Inativa";"Min. Fazenda/STN";"Finanças públicas";"NFSP - gov. central - despesa total";"Necessidade de financiamento do setor público (NFSP) - governo central - despesa total";"Não oculta";"Internet";30;0;0;"Incluída em 30/jan/2002.";NA;"STN12";"Internet";"Macro"
"4720";"STN12_NFDPESS12";14;737;"Inativa";"Min. Fazenda/STN";"Finanças públicas";"NFSP - gov. central - despesa total - pessoal e encargos sociais";"Necessidade de financiamento do setor público (NFSP) - governo central - despesa total - pessoal e encargos sociais";"Não oculta";"Internet";30;0;0;"Incluída em 30/jan/2002.";NA;"STN12";"Internet";"Macro"
"4721";"STN12_NFDBEM12";18;647;"Inativa";"Min. Fazenda/STN";"Finanças públicas";"NFSP - gov. central - despesa total - benefícios previdenciários";"Necessidade de financiamento do setor público (NFSP) - governo central - despesa total - benefícios previdenciários";"Não oculta";"Internet";30;0;0;"Incluída em 30/jan/2002.";NA;"STN12";"Internet";"Macro"
"4722";"STN12_NFDCC12";11;856;"Inativa";"Min. Fazenda/STN";"Finanças públicas";"NFSP - gov. central - despesa total - cust. e cap. - total";"Necessidade de financiamento do setor público (NFSP) - governo central - despesa total - custeio e capital - total";"Não oculta";"Internet";30;0;0;"Incluída em 30/jan/2002.";NA;"STN12";"Internet";"Macro"
"4723";"STN12_NFDCCFAT12";3;1356;"Inativa";"Min. Fazenda/STN";"Finanças públicas";"NFSP - gov. central - despesa total - cust. e cap. - FAT - total";"Necessidade de financiamento do setor público (NFSP) - governo central - despesa total - custeio e capital - despesa do FAT - total";"Não oculta";"Internet";30;0;0;"Incluída em 30/jan/2002.";NA;"STN12";"Internet";"Macro"
"4724";"STN12_NFDCCFATA12";24;508;"Inativa";"Min. Fazenda/STN";"Finanças públicas";"NFSP - gov. central - despesa total - cust. e cap. - FAT - abono seg. desemp.";"Necessidade de financiamento do setor público (NFSP) - governo central - despesa total - custeio e capital - despesa do FAT - abono e seguro-desemprego";"Não oculta";"Internet";30;0;0;"Incluída em 30/jan/2002.";NA;"STN12";"Internet";"Macro"
"4725";"STN12_NFDCCFATO12";2;1480;"Inativa";"Min. Fazenda/STN";"Finanças públicas";"NFSP - gov. central - despesa total - cust. e cap. - FAT - demais";"Necessidade de financiamento do setor público (NFSP) - governo central - despesa total - custeio e capital - despesa do FAT - demais";"Não oculta";"Internet";30;0;0;"Incluída em 30/jan/2002.";NA;"STN12";"Internet";"Macro"
"4726";"STN12_NFDS12";2;1480;"Inativa";"Min. Fazenda/STN";"Finanças públicas";"NFSP - gov. central - despesa total - cust. e cap. - subs. subv. - total";"Necessidade de financiamento do setor público (NFSP) - governo central - despesa total - custeio e capital - subsídios e subvenções econômicas - total";"Não oculta";"Internet";30;0;0;"Incluída em 30/jan/2002.";NA;"STN12";"Internet";"Macro"
"4727";"STN12_NFDSOP12";3;1356;"Inativa";"Min. Fazenda/STN";"Finanças públicas";"NFSP - gov. central - despesa total - cust. e cap. - subs. subv. - op. of. créd.";"Necessidade de financiamento do setor público (NFSP) - governo central - despesa total - custeio e capital - subsídios e subvenções econômicas - operações oficiais de crédito";"Não oculta";"Internet";30;0;0;"Incluída em 30/jan/2002.";NA;"STN12";"Internet";"Macro"
"4728";"STN12_NFDSFR12";2;1480;"Inativa";"Min. Fazenda/STN";"Finanças públicas";"NFSP - gov. central - despesa total - cust. e cap. - subs. subv. - fundos reg.";"Necessidade de financiamento do setor público (NFSP) - governo central - despesa total - custeio e capital - subsídios e subvenções econômicas - subvenções aos fundos regionais";"Não oculta";"Internet";30;0;0;"Incluída em 30/jan/2002.";NA;"STN12";"Internet";"Macro"
"4729";"STN12_NFDOUT12";14;737;"Inativa";"Min. Fazenda/STN";"Finanças públicas";"NFSP - gov. central - despesa total - cust. e cap. - outras despesas";"Necessidade de financiamento do setor público (NFSP) - governo central - despesa total - custeio e capital - outras despesas";"Não oculta";"Internet";30;0;0;"Incluída em 30/jan/2002.";NA;"STN12";"Internet";"Macro"
"4730";"STN12_NFRPGFTOT12";37;351;"Inativa";"Min. Fazenda/STN";"Finanças públicas";"NFSP - gov. central - resultado primário gov. federal - total";"Necessidade de financiamento do setor público (NFSP) - governo central - resultado primário do governo federal - total";"Não oculta";"Internet";30;0;0;"Incluída em 30/jan/2002.";NA;"STN12";"Internet";"Macro"
"4731";"STN12_NFRPGFTN12";8;996;"Inativa";"Min. Fazenda/STN";"Finanças públicas";"NFSP - gov. central - resultado primário gov. federal - Tesouro Nacional";"Necessidade de financiamento do setor público (NFSP) - governo central - resultado primário do governo federal - Tesouro Nacional";"Não oculta";"Internet";30;0;0;"Incluída em 30/jan/2002.";NA;"STN12";"Internet";"Macro"
"4732";"STN12_NFRPGFPREV12";13;769;"Inativa";"Min. Fazenda/STN";"Finanças públicas";"NFSP - gov. central - resultado primário gov. federal - Previdência social (RGPS)";"Necessidade de financiamento do setor público (NFSP) - governo central - resultado primário do governo federal - Previdência social (RGPS)";"Não oculta";"Internet";30;0;0;"Incluída em 30/jan/2002.";NA;"STN12";"Internet";"Macro"
"4733";"STN12_NFRPBC12";13;769;"Inativa";"Min. Fazenda/STN";"Finanças públicas";"NFSP - gov. central - resultado primário gov. federal - Banco Central";"Necessidade de financiamento do setor público (NFSP) - governo central - resultado primário do governo federal - Banco Central";"Não oculta";"Internet";30;0;0;"Incluída em 30/jan/2002.";NA;"STN12";"Internet";"Macro"
"4734";"STN12_NFRPGFTOTP12";10;894;"Inativa";"Min. Fazenda/STN";"Finanças públicas";"NFSP - gov. central - resultado primário do gov. central";"Necessidade de financiamento do setor público (NFSP) - governo central - resultado primário do governo central";"Não oculta";"Internet";0;0;0;"Incluída em 30/jan/2002.";NA;"STN12";"Internet";"Macro"
"4735";"STN12_NFDE12";4;1262;"Inativa";"Min. Fazenda/STN";"Finanças públicas";"NFSP - gov. central - discrepância estatística";"Necessidade de financiamento do setor público (NFSP) - governo central - discrepância estatística";"Não oculta";"Internet";60;0;0;"Incluída em 30/jan/2002.";NA;"STN12";"Internet";"Macro"
"4736";"STN12_NFRPGCTOT12";19;621;"Inativa";"Min. Fazenda/STN";"Finanças públicas";"NFSP - gov. central - resultado primário do gov. central (abaixo da linha)";"Necessidade de financiamento do setor público (NFSP) - governo central - resultado primário do governo central (abaixo da linha)";"Não oculta";"Internet";60;0;0;"Incluída em 30/jan/2002.";NA;"STN12";"Internet";"Macro"
"4737";"STN12_NFJN12";11;856;"Inativa";"Min. Fazenda/STN";"Finanças públicas";"NFSP - gov. central - juros nominais (abaixo da linha)";"Necessidade de financiamento do setor público (NFSP) - governo central - juros nominais (abaixo da linha)";"Não oculta";"Internet";60;0;0;"Incluída em 30/jan/2002.";NA;"STN12";"Internet";"Macro"
"4738";"STN12_NFRNGCTOTJ12";13;769;"Inativa";"Min. Fazenda/STN";"Finanças públicas";"NFSP - gov. central - resultado nominal (abaixo da linha)";"Necessidade de financiamento do setor público (NFSP) - governo central - resultado nominal (abaixo da linha)";"Não oculta";"Internet";60;0;0;"Incluída em 30/jan/2002.";NA;"STN12";"Internet";"Macro"
"4739";"BPN_STKK";91;115;"Inativa";"Bacen/BP (BPM5)";"Balanço de pagamentos";"Conta capital e financeira - conta capital (Antiga metod. - BPM5)";"Conta capital e financeira: conta capital (Antiga metodologia - BPM5)";"Não oculta";"Internet";25;0;0;"Incluída em 01/fev/2002.";NA;"BPN";"Internet";"Macro"
"4740";"BPN_STF";51;235;"Inativa";"Bacen/BP (BPM5)";"Balanço de pagamentos";"Conta capital e financeira - conta financeira (Antiga metod. - BPM5)";"Conta capital e financeira: conta financeira (Antiga metodologia - BPM5)";"Não oculta";"Internet";25;0;0;"Incluída em 01/fev/2002.";NA;"BPN";"Internet";"Macro"
"4741";"BPN_SERS";43;275;"Inativa";"Bacen/BP (BPM5)";"Balanço de pagamentos";"Serviços e rendas - serviços - saldo (Antiga metod. - BPM5)";"Serviços e rendas - serviços - saldo (Antiga metodologia - BPM5)";"Não oculta";"Internet";25;0;1;"Incluída em 01/fev/2002.";NA;"BPN";"Internet";"Macro"
"4742";"BPN_SERSREC";7;991;"Inativa";"Bacen/BP (BPM5)";"Balanço de pagamentos";"Serviços e rendas - serviços - receitas (Antiga metod. - BPM5)";"Serviços e rendas - serviços - receitas (Antiga metodologia - BPM5)";"Não oculta";"Internet";25;0;0;"Incluída em 01/fev/2002.";NA;"BPN";"Internet";"Macro"
"4743";"BPN_SERSDES";9;871;"Inativa";"Bacen/BP (BPM5)";"Balanço de pagamentos";"Serviços e rendas - serviços - despesas (Antiga metod. - BPM5)";"Serviços e rendas - serviços - despesas (Antiga metodologia - BPM5)";"Não oculta";"Internet";25;0;0;"Incluída em 01/fev/2002.";NA;"BPN";"Internet";"Macro"
"4744";"BPN_SERR";23;471;"Inativa";"Bacen/BP (BPM5)";"Balanço de pagamentos";"Serviços e rendas - rendas - saldo (Antiga metod. - BPM5)";"Serviços e rendas - rendas - saldo (Antiga metodologia - BPM5)";"Não oculta";"Internet";25;0;1;"Incluída em 01/fev/2002.";NA;"BPN";"Internet";"Macro"
"4745";"BPN_SERSF";13;708;"Inativa";"Bacen/BP (BPM5)";"Balanço de pagamentos";"Serviços e rendas - serviços - serviços financeiros - saldo (Antiga metod. - BPM5)";"Serviços e rendas - serviços - serviços financeiros - saldo (Antiga metodologia - BPM5)";"Não oculta";"Internet";25;0;0;"Incluída em 01/fev/2002.";NA;"BPN";"Internet";"Macro"
"4746";"BPN_SERSFREC";9;871;"Inativa";"Bacen/BP (BPM5)";"Balanço de pagamentos";"Serviços e rendas - serviços - serviços financeiros - receitas (Antiga metod. - BPM5)";"Serviços e rendas - serviços - serviços financeiros - receitas (Antiga metodologia - BPM5)";"Não oculta";"Internet";25;0;0;"Incluída em 01/fev/2002.";NA;"BPN";"Internet";"Macro"
"4747";"BPN_SERSFDES";9;871;"Inativa";"Bacen/BP (BPM5)";"Balanço de pagamentos";"Serviços e rendas - serviços - serviços financeiros - despesas (Antiga metod. - BPM5)";"Serviços e rendas - serviços - serviços financeiros - despesas (Antiga metodologia - BPM5)";"Não oculta";"Internet";25;0;0;"Incluída em 01/fev/2002.";NA;"BPN";"Internet";"Macro"
"4748";"BPN_SERSC";8;932;"Inativa";"Bacen/BP (BPM5)";"Balanço de pagamentos";"Serviços e rendas - serviços - computação e informações - saldo (Antiga metod. - BPM5)";"Serviços e rendas - serviços - computação e informações - saldo (Antiga metodologia - BPM5)";"Não oculta";"Internet";25;0;0;"Incluída em 01/fev/2002.";NA;"BPN";"Internet";"Macro"
"4749";"BPN_SERSCREC";4;1216;"Inativa";"Bacen/BP (BPM5)";"Balanço de pagamentos";"Serviços e rendas - serviços - computação e informações - receitas (Antiga metod. - BPM5)";"Serviços e rendas - serviços - computação e informações - receitas (Antiga metodologia - BPM5)";"Não oculta";"Internet";25;0;0;"Incluída em 01/fev/2002.";NA;"BPN";"Internet";"Macro"
"4750";"BPN_SERSCDES";4;1216;"Inativa";"Bacen/BP (BPM5)";"Balanço de pagamentos";"Serviços e rendas - serviços - computação e informações - despesas (Antiga metod. - BPM5)";"Serviços e rendas - serviços - computação e informações - despesas (Antiga metodologia - BPM5)";"Não oculta";"Internet";25;0;0;"Incluída em 01/fev/2002.";NA;"BPN";"Internet";"Macro"
"4751";"BPN_SERSR";7;991;"Inativa";"Bacen/BP (BPM5)";"Balanço de pagamentos";"Serviços e rendas - serviços - royalties e licenças - saldo (Antiga metod. - BPM5)";"Serviços e rendas - serviços - royalties e licenças - saldo (Antiga metodologia - BPM5)";"Não oculta";"Internet";25;0;0;"Incluída em 01/fev/2002.";NA;"BPN";"Internet";"Macro"
"4752";"BPN_SERSRREC";3;1315;"Inativa";"Bacen/BP (BPM5)";"Balanço de pagamentos";"Serviços e rendas - serviços - royalties e licenças - receitas (Antiga metod. - BPM5)";"Serviços e rendas - serviços - royalties e licenças - receitas (Antiga metodologia - BPM5)";"Não oculta";"Internet";25;0;0;"Incluída em 01/fev/2002.";NA;"BPN";"Internet";"Macro"
"4753";"BPN_SERSRDES";3;1315;"Inativa";"Bacen/BP (BPM5)";"Balanço de pagamentos";"Serviços e rendas - serviços - royalties e licenças - despesas (Antiga metod. - BPM5)";"Serviços e rendas - serviços - royalties e licenças - despesas (Antiga metodologia - BPM5)";"Não oculta";"Internet";25;0;0;"Incluída em 01/fev/2002.";NA;"BPN";"Internet";"Macro"
"4754";"BPN_SERSALU";6;1048;"Inativa";"Bacen/BP (BPM5)";"Balanço de pagamentos";"Serviços e rendas - serviços - aluguel de equipamentos - saldo (Antiga metod. - BPM5)";"Serviços e rendas - serviços - aluguel de equipamentos - saldo (Antiga metodologia - BPM5)";"Não oculta";"Internet";25;0;0;"Incluída em 01/fev/2002.";NA;"BPN";"Internet";"Macro"
"4755";"BPN_SERSALUREC";3;1315;"Inativa";"Bacen/BP (BPM5)";"Balanço de pagamentos";"Serviços e rendas - serviços - aluguel de equipamentos - receitas (Antiga metod. - BPM5)";"Serviços e rendas - serviços - aluguel de equipamentos - receitas (Antiga metodologia - BPM5)";"Não oculta";"Internet";25;0;0;"Incluída em 01/fev/2002.";NA;"BPN";"Internet";"Macro"
"4756";"BPN_SERSALUDES";3;1315;"Inativa";"Bacen/BP (BPM5)";"Balanço de pagamentos";"Serviços e rendas - serviços - aluguel de equipamentos - despesas (Antiga metod. - BPM5)";"Serviços e rendas - serviços - aluguel de equipamentos - despesas (Antiga metodologia - BPM5)";"Não oculta";"Internet";25;0;0;"Incluída em 01/fev/2002.";NA;"BPN";"Internet";"Macro"
"4757";"BPN_SERSOUT";9;871;"Inativa";"Bacen/BP (BPM5)";"Balanço de pagamentos";"Serviços e rendas - serviços - outros serviços - saldo (Antiga metod. - BPM5)";"Serviços e rendas - serviços - outros serviços - saldo (Antiga metodologia - BPM5)";"Não oculta";"Internet";25;0;0;"Incluída em 01/fev/2002.";NA;"BPN";"Internet";"Macro"
"4758";"BPN_SERSOUTREC";6;1048;"Inativa";"Bacen/BP (BPM5)";"Balanço de pagamentos";"Serviços e rendas - serviços - outros serviços - receitas (Antiga metod. - BPM5)";"Serviços e rendas - serviços - outros serviços - receitas (Antiga metodologia - BPM5)";"Não oculta";"Internet";25;0;0;"Incluída em 01/fev/2002.";NA;"BPN";"Internet";"Macro"
"4759";"BPN_SERSOUTDES";6;1048;"Inativa";"Bacen/BP (BPM5)";"Balanço de pagamentos";"Serviços e rendas - serviços - outros serviços - despesas (Antiga metod. - BPM5)";"Serviços e rendas - serviços - outros serviços - despesas (Antiga metodologia - BPM5)";"Não oculta";"Internet";25;0;0;"Incluída em 01/fev/2002.";NA;"BPN";"Internet";"Macro"
"4760";"BPN_SERRSAL";8;932;"Inativa";"Bacen/BP (BPM5)";"Balanço de pagamentos";"Serviços e rendas - rendas - salários e ordenados - saldo (Antiga metod. - BPM5)";"Serviços e rendas - rendas - salários e ordenados - saldo (Antiga metodologia - BPM5)";"Não oculta";"Internet";25;0;0;"Incluída em 01/fev/2002.";NA;"BPN";"Internet";"Macro"
"4761";"BPN_SERRSALREC";4;1216;"Inativa";"Bacen/BP (BPM5)";"Balanço de pagamentos";"Serviços e rendas - rendas - salários e ordenados - receitas (Antiga metod. - BPM5)";"Serviços e rendas - rendas - salários e ordenados - receitas (Antiga metodologia - BPM5)";"Não oculta";"Internet";25;0;0;"Incluída em 01/fev/2002.";NA;"BPN";"Internet";"Macro"
"4762";"BPN_FINIDE";156;69;"Inativa";"Bacen/BP (BPM5)";"Balanço de pagamentos";"Conta financeira - invest. diretos - estrang. no país - saldo (Antiga metod. - BPM5)";"Conta financeira - investimentos diretos - estrangeiros no país - saldo (Antiga metodologia - BPM5)";"Não oculta";"Internet";25;0;0;"Incluída em 01/fev/2002.";NA;"BPN";"Internet";"Macro"
"4763";"BPN_FINIDEREC";13;708;"Inativa";"Bacen/BP (BPM5)";"Balanço de pagamentos";"Conta financeira - invest. diretos - estrang. no país - ingressos (Antiga metod. - BPM5)";"Conta financeira - investimentos diretos - estrangeiros no país - ingressos (Antiga metodologia - BPM5)";"Não oculta";"Internet";25;0;0;"Incluída em 01/fev/2002.";NA;"BPN";"Internet";"Macro"
"4764";"BPN_FINIDEDES";10;818;"Inativa";"Bacen/BP (BPM5)";"Balanço de pagamentos";"Conta financeira - invest. diretos - estrang. no país - saídas (Antiga metod. - BPM5)";"Conta financeira - investimentos diretos - estrangeiros no país - saídas (Antiga metodologia - BPM5)";"Não oculta";"Internet";25;0;0;"Incluída em 01/fev/2002.";NA;"BPN";"Internet";"Macro"
"4765";"BPN_FINIDEE";18;565;"Inativa";"Bacen/BP (BPM5)";"Balanço de pagamentos";"Conta financeira - invest. diretos - estrang. no país - emprést. Intercom. (Antiga metod. - BPM5)";"Conta financeira - investimentos diretos - estrangeiros no país - empréstimos intercompanhias (Antiga metodologia - BPM5)";"Não oculta";"Internet";25;0;0;"Incluída em 01/fev/2002.";NA;"BPN";"Internet";"Macro"
"4766";"BPN_FINIDEEREC";5;1138;"Inativa";"Bacen/BP (BPM5)";"Balanço de pagamentos";"Conta financeira - invest. diretos - estrang. no país - emprést. intercom. - desemb. (Antiga metod.";"Conta financeira - investimentos diretos - estrangeiros no país - empréstimos intercompanhias - desembolsos (Antiga metodologia - BPM5)";"Não oculta";"Internet";25;0;0;"Incluída em 01/fev/2002.";NA;"BPN";"Internet";"Macro"
"4767";"BPN_FINIDEEDES";8;932;"Inativa";"Bacen/BP (BPM5)";"Balanço de pagamentos";"Conta financeira - invest. diretos - estrang. no país - emprést. intercom. - amort. (Antiga metod. -";"Conta financeira - investimentos diretos - estrangeiros no país - empréstimos intercompanhias - amortizações (Antiga metodologia - BPM5)";"Não oculta";"Internet";25;0;0;"Incluída em 01/fev/2002.";NA;"BPN";"Internet";"Macro"
"4768";"BPN_FINIDEC";23;471;"Inativa";"Bacen/BP (BPM5)";"Balanço de pagamentos";"Conta financeira - invest. estrang. carteira - saldo (Antiga metod. - BPM5)";"Conta financeira - investimentos estrangeiros em carteira - saldo (Antiga metodologia - BPM5)";"Não oculta";"Internet";25;0;0;"Incluída em 01/fev/2002.";NA;"BPN";"Internet";"Macro"
"4769";"BPN_FINIDECREC";8;932;"Inativa";"Bacen/BP (BPM5)";"Balanço de pagamentos";"Conta financeira - invest. estrang. carteira - receitas (Antiga metod. - BPM5)";"Conta financeira - investimentos estrangeiros em carteira - receitas (Antiga metodologia - BPM5)";"Não oculta";"Internet";25;0;0;"Incluída em 01/fev/2002.";NA;"BPN";"Internet";"Macro"
"4770";"BPN_FINIDECDES";4;1216;"Inativa";"Bacen/BP (BPM5)";"Balanço de pagamentos";"Conta financeira - invest. estrang. carteira - despesas (Antiga metod. - BPM5)";"Conta financeira - investimentos estrangeiros em carteira - despesas (Antiga metodologia - BPM5)";"Não oculta";"Internet";25;0;0;"Incluída em 01/fev/2002.";NA;"BPN";"Internet";"Macro"
"4771";"BPN_FINIDB";35;335;"Inativa";"Bacen/BP (BPM5)";"Balanço de pagamentos";"Conta financeira - invest. diretos - brasil. no exterior - saldo (Antiga metod. - BPM5)";"Conta financeira - investimentos diretos - brasileiros no exterior - saldo (Antiga metodologia - BPM5)";"Não oculta";"Internet";25;0;0;"Incluída em 01/fev/2002.";NA;"BPN";"Internet";"Macro"
"4772";"BPN_FINIDBREC";1;1606;"Inativa";"Bacen/BP (BPM5)";"Balanço de pagamentos";"Conta financeira - invest. diretos - brasil. no ext. - retornos (Antiga metod. - BPM5)";"Conta financeira - investimentos diretos - brasileiros no exterior - retornos (Antiga metodologia - BPM5)";"Não oculta";"Internet";25;0;0;"Incluída em 01/fev/2002.";NA;"BPN";"Internet";"Macro"
"4773";"BPN_FINIDBDES";6;1048;"Inativa";"Bacen/BP (BPM5)";"Balanço de pagamentos";"Conta financeira - invest. diretos - brasil. no ext. - saídas (Antiga metod. - BPM5)";"Conta financeira - investimentos diretos - brasileiros no exterior - saídas (Antiga metodologia - BPM5)";"Não oculta";"Internet";25;0;0;"Incluída em 01/fev/2002.";NA;"BPN";"Internet";"Macro"
"4774";"BPN_FINIDBE";17;594;"Inativa";"Bacen/BP (BPM5)";"Balanço de pagamentos";"Conta financeira - invest. diretos - brasil. no ext. - emprést. Intercom. - saldo (Antiga metod. - B";"Conta financeira - investimentos diretos - brasileiros no exterior - empréstimos intercompanhias - saldo (Antiga metodologia - BPM5)";"Não oculta";"Internet";25;0;0;"Incluída em 01/fev/2002.";NA;"BPN";"Internet";"Macro"
"4775";"BPN_FINIDBEREC";5;1138;"Inativa";"Bacen/BP (BPM5)";"Balanço de pagamentos";"Conta financeira - invest. diretos - brasil. no ext. - emprést. intercom. - amort. (Antiga metod. -";"Conta financeira - investimentos diretos - brasileiros no exterior - empréstimos intercompanhias - amortizações (Antiga metodologia - BPM5)";"Não oculta";"Internet";25;0;0;"Incluída em 01/fev/2002.";NA;"BPN";"Internet";"Macro"
"4776";"BPN_FINIDBEDES";3;1315;"Inativa";"Bacen/BP (BPM5)";"Balanço de pagamentos";"Conta financeira - invest. diretos - brasil. no ext. - emprést. intercom. - desemb. (Antiga metod. -";"Conta financeira - investimentos diretos - brasileiros no exterior - empréstimos intercompanhias - desembolsos (Antiga metodologia - BPM5)";"Não oculta";"Internet";25;0;0;"Incluída em 01/fev/2002.";NA;"BPN";"Internet";"Macro"
"4777";"BPN_FINIDBPKREC";1;1606;"Inativa";"Bacen/BP (BPM5)";"Balanço de pagamentos";"Conta financeira - invest. diretos - brasil. no ext. - partic. capital - retornos (Antiga metod. - B";"Conta financeira - investimentos diretos - brasileiros no exterior - participação no capital - retornos (Antiga metodologia - BPM5)";"Não oculta";"Internet";25;0;0;"Incluída em 01/fev/2002.";NA;"BPN";"Internet";"Macro"
"4778";"BPN_FINIDBC";12;739;"Inativa";"Bacen/BP (BPM5)";"Balanço de pagamentos";"Conta financeira - invest. brasil. carteira - saldo (Antiga metod. - BPM5)";"Conta financeira - investimentos brasileiros em carteira - saldo (Antiga metodologia - BPM5)";"Não oculta";"Internet";25;0;0;"Incluída em 01/fev/2002.";NA;"BPN";"Internet";"Macro"
"4779";"BPN_FINIDBCREC";6;1048;"Inativa";"Bacen/BP (BPM5)";"Balanço de pagamentos";"Conta financeira - invest. brasil. carteira - receitas (Antiga metod. - BPM5)";"Conta financeira - investimentos brasileiros em carteira - receitas (Antiga metodologia - BPM5)";"Não oculta";"Internet";25;0;0;"Incluída em 01/fev/2002.";NA;"BPN";"Internet";"Macro"
"4780";"BPN_FINIDBCDES";4;1216;"Inativa";"Bacen/BP (BPM5)";"Balanço de pagamentos";"Conta financeira - invest. brasil. carteira - despesas (Antiga metod. - BPM5)";"Conta financeira - investimentos brasileiros em carteira - despesas (Antiga metodologia - BPM5)";"Não oculta";"Internet";25;0;0;"Incluída em 01/fev/2002.";NA;"BPN";"Internet";"Macro"
"4781";"BPN_EROM";63;188;"Inativa";"Bacen/BP (BPM5)";"Balanço de pagamentos";"Balanço de pagamentos - erros e omissões (Antiga metod. - BPM5)";"Balanço de pagamentos: erros e omissões (Antiga metodologia - BPM5)";"Não oculta";"Internet";25;0;1;"Incluída em 01/fev/2002.";NA;"BPN";"Internet";"Macro"
"4782";"BPN_GOV";7;991;"Inativa";"Bacen/BP (BPM5)";"Balanço de pagamentos";"Serviços e rendas - serviços - serviços governamentais - saldo (Antiga metod. - BPM5)";"Serviços e rendas - serviços - serviços governamentais - saldo (Antiga metodologia - BPM5)";"Não oculta";"Internet";25;0;0;"Incluída em 01/fev/2002.";NA;"BPN";"Internet";"Macro"
"4783";"BPN_GOVDES";11;772;"Inativa";"Bacen/BP (BPM5)";"Balanço de pagamentos";"Serviços e rendas - serviços - serviços governamentais - despesas (Antiga metod. - BPM5)";"Serviços e rendas - serviços - serviços governamentais - despesas (Antiga metodologia - BPM5)";"Não oculta";"Internet";25;0;0;"Incluída em 01/fev/2002.";NA;"BPN";"Internet";"Macro"
"4784";"BPN_GOVREC";6;1048;"Inativa";"Bacen/BP (BPM5)";"Balanço de pagamentos";"Serviços e rendas - serviços - serviços governamentais - receitas (Antiga metod. - BPM5)";"Serviços e rendas - serviços - serviços governamentais - receitas (Antiga metodologia - BPM5)";"Não oculta";"Internet";25;0;0;"Incluída em 01/fev/2002.";NA;"BPN";"Internet";"Macro"
"4785";"BPN_IEDDES";8;932;"Inativa";"Bacen/BP (BPM5)";"Balanço de pagamentos";"Conta financeira - invest. diretos - estrang. no país - partic. capital - saídas (Antiga metod. - BP";"Conta financeira - investimentos diretos - estrangeiros no país - participação no capital - saídas (Antiga metodologia - BPM5)";"Não oculta";"Internet";25;0;0;"Incluída em 01/fev/2002.";NA;"BPN";"Internet";"Macro"
"4786";"BPN_JUR";18;565;"Inativa";"Bacen/BP (BPM5)";"Balanço de pagamentos";"Serviços e rendas - rendas - juros - saldo (Antiga metod. - BPM5)";"Serviços e rendas - rendas - juros - saldo (Antiga metodologia - BPM5)";"Não oculta";"Internet";25;0;0;"Incluída em 01/fev/2002.";NA;"BPN";"Internet";"Macro"
"4787";"BPN_JURDES";17;594;"Inativa";"Bacen/BP (BPM5)";"Balanço de pagamentos";"Serviços e rendas - rendas - juros - despesas (Antiga metod. - BPM5)";"Serviços e rendas - rendas - juros - despesas (Antiga metodologia - BPM5)";"Não oculta";"Internet";25;0;0;"Incluída em 01/fev/2002.";NA;"BPN";"Internet";"Macro"
"4788";"BPN_JURREC";3;1315;"Inativa";"Bacen/BP (BPM5)";"Balanço de pagamentos";"Serviços e rendas - rendas - juros - receitas (Antiga metod. - BPM5)";"Serviços e rendas - rendas - juros - receitas (Antiga metodologia - BPM5)";"Não oculta";"Internet";25;0;0;"Incluída em 01/fev/2002.";NA;"BPN";"Internet";"Macro"
"4789";"BPN_MCI";118;92;"Inativa";"Bacen/BP (BPM5)";"Balanço de pagamentos";"Conta financeira - investimentos diretos - saldo (Antiga metod. - BPM5)";"Conta financeira - investimentos diretos - saldo (Antiga metodologia - BPM5)";"Não oculta";"Internet";25;0;0;"Incluída em 01/fev/2002.";NA;"BPN";"Internet";"Macro"
"4790";"BPN_SEG";14;680;"Inativa";"Bacen/BP (BPM5)";"Balanço de pagamentos";"Serviços e rendas - serviços - seguros - saldo (Antiga metod. - BPM5)";"Serviços e rendas - serviços - seguros - saldo (Antiga metodologia - BPM5)";"Não oculta";"Internet";25;0;0;"Incluída em 01/fev/2002.";NA;"BPN";"Internet";"Macro"
"4791";"BPN_SEGDES";8;932;"Inativa";"Bacen/BP (BPM5)";"Balanço de pagamentos";"Serviços e rendas - serviços - seguros - despesas (Antiga metod. - BPM5)";"Serviços e rendas - serviços - seguros - despesas (Antiga metodologia - BPM5)";"Não oculta";"Internet";25;0;0;"Incluída em 01/fev/2002.";NA;"BPN";"Internet";"Macro"
"4792";"BPN_SEGREC";4;1216;"Inativa";"Bacen/BP (BPM5)";"Balanço de pagamentos";"Serviços e rendas - serviços - seguros - receitas (Antiga metod. - BPM5)";"Serviços e rendas - serviços - seguros - receitas (Antiga metodologia - BPM5)";"Não oculta";"Internet";25;0;0;"Incluída em 01/fev/2002.";NA;"BPN";"Internet";"Macro"
"4793";"BPN_SER";89;121;"Inativa";"Bacen/BP (BPM5)";"Balanço de pagamentos";"Serviços e rendas - saldo (Antiga metod. - BPM5)";"Serviços e rendas - saldo (Antiga metodologia - BPM5)";"Não oculta";"Internet";25;0;1;"Incluída em 01/fev/2002.";NA;"BPN";"Internet";"Macro"
"4794";"BPN_STK";99;108;"Inativa";"Bacen/BP (BPM5)";"Balanço de pagamentos";"Conta capital e financeira - saldo (Antiga metod. - BPM5)";"Conta capital e financeira: saldo (Antiga metodologia - BPM5)";"Não oculta";"Internet";25;0;1;"Incluída em 01/fev/2002.";NA;"BPN";"Internet";"Macro"
"4795";"BPN_TRP";17;594;"Inativa";"Bacen/BP (BPM5)";"Balanço de pagamentos";"Serviços e rendas - serviços - transportes - saldo (Antiga metod. - BPM5)";"Serviços e rendas - serviços - transportes - saldo (Antiga metodologia - BPM5)";"Não oculta";"Internet";25;0;0;"Incluída em 01/fev/2002.";NA;"BPN";"Internet";"Macro"
"4796";"BPN_TRPDES";8;932;"Inativa";"Bacen/BP (BPM5)";"Balanço de pagamentos";"Serviços e rendas - serviços - transportes - despesas (Antiga metod. - BPM5)";"Serviços e rendas - serviços - transportes - despesas (Antiga metodologia - BPM5)";"Não oculta";"Internet";25;0;0;"Incluída em 01/fev/2002.";NA;"BPN";"Internet";"Macro"
"4797";"BPN_TRPREC";8;932;"Inativa";"Bacen/BP (BPM5)";"Balanço de pagamentos";"Serviços e rendas - serviços - transportes - receitas (Antiga metod. - BPM5)";"Serviços e rendas - serviços - transportes - receitas (Antiga metodologia - BPM5)";"Não oculta";"Internet";25;0;0;"Incluída em 01/fev/2002.";NA;"BPN";"Internet";"Macro"
"4798";"BPN_TUR";11;772;"Inativa";"Bacen/BP (BPM5)";"Balanço de pagamentos";"Serviços e rendas - serviços - viagens internacionais - saldo (Antiga metod. - BPM5)";"Serviços e rendas - serviços - viagens internacionais - saldo (Antiga metodologia - BPM5)";"Não oculta";"Internet";25;0;0;"Incluída em 01/fev/2002.";NA;"BPN";"Internet";"Macro"
"4799";"BPN_TURDES";8;932;"Inativa";"Bacen/BP (BPM5)";"Balanço de pagamentos";"Serviços e rendas - serviços - viagens internacionais - despesas (Antiga metod. - BPM5)";"Serviços e rendas - serviços - viagens internacionais - despesas (Antiga metodologia - BPM5)";"Não oculta";"Internet";25;0;0;"Incluída em 01/fev/2002.";NA;"BPN";"Internet";"Macro"
"4800";"BPN_TURREC";6;1048;"Inativa";"Bacen/BP (BPM5)";"Balanço de pagamentos";"Serviços e rendas - serviços - viagens internacionais - receitas (Antiga metod. - BPM5)";"Serviços e rendas - serviços - viagens internacionais - receitas (Antiga metodologia - BPM5)";"Não oculta";"Internet";25;0;0;"Incluída em 01/fev/2002.";NA;"BPN";"Internet";"Macro"
"4801";"BPN_FINDER";14;680;"Inativa";"Bacen/BP (BPM5)";"Balanço de pagamentos";"Conta financeira - derivativos - saldo (Antiga metod. - BPM5)";"Conta financeira - derivativos - saldo (Antiga metodologia - BPM5)";"Não oculta";"Internet";25;0;0;"Incluída em 01/fev/2002.";NA;"BPN";"Internet";"Macro"
"4802";"BPN_FINDERREC";2;1445;"Inativa";"Bacen/BP (BPM5)";"Balanço de pagamentos";"Conta financeira - derivativos - ativos (Antiga metod. - BPM5)";"Conta financeira - derivativos - ativos (Antiga metodologia - BPM5)";"Não oculta";"Internet";25;0;0;"Incluída em 01/fev/2002.";NA;"BPN";"Internet";"Macro"
"4803";"BPN_STC";219;44;"Inativa";"Bacen/BP (BPM5)";"Balanço de pagamentos";"Transações correntes - saldo (Antiga metod. - BPM5)";"Transações correntes: saldo (Antiga metodologia - BPM5)";"Não oculta";"Internet";25;0;1;"Incluída em 01/fev/2002.";NA;"BPN";"Internet";"Macro"
"4804";"BPN_TUN";45;267;"Inativa";"Bacen/BP (BPM5)";"Balanço de pagamentos";"Transferências unilaterais correntes - saldo (Antiga metod. - BPM5)";"Transferências unilaterais correntes  - saldo (Antiga metodologia - BPM5)";"Não oculta";"Internet";25;0;1;"Incluída em 01/fev/2002.";NA;"BPN";"Internet";"Macro"
"4805";"BPN_TUNREC";5;1138;"Inativa";"Bacen/BP (BPM5)";"Balanço de pagamentos";"Transferências unilaterais correntes - receitas (Antiga metod. - BPM5)";"Transferências unilaterais correntes: receitas (Antiga metodologia - BPM5)";"Não oculta";"Internet";25;0;0;"Incluída em 01/fev/2002.";NA;"BPN";"Internet";"Macro"
"4806";"BPN_TUNDES";4;1216;"Inativa";"Bacen/BP (BPM5)";"Balanço de pagamentos";"Transferências unilaterais correntes - despesas (Antiga metod. - BPM5)";"Transferências unilaterais correntes: despesas (Antiga metodologia - BPM5)";"Não oculta";"Internet";25;0;0;"Incluída em 01/fev/2002.";NA;"BPN";"Internet";"Macro"
"4807";"BPN_SERRSALDES";2;1445;"Inativa";"Bacen/BP (BPM5)";"Balanço de pagamentos";"Serviços e rendas - rendas - salários e ordenados - despesas (Antiga metod. - BPM5)";"Serviços e rendas - rendas - salários e ordenados - despesas (Antiga metodologia - BPM5)";"Não oculta";"Internet";25;0;0;"Incluída em 01/fev/2002.";NA;"BPN";"Internet";"Macro"
"4808";"BPN_SBP";169;62;"Inativa";"Bacen/BP (BPM5)";"Balanço de pagamentos";"Resultado global do balanço de pagamentos (Antiga metod. - BPM5)";"Resultado global do balanço de pagamentos (Antiga metodologia - BPM5)";"Não oculta";"Internet";25;0;1;"Incluída em 01/fev/2002.";NA;"BPN";"Internet";"Macro"
"4809";"BPN_FINDERDES";2;1445;"Inativa";"Bacen/BP (BPM5)";"Balanço de pagamentos";"Conta financeira - derivativos - passivos (Antiga metod. - BPM5)";"Conta financeira - derivativos - passivos (Antiga metodologia - BPM5)";"Não oculta";"Internet";25;0;0;"Incluída em 01/fev/2002.";NA;"BPN";"Internet";"Macro"
"4810";"BPN_FINIDBPK";9;871;"Inativa";"Bacen/BP (BPM5)";"Balanço de pagamentos";"Conta financeira - invest. diretos - brasil. no ext. - partic. capital - saldo (Antiga metod. - BPM5";"Conta financeira - investimentos diretos - brasileiros no exterior - participação no capital - saldo (Antiga metodologia - BPM5)";"Não oculta";"Internet";25;0;0;"Incluída em 01/fev/2002.";NA;"BPN";"Internet";"Macro"
"4811";"BPN_FINIDBPKDES";6;1048;"Inativa";"Bacen/BP (BPM5)";"Balanço de pagamentos";"Conta financeira - invest. diretos - brasil. no ext. - partic. capital - saídas (Antiga metod. - BPM";"Conta financeira - investimentos diretos - brasileiros no exterior - participação no capital - saídas (Antiga metodologia - BPM5)";"Não oculta";"Internet";25;0;0;"Incluída em 01/fev/2002.";NA;"BPN";"Internet";"Macro"
"4812";"BPN_IEDL";9;871;"Inativa";"Bacen/BP (BPM5)";"Balanço de pagamentos";"Conta financeira - invest. diretos - estrang. no país - partic. capital - saldo (Antiga metod. - BPM";"Conta financeira - investimentos diretos - estrangeiros no país - participação no capital - saldo (Antiga metodologia - BPM5)";"Não oculta";"Internet";25;0;0;"Incluída em 01/fev/2002.";NA;"BPN";"Internet";"Macro"
"4813";"BPN_IEDREC";20;518;"Inativa";"Bacen/BP (BPM5)";"Balanço de pagamentos";"Conta financeira - invest. diretos - estrang. no país - partic. capital - ingressos (Antiga metod. -";"Conta financeira - investimentos diretos - estrangeiros no país - participação no capital - ingressos (Antiga metodologia - BPM5)";"Não oculta";"Internet";25;0;0;"Incluída em 01/fev/2002.";NA;"BPN";"Internet";"Macro"
"4814";"BPN_LUD";20;518;"Inativa";"Bacen/BP (BPM5)";"Balanço de pagamentos";"Serviços e rendas - rendas - lucros e dividendos - saldo (Antiga metod. - BPM5)";"Serviços e rendas - rendas - lucros e dividendos - saldo (Antiga metodologia - BPM5)";"Não oculta";"Internet";25;0;0;"Incluída em 01/fev/2002.";NA;"BPN";"Internet";"Macro"
"4815";"BPN12_AMPL12";1;1628;"Inativa";"Bacen/BP (BPM5)";"Balanço de pagamentos";"Usos e fontes - usos - amortizações - médio / longo prazos (Antiga metod. - BPM5)";"Usos e fontes: usos - amortizações de médio e longo prazos (Antiga metodologia - BPM5)";"Não oculta";"Internet";25;0;0;"Incluída em 01/fev/2002.";NA;"BPN12";"Internet";"Macro"
"4816";"BPN12_STKK12";45;294;"Inativa";"Bacen/BP (BPM5)";"Balanço de pagamentos";"Conta capital e financeira - conta capital (Antiga metod. - BPM5)";"Conta capital e financeira: conta capital (Antiga metodologia - BPM5)";"Não oculta";"Internet";25;0;0;"Incluída em 01/fev/2002.";NA;"BPN12";"Internet";"Macro"
"4817";"BPN12_STF12";38;345;"Inativa";"Bacen/BP (BPM5)";"Balanço de pagamentos";"Conta capital e financeira - conta financeira (Antiga metod. - BPM5)";"Conta capital e financeira: conta financeira (Antiga metodologia - BPM5)";"Não oculta";"Internet";25;0;0;"Incluída em 01/fev/2002.";NA;"BPN12";"Internet";"Macro"
"4818";"BPN12_SBP12";85;140;"Inativa";"Bacen/BP (BPM5)";"Balanço de pagamentos";"Resultado global do balanço de pagamentos (Antiga metod. - BPM5)";"Resultado global do balanço de pagamentos (Antiga metodologia - BPM5)";"Não oculta";"Internet";25;0;0;"Incluída em 01/fev/2002.";NA;"BPN12";"Internet";"Macro"
"4819";"BPN12_SERS12";19;621;"Inativa";"Bacen/BP (BPM5)";"Balanço de pagamentos";"Serviços e rendas - serviços - saldo (Antiga metod. - BPM5)";"Serviços e rendas - serviços - saldo (Antiga metodologia - BPM5)";"Não oculta";"Internet";25;0;0;"Incluída em 01/fev/2002.";NA;"BPN12";"Internet";"Macro"
"4820";"BPN12_SERSREC12";14;737;"Inativa";"Bacen/BP (BPM5)";"Balanço de pagamentos";"Serviços e rendas - serviços - receitas (Antiga metod. - BPM5)";"Serviços e rendas - serviços - receitas (Antiga metodologia - BPM5)";"Não oculta";"Internet";25;0;0;"Incluída em 01/fev/2002.";NA;"BPN12";"Internet";"Macro"
"4821";"BPN12_SERSDES12";13;769;"Inativa";"Bacen/BP (BPM5)";"Balanço de pagamentos";"Serviços e rendas - serviços - despesas (Antiga metod. - BPM5)";"Serviços e rendas - serviços - despesas (Antiga metodologia - BPM5)";"Não oculta";"Internet";25;0;0;"Incluída em 01/fev/2002.";NA;"BPN12";"Internet";"Macro"
"4822";"BPN12_SERR12";20;593;"Inativa";"Bacen/BP (BPM5)";"Balanço de pagamentos";"Serviços e rendas - rendas - saldo (Antiga metod. - BPM5)";"Serviços e rendas - rendas - saldo (Antiga metodologia - BPM5)";"Não oculta";"Internet";25;0;0;"Incluída em 01/fev/2002.";NA;"BPN12";"Internet";"Macro"
"4823";"BPN12_SERRREC12";7;1050;"Inativa";"Bacen/BP (BPM5)";"Balanço de pagamentos";"Serviços e rendas - rendas - receitas (Antiga metod. - BPM5)";"Serviços e rendas - rendas - receitas (Antiga metodologia - BPM5)";"Não oculta";"Internet";25;0;0;"Incluída em 01/fev/2002.";NA;"BPN12";"Internet";"Macro"
"4824";"BPN12_SERRDES12";13;769;"Inativa";"Bacen/BP (BPM5)";"Balanço de pagamentos";"Serviços e rendas - rendas - despesas (Antiga metod. - BPM5)";"Serviços e rendas - rendas - despesas (Antiga metodologia - BPM5)";"Não oculta";"Internet";25;0;0;"Incluída em 01/fev/2002.";NA;"BPN12";"Internet";"Macro"
"4825";"BPN12_SERSF12";2;1480;"Inativa";"Bacen/BP (BPM5)";"Balanço de pagamentos";"Serviços e rendas - serviços - serviços financeiros - saldo (Antiga metod. - BPM5)";"Serviços e rendas - serviços - serviços financeiros - saldo (Antiga metodologia - BPM5)";"Não oculta";"Internet";25;0;0;"Incluída em 01/fev/2002.";NA;"BPN12";"Internet";"Macro"
"4826";"BPN12_SERSFREC12";2;1480;"Inativa";"Bacen/BP (BPM5)";"Balanço de pagamentos";"Serviços e rendas - serviços - serviços financeiros - receitas (Antiga metod. - BPM5)";"Serviços e rendas - serviços - serviços financeiros - receitas (Antiga metodologia - BPM5)";"Não oculta";"Internet";25;0;0;"Incluída em 01/fev/2002.";NA;"BPN12";"Internet";"Macro"
"4827";"BPN12_SERSFDES12";2;1480;"Inativa";"Bacen/BP (BPM5)";"Balanço de pagamentos";"Serviços e rendas - serviços - serviços financeiros - despesas (Antiga metod. - BPM5)";"Serviços e rendas - serviços - serviços financeiros - despesas (Antiga metodologia - BPM5)";"Não oculta";"Internet";25;0;0;"Incluída em 01/fev/2002.";NA;"BPN12";"Internet";"Macro"
"4828";"BPN12_SERSC12";1;1628;"Inativa";"Bacen/BP (BPM5)";"Balanço de pagamentos";"Serviços e rendas - serviços - computação e informações - saldo (Antiga metod. - BPM5)";"Serviços e rendas - serviços - computação e informações - saldo (Antiga metodologia - BPM5)";"Não oculta";"Internet";25;0;0;"Incluída em 01/fev/2002.";NA;"BPN12";"Internet";"Macro"
"4829";"BPN12_SERSCREC12";3;1356;"Inativa";"Bacen/BP (BPM5)";"Balanço de pagamentos";"Serviços e rendas - serviços - computação e informações - receitas (Antiga metod. - BPM5)";"Serviços e rendas - serviços - computação e informações - receitas (Antiga metodologia - BPM5)";"Não oculta";"Internet";25;0;0;"Incluída em 01/fev/2002.";NA;"BPN12";"Internet";"Macro"
"4830";"BPN12_SERSCDES12";2;1480;"Inativa";"Bacen/BP (BPM5)";"Balanço de pagamentos";"Serviços e rendas - serviços - computação e informações - despesas (Antiga metod. - BPM5)";"Serviços e rendas - serviços - computação e informações - despesas (Antiga metodologia - BPM5)";"Não oculta";"Internet";25;0;0;"Incluída em 01/fev/2002.";NA;"BPN12";"Internet";"Macro"
"4831";"BPN12_SERSR12";2;1480;"Inativa";"Bacen/BP (BPM5)";"Balanço de pagamentos";"Serviços e rendas - serviços - royalties e licenças - saldo (Antiga metod. - BPM5)";"Serviços e rendas - serviços - royalties e licenças - saldo (Antiga metodologia - BPM5)";"Não oculta";"Internet";25;0;0;"Incluída em 01/fev/2002.";NA;"BPN12";"Internet";"Macro"
"4832";"BPN12_SERSRREC12";2;1480;"Inativa";"Bacen/BP (BPM5)";"Balanço de pagamentos";"Serviços e rendas - serviços - royalties e licenças - receitas (Antiga metod. - BPM5)";"Serviços e rendas - serviços - royalties e licenças - receitas (Antiga metodologia - BPM5)";"Não oculta";"Internet";25;0;0;"Incluída em 01/fev/2002.";NA;"BPN12";"Internet";"Macro"
"4833";"BPN12_SERSRDES12";2;1480;"Inativa";"Bacen/BP (BPM5)";"Balanço de pagamentos";"Serviços e rendas - serviços - royalties e licenças - despesas (Antiga metod. - BPM5)";"Serviços e rendas - serviços - royalties e licenças - despesas (Antiga metodologia - BPM5)";"Não oculta";"Internet";25;0;0;"Incluída em 01/fev/2002.";NA;"BPN12";"Internet";"Macro"
"4834";"BPN12_SERSALU12";1;1628;"Inativa";"Bacen/BP (BPM5)";"Balanço de pagamentos";"Serviços e rendas - serviços - aluguel de equipamentos - saldo (Antiga metod. - BPM5)";"Serviços e rendas - serviços - aluguel de equipamentos - saldo (Antiga metodologia - BPM5)";"Não oculta";"Internet";25;0;0;"Incluída em 01/fev/2002.";NA;"BPN12";"Internet";"Macro"
"4835";"BPN12_SERSALUREC12";6;1117;"Inativa";"Bacen/BP (BPM5)";"Balanço de pagamentos";"Serviços e rendas - serviços - aluguel de equipamentos - receitas (Antiga metod. - BPM5)";"Serviços e rendas - serviços - aluguel de equipamentos - receitas (Antiga metodologia - BPM5)";"Não oculta";"Internet";25;0;0;"Incluída em 01/fev/2002.";NA;"BPN12";"Internet";"Macro"
"4836";"BPN12_SERSALUDES12";2;1480;"Inativa";"Bacen/BP (BPM5)";"Balanço de pagamentos";"Serviços e rendas - serviços - aluguel de equipamentos - despesas (Antiga metod. - BPM5)";"Serviços e rendas - serviços - aluguel de equipamentos - despesas (Antiga metodologia - BPM5)";"Não oculta";"Internet";25;0;0;"Incluída em 01/fev/2002.";NA;"BPN12";"Internet";"Macro"
"4837";"BPN12_SERSOUT12";2;1480;"Inativa";"Bacen/BP (BPM5)";"Balanço de pagamentos";"Serviços e rendas - serviços - outros serviços - saldo (Antiga metod. - BPM5)";"Serviços e rendas - serviços - outros serviços - saldo (Antiga metodologia - BPM5)";"Não oculta";"Internet";25;0;0;"Incluída em 01/fev/2002.";NA;"BPN12";"Internet";"Macro"
"4838";"BPN12_SERSOUTREC12";1;1628;"Inativa";"Bacen/BP (BPM5)";"Balanço de pagamentos";"Serviços e rendas - serviços - outros serviços - receitas (Antiga metod. - BPM5)";"Serviços e rendas - serviços - outros serviços - receitas (Antiga metodologia - BPM5)";"Não oculta";"Internet";25;0;0;"Incluída em 01/fev/2002.";NA;"BPN12";"Internet";"Macro"
"4839";"BPN12_SERSOUTDES12";2;1480;"Inativa";"Bacen/BP (BPM5)";"Balanço de pagamentos";"Serviços e rendas - serviços - outros serviços - despesas (Antiga metod. - BPM5)";"Serviços e rendas - serviços - outros serviços - despesas (Antiga metodologia - BPM5)";"Não oculta";"Internet";25;0;0;"Incluída em 01/fev/2002.";NA;"BPN12";"Internet";"Macro"
"4840";"BPN12_SERRSAL12";10;894;"Inativa";"Bacen/BP (BPM5)";"Balanço de pagamentos";"Serviços e rendas - rendas - salários e ordenados - saldo (Antiga metod. - BPM5)";"Serviços e rendas - rendas - salários e ordenados - saldo (Antiga metodologia - BPM5)";"Não oculta";"Internet";25;0;0;"Incluída em 01/fev/2002.";NA;"BPN12";"Internet";"Macro"
"4841";"BPN12_SERRSALREC12";7;1050;"Inativa";"Bacen/BP (BPM5)";"Balanço de pagamentos";"Serviços e rendas - rendas - salários e ordenados - receitas (Antiga metod. - BPM5)";"Serviços e rendas - rendas - salários e ordenados - receitas (Antiga metodologia - BPM5)";"Não oculta";"Internet";25;0;0;"Incluída em 01/fev/2002.";NA;"BPN12";"Internet";"Macro"
"4842";"BPN12_SERRSALDES12";5;1176;"Inativa";"Bacen/BP (BPM5)";"Balanço de pagamentos";"Serviços e rendas - rendas - salários e ordenados - despesas (Antiga metod. - BPM5)";"Serviços e rendas - rendas - salários e ordenados - despesas (Antiga metodologia - BPM5)";"Não oculta";"Internet";25;0;0;"Incluída em 01/fev/2002.";NA;"BPN12";"Internet";"Macro"
"4843";"BPN12_SERRINV12";2;1480;"Inativa";"Bacen/BP (BPM5)";"Balanço de pagamentos";"Serviços e rendas - rendas - renda de investimentos - saldo (Antiga metod. - BPM5)";"Serviços e rendas - rendas - renda de investimentos - saldo (Antiga metodologia - BPM5)";"Não oculta";"Internet";25;0;0;"Incluída em 01/fev/2002.";NA;"BPN12";"Internet";"Macro"
"4844";"BPN12_SERRINVREC12";4;1262;"Inativa";"Bacen/BP (BPM5)";"Balanço de pagamentos";"Serviços e rendas - rendas - renda de investimentos - receitas (Antiga metod. - BPM5)";"Serviços e rendas - rendas - renda de investimentos - receitas (Antiga metodologia - BPM5)";"Não oculta";"Internet";25;0;0;"Incluída em 01/fev/2002.";NA;"BPN12";"Internet";"Macro"
"4845";"BPN12_SERRINVDES12";3;1356;"Inativa";"Bacen/BP (BPM5)";"Balanço de pagamentos";"Serviços e rendas - rendas - renda de investimentos - despesas (Antiga metod. - BPM5)";"Serviços e rendas - rendas - renda de investimentos - despesas (Antiga metodologia - BPM5)";"Não oculta";"Internet";25;0;0;"Incluída em 01/fev/2002.";NA;"BPN12";"Internet";"Macro"
"4846";"BPN12_SERRID12";3;1356;"Inativa";"Bacen/BP (BPM5)";"Balanço de pagamentos";"Serviços e rendas - rendas - renda de investimentos diretos - saldo (Antiga metod. - BPM5)";"Serviços e rendas - rendas - renda de investimentos diretos - saldo (Antiga metodologia - BPM5)";"Não oculta";"Internet";25;0;0;"Incluída em 01/fev/2002.";NA;"BPN12";"Internet";"Macro"
"4847";"BPN12_SERRIDREC12";4;1262;"Inativa";"Bacen/BP (BPM5)";"Balanço de pagamentos";"Serviços e rendas - rendas - renda de investimentos diretos - receitas (Antiga metod. - BPM5)";"Serviços e rendas - rendas - renda de investimentos diretos - receitas (Antiga metodologia - BPM5)";"Não oculta";"Internet";25;0;0;"Incluída em 01/fev/2002.";NA;"BPN12";"Internet";"Macro"
"4848";"BPN12_SERRIDDES12";2;1480;"Inativa";"Bacen/BP (BPM5)";"Balanço de pagamentos";"Serviços e rendas - rendas - renda de investimentos diretos - despesas (Antiga metod. - BPM5)";"Serviços e rendas - rendas - renda de investimentos diretos - despesas (Antiga metodologia - BPM5)";"Não oculta";"Internet";25;0;0;"Incluída em 01/fev/2002.";NA;"BPN12";"Internet";"Macro"
"4849";"BPN12_SERRIC12";2;1480;"Inativa";"Bacen/BP (BPM5)";"Balanço de pagamentos";"Serviços e rendas - rendas - renda de investimentos em carteira - saldo (Antiga metod. - BPM5)";"Serviços e rendas - rendas - renda de investimentos em carteira - saldo (Antiga metodologia - BPM5)";"Não oculta";"Internet";25;0;0;"Incluída em 01/fev/2002.";NA;"BPN12";"Internet";"Macro"
"4850";"BPN12_SERRICREC12";1;1628;"Inativa";"Bacen/BP (BPM5)";"Balanço de pagamentos";"Serviços e rendas - rendas - renda de investimentos em carteira - receitas (Antiga metod. - BPM5)";"Serviços e rendas - rendas - renda de investimentos em carteira - receitas (Antiga metodologia - BPM5)";"Não oculta";"Internet";25;0;0;"Incluída em 01/fev/2002.";NA;"BPN12";"Internet";"Macro"
"4851";"BPN12_SERRICDES12";1;1628;"Inativa";"Bacen/BP (BPM5)";"Balanço de pagamentos";"Serviços e rendas - rendas - renda de investimentos em carteira - despesas (Antiga metod. - BPM5)";"Serviços e rendas - rendas - renda de investimentos em carteira - despesas (Antiga metodologia - BPM5)";"Não oculta";"Internet";25;0;0;"Incluída em 01/fev/2002.";NA;"BPN12";"Internet";"Macro"
"4852";"BPN12_SERRIOUT12";19;621;"Inativa";"Bacen/BP (BPM5)";"Balanço de pagamentos";"Serviços e rendas - rendas - renda de outros investimentos - saldo (Antiga metod. - BPM5)";"Serviços e rendas - rendas - renda de outros investimentos - saldo (Antiga metodologia - BPM5)";"Não oculta";"Internet";25;0;0;"Incluída em 01/fev/2002.";NA;"BPN12";"Internet";"Macro"
"4853";"BPN12_SERRIOUTREC12";2;1480;"Inativa";"Bacen/BP (BPM5)";"Balanço de pagamentos";"Serviços e rendas - rendas - renda de outros investimentos - receitas (Antiga metod. - BPM5)";"Serviços e rendas - rendas - renda de outros investimentos - receitas (Antiga metodologia - BPM5)";"Não oculta";"Internet";25;0;0;"Incluída em 01/fev/2002.";NA;"BPN12";"Internet";"Macro"
"4854";"BPN12_SERRIOUTDES12";2;1480;"Inativa";"Bacen/BP (BPM5)";"Balanço de pagamentos";"Serviços e rendas - rendas - renda de outros investimentos - despesas (Antiga metod. - BPM5)";"Serviços e rendas - rendas - renda de outros investimentos - despesas (Antiga metodologia - BPM5)";"Não oculta";"Internet";25;0;0;"Incluída em 01/fev/2002.";NA;"BPN12";"Internet";"Macro"
"4855";"BPN12_FINIDE12";106;103;"Inativa";"Bacen/BP (BPM5)";"Balanço de pagamentos";"Conta financeira - invest. diretos - estrang. no país - saldo (Antiga metod. - BPM5)";"Conta financeira - investimentos diretos - estrangeiros no país - saldo (Antiga metodologia - BPM5)";"Não oculta";"Internet";25;0;0;"Incluída em 01/fev/2002.";NA;"BPN12";"Internet";"Macro"
"4856";"BPN12_FINIDEREC12";17;667;"Inativa";"Bacen/BP (BPM5)";"Balanço de pagamentos";"Conta financeira - invest. diretos - estrang. no país - ingressos (Antiga metod. - BPM5)";"Conta financeira - investimentos diretos - estrangeiros no país - ingressos (Antiga metodologia - BPM5)";"Não oculta";"Internet";25;0;0;"Incluída em 01/fev/2002.";NA;"BPN12";"Internet";"Macro"
"4857";"BPN12_FINIDEDES12";8;996;"Inativa";"Bacen/BP (BPM5)";"Balanço de pagamentos";"Conta financeira - invest. diretos - estrang. no país - saídas (Antiga metod. - BPM5)";"Conta financeira - investimentos diretos - estrangeiros no país - saídas (Antiga metodologia - BPM5)";"Não oculta";"Internet";25;0;0;"Incluída em 01/fev/2002.";NA;"BPN12";"Internet";"Macro"
"4858";"BPN12_FINIDEE12";10;894;"Inativa";"Bacen/BP (BPM5)";"Balanço de pagamentos";"Conta financeira - invest. diretos - estrang. no país - emprést. Intercom. (Antiga metod. - BPM5)";"Conta financeira - investimentos diretos - estrangeiros no país - empréstimos intercompanhias (Antiga metodologia - BPM5)";"Não oculta";"Internet";25;0;0;"Incluída em 01/fev/2002.";NA;"BPN12";"Internet";"Macro"
"4859";"BPN12_FINIDEEREC12";2;1480;"Inativa";"Bacen/BP (BPM5)";"Balanço de pagamentos";"Conta financeira - invest. diretos - estrang. no país - emprést. intercom. - desemb. (Antiga metod.";"Conta financeira - investimentos diretos - estrangeiros no país - empréstimos intercompanhias - desembolsos (Antiga metodologia - BPM5)";"Não oculta";"Internet";25;0;0;"Incluída em 01/fev/2002.";NA;"BPN12";"Internet";"Macro"
"4860";"BPN12_FINIDEEDES12";4;1262;"Inativa";"Bacen/BP (BPM5)";"Balanço de pagamentos";"Conta financeira - invest. diretos - estrang. no país - emprést. intercom. - amort. (Antiga metod. -";"Conta financeira - investimentos diretos - estrangeiros no país - empréstimos intercompanhias - amortizações (Antiga metodologia - BPM5)";"Não oculta";"Internet";25;0;0;"Incluída em 01/fev/2002.";NA;"BPN12";"Internet";"Macro"
"4861";"BPN12_FINIDEC12";20;593;"Inativa";"Bacen/BP (BPM5)";"Balanço de pagamentos";"Conta financeira - invest. estrang. carteira - saldo (Antiga metod. - BPM5)";"Conta financeira - investimentos estrangeiros em carteira - saldo (Antiga metodologia - BPM5)";"Não oculta";"Internet";25;0;0;"Incluída em 01/fev/2002.";NA;"BPN12";"Internet";"Macro"
"4862";"BPN12_FINIDECREC12";7;1050;"Inativa";"Bacen/BP (BPM5)";"Balanço de pagamentos";"Conta financeira - invest. estrang. carteira - receitas (Antiga metod. - BPM5)";"Conta financeira - investimentos estrangeiros em carteira - receitas (Antiga metodologia - BPM5)";"Não oculta";"Internet";25;0;0;"Incluída em 01/fev/2002.";NA;"BPN12";"Internet";"Macro"
"4863";"BPN12_FINIDECDES12";8;996;"Inativa";"Bacen/BP (BPM5)";"Balanço de pagamentos";"Conta financeira - invest. estrang. carteira - despesas (Antiga metod. - BPM5)";"Conta financeira - investimentos estrangeiros em carteira - despesas (Antiga metodologia - BPM5)";"Não oculta";"Internet";25;0;0;"Incluída em 01/fev/2002.";NA;"BPN12";"Internet";"Macro"
"4864";"BPN12_FINIDB12";19;621;"Inativa";"Bacen/BP (BPM5)";"Balanço de pagamentos";"Conta financeira - invest. diretos - brasil. no exterior - saldo (Antiga metod. - BPM5)";"Conta financeira - investimentos diretos - brasileiros no exterior - saldo (Antiga metodologia - BPM5)";"Não oculta";"Internet";25;0;0;"Incluída em 01/fev/2002.";NA;"BPN12";"Internet";"Macro"
"4865";"BPN12_FINIDBREC12";5;1176;"Inativa";"Bacen/BP (BPM5)";"Balanço de pagamentos";"Conta financeira - invest. diretos - brasil. no ext. - retornos (Antiga metod. - BPM5)";"Conta financeira - investimentos diretos - brasileiros no exterior - retornos (Antiga metodologia - BPM5)";"Não oculta";"Internet";25;0;0;"Incluída em 01/fev/2002.";NA;"BPN12";"Internet";"Macro"
"4866";"BPN12_FINIDBDES12";10;894;"Inativa";"Bacen/BP (BPM5)";"Balanço de pagamentos";"Conta financeira - invest. diretos - brasil. no ext. - saídas (Antiga metod. - BPM5)";"Conta financeira - investimentos diretos - brasileiros no exterior - saídas (Antiga metodologia - BPM5)";"Não oculta";"Internet";25;0;0;"Incluída em 01/fev/2002.";NA;"BPN12";"Internet";"Macro"
"4867";"BPN12_FINIDBE12";10;894;"Inativa";"Bacen/BP (BPM5)";"Balanço de pagamentos";"Conta financeira - invest. diretos - brasil. no ext. - emprést. Intercom. - saldo (Antiga metod. - B";"Conta financeira - investimentos diretos - brasileiros no exterior - empréstimos intercompanhias - saldo (Antiga metodologia - BPM5)";"Não oculta";"Internet";25;0;0;"Incluída em 01/fev/2002.";NA;"BPN12";"Internet";"Macro"
"4868";"BPN12_FINIDBEREC12";7;1050;"Inativa";"Bacen/BP (BPM5)";"Balanço de pagamentos";"Conta financeira - invest. diretos - brasil. no ext. - emprést. intercom. - amort. (Antiga metod. -";"Conta financeira - investimentos diretos - brasileiros no exterior - empréstimos intercompanhias - amortizações (Antiga metodologia - BPM5)";"Não oculta";"Internet";25;0;0;"Incluída em 01/fev/2002.";NA;"BPN12";"Internet";"Macro"
"4869";"BPN12_FINIDBEDES12";4;1262;"Inativa";"Bacen/BP (BPM5)";"Balanço de pagamentos";"Conta financeira - invest. diretos - brasil. no ext. - emprést. intercom. - desemb. (Antiga metod. -";"Conta financeira - investimentos diretos - brasileiros no exterior - empréstimos intercompanhias - desembolsos (Antiga metodologia - BPM5)";"Não oculta";"Internet";25;0;0;"Incluída em 01/fev/2002.";NA;"BPN12";"Internet";"Macro"
"4870";"BPN12_FINIDBPK12";9;946;"Inativa";"Bacen/BP (BPM5)";"Balanço de pagamentos";"Conta financeira - invest. diretos - brasil. no ext. - partic. capital - saldo (Antiga metod. - BPM5";"Conta financeira - investimentos diretos - brasileiros no exterior - participação no capital - saldo (Antiga metodologia - BPM5)";"Não oculta";"Internet";25;0;0;"Incluída em 01/fev/2002.";NA;"BPN12";"Internet";"Macro"
"4871";"BPN12_FINIDBPKREC12";5;1176;"Inativa";"Bacen/BP (BPM5)";"Balanço de pagamentos";"Conta financeira - invest. diretos - brasil. no ext. - partic. capital - retornos (Antiga metod. - B";"Conta financeira - investimentos diretos - brasileiros no exterior - participação no capital - retornos (Antiga metodologia - BPM5)";"Não oculta";"Internet";25;0;0;"Incluída em 01/fev/2002.";NA;"BPN12";"Internet";"Macro"
"4872";"BPN12_FINIDBPKDES12";5;1176;"Inativa";"Bacen/BP (BPM5)";"Balanço de pagamentos";"Conta financeira - invest. diretos - brasil. no ext. - partic. capital - saídas (Antiga metod. - BPM";"Conta financeira - investimentos diretos - brasileiros no exterior - participação no capital - saídas (Antiga metodologia - BPM5)";"Não oculta";"Internet";25;0;0;"Incluída em 01/fev/2002.";NA;"BPN12";"Internet";"Macro"
"4873";"BPN12_FINIDBC12";33;388;"Inativa";"Bacen/BP (BPM5)";"Balanço de pagamentos";"Conta financeira - invest. brasil. carteira - saldo (Antiga metod. - BPM5)";"Conta financeira - investimentos brasileiros em carteira - saldo (Antiga metodologia - BPM5)";"Não oculta";"Internet";25;0;0;"Incluída em 01/fev/2002.";NA;"BPN12";"Internet";"Macro"
"4874";"BPN12_FINIDBCREC12";14;737;"Inativa";"Bacen/BP (BPM5)";"Balanço de pagamentos";"Conta financeira - invest. brasil. carteira - receitas (Antiga metod. - BPM5)";"Conta financeira - investimentos brasileiros em carteira - receitas (Antiga metodologia - BPM5)";"Não oculta";"Internet";25;0;0;"Incluída em 01/fev/2002.";NA;"BPN12";"Internet";"Macro"
"4875";"BPN12_FINIDBCDES12";8;996;"Inativa";"Bacen/BP (BPM5)";"Balanço de pagamentos";"Conta financeira - invest. brasil. carteira - despesas (Antiga metod. - BPM5)";"Conta financeira - investimentos brasileiros em carteira - despesas (Antiga metodologia - BPM5)";"Não oculta";"Internet";25;0;0;"Incluída em 01/fev/2002.";NA;"BPN12";"Internet";"Macro"
"4876";"BPN12_FONINV12";3;1356;"Inativa";"Bacen/BP (BPM5)";"Balanço de pagamentos";"Usos e fontes - fontes - investimento - ações e papéis domésticos - longo prazo (Antiga metod. - BPM";"Usos e fontes: fontes - investimento - ações e papéis domésticos de longo prazo (Antiga metodologia - BPM5)";"Não oculta";"Internet";25;0;0;"Incluída em 01/fev/2002.";NA;"BPN12";"Internet";"Macro"
"4877";"BPN12_FONDLP12";2;1480;"Inativa";"Bacen/BP (BPM5)";"Balanço de pagamentos";"Usos e fontes - fontes - desembolsos - médio / longo prazos (Antiga metod. - BPM5)";"Usos e fontes: fontes - desembolsos de médio e longo prazos (Antiga metodologia - BPM5)";"Não oculta";"Internet";25;0;0;"Incluída em 01/fev/2002.";NA;"BPN12";"Internet";"Macro"
"4878";"BPN12_FONATB12";2;1480;"Inativa";"Bacen/BP (BPM5)";"Balanço de pagamentos";"Usos e fontes - fontes - ativos brasileiros no exterior (Antiga metod. - BPM5)";"Usos e fontes: fontes - ativos brasileiros no exterior (Antiga metodologia - BPM5)";"Não oculta";"Internet";25;0;0;"Incluída em 01/fev/2002.";NA;"BPN12";"Internet";"Macro"
"4879";"BPN12_FONOUT12";1;1628;"Inativa";"Bacen/BP (BPM5)";"Balanço de pagamentos";"Usos e fontes - fontes - curto prazo e demais (Antiga metod. - BPM5)";"Usos e fontes: fontes - curto prazo e demais (Antiga metodologia - BPM5)";"Não oculta";"Internet";25;0;0;"Incluída em 01/fev/2002.";NA;"BPN12";"Internet";"Macro"
"4880";"BPN12_STCPIB12";35;375;"Inativa";"Bacen/Not. Imp./Set. Ext.";"Balanço de pagamentos";"Transações correntes - últimos 12 meses (Antiga metod. - BPM5)";"Transações correntes: últimos 12 meses (Antiga metodologia - BPM5)";"Não oculta";"Internet";25;0;0;"Incluída em 01/fev/2002.";NA;"BPN12";"Internet";"Macro"
"4881";"BPN12_EROM12";62;200;"Inativa";"Bacen/BP (BPM5)";"Balanço de pagamentos";"Balanço de pagamentos - erros e omissões (Antiga metod. - BPM5)";"Balanço de pagamentos: erros e omissões (Antiga metodologia - BPM5)";"Não oculta";"Internet";25;0;0;"Incluída em 01/fev/2002.";NA;"BPN12";"Internet";"Macro"
"4882";"BPN12_GOV12";1;1628;"Inativa";"Bacen/BP (BPM5)";"Balanço de pagamentos";"Serviços e rendas - serviços - serviços governamentais - saldo (Antiga metod. - BPM5)";"Serviços e rendas - serviços - serviços governamentais - saldo (Antiga metodologia - BPM5)";"Não oculta";"Internet";25;0;0;"Incluída em 01/fev/2002.";NA;"BPN12";"Internet";"Macro"
"4883";"BPN12_GOVDES12";3;1356;"Inativa";"Bacen/BP (BPM5)";"Balanço de pagamentos";"Serviços e rendas - serviços - serviços governamentais - despesas (Antiga metod. - BPM5)";"Serviços e rendas - serviços - serviços governamentais - despesas (Antiga metodologia - BPM5)";"Não oculta";"Internet";25;0;0;"Incluída em 01/fev/2002.";NA;"BPN12";"Internet";"Macro"
"4884";"BPN12_GOVREC12";2;1480;"Inativa";"Bacen/BP (BPM5)";"Balanço de pagamentos";"Serviços e rendas - serviços - serviços governamentais - receitas (Antiga metod. - BPM5)";"Serviços e rendas - serviços - serviços governamentais - receitas (Antiga metodologia - BPM5)";"Não oculta";"Internet";25;0;0;"Incluída em 01/fev/2002.";NA;"BPN12";"Internet";"Macro"
"4885";"BPN12_HACP12";9;946;"Inativa";"Bacen/BP (BPM5)";"Balanço de pagamentos";"Usos e fontes - fontes - ativos de reservas (Antiga metod. - BPM5)";"Usos e fontes: fontes - ativos de reservas (Antiga metodologia - BPM5)";"Não oculta";"Internet";25;0;0;"Incluída em 01/fev/2002.";NA;"BPN12";"Internet";"Macro"
"4886";"BPN12_IEDDES12";5;1176;"Inativa";"Bacen/BP (BPM5)";"Balanço de pagamentos";"Conta financeira - invest. diretos - estrang. no país - partic. capital - saídas (Antiga metod. - BP";"Conta financeira - investimentos diretos - estrangeiros no país - participação no capital - saídas (Antiga metodologia - BPM5)";"Não oculta";"Internet";25;0;0;"Incluída em 01/fev/2002.";NA;"BPN12";"Internet";"Macro"
"4887";"BPN12_IEDL12";15;714;"Inativa";"Bacen/BP (BPM5)";"Balanço de pagamentos";"Conta financeira - invest. diretos - estrang. no país - partic. capital - saldo (Antiga metod. - BPM";"Conta financeira - investimentos diretos - estrangeiros no país - participação no capital - saldo (Antiga metodologia - BPM5)";"Não oculta";"Internet";25;0;0;"Incluída em 01/fev/2002.";NA;"BPN12";"Internet";"Macro"
"4888";"BPN12_IEDREC12";10;894;"Inativa";"Bacen/BP (BPM5)";"Balanço de pagamentos";"Conta financeira - invest. diretos - estrang. no país - partic. capital - ingressos (Antiga metod. -";"Conta financeira - investimentos diretos - estrangeiros no país - participação no capital - ingressos (Antiga metodologia - BPM5)";"Não oculta";"Internet";25;0;0;"Incluída em 01/fev/2002.";NA;"BPN12";"Internet";"Macro"
"4889";"BPN12_JUR12";21;569;"Inativa";"Bacen/BP (BPM5)";"Balanço de pagamentos";"Serviços e rendas - rendas - juros - saldo (Antiga metod. - BPM5)";"Serviços e rendas - rendas - juros - saldo (Antiga metodologia - BPM5)";"Não oculta";"Internet";25;0;0;"Incluída em 01/fev/2002.";"Geradora";"BPN12";"Internet";"Macro"
"4890";"BPN12_JURDES12";19;621;"Inativa";"Bacen/BP (BPM5)";"Balanço de pagamentos";"Serviços e rendas - rendas - juros - despesas (Antiga metod. - BPM5)";"Serviços e rendas - rendas - juros - despesas (Antiga metodologia - BPM5)";"Não oculta";"Internet";25;0;0;"Incluída em 01/fev/2002.";NA;"BPN12";"Internet";"Macro"
"4891";"BPN12_JURREC12";6;1117;"Inativa";"Bacen/BP (BPM5)";"Balanço de pagamentos";"Serviços e rendas - rendas - juros - receitas (Antiga metod. - BPM5)";"Serviços e rendas - rendas - juros - receitas (Antiga metodologia - BPM5)";"Não oculta";"Internet";25;0;0;"Incluída em 01/fev/2002.";NA;"BPN12";"Internet";"Macro"
"4892";"BPN12_LUD12";21;569;"Inativa";"Bacen/BP (BPM5)";"Balanço de pagamentos";"Serviços e rendas - rendas - lucros e dividendos - saldo (Antiga metod. - BPM5)";"Serviços e rendas - rendas - lucros e dividendos - saldo (Antiga metodologia - BPM5)";"Não oculta";"Internet";25;0;0;"Incluída em 01/fev/2002.";NA;"BPN12";"Internet";"Macro"
"4893";"BPN12_LUDDES12";3;1356;"Inativa";"Bacen/BP (BPM5)";"Balanço de pagamentos";"Serviços e rendas - rendas - lucros e dividendos - despesas (Antiga metod. - BPM5)";"Serviços e rendas - rendas - lucros e dividendos - despesas (Antiga metodologia - BPM5)";"Não oculta";"Internet";25;0;0;"Incluída em 01/fev/2002.";NA;"BPN12";"Internet";"Macro"
"4894";"BPN12_LUDREC12";2;1480;"Inativa";"Bacen/BP (BPM5)";"Balanço de pagamentos";"Serviços e rendas - rendas - lucros e dividendos - receitas (Antiga metod. - BPM5)";"Serviços e rendas - rendas - lucros e dividendos - receitas (Antiga metodologia - BPM5)";"Não oculta";"Internet";25;0;0;"Incluída em 01/fev/2002.";NA;"BPN12";"Internet";"Macro"
"4895";"BPN12_MCI12";122;90;"Inativa";"Bacen/BP (BPM5)";"Balanço de pagamentos";"Conta financeira - investimentos diretos - saldo (Antiga metod. - BPM5)";"Conta financeira - investimentos diretos - saldo (Antiga metodologia - BPM5)";"Não oculta";"Internet";25;0;0;"Incluída em 01/fev/2002.";NA;"BPN12";"Internet";"Macro"
"4896";"BPN12_OT12";7;1050;"Inativa";"Bacen/BP (BPM5)";"Balanço de pagamentos";"Serviços e rendas - exceto juros (Antiga metod. - BPM5)";"Serviços e rendas - exceto juros (Antiga metodologia - BPM5)";"Não oculta";"Internet";25;0;0;"Incluída em 01/fev/2002.";"Gerada";"BPN12";"Internet";"Macro"
"4897";"BPN12_SEG12";6;1117;"Inativa";"Bacen/BP (BPM5)";"Balanço de pagamentos";"Serviços e rendas - serviços - seguros - saldo (Antiga metod. - BPM5)";"Serviços e rendas - serviços - seguros - saldo (Antiga metodologia - BPM5)";"Não oculta";"Internet";25;0;0;"Incluída em 01/fev/2002.";NA;"BPN12";"Internet";"Macro"
"4898";"BPN12_SEGDES12";3;1356;"Inativa";"Bacen/BP (BPM5)";"Balanço de pagamentos";"Serviços e rendas - serviços - seguros - despesas (Antiga metod. - BPM5)";"Serviços e rendas - serviços - seguros - despesas (Antiga metodologia - BPM5)";"Não oculta";"Internet";25;0;0;"Incluída em 01/fev/2002.";NA;"BPN12";"Internet";"Macro"
"4899";"BPN12_SEGREC12";4;1262;"Inativa";"Bacen/BP (BPM5)";"Balanço de pagamentos";"Serviços e rendas - serviços - seguros - receitas (Antiga metod. - BPM5)";"Serviços e rendas - serviços - seguros - receitas (Antiga metodologia - BPM5)";"Não oculta";"Internet";25;0;0;"Incluída em 01/fev/2002.";NA;"BPN12";"Internet";"Macro"
"4900";"BPN12_SER12";39;338;"Inativa";"Bacen/BP (BPM5)";"Balanço de pagamentos";"Serviços e rendas - saldo (Antiga metod. - BPM5)";"Serviços e rendas - saldo (Antiga metodologia - BPM5)";"Não oculta";"Internet";25;0;0;"Incluída em 01/fev/2002.";"Geradora";"BPN12";"Internet";"Macro"
"4901";"BPN12_SERDES12";28;441;"Inativa";"Bacen/BP (BPM5)";"Balanço de pagamentos";"Serviços e rendas - despesas (Antiga metod. - BPM5)";"Serviços e rendas - despesas (Antiga metodologia - BPM5)";"Não oculta";"Internet";25;0;0;"Incluída em 01/fev/2002.";NA;"BPN12";"Internet";"Macro"
"4902";"BPN12_SERREC12";13;769;"Inativa";"Bacen/BP (BPM5)";"Balanço de pagamentos";"Serviços e rendas - receitas (Antiga metod. - BPM5)";"Serviços e rendas - receitas (Antiga metodologia - BPM5)";"Não oculta";"Internet";25;0;0;"Incluída em 01/fev/2002.";NA;"BPN12";"Internet";"Macro"
"4903";"BPN12_STK12";34;381;"Inativa";"Bacen/BP (BPM5)";"Balanço de pagamentos";"Conta capital e financeira - saldo (Antiga metod. - BPM5)";"Conta capital e financeira: saldo (Antiga metodologia - BPM5)";"Não oculta";"Internet";25;0;0;"Incluída em 01/fev/2002.";NA;"BPN12";"Internet";"Macro"
"4904";"BPN12_TRP12";4;1262;"Inativa";"Bacen/BP (BPM5)";"Balanço de pagamentos";"Serviços e rendas - serviços - transportes - saldo (Antiga metod. - BPM5)";"Serviços e rendas - serviços - transportes - saldo (Antiga metodologia - BPM5)";"Não oculta";"Internet";25;0;0;"Incluída em 01/fev/2002.";NA;"BPN12";"Internet";"Macro"
"4905";"BPN12_TRPDES12";3;1356;"Inativa";"Bacen/BP (BPM5)";"Balanço de pagamentos";"Serviços e rendas - serviços - transportes - despesas (Antiga metod. - BPM5)";"Serviços e rendas - serviços - transportes - despesas (Antiga metodologia - BPM5)";"Não oculta";"Internet";25;0;0;"Incluída em 01/fev/2002.";NA;"BPN12";"Internet";"Macro"
"4906";"BPN12_TRPREC12";6;1117;"Inativa";"Bacen/BP (BPM5)";"Balanço de pagamentos";"Serviços e rendas - serviços - transportes - receitas (Antiga metod. - BPM5)";"Serviços e rendas - serviços - transportes - receitas (Antiga metodologia - BPM5)";"Não oculta";"Internet";25;0;0;"Incluída em 01/fev/2002.";NA;"BPN12";"Internet";"Macro"
"4907";"BPN12_TUR12";7;1050;"Inativa";"Bacen/BP (BPM5)";"Balanço de pagamentos";"Serviços e rendas - serviços - viagens internacionais - saldo (Antiga metod. - BPM5)";"Serviços e rendas - serviços - viagens internacionais - saldo (Antiga metodologia - BPM5)";"Não oculta";"Internet";25;0;0;"Incluída em 01/fev/2002.";NA;"BPN12";"Internet";"Macro"
"4908";"BPN12_TURDES12";4;1262;"Inativa";"Bacen/BP (BPM5)";"Balanço de pagamentos";"Serviços e rendas - serviços - viagens internacionais - despesas (Antiga metod. - BPM5)";"Serviços e rendas - serviços - viagens internacionais - despesas (Antiga metodologia - BPM5)";"Não oculta";"Internet";25;0;0;"Incluída em 01/fev/2002.";NA;"BPN12";"Internet";"Macro"
"4909";"BPN12_TURREC12";5;1176;"Inativa";"Bacen/BP (BPM5)";"Balanço de pagamentos";"Serviços e rendas - serviços - viagens internacionais - receitas (Antiga metod. - BPM5)";"Serviços e rendas - serviços - viagens internacionais - receitas (Antiga metodologia - BPM5)";"Não oculta";"Internet";25;0;0;"Incluída em 01/fev/2002.";NA;"BPN12";"Internet";"Macro"
"4910";"BPN12_FINDER12";18;647;"Inativa";"Bacen/BP (BPM5)";"Balanço de pagamentos";"Conta financeira - derivativos - saldo (Antiga metod. - BPM5)";"Conta financeira - derivativos - saldo (Antiga metodologia - BPM5)";"Não oculta";"Internet";25;0;0;"Incluída em 01/fev/2002.";NA;"BPN12";"Internet";"Macro"
"4911";"BPN12_FINDERREC12";4;1262;"Inativa";"Bacen/BP (BPM5)";"Balanço de pagamentos";"Conta financeira - derivativos - ativos (Antiga metod. - BPM5)";"Conta financeira - derivativos - ativos (Antiga metodologia - BPM5)";"Não oculta";"Internet";25;0;0;"Incluída em 01/fev/2002.";NA;"BPN12";"Internet";"Macro"
"4912";"BPN12_FINDERDES12";5;1176;"Inativa";"Bacen/BP (BPM5)";"Balanço de pagamentos";"Conta financeira - derivativos - passivos (Antiga metod. - BPM5)";"Conta financeira - derivativos - passivos (Antiga metodologia - BPM5)";"Não oculta";"Internet";25;0;0;"Incluída em 01/fev/2002.";NA;"BPN12";"Internet";"Macro"
"4913";"BPN12_EMBN12";4;1262;"Inativa";"Bacen/BP (BPM5)";"Balanço de pagamentos";"Captação recursos externos - emprést. moeda - bônus e notes (Antiga metod. - BPM5)";"Captação de recursos externos: emprést. moeda - bônus e notes (Antiga metodologia - BPM5)";"Não oculta";"Internet";15;0;0;"Incluída em 01/fev/2002.";NA;"BPN12";"Internet";"Macro"
"4914";"BPN12_EMCP12";3;1356;"Inativa";"Bacen/BP (BPM5)";"Balanço de pagamentos";"Captação recursos externos - emprést. moeda - commercial paper (Antiga metod. - BPM5)";"Captação de recursos externos: emprést. moeda - commercial paper (Antiga metodologia - BPM5)";"Não oculta";"Internet";15;0;0;"Incluída em 01/fev/2002.";NA;"BPN12";"Internet";"Macro"
"4915";"BPN12_EMFNIM12";11;856;"Inativa";"Bacen/BP (BPM5)";"Balanço de pagamentos";"Captação recursos externos - emprést. moeda - Res. nº 2.170 - financ. Imob. (Antiga metod. - BPM5)";"Captação de recursos externos: emprést. moeda - Resolução nº 2.170 - financiamento imobiliário (Antiga metodologia - BPM5)";"Não oculta";"Internet";15;0;0;"Incluída em 01/fev/2002.";NA;"BPN12";"Internet";"Macro"
"4916";"BPN12_EMFNRU12";1;1628;"Inativa";"Bacen/BP (BPM5)";"Balanço de pagamentos";"Captação recursos externos - emprést. moeda - Res. nº 2.483 - financ. rural (Antiga metod. - BPM5)";"Captação de recursos externos: emprést. moeda - Resolução nº 2.483 - financiamento rural (Antiga metodologia - BPM5)";"Não oculta";"Internet";15;0;0;"Incluída em 01/fev/2002.";NA;"BPN12";"Internet";"Macro"
"4917";"BPN12_EMFR1012";3;1356;"Inativa";"Bacen/BP (BPM5)";"Balanço de pagamentos";"Captação recursos externos - emprést. moeda - Comunicado Firce nº 10 (Antiga metod. - BPM5)";"Captação de recursos externos: emprést. moeda - Comunicado Firce nº 10 (Antiga metodologia - BPM5)";"Não oculta";"Internet";15;0;0;"Incluída em 01/fev/2002.";NA;"BPN12";"Internet";"Macro"
"4918";"BPN12_EMRE6312";3;1356;"Inativa";"Bacen/BP (BPM5)";"Balanço de pagamentos";"Captação recursos externos - emprést. moeda - Resolução nº 63 (Antiga metod. - BPM5)";"Captação de recursos externos: emprést. moeda - Resolução nº 63 (Antiga metodologia - BPM5)";"Não oculta";"Internet";15;0;0;"Incluída em 01/fev/2002.";NA;"BPN12";"Internet";"Macro"
"4919";"BPN12_EMRV12";2;1480;"Inativa";"Bacen/BP (BPM5)";"Balanço de pagamentos";"Captação recursos externos - emprést. moeda - renovações (Antiga metod. - BPM5)";"Captação de recursos externos: emprést. moeda - renovações (Antiga metodologia - BPM5)";"Não oculta";"Internet";15;0;0;"Incluída em 01/fev/2002.";NA;"BPN12";"Internet";"Macro"
"4920";"BPN12_EMSEC12";4;1262;"Inativa";"Bacen/BP (BPM5)";"Balanço de pagamentos";"Captação recursos externos - emprést. moeda - securitização (Antiga metod. - BPM5)";"Captação de recursos externos: emprést. moeda - securitização (Antiga metodologia - BPM5)";"Não oculta";"Internet";15;0;0;"Incluída em 01/fev/2002.";NA;"BPN12";"Internet";"Macro"
"4921";"BPN12_EMTOT12";21;569;"Inativa";"Bacen/BP (BPM5)";"Balanço de pagamentos";"Captação recursos externos - emprést. moeda (Antiga metod. - BPM5)";"Captação de recursos externos: emprést. moeda (Antiga metodologia - BPM5)";"Não oculta";"Internet";15;0;0;"Incluída em 01/fev/2002.";NA;"BPN12";"Internet";"Macro"
"4922";"BPN12_FINAUT12";3;1356;"Inativa";"Bacen/BP (BPM5)";"Balanço de pagamentos";"Captação recursos externos - financiamentos - autorizados (Antiga metod. - BPM5)";"Captação de recursos externos: financiamentos autorizados (Antiga metodologia - BPM5)";"Não oculta";"Internet";15;0;0;"Incluída em 01/fev/2002.";NA;"BPN12";"Internet";"Macro"
"4923";"BPN12_FINRG12";1;1628;"Inativa";"Bacen/BP (BPM5)";"Balanço de pagamentos";"Captação de recursos externos - financiamentos - registrados (Antiga metod. - BPM5)";"Captação de recursos externos: financiamentos registrados (Antiga metodologia - BPM5)";"Não oculta";"Internet";15;0;0;"Incluída em 01/fev/2002.";NA;"BPN12";"Internet";"Macro"
"4924";"BPN12_FINTO12";4;1262;"Inativa";"Bacen/BP (BPM5)";"Balanço de pagamentos";"Captação de recursos externos - financiamentos (Antiga metod. - BPM5)";"Captação de recursos externos: financiamentos (Antiga metodologia - BPM5)";"Não oculta";"Internet";15;0;0;"Incluída em 01/fev/2002.";NA;"BPN12";"Internet";"Macro"
"4925";"BPN12_INVT12";30;421;"Inativa";"Bacen/BP (BPM5)";"Balanço de pagamentos";"Captação de recursos externos - investimentos (Antiga metod. - BPM5)";"Captação de recursos externos: investimentos (Antiga metodologia - BPM5)";"Não oculta";"Internet";15;0;0;"Incluída em 01/fev/2002.";NA;"BPN12";"Internet";"Macro"
"4926";"BPN12_LSAL12";1;1628;"Inativa";"Bacen/BP (BPM5)";"Balanço de pagamentos";"Captação de recursos externos - leasing e aluguel (Antiga metod. - BPM5)";"Captação de recursos externos: leasing e aluguel (Antiga metodologia - BPM5)";"Não oculta";"Internet";15;0;0;"Incluída em 01/fev/2002.";NA;"BPN12";"Internet";"Macro"
"4927";"BPN12_PGAEXP12";3;1356;"Inativa";"Bacen/BP (BPM5)";"Balanço de pagamentos";"Captação de recursos externos - pagamentos antecipados de exportação (Antiga metod. - BPM5)";"Captação de recursos externos: pagamentos antecipados de exportação (Antiga metodologia - BPM5)";"Não oculta";"Internet";15;0;0;"Incluída em 01/fev/2002.";NA;"BPN12";"Internet";"Macro"
"4928";"BPN12_STC12";160;65;"Inativa";"Bacen/BP (BPM5)";"Balanço de pagamentos";"Transações correntes - saldo (Antiga metod. - BPM5)";"Transações correntes: saldo (Antiga metodologia - BPM5)";"Não oculta";"Internet";25;0;0;"Incluída em 01/fev/2002.";NA;"BPN12";"Internet";"Macro"
"4929";"BPN12_TUN12";17;667;"Inativa";"Bacen/BP (BPM5)";"Balanço de pagamentos";"Transferências unilaterais correntes - saldo (Antiga metod. - BPM5)";"Transferências unilaterais correntes  - saldo (Antiga metodologia - BPM5)";"Não oculta";"Internet";25;0;0;"Incluída em 01/fev/2002.";NA;"BPN12";"Internet";"Macro"
"4930";"BPN12_TUNREC12";3;1356;"Inativa";"Bacen/BP (BPM5)";"Balanço de pagamentos";"Transferências unilaterais correntes - receitas (Antiga metod. - BPM5)";"Transferências unilaterais correntes: receitas (Antiga metodologia - BPM5)";"Não oculta";"Internet";25;0;0;"Incluída em 01/fev/2002.";NA;"BPN12";"Internet";"Macro"
"4931";"BPN12_TUNDES12";4;1262;"Inativa";"Bacen/BP (BPM5)";"Balanço de pagamentos";"Transferências unilaterais correntes - despesas (Antiga metod. - BPM5)";"Transferências unilaterais correntes: despesas (Antiga metodologia - BPM5)";"Não oculta";"Internet";25;0;0;"Incluída em 01/fev/2002.";NA;"BPN12";"Internet";"Macro"
"4932";"BPN4_STKK4";5;315;"Inativa";"Bacen/BP (BPM5)";"Balanço de pagamentos";"Conta capital e financeira - conta capital (Antiga metod. - BPM5)";"Conta capital e financeira: conta capital (Antiga metodologia - BPM5)";"Não oculta";"Internet";25;0;0;"Incluída em 01/fev/2002.";NA;"BPN4";"Internet";"Macro"
"4933";"BPN4_STF4";8;244;"Inativa";"Bacen/BP (BPM5)";"Balanço de pagamentos";"Conta capital e financeira - conta financeira (Antiga metod. - BPM5)";"Conta capital e financeira: conta financeira (Antiga metodologia - BPM5)";"Não oculta";"Internet";25;0;0;"Incluída em 01/fev/2002.";NA;"BPN4";"Internet";"Macro"
"4934";"BPN4_SERS4";1;527;"Inativa";"Bacen/BP (BPM5)";"Balanço de pagamentos";"Serviços e rendas - serviços - saldo (Antiga metod. - BPM5)";"Serviços e rendas - serviços - saldo (Antiga metodologia - BPM5)";"Não oculta";"Internet";25;0;0;"Incluída em 01/fev/2002.";NA;"BPN4";"Internet";"Macro"
"4935";"BPN4_SERSREC4";1;527;"Inativa";"Bacen/BP (BPM5)";"Balanço de pagamentos";"Serviços e rendas - serviços - receitas (Antiga metod. - BPM5)";"Serviços e rendas - serviços - receitas (Antiga metodologia - BPM5)";"Não oculta";"Internet";25;0;0;"Incluída em 01/fev/2002.";NA;"BPN4";"Internet";"Macro"
"4936";"BPN4_SERSDES4";1;527;"Inativa";"Bacen/BP (BPM5)";"Balanço de pagamentos";"Serviços e rendas - serviços - despesas (Antiga metod. - BPM5)";"Serviços e rendas - serviços - despesas (Antiga metodologia - BPM5)";"Não oculta";"Internet";25;0;0;"Incluída em 01/fev/2002.";NA;"BPN4";"Internet";"Macro"
"4937";"BPN4_SERR4";1;527;"Inativa";"Bacen/BP (BPM5)";"Balanço de pagamentos";"Serviços e rendas - rendas - saldo (Antiga metod. - BPM5)";"Serviços e rendas - rendas - saldo (Antiga metodologia - BPM5)";"Não oculta";"Internet";25;0;0;"Incluída em 01/fev/2002.";NA;"BPN4";"Internet";"Macro"
"4938";"BPN4_SERSF4";1;527;"Inativa";"Bacen/BP (BPM5)";"Balanço de pagamentos";"Serviços e rendas - serviços - serviços financeiros - saldo (Antiga metod. - BPM5)";"Serviços e rendas - serviços - serviços financeiros - saldo (Antiga metodologia - BPM5)";"Não oculta";"Internet";25;0;0;"Incluída em 01/fev/2002.";NA;"BPN4";"Internet";"Macro"
"4939";"BPN4_SERSFREC4";1;527;"Inativa";"Bacen/BP (BPM5)";"Balanço de pagamentos";"Serviços e rendas - serviços - serviços financeiros - receitas (Antiga metod. - BPM5)";"Serviços e rendas - serviços - serviços financeiros - receitas (Antiga metodologia - BPM5)";"Não oculta";"Internet";25;0;0;"Incluída em 01/fev/2002.";NA;"BPN4";"Internet";"Macro"
"4940";"BPN4_SERSFDES4";1;527;"Inativa";"Bacen/BP (BPM5)";"Balanço de pagamentos";"Serviços e rendas - serviços - serviços financeiros - despesas (Antiga metod. - BPM5)";"Serviços e rendas - serviços - serviços financeiros - despesas (Antiga metodologia - BPM5)";"Não oculta";"Internet";25;0;0;"Incluída em 01/fev/2002.";NA;"BPN4";"Internet";"Macro"
"4941";"BPN4_SERSC4";1;527;"Inativa";"Bacen/BP (BPM5)";"Balanço de pagamentos";"Serviços e rendas - serviços - computação e informações - saldo (Antiga metod. - BPM5)";"Serviços e rendas - serviços - computação e informações - saldo (Antiga metodologia - BPM5)";"Não oculta";"Internet";25;0;0;"Incluída em 01/fev/2002.";NA;"BPN4";"Internet";"Macro"
"4942";"BPN4_SERSCREC4";2;436;"Inativa";"Bacen/BP (BPM5)";"Balanço de pagamentos";"Serviços e rendas - serviços - computação e informações - receitas (Antiga metod. - BPM5)";"Serviços e rendas - serviços - computação e informações - receitas (Antiga metodologia - BPM5)";"Não oculta";"Internet";25;0;0;"Incluída em 01/fev/2002.";NA;"BPN4";"Internet";"Macro"
"4943";"BPN4_SERSCDES4";1;527;"Inativa";"Bacen/BP (BPM5)";"Balanço de pagamentos";"Serviços e rendas - serviços - computação e informações - despesas (Antiga metod. - BPM5)";"Serviços e rendas - serviços - computação e informações - despesas (Antiga metodologia - BPM5)";"Não oculta";"Internet";25;0;0;"Incluída em 01/fev/2002.";NA;"BPN4";"Internet";"Macro"
"4944";"BPN4_SERSR4";5;315;"Inativa";"Bacen/BP (BPM5)";"Balanço de pagamentos";"Serviços e rendas - serviços - royalties e licenças - saldo (Antiga metod. - BPM5)";"Serviços e rendas - serviços - royalties e licenças - saldo (Antiga metodologia - BPM5)";"Não oculta";"Internet";25;0;0;"Incluída em 01/fev/2002.";NA;"BPN4";"Internet";"Macro"
"4945";"BPN4_SERSRREC4";1;527;"Inativa";"Bacen/BP (BPM5)";"Balanço de pagamentos";"Serviços e rendas - serviços - royalties e licenças - receitas (Antiga metod. - BPM5)";"Serviços e rendas - serviços - royalties e licenças - receitas (Antiga metodologia - BPM5)";"Não oculta";"Internet";25;0;0;"Incluída em 01/fev/2002.";NA;"BPN4";"Internet";"Macro"
"4946";"BPN4_SERSRDES4";1;527;"Inativa";"Bacen/BP (BPM5)";"Balanço de pagamentos";"Serviços e rendas - serviços - royalties e licenças - despesas (Antiga metod. - BPM5)";"Serviços e rendas - serviços - royalties e licenças - despesas (Antiga metodologia - BPM5)";"Não oculta";"Internet";25;0;0;"Incluída em 01/fev/2002.";NA;"BPN4";"Internet";"Macro"
"4947";"BPN4_SERSALU4";1;527;"Inativa";"Bacen/BP (BPM5)";"Balanço de pagamentos";"Serviços e rendas - serviços - aluguel de equipamentos - saldo (Antiga metod. - BPM5)";"Serviços e rendas - serviços - aluguel de equipamentos - saldo (Antiga metodologia - BPM5)";"Não oculta";"Internet";25;0;0;"Incluída em 01/fev/2002.";NA;"BPN4";"Internet";"Macro"
"4948";"BPN4_SERSALUREC4";1;527;"Inativa";"Bacen/BP (BPM5)";"Balanço de pagamentos";"Serviços e rendas - serviços - aluguel de equipamentos - receitas (Antiga metod. - BPM5)";"Serviços e rendas - serviços - aluguel de equipamentos - receitas (Antiga metodologia - BPM5)";"Não oculta";"Internet";25;0;0;"Incluída em 01/fev/2002.";NA;"BPN4";"Internet";"Macro"
"4949";"BPN4_SERSALUDES4";2;436;"Inativa";"Bacen/BP (BPM5)";"Balanço de pagamentos";"Serviços e rendas - serviços - aluguel de equipamentos - despesas (Antiga metod. - BPM5)";"Serviços e rendas - serviços - aluguel de equipamentos - despesas (Antiga metodologia - BPM5)";"Não oculta";"Internet";25;0;0;"Incluída em 01/fev/2002.";NA;"BPN4";"Internet";"Macro"
"4950";"BPN4_SERSOUT4";1;527;"Inativa";"Bacen/BP (BPM5)";"Balanço de pagamentos";"Serviços e rendas - serviços - outros serviços - saldo (Antiga metod. - BPM5)";"Serviços e rendas - serviços - outros serviços - saldo (Antiga metodologia - BPM5)";"Não oculta";"Internet";25;0;0;"Incluída em 01/fev/2002.";NA;"BPN4";"Internet";"Macro"
"4951";"BPN4_SERSOUTREC4";1;527;"Inativa";"Bacen/BP (BPM5)";"Balanço de pagamentos";"Serviços e rendas - serviços - outros serviços - receitas (Antiga metod. - BPM5)";"Serviços e rendas - serviços - outros serviços - receitas (Antiga metodologia - BPM5)";"Não oculta";"Internet";25;0;0;"Incluída em 01/fev/2002.";NA;"BPN4";"Internet";"Macro"
"4952";"BPN4_SERSOUTDES4";2;436;"Inativa";"Bacen/BP (BPM5)";"Balanço de pagamentos";"Serviços e rendas - serviços - outros serviços - despesas (Antiga metod. - BPM5)";"Serviços e rendas - serviços - outros serviços - despesas (Antiga metodologia - BPM5)";"Não oculta";"Internet";25;0;0;"Incluída em 01/fev/2002.";NA;"BPN4";"Internet";"Macro"
"4953";"BPN4_SERRSAL4";10;202;"Inativa";"Bacen/BP (BPM5)";"Balanço de pagamentos";"Serviços e rendas - rendas - salários e ordenados - saldo (Antiga metod. - BPM5)";"Serviços e rendas - rendas - salários e ordenados - saldo (Antiga metodologia - BPM5)";"Não oculta";"Internet";25;0;0;"Incluída em 01/fev/2002.";NA;"BPN4";"Internet";"Macro"
"4954";"BPN4_SERRSALREC4";3;393;"Inativa";"Bacen/BP (BPM5)";"Balanço de pagamentos";"Serviços e rendas - rendas - salários e ordenados - receitas (Antiga metod. - BPM5)";"Serviços e rendas - rendas - salários e ordenados - receitas (Antiga metodologia - BPM5)";"Não oculta";"Internet";25;0;0;"Incluída em 01/fev/2002.";NA;"BPN4";"Internet";"Macro"
"4955";"BPN4_SERRSALDES4";2;436;"Inativa";"Bacen/BP (BPM5)";"Balanço de pagamentos";"Serviços e rendas - rendas - salários e ordenados - despesas (Antiga metod. - BPM5)";"Serviços e rendas - rendas - salários e ordenados - despesas (Antiga metodologia - BPM5)";"Não oculta";"Internet";25;0;0;"Incluída em 01/fev/2002.";NA;"BPN4";"Internet";"Macro"
"4956";"BPN4_FINIDE4";13;155;"Inativa";"Bacen/BP (BPM5)";"Balanço de pagamentos";"Conta financeira - invest. diretos - estrang. no país - saldo (Antiga metod. - BPM5)";"Conta financeira - investimentos diretos - estrangeiros no país - saldo (Antiga metodologia - BPM5)";"Não oculta";"Internet";25;0;0;"Incluída em 01/fev/2002.";NA;"BPN4";"Internet";"Macro"
"4957";"BPN4_FINIDEREC4";3;393;"Inativa";"Bacen/BP (BPM5)";"Balanço de pagamentos";"Conta financeira - invest. diretos - estrang. no país - ingressos (Antiga metod. - BPM5)";"Conta financeira - investimentos diretos - estrangeiros no país - ingressos (Antiga metodologia - BPM5)";"Não oculta";"Internet";25;0;0;"Incluída em 01/fev/2002.";NA;"BPN4";"Internet";"Macro"
"4958";"BPN4_FINIDEDES4";1;527;"Inativa";"Bacen/BP (BPM5)";"Balanço de pagamentos";"Conta financeira - invest. diretos - estrang. no país - saídas (Antiga metod. - BPM5)";"Conta financeira - investimentos diretos - estrangeiros no país - saídas (Antiga metodologia - BPM5)";"Não oculta";"Internet";25;0;0;"Incluída em 01/fev/2002.";NA;"BPN4";"Internet";"Macro"
"4959";"BPN4_FINIDEE4";1;527;"Inativa";"Bacen/BP (BPM5)";"Balanço de pagamentos";"Conta financeira - invest. diretos - estrang. no país - emprést. Intercom. (Antiga metod. - BPM5)";"Conta financeira - investimentos diretos - estrangeiros no país - empréstimos intercompanhias (Antiga metodologia - BPM5)";"Não oculta";"Internet";25;0;0;"Incluída em 01/fev/2002.";NA;"BPN4";"Internet";"Macro"
"4960";"BPN4_FINIDEEREC4";1;527;"Inativa";"Bacen/BP (BPM5)";"Balanço de pagamentos";"Conta financeira - invest. diretos - estrang. no país - emprést. intercom. - desemb. (Antiga metod.";"Conta financeira - investimentos diretos - estrangeiros no país - empréstimos intercompanhias - desembolsos (Antiga metodologia - BPM5)";"Não oculta";"Internet";25;0;0;"Incluída em 01/fev/2002.";NA;"BPN4";"Internet";"Macro"
"4961";"BPN4_FINIDEEDES4";1;527;"Inativa";"Bacen/BP (BPM5)";"Balanço de pagamentos";"Conta financeira - invest. diretos - estrang. no país - emprést. intercom. - amort. (Antiga metod. -";"Conta financeira - investimentos diretos - estrangeiros no país - empréstimos intercompanhias - amortizações (Antiga metodologia - BPM5)";"Não oculta";"Internet";25;0;0;"Incluída em 01/fev/2002.";NA;"BPN4";"Internet";"Macro"
"4962";"BPN4_FINIDEC4";6;291;"Inativa";"Bacen/BP (BPM5)";"Balanço de pagamentos";"Conta financeira - invest. estrang. carteira - saldo (Antiga metod. - BPM5)";"Conta financeira - investimentos estrangeiros em carteira - saldo (Antiga metodologia - BPM5)";"Não oculta";"Internet";25;0;0;"Incluída em 01/fev/2002.";NA;"BPN4";"Internet";"Macro"
"4963";"BPN4_FINIDECREC4";2;436;"Inativa";"Bacen/BP (BPM5)";"Balanço de pagamentos";"Conta financeira - invest. estrang. carteira - receitas (Antiga metod. - BPM5)";"Conta financeira - investimentos estrangeiros em carteira - receitas (Antiga metodologia - BPM5)";"Não oculta";"Internet";25;0;0;"Incluída em 01/fev/2002.";NA;"BPN4";"Internet";"Macro"
"4964";"BPN4_FINIDECDES4";1;527;"Inativa";"Bacen/BP (BPM5)";"Balanço de pagamentos";"Conta financeira - invest. estrang. carteira - despesas (Antiga metod. - BPM5)";"Conta financeira - investimentos estrangeiros em carteira - despesas (Antiga metodologia - BPM5)";"Não oculta";"Internet";25;0;0;"Incluída em 01/fev/2002.";NA;"BPN4";"Internet";"Macro"
"4965";"BPN4_FINIDB4";1;527;"Inativa";"Bacen/BP (BPM5)";"Balanço de pagamentos";"Conta financeira - invest. diretos - brasil. no exterior - saldo (Antiga metod. - BPM5)";"Conta financeira - investimentos diretos - brasileiros no exterior - saldo (Antiga metodologia - BPM5)";"Não oculta";"Internet";25;0;0;"Incluída em 01/fev/2002.";NA;"BPN4";"Internet";"Macro"
"4966";"BPN4_FINIDBREC4";1;527;"Inativa";"Bacen/BP (BPM5)";"Balanço de pagamentos";"Conta financeira - invest. diretos - brasil. no ext. - retornos (Antiga metod. - BPM5)";"Conta financeira - investimentos diretos - brasileiros no exterior - retornos (Antiga metodologia - BPM5)";"Não oculta";"Internet";25;0;0;"Incluída em 01/fev/2002.";NA;"BPN4";"Internet";"Macro"
"4967";"BPN4_FINIDBDES4";1;527;"Inativa";"Bacen/BP (BPM5)";"Balanço de pagamentos";"Conta financeira - invest. diretos - brasil. no ext. - saídas (Antiga metod. - BPM5)";"Conta financeira - investimentos diretos - brasileiros no exterior - saídas (Antiga metodologia - BPM5)";"Não oculta";"Internet";25;0;0;"Incluída em 01/fev/2002.";NA;"BPN4";"Internet";"Macro"
"4968";"BPN4_FINIDBE4";2;436;"Inativa";"Bacen/BP (BPM5)";"Balanço de pagamentos";"Conta financeira - invest. diretos - brasil. no ext. - emprést. Intercom. - saldo (Antiga metod. - B";"Conta financeira - investimentos diretos - brasileiros no exterior - empréstimos intercompanhias - saldo (Antiga metodologia - BPM5)";"Não oculta";"Internet";25;0;0;"Incluída em 01/fev/2002.";NA;"BPN4";"Internet";"Macro"
"4969";"BPN4_FINIDBEREC4";1;527;"Inativa";"Bacen/BP (BPM5)";"Balanço de pagamentos";"Conta financeira - invest. diretos - brasil. no ext. - emprést. intercom. - amort. (Antiga metod. -";"Conta financeira - investimentos diretos - brasileiros no exterior - empréstimos intercompanhias - amortizações (Antiga metodologia - BPM5)";"Não oculta";"Internet";25;0;0;"Incluída em 01/fev/2002.";NA;"BPN4";"Internet";"Macro"
"4970";"BPN4_FINIDBEDES4";2;436;"Inativa";"Bacen/BP (BPM5)";"Balanço de pagamentos";"Conta financeira - invest. diretos - brasil. no ext. - emprést. intercom. - desemb. (Antiga metod. -";"Conta financeira - investimentos diretos - brasileiros no exterior - empréstimos intercompanhias - desembolsos (Antiga metodologia - BPM5)";"Não oculta";"Internet";25;0;0;"Incluída em 01/fev/2002.";NA;"BPN4";"Internet";"Macro"
"4971";"BPN4_FINIDBPK4";1;527;"Inativa";"Bacen/BP (BPM5)";"Balanço de pagamentos";"Conta financeira - invest. diretos - brasil. no ext. - partic. capital - saldo (Antiga metod. - BPM5";"Conta financeira - investimentos diretos - brasileiros no exterior - participação no capital - saldo (Antiga metodologia - BPM5)";"Não oculta";"Internet";25;0;0;"Incluída em 01/fev/2002.";NA;"BPN4";"Internet";"Macro"
"4972";"BPN4_FINIDBPKREC4";1;527;"Inativa";"Bacen/BP (BPM5)";"Balanço de pagamentos";"Conta financeira - invest. diretos - brasil. no ext. - partic. capital - retornos (Antiga metod. - B";"Conta financeira - investimentos diretos - brasileiros no exterior - participação no capital - retornos (Antiga metodologia - BPM5)";"Não oculta";"Internet";25;0;0;"Incluída em 01/fev/2002.";NA;"BPN4";"Internet";"Macro"
"4973";"BPN4_FINIDBPKDES4";1;527;"Inativa";"Bacen/BP (BPM5)";"Balanço de pagamentos";"Conta financeira - invest. diretos - brasil. no ext. - partic. capital - saídas (Antiga metod. - BPM";"Conta financeira - investimentos diretos - brasileiros no exterior - participação no capital - saídas (Antiga metodologia - BPM5)";"Não oculta";"Internet";25;0;0;"Incluída em 01/fev/2002.";NA;"BPN4";"Internet";"Macro"
"4974";"BPN4_FINIDBC4";1;527;"Inativa";"Bacen/BP (BPM5)";"Balanço de pagamentos";"Conta financeira - invest. brasil. carteira - saldo (Antiga metod. - BPM5)";"Conta financeira - investimentos brasileiros em carteira - saldo (Antiga metodologia - BPM5)";"Não oculta";"Internet";25;0;0;"Incluída em 01/fev/2002.";NA;"BPN4";"Internet";"Macro"
"4975";"BPN4_EROM4";11;190;"Inativa";"Bacen/BP (BPM5)";"Balanço de pagamentos";"Balanço de pagamentos - erros e omissões (Antiga metod. - BPM5)";"Balanço de pagamentos: erros e omissões (Antiga metodologia - BPM5)";"Não oculta";"Internet";25;0;0;"Incluída em 01/fev/2002.";NA;"BPN4";"Internet";"Macro"
"4976";"BPN4_GOV4";1;527;"Inativa";"Bacen/BP (BPM5)";"Balanço de pagamentos";"Serviços e rendas - serviços - serviços governamentais - saldo (Antiga metod. - BPM5)";"Serviços e rendas - serviços - serviços governamentais - saldo (Antiga metodologia - BPM5)";"Não oculta";"Internet";25;0;0;"Incluída em 01/fev/2002.";NA;"BPN4";"Internet";"Macro"
"4977";"BPN4_GOVDES4";1;527;"Inativa";"Bacen/BP (BPM5)";"Balanço de pagamentos";"Serviços e rendas - serviços - serviços governamentais - despesas (Antiga metod. - BPM5)";"Serviços e rendas - serviços - serviços governamentais - despesas (Antiga metodologia - BPM5)";"Não oculta";"Internet";25;0;0;"Incluída em 01/fev/2002.";NA;"BPN4";"Internet";"Macro"
"4978";"BPN4_GOVREC4";1;527;"Inativa";"Bacen/BP (BPM5)";"Balanço de pagamentos";"Serviços e rendas - serviços - serviços governamentais - receitas (Antiga metod. - BPM5)";"Serviços e rendas - serviços - serviços governamentais - receitas (Antiga metodologia - BPM5)";"Não oculta";"Internet";25;0;0;"Incluída em 01/fev/2002.";NA;"BPN4";"Internet";"Macro"
"4979";"BPN4_IEDDES4";1;527;"Inativa";"Bacen/BP (BPM5)";"Balanço de pagamentos";"Conta financeira - invest. diretos - estrang. no país - partic. capital - saídas (Antiga metod. - BP";"Conta financeira - investimentos diretos - estrangeiros no país - participação no capital - saídas (Antiga metodologia - BPM5)";"Não oculta";"Internet";25;0;0;"Incluída em 01/fev/2002.";NA;"BPN4";"Internet";"Macro"
"4980";"BPN4_IEDL4";6;291;"Inativa";"Bacen/BP (BPM5)";"Balanço de pagamentos";"Conta financeira - invest. diretos - estrang. no país - partic. capital - saldo (Antiga metod. - BPM";"Conta financeira - investimentos diretos - estrangeiros no país - participação no capital - saldo (Antiga metodologia - BPM5)";"Não oculta";"Internet";25;0;0;"Incluída em 01/fev/2002.";NA;"BPN4";"Internet";"Macro"
"4981";"BPN4_IEDREC4";1;527;"Inativa";"Bacen/BP (BPM5)";"Balanço de pagamentos";"Conta financeira - invest. diretos - estrang. no país - partic. capital - ingressos (Antiga metod. -";"Conta financeira - investimentos diretos - estrangeiros no país - participação no capital - ingressos (Antiga metodologia - BPM5)";"Não oculta";"Internet";25;0;0;"Incluída em 01/fev/2002.";NA;"BPN4";"Internet";"Macro"
"4982";"BPN4_JUR4";1;527;"Inativa";"Bacen/BP (BPM5)";"Balanço de pagamentos";"Serviços e rendas - rendas - juros - saldo (Antiga metod. - BPM5)";"Serviços e rendas - rendas - juros - saldo (Antiga metodologia - BPM5)";"Não oculta";"Internet";25;0;0;"Incluída em 01/fev/2002.";NA;"BPN4";"Internet";"Macro"
"4983";"BPN4_JURDES4";8;244;"Inativa";"Bacen/BP (BPM5)";"Balanço de pagamentos";"Serviços e rendas - rendas - juros - despesas (Antiga metod. - BPM5)";"Serviços e rendas - rendas - juros - despesas (Antiga metodologia - BPM5)";"Não oculta";"Internet";25;0;0;"Incluída em 01/fev/2002.";NA;"BPN4";"Internet";"Macro"
"4984";"BPN4_JURREC4";1;527;"Inativa";"Bacen/BP (BPM5)";"Balanço de pagamentos";"Serviços e rendas - rendas - juros - receitas (Antiga metod. - BPM5)";"Serviços e rendas - rendas - juros - receitas (Antiga metodologia - BPM5)";"Não oculta";"Internet";25;0;0;"Incluída em 01/fev/2002.";NA;"BPN4";"Internet";"Macro"
"4985";"BPN4_LUD4";1;527;"Inativa";"Bacen/BP (BPM5)";"Balanço de pagamentos";"Serviços e rendas - rendas - lucros e dividendos - saldo (Antiga metod. - BPM5)";"Serviços e rendas - rendas - lucros e dividendos - saldo (Antiga metodologia - BPM5)";"Não oculta";"Internet";25;0;0;"Incluída em 01/fev/2002.";NA;"BPN4";"Internet";"Macro"
"4986";"BPN4_MCI4";30;78;"Inativa";"Bacen/BP (BPM5)";"Balanço de pagamentos";"Conta financeira - investimentos diretos - saldo (Antiga metod. - BPM5)";"Conta financeira - investimentos diretos - saldo (Antiga metodologia - BPM5)";"Não oculta";"Internet";25;0;0;"Incluída em 01/fev/2002.";NA;"BPN4";"Internet";"Macro"
"4987";"BPN4_SEG4";2;436;"Inativa";"Bacen/BP (BPM5)";"Balanço de pagamentos";"Serviços e rendas - serviços - seguros - saldo (Antiga metod. - BPM5)";"Serviços e rendas - serviços - seguros - saldo (Antiga metodologia - BPM5)";"Não oculta";"Internet";25;0;0;"Incluída em 01/fev/2002.";NA;"BPN4";"Internet";"Macro"
"4988";"BPN4_SEGDES4";1;527;"Inativa";"Bacen/BP (BPM5)";"Balanço de pagamentos";"Serviços e rendas - serviços - seguros - despesas (Antiga metod. - BPM5)";"Serviços e rendas - serviços - seguros - despesas (Antiga metodologia - BPM5)";"Não oculta";"Internet";25;0;0;"Incluída em 01/fev/2002.";NA;"BPN4";"Internet";"Macro"
"4989";"BPN4_SEGREC4";1;527;"Inativa";"Bacen/BP (BPM5)";"Balanço de pagamentos";"Serviços e rendas - serviços - seguros - receitas (Antiga metod. - BPM5)";"Serviços e rendas - serviços - seguros - receitas (Antiga metodologia - BPM5)";"Não oculta";"Internet";25;0;0;"Incluída em 01/fev/2002.";NA;"BPN4";"Internet";"Macro"
"4990";"BPN4_SER4";6;291;"Inativa";"Bacen/BP (BPM5)";"Balanço de pagamentos";"Serviços e rendas - saldo (Antiga metod. - BPM5)";"Serviços e rendas - saldo (Antiga metodologia - BPM5)";"Não oculta";"Internet";25;0;0;"Incluída em 01/fev/2002.";NA;"BPN4";"Internet";"Macro"
"4991";"BPN4_STK4";23;95;"Inativa";"Bacen/BP (BPM5)";"Balanço de pagamentos";"Conta capital e financeira - saldo (Antiga metod. - BPM5)";"Conta capital e financeira: saldo (Antiga metodologia - BPM5)";"Não oculta";"Internet";25;0;0;"Incluída em 01/fev/2002.";NA;"BPN4";"Internet";"Macro"
"4992";"BPN4_TRP4";7;270;"Inativa";"Bacen/BP (BPM5)";"Balanço de pagamentos";"Serviços e rendas - serviços - transportes - saldo (Antiga metod. - BPM5)";"Serviços e rendas - serviços - transportes - saldo (Antiga metodologia - BPM5)";"Não oculta";"Internet";25;0;0;"Incluída em 01/fev/2002.";NA;"BPN4";"Internet";"Macro"
"4993";"BPN4_TRPDES4";1;527;"Inativa";"Bacen/BP (BPM5)";"Balanço de pagamentos";"Serviços e rendas - serviços - transportes - despesas (Antiga metod. - BPM5)";"Serviços e rendas - serviços - transportes - despesas (Antiga metodologia - BPM5)";"Não oculta";"Internet";25;0;0;"Incluída em 01/fev/2002.";NA;"BPN4";"Internet";"Macro"
"4994";"BPN4_TRPREC4";1;527;"Inativa";"Bacen/BP (BPM5)";"Balanço de pagamentos";"Serviços e rendas - serviços - transportes - receitas (Antiga metod. - BPM5)";"Serviços e rendas - serviços - transportes - receitas (Antiga metodologia - BPM5)";"Não oculta";"Internet";25;0;0;"Incluída em 01/fev/2002.";NA;"BPN4";"Internet";"Macro"
"4995";"BPN4_TUR4";1;527;"Inativa";"Bacen/BP (BPM5)";"Balanço de pagamentos";"Serviços e rendas - serviços - viagens internacionais - saldo (Antiga metod. - BPM5)";"Serviços e rendas - serviços - viagens internacionais - saldo (Antiga metodologia - BPM5)";"Não oculta";"Internet";25;0;0;"Incluída em 01/fev/2002.";NA;"BPN4";"Internet";"Macro"
"4996";"BPN4_TURDES4";1;527;"Inativa";"Bacen/BP (BPM5)";"Balanço de pagamentos";"Serviços e rendas - serviços - viagens internacionais - despesas (Antiga metod. - BPM5)";"Serviços e rendas - serviços - viagens internacionais - despesas (Antiga metodologia - BPM5)";"Não oculta";"Internet";25;0;0;"Incluída em 01/fev/2002.";NA;"BPN4";"Internet";"Macro"
"4997";"BPN4_TURREC4";2;436;"Inativa";"Bacen/BP (BPM5)";"Balanço de pagamentos";"Serviços e rendas - serviços - viagens internacionais - receitas (Antiga metod. - BPM5)";"Serviços e rendas - serviços - viagens internacionais - receitas (Antiga metodologia - BPM5)";"Não oculta";"Internet";25;0;0;"Incluída em 01/fev/2002.";NA;"BPN4";"Internet";"Macro"
"4998";"BPN4_FINDER4";2;436;"Inativa";"Bacen/BP (BPM5)";"Balanço de pagamentos";"Conta financeira - derivativos - saldo (Antiga metod. - BPM5)";"Conta financeira - derivativos - saldo (Antiga metodologia - BPM5)";"Não oculta";"Internet";25;0;0;"Incluída em 01/fev/2002.";NA;"BPN4";"Internet";"Macro"
"4999";"BPN4_FINDERREC4";3;393;"Inativa";"Bacen/BP (BPM5)";"Balanço de pagamentos";"Conta financeira - derivativos - ativos (Antiga metod. - BPM5)";"Conta financeira - derivativos - ativos (Antiga metodologia - BPM5)";"Não oculta";"Internet";25;0;0;"Incluída em 01/fev/2002.";NA;"BPN4";"Internet";"Macro"
"5000";"BPN4_STC4";34;67;"Inativa";"Bacen/BP (BPM5)";"Balanço de pagamentos";"Transações correntes - saldo (Antiga metod. - BPM5)";"Transações correntes: saldo (Antiga metodologia - BPM5)";"Não oculta";"Internet";25;0;0;"Incluída em 01/fev/2002.";NA;"BPN4";"Internet";"Macro"
"5001";"BPN4_TUNREC4";1;527;"Inativa";"Bacen/BP (BPM5)";"Balanço de pagamentos";"Transferências unilaterais correntes - receitas (Antiga metod. - BPM5)";"Transferências unilaterais correntes: receitas (Antiga metodologia - BPM5)";"Não oculta";"Internet";25;0;0;"Incluída em 01/fev/2002.";NA;"BPN4";"Internet";"Macro"
"5002";"BPN4_TUNDES4";1;527;"Inativa";"Bacen/BP (BPM5)";"Balanço de pagamentos";"Transferências unilaterais correntes - despesas (Antiga metod. - BPM5)";"Transferências unilaterais correntes: despesas (Antiga metodologia - BPM5)";"Não oculta";"Internet";25;0;0;"Incluída em 01/fev/2002.";NA;"BPN4";"Internet";"Macro"
"5003";"BPN4_SBP4";29;84;"Inativa";"Bacen/BP (BPM5)";"Balanço de pagamentos";"Resultado global do balanço de pagamentos (Antiga metod. - BPM5)";"Resultado global do balanço de pagamentos (Antiga metodologia - BPM5)";"Não oculta";"Internet";25;0;0;"Incluída em 01/fev/2002.";NA;"BPN4";"Internet";"Macro"
"5004";"BPN4_FINIDBCDES4";1;527;"Inativa";"Bacen/BP (BPM5)";"Balanço de pagamentos";"Conta financeira - invest. brasil. carteira - despesas (Antiga metod. - BPM5)";"Conta financeira - investimentos brasileiros em carteira - despesas (Antiga metodologia - BPM5)";"Não oculta";"Internet";25;0;0;"Incluída em 01/fev/2002.";NA;"BPN4";"Internet";"Macro"
"5005";"BPN4_FINIDBCREC4";1;527;"Inativa";"Bacen/BP (BPM5)";"Balanço de pagamentos";"Conta financeira - invest. brasil. carteira - receitas (Antiga metod. - BPM5)";"Conta financeira - investimentos brasileiros em carteira - receitas (Antiga metodologia - BPM5)";"Não oculta";"Internet";25;0;0;"Incluída em 01/fev/2002.";NA;"BPN4";"Internet";"Macro"
"5006";"BPN4_TUN4";4;347;"Inativa";"Bacen/BP (BPM5)";"Balanço de pagamentos";"Transferências unilaterais correntes - saldo (Antiga metod. - BPM5)";"Transferências unilaterais correntes  - saldo (Antiga metodologia - BPM5)";"Não oculta";"Internet";25;0;0;"Incluída em 01/fev/2002.";NA;"BPN4";"Internet";"Macro"
"5007";"BPN4_FINDERDES4";2;436;"Inativa";"Bacen/BP (BPM5)";"Balanço de pagamentos";"Conta financeira - derivativos - passivos (Antiga metod. - BPM5)";"Conta financeira - derivativos - passivos (Antiga metodologia - BPM5)";"Não oculta";"Internet";25;0;0;"Incluída em 01/fev/2002.";NA;"BPN4";"Internet";"Macro"
"5008";"DIESP12_GIRO12";85;140;"Inativa";"Fundap/Diesp";"Financeiras";"Taxa de juros - crédito - capital de giro - fim período";"Taxa de juros: crédito em capital de giro - fim período";"Não oculta";"Internet";0;0;0;NA;NA;"DIESP12";"Internet";"Macro"
"5009";"BM_DINSPN";42;282;"Ativa";"Bacen/Not. Imp./F. Púb.";"Finanças públicas";"Dívida interna - setor público - líquida";"Dívida interna líquida do setor público";"Não oculta";"Internet";60;0;0;"Incluída em 20/fev/2002.";NA;"BM";"Internet";"Macro"
"5010";"BM_DEXSPN";124;85;"Ativa";"Bacen/Not. Imp./F. Púb.";"Finanças públicas";"Dívida externa - setor público - líquida";"Dívida externa líquida do setor público";"Não oculta";"Internet";60;0;0;"Incluída em 20/fev/2002.";NA;"BM";"Internet";"Macro"
"5011";"PME12_PRODIT12";94;122;"Inativa";"IBGE/PME antiga";"Emprego";"Produtividade - indústria transformação - (média 1991 = 100)";"Produtividade na indústria de transformação (média 1991 = 100)";"Não oculta";"Internet";0;0;0;"Incluída em 25/fev/2002.";"Gerada";"PME12";"Internet";"Macro"
"5012";"IGP12_ICVRJG12";61;205;"Inativa";"FGV/Conj. Econ. - IGP";"Preços";"Inflação - IPC-RJ";"Inflação - IPC-RJ";"Não oculta";"Internet";5;0;0;"Incluída em 27/fev/2002. Revisada em 18/mar/2002.";"Geradora";"IGP12";"Internet";"Macro"
"5013";"IGP12_IGPDIG12";1114;8;"Ativa";"FGV/Conj. Econ. - IGP";"Preços";"Inflação - IGP-DI";"Inflação - IGP-DI";"Não oculta";"Internet";45;0;0;"Incluída em 27/fev/2002. Revisada em 18/mar/2002.";NA;"IGP12";"Internet";"Macro"
"5014";"IGP12_IGPMG12";1721;4;"Ativa";"FGV/Conj. Econ. - IGP";"Preços";"Inflação - IGP-M";"Inflação - IGP-M";"Não oculta";"Internet";30;0;0;"Incluída em 27/fev/2002. Revisada em 18/mar/2002.";NA;"IGP12";"Internet";"Macro"
"5015";"IGP12_IGPOGG12";26;472;"Ativa";"FGV/Conj. Econ. - IGP";"Preços";"Inflação - IGP-OG";"Inflação - IGP-OG";"Não oculta";"Internet";10;0;0;"Incluída em 27/fev/2002. Revisada em 18/mar/2002.";NA;"IGP12";"Internet";"Macro"
"5016";"IGP12_INCCG12";254;34;"Ativa";"FGV/Conj. Econ. - IGP";"Preços";"Inflação - INCC";"Inflação - INCC";"Não oculta";"Internet";5;0;0;"Incluída em 27/fev/2002. Revisada em 18/mar/2002.";NA;"IGP12";"Internet";"Macro"
"5017";"IGP12_IPADIG12";243;36;"Ativa";"FGV/Conj. Econ. - IGP";"Preços";"Inflação - IPA-EP-DI";"Inflação - IPA-EP";"Não oculta";"Internet";5;0;0;"Incluída em 27/fev/2002. Revisada em 18/mar/2002.";NA;"IGP12";"Internet";"Macro"
"5018";"IGP12_IPAOGG12";92;125;"Inativa";"FGV/Conj. Econ. - IGP";"Preços";"Inflação - IPA origem";"Inflação - IPA origem";"Não oculta";"Internet";5;0;0;"Incluída em 27/fev/2002. Revisada em 18/mar/2002.";NA;"IGP12";"Internet";"Macro"
"5019";"IGP12_IPCG12";277;32;"Ativa";"FGV/Conj. Econ. - IGP";"Preços";"Inflação - IPC (FGV)";"Inflação - IPC (FGV)";"Não oculta";"Internet";5;0;0;"Incluída em 27/fev/2002. Revisada em 18/mar/2002.";NA;"IGP12";"Internet";"Macro"
"5020";"DIEESE12_ICVSPDG12";137;81;"Inativa";"Dieese1";"Preços";"Inflação - ICV-SP";"Inflação - ICV-SP";"Não oculta";"Internet";10;0;0;"Incluída em 27/fev/2002.";NA;"DIEESE12";"Internet";"Macro"
"5021";"BM12_DERNCN12";1;1628;"Inativa";"Bacen/Not. Imp./Moeda";"Moeda e crédito";"M2 - depósitos especiais remunerados (DER) - fim período - novo conceito";"M2 - depósitos especiais remunerados (DER) - fim período - novo conceito";"Oculta";"Internet";15;0;0;"Incluída em 26/fev/2002.";NA;"BM12";"Oculta";"Macro"
"5022";"PIMES12_POIND12";50;259;"Inativa";"IBGE/Pimes";"Emprego";"Pessoal ocupado - assalariado - indústria geral - índice (jan. 2001 = 100)";"Pessoal ocupado assalariado - indústria geral - índice (jan. 2001 = 100)";"Não oculta";"Internet";50;0;0;"Incluída em 07/mar/2002.";NA;"PIMES12";"Internet";"Macro"
"5023";"PIMES12_FPNIND12";77;158;"Inativa";"IBGE/Pimes";"Salário e renda";"Folha de pagamento - indústria geral - índice (jan. 2001 = 100)";"Folha de pagamento - indústria geral - índice (jan. 2001 = 100)";"Não oculta";"Internet";50;0;0;"Incluída em 07/mar/2002.";NA;"PIMES12";"Internet";"Macro"
"5024";"PIMES12_FPMNIND12";16;690;"Inativa";"IBGE/Pimes";"Salário e renda";"Folha de pagamento - média - indústria geral - índice (jan. 2001 = 100)";"Folha de pagamento - média - indústria geral - índice (jan. 2001 = 100)";"Não oculta";"Internet";50;0;0;"Incluída em 07/mar/2002.";NA;"PIMES12";"Internet";"Macro"
"5025";"PIMES12_HPIND12";9;946;"Inativa";"IBGE/Pimes";"Salário e renda";"Horas pagas - indústria geral - índice (jan. 2001 = 100)";"Horas pagas - indústria geral - índice (jan. 2001 = 100)";"Não oculta";"Internet";50;0;0;"Incluída em 07/mar/2002.";NA;"PIMES12";"Internet";"Macro"
"5026";"PIMES12_HPMIND12";7;1050;"Inativa";"IBGE/Pimes";"Salário e renda";"Horas pagas - média - indústria geral - índice (jan. 2001 = 100)";"Horas pagas - média - indústria geral - índice (jan. 2001 = 100)";"Não oculta";"Internet";50;0;0;"Incluída em 07/mar/2002.";NA;"PIMES12";"Internet";"Macro"
"5027";"SCN4_CTN4";72;28;"Inativa";"IBGE/SCN 2000 Trim.";"Contas nacionais";"Consumo final - ref. 2000";"Consumo final - referência 2000";"Não oculta";"Intranet";90;0;0;"Incluída em 03 / maio / 2007.";"Gerada";"SCN4";"Intranet";"Macro"
"5028";"SCN4_PIBCPPAS4";34;67;"Inativa";"IBGE/SCN 2000 Trim.";"Contas nacionais";"Consumo final - famílias - índice encadeado - dessaz. (média 1995 = 100) - ref. 2000";"Consumo final das famílias: índice encadeado dessazonalizado (média 1995 = 100) - referência 2000";"Não oculta";"Intranet";90;0;0;"Incluída em 03 / maio / 2007.";"Gerada";"SCN4";"Intranet";"Macro"
"5029";"SCN4_PIBCGGAS4";11;190;"Inativa";"IBGE/SCN 2000 Trim.";"Contas nacionais";"Consumo final - adm. pública - índice encadeado - dessaz. (média 1995 = 100) - ref. 2000";"Consumo final da administração pública: índice encadeado dessazonalizado (média 1995 = 100) - referência 2000";"Não oculta";"Intranet";90;0;0;"Incluída em 03 / maio / 2007.";"Gerada";"SCN4";"Intranet";"Macro"
"5030";"SCN4_PIBFBKFAS4";49;46;"Inativa";"IBGE/SCN 2000 Trim.";"Contas nacionais";"Capital fixo - formação bruta - índice encadeado - dessaz. (média 1995 = 100) - ref. 2000";"Formação bruta de capital fixo: índice encadeado dessazonalizado (média 1995 = 100) - referência 2000";"Não oculta";"Intranet";90;0;0;"Incluída em 03 / maio / 2007.";"Gerada";"SCN4";"Intranet";"Macro"
"5031";"SCN4_PIBXBSZAS4";12;166;"Inativa";"IBGE/SCN 2000 Trim.";"Contas nacionais";"Exportações - bens e serviços - índice encadeado - dessaz. (média 1995 = 100) - ref. 2000";"Exportações de bens e serviços: índice encadeado dessazonalizado (média 1995 = 100) - referência 2000";"Não oculta";"Intranet";90;0;0;"Incluída em 03 / maio / 2007.";"Gerada";"SCN4";"Intranet";"Macro"
"5032";"SCN4_PIBMBSZAS4";8;244;"Inativa";"IBGE/SCN 2000 Trim.";"Contas nacionais";"Importações - bens e serviços - índice encadeado - dessaz. (média 1995 = 100) - ref. 2000";"Importações de bens e serviços: índice encadeado dessazonalizado (média 1995 = 100) - referência 2000";"Não oculta";"Intranet";90;0;0;"Incluída em 03 / maio / 2007.";"Gerada";"SCN4";"Intranet";"Macro"
"5033";"SCN4_FBKFPIBV4";95;20;"Inativa";"IBGE/SCN 2000 Trim.";"Contas nacionais";"Taxa de investimento - preços correntes - ref. 2000";"Taxa de investimento a preços correntes - referência 2000";"Não oculta";"Intranet";90;0;0;"Incluída em 03 / maio / 2007.";"Gerada";"SCN4";"Intranet";"Macro"
"5034";"SCN4_CTI4";4;347;"Inativa";"IBGE/SCN 2000 Trim.";"Contas nacionais";"Consumo final - índice encadeado (média 1995 = 100) - ref. 2000";"Consumo final: índice encadeado (média 1995 = 100) - referência 2000";"Não oculta";"Intranet";90;0;0;"Incluída em 03 / maio / 2007.";"Gerada";"SCN4";"Intranet";"Macro"
"5035";"SCN4_VESTOI4";11;190;"Inativa";"IBGE/SCN 2000 Trim.";"Contas nacionais";"Capital - formação bruta - variação de estoque - índice encadeado (média 1995 = 100) - ref. 2000";"Formação bruta de capital - variação de estoque: índice encadeado (média 1995 = 100) - referência 2000";"Não oculta";"Intranet";90;0;0;"Incluída em 03 / maio / 2007.";"Gerada";"SCN4";"Intranet";"Macro"
"5036";"GAC12_FBKFCAMI12";49;267;"Ativa";"IPEA";"Contas nacionais";"Consumo aparente - bens de capital - índice encadeado (média 2012 = 100)";"Consumo aparente - bens de capital - índice encadeado (média 2012 = 100)";"Não oculta";"Internet";120;1;0;"Incluída em 11/mar/2002.";NA;"GAC12";"Internet";"Macro"
"5037";"GAC12_FBKFCCI12";55;231;"Inativa";"IPEA";"Contas nacionais";"Capital fixo - formação bruta - construção civil - índice encadeado (média 1995 = 100)";"Capital fixo - formação bruta - construção civil - índice encadeado (média 1995 = 100)";"Oculta";"Internet";120;1;0;"Incluída em 11/mar/2002.";NA;"GAC12";"Oculta";"Macro"
"5038";"Gac4_FBKFCAMI4";21;103;"Inativa";"IPEA";"Contas nacionais";"Capital fixo - formação bruta - consumo aparente de máquinas - índice encadeado (média 1996 = 100)";"Capital fixo - formação bruta - consumo aparente de máquinas - índice encadeado (média 1996 = 100)";"Oculta";"Internet";180;1;0;"Incluída em 11/mar/2002.";NA;"Gac4";"Oculta";"Macro"
"5039";"Gac4_FBKFCCI4";13;155;"Inativa";"IPEA";"Contas nacionais";"Capital fixo - formação bruta - construção civil - índice encadeado (média 1995 = 100)";"Capital fixo - formação bruta - construção civil - índice encadeado (média 1995 = 100)";"Oculta";"Internet";180;1;0;"Incluída em 11/mar/2002.";NA;"Gac4";"Oculta";"Macro"
"5040";"SCN4_PIBIEXAS4";9;217;"Inativa";"IBGE/SCN 2000 Trim.";"Contas nacionais";"PIB - indústria - extrativa mineral - índice encadeado - dessaz. (média 1995 = 100) - ref. 2000";"Produto interno bruto (PIB) - indústria extrativa mineral: índice encadeado dessazonalizado (média 1995 = 100) - referência 2000";"Não oculta";"Intranet";90;0;0;"Incluída em 03 / maio / 2007.";"Gerada";"SCN4";"Intranet";"Macro"
"5041";"SCN4_PIBITRAS4";10;202;"Inativa";"IBGE/SCN 2000 Trim.";"Contas nacionais";"PIB - indústria - transformação - índice encadeado - dessaz. (média 1995 = 100) - ref. 2000";"Produto interno bruto (PIB) - indústria de transformação: índice encadeado dessazonalizado (média 1995 = 100) - referência 2000";"Não oculta";"Intranet";90;0;0;"Incluída em 03 / maio / 2007.";"Gerada";"SCN4";"Intranet";"Macro"
"5042";"SCN4_PIBICCAS4";31;75;"Inativa";"IBGE/SCN 2000 Trim.";"Contas nacionais";"PIB - indústria - construção - índice encadeado - dessaz. (média 1995 = 100) - ref. 2000";"Produto interno bruto (PIB) - indústria da construção civil: índice encadeado dessazonalizado (média 1995 = 100) - referência 2000";"Não oculta";"Intranet";90;0;0;"Incluída em 03 / maio / 2007.";"Gerada";"SCN4";"Intranet";"Macro"
"5043";"SCN4_PIBIUPAS4";8;244;"Inativa";"IBGE/SCN 2000 Trim.";"Contas nacionais";"PIB - indústria - eletricidade, gás e água - índice encadeado - dessaz. (média - ref. 2000";"Produto interno bruto (PIB) - indústria - produção e distribuição - eletricidade, gás e água: índice encadeado - dessaz. (média 1995 = 100) - referência 2000";"Não oculta";"Intranet";90;0;0;"Incluída em 03 / maio / 2007.";"Gerada";"SCN4";"Intranet";"Macro"
"5044";"SCN4_PIBSCOAS4";15;140;"Inativa";"IBGE/SCN 2000 Trim.";"Contas nacionais";"PIB - serviços - comércio - índice encadeado - dessaz. (média 1995 = 100) - ref. 2000";"Produto interno bruto (PIB) - serviços - comércio: índice encadeado dessazonalizado (média 1995 = 100) - referência 2000";"Não oculta";"Intranet";90;0;0;"Incluída em 03 / maio / 2007.";"Gerada";"SCN4";"Intranet";"Macro"
"5045";"SCN4_PIBSTRAS4";12;166;"Inativa";"IBGE/SCN 2000 Trim.";"Contas nacionais";"PIB - serviços - transporte e correio - índice encadeado - dessaz. (média 1995 = 100) - ref. 2000";"Produto interno bruto (PIB) - serviços - transporte, armazenagem e correio: índice encadeado - dessaz. (média 1995 = 100) - referência 2000";"Não oculta";"Intranet";90;0;0;"Incluída em 03 / maio / 2007.";"Gerada";"SCN4";"Intranet";"Macro"
"5046";"SCN4_PIBSCMNAS4";5;315;"Inativa";"IBGE/SCN 2000 Trim.";"Contas nacionais";"PIB - serviços - serviços de informação - índice encadeado - dessaz. (média 1995 = 100) - ref. 2000";"Produto interno bruto (PIB) - serviços - serviços de informação: índice encadeado - dessaz. (média 1995 = 100) - referência 2000";"Não oculta";"Intranet";90;0;0;"Incluída em 03 / maio / 2007.";"Gerada";"SCN4";"Intranet";"Macro"
"5047";"SCN4_PIBSIFAS4";7;270;"Inativa";"IBGE/SCN 2000 Trim.";"Contas nacionais";"PIB - serviços - intermediação financeira - índice encadeado - dessaz. (média - ref. 2000";"Produto interno bruto (PIB) - serviços - intermediação financeira, previdencia complementar: índice encadeado - dessaz. (média 1995 = 100) - referência 2000";"Não oculta";"Intranet";90;0;0;"Incluída em 03 / maio / 2007.";"Gerada";"SCN4";"Intranet";"Macro"
"5048";"SCN4_PIBSOSAS4";7;270;"Inativa";"IBGE/SCN 2000 Trim.";"Contas nacionais";"PIB - serviços - outros - índice encadeado - dessaz. (média 1995 = 100) - ref. 2000";"Produto interno bruto (PIB) - serviços - outros serviços: índice encadeado dessazonalizado (média 1995 = 100) - referência 2000";"Não oculta";"Intranet";90;0;0;"Incluída em 03 / maio / 2007.";"Gerada";"SCN4";"Intranet";"Macro"
"5049";"SCN4_PIBSALAS4";5;315;"Inativa";"IBGE/SCN 2000 Trim.";"Contas nacionais";"PIB - serviços - imobiliárias e aluguel - índice encadeado - dessaz. (média 1995 = 100) - ref. 2000";"Produto interno bruto (PIB) - serviços - atividades imobiliárias e aluguel: índice encadeado - dessaz. (média 1995 = 100) - referência 2000";"Não oculta";"Intranet";90;0;0;"Incluída em 03 / maio / 2007.";"Gerada";"SCN4";"Intranet";"Macro"
"5050";"SCN4_PIBSAPAS4";5;315;"Inativa";"IBGE/SCN 2000 Trim.";"Contas nacionais";"PIB - serviços - adm., saúde e ed. públicas - índice encadeado - dessaz. (média 1995=100) - ref.2010";"Produto interno bruto (PIB) - serviços - administração, saúde e educação públicas: índice encadeado - dessaz. (média 1995 = 100) - referência 2000";"Não oculta";"Intranet";90;0;0;"Incluída em 03 / maio / 2007.";"Gerada";"SCN4";"Intranet";"Macro"
"5051";"SCN4_PIBIVAAS4";9;217;"Inativa";"IBGE/SCN 2000 Trim.";"Contas nacionais";"PIB - impostos sobre produtos - índice encadeado - dessaz. (média 1995 = 100) - ref. 2000";"Produto interno bruto (PIB) - impostos sobre produtos: índice encadeado dessazonalizado (média 1995 = 100) - referência 2000";"Não oculta";"Intranet";90;0;0;"Incluída em 03 / maio / 2007.";"Gerada";"SCN4";"Intranet";"Macro"
"5052";"GAMMA_SXB";NA;NA;"Inativa";"IPEA";"Finanças públicas";"Exportações - produtos básicos - incentivos - índice";"Exportações - produtos básicos - incentivos - índice";"Não oculta";"Intranet";360;0;0;"Incluída em 20/mar/2002.";NA;"GAMMA";"Intranet";"Macro"
"5053";"GAMMA_SXM";NA;NA;"Inativa";"IPEA";"Finanças públicas";"Exportações - produtos manufaturados - incentivos - índice";"Exportações - produtos manufaturados - incentivos - índice";"Não oculta";"Intranet";360;0;0;"Incluída em 20/mar/2002.";NA;"GAMMA";"Intranet";"Macro"
"5054";"GAMMA_SXS";NA;NA;"Inativa";"IPEA";"Finanças públicas";"Exportações - produtos semi-manufaturados - incentivos - índice";"Exportações - produtos semi-manufaturados - incentivos - índice";"Não oculta";"Intranet";360;0;0;"Incluída em 20/mar/2002.";NA;"GAMMA";"Intranet";"Macro"
"5055";"GAMMA_SXT";NA;NA;"Inativa";"IPEA";"Finanças públicas";"Exportações - incentivos - índice";"Exportações - incentivos - índice";"Não oculta";"Intranet";360;0;0;"Incluída em 20/mar/2002.";NA;"GAMMA";"Intranet";"Macro"
"5056";"BM12_TPFIGPD12";19;621;"Inativa";"Bacen/Not. Imp./F. Púb.";"Finanças públicas";"Títulos - federais - indexados ao IGP-DI - fim período";"Títulos federais indexados ao IGP-DI: fim período";"Não oculta";"Internet";60;0;0;"Incluída em 21/mar/2002.";NA;"BM12";"Internet";"Macro"
"5057";"BM12_TPFOUT12";5;1176;"Inativa";"Bacen/Not. Imp./F. Púb.";"Finanças públicas";"Títulos - federais - indexados - outros - fim período";"Títulos federais indexados a outros índices: fim período";"Não oculta";"Internet";60;0;0;"Incluída em 21/mar/2002.";NA;"BM12";"Internet";"Macro"
"5058";"SCN4_CFGGBM4";5;315;"Inativa";"IBGE/SCN 2000 Trim.";"Contas nacionais";"Consumo final - adm. pública - base móvel (média do ano anterior = 100) - ref. 2000";"Consumo final da administração pública: base móvel (média do ano anterior = 100) - referência 2000";"Não oculta";"Intranet";90;0;0;"Incluída em 03 / maio / 2007.";"Geradora";"SCN4";"Intranet";"Macro"
"5059";"SCN4_CFPPBM4";6;291;"Inativa";"IBGE/SCN 2000 Trim.";"Contas nacionais";"Consumo final - famílias - base móvel (média do ano anterior = 100) - ref. 2000";"Consumo final das famílias: base móvel (média do ano anterior = 100) - referência 2000";"Não oculta";"Intranet";90;0;0;"Incluída em 03 / maio / 2007.";"Geradora";"SCN4";"Intranet";"Macro"
"5060";"SCN4_FBKFBM4";18;121;"Inativa";"IBGE/SCN 2000 Trim.";"Contas nacionais";"Capital fixo - formação bruta - base móvel (média do ano anterior = 100) - ref. 2000";"Formação bruta de capital fixo: base móvel (média do ano anterior = 100) - referência 2000";"Não oculta";"Intranet";90;0;0;"Incluída em 03 / maio / 2007.";"Geradora";"SCN4";"Intranet";"Macro"
"5061";"SCN4_MBSZBM4";2;436;"Inativa";"IBGE/SCN 2000 Trim.";"Contas nacionais";"Importações - bens e serviços - base móvel (média do ano anterior = 100) - ref. 2000";"Importações de bens e serviços: base móvel (média do ano anterior = 100) - referência 2000";"Não oculta";"Intranet";90;0;0;"Incluída em 03 / maio / 2007.";"Geradora";"SCN4";"Intranet";"Macro"
"5062";"SCN4_PIBBM4";9;217;"Inativa";"IBGE/SCN 2000 Trim.";"Contas nacionais";"PIB - preços básicos - base móvel (média do ano anterior = 100) - ref. 2000";"Produto interno bruto (PIB) a preços básicos: base móvel (média do ano anterior = 100) - referência 2000";"Não oculta";"Intranet";90;0;0;"Incluída em 03 / maio / 2007.";NA;"SCN4";"Intranet";"Macro"
"5063";"SCN4_PIBAGRBM4";18;121;"Inativa";"IBGE/SCN 2000 Trim.";"Contas nacionais";"PIB - agropecuária - base móvel (média do ano anterior = 100) - ref. 2000";"Produto interno bruto (PIB) - agropecuária: base móvel (média do ano anterior = 100) - referência 2000";"Não oculta";"Intranet";90;0;0;"Incluída em 03 / maio / 2007.";NA;"SCN4";"Intranet";"Macro"
"5064";"SCN4_PIBDUMBM4";2;436;"Inativa";"IBGE/SCN 2000 Trim.";"Contas nacionais";"PIB - dummy financeiro - base móvel (média do ano anterior = 100) - ref. 2000";"Produto interno bruto (PIB) - dummy financeiro: base móvel (média do ano anterior = 100) - referência 2000";"Não oculta";"Intranet";60;0;0;"Incluída em 22/mar/2002.";NA;"SCN4";"Intranet";"Macro"
"5065";"SCN4_PIBICCBM4";9;217;"Inativa";"IBGE/SCN 2000 Trim.";"Contas nacionais";"PIB - indústria - construção - base móvel (média do ano anterior = 100) - ref. 2000";"Produto interno bruto (PIB) - indústria da construção civil: base móvel (média do ano anterior = 100) - referência 2000";"Não oculta";"Intranet";90;0;0;"Incluída em 03 / maio / 2007.";NA;"SCN4";"Intranet";"Macro"
"5066";"SCN4_PIBIEXBM4";2;436;"Inativa";"IBGE/SCN 2000 Trim.";"Contas nacionais";"PIB - indústria - extrativa mineral - base móvel (média do ano anterior = 100) - ref. 2000";"Produto interno bruto (PIB) - indústria extrativa mineral: base móvel (média do ano anterior = 100) - referência 2000";"Não oculta";"Intranet";90;0;0;"Incluída em 03 / maio / 2007.";NA;"SCN4";"Intranet";"Macro"
"5067";"SCN4_PIBINDBM4";9;217;"Inativa";"IBGE/SCN 2000 Trim.";"Contas nacionais";"PIB - indústria - base móvel (média do ano anterior = 100) - ref. 2000";"Produto interno bruto (PIB) - indústria: base móvel (média do ano anterior = 100) - referência 2000";"Não oculta";"Intranet";90;0;0;"Incluída em 03 / maio / 2007.";NA;"SCN4";"Intranet";"Macro"
"5068";"SCN4_PIBITRBM4";1;527;"Inativa";"IBGE/SCN 2000 Trim.";"Contas nacionais";"PIB - indústria - transformação - base móvel (média do ano anterior = 100) - ref. 2000";"Produto interno bruto (PIB) - indústria de transformação: base móvel (média do ano anterior = 100) - referência 2000";"Não oculta";"Intranet";90;0;0;"Incluída em 03 / maio / 2007.";NA;"SCN4";"Intranet";"Macro"
"5069";"SCN4_PIBIUPBM4";1;527;"Inativa";"IBGE/SCN 2000 Trim.";"Contas nacionais";"PIB - indústria - eletricidade, gás e água - base móvel (média do ano anterior - ref. 2000";"Produto interno bruto (PIB) - indústria - produção e distribuição - eletricidade, gás e água: base móvel (média do ano anterior = 100) - referência 2000";"Não oculta";"Intranet";90;0;0;"Incluída em 03 / maio / 2007.";NA;"SCN4";"Intranet";"Macro"
"5070";"SCN4_PIBIVABM4";4;347;"Inativa";"IBGE/SCN 2000 Trim.";"Contas nacionais";"PIB - impostos sobre produtos - base móvel (média do ano anterior = 100) - ref. 2000";"Produto interno bruto (PIB) - impostos sobre produtos: base móvel (média do ano anterior = 100) - referência 2000";"Não oculta";"Intranet";90;0;0;"Incluída em 03 / maio / 2007.";NA;"SCN4";"Intranet";"Macro"
"5071";"SCN4_PIBPMBM4";13;155;"Inativa";"IBGE/SCN 2000 Trim.";"Contas nacionais";"PIB - preços de mercado - base móvel (média do ano anterior = 100) - ref. 2000";"Produto interno bruto (PIB) a preços de mercado: base móvel (média do ano anterior = 100) - referência 2000";"Não oculta";"Intranet";90;0;0;"Incluída em 03 / maio / 2007.";"Geradora";"SCN4";"Intranet";"Macro"
"5072";"SCN4_PIBSALBM4";1;527;"Inativa";"IBGE/SCN 2000 Trim.";"Contas nacionais";"PIB - serviços - imobiliárias e aluguel - base móvel (média do ano anterior = 100) - ref. 2000";"Produto interno bruto (PIB) - serviços - atividades imobiliárias e aluguel: base móvel (média do ano anterior = 100) - referência 2000";"Não oculta";"Intranet";90;0;0;"Incluída em 03 / maio / 2007.";NA;"SCN4";"Intranet";"Macro"
"5073";"SCN4_PIBSAPBM4";NA;NA;"Inativa";"IBGE/SCN 2000 Trim.";"Contas nacionais";"PIB - serviços - adm., saúde e ed. públicas - base móvel (média do ano anterior = 100) - ref. 2000";"Produto interno bruto (PIB) - serviços - administração, saúde e educação públicas: base móvel (média do ano anterior = 100) - referência 2000";"Não oculta";"Intranet";90;0;0;"Incluída em 03 / maio / 2007.";NA;"SCN4";"Intranet";"Macro"
"5074";"SCN4_PIBSCMNBM4";NA;NA;"Inativa";"IBGE/SCN 2000 Trim.";"Contas nacionais";"PIB - serviços - serviços de informação - base móvel (média do ano anterio = 100) - ref. 2000";"Produto interno bruto (PIB) - serviços - serviços de informação: base móvel (média do ano anterior = 100) - referência 2000";"Não oculta";"Intranet";90;0;0;"Incluída em 03 / maio / 2007.";NA;"SCN4";"Intranet";"Macro"
"5075";"SCN4_PIBSCOBM4";1;527;"Inativa";"IBGE/SCN 2000 Trim.";"Contas nacionais";"PIB - serviços - comércio - base móvel (média do ano anterior = 100) - ref. 2000";"Produto interno bruto (PIB) - serviços - comércio: base móvel (média do ano anterior = 100) - referência 2000";"Não oculta";"Intranet";90;0;0;"Incluída em 03 / maio / 2007.";NA;"SCN4";"Intranet";"Macro"
"5076";"SCN4_PIBSERBM4";1;527;"Inativa";"IBGE/SCN 2000 Trim.";"Contas nacionais";"PIB - serviços - base móvel (média do ano anterior = 100) - ref. 2000";"Produto interno bruto (PIB) - serviços: base móvel (média do ano anterior = 100) - referência 2000";"Não oculta";"Intranet";90;0;0;"Incluída em 03 / maio / 2007.";NA;"SCN4";"Intranet";"Macro"
"5077";"SCN4_PIBSIFBM4";NA;NA;"Inativa";"IBGE/SCN 2000 Trim.";"Contas nacionais";"PIB - serviços - intermediação financeira - base móvel (média do ano anterior - ref. 2000";"Produto interno bruto (PIB) - serviços - intermediação financeira, previdencia complementar: base móvel (média do ano anterior = 100) - referência 2000";"Não oculta";"Intranet";90;0;0;"Incluída em 03 / maio / 2007.";NA;"SCN4";"Intranet";"Macro"
"5078";"SCN4_PIBSOSBM4";NA;NA;"Inativa";"IBGE/SCN 2000 Trim.";"Contas nacionais";"PIB - serviços - outros - base móvel (média do ano anterior = 100) - ref. 2000";"Produto interno bruto (PIB) - serviços - outros serviços: base móvel (média do ano anterior = 100) - referência 2000";"Não oculta";"Intranet";90;0;0;"Incluída em 03 / maio / 2007.";NA;"SCN4";"Intranet";"Macro"
"5079";"SCN4_PIBSTRBM4";1;527;"Inativa";"IBGE/SCN 2000 Trim.";"Contas nacionais";"PIB - serviços - transporte e correio - base móvel (média do ano anterior = 100) - ref. 2000";"Produto interno bruto (PIB) - serviços - transporte, armazenagem e correio: base móvel (média do ano anterior = 100) - referência 2000";"Não oculta";"Intranet";90;0;0;"Incluída em 03 / maio / 2007.";NA;"SCN4";"Intranet";"Macro"
"5080";"SCN4_XBSZBM4";6;291;"Inativa";"IBGE/SCN 2000 Trim.";"Contas nacionais";"Exportações - bens e serviços - base móvel (média do ano anterior = 100) - ref. 2000";"Exportações de bens e serviços: base móvel (média do ano anterior = 100) - referência 2000";"Não oculta";"Intranet";90;0;0;"Incluída em 03 / maio / 2007.";"Geradora";"SCN4";"Intranet";"Macro"
"5081";"BM_DEXTEI";165;63;"Ativa";"Bacen/Boletim/BP";"Balanço de pagamentos";"Dívida externa bruta";"Dívida externa bruta";"Não oculta";"Internet";60;0;0;"Incluída em 10/abr/2002.";NA;"BM";"Internet";"Macro"
"5082";"BM4_DEXTEI4";185;8;"Ativa";"Bacen/Boletim/BP";"Balanço de pagamentos";"Dívida externa";"Dívida externa";"Oculta";"Internet";60;0;0;"Incluída em 10/abr/2002.";NA;"BM4";"Oculta";"Macro"
"5083";"ANFAVE_MAGRIC";7;991;"Ativa";"Anfavea";"Produção";"Produção - máquinas agrícolas automotrizes - montados - qde.";"Produção - máquinas agrícolas automotrizes - montados - qde.";"Não oculta";"Intranet";360;0;0;NA;NA;"ANFAVE";"Intranet";"Macro"
"5084";"VALOR366_TJCBOND366";63;17;"Inativa";"Valor Econômico";"Financeiras";"C-Bond - spread";"C-Bond - spread";"Não oculta";"Internet";0;0;0;"Migrada de GM366_TJCBOND366 em 13/mar/2003.";NA;"VALOR366";"Internet";"Macro"
"5085";"HIST_IPAEUA";10;818;"Inativa";"Outras fontes";"Economia internacional";"IPA - índice (média 1995 = 100)";"IPA - índice (média 1995 = 100)";"Oculta";"Intranet";90;0;1;"Incluída em 08/mai/2002.";NA;"HIST";"Oculta";"Macro"
"5086";"LINKBR_PIBN";134;79;"Inativa";NA;"Projeções";"PIB - projeção";"Produto interno bruto (PIB): projeção";"Oculta";"Internet";90;0;0;"Incluída em 16/mai/2002";NA;"LINKBR";"Oculta";"Macro"
"5087";"LINKBR_CPN";26;432;"Inativa";NA;"Projeções";"Consumo privado - projeção";"Consumo privado - projeção";"Oculta";"Internet";90;0;0;"Incluída em 16/mai/2002";NA;"LINKBR";"Oculta";"Macro"
"5088";"LINKBR_CGN";24;457;"Inativa";NA;"Projeções";"Consumo do governo - projeção";"Consumo do governo - projeção";"Oculta";"Internet";90;0;0;"Incluída em 16/mai/2002";NA;"LINKBR";"Oculta";"Macro"
"5089";"LINKBR_IFN";17;594;"Inativa";NA;"Projeções";"Investimento fixo - projeção";"Investimento fixo - projeção";"Oculta";"Internet";90;0;0;"Incluída em 16/mai/2002";NA;"LINKBR";"Oculta";"Macro"
"5090";"LINKBR_XBSZN";28;415;"Inativa";NA;"Projeções";"Exportações - bens e serviços - projeção";"Exportações - bens e serviços - projeção";"Oculta";"Internet";90;0;0;"Incluída em 16/mai/2002";NA;"LINKBR";"Oculta";"Macro"
"5091";"LINKBR_MBSZN";14;680;"Inativa";NA;"Projeções";"Importações - bens e serviços - projeção";"Importações - bens e serviços - projeção";"Oculta";"Internet";90;0;0;"Incluída em 16/mai/2002";NA;"LINKBR";"Oculta";"Macro"
"5092";"SCN_XBN";18;565;"Inativa";"IBGE/SCN 2000 Anual";"Contas nacionais";"Exportações - bens - ref. 2000";"Exportações de bens - referência 2000";"Oculta";"Internet";720;0;0;"Incluída em 03 / maio / 2007.";NA;"SCN";"Oculta";"Macro"
"5093";"SCN_XSN";4;1216;"Inativa";"IBGE/SCN 2000 Anual";"Contas nacionais";"Exportações - serviços - ref. 2000";"Exportações de serviços - referência 2000";"Oculta";"Internet";720;0;0;"Incluída em 03 / maio / 2007.";NA;"SCN";"Oculta";"Macro"
"5094";"SCN_MBN";5;1138;"Inativa";"IBGE/SCN 2000 Anual";"Contas nacionais";"Importações - bens - ref. 2000";"Importações de bens - referência 2000";"Oculta";"Internet";720;0;0;"Incluída em 03 / maio / 2007.";NA;"SCN";"Oculta";"Macro"
"5095";"SCN_MSN";2;1445;"Inativa";"IBGE/SCN 2000 Anual";"Contas nacionais";"Importações - serviços - ref. 2000";"Importações de serviços - referência 2000";"Oculta";"Internet";720;0;0;"Incluída em 03 / maio / 2007.";NA;"SCN";"Oculta";"Macro"
"5096";"SCN_BSSN";20;518;"Inativa";"IBGE/SCN 2000 Anual";"Contas nacionais";"Bens e serviços - saldo externo - ref. 2000";"Bens e serviços - saldo externo - referência 2000";"Oculta";"Internet";360;0;0;"Incluída em 03 / maio / 2007.";NA;"SCN";"Oculta";"Macro"
"5097";"SCN_JUROUN";2;1445;"Inativa";"IBGE/SCN 2000 Anual";"Contas nacionais";"Rendas de propriedades - juros (usos) - ref. 2000";"Rendas de propriedades - juros (usos) - referência 2000";"Oculta";"Internet";720;0;0;"Incluída em 03 / maio / 2007.";NA;"SCN";"Oculta";"Macro"
"5098";"SCN_JURORN";1;1606;"Inativa";"IBGE/SCN 2000 Anual";"Contas nacionais";"Rendas de propriedades - juros (recursos) - ref. 2000";"Rendas de propriedades - juros (recursos) - referência 2000";"Oculta";"Internet";720;0;0;"Incluída em 03 / maio / 2007.";NA;"SCN";"Oculta";"Macro"
"5099";"SCN_DIVRN";2;1445;"Inativa";"IBGE/SCN 2000 Anual";"Contas nacionais";"Rendas de propriedades - dividendos (recursos) - ref. 2000";"Rendas de propriedades - dividendos (recursos) - referência 2000";"Oculta";"Internet";720;0;0;"Incluída em 03 / maio / 2007.";NA;"SCN";"Oculta";"Macro"
"5100";"SCN_DIVUN";4;1216;"Inativa";"IBGE/SCN 2000 Anual";"Contas nacionais";"Rendas de propriedades - dividendos (usos) - ref. 2000";"Rendas de propriedades - dividendos (usos) - referência 2000";"Oculta";"Internet";720;0;0;"Incluída em 03 / maio / 2007.";NA;"SCN";"Oculta";"Macro"
"5101";"SCN_TRCDN";NA;NA;"Inativa";"IBGE/SCN 2000 Anual";"Contas nacionais";"Transferências correntes - diversas (recursos) - ref. 2000";"Transferências correntes - diversas (recursos) - referência 2000";"Oculta";"Internet";720;0;0;"Incluída em 03 / maio / 2007.";NA;"SCN";"Oculta";"Macro"
"5102";"SCN_TUCDN";NA;NA;"Inativa";"IBGE/SCN 2000 Anual";"Contas nacionais";"Transferências correntes - diversas (usos) - ref. 2000";"Transferências correntes - diversas (usos) - referência 2000";"Oculta";"Internet";720;0;0;"Incluída em 03 / maio / 2007.";NA;"SCN";"Oculta";"Macro"
"5103";"SCN_TRKN";NA;NA;"Inativa";"IBGE/SCN 2000 Anual";"Contas nacionais";"Transferências capital - enviadas e recebidas do resto do mundo (recursos) - ref. 2000";"Transferências de capital - enviadas e recebidas do resto do mundo (recursos) - referência 2000";"Oculta";"Internet";720;0;0;"Incluída em 03 / maio / 2007.";NA;"SCN";"Oculta";"Macro"
"5104";"SCN_TUKN";NA;NA;"Inativa";"IBGE/SCN 2000 Anual";"Contas nacionais";"Transferências capital - enviadas e recebidas do resto do mundo (usos) - ref. 2000";"Transferências de capital - enviadas e recebidas do resto do mundo (usos) - referência 2000";"Oculta";"Internet";720;0;0;"Incluída em 03 / maio / 2007.";NA;"SCN";"Oculta";"Macro"
"5105";"SCN_SECN";6;1048;"Inativa";"IBGE/SCN 2000 Anual";"Contas nacionais";"Saldo externo corrente - ref. 2000";"Saldo externo corrente - referência 2000";"Oculta";"Internet";720;0;0;"Incluída em 03 / maio / 2007.";NA;"SCN";"Oculta";"Macro"
"5106";"SCN_VPLN";2;1445;"Inativa";"IBGE/SCN 2000 Anual";"Contas nacionais";"Patrimônio líquido - entre poupança e transferências capital - variação - ref. 2000";"Patrimônio líquido - entre poupança e transferências de capital - variação - referência 2000";"Oculta";"Internet";720;0;0;"Incluída em 03 / maio / 2007.";NA;"SCN";"Oculta";"Macro"
"5107";"SCN_RPUN";1;1606;"Inativa";"IBGE/SCN 2000 Anual";"Contas nacionais";"Rendas de propriedade - usos - ref. 2000";"Rendas de propriedade - usos - referência 2000";"Oculta";"Internet";720;0;0;"Incluída em 03 / maio / 2007.";NA;"SCN";"Oculta";"Macro"
"5108";"SCN_RPRN";NA;NA;"Inativa";"IBGE/SCN 2000 Anual";"Contas nacionais";"Rendas de propriedade - recursos - ref. 2000";"Rendas de propriedade - recursos - referência 2000";"Oculta";"Internet";720;0;0;"Incluída em 03 / maio / 2007.";NA;"SCN";"Oculta";"Macro"
"5109";"SCN_CSEN";1;1606;"Inativa";"IBGE/SCN 2000 Anual";"Contas nacionais";"Remuneração empregados - contribuições sociais efetivas - ref. 2000";"Remuneração de empregados - contribuições sociais efetivas - referência 2000";"Oculta";"Internet";720;0;0;"Incluída em 03 / maio / 2007.";NA;"SCN";"Oculta";"Macro"
"5110";"SCN_RWN";39;298;"Inativa";"IBGE/SCN 2000 Anual";"Contas nacionais";"Remuneração empregados - salários - ref. 2000";"Remuneração de empregados - salários - referência 2000";"Oculta";"Internet";720;0;0;"Incluída em 03 / maio / 2007.";NA;"SCN";"Oculta";"Macro"
"5111";"GM12_DOW12";38;345;"Ativa";"Valor Econômico";"Economia internacional";"índice de ações - Dow Jones - fechamento";"índice de ações: Dow Jones - fechamento";"Não oculta";"Internet";5;0;0;"Incluída em 29/mai/2002. Migrada em 12/dez/2002.";NA;"GM12";"Internet";"Macro"
"5112";"GM12_NASDAQ12";12;812;"Ativa";"Nasdaq";"Economia internacional";"índice de ações - NASDAQ - fechamento";"índice de ações: NASDAQ - fechamento";"Não oculta";"Internet";5;0;0;"Incluída em 29/mai/2002. Migrada em 12/dez/2002.";NA;"GM12";"Internet";"Macro"
"5113";"FCESP12_CINECD12";2;1480;"Inativa";"Fecomercio SP";"Consumo e vendas";"Comércio - cine, foto, som, ótica e CD - faturamento - índice (média 1998 = 100) - RMSP";"Comércio - cine, foto, som, ótica e CD - faturamento - índice (média 1998 = 100) - RMSP";"Não oculta";"Internet";0;0;0;"Incluída em 10/jun/2002.";NA;"FCESP12";"Internet";"Macro"
"5114";"FCESP12_CD12";2;1480;"Inativa";"Fecomercio SP";"Consumo e vendas";"Comércio - CD - faturamento - índice (média 1998 = 100) - RMSP";"Comércio - CD - faturamento - índice (média 1998 = 100) - RMSP";"Não oculta";"Internet";0;0;0;"Incluída em 10/jun/2002.";NA;"FCESP12";"Internet";"Macro"
"5115";"BM12_TPBC12";12;812;"Inativa";"Bacen/Not. Imp./F. Púb.";"Finanças públicas";"Títulos públicos federais - carteira do Banco Central - fim período";"Títulos públicos federais - carteira do Banco Central - fim período";"Não oculta";"Internet";60;0;0;"Incluída em 10/jun/2002.";NA;"BM12";"Internet";"Macro"
"5116";"BPN_FINIEOUT";13;708;"Inativa";"Bacen/BP (BPM5)";"Balanço de pagamentos";"Conta financeira - invest. estrang. - outros (Antiga metod. - BPM5)";"Conta financeira - investimentos estrangeiros - outros (Antiga metodologia - BPM5)";"Não oculta";"Internet";25;0;0;"Incluída em 20/jun/2002.";NA;"BPN";"Internet";"Macro"
"5117";"BPN_FINIBOUT";75;144;"Inativa";"Bacen/BP (BPM5)";"Balanço de pagamentos";"Conta financeira - invest. brasil. - outros (Antiga metod. - BPM5)";"Conta financeira - investimentos brasileiros - outros (Antiga metodologia - BPM5)";"Não oculta";"Internet";25;0;0;"Incluída em 20/jun/2002.";NA;"BPN";"Internet";"Macro"
"5118";"BPN_FINIDECA";6;1048;"Inativa";"Bacen/BP (BPM5)";"Balanço de pagamentos";"Conta financeira - invest. estrang. carteira - ações (Antiga metod. - BPM5)";"Conta financeira - investimentos estrangeiros em carteira - ações (Antiga metodologia - BPM5)";"Não oculta";"Internet";25;0;0;"Incluída em 20/jun/2002.";NA;"BPN";"Internet";"Macro"
"5119";"BPN_FINIDECRF";8;932;"Inativa";"Bacen/BP (BPM5)";"Balanço de pagamentos";"Conta financeira - invest. estrang. carteira - tít. renda fixa (Antiga metod. - BPM5)";"Conta financeira - investimentos estrangeiros em carteira - títulos de renda fixa (Antiga metodologia - BPM5)";"Não oculta";"Internet";25;0;0;"Incluída em 20/jun/2002.";NA;"BPN";"Internet";"Macro"
"5120";"BPN_FINIDECRFP";7;991;"Inativa";"Bacen/BP (BPM5)";"Balanço de pagamentos";"Conta financeira - invest. estrang. carteira - tít. renda fixa - negoc. no país (Antiga metod. - BPM";"Conta financeira - investimentos estrangeiros em carteira - títulos de renda fixa - negociados no país (Antiga metodologia - BPM5)";"Não oculta";"Internet";25;0;0;"Incluída em 20/jun/2002.";NA;"BPN";"Internet";"Macro"
"5121";"BPN_FINIDECRFE";5;1138;"Inativa";"Bacen/BP (BPM5)";"Balanço de pagamentos";"Conta financeira - invest. estrang. carteira - tít. renda fixa - negoc. no exterior (Antiga metod. -";"Conta financeira - investimentos estrangeiros em carteira - títulos de renda fixa - negociados no exterior (Antiga metodologia - BPM5)";"Não oculta";"Internet";25;0;0;"Incluída em 20/jun/2002.";NA;"BPN";"Internet";"Macro"
"5122";"BPN_FINIDECRFB";7;991;"Inativa";"Bacen/BP (BPM5)";"Balanço de pagamentos";"Conta financeira - invest. estrang. carteira - tít. renda fixa - bônus (Antiga metod. - BPM5)";"Conta financeira - investimentos estrangeiros em carteira - títulos de renda fixa - bônus (Antiga metodologia - BPM5)";"Não oculta";"Internet";25;0;0;"Incluída em 20/jun/2002.";NA;"BPN";"Internet";"Macro"
"5123";"BPN4_FINIEOUT4";2;436;"Inativa";"Bacen/BP (BPM5)";"Balanço de pagamentos";"Conta financeira - invest. estrang. - outros (Antiga metod. - BPM5)";"Conta financeira - investimentos estrangeiros - outros (Antiga metodologia - BPM5)";"Não oculta";"Internet";25;0;0;"Incluída em 20/jun/2002.";NA;"BPN4";"Internet";"Macro"
"5124";"BPN_FINIDECRFC";3;1315;"Inativa";"Bacen/BP (BPM5)";"Balanço de pagamentos";"Conta financeira - invest. estrang. carteira - tít. renda fixa - commercial papers (Antiga metod. -";"Conta financeira - investimentos estrangeiros em carteira - títulos de renda fixa - commercial papers (Antiga metodologia - BPM5)";"Não oculta";"Internet";25;0;0;"Incluída em 20/jun/2002.";NA;"BPN";"Internet";"Macro"
"5125";"BPN_FINIDECRFCP";9;871;"Inativa";"Bacen/BP (BPM5)";"Balanço de pagamentos";"Conta financeira - invest. estrang. carteira - tít. renda fixa - curto prazo (Antiga metod. - BPM5)";"Conta financeira - investimentos estrangeiros em carteira - títulos de renda fixa - curto prazo (Antiga metodologia - BPM5)";"Não oculta";"Internet";25;0;0;"Incluída em 20/jun/2002.";NA;"BPN";"Internet";"Macro"
"5126";"BPN4_FINIBOUT4";4;347;"Inativa";"Bacen/BP (BPM5)";"Balanço de pagamentos";"Conta financeira - invest. brasil. - outros (Antiga metod. - BPM5)";"Conta financeira - investimentos brasileiros - outros (Antiga metodologia - BPM5)";"Não oculta";"Internet";25;0;0;"Incluída em 20/jun/2002.";NA;"BPN4";"Internet";"Macro"
"5127";"BPN_FINIDBCA";11;772;"Inativa";"Bacen/BP (BPM5)";"Balanço de pagamentos";"Conta financeira - invest. brasil. carteira - ações (Antiga metod. - BPM5)";"Conta financeira - investimentos brasileiros em carteira - ações (Antiga metodologia - BPM5)";"Não oculta";"Internet";25;0;0;"Incluída em 20/jun/2002.";NA;"BPN";"Internet";"Macro"
"5128";"BPN_FINIDBCRF";6;1048;"Inativa";"Bacen/BP (BPM5)";"Balanço de pagamentos";"Conta financeira - invest. brasil. carteira - títulos de renda fixa (Antiga metod. - BPM5)";"Conta financeira - investimentos brasileiros em carteira - títulos de renda fixa (Antiga metodologia - BPM5)";"Não oculta";"Internet";25;0;0;"Incluída em 20/jun/2002.";NA;"BPN";"Internet";"Macro"
"5129";"BPN4_FINIDECA4";2;436;"Inativa";"Bacen/BP (BPM5)";"Balanço de pagamentos";"Conta financeira - invest. estrang. carteira - ações (Antiga metod. - BPM5)";"Conta financeira - investimentos estrangeiros em carteira - ações (Antiga metodologia - BPM5)";"Não oculta";"Internet";25;0;0;"Incluída em 20/jun/2002.";NA;"BPN4";"Internet";"Macro"
"5130";"BPN4_FINIDECRF4";1;527;"Inativa";"Bacen/BP (BPM5)";"Balanço de pagamentos";"Conta financeira - invest. estrang. carteira - tít. renda fixa (Antiga metod. - BPM5)";"Conta financeira - investimentos estrangeiros em carteira - títulos de renda fixa (Antiga metodologia - BPM5)";"Não oculta";"Internet";25;0;0;"Incluída em 20/jun/2002.";NA;"BPN4";"Internet";"Macro"
"5131";"BPN4_FINIDECRFP4";1;527;"Inativa";"Bacen/BP (BPM5)";"Balanço de pagamentos";"Conta financeira - invest. estrang. carteira - tít. renda fixa - negoc. no país (Antiga metod. - BPM";"Conta financeira - investimentos estrangeiros em carteira - títulos de renda fixa - negociados no país (Antiga metodologia - BPM5)";"Não oculta";"Internet";25;0;0;"Incluída em 20/jun/2002.";NA;"BPN4";"Internet";"Macro"
"5132";"BPN4_FINIDECRFE4";1;527;"Inativa";"Bacen/BP (BPM5)";"Balanço de pagamentos";"Conta financeira - invest. estrang. carteira - tít. renda fixa - negoc. no exterior (Antiga metod. -";"Conta financeira - investimentos estrangeiros em carteira - títulos de renda fixa - negociados no exterior (Antiga metodologia - BPM5)";"Não oculta";"Internet";25;0;0;"Incluída em 20/jun/2002.";NA;"BPN4";"Internet";"Macro"
"5133";"BPN4_FINIDECRFB4";1;527;"Inativa";"Bacen/BP (BPM5)";"Balanço de pagamentos";"Conta financeira - invest. estrang. carteira - tít. renda fixa - bônus (Antiga metod. - BPM5)";"Conta financeira - investimentos estrangeiros em carteira - títulos de renda fixa - bônus (Antiga metodologia - BPM5)";"Não oculta";"Internet";25;0;0;"Incluída em 20/jun/2002.";NA;"BPN4";"Internet";"Macro"
"5134";"BPN4_FINIDECRFC4";1;527;"Inativa";"Bacen/BP (BPM5)";"Balanço de pagamentos";"Conta financeira - invest. estrang. carteira - tít. renda fixa - commercial papers (Antiga metod. -";"Conta financeira - investimentos estrangeiros em carteira - títulos de renda fixa - commercial papers (Antiga metodologia - BPM5)";"Não oculta";"Internet";25;0;0;"Incluída em 20/jun/2002.";NA;"BPN4";"Internet";"Macro"
"5135";"BPN4_FINIDECRFCP4";2;436;"Inativa";"Bacen/BP (BPM5)";"Balanço de pagamentos";"Conta financeira - invest. estrang. carteira - tít. renda fixa - curto prazo (Antiga metod. - BPM5)";"Conta financeira - investimentos estrangeiros em carteira - títulos de renda fixa - curto prazo (Antiga metodologia - BPM5)";"Não oculta";"Internet";25;0;0;"Incluída em 20/jun/2002.";NA;"BPN4";"Internet";"Macro"
"5136";"BPN4_FINIDBCA4";2;436;"Inativa";"Bacen/BP (BPM5)";"Balanço de pagamentos";"Conta financeira - invest. brasil. carteira - ações (Antiga metod. - BPM5)";"Conta financeira - investimentos brasileiros em carteira - ações (Antiga metodologia - BPM5)";"Não oculta";"Internet";25;0;0;"Incluída em 20/jun/2002.";NA;"BPN4";"Internet";"Macro"
"5137";"BPN4_FINIDBCRF4";2;436;"Inativa";"Bacen/BP (BPM5)";"Balanço de pagamentos";"Conta financeira - invest. brasil. carteira - títulos de renda fixa (Antiga metod. - BPM5)";"Conta financeira - investimentos brasileiros em carteira - títulos de renda fixa (Antiga metodologia - BPM5)";"Não oculta";"Internet";25;0;0;"Incluída em 20/jun/2002.";NA;"BPN4";"Internet";"Macro"
"5138";"BPN12_FINIEOUT12";15;714;"Inativa";"Bacen/BP (BPM5)";"Balanço de pagamentos";"Conta financeira - invest. estrang. - outros (Antiga metod. - BPM5)";"Conta financeira - investimentos estrangeiros - outros (Antiga metodologia - BPM5)";"Não oculta";"Internet";25;0;0;"Incluída em 20/jun/2002.";NA;"BPN12";"Internet";"Macro"
"5139";"BPN12_FINIBOUT12";37;351;"Inativa";"Bacen/BP (BPM5)";"Balanço de pagamentos";"Conta financeira - invest. brasil. - outros (Antiga metod. - BPM5)";"Conta financeira - investimentos brasileiros - outros (Antiga metodologia - BPM5)";"Não oculta";"Internet";25;0;0;"Incluída em 20/jun/2002.";NA;"BPN12";"Internet";"Macro"
"5140";"BPN12_FINIDECA12";11;856;"Inativa";"Bacen/BP (BPM5)";"Balanço de pagamentos";"Conta financeira - invest. estrang. carteira - ações (Antiga metod. - BPM5)";"Conta financeira - investimentos estrangeiros em carteira - ações (Antiga metodologia - BPM5)";"Não oculta";"Internet";25;0;0;"Incluída em 20/jun/2002.";NA;"BPN12";"Internet";"Macro"
"5141";"BPN12_FINIDECRF12";5;1176;"Inativa";"Bacen/BP (BPM5)";"Balanço de pagamentos";"Conta financeira - invest. estrang. carteira - tít. renda fixa (Antiga metod. - BPM5)";"Conta financeira - investimentos estrangeiros em carteira - títulos de renda fixa (Antiga metodologia - BPM5)";"Não oculta";"Internet";25;0;0;"Incluída em 20/jun/2002.";NA;"BPN12";"Internet";"Macro"
"5142";"BPN12_FINIDECRFP12";5;1176;"Inativa";"Bacen/BP (BPM5)";"Balanço de pagamentos";"Conta financeira - invest. estrang. carteira - tít. renda fixa - negoc. no país (Antiga metod. - BPM";"Conta financeira - investimentos estrangeiros em carteira - títulos de renda fixa - negociados no país (Antiga metodologia - BPM5)";"Não oculta";"Internet";25;0;0;"Incluída em 20/jun/2002.";NA;"BPN12";"Internet";"Macro"
"5143";"BPN12_FINIDECRFE12";3;1356;"Inativa";"Bacen/BP (BPM5)";"Balanço de pagamentos";"Conta financeira - invest. estrang. carteira - tít. renda fixa - negoc. no exterior (Antiga metod. -";"Conta financeira - investimentos estrangeiros em carteira - títulos de renda fixa - negociados no exterior (Antiga metodologia - BPM5)";"Não oculta";"Internet";25;0;0;"Incluída em 20/jun/2002.";NA;"BPN12";"Internet";"Macro"
"5144";"BPN12_FINIDECRFB12";4;1262;"Inativa";"Bacen/BP (BPM5)";"Balanço de pagamentos";"Conta financeira - invest. estrang. carteira - tít. renda fixa - bônus (Antiga metod. - BPM5)";"Conta financeira - investimentos estrangeiros em carteira - títulos de renda fixa - bônus (Antiga metodologia - BPM5)";"Não oculta";"Internet";25;0;0;"Incluída em 20/jun/2002.";NA;"BPN12";"Internet";"Macro"
"5145";"BPN12_FINIDECRFC12";3;1356;"Inativa";"Bacen/BP (BPM5)";"Balanço de pagamentos";"Conta financeira - invest. estrang. carteira - tít. renda fixa - commercial papers (Antiga metod. -";"Conta financeira - investimentos estrangeiros em carteira - títulos de renda fixa - commercial papers (Antiga metodologia - BPM5)";"Não oculta";"Internet";25;0;0;"Incluída em 20/jun/2002.";NA;"BPN12";"Internet";"Macro"
"5146";"BPN12_FINIDECRFCP12";6;1117;"Inativa";"Bacen/BP (BPM5)";"Balanço de pagamentos";"Conta financeira - invest. estrang. carteira - tít. renda fixa - curto prazo (Antiga metod. - BPM5)";"Conta financeira - investimentos estrangeiros em carteira - títulos de renda fixa - curto prazo (Antiga metodologia - BPM5)";"Não oculta";"Internet";25;0;0;"Incluída em 20/jun/2002.";NA;"BPN12";"Internet";"Macro"
"5147";"BPN12_FINIDBCA12";8;996;"Inativa";"Bacen/BP (BPM5)";"Balanço de pagamentos";"Conta financeira - invest. brasil. carteira - ações (Antiga metod. - BPM5)";"Conta financeira - investimentos brasileiros em carteira - ações (Antiga metodologia - BPM5)";"Não oculta";"Internet";25;0;0;"Incluída em 20/jun/2002.";NA;"BPN12";"Internet";"Macro"
"5148";"BPN12_FINIDBCRF12";7;1050;"Inativa";"Bacen/BP (BPM5)";"Balanço de pagamentos";"Conta financeira - invest. brasil. carteira - títulos de renda fixa (Antiga metod. - BPM5)";"Conta financeira - investimentos brasileiros em carteira - títulos de renda fixa (Antiga metodologia - BPM5)";"Não oculta";"Internet";25;0;0;"Incluída em 20/jun/2002.";NA;"BPN12";"Internet";"Macro"
"5149";"BPN_AMPL";3;1315;"Inativa";"Bacen/BP (BPM5)";"Balanço de pagamentos";"Usos e fontes - usos - amortizações - médio / longo prazos (Antiga metod. - BPM5)";"Usos e fontes: usos - amortizações de médio e longo prazos (Antiga metodologia - BPM5)";"Não oculta";"Internet";25;0;0;"Incluída em 20/jun/2002.";NA;"BPN";"Internet";"Macro"
"5150";"BPN_FONATB";4;1216;"Inativa";"Bacen/BP (BPM5)";"Balanço de pagamentos";"Usos e fontes - fontes - ativos brasileiros no exterior (Antiga metod. - BPM5)";"Usos e fontes: fontes - ativos brasileiros no exterior (Antiga metodologia - BPM5)";"Não oculta";"Internet";25;0;0;"Incluída em 20/jun/2002.";NA;"BPN";"Internet";"Macro"
"5151";"BPN_FONDLP";1;1606;"Inativa";"Bacen/BP (BPM5)";"Balanço de pagamentos";"Usos e fontes - fontes - desembolsos - médio / longo prazos (Antiga metod. - BPM5)";"Usos e fontes: fontes - desembolsos de médio e longo prazos (Antiga metodologia - BPM5)";"Não oculta";"Internet";25;0;0;"Incluída em 20/jun/2002.";NA;"BPN";"Internet";"Macro"
"5152";"BPN_FONINV";4;1216;"Inativa";"Bacen/BP (BPM5)";"Balanço de pagamentos";"Usos e fontes - fontes - investimento - ações e papéis domésticos - longo prazo (Antiga metod. - BPM";"Usos e fontes: fontes - investimento - ações e papéis domésticos de longo prazo (Antiga metodologia - BPM5)";"Não oculta";"Internet";25;0;0;"Incluída em 20/jun/2002.";NA;"BPN";"Internet";"Macro"
"5153";"BPN_FONOUT";1;1606;"Inativa";"Bacen/BP (BPM5)";"Balanço de pagamentos";"Usos e fontes - fontes - curto prazo e demais (Antiga metod. - BPM5)";"Usos e fontes: fontes - curto prazo e demais (Antiga metodologia - BPM5)";"Não oculta";"Internet";25;0;0;"Incluída em 20/jun/2002.";NA;"BPN";"Internet";"Macro"
"5154";"BPN_HACP";1;1606;"Inativa";"Bacen/BP (BPM5)";"Balanço de pagamentos";"Usos e fontes - fontes - ativos de reservas (Antiga metod. - BPM5)";"Usos e fontes: fontes - ativos de reservas (Antiga metodologia - BPM5)";"Não oculta";"Internet";25;0;0;"Incluída em 20/jun/2002.";NA;"BPN";"Internet";"Macro"
"5155";"BPN_LUDDES";6;1048;"Inativa";"Bacen/BP (BPM5)";"Balanço de pagamentos";"Serviços e rendas - rendas - lucros e dividendos - despesas (Antiga metod. - BPM5)";"Serviços e rendas - rendas - lucros e dividendos - despesas (Antiga metodologia - BPM5)";"Não oculta";"Internet";25;0;0;"Incluída em 20/jun/2002.";NA;"BPN";"Internet";"Macro"
"5156";"BPN_LUDREC";2;1445;"Inativa";"Bacen/BP (BPM5)";"Balanço de pagamentos";"Serviços e rendas - rendas - lucros e dividendos - receitas (Antiga metod. - BPM5)";"Serviços e rendas - rendas - lucros e dividendos - receitas (Antiga metodologia - BPM5)";"Não oculta";"Internet";25;0;0;"Incluída em 20/jun/2002.";NA;"BPN";"Internet";"Macro"
"5157";"BPN4_AMPL4";1;527;"Inativa";"Bacen/BP (BPM5)";"Balanço de pagamentos";"Usos e fontes - usos - amortizações - médio / longo prazos (Antiga metod. - BPM5)";"Usos e fontes: usos - amortizações de médio e longo prazos (Antiga metodologia - BPM5)";"Não oculta";"Internet";25;0;0;"Incluída em 20/jun/2002.";NA;"BPN4";"Internet";"Macro"
"5158";"BPN_OT";6;1048;"Inativa";"Bacen/BP (BPM5)";"Balanço de pagamentos";"Serviços e rendas - exceto juros (Antiga metod. - BPM5)";"Serviços e rendas - exceto juros (Antiga metodologia - BPM5)";"Não oculta";"Internet";25;0;0;"Incluída em 20/jun/2002.";NA;"BPN";"Internet";"Macro"
"5159";"BPN4_FONATB4";2;436;"Inativa";"Bacen/BP (BPM5)";"Balanço de pagamentos";"Usos e fontes - fontes - ativos brasileiros no exterior (Antiga metod. - BPM5)";"Usos e fontes: fontes - ativos brasileiros no exterior (Antiga metodologia - BPM5)";"Não oculta";"Internet";25;0;0;"Incluída em 20/jun/2002.";NA;"BPN4";"Internet";"Macro"
"5160";"BPN_SERDES";45;267;"Inativa";"Bacen/BP (BPM5)";"Balanço de pagamentos";"Serviços e rendas - despesas (Antiga metod. - BPM5)";"Serviços e rendas - despesas (Antiga metodologia - BPM5)";"Não oculta";"Internet";25;0;0;"Incluída em 20/jun/2002.";NA;"BPN";"Internet";"Macro"
"5161";"BPN_SERRDES";8;932;"Inativa";"Bacen/BP (BPM5)";"Balanço de pagamentos";"Serviços e rendas - rendas - despesas (Antiga metod. - BPM5)";"Serviços e rendas - rendas - despesas (Antiga metodologia - BPM5)";"Não oculta";"Internet";25;0;0;"Incluída em 20/jun/2002.";NA;"BPN";"Internet";"Macro"
"5162";"BPN4_FONDLP4";1;527;"Inativa";"Bacen/BP (BPM5)";"Balanço de pagamentos";"Usos e fontes - fontes - desembolsos - médio / longo prazos (Antiga metod. - BPM5)";"Usos e fontes: fontes - desembolsos de médio e longo prazos (Antiga metodologia - BPM5)";"Não oculta";"Internet";25;0;0;"Incluída em 20/jun/2002.";NA;"BPN4";"Internet";"Macro"
"5163";"BPN_SERREC";23;471;"Inativa";"Bacen/BP (BPM5)";"Balanço de pagamentos";"Serviços e rendas - receitas (Antiga metod. - BPM5)";"Serviços e rendas - receitas (Antiga metodologia - BPM5)";"Não oculta";"Internet";25;0;0;"Incluída em 20/jun/2002.";NA;"BPN";"Internet";"Macro"
"5164";"BPN_SERRIC";6;1048;"Inativa";"Bacen/BP (BPM5)";"Balanço de pagamentos";"Serviços e rendas - rendas - renda de investimentos em carteira - saldo (Antiga metod. - BPM5)";"Serviços e rendas - rendas - renda de investimentos em carteira - saldo (Antiga metodologia - BPM5)";"Não oculta";"Internet";25;0;0;"Incluída em 20/jun/2002.";NA;"BPN";"Internet";"Macro"
"5165";"BPN4_FONINV4";1;527;"Inativa";"Bacen/BP (BPM5)";"Balanço de pagamentos";"Usos e fontes - fontes - investimento - ações e papéis domésticos - longo prazo (Antiga metod. - BPM";"Usos e fontes: fontes - investimento - ações e papéis domésticos de longo prazo (Antiga metodologia - BPM5)";"Não oculta";"Internet";25;0;0;"Incluída em 20/jun/2002.";NA;"BPN4";"Internet";"Macro"
"5166";"BPN_SERRICDES";2;1445;"Inativa";"Bacen/BP (BPM5)";"Balanço de pagamentos";"Serviços e rendas - rendas - renda de investimentos em carteira - despesas (Antiga metod. - BPM5)";"Serviços e rendas - rendas - renda de investimentos em carteira - despesas (Antiga metodologia - BPM5)";"Não oculta";"Internet";25;0;0;"Incluída em 20/jun/2002.";NA;"BPN";"Internet";"Macro"
"5167";"BPN_SERRICREC";2;1445;"Inativa";"Bacen/BP (BPM5)";"Balanço de pagamentos";"Serviços e rendas - rendas - renda de investimentos em carteira - receitas (Antiga metod. - BPM5)";"Serviços e rendas - rendas - renda de investimentos em carteira - receitas (Antiga metodologia - BPM5)";"Não oculta";"Internet";25;0;0;"Incluída em 20/jun/2002.";NA;"BPN";"Internet";"Macro"
"5168";"BPN_SERRID";10;818;"Inativa";"Bacen/BP (BPM5)";"Balanço de pagamentos";"Serviços e rendas - rendas - renda de investimentos diretos - saldo (Antiga metod. - BPM5)";"Serviços e rendas - rendas - renda de investimentos diretos - saldo (Antiga metodologia - BPM5)";"Não oculta";"Internet";25;0;0;"Incluída em 20/jun/2002.";NA;"BPN";"Internet";"Macro"
"5169";"BPN4_FONOUT4";1;527;"Inativa";"Bacen/BP (BPM5)";"Balanço de pagamentos";"Usos e fontes - fontes - curto prazo e demais (Antiga metod. - BPM5)";"Usos e fontes: fontes - curto prazo e demais (Antiga metodologia - BPM5)";"Não oculta";"Internet";25;0;0;"Incluída em 20/jun/2002.";NA;"BPN4";"Internet";"Macro"
"5170";"BPN_SERRIDDES";3;1315;"Inativa";"Bacen/BP (BPM5)";"Balanço de pagamentos";"Serviços e rendas - rendas - renda de investimentos diretos - despesas (Antiga metod. - BPM5)";"Serviços e rendas - rendas - renda de investimentos diretos - despesas (Antiga metodologia - BPM5)";"Não oculta";"Internet";25;0;0;"Incluída em 20/jun/2002.";NA;"BPN";"Internet";"Macro"
"5171";"BPN_SERRIDREC";3;1315;"Inativa";"Bacen/BP (BPM5)";"Balanço de pagamentos";"Serviços e rendas - rendas - renda de investimentos diretos - receitas (Antiga metod. - BPM5)";"Serviços e rendas - rendas - renda de investimentos diretos - receitas (Antiga metodologia - BPM5)";"Não oculta";"Internet";25;0;0;"Incluída em 20/jun/2002.";NA;"BPN";"Internet";"Macro"
"5172";"BPN4_HACP4";2;436;"Inativa";"Bacen/BP (BPM5)";"Balanço de pagamentos";"Usos e fontes - fontes - ativos de reservas (Antiga metod. - BPM5)";"Usos e fontes: fontes - ativos de reservas (Antiga metodologia - BPM5)";"Não oculta";"Internet";25;0;0;"Incluída em 20/jun/2002.";NA;"BPN4";"Internet";"Macro"
"5173";"BPN_SERRINV";10;818;"Inativa";"Bacen/BP (BPM5)";"Balanço de pagamentos";"Serviços e rendas - rendas - renda de investimentos - saldo (Antiga metod. - BPM5)";"Serviços e rendas - rendas - renda de investimentos - saldo (Antiga metodologia - BPM5)";"Não oculta";"Internet";25;0;0;"Incluída em 20/jun/2002.";NA;"BPN";"Internet";"Macro"
"5174";"BPN_SERRINVDES";3;1315;"Inativa";"Bacen/BP (BPM5)";"Balanço de pagamentos";"Serviços e rendas - rendas - renda de investimentos - despesas (Antiga metod. - BPM5)";"Serviços e rendas - rendas - renda de investimentos - despesas (Antiga metodologia - BPM5)";"Não oculta";"Internet";25;0;0;"Incluída em 20/jun/2002.";NA;"BPN";"Internet";"Macro"
"5175";"BPN4_LUDDES4";2;436;"Inativa";"Bacen/BP (BPM5)";"Balanço de pagamentos";"Serviços e rendas - rendas - lucros e dividendos - despesas (Antiga metod. - BPM5)";"Serviços e rendas - rendas - lucros e dividendos - despesas (Antiga metodologia - BPM5)";"Não oculta";"Internet";25;0;0;"Incluída em 20/jun/2002.";NA;"BPN4";"Internet";"Macro"
"5176";"BPN_SERRINVREC";2;1445;"Inativa";"Bacen/BP (BPM5)";"Balanço de pagamentos";"Serviços e rendas - rendas - renda de investimentos - receitas (Antiga metod. - BPM5)";"Serviços e rendas - rendas - renda de investimentos - receitas (Antiga metodologia - BPM5)";"Não oculta";"Internet";25;0;0;"Incluída em 20/jun/2002.";NA;"BPN";"Internet";"Macro"
"5177";"BPN4_LUDREC4";1;527;"Inativa";"Bacen/BP (BPM5)";"Balanço de pagamentos";"Serviços e rendas - rendas - lucros e dividendos - receitas (Antiga metod. - BPM5)";"Serviços e rendas - rendas - lucros e dividendos - receitas (Antiga metodologia - BPM5)";"Não oculta";"Internet";25;0;0;"Incluída em 20/jun/2002.";NA;"BPN4";"Internet";"Macro"
"5178";"BPN_SERRIOUT";8;932;"Inativa";"Bacen/BP (BPM5)";"Balanço de pagamentos";"Serviços e rendas - rendas - renda de outros investimentos - saldo (Antiga metod. - BPM5)";"Serviços e rendas - rendas - renda de outros investimentos - saldo (Antiga metodologia - BPM5)";"Não oculta";"Internet";25;0;0;"Incluída em 20/jun/2002.";NA;"BPN";"Internet";"Macro"
"5179";"BPN_SERRIOUTDES";2;1445;"Inativa";"Bacen/BP (BPM5)";"Balanço de pagamentos";"Serviços e rendas - rendas - renda de outros investimentos - despesas (Antiga metod. - BPM5)";"Serviços e rendas - rendas - renda de outros investimentos - despesas (Antiga metodologia - BPM5)";"Não oculta";"Internet";25;0;0;"Incluída em 20/jun/2002.";NA;"BPN";"Internet";"Macro"
"5180";"BPN4_OT4";1;527;"Inativa";"Bacen/BP (BPM5)";"Balanço de pagamentos";"Serviços e rendas - exceto juros (Antiga metod. - BPM5)";"Serviços e rendas - exceto juros (Antiga metodologia - BPM5)";"Não oculta";"Internet";25;0;0;"Incluída em 20/jun/2002.";NA;"BPN4";"Internet";"Macro"
"5181";"BPN_SERRIOUTREC";2;1445;"Inativa";"Bacen/BP (BPM5)";"Balanço de pagamentos";"Serviços e rendas - rendas - renda de outros investimentos - receitas (Antiga metod. - BPM5)";"Serviços e rendas - rendas - renda de outros investimentos - receitas (Antiga metodologia - BPM5)";"Não oculta";"Internet";25;0;0;"Incluída em 20/jun/2002.";NA;"BPN";"Internet";"Macro"
"5182";"BPN_SERRREC";3;1315;"Inativa";"Bacen/BP (BPM5)";"Balanço de pagamentos";"Serviços e rendas - rendas - receitas (Antiga metod. - BPM5)";"Serviços e rendas - rendas - receitas (Antiga metodologia - BPM5)";"Não oculta";"Internet";25;0;0;"Incluída em 20/jun/2002.";NA;"BPN";"Internet";"Macro"
"5183";"BPN_STCPIB";27;421;"Inativa";"Bacen/Not. Imp./Set. Ext.";"Balanço de pagamentos";"Transações correntes - últimos 12 meses (Antiga metod. - BPM5)";"Transações correntes: últimos 12 meses (Antiga metodologia - BPM5)";"Não oculta";"Internet";25;0;0;"Incluída em 20/jun/2002.";NA;"BPN";"Internet";"Macro"
"5184";"BPN4_SERDES4";4;347;"Inativa";"Bacen/BP (BPM5)";"Balanço de pagamentos";"Serviços e rendas - despesas (Antiga metod. - BPM5)";"Serviços e rendas - despesas (Antiga metodologia - BPM5)";"Não oculta";"Internet";25;0;0;"Incluída em 20/jun/2002.";NA;"BPN4";"Internet";"Macro"
"5185";"BPN4_SERRDES4";3;393;"Inativa";"Bacen/BP (BPM5)";"Balanço de pagamentos";"Serviços e rendas - rendas - despesas (Antiga metod. - BPM5)";"Serviços e rendas - rendas - despesas (Antiga metodologia - BPM5)";"Não oculta";"Internet";25;0;0;"Incluída em 20/jun/2002.";NA;"BPN4";"Internet";"Macro"
"5186";"BPN4_SERREC4";1;527;"Inativa";"Bacen/BP (BPM5)";"Balanço de pagamentos";"Serviços e rendas - receitas (Antiga metod. - BPM5)";"Serviços e rendas - receitas (Antiga metodologia - BPM5)";"Não oculta";"Internet";25;0;0;"Incluída em 20/jun/2002.";NA;"BPN4";"Internet";"Macro"
"5187";"BPN4_SERRIC4";1;527;"Inativa";"Bacen/BP (BPM5)";"Balanço de pagamentos";"Serviços e rendas - rendas - renda de investimentos em carteira - saldo (Antiga metod. - BPM5)";"Serviços e rendas - rendas - renda de investimentos em carteira - saldo (Antiga metodologia - BPM5)";"Não oculta";"Internet";25;0;0;"Incluída em 20/jun/2002.";NA;"BPN4";"Internet";"Macro"
"5188";"BPN4_SERRICDES4";1;527;"Inativa";"Bacen/BP (BPM5)";"Balanço de pagamentos";"Serviços e rendas - rendas - renda de investimentos em carteira - despesas (Antiga metod. - BPM5)";"Serviços e rendas - rendas - renda de investimentos em carteira - despesas (Antiga metodologia - BPM5)";"Não oculta";"Internet";25;0;0;"Incluída em 20/jun/2002.";NA;"BPN4";"Internet";"Macro"
"5189";"BPN4_SERRICREC4";1;527;"Inativa";"Bacen/BP (BPM5)";"Balanço de pagamentos";"Serviços e rendas - rendas - renda de investimentos em carteira - receitas (Antiga metod. - BPM5)";"Serviços e rendas - rendas - renda de investimentos em carteira - receitas (Antiga metodologia - BPM5)";"Não oculta";"Internet";25;0;0;"Incluída em 20/jun/2002.";NA;"BPN4";"Internet";"Macro"
"5190";"BPN4_SERRID4";6;291;"Inativa";"Bacen/BP (BPM5)";"Balanço de pagamentos";"Serviços e rendas - rendas - renda de investimentos diretos - saldo (Antiga metod. - BPM5)";"Serviços e rendas - rendas - renda de investimentos diretos - saldo (Antiga metodologia - BPM5)";"Não oculta";"Internet";25;0;0;"Incluída em 20/jun/2002.";NA;"BPN4";"Internet";"Macro"
"5191";"BPN4_SERRIDDES4";1;527;"Inativa";"Bacen/BP (BPM5)";"Balanço de pagamentos";"Serviços e rendas - rendas - renda de investimentos diretos - despesas (Antiga metod. - BPM5)";"Serviços e rendas - rendas - renda de investimentos diretos - despesas (Antiga metodologia - BPM5)";"Não oculta";"Internet";25;0;0;"Incluída em 20/jun/2002.";NA;"BPN4";"Internet";"Macro"
"5192";"BPN4_SERRIDREC4";1;527;"Inativa";"Bacen/BP (BPM5)";"Balanço de pagamentos";"Serviços e rendas - rendas - renda de investimentos diretos - receitas (Antiga metod. - BPM5)";"Serviços e rendas - rendas - renda de investimentos diretos - receitas (Antiga metodologia - BPM5)";"Não oculta";"Internet";25;0;0;"Incluída em 20/jun/2002.";NA;"BPN4";"Internet";"Macro"
"5193";"BPN4_SERRINV4";1;527;"Inativa";"Bacen/BP (BPM5)";"Balanço de pagamentos";"Serviços e rendas - rendas - renda de investimentos - saldo (Antiga metod. - BPM5)";"Serviços e rendas - rendas - renda de investimentos - saldo (Antiga metodologia - BPM5)";"Não oculta";"Internet";25;0;0;"Incluída em 20/jun/2002.";NA;"BPN4";"Internet";"Macro"
"5194";"BPN4_SERRINVDES4";1;527;"Inativa";"Bacen/BP (BPM5)";"Balanço de pagamentos";"Serviços e rendas - rendas - renda de investimentos - despesas (Antiga metod. - BPM5)";"Serviços e rendas - rendas - renda de investimentos - despesas (Antiga metodologia - BPM5)";"Não oculta";"Internet";25;0;0;"Incluída em 20/jun/2002.";NA;"BPN4";"Internet";"Macro"
"5195";"BPN4_SERRINVREC4";1;527;"Inativa";"Bacen/BP (BPM5)";"Balanço de pagamentos";"Serviços e rendas - rendas - renda de investimentos - receitas (Antiga metod. - BPM5)";"Serviços e rendas - rendas - renda de investimentos - receitas (Antiga metodologia - BPM5)";"Não oculta";"Internet";25;0;0;"Incluída em 20/jun/2002.";NA;"BPN4";"Internet";"Macro"
"5196";"BPN4_SERRIOUT4";1;527;"Inativa";"Bacen/BP (BPM5)";"Balanço de pagamentos";"Serviços e rendas - rendas - renda de outros investimentos - saldo (Antiga metod. - BPM5)";"Serviços e rendas - rendas - renda de outros investimentos - saldo (Antiga metodologia - BPM5)";"Não oculta";"Internet";25;0;0;"Incluída em 20/jun/2002.";NA;"BPN4";"Internet";"Macro"
"5197";"BPN4_SERRIOUTDES4";1;527;"Inativa";"Bacen/BP (BPM5)";"Balanço de pagamentos";"Serviços e rendas - rendas - renda de outros investimentos - despesas (Antiga metod. - BPM5)";"Serviços e rendas - rendas - renda de outros investimentos - despesas (Antiga metodologia - BPM5)";"Não oculta";"Internet";25;0;0;"Incluída em 20/jun/2002.";NA;"BPN4";"Internet";"Macro"
"5198";"BPN4_SERRIOUTREC4";1;527;"Inativa";"Bacen/BP (BPM5)";"Balanço de pagamentos";"Serviços e rendas - rendas - renda de outros investimentos - receitas (Antiga metod. - BPM5)";"Serviços e rendas - rendas - renda de outros investimentos - receitas (Antiga metodologia - BPM5)";"Não oculta";"Internet";25;0;0;"Incluída em 20/jun/2002.";NA;"BPN4";"Internet";"Macro"
"5199";"BPN4_SERRREC4";1;527;"Inativa";"Bacen/BP (BPM5)";"Balanço de pagamentos";"Serviços e rendas - rendas - receitas (Antiga metod. - BPM5)";"Serviços e rendas - rendas - receitas (Antiga metodologia - BPM5)";"Não oculta";"Internet";25;0;0;"Incluída em 20/jun/2002.";NA;"BPN4";"Internet";"Macro"
"5200";"BPN4_STCPIB4";11;190;"Inativa";"Bacen/Not. Imp./Set. Ext.";"Balanço de pagamentos";"Transações correntes - últimos 12 meses (Antiga metod. - BPM5)";"Transações correntes: últimos 12 meses (Antiga metodologia - BPM5)";"Não oculta";"Internet";25;0;0;"Incluída em 20/jun/2002.";NA;"BPN4";"Internet";"Macro"
"5201";"PRECOS12_IPCASP12";9;946;"Ativa";"IBGE/SNIPC";"Preços";"IPCA - SP - var.";"IPCA - SP - var.";"Não oculta";"Internet";37;0;0;"Incluída em 24/jun/2002.";NA;"PRECOS12";"Internet";"Macro"
"5202";"STN12_ADIV12";6;1117;"Inativa";"Min. Fazenda/STN";"Finanças públicas";"Execução financeira do Tesouro Nacional - amortização da dívida contratada interna e externa";"Execução financeira do Tesouro Nacional - amortização da dívida contratada interna e externa";"Não oculta";"Internet";0;0;0;"Incluída em 01/jul/2002.";NA;"STN12";"Internet";"Macro"
"5203";"STN12_DBPREV12";30;421;"Inativa";"Min. Fazenda/STN";"Finanças públicas";"Execução financeira - despesas - liberações ordinárias - benefícios previdenciários";"Execução financeira do Tesouro Nacional - despesas - liberações ordinárias - benefícios previdenciários";"Não oculta";"Internet";30;0;0;"Incluída em 01/jul/2002.";NA;"STN12";"Internet";"Macro"
"5204";"STN12_OTF12";3;1356;"Inativa";"Min. Fazenda/STN";"Finanças públicas";"Execução financeira do Tesouro Nacional - oper. com títulos públicos federais";"Execução financeira do Tesouro Nacional - operações com títulos públicos federais";"Não oculta";"Internet";0;0;0;"Incluída em 01/jul/2002.";NA;"STN12";"Internet";"Macro"
"5205";"STN12_RLPREV12";23;526;"Inativa";"Min. Fazenda/STN";"Finanças públicas";"Execução financeira - receitas - arrecadação líquida da previdência social";"Execução financeira do Tesouro Nacional - receitas - arrecadação líquida da previdência social";"Não oculta";"Internet";30;0;0;"Incluída em 01/jul/2002.";NA;"STN12";"Internet";"Macro"
"5206";"STN12_RTNF12";NA;NA;"Inativa";"Min. Fazenda/STN";"Finanças públicas";"Execução financeira do Tesouro Nacional - receitas - receita fiscal";"Execução financeira do Tesouro Nacional - receitas - receita fiscal";"Não oculta";"Internet";0;0;0;"Incluída em 01/jul/2002.";NA;"STN12";"Internet";"Macro"
"5207";"STN12_REGDIV12";1;1628;"Inativa";"Min. Fazenda/STN";"Finanças públicas";"Execução financeira do Tesouro Nacional - renegociação da dívida externa e aquisição de garantias";"Execução financeira do Tesouro Nacional - renegociação da dívida externa e aquisição de garantias";"Não oculta";"Internet";0;0;0;"Incluída em 01/jul/2002.";NA;"STN12";"Internet";"Macro"
"5208";"STN12_RFBC12";1;1628;"Inativa";"Min. Fazenda/STN";"Finanças públicas";"Execução financeira - financiamento - resultado Tesouro/Bacen - rec. do Bacen - resultado do Bacen";"Execução financeira do Tesouro Nacional - financiamento - resultado Tesouro/Bacen - receitas do Bacen - resultado do Bacen";"Não oculta";"Internet";30;0;0;"Incluída em 01/jul/2002.";NA;"STN12";"Internet";"Macro"
"5209";"STN12_RDISBB12";4;1262;"Inativa";"Min. Fazenda/STN";"Finanças públicas";"Execução financeira do Tesouro Nacional - receitas - oper. ofic. créditos e remun. disponib. no BB";"Execução financeira do Tesouro Nacional - receitas - operações oficiais de créditos e remuneração de disponibilidades no Banco do Brasil";"Não oculta";"Internet";0;0;0;"Incluída em 01/jul/2002.";NA;"STN12";"Internet";"Macro"
"5210";"SCN_SBG";99;108;"Inativa";"IBGE/SCN 2000 Anual";"Contas nacionais";"Taxa de poupança - ref. 2000";"Taxa de poupança - referência 2000";"Oculta";"Internet";720;0;0;"Incluída em 03 / maio / 2007.";NA;"SCN";"Oculta";"Macro"
"5211";"SCN_AUTOFING";7;991;"Inativa";"IBGE/SCN 2000 Anual";"Contas nacionais";"Taxa de autofinanciamento - ref. 2000";"Taxa de autofinanciamento - referência 2000";"Oculta";"Internet";720;0;0;"Incluída em 03 / maio / 2007.";NA;"SCN";"Oculta";"Macro"
"5212";"SCN_NFPIB";87;124;"Inativa";"IBGE/SCN 2000 Anual";"Contas nacionais";"NFSP - ref. 2000";"Necessidade de financiamento do setor público (NFSP) - referência 2000";"Oculta";"Internet";360;0;0;"Incluída em 03 / maio / 2007.";"Gerada";"SCN";"Oculta";"Macro"
"5213";"SCN_CARGALY";42;282;"Inativa";"IBGE/SCN 2000 Anual";"Contas nacionais";"Carga tributária - líquida - ref. 2000";"Carga tributária líquida - referência 2000";"Oculta";"Internet";720;0;0;"Incluída em 03 / maio / 2007.";NA;"SCN";"Oculta";"Macro"
"5214";"SCN_BSCSG";33;353;"Inativa";"IBGE/SCN 2000 Anual";"Contas nacionais";"Benefícios sociais / contribuições sociais - ref. 2000";"Benefícios sociais / contribuições sociais - referência 2000";"Oculta";"Internet";720;0;0;"Incluída em 03 / maio / 2007.";NA;"SCN";"Oculta";"Macro"
"5215";"SCN_CARGGFL";39;298;"Inativa";"IBGE/SCN 2000 Anual";"Contas nacionais";"Carga tributária - federal - líquida - ref. 2000";"Carga tributária federal líquida - referência 2000";"Oculta";"Internet";720;0;0;"Incluída em 03 / maio / 2007.";NA;"SCN";"Oculta";"Macro"
"5216";"SCN_CARGESL";9;871;"Inativa";"IBGE/SCN 2000 Anual";"Contas nacionais";"Carga tributária - estadual - líquida - ref. 2000";"Carga tributária estadual líquida - referência 2000";"Oculta";"Internet";720;0;0;"Incluída em 03 / maio / 2007.";NA;"SCN";"Oculta";"Macro"
"5217";"SCN_CARGMUL";8;932;"Inativa";"IBGE/SCN 2000 Anual";"Contas nacionais";"Carga tributária - municipal - líquida - ref. 2000";"Carga tributária municipal líquida - referência 2000";"Oculta";"Internet";720;0;0;"Incluída em 03 / maio / 2007.";NA;"SCN";"Oculta";"Macro"
"5218";"SCN_CARGPRL";22;488;"Inativa";"IBGE/SCN 2000 Anual";"Contas nacionais";"Carga tributária - previdência - líquida - ref. 2000";"Carga tributária - previdência - líquida - referência 2000";"Oculta";"Internet";720;0;0;"Incluída em 03 / maio / 2007.";NA;"SCN";"Oculta";"Macro"
"5219";"BPN12_FINIOUT12";59;214;"Inativa";"Bacen/BP (BPM5)";"Balanço de pagamentos";"Conta financeira - invest. - outros (Antiga metod. - BPM5)";"Conta financeira - investimentos - outros (Antiga metodologia - BPM5)";"Não oculta";"Internet";25;0;0;"Incluída em 05 / jul / 2002.";NA;"BPN12";"Internet";"Macro"
"5220";"BPN12_FINIDC12";44;302;"Inativa";"Bacen/BP (BPM5)";"Balanço de pagamentos";"Conta financeira - invest. carteira (Antiga metod. - BPM5)";"Conta financeira - investimentos em carteira (Antiga metodologia - BPM5)";"Não oculta";"Internet";25;0;0;"Incluída em 05 / jul / 2002.";NA;"BPN12";"Internet";"Macro"
"5221";"BPN12_MCIREC12";6;1117;"Inativa";"Bacen/BP (BPM5)";"Balanço de pagamentos";"Conta financeira - investimentos diretos - receitas (Antiga metod. - BPM5)";"Conta financeira - investimentos diretos - receitas (Antiga metodologia - BPM5)";"Não oculta";"Internet";25;0;0;"Incluída em 05 / jul / 2002.";NA;"BPN12";"Internet";"Macro"
"5222";"BPN12_MCIDES12";4;1262;"Inativa";"Bacen/BP (BPM5)";"Balanço de pagamentos";"Conta financeira - investimentos diretos - despesas (Antiga metod. - BPM5)";"Conta financeira - investimentos diretos - despesas (Antiga metodologia - BPM5)";"Não oculta";"Internet";25;0;0;"Incluída em 05 / jul / 2002.";NA;"BPN12";"Internet";"Macro"
"5223";"BPN4_FINIOUT4";3;393;"Inativa";"Bacen/BP (BPM5)";"Balanço de pagamentos";"Conta financeira - invest. - outros (Antiga metod. - BPM5)";"Conta financeira - investimentos - outros (Antiga metodologia - BPM5)";"Não oculta";"Internet";25;0;0;"Incluída em 05 / jul / 2002.";NA;"BPN4";"Internet";"Macro"
"5224";"BPN4_FINIDC4";3;393;"Inativa";"Bacen/BP (BPM5)";"Balanço de pagamentos";"Conta financeira - invest. carteira (Antiga metod. - BPM5)";"Conta financeira - investimentos em carteira (Antiga metodologia - BPM5)";"Não oculta";"Internet";25;0;0;"Incluída em 05 / jul / 2002.";NA;"BPN4";"Internet";"Macro"
"5225";"BPN4_MCIREC4";8;244;"Inativa";"Bacen/BP (BPM5)";"Balanço de pagamentos";"Conta financeira - investimentos diretos - receitas (Antiga metod. - BPM5)";"Conta financeira - investimentos diretos - receitas (Antiga metodologia - BPM5)";"Não oculta";"Internet";25;0;0;"Incluída em 05 / jul / 2002.";NA;"BPN4";"Internet";"Macro"
"5226";"BPN4_MCIDES4";7;270;"Inativa";"Bacen/BP (BPM5)";"Balanço de pagamentos";"Conta financeira - investimentos diretos - despesas (Antiga metod. - BPM5)";"Conta financeira - investimentos diretos - despesas (Antiga metodologia - BPM5)";"Não oculta";"Internet";25;0;0;"Incluída em 05 / jul / 2002.";NA;"BPN4";"Internet";"Macro"
"5227";"BPN_FINIOUT";49;248;"Inativa";"Bacen/BP (BPM5)";"Balanço de pagamentos";"Conta financeira - invest. - outros (Antiga metod. - BPM5)";"Conta financeira - investimentos - outros (Antiga metodologia - BPM5)";"Não oculta";"Internet";25;0;0;"Incluída em 05 / jul / 2002.";NA;"BPN";"Internet";"Macro"
"5228";"BPN_FINIDC";18;565;"Inativa";"Bacen/BP (BPM5)";"Balanço de pagamentos";"Conta financeira - invest. carteira (Antiga metod. - BPM5)";"Conta financeira - investimentos em carteira (Antiga metodologia - BPM5)";"Não oculta";"Internet";25;0;0;"Incluída em 05 / jul / 2002.";NA;"BPN";"Internet";"Macro"
"5229";"BPN_MCIREC";8;932;"Inativa";"Bacen/BP (BPM5)";"Balanço de pagamentos";"Conta financeira - investimentos diretos - receitas (Antiga metod. - BPM5)";"Conta financeira - investimentos diretos - receitas (Antiga metodologia - BPM5)";"Não oculta";"Internet";25;0;0;"Incluída em 05 / jul / 2002.";NA;"BPN";"Internet";"Macro"
"5230";"BPN_MCIDES";10;818;"Inativa";"Bacen/BP (BPM5)";"Balanço de pagamentos";"Conta financeira - investimentos diretos - despesas (Antiga metod. - BPM5)";"Conta financeira - investimentos diretos - despesas (Antiga metodologia - BPM5)";"Não oculta";"Internet";25;0;0;"Incluída em 05 / jul / 2002.";NA;"BPN";"Internet";"Macro"
"5231";"GAC_PIBCAPR";375;17;"Inativa";"IPEA";"Contas nacionais";"PIB per capita (preços 2013) - ref. 2000";"PIB per capita (preços 2013) - referência 2000";"Não oculta";"Internet";360;1;1;"Incluída em 08/jul/2002 .";"Gerada";"GAC";"Internet";"Macro"
"5232";"GAC_PIBCAPN";164;65;"Inativa";"IPEA";"Contas nacionais";"PIB per capita - ref. 2000";"Produto interno bruto (PIB) per capita - referência 2000";"Não oculta";"Internet";360;0;1;"Incluída em 08/jul/2002 .";"Gerada";"GAC";"Internet";"Macro"
"5233";"GAC_PIBCAPUSN";124;85;"Inativa";"IPEA";"Contas nacionais";"PIB per capita - ref. 2000";"Produto interno bruto (PIB) per capita - referência 2000";"Não oculta";"Internet";360;0;1;"Incluída em 08/jul/2002 .";"Gerada";"GAC";"Internet";"Macro"
"5234";"IFS_PWN";49;248;"Inativa";"FMI/IFS";"Projeções";"PIB - projeção - var. real anual";"Produto interno bruto (PIB): variação real anual - projeção";"Não oculta";"Internet";90;0;0;"Incluída em 11 / jul / 2002.";NA;"IFS";"Internet";"Macro"
"5235";"ELET12_DVD12";19;621;"Inativa";"Eletros";"Consumo e vendas";"Vendas industriais - DVD players - qde.";"Vendas industriais de digital video disk players (DVD players): quantidade";"Não oculta";"Internet";0;0;0;"Incluída em 15 / jul / 2002.";NA;"ELET12";"Internet";"Macro"
"5236";"PME12_RMR12";26;472;"Inativa";"IBGE/PME antiga";"Salário e renda";"Rendimento médio real do trabalho principal - RMs - índice (jul. 1994 = 100)";"Rendimento médio real do trabalho principal nas RMs: índice (jul. 1994 = 100)";"Não oculta";"Internet";0;0;0;"Incluída em 16/jul/2002.";NA;"PME12";"Internet";"Macro"
"5237";"SCN_CTY";103;105;"Inativa";"IBGE/SCN 2000 Anual";"Contas nacionais";"Consumo final - ref. 2000";"Consumo final - referência 2000";"Oculta";"Internet";360;0;0;"Incluída em 03 / maio / 2007.";"Gerada";"SCN";"Oculta";"Macro"
"5238";"SCN_MBSZY";26;432;"Inativa";"IBGE/SCN 2000 Anual";"Contas nacionais";"Importações - bens e serviços - ref. 2000";"Importações de bens e serviços - referência 2000";"Oculta";"Internet";360;0;0;"Incluída em 03 / maio / 2007.";"Gerada";"SCN";"Oculta";"Macro"
"5239";"SCN_XBSZY";68;169;"Inativa";"IBGE/SCN 2000 Anual";"Contas nacionais";"Exportações - bens e serviços - ref. 2000";"Exportações de bens e serviços - referência 2000";"Oculta";"Internet";360;0;0;"Incluída em 03 / maio / 2007.";"Gerada";"SCN";"Oculta";"Macro"
"5240";"SCN_SECY";7;991;"Inativa";"IBGE/SCN 2000 Anual";"Contas nacionais";"Saldo externo corrente - ref. 2000";"Saldo externo corrente - referência 2000";"Oculta";"Internet";720;0;0;"Incluída em 03 / maio / 2007.";"Gerada";"SCN";"Oculta";"Macro"
"5241";"PRECOS12_IPCAAB12";126;88;"Ativa";"IBGE/SNIPC";"Preços";"IPCA - alimentos e bebidas - var.";"IPCA - alimentos e bebidas - var.";"Não oculta";"Internet";37;0;0;"Incluída em 16 / jul / 2002.";NA;"PRECOS12";"Internet";"Macro"
"5242";"PRECOS12_IPCAAR12";37;351;"Ativa";"IBGE/SNIPC";"Preços";"IPCA - artigos de residência - var.";"IPCA - artigos de residência - var.";"Não oculta";"Internet";10;0;0;"Incluída em 16 / jul / 2002.";NA;"PRECOS12";"Internet";"Macro"
"5243";"PRECOS12_IPCACD12";27;457;"Ativa";"IBGE/SNIPC";"Preços";"IPCA - despesas pessoais - var.";"IPCA - despesas pessoais - var.";"Não oculta";"Internet";37;0;0;"Incluída em 16 / jul / 2002.";NA;"PRECOS12";"Internet";"Macro"
"5244";"PRECOS12_IPCACO12";35;375;"Ativa";"IBGE/SNIPC";"Preços";"IPCA - comunicação - var.";"IPCA - comunicação - var.";"Não oculta";"Internet";37;0;0;"Incluída em 16 / jul / 2002.";NA;"PRECOS12";"Internet";"Macro"
"5245";"PRECOS12_IPCAED12";30;421;"Ativa";"IBGE/SNIPC";"Preços";"IPCA - educação, leitura e papelaria - var.";"IPCA - educação, leitura e papelaria - var.";"Não oculta";"Internet";37;0;0;"Incluída em 16 / jul / 2002.";NA;"PRECOS12";"Internet";"Macro"
"5246";"PRECOS12_IPCAHA12";56;226;"Ativa";"IBGE/SNIPC";"Preços";"IPCA - habitação - var.";"IPCA - habitação - var.";"Não oculta";"Internet";37;0;0;"Incluída em 16 / jul / 2002.";NA;"PRECOS12";"Internet";"Macro"
"5247";"PRECOS12_IPCASC12";40;330;"Ativa";"IBGE/SNIPC";"Preços";"IPCA - saúde e cuidados pessoais - var.";"IPCA - saúde e cuidados pessoais - var.";"Não oculta";"Internet";37;0;0;"Incluída em 16 / jul / 2002.";NA;"PRECOS12";"Internet";"Macro"
"5248";"PRECOS12_IPCATC12";72;172;"Ativa";"IBGE/SNIPC";"Preços";"IPCA - transportes - var.";"IPCA - transportes - var.";"Não oculta";"Internet";37;0;0;"Incluída em 16 / jul / 2002.";NA;"PRECOS12";"Internet";"Macro"
"5249";"PRECOS12_IPCAVE12";36;363;"Ativa";"IBGE/SNIPC";"Preços";"IPCA - vestuário - var.";"IPCA - vestuário - var.";"Não oculta";"Internet";37;0;0;"Incluída em 16 / jul / 2002.";NA;"PRECOS12";"Internet";"Macro"
"5250";"SCNOLD_FBKMNN";NA;NA;"Inativa";"IBGE/SCN Consolidado";"Contas nacionais";"Capital fixo - formação bruta - máquinas e equipamentos - nacionais";"Formação bruta de capital fixo - máquinas e equipamentos - nacionais";"Oculta";"Internet";90;0;0;"Incluída em 17 / jul / 2002.";NA;"SCNOLD";"Oculta";"Macro"
"5251";"SCNOLD_FBKMIN";NA;NA;"Inativa";"IBGE/SCN Consolidado";"Contas nacionais";"Capital fixo - formação bruta - máquinas e equipamentos - importados";"Formação bruta de capital fixo - máquinas e equipamentos - importados";"Oculta";"Internet";90;0;0;"Incluída em 17 / jul / 2002.";NA;"SCNOLD";"Oculta";"Macro"
"5252";"GAC12_RTCS12";149;72;"Inativa";"IPEA";"Câmbio";"Relação câmbio / salário - índice (média 2010 = 100)";"Relação câmbio / salário - índice (média 2010 = 100)";"Não oculta";"Internet";30;1;0;"Incluída em 23/jul/2002.";NA;"GAC12";"Internet";"Macro"
"5253";"GAC12_RTCES12";142;76;"Inativa";"IPEA";"Câmbio";"Relação câmbio efetivo / salário - índice (média 2005 = 100)";"Relação câmbio efetivo / salário - índice (média 2005 = 100)";"Oculta";"Internet";30;1;0;"Incluída em 23/jul/2002.";NA;"GAC12";"Oculta";"Macro"
"5254";"BPN_FINIEOUTOR";3;1315;"Inativa";"Bacen/BP (BPM5)";"Balanço de pagamentos";"Conta financeira - invest. estrang. - outros - oper. de regularização (Antiga metod. - BPM5)";"Conta financeira - investimentos estrangeiros - outros - operações de regularização (Antiga metodologia - BPM5)";"Não oculta";"Internet";25;0;0;"Incluída em 24 / jul / 2002 .";NA;"BPN";"Internet";"Macro"
"5255";"BPN12_FINIEOUTOR12";1;1628;"Inativa";"Bacen/BP (BPM5)";"Balanço de pagamentos";"Conta financeira - invest. estrang. - outros - oper. de regularização (Antiga metod. - BPM5)";"Conta financeira - investimentos estrangeiros - outros - operações de regularização (Antiga metodologia - BPM5)";"Não oculta";"Internet";25;0;0;"Incluída em 24 / jul / 2002 .";NA;"BPN12";"Internet";"Macro"
"5256";"BPN4_FINIEOUTOR4";1;527;"Inativa";"Bacen/BP (BPM5)";"Balanço de pagamentos";"Conta financeira - invest. estrang. - outros - oper. de regularização (Antiga metod. - BPM5)";"Conta financeira - investimentos estrangeiros - outros - operações de regularização (Antiga metodologia - BPM5)";"Não oculta";"Internet";25;0;0;"Incluída em 24 / jul / 2002 .";NA;"BPN4";"Internet";"Macro"
"5257";"SCN_VAAGROY";57;203;"Inativa";"IBGE/SCN 2000 Anual";"Contas nacionais";"PIB - agropecuária - ref. 2000";"Produto interno bruto (PIB) - referência 2000";"Oculta";"Internet";360;0;0;"Incluída em 03 / maio / 2007.";"Gerada";"SCN";"Oculta";"Macro"
"5258";"SCN_VAALY";5;1138;"Inativa";"IBGE/SCN 2000 Anual";"Contas nacionais";"PIB - serviços - atividades imobiliárias e aluguel - ref. 2000";"Produto interno bruto (PIB) - serviços - aluguéis - referência 2000";"Oculta";"Internet";360;0;0;"Incluída em 03 / maio / 2007.";"Gerada";"SCN";"Oculta";"Macro"
"5259";"SCN_VAAPY";6;1048;"Inativa";"IBGE/SCN 2000 Anual";"Contas nacionais";"PIB - serviços - admin., saúde e educação públicas - ref. 2000";"Produto interno bruto (PIB) - serviços - administração, saúde e educação públicas - referência 2000";"Oculta";"Internet";360;0;0;"Incluída em 03 / maio / 2007.";"Gerada";"SCN";"Oculta";"Macro"
"5260";"SCN_VACCY";3;1315;"Inativa";"IBGE/SCN 2000 Anual";"Contas nacionais";"PIB - serviços - serviços de informação - ref. 2000";"Produto interno bruto (PIB) - serviços - comunicações - referência 2000";"Oculta";"Internet";360;0;0;"Incluída em 03 / maio / 2007.";"Gerada";"SCN";"Oculta";"Macro"
"5261";"SCN_VACOY";39;298;"Inativa";"IBGE/SCN 2000 Anual";"Contas nacionais";"PIB - indústria - construção - ref. 2000";"Produto interno bruto (PIB) - indústria da construção civil - referência 2000";"Oculta";"Internet";360;0;0;"Incluída em 03 / maio / 2007.";"Gerada";"SCN";"Oculta";"Macro"
"5262";"SCN_VACOMY";5;1138;"Inativa";"IBGE/SCN 2000 Anual";"Contas nacionais";"PIB - serviços - comércio - ref. 2000";"Produto interno bruto (PIB) - serviços - comércio - referência 2000";"Oculta";"Internet";360;0;0;"Incluída em 03 / maio / 2007.";"Gerada";"SCN";"Oculta";"Macro"
"5263";"SCN_VAEMY";21;504;"Inativa";"IBGE/SCN 2000 Anual";"Contas nacionais";"PIB - indústria - extrativa mineral - ref. 2000";"Produto interno bruto (PIB) - indústria extrativa mineral - referência 2000";"Oculta";"Internet";360;0;0;"Incluída em 03 / maio / 2007.";"Gerada";"SCN";"Oculta";"Macro"
"5264";"SCN_VAIFY";8;932;"Inativa";"IBGE/SCN 2000 Anual";"Contas nacionais";"PIB - serviços - intermediação financeira - ref. 2000";"Produto interno bruto (PIB) - serviços - intermediação financeira, previdencia complementar - referência 2000";"Oculta";"Internet";360;0;0;"Incluída em 03 / maio / 2007.";"Gerada";"SCN";"Oculta";"Macro"
"5265";"SCN_VAINDY";47;256;"Inativa";"IBGE/SCN 2000 Anual";"Contas nacionais";"PIB - indústria - ref. 2000";"Produto interno bruto (PIB) - indústria - referência 2000";"Oculta";"Internet";360;0;0;"Incluída em 03 / maio / 2007.";"Gerada";"SCN";"Oculta";"Macro"
"5266";"SCN_VAITY";24;457;"Inativa";"IBGE/SCN 2000 Anual";"Contas nacionais";"PIB - indústria - transformação - ref. 2000";"Produto interno bruto (PIB) - indústria de transformação - referência 2000";"Oculta";"Internet";360;0;0;"Incluída em 03 / maio / 2007.";"Gerada";"SCN";"Oculta";"Macro"
"5267";"SCN_VAOSY";10;818;"Inativa";"IBGE/SCN 2000 Anual";"Contas nacionais";"PIB - serviços - outros - ref. 2000";"Produto interno bruto (PIB) - serviços - outros - referência 2000";"Oculta";"Internet";360;0;0;"Incluída em 03 / maio / 2007.";"Gerada";"SCN";"Oculta";"Macro"
"5268";"SCN_VASERVY";41;289;"Inativa";"IBGE/SCN 2000 Anual";"Contas nacionais";"PIB - serviços - ref. 2000";"Produto interno bruto (PIB) - serviços - referência 2000";"Oculta";"Internet";360;0;0;"Incluída em 03 / maio / 2007.";"Gerada";"SCN";"Oculta";"Macro"
"5269";"SCN_VASUPY";13;708;"Inativa";"IBGE/SCN 2000 Anual";"Contas nacionais";"PIB - indústria - eletricidade, gás e água - ref. 2000";"Produto interno bruto (PIB) - indústria - produção e distribuição - eletricidade, gás e água - referência 2000";"Oculta";"Internet";360;0;0;"Incluída em 03 / maio / 2007.";"Gerada";"SCN";"Oculta";"Macro"
"5270";"SCN_VATRAY";3;1315;"Inativa";"IBGE/SCN 2000 Anual";"Contas nacionais";"PIB - serviços - transporte, armazenagem e correio - ref. 2000";"Produto interno bruto (PIB) - serviços - transporte, armazenagem e correios - referência 2000";"Oculta";"Internet";360;0;0;"Incluída em 03 / maio / 2007.";"Gerada";"SCN";"Oculta";"Macro"
"5271";"SCN_FBKF";29;401;"Inativa";"IBGE/SCN 2000 Anual";"Contas nacionais";"Capital fixo - formação bruta (preços do ano anterior) - ref. 2000";"Formação bruta de capital fixo a preços constantes do ano anterior - referência 2000";"Oculta";"Internet";720;0;0;"Incluída em 03 / maio / 2007.";NA;"SCN";"Oculta";"Macro"
"5272";"SCN_FBKC";3;1315;"Inativa";"IBGE/SCN 2000 Anual";"Contas nacionais";"Capital fixo - formação bruta - construção (preços do ano anterior) - ref. 2000";"Formação bruta de capital fixo - construção a preços constantes do ano anterior - referência 2000";"Oculta";"Internet";360;0;0;"Incluída em 03 / maio / 2007.";NA;"SCN";"Oculta";"Macro"
"5273";"SCN_FBKM";3;1315;"Inativa";"IBGE/SCN 2000 Anual";"Contas nacionais";"Capital fixo - formação bruta - máquinas e equipamentos (preços do ano anterior) - ref. 2000";"Formação bruta de capital fixo - máquinas e equipamentos a preços constantes do ano anterior - referência 2000";"Oculta";"Internet";360;0;0;"Incluída em 03 / maio / 2007.";NA;"SCN";"Oculta";"Macro"
"5274";"SCN_FBKO";10;818;"Inativa";"IBGE/SCN 2000 Anual";"Contas nacionais";"Capital fixo - formação bruta - outros (preços do ano anterior) - ref. 2000";"Formação bruta de capital fixo - outros a preços constantes do ano anterior - referência 2000";"Oculta";"Internet";360;0;0;"Incluída em 03 / maio / 2007.";NA;"SCN";"Oculta";"Macro"
"5275";"SCN_FBKCG";13;708;"Inativa";"IBGE/SCN 2000 Anual";"Contas nacionais";"Capital fixo - formação bruta - construção - var. real anual - ref. 2000";"Formação bruta de capital fixo - construção - var. real anual - referência 2000";"Oculta";"Internet";360;0;0;"Incluída em 03 / maio / 2007.";"Gerada";"SCN";"Oculta";"Macro"
"5276";"SCN_FBKMG";12;739;"Inativa";"IBGE/SCN 2000 Anual";"Contas nacionais";"Capital fixo - formação bruta - máquinas e equipamentos - var. real anual - ref. 2000";"Formação bruta de capital fixo - máquinas e equipamentos - var. real anual - referência 2000";"Oculta";"Internet";360;0;0;"Incluída em 03 / maio / 2007.";"Gerada";"SCN";"Oculta";"Macro"
"5277";"SCN_FBKOG";15;639;"Inativa";"IBGE/SCN 2000 Anual";"Contas nacionais";"Capital fixo - formação bruta - outros - var. real anual - ref. 2000";"Formação bruta de capital fixo - outros - var. real anual - referência 2000";"Oculta";"Internet";720;0;0;"Incluída em 03 / maio / 2007.";"Gerada";"SCN";"Oculta";"Macro"
"5278";"SCN_VAAGRON";66;180;"Inativa";"IBGE/SCN 2000 Anual";"Contas nacionais";"PIB - agropecuária - ref. 2000";"Produto interno bruto (PIB) - agropecuária - referência 2000";"Oculta";"Internet";360;0;0;"Incluída em 03 / maio / 2007.";"Gerada";"SCN";"Oculta";"Macro"
"5279";"SCN_VACON";15;639;"Inativa";"IBGE/SCN 2000 Anual";"Contas nacionais";"PIB - indústria - construção - ref. 2000";"Produto interno bruto (PIB) - indústria - construção civil - referência 2000";"Oculta";"Internet";360;0;0;"Incluída em 03 / maio / 2007.";"Gerada";"SCN";"Oculta";"Macro"
"5280";"SCN_VAEMN";18;565;"Inativa";"IBGE/SCN 2000 Anual";"Contas nacionais";"PIB - indústria - extrativa mineral - ref. 2000";"Produto interno bruto (PIB) - indústria - extrativa mineral - referência 2000";"Oculta";"Internet";360;0;0;"Incluída em 03 / maio / 2007.";"Gerada";"SCN";"Oculta";"Macro"
"5281";"SCN_VASUPN";9;871;"Inativa";"IBGE/SCN 2000 Anual";"Contas nacionais";"PIB - indústria - eletricidade, gás e água - ref. 2000";"Produto interno bruto (PIB) - indústria - produção e distribuição - eletricidade, gás e água - referência 2000";"Oculta";"Internet";360;0;0;"Incluída em 03 / maio / 2007.";"Gerada";"SCN";"Oculta";"Macro"
"5282";"SCN_VAITN";19;538;"Inativa";"IBGE/SCN 2000 Anual";"Contas nacionais";"PIB - indústria - transformação - ref. 2000";"Produto interno bruto (PIB) - indústria - transformação - referência 2000";"Oculta";"Internet";360;0;0;"Incluída em 03 / maio / 2007.";"Gerada";"SCN";"Oculta";"Macro"
"5283";"SCN_VAINDN";48;252;"Inativa";"IBGE/SCN 2000 Anual";"Contas nacionais";"PIB - indústria - ref. 2000";"Produto interno bruto (PIB) - indústria - referência 2000";"Oculta";"Internet";360;0;0;"Incluída em 03 / maio / 2007.";"Gerada";"SCN";"Oculta";"Macro"
"5284";"SCN_VAAPN";7;991;"Inativa";"IBGE/SCN 2000 Anual";"Contas nacionais";"PIB - serviços - admin., saúde e educação públicas - ref. 2000";"Produto interno bruto (PIB) - serviços - administração, saúde e educação públicas - referência 2000";"Oculta";"Internet";360;0;0;"Incluída em 03 / maio / 2007.";"Gerada";"SCN";"Oculta";"Macro"
"5285";"SCN_VAALN";12;739;"Inativa";"IBGE/SCN 2000 Anual";"Contas nacionais";"PIB - serviços - atividades imobiliárias e aluguel-  ref. 2000";"Produto interno bruto (PIB) - serviços - aluguéis - referência 2000";"Oculta";"Internet";360;0;0;"Incluída em 03 / maio / 2007.";"Gerada";"SCN";"Oculta";"Macro"
"5286";"SCN_VACOMN";7;991;"Inativa";"IBGE/SCN 2000 Anual";"Contas nacionais";"PIB - serviços - comércio - ref. 2000";"Produto interno bruto (PIB) - serviços - comércio - referência 2000";"Oculta";"Internet";360;0;0;"Incluída em 03 / maio / 2007.";"Gerada";"SCN";"Oculta";"Macro"
"5287";"SCN_VACCN";9;871;"Inativa";"IBGE/SCN 2000 Anual";"Contas nacionais";"PIB - serviços - serviços de informação - ref. 2000";"Produto interno bruto (PIB) - serviços - comunicações - referência 2000";"Oculta";"Internet";360;0;0;"Incluída em 03 / maio / 2007.";"Gerada";"SCN";"Oculta";"Macro"
"5288";"SCN_VAIFN";11;772;"Inativa";"IBGE/SCN 2000 Anual";"Contas nacionais";"PIB - serviços - intermediação financeira - ref. 2000";"Produto interno bruto (PIB) - serviços - intermediação financeira, previdencia complementar - referência 2000";"Oculta";"Internet";360;0;0;"Incluída em 03 / maio / 2007.";"Gerada";"SCN";"Oculta";"Macro"
"5289";"SCN_VAOSN";7;991;"Inativa";"IBGE/SCN 2000 Anual";"Contas nacionais";"PIB - serviços - outros - ref. 2000";"Produto interno bruto (PIB) - serviços - outros - referência 2000";"Oculta";"Internet";360;0;0;"Incluída em 03 / maio / 2007.";"Gerada";"SCN";"Oculta";"Macro"
"5290";"SCN_VATRAN";8;932;"Inativa";"IBGE/SCN 2000 Anual";"Contas nacionais";"PIB - serviços - transporte, armazenagem e correio - ref. 2000";"Produto interno bruto (PIB) - serviços - transporte, armazenagem e correios - referência 2000";"Oculta";"Internet";360;0;0;"Incluída em 03 / maio / 2007.";"Gerada";"SCN";"Oculta";"Macro"
"5291";"SCN_VASERVN";32;365;"Inativa";"IBGE/SCN 2000 Anual";"Contas nacionais";"PIB - serviços - ref. 2000";"Produto interno bruto (PIB) - serviços - referência 2000";"Oculta";"Internet";360;0;0;"Incluída em 03 / maio / 2007.";"Gerada";"SCN";"Oculta";"Macro"
"5292";"SCN_CTR";75;144;"Inativa";"IBGE/SCN 2000 Anual";"Contas nacionais";"Consumo final - ref. 2000";"Consumo final a preços constantes de 1980 - referência 2000";"Oculta";"Internet";360;0;0;"Incluída em 03 / maio / 2007.";"Gerada";"SCN";"Oculta";"Macro"
"5293";"SCN_XBSZR";18;565;"Inativa";"IBGE/SCN 2000 Anual";"Contas nacionais";"Exportações - bens e serviços - ref. 2000";"Exportações - bens e serviços a preços constantes de 1980 - referência 2000";"Oculta";"Internet";360;0;0;"Incluída em 03 / maio / 2007.";"Gerada";"SCN";"Oculta";"Macro"
"5294";"SCN_MBSZR";20;518;"Inativa";"IBGE/SCN 2000 Anual";"Contas nacionais";"Importações - bens e serviços - ref. 2000";"Importações - bens e serviços a preços constantes de 1980 - referência 2000";"Oculta";"Internet";360;0;0;"Incluída em 03 / maio / 2007.";"Gerada";"SCN";"Oculta";"Macro"
"5295";"SCN_FBKFR";122;88;"Inativa";"IBGE/SCN 2000 Anual";"Contas nacionais";"Capital fixo - formação bruta - ref. 2000";"Formação bruta de capital fixo a preços constantes de 1980 - referência 2000";"Oculta";"Internet";360;0;0;"Incluída em 03 / maio / 2007.";"Gerada";"SCN";"Oculta";"Macro"
"5296";"SCN_FBKFCR";33;353;"Inativa";"IBGE/SCN 2000 Anual";"Contas nacionais";"Capital fixo - formação bruta - construção - ref. 2000";"Formação bruta de capital fixo - construção a preços constantes de 1980 - referência 2000";"Oculta";"Internet";360;0;0;"Incluída em 03 / maio / 2007.";"Gerada";"SCN";"Oculta";"Macro"
"5297";"SCN_FBKFOR";18;565;"Inativa";"IBGE/SCN 2000 Anual";"Contas nacionais";"Capital fixo - formação bruta - outros - ref. 2000";"Formação bruta de capital fixo - outros a preços constantes de 1980 - referência 2000";"Oculta";"Internet";720;0;0;"Incluída em 03 / maio / 2007.";"Gerada";"SCN";"Oculta";"Macro"
"5298";"SCN_PIBR";344;24;"Inativa";"IBGE/SCN 2000 Anual";"Contas nacionais";"PIB - preços de mercado - ref. 2000";"Produto interno bruto (PIB) a preços de mercado - preços constantes de 1980 índice - referência 2000";"Oculta";"Internet";360;0;0;"Incluída em 03 / maio / 2007.";"Gerada";"SCN";"Oculta";"Macro"
"5299";"SCN_FBKFMR";24;457;"Inativa";"IBGE/SCN 2000 Anual";"Contas nacionais";"Capital fixo - formação bruta - máquinas e equipamentos - ref. 2000";"Formação bruta de capital fixo - máquinas e equipamentos a preços constantes de 1980 - referência 2000";"Oculta";"Internet";360;0;0;"Incluída em 03 / maio / 2007.";"Gerada";"SCN";"Oculta";"Macro"
"5300";"SCN_FBKR";91;115;"Inativa";"IBGE/SCN 2000 Anual";"Contas nacionais";"Capital - formação bruta - ref. 2000";"Formação bruta de capital a preços constantes de 1980 - referência 2000";"Oculta";"Internet";360;0;0;"Incluída em 03 / maio / 2007.";"Gerada";"SCN";"Oculta";"Macro"
"5301";"SCNOLD_FBKFMR";NA;NA;"Inativa";"IBGE/SCN Consolidado";"Contas nacionais";"Capital fixo - formação bruta - máquinas e equipamentos";"Formação bruta de capital fixo - máquinas e equipamentos a preços constantes de 1980";"Oculta";"Internet";90;0;0;"Incluída em 26 / jul / 2002 .";NA;"SCNOLD";"Oculta";"Macro"
"5302";"SCNOLD_FBKR";NA;NA;"Inativa";"IBGE/SCN Consolidado";"Contas nacionais";"Capital - formação bruta";"Formação bruta de capital a preços constantes de 1980";"Oculta";"Internet";90;0;0;"Incluída em 26 / jul / 2002 .";NA;"SCNOLD";"Oculta";"Macro"
"5303";"BM12_FCTN12";6;1117;"Ativa";"Bacen/Not. Imp./Moeda";"Moeda e crédito";"Fatores condicionantes da base monetária - Tesouro Nacional";"Fatores condicionantes da base monetária: Tesouro Nacional";"Não oculta";"Internet";30;0;0;"Incluída em 02/ago/2002.";"Independente";"BM12";"Internet";"Macro"
"5304";"BM12_FCOTPF12";19;621;"Ativa";"Bacen/Not. Imp./Moeda";"Moeda e crédito";"Fatores condicionantes da base monetária - oper. com títulos públicos federais";"Fatores condicionantes da base monetária: operações com títulos públicos federais";"Não oculta";"Internet";30;0;0;"Incluída em 02/ago/2002.";"Independente";"BM12";"Internet";"Macro"
"5305";"BM12_FCOSE12";3;1356;"Ativa";"Bacen/Not. Imp./Moeda";"Moeda e crédito";"Fatores condicionantes da base monetária - oper. do setor externo";"Fatores condicionantes da base monetária: operações do setor externo";"Não oculta";"Internet";30;0;0;"Incluída em 02/ago/2002.";"Independente";"BM12";"Internet";"Macro"
"5306";"BM12_FCAFIN12";7;1050;"Ativa";"Bacen/Not. Imp./Moeda";"Moeda e crédito";"Fatores condicionantes da base monetária - oper. de redesconto do BC";"Fatores condicionantes da base monetária: operações de redesconto do Banco Central";"Não oculta";"Internet";30;0;0;"Incluída em 02/ago/2002.";"Independente";"BM12";"Internet";"Macro"
"5307";"BM12_FCDEPFIN12";7;1050;"Ativa";"Bacen/Not. Imp./Moeda";"Moeda e crédito";"Fatores condicionantes da base monetária - depósitos de instituições financeiras";"Fatores condicionantes da base monetária: depósitos de instituições financeiras";"Não oculta";"Internet";30;0;0;"Incluída em 02/ago/2002.";"Independente";"BM12";"Internet";"Macro"
"5308";"BM12_FCOUTC12";6;1117;"Ativa";"Bacen/Not. Imp./Moeda";"Moeda e crédito";"Fatores condicionantes da base monetária - outras contas";"Fatores condicionantes da base monetária: outras contas";"Não oculta";"Internet";30;0;0;"Incluída em 02/ago/2002.";"Independente";"BM12";"Internet";"Macro"
"5309";"BM12_FCVARBM12";13;769;"Ativa";"Bacen/Not. Imp./Moeda";"Moeda e crédito";"Fatores condicionantes da base monetária - variação da base monetária";"Fatores condicionantes da base monetária: variação da base monetária";"Não oculta";"Internet";30;0;0;"Incluída em 02/ago/2002.";"Independente";"BM12";"Internet";"Macro"
"5310";"BM12_FCPME12";14;737;"Ativa";"Bacen/Not. Imp./Moeda";"Moeda e crédito";"Fatores condicionantes da base monetária - variação da base monetária - papel-moeda emitido";"Fatores condicionantes da base monetária: variação da base monetária - papel-moeda emitido";"Não oculta";"Internet";60;0;0;"Incluída em 02/ago/2002.";"Gerada";"BM12";"Internet";"Macro"
"5311";"BM12_FCRB12";7;1050;"Ativa";"Bacen/Not. Imp./Moeda";"Moeda e crédito";"Fatores condicionantes da base monetária - variação da base monetária - reservas bancárias";"Fatores condicionantes da base monetária: variação da base monetária - reservas bancárias";"Não oculta";"Internet";60;0;0;"Incluída em 02/ago/2002.";"Gerada";"BM12";"Internet";"Macro"
"5312";"BM12_DEPOUCNY12";9;946;"Ativa";"Bacen/Not. Imp./Moeda";"Moeda e crédito";"M2 - depósitos em poupança - fim período - novo conceito";"M2 - depósitos em poupança - fim período - novo conceito";"Não oculta";"Internet";30;0;0;"Incluída em 02/ago/2002.";"Gerada";"BM12";"Internet";"Macro"
"5313";"BM12_FRFCNY12";4;1262;"Ativa";"Bacen/Not. Imp./Moeda";"Moeda e crédito";"M3 - quotas de fundos de renda fixa - fim período - novo conceito";"M3 - quotas de fundos de renda fixa - fim período - novo conceito";"Não oculta";"Internet";30;0;0;"Incluída em 02/ago/2002.";"Gerada";"BM12";"Internet";"Macro"
"5314";"BM12_M2NCNY12";41;319;"Ativa";"Bacen/Not. Imp./Moeda";"Moeda e crédito";"M2 - fim período - novo conceito";"M2 - fim período - novo conceito";"Não oculta";"Internet";30;0;0;"Incluída em 02/ago/2002.";"Gerada";"BM12";"Internet";"Macro"
"5315";"BM12_M3NCNY12";25;491;"Ativa";"Bacen/Not. Imp./Moeda";"Moeda e crédito";"M3 - fim período - novo conceito";"M3 - fim período - novo conceito";"Não oculta";"Internet";30;0;0;"Incluída em 02/ago/2002.";"Gerada";"BM12";"Internet";"Macro"
"5316";"BM12_M4NCNY12";24;508;"Ativa";"Bacen/Not. Imp./Moeda";"Moeda e crédito";"M4 - fim período - novo conceito";"M4 - fim período - novo conceito";"Não oculta";"Internet";30;0;0;"Incluída em 02/ago/2002.";"Gerada";"BM12";"Internet";"Macro"
"5317";"BM12_OPTFCNY12";3;1356;"Ativa";"Bacen/Not. Imp./Moeda";"Moeda e crédito";"M3 - oper. compromissadas com títulos federais - fim período - novo conceito";"M3 - operações compromissadas com títulos federais - fim período - novo conceito";"Não oculta";"Internet";30;0;0;"Incluída em 02/ago/2002.";"Gerada";"BM12";"Internet";"Macro"
"5318";"BM12_TEMPDPCNY12";3;1356;"Inativa";"Bacen/Not. Imp./Moeda";"Moeda e crédito";"M4 - títulos estaduais e municipais - fim período - novo conceito";"M4 - títulos estaduais e municipais - fim período - novo conceito";"Oculta";"Internet";30;0;0;"Incluída em 02/ago/2002.";NA;"BM12";"Oculta";"Macro"
"5319";"BM12_TFPPNCNY12";36;363;"Ativa";"Bacen/Not. Imp./Moeda";"Moeda e crédito";"M4 - títulos federais (Selic) - fim período - novo conceito";"M4 - títulos federais (Selic) - fim período - novo conceito";"Não oculta";"Internet";30;0;0;"Incluída em 02/ago/2002.";"Gerada";"BM12";"Internet";"Macro"
"5320";"BM12_TIPRINCNY12";5;1176;"Ativa";"Bacen/Not. Imp./Moeda";"Moeda e crédito";"M2 - títulos privados - fim período - novo conceito";"M2 - títulos privados - fim período - novo conceito";"Não oculta";"Internet";30;0;0;"Incluída em 02/ago/2002.";"Gerada";"BM12";"Internet";"Macro"
"5321";"BM12_M1NY12";38;345;"Ativa";"Bacen/Not. Imp./Moeda";"Moeda e crédito";"M1 - fim período";"M1 - fim período";"Não oculta";"Internet";30;0;0;"Incluída em 02/ago/2002.";"Gerada";"BM12";"Internet";"Macro"
"5322";"BM12_M0NY12";31;407;"Ativa";"Bacen/Not. Imp./Moeda";"Moeda e crédito";"M0 - base monetária - fim período";"M0 - base monetária - fim período";"Não oculta";"Internet";60;0;0;"Incluída em 02/ago/2002.";"Gerada";"BM12";"Internet";"Macro"
"5323";"GAMMA_DEFLPNAD";78;139;"Inativa";"IPEA";"Preços";"Deflator para rendimentos da PNAD: INPC";"Deflator para rendimentos da PNAD: INPC";"Não oculta";"Internet";360;0;0;"Incluída em 05/ago/2002.";NA;"GAMMA";"Internet";"Macro"
"5324";"GAMMA_DEFLCENSO";37;319;"Inativa";"IPEA";"Preços";"Deflator para rendimentos do Censo Demográfico: INPC";"Deflator para rendimentos do Censo Demográfico: INPC";"Não oculta";"Internet";360;0;0;NA;NA;"GAMMA";"Internet";"Macro"
"5325";"GAMMA12_DEFLPME12";54;238;"Inativa";"IPEA";"Preços";"Deflator para rendimentos da PME: INPC";"Deflator para rendimentos da PME: INPC";"Não oculta";"Internet";360;0;0;"Incluída em 05/ago/2002 .";"Gerada";"GAMMA12";"Internet";"Macro"
"5326";"SCN_PIBPBN1";73;153;"Inativa";"IBGE/SCN 2010 Anual";"Contas nacionais";"PIB - imputação de serviços intermediação financeira (-)";"Produto interno bruto (PIB) - imputação de serviços de intermediação financeira (-)";"Não oculta";"Internet";360;0;0;"Incluída em 03 / maio / 2007.";"Gerada";"SCN";"Internet";"Macro"
"5327";"SCN_DIFBKF";46;263;"Inativa";"IBGE/SCN 2000 Anual";"Contas nacionais";"Capital fixo - formação bruta - deflator implícito - índice encadeado (média 1980 = 100) - ref. 2000";"Formação bruta de capital fixo - deflator implícito - índice encadeado (média 1980 = 100) - referência 2000";"Oculta";"Internet";360;0;0;"Incluída em 03 / maio / 2007.";"Gerada";"SCN";"Oculta";"Macro"
"5328";"SCN_DIPIB";207;48;"Inativa";"IBGE/SCN 2000 Anual";"Contas nacionais";"PIB - deflator implícito - índice encadeado (média 1980 = 100) - ref. 2000";"Produto interno bruto (PIB) - deflator implícito: índice encadeado (média 1980 = 100)  - referência 2000";"Oculta";"Internet";360;0;1;"Incluída em 03 / maio / 2007.";"Gerada";"SCN";"Oculta";"Macro"
"5329";"GAMMA4_PIB4";NA;NA;"Inativa";"IPEA";"Contas nacionais";"PIB";"Produto interno bruto (PIB) a preços constantes de 1980";"Não oculta";"Intranet";360;0;0;"Incluída em 15/ago/2002 .";NA;"GAMMA4";"Intranet";"Macro"
"5330";"HIST_FBKFN";50;241;"Inativa";"IPEA";"Contas nacionais";"Capital fixo - formação bruta";"Formação bruta de capital fixo";"Não oculta";"Internet";360;0;1;"Incluída em 27/ago/2002 .";NA;"HIST";"Internet";"Macro"
"5331";"HIST_FBKCN";5;1138;"Inativa";"IPEA";"Contas nacionais";"Capital fixo - formação bruta - construção";"Formação bruta de capital fixo - construção";"Não oculta";"Internet";360;0;1;"Incluída em 27/ago/2002 .";NA;"HIST";"Internet";"Macro"
"5332";"HIST_FBKMN";5;1138;"Inativa";"IPEA";"Contas nacionais";"Capital fixo - formação bruta - máquinas e equipamentos";"Formação bruta de capital fixo - máquinas e equipamentos";"Não oculta";"Internet";360;0;1;"Incluída em 27/ago/2002 .";NA;"HIST";"Internet";"Macro"
"5333";"HIST_FBKFR";44;273;"Inativa";"IPEA";"Contas nacionais";"Capital fixo - formação bruta";"Formação bruta de capital fixo a preços constantes de 1980";"Não oculta";"Internet";360;0;1;"Incluída em 27/ago/2002 .";NA;"HIST";"Internet";"Macro"
"5334";"HIST_FBKFCR";7;991;"Inativa";"IPEA";"Contas nacionais";"Capital fixo - formação bruta - construção";"Formação bruta de capital fixo - construção a preços constantes de 1980";"Não oculta";"Internet";360;0;1;"Incluída em 27/ago/2002 .";NA;"HIST";"Internet";"Macro"
"5335";"HIST_FBKFMR";5;1138;"Inativa";"IPEA";"Contas nacionais";"Capital fixo - formação bruta - máquinas e equipamentos";"Formação bruta de capital fixo - máquinas e equipamentos a preços constantes de 1980";"Não oculta";"Internet";360;0;1;"Incluída em 27/ago/2002 .";NA;"HIST";"Internet";"Macro"
"5336";"HIST_FBKFOR";3;1315;"Inativa";"IPEA";"Contas nacionais";"Capital fixo - formação bruta - outros";"Formação bruta de capital fixo - outros a preços constantes de 1980";"Não oculta";"Internet";360;0;1;"Incluída em 27/ago/2002 .";NA;"HIST";"Internet";"Macro"
"5337";"HIST_FBKCGN";3;1315;"Inativa";"IPEA";"Contas nacionais";"Capital fixo - formação bruta - construção - adm. pública";"Formação bruta de capital fixo - construção - administração pública";"Não oculta";"Internet";360;0;1;"Incluída em 09/set/2002 .";NA;"HIST";"Internet";"Macro"
"5338";"HIST_FBKMGN";3;1315;"Inativa";"IPEA";"Contas nacionais";"Capital fixo - formação bruta - máquinas e equipamentos - adm. pública";"Formação bruta de capital fixo - máquinas e equipamentos - administração pública";"Não oculta";"Internet";360;0;1;"Incluída em 09/set/2002 .";NA;"HIST";"Internet";"Macro"
"5339";"HIST_FBKFGN";23;471;"Inativa";"IPEA";"Contas nacionais";"Capital fixo - formação bruta - adm. pública";"Formação bruta de capital fixo - administração pública";"Não oculta";"Internet";360;0;1;"Incluída em 09/set/2002 .";NA;"HIST";"Internet";"Macro"
"5340";"HIST_FBKCPN";5;1138;"Inativa";"IPEA";"Contas nacionais";"Capital fixo - formação bruta - construção - empresas e famílias";"Formação bruta de capital fixo - construção - empresas e famílias";"Não oculta";"Internet";360;0;1;NA;NA;"HIST";"Internet";"Macro"
"5341";"HIST_FBKMPN";2;1445;"Inativa";"IPEA";"Contas nacionais";"Capital fixo - formação bruta - máquinas e equipamentos - empresas e famílias";"Formação bruta de capital fixo - máquinas e equipamentos - empresas e famílias";"Não oculta";"Internet";360;0;1;NA;NA;"HIST";"Internet";"Macro"
"5342";"HIST_FBKFPN";12;739;"Inativa";"IPEA";"Contas nacionais";"Capital fixo - formação bruta - empresas e famílias";"Formação bruta de capital fixo - empresas e famílias";"Não oculta";"Internet";360;0;1;NA;NA;"HIST";"Internet";"Macro"
"5343";"GAMMA_CONSTR";NA;NA;"Inativa";"IPEA";"Contas nacionais";"Construção - estruturas residenciais - participação no total";"Construção de estruturas residenciais - participação no total";"Oculta";"Internet";360;0;0;"Incluída em 12/set/2002 .";NA;"GAMMA";"Oculta";"Macro"
"5344";"IDHM";579;3;"Ativa";"IPEA";"Desenvolvimento humano";"Índice de Desenvolvimento Humano (IDH)";"Índice de Desenvolvimento Humano (IDH)";"Não oculta";"Internet";NA;0;0;NA;NA;"IDHM";"Internet";"Social"
"5345";"IDHMLO";105;35;"Ativa";"IPEA";"Desenvolvimento humano";"Índice de Desenvolvimento Humano (IDH) - longevidade";"Índice de Desenvolvimento Humano (IDH) - longevidade";"Não oculta";"Internet";NA;0;0;NA;NA;"IDHMLO";"Internet";"Social"
"5346";"IDHMED";151;20;"Ativa";"IPEA";"Desenvolvimento humano";"Índice de Desenvolvimento Humano (IDH) - educação";"Índice de Desenvolvimento Humano (IDH) - educação";"Não oculta";"Internet";NA;0;0;NA;NA;"IDHMED";"Internet";"Social"
"5347";"IDHMRE";119;31;"Ativa";"IPEA";"Desenvolvimento humano";"Índice de Desenvolvimento Humano (IDH) - renda";"Índice de Desenvolvimento Humano (IDH) - renda";"Não oculta";"Internet";NA;0;0;NA;NA;"IDHMRE";"Internet";"Social"
"5348";"P25_4";7;157;"Ativa";"IPEA";"Educação";"Anos de estudo - menos de 4 - pessoas 25 anos e mais";"Anos de estudo - menos de 4 - pessoas 25 anos e mais";"Não oculta";"Internet";NA;0;0;NA;NA;"P25";"Internet";"Social"
"5349";"P25_8";12;133;"Ativa";"IPEA";"Educação";"Anos de estudo - menos de 8 - pessoas 25 anos e mais";"Anos de estudo - menos de 8 - pessoas 25 anos e mais";"Não oculta";"Internet";NA;0;0;NA;NA;"P25";"Internet";"Social"
"5350";"P25M11";20;113;"Ativa";"IPEA";"Educação";"Anos de estudo - mais de 11 - pessoas 25 anos e mais";"Anos de estudo - mais de 11 - pessoas 25 anos e mais";"Não oculta";"Internet";NA;0;0;NA;NA;"P25M11";"Internet";"Social"
"5351";"TXA15M";138;26;"Ativa";"IBGE";"Educação";"Analfabetos - pessoas 15 anos e mais";"Analfabetos- pessoas 15 anos e mais";"Não oculta";"Internet";NA;0;0;NA;NA;"TXA15M";"Internet";"Social"
"5352";"P25AE";30;102;"Ativa";"IPEA";"Educação";"Anos de estudo - média - pessoas 25 anos e mais";"Anos de estudo - média - pessoas 25 anos e mais";"Não oculta";"Internet";NA;0;0;NA;NA;"P25AE";"Internet";"Social"
"5353";"NE0714";11;135;"Ativa";"IPEA";"Educação";"Evasão escolar - pessoas 7 a 14 anos - fora da escola";"Evasão escolar - pessoas 7 a 14 anos - fora da escola";"Não oculta";"Internet";NA;0;0;NA;NA;"NE0714";"Internet";"Social"
"5354";"DE1014";19;115;"Ativa";"IPEA";"Educação";"Defasagem escolar - média - pessoas 10 a 14 anos";"Defasagem escolar - média - pessoas 10 a 14 anos";"Não oculta";"Internet";NA;0;0;NA;NA;"DE1014";"Internet";"Social"
"5355";"DEM1";30;102;"Ativa";"IPEA";"Educação";"Defasagem escolar - mais de 1 ano atraso - pessoas 10 a 14 anos";"Defasagem escolar - mais de 1 ano atraso - pessoas 10 a 14 anos";"Não oculta";"Internet";NA;0;0;NA;NA;"DEM1";"Internet";"Social"
"5356";"TR1014";9;142;"Ativa";"IPEA";"Educação";"Evasão escolar - pessoas 10 a 14 anos - trabalhando";"Evasão escolar - pessoas 10 a 14 anos - trabalhando";"Não oculta";"Internet";NA;0;0;NA;NA;"TR1014";"Internet";"Social"
"5357";"MRF";235;14;"Ativa";"IPEA";"Renda";"Renda familiar - per capita - média";"Renda familiar - per capita - média";"Não oculta";"Internet";NA;0;0;NA;NA;"MRF";"Internet";"Social"
"5358";"THEILL";46;72;"Ativa";"IPEA";"Renda";"Renda - desigualdade - índice L de Theil";"Renda - desigualdade - índice L de Theil";"Não oculta";"Internet";NA;0;0;NA;NA;"THEILL";"Internet";"Social"
"5359";"P0";81;42;"Ativa";"IPEA";"Renda";"Pobreza - pessoas pobres (P0)";"Pobreza - pessoas pobres (P0)";"Não oculta";"Internet";NA;0;0;NA;NA;"P0";"Internet";"Social"
"5360";"PDM2PD";3;194;"Ativa";"IPEA";"Habitação";"Domicílios - com densidade acima de 2 pessoas por dormitório - pessoas";"Domicílios - com densidade acima de 2 pessoas por dormitório - pessoas";"Não oculta";"Internet";NA;0;0;NA;NA;"PDM2PD";"Internet";"Social"
"5361";"PDMCD";13;130;"Ativa";"IPEA";"Habitação";"Domicílios - com material de construção durável - pessoas";"Domicílios - com material de construção durável - pessoas";"Não oculta";"Internet";NA;0;0;NA;NA;"PDMCD";"Internet";"Social"
"5362";"PDAAA";10;138;"Ativa";"IPEA";"Habitação";"Domicílios - com água potável na rede geral - pessoas";"Domicílios - com água potável na rede geral - pessoas";"Não oculta";"Internet";NA;0;0;NA;NA;"PDAAA";"Internet";"Social"
"5363";"PDIAE";52;63;"Ativa";"IPEA";"Habitação";"Domicílios - com instalação adequada de esgoto - pessoas";"Domicílios - com instalação adequada de esgoto - pessoas";"Não oculta";"Internet";NA;0;0;NA;NA;"PDIAE";"Internet";"Social"
"5364";"POP";NA;NA;"Ativa";"IPEA";"Demografia";"População";"População";"Não oculta";"Intranet";NA;0;0;NA;NA;"POP";"Intranet";"Social"
"5365";"POP25M";NA;NA;"Ativa";"IPEA";"Demografia";"Pessoas 25 anos e mais";"Pessoas 25 anos e mais";"Não oculta";"Intranet";NA;0;0;NA;NA;"POP25M";"Intranet";"Social"
"5366";"POP15M";NA;NA;"Ativa";"IPEA";"Demografia";"Pessoas 15 anos e mais";"Pessoas 15 anos e mais";"Não oculta";"Intranet";NA;0;0;NA;NA;"POP15M";"Intranet";"Social"
"5367";"PO1014";NA;NA;"Ativa";"IPEA";"Demografia";"Pessoas 10 a 14 anos";"Pessoas 10 a 14 anos";"Não oculta";"Intranet";NA;0;0;NA;NA;"PO1014";"Intranet";"Social"
"5368";"PO0714";NA;NA;"Ativa";"IPEA";"Demografia";"Pessoas 7 a 14 anos";"Pessoas 7 a 14 anos";"Não oculta";"Intranet";NA;0;0;NA;NA;"PO0714";"Intranet";"Social"
"5369";"POPU";NA;NA;"Ativa";"IPEA";"Demografia";"População urbana";"População urbana";"Não oculta";"Intranet";NA;0;0;NA;NA;"POPU";"Intranet";"Social"
"5370";"ACSP12_SCPCRL12";11;856;"Inativa";"ACSP/IEGV";"Consumo e vendas";"SPC - número de registros líquidos";"SPC: número de registros líquidos";"Não oculta";"Internet";5;0;0;"Incluída em 17/set/2002 .";"Gerada";"ACSP12";"Internet";"Macro"
"5371";"CNI4_ICEIGER4";33;69;"Inativa";"CNI";"Percepção e expectativa";"Confiança do empresário industrial (ICEI) - geral";"Índice de confiança do empresário industrial (ICEI): geral";"Não oculta";"Internet";0;0;0;"Incluída em 17/set/2002 .";NA;"CNI4";"Internet";"Macro"
"5372";"CNI4_ICEICA4";19;109;"Inativa";"CNI";"Percepção e expectativa";"Confiança do empresário industrial (ICEI) - condições atuais";"Índice de confiança do empresário industrial (ICEI): condições atuais";"Não oculta";"Internet";0;0;0;"Incluída em 17/set/2002 .";NA;"CNI4";"Internet";"Macro"
"5373";"CNI4_ICEIEXP4";18;121;"Inativa";"CNI";"Percepção e expectativa";"Confiança do empresário industrial (ICEI) - expectativas";"Índice de confiança do empresário industrial (ICEI): expectativas";"Não oculta";"Internet";0;0;0;"Incluída em 17/set/2002 .";NA;"CNI4";"Internet";"Macro"
"5374";"CE4_EAPL4";25;88;"Inativa";"FGV/Conj. Econômica Inativa";"Percepção e expectativa";"Expectativas de aumento na produção - líquidas";"Expectativas de aumento na produção - líquidas";"Oculta";"Internet";0;0;0;"Incluída em 17/set/2002 .";NA;"CE4";"Oculta";"Macro"
"5375";"FCESP12_IIC12";103;105;"Ativa";"Fecomercio SP";"Percepção e expectativa";"Índice de confiança do consumidor (ICC)";"Índice de confiança do consumidor (ICC)";"Não oculta";"Internet";60;0;0;"Incluída em 17/set/2002 .";NA;"FCESP12";"Internet";"Macro"
"5376";"FCESP12_IICA12";62;200;"Ativa";"Fecomercio SP";"Consumo e vendas";"Índice de condições econômicas atuais (ICEA)";"Índice de condições econômicas atuais (ICEA)";"Não oculta";"Internet";60;0;0;"Incluída em 17/set/2002 .";NA;"FCESP12";"Internet";"Macro"
"5377";"FCESP12_IICF12";66;188;"Ativa";"Fecomercio SP";"Percepção e expectativa";"Índice de expectativas (IEC)";"Índice de expectativas (IEC)";"Não oculta";"Internet";60;0;0;"Incluída em 17/set/2002 .";NA;"FCESP12";"Internet";"Macro"
"5378";"PME12_MRTP12";36;363;"Inativa";"IBGE/PME antiga";"Salário e renda";"Massa de rendimentos do trabalho principal - índice (jul. 1994 = 100)";"Massa de rendimentos do trabalho principal - índice (jul. 1994 = 100)";"Não oculta";"Internet";0;0;0;"Incluída em 17/set/2002 .";NA;"PME12";"Internet";"Macro"
"5379";"ELET12_LMT12";6;1117;"Inativa";"Eletros";"Consumo e vendas";"Vendas industriais - produtos eletroeletrônicos - linha marrom - imagem e som - qde.";"Vendas industriais de produtos eletroeletrônicos da linha marrom (imagem e som): quantidade";"Não oculta";"Internet";0;0;0;"Incluída em 17/set/2002 .";NA;"ELET12";"Internet";"Macro"
"5380";"ELET12_PPT12";4;1262;"Inativa";"Eletros";"Consumo e vendas";"Vendas industriais - produtos eletroeletrônicos - portáteis - qde.";"Vendas industriais de produtos eletroeletrônicos portáteis: quantidade";"Não oculta";"Internet";0;0;0;"Incluída em 17/set/2002 .";NA;"ELET12";"Internet";"Macro"
"5381";"VALOR12_TJCBOND12";122;90;"Inativa";"Valor Econômico";"Financeiras";"C-Bond - spread";"C-Bond - spread";"Não oculta";"Internet";0;0;0;"Incluída em 17/set/2002 . Migrada em 19/mar/2003 .";NA;"VALOR12";"Internet";"Macro"
"5382";"ABRAS12_INV12";56;226;"Ativa";"Abras";"Consumo e vendas";"Índice nacional de vendas - variação nominal";"Taxa de variação nominal do índice nacional de vendas";"Não oculta";"Internet";45;0;0;NA;NA;"ABRAS12";"Internet";"Macro"
"5383";"ABRAS12_INVR12";80;148;"Ativa";"Abras";"Consumo e vendas";"Índice nacional de vendas - variação real";"Taxa de variação real do índice nacional de vendas";"Não oculta";"Internet";45;0;0;NA;NA;"ABRAS12";"Internet";"Macro"
"5384";"GAMMA_ELKCG";7;991;"Inativa";"IPEA";"Estoque de capital";"Capital fixo - estoque líquido - construção - adm. pública";"Estoque líquido de capital fixo - construção - administração pública a preços constantes de 2000";"Não oculta";"Internet";680;1;0;"Incluída em 25/set/2002 .";NA;"GAMMA";"Internet";"Macro"
"5385";"GAMMA_ELKMQEG";11;772;"Inativa";"IPEA";"Estoque de capital";"Capital fixo - estoque líquido - máquinas e equipamentos - adm. pública";"Estoque líquido de capital fixo - máquinas e equipamentos - administração pública a preços constantes de 2000";"Não oculta";"Internet";680;1;0;"Incluída em 25/set/2002 .";NA;"GAMMA";"Internet";"Macro"
"5386";"GAMMA_ELKG";24;457;"Inativa";"IPEA";"Estoque de capital";"Capital fixo - estoque líquido - adm. pública";"Estoque líquido de capital fixo - administração pública a preços constantes de 2000";"Não oculta";"Internet";680;1;0;"Incluída em 25/set/2002 .";NA;"GAMMA";"Internet";"Macro"
"5387";"GAMMA_ELKCERP";9;871;"Inativa";"IPEA";"Estoque de capital";"Capital fixo - estoque líquido - construção - residencial - empresas e famílias";"Estoque líquido de capital fixo - construção - estruturas residenciais - empresas e famílias a preços constantes de 2000";"Não oculta";"Internet";680;1;0;"Incluída em 25/set/2002 .";NA;"GAMMA";"Internet";"Macro"
"5388";"GAMMA_ELKCENRP";10;818;"Inativa";"IPEA";"Estoque de capital";"Capital fixo - estoque líquido - construção - não residencial - empresas e famílias";"Estoque líquido de capital fixo - construção - estruturas não residenciais - empresas e famílias a preços constantes de 2000";"Não oculta";"Internet";680;1;0;"Incluída em 25/set/2002 .";NA;"GAMMA";"Internet";"Macro"
"5389";"GAMMA_ELKCP";10;818;"Inativa";"IPEA";"Estoque de capital";"Capital fixo - estoque líquido - construção - empresas e famílias";"Estoque líquido de capital fixo - construção - empresas e famílias a preços constantes de 2000";"Não oculta";"Internet";680;1;0;"Incluída em 25/set/2002 .";NA;"GAMMA";"Internet";"Macro"
"5390";"GAMMA_ELKMQEP";12;739;"Inativa";"IPEA";"Estoque de capital";"Capital fixo - estoque líquido - máquinas e equipamentos - empresas e famílias";"Estoque líquido de capital fixo - máquinas e equipamentos - empresas e famílias a preços constantes de 2000";"Não oculta";"Internet";680;1;0;"Incluída em 25/set/2002 .";NA;"GAMMA";"Internet";"Macro"
"5391";"GAMMA_ELKP";22;488;"Inativa";"IPEA";"Estoque de capital";"Capital fixo - estoque líquido - empresas e famílias";"Estoque líquido de capital fixo - empresas e famílias a preços constantes de 2000";"Não oculta";"Internet";680;1;0;"Incluída em 25/set/2002 .";NA;"GAMMA";"Internet";"Macro"
"5392";"GAMMA_EBKCG";9;871;"Inativa";"IPEA";"Estoque de capital";"Capital fixo - estoque bruto - construção - adm. pública";"Estoque bruto de capital fixo - construção - administração pública a preços constantes de 2000";"Não oculta";"Internet";680;1;0;"Incluída em 25/set/2002 .";NA;"GAMMA";"Internet";"Macro"
"5393";"GAMMA_EBKMQEG";18;565;"Inativa";"IPEA";"Estoque de capital";"Capital fixo - estoque bruto - máquinas e equipamentos - adm. pública";"Estoque bruto de capital fixo - máquinas e equipamentos - administração pública a preços constantes de 2000";"Não oculta";"Internet";680;1;0;"Incluída em 25/set/2002 .";NA;"GAMMA";"Internet";"Macro"
"5394";"GAMMA_EBKG";74;150;"Inativa";"IPEA";"Estoque de capital";"Capital fixo - estoque bruto - adm. pública";"Estoque bruto de capital fixo - administração pública a preços constantes de 2000";"Não oculta";"Internet";680;1;0;"Incluída em 25/set/2002 .";NA;"GAMMA";"Internet";"Macro"
"5395";"GAMMA_EBKCERP";18;565;"Inativa";"IPEA";"Estoque de capital";"Capital fixo - estoque bruto - construção - residencial - empresas e famílias";"Estoque bruto de capital fixo - construção - estruturas residenciais - empresas e famílias a preços constantes de 2000";"Não oculta";"Internet";680;1;0;"Incluída em 25/set/2002 .";NA;"GAMMA";"Internet";"Macro"
"5396";"GAMMA_EBKCENRP";5;1138;"Inativa";"IPEA";"Estoque de capital";"Capital fixo - estoque bruto - construção - não residencial - empresas e famílias";"Estoque bruto de capital fixo - construção - estruturas não residenciais - empresas e famílias a preços constantes de 2000";"Não oculta";"Internet";680;1;0;"Incluída em 25/set/2002 .";NA;"GAMMA";"Internet";"Macro"
"5397";"GAMMA_EBKCP";13;708;"Inativa";"IPEA";"Estoque de capital";"Capital fixo - estoque bruto - construção - empresas e famílias";"Estoque bruto de capital fixo - construção - empresas e famílias a preços constantes de 2000";"Não oculta";"Internet";680;1;0;"Incluída em 25/set/2002 .";NA;"GAMMA";"Internet";"Macro"
"5398";"GAMMA_EBKMQEP";19;538;"Inativa";"IPEA";"Estoque de capital";"Capital fixo - estoque bruto - máquinas e equipamentos - empresas e famílias";"Estoque bruto de capital fixo - máquinas e equipamentos - empresas e famílias a preços constantes de 2000";"Não oculta";"Internet";680;1;0;"Incluída em 25/set/2002 .";NA;"GAMMA";"Internet";"Macro"
"5399";"GAMMA_EBKP";29;401;"Inativa";"IPEA";"Estoque de capital";"Capital fixo - estoque bruto - empresas e famílias";"Estoque bruto de capital fixo - empresas e famílias a preços constantes de 2000";"Não oculta";"Internet";680;1;0;"Incluída em 25/set/2002 .";NA;"GAMMA";"Internet";"Macro"
"5400";"GAMMA_MAQDEPR";NA;NA;"Inativa";"IPEA";"Contas nacionais";"Taxa de depreciação - máquinas e equipamentos";"Taxa de depreciação - máquinas e equipamentos";"Oculta";"Internet";360;0;0;"Incluída em 02/out/2002 .";NA;"GAMMA";"Oculta";"Macro"
"5401";"GAMMA_MAQVU";NA;NA;"Inativa";"IPEA";"Contas nacionais";"Vida útil em anos - máquinas e equipamentos";"Vida útil em anos - máquinas e equipamentos";"Oculta";"Internet";360;0;0;"Incluída em 02/out/2002 .";NA;"GAMMA";"Oculta";"Macro"
"5402";"GAMMA_CONSTDEPR";NA;NA;"Inativa";"IPEA";"Contas nacionais";"Taxa de depreciação - construção";"Taxa de depreciação - construção";"Oculta";"Internet";360;0;0;"Incluída em 02/out/2002 .";NA;"GAMMA";"Oculta";"Macro"
"5403";"GAMMA_CONSTVU";NA;NA;"Inativa";"IPEA";"Contas nacionais";"Vida útil em anos - construção";"Vida útil em anos - construção";"Oculta";"Internet";360;0;0;"Incluída em 02/out/2002 .";NA;"GAMMA";"Oculta";"Macro"
"5404";"DAMODIVE";5;1138;"Ativa";"Min. Fazenda-STN";"Finanças públicas";"Despesa de capital - amortização da dívida - estadual";"Despesa de capital - amortização da dívida - estadual";"Não oculta";"Internet";NA;0;0;NA;NA;"DAMODIVE";"Internet";"Regional"
"5405";"DEDIVE";9;871;"Ativa";"Min. Fazenda-STN";"Finanças públicas";"Despesa de custeio - encargos - estadual";"Despesa de custeio - encargos - estadual";"Não oculta";"Internet";NA;0;0;NA;NA;"DEDIVE";"Internet";"Regional"
"5406";"DESCOROUM";19;538;"Ativa";"Min. Fazenda-STN";"Finanças públicas";"Despesa corrente - outras - municipal";"Despesa corrente - outras - municipal";"Não oculta";"Internet";NA;0;0;NA;NA;"DESCOROUM";"Internet";"Regional"
"5407";"DESPCORRE";84;128;"Ativa";"Min. Fazenda-STN";"Finanças públicas";"Despesa Corrente - estadual";"Despesa - estadual";"Não oculta";"Internet";NA;0;0;NA;NA;"DESPCORRE";"Internet";"Regional"
"5408";"DESPCORRM";155;71;"Ativa";"Min. Fazenda-STN";"Finanças públicas";"Despesa corrente - municipal";"Despesa corrente - municipal";"Não oculta";"Internet";NA;0;0;NA;NA;"DESPCORRM";"Internet";"Regional"
"5409";"DESPCUDM";8;932;"Ativa";"Min. Fazenda-STN";"Finanças públicas";"Despesa de custeio - demais - municipal";"Despesa de custeio - demais - municipal";"Não oculta";"Internet";NA;0;0;NA;NA;"DESPCUDM";"Internet";"Regional"
"5410";"DESPCUPE";12;739;"Ativa";"Min. Fazenda-STN";"Finanças públicas";"Despesa de custeio - pessoal - estadual";"Despesa de custeio - pessoal - estadual";"Não oculta";"Internet";NA;0;0;NA;NA;"DESPCUPE";"Internet";"Regional"
"5411";"DESPCUPM";15;639;"Ativa";"Min. Fazenda-STN";"Finanças públicas";"Despesa de custeio - pessoal -  municipal";"Despesa de custeio - pessoal -  municipal";"Não oculta";"Internet";NA;0;0;NA;NA;"DESPCUPM";"Internet";"Regional"
"5412";"DESPCUTE";10;818;"Ativa";"Min. Fazenda-STN";"Finanças públicas";"Despesa de custeio - estadual";"Despesa de custeio - estadual";"Não oculta";"Internet";NA;0;0;NA;NA;"DESPCUTE";"Internet";"Regional"
"5413";"DESPCUTM";46;263;"Ativa";"Min. Fazenda-STN";"Finanças públicas";"Despesa de custeio - municipal";"Despesa de custeio - municipal";"Não oculta";"Internet";NA;0;0;NA;NA;"DESPCUTM";"Internet";"Regional"
"5414";"DESPEENE";13;708;"Ativa";"Min. Fazenda-STN";"Finanças públicas";"Despesa de custeio - pessoal e encargos - estadual";"Despesa de custeio - pessoal e encargos - estadual";"Não oculta";"Internet";NA;0;0;NA;NA;"DESPEENE";"Internet";"Regional"
"5415";"DESPKE";18;565;"Ativa";"Min. Fazenda-STN";"Finanças públicas";"Despesa de capital - estadual";"Despesa de capital - estadual";"Não oculta";"Internet";NA;0;0;NA;NA;"DESPKE";"Internet";"Regional"
"5416";"DESPKM";30;386;"Ativa";"Min. Fazenda-STN";"Finanças públicas";"Despesa de capital - municipal";"Despesa de capital - municipal";"Não oculta";"Internet";NA;0;0;NA;NA;"DESPKM";"Internet";"Regional"
"5417";"DESPORE";40;293;"Ativa";"Min. Fazenda-STN";"Finanças públicas";"Despesa orçamentária - estadual";"Despesa orçamentária - estadual";"Não oculta";"Internet";NA;0;0;NA;NA;"DESPORE";"Internet";"Regional"
"5418";"DESPORM";102;106;"Ativa";"Min. Fazenda-STN";"Finanças públicas";"Despesa orçamentária - municipal";"Despesa orçamentária - municipal";"Não oculta";"Internet";NA;0;0;NA;NA;"DESPORM";"Internet";"Regional"
"5419";"DFADME";2;1445;"Ativa";"Min. Fazenda-STN";"Finanças públicas";"Despesas por função - administração e planejamento - estadual";"Despesas por função - administração e planejamento - estadual";"Não oculta";"Internet";NA;0;0;NA;NA;"DFADME";"Internet";"Regional"
"5420";"DFADMM";14;680;"Ativa";"Min. Fazenda-STN";"Finanças públicas";"Despesas por função - administração e planejamento - municipal";"Despesas por função - administração e planejamento - municipal";"Não oculta";"Internet";NA;0;0;NA;NA;"DFADMM";"Internet";"Regional"
"5421";"DFAGRE";6;1048;"Ativa";"Min. Fazenda-STN";"Finanças públicas";"Despesas por função - agricultura - estadual";"Despesas por função - agricultura - estadual";"Não oculta";"Internet";NA;0;0;NA;NA;"DFAGRE";"Internet";"Regional"
"5422";"DFAGRM";39;298;"Ativa";"Min. Fazenda-STN";"Finanças públicas";"Despesas por função - agricultura - municipal";"Despesas por função - agricultura - municipal";"Não oculta";"Internet";NA;0;0;NA;NA;"DFAGRM";"Internet";"Regional"
"5423";"DFASPRE";10;818;"Ativa";"Min. Fazenda-STN";"Finanças públicas";"Despesas por função - assistência e previdência - estadual";"Despesas por função - assistência e previdência - estadual";"Não oculta";"Internet";NA;0;0;NA;NA;"DFASPRE";"Internet";"Regional"
"5424";"DFASPRM";49;248;"Ativa";"Min. Fazenda-STN";"Finanças públicas";"Despesas por função - assistência e previdência - municipal";"Despesas por função - assistência e previdência - municipal";"Não oculta";"Internet";NA;0;0;NA;NA;"DFASPRM";"Internet";"Regional"
"5425";"DFCOME";5;1138;"Ativa";"Min. Fazenda-STN";"Finanças públicas";"Despesas por função - comunicações - estadual";"Despesas por função - comunicações - estadual";"Não oculta";"Internet";NA;0;0;NA;NA;"DFCOME";"Internet";"Regional"
"5426";"DFCOMM";13;708;"Ativa";"Min. Fazenda-STN";"Finanças públicas";"Despesas por função - comunicações - municipal";"Despesas por função - comunicações - municipal";"Não oculta";"Internet";NA;0;0;NA;NA;"DFCOMM";"Internet";"Regional"
"5427";"DFDEFSE";4;1216;"Ativa";"Min. Fazenda-STN";"Finanças públicas";"Despesas por função - segurança nacional e eefesa pública - estadual";"Despesas por função - segurança nacional e eefesa pública - estadual";"Não oculta";"Internet";NA;0;0;NA;NA;"DFDEFSE";"Internet";"Regional"
"5428";"DFDEFSM";13;708;"Ativa";"Min. Fazenda-STN";"Finanças públicas";"Despesas por função - segurança nacional e eefesa pública - municipal";"Despesas por função - segurança nacional e eefesa pública - municipal";"Não oculta";"Internet";NA;0;0;NA;NA;"DFDEFSM";"Internet";"Regional"
"5429";"DFDESRE";9;871;"Ativa";"Min. Fazenda-STN";"Finanças públicas";"Despesas por função - desenvolvimento regional - estadual";"Despesas por função - desenvolvimento regional - estadual";"Não oculta";"Internet";NA;0;0;NA;NA;"DFDESRE";"Internet";"Regional"
"5430";"DFDESRM";17;594;"Ativa";"Min. Fazenda-STN";"Finanças públicas";"Despesas por função - desenvolvimento regional - municipal";"Despesas por função - desenvolvimento regional - municipal";"Não oculta";"Internet";NA;0;0;NA;NA;"DFDESRM";"Internet";"Regional"
"5431";"DFEDUCE";38;308;"Ativa";"Min. Fazenda-STN";"Finanças públicas";"Despesas por função - educação e cultura - estadual";"Despesas por função - educação e cultura - estadual";"Não oculta";"Internet";NA;0;0;NA;NA;"DFEDUCE";"Internet";"Regional"
"5432";"DFEDUCM";184;57;"Ativa";"Min. Fazenda-STN";"Finanças públicas";"Despesas por função - educação e cultura - municipal";"Despesas por função - educação e cultura - municipal";"Não oculta";"Internet";NA;0;0;NA;NA;"DFEDUCM";"Internet";"Regional"
"5433";"DFENERE";2;1445;"Ativa";"Min. Fazenda-STN";"Finanças públicas";"Despesas por função - energia e recursos minerais - estadual";"Despesas por função - energia e recursos minerais - estadual";"Não oculta";"Internet";NA;0;0;NA;NA;"DFENERE";"Internet";"Regional"
"5434";"DFENERM";18;565;"Ativa";"Min. Fazenda-STN";"Finanças públicas";"Despesas por função - energia e recursos minerais - municipal";"Despesas por função - energia e recursos minerais - municipal";"Não oculta";"Internet";NA;0;0;NA;NA;"DFENERM";"Internet";"Regional"
"5435";"DFHABE";4;1216;"Ativa";"Min. Fazenda-STN";"Finanças públicas";"Despesas por função - habitação e urbanismo - estadual";"Despesas por função - habitação e urbanismo - estadual";"Não oculta";"Internet";NA;0;0;NA;NA;"DFHABE";"Internet";"Regional"
"5436";"DFHABM";56;210;"Ativa";"Min. Fazenda-STN";"Finanças públicas";"Despesas por função - habitação e urbanismo - municipal";"Despesas por função - habitação e urbanismo - municipal";"Não oculta";"Internet";NA;0;0;NA;NA;"DFHABM";"Internet";"Regional"
"5437";"DFICSE";4;1216;"Ativa";"Min. Fazenda-STN";"Finanças públicas";"Despesas por função - indústria, comércio e serviços - estadual";"Despesas por função - indústria, comércio e serviços - estadual";"Não oculta";"Internet";NA;0;0;NA;NA;"DFICSE";"Internet";"Regional"
"5438";"DFICSM";19;538;"Ativa";"Min. Fazenda-STN";"Finanças públicas";"Despesas por função - indústria, comércio e serviços - municipal";"Despesas por função - indústria, comércio e serviços - municipal";"Não oculta";"Internet";NA;0;0;NA;NA;"DFICSM";"Internet";"Regional"
"5439";"DFJUDE";3;1315;"Ativa";"Min. Fazenda-STN";"Finanças públicas";"Despesas por função - judiciária- estadual";"Despesas por função - judiciária- estadual";"Não oculta";"Internet";NA;0;0;NA;NA;"DFJUDE";"Internet";"Regional"
"5440";"DFJUDM";9;871;"Ativa";"Min. Fazenda-STN";"Finanças públicas";"Despesas por função - judiciária- municipal";"Despesas por função - judiciária- municipal";"Não oculta";"Internet";NA;0;0;NA;NA;"DFJUDM";"Internet";"Regional"
"5441";"DFLEGE";4;1216;"Ativa";"Min. Fazenda-STN";"Finanças públicas";"Despesas por função - legislativa- estadual";"Despesas por função - legislativa- estadual";"Não oculta";"Internet";NA;0;0;NA;NA;"DFLEGE";"Internet";"Regional"
"5442";"DFLEGM";14;680;"Ativa";"Min. Fazenda-STN";"Finanças públicas";"Despesas por função - legislativa- municipal";"Despesas por função - legislativa- municipal";"Não oculta";"Internet";NA;0;0;NA;NA;"DFLEGM";"Internet";"Regional"
"5443";"DFOFE";6;1048;"Ativa";"Min. Fazenda-STN";"Finanças públicas";"Despesas por função - estadual";"Despesas por função - estadual";"Não oculta";"Internet";NA;0;0;NA;NA;"DFOFE";"Internet";"Regional"
"5444";"DFOFM";16;619;"Ativa";"Min. Fazenda-STN";"Finanças públicas";"Despesas por função - municipal";"Despesas por função - municipal";"Não oculta";"Internet";NA;0;0;NA;NA;"DFOFM";"Internet";"Regional"
"5445";"DFRELEXE";3;1315;"Ativa";"Min. Fazenda-STN";"Finanças públicas";"Despesas por função - relações exteriores - estadual";"Despesas por função - relações exteriores - estadual";"Não oculta";"Internet";NA;0;0;NA;NA;"DFRELEXE";"Internet";"Regional"
"5446";"DFRELEXM";7;991;"Ativa";"Min. Fazenda-STN";"Finanças públicas";"Despesas por função - relações exteriores - municipal";"Despesas por função - relações exteriores - municipal";"Não oculta";"Internet";NA;0;0;NA;NA;"DFRELEXM";"Internet";"Regional"
"5447";"DFSAUSE";39;298;"Ativa";"Min. Fazenda-STN";"Finanças públicas";"Despesas por função - saúde e saneamento - estadual";"Despesas por função - saúde e saneamento - estadual";"Não oculta";"Internet";NA;0;0;NA;NA;"DFSAUSE";"Internet";"Regional"
"5448";"DFSAUSM";149;74;"Ativa";"Min. Fazenda-STN";"Finanças públicas";"Despesas por função - saúde e saneamento - municipal";"Despesas por função - saúde e saneamento - municipal";"Não oculta";"Internet";NA;0;0;NA;NA;"DFSAUSM";"Internet";"Regional"
"5449";"DFTRABE";8;932;"Ativa";"Min. Fazenda-STN";"Finanças públicas";"Despesas por função - trabalho- estadual";"Despesas por função - trabalho- estadual";"Não oculta";"Internet";NA;0;0;NA;NA;"DFTRABE";"Internet";"Regional"
"5450";"DFTRABM";23;471;"Ativa";"Min. Fazenda-STN";"Finanças públicas";"Despesas por função - trabalho- municipal";"Despesas por função - trabalho- municipal";"Não oculta";"Internet";NA;0;0;NA;NA;"DFTRABM";"Internet";"Regional"
"5451";"DFTRAE";5;1138;"Ativa";"Min. Fazenda-STN";"Finanças públicas";"Despesas por função - transporte- estadual";"Despesas por função - transporte- estadual";"Não oculta";"Internet";NA;0;0;NA;NA;"DFTRAE";"Internet";"Regional"
"5452";"DFTRAM";15;639;"Ativa";"Min. Fazenda-STN";"Finanças públicas";"Despesas por função - transporte- municipal";"Despesas por função - transporte- municipal";"Não oculta";"Internet";NA;0;0;NA;NA;"DFTRAM";"Internet";"Regional"
"5453";"DINVESTE";42;282;"Ativa";"Min. Fazenda-STN";"Finanças públicas";"Despesa de capital - investimento - estadual";"Despesa de capital - investimento - estadual";"Não oculta";"Internet";NA;0;0;NA;NA;"DINVESTE";"Internet";"Regional"
"5454";"DINVESTM";51;235;"Ativa";"Min. Fazenda-STN";"Finanças públicas";"Despesa de capital - investimento - municipal";"Despesa de capital - investimento - municipal";"Não oculta";"Internet";NA;0;0;NA;NA;"DINVESTM";"Internet";"Regional"
"5455";"DINVFINAM";11;772;"Ativa";"Min. Fazenda-STN";"Finanças públicas";"Despesa de capital - inversão financeira - municipal";"Despesa de capital - inversão financeira - municipal";"Não oculta";"Internet";NA;0;0;NA;NA;"DINVFINAM";"Internet";"Regional"
"5456";"DTRCINTEE";7;991;"Ativa";"Min. Fazenda-STN";"Finanças públicas";"Despesa - transferências intergovernamentais - estadual";"Despesa - transferências intergovernamentais - estadual";"Não oculta";"Internet";NA;0;0;NA;NA;"DTRCINTEE";"Internet";"Regional"
"5457";"DTRCINTRE";3;1315;"Ativa";"Min. Fazenda-STN";"Finanças públicas";"Despesa - transferências intragovernamentais - estadual";"Despesa - transferências intragovernamentais - estadual";"Não oculta";"Internet";NA;0;0;NA;NA;"DTRCINTRE";"Internet";"Regional"
"5458";"DTRCORTOE";16;619;"Ativa";"Min. Fazenda-STN";"Finanças públicas";"Despesa - transferências correntes - estadual";"Despesa - transferências correntes - estadual";"Não oculta";"Internet";NA;0;0;NA;NA;"DTRCORTOE";"Internet";"Regional"
"5459";"DTRCORTOM";87;124;"Ativa";"Min. Fazenda-STN";"Finanças públicas";"Despesa - transferências correntes - municipal";"Despesa - transferências correntes - municipal";"Não oculta";"Internet";NA;0;0;NA;NA;"DTRCORTOM";"Internet";"Regional"
"5460";"DTRKINTEE";1;1606;"Ativa";"Min. Fazenda-STN";"Finanças públicas";"Despesa de capital - transferências intergovernamentais - estadual";"Despesa de capital - transferências intergovernamentais - estadual";"Não oculta";"Internet";NA;0;0;NA;NA;"DTRKINTEE";"Internet";"Regional"
"5461";"DTRKINTRE";2;1445;"Ativa";"Min. Fazenda-STN";"Finanças públicas";"Despesa de capital - transferências intragovernamentais - estadual";"Despesa de capital - transferências intragovernamentais - estadual";"Não oculta";"Internet";NA;0;0;NA;NA;"DTRKINTRE";"Internet";"Regional"
"5462";"DTRKTOE";11;772;"Ativa";"Min. Fazenda-STN";"Finanças públicas";"Despesa - transferências de capital - estadual";"Despesa - transferências de capital - estadual";"Não oculta";"Internet";NA;0;0;NA;NA;"DTRKTOE";"Internet";"Regional"
"5463";"DTRKTOM";30;386;"Ativa";"Min. Fazenda-STN";"Finanças públicas";"Despesa - transferências de capital - municipal";"Despesa - transferências de capital - municipal";"Não oculta";"Internet";NA;0;0;NA;NA;"DTRKTOM";"Internet";"Regional"
"5464";"RALIBENSM";7;991;"Ativa";"Min. Fazenda-STN";"Finanças públicas";"Receita de capital -alienação de bens - municipal";"Receita de capital -alienação de bens - municipal";"Não oculta";"Internet";NA;0;0;NA;NA;"RALIBENSM";"Internet";"Regional"
"5465";"RECORE";59;199;"Ativa";"Min. Fazenda-STN";"Finanças públicas";"Receita orçamentária - estadual";"Receita orçamentária - estadual";"Não oculta";"Internet";NA;0;0;NA;NA;"RECORE";"Internet";"Regional"
"5466";"RECORM";106;102;"Ativa";"Min. Fazenda-STN";"Finanças públicas";"Receita orçamentária - municipal";"Receita orçamentária - municipal";"Não oculta";"Internet";NA;0;0;NA;NA;"RECORM";"Internet";"Regional"
"5467";"RECOROUTE";3;1315;"Ativa";"Min. Fazenda-STN";"Finanças públicas";"Receita corrente - outras - estadual";"Receita corrente - outras - estadual";"Não oculta";"Internet";NA;0;0;NA;NA;"RECOROUTE";"Internet";"Regional"
"5468";"RECOROUTM";19;538;"Ativa";"Min. Fazenda-STN";"Finanças públicas";"Receita corrente - outras - municipal";"Receita corrente - outras - municipal";"Não oculta";"Internet";NA;0;0;NA;NA;"RECOROUTM";"Internet";"Regional"
"5469";"RECORRE";36;326;"Ativa";"Min. Fazenda-STN";"Finanças públicas";"Receita corrente - estadual";"Receita corrente - estadual";"Não oculta";"Internet";NA;0;0;NA;NA;"RECORRE";"Internet";"Regional"
"5470";"RECORRM";87;124;"Ativa";"Min. Fazenda-STN";"Finanças públicas";"Receita corrente - municipal";"Receita corrente - municipal";"Não oculta";"Internet";NA;0;0;NA;NA;"RECORRM";"Internet";"Regional"
"5471";"RECTRIBE";33;353;"Ativa";"Min. Fazenda-STN";"Finanças públicas";"Receita tributária - estadual";"Receita tributária - estadual";"Não oculta";"Internet";NA;0;0;NA;NA;"RECTRIBE";"Internet";"Regional"
"5472";"RECTRIBM";90;119;"Ativa";"Min. Fazenda-STN";"Finanças públicas";"Receita tributária - municipal";"Receita tributária - municipal";"Não oculta";"Internet";NA;0;0;NA;NA;"RECTRIBM";"Internet";"Regional"
"5473";"REKE";4;1216;"Ativa";"Min. Fazenda-STN";"Finanças públicas";"Receita de capital - estadual";"Receita de capital - estadual";"Não oculta";"Internet";NA;0;0;NA;NA;"REKE";"Internet";"Regional"
"5474";"REKM";15;639;"Ativa";"Min. Fazenda-STN";"Finanças públicas";"Receita de capital - municipal";"Receita de capital - municipal";"Não oculta";"Internet";NA;0;0;NA;NA;"REKM";"Internet";"Regional"
"5475";"REKOUTM";14;680;"Ativa";"Min. Fazenda-STN";"Finanças públicas";"Receitas de capital - outros - municipal";"Receitas de capital - outros - municipal";"Não oculta";"Internet";NA;0;0;NA;NA;"REKOUTM";"Internet";"Regional"
"5476";"RICMSM";67;173;"Ativa";"Min. Fazenda-STN";"Finanças públicas";"Transferências para os municípios referentes ICMS";"Transferências para os municípios referentes ICMS";"Não oculta";"Internet";NA;0;0;NA;NA;"RICMSM";"Internet";"Regional"
"5477";"RIMPTOTM";97;111;"Ativa";"Min. Fazenda-STN";"Finanças públicas";"Receita tributária - impostos - municipal";"Receita tributária - impostos - municipal";"Não oculta";"Internet";NA;0;0;NA;NA;"RIMPTOTM";"Internet";"Regional"
"5478";"RIPTUM";57;203;"Ativa";"Min. Fazenda-STN";"Finanças públicas";"Receita tributária - IPTU - municipal";"Receita tributária - IPTU - municipal";"Não oculta";"Internet";NA;0;0;NA;NA;"RIPTUM";"Internet";"Regional"
"5479";"RIPVAM";11;772;"Ativa";"Min. Fazenda-STN";"Finanças públicas";"Despesa de capital - transferência para os municípios referentes ao IPVA";"Despesa de capital - transferência para os municípios referentes ao IPVA";"Não oculta";"Internet";NA;0;0;NA;NA;"RIPVAM";"Internet";"Regional"
"5480";"RISSM";37;319;"Ativa";"Min. Fazenda-STN";"Finanças públicas";"Receita tributária - ISS - municipal";"Receita tributária - ISS - municipal";"Não oculta";"Internet";NA;0;0;NA;NA;"RISSM";"Internet";"Regional"
"5481";"ROPCREDE";10;818;"Ativa";"Min. Fazenda-STN";"Finanças públicas";"Receita de capital - operações de crédito - estadual";"Receita de capital - operações de crédito - estadual";"Não oculta";"Internet";NA;0;0;NA;NA;"ROPCREDE";"Internet";"Regional"
"5482";"ROPCREDM";11;772;"Ativa";"Min. Fazenda-STN";"Finanças públicas";"Receita de capital - operações de crédito - municipal";"Receita de capital - operações de crédito - municipal";"Não oculta";"Internet";NA;0;0;NA;NA;"ROPCREDM";"Internet";"Regional"
"5483";"ROUTIMPM";21;504;"Ativa";"Min. Fazenda-STN";"Finanças públicas";"Receita tributária - outros impostos - municipal";"Receita tributária - outros impostos - municipal";"Não oculta";"Internet";NA;0;0;NA;NA;"ROUTIMPM";"Internet";"Regional"
"5484";"ROUTRCORM";36;326;"Ativa";"Min. Fazenda-STN";"Finanças públicas";"Despesa - transferências correntes para os municípios";"Despesa - transferências correntes para os municípios";"Não oculta";"Internet";NA;0;0;NA;NA;"ROUTRCORM";"Internet";"Regional"
"5485";"ROUTRKM";8;932;"Ativa";"Min. Fazenda-STN";"Finanças públicas";"Despesa de capital - transferência  outras aos municípios";"Despesa de capital - transferência  outras aos municípios";"Não oculta";"Internet";NA;0;0;NA;NA;"ROUTRKM";"Internet";"Regional"
"5486";"RTAXASM";15;639;"Ativa";"Min. Fazenda-STN";"Finanças públicas";"Receita tributária - taxas - municipal";"Receita tributária - taxas - municipal";"Não oculta";"Internet";NA;0;0;NA;NA;"RTAXASM";"Internet";"Regional"
"5487";"RTRCOESTM";36;326;"Ativa";"Min. Fazenda-STN";"Finanças públicas";"Transferências correntes de tributos estaduais para os municípios";"Transferências correntes de tributos estaduais para os municípios";"Não oculta";"Internet";NA;0;0;NA;NA;"RTRCOESTM";"Internet";"Regional"
"5488";"RTRCOFPMM";97;111;"Ativa";"Min. Fazenda-STN";"Finanças públicas";"Cota-parte do fundo de participação - municipal";"Cota-parte do fundo de participação - municipal";"Não oculta";"Internet";NA;0;0;NA;NA;"RTRCOFPMM";"Internet";"Regional"
"5489";"RTRCORTOE";1;1606;"Ativa";"Min. Fazenda-STN";"Finanças públicas";"Receita - transferências correntes - estadual";"Receita - transferências correntes - estadual";"Não oculta";"Internet";NA;0;0;NA;NA;"RTRCORTOE";"Internet";"Regional"
"5490";"RTRCORTOM";17;594;"Ativa";"Min. Fazenda-STN";"Finanças públicas";"Receita - transferências correntes - municipal";"Receita - transferências correntes - municipal";"Não oculta";"Internet";NA;0;0;NA;NA;"RTRCORTOM";"Internet";"Regional"
"5491";"RTRFPEE";25;444;"Ativa";"Min. Fazenda-STN";"Finanças públicas";"Cota-parte do fundo de participação - estadual";"Cota-parte do fundo de participação - estadual";"Não oculta";"Internet";NA;0;0;NA;NA;"RTRFPEE";"Internet";"Regional"
"5492";"RTRKESTM";15;639;"Ativa";"Min. Fazenda-STN";"Finanças públicas";"Despesa de capital - transferência dos estados para os municípios";"Despesa de capital - transferência dos estados para os municípios";"Não oculta";"Internet";NA;0;0;NA;NA;"RTRKESTM";"Internet";"Regional"
"5493";"RTRKFPMM";31;376;"Ativa";"Min. Fazenda-STN";"Finanças públicas";"Despesa de capital - transferência do geverno federal para os municípios";"Despesa de capital - transferência do geverno federal para os municípios";"Não oculta";"Internet";NA;0;0;NA;NA;"RTRKFPMM";"Internet";"Regional"
"5494";"RTRKTOE";1;1606;"Ativa";"Min. Fazenda-STN";"Finanças públicas";"Receita - transferências de capital - estadual";"Receita - transferências de capital - estadual";"Não oculta";"Internet";NA;0;0;NA;NA;"RTRKTOE";"Internet";"Regional"
"5495";"RTRKTOM";9;871;"Ativa";"Min. Fazenda-STN";"Finanças públicas";"Receita - transferências de capital - municipal";"Receita - transferências de capital - municipal";"Não oculta";"Internet";NA;0;0;NA;NA;"RTRKTOM";"Internet";"Regional"
"5496";"RTRPRUE";15;639;"Ativa";"Min. Fazenda-STN";"Finanças públicas";"Participação estadual na receita da união";"Participação estadual na receita da união";"Não oculta";"Internet";NA;0;0;NA;NA;"RTRPRUE";"Internet";"Regional"
"5497";"SCN4_CTBM4";8;244;"Inativa";"IBGE/SCN 2000 Trim.";"Contas nacionais";"Consumo final - base móvel (média do ano anterior = 100) - ref. 2000";"Consumo final: base móvel (média do ano anterior = 100) - referência 2000";"Não oculta";"Intranet";90;0;0;"Incluída em 03 / maio / 2007.";"Gerada";"SCN4";"Intranet";"Macro"
"5498";"SCN4_VESTOBM4";8;244;"Inativa";"IBGE/SCN 2000 Trim.";"Contas nacionais";"Capital - formação bruta - variação de estoque - base móvel (média do ano anterior =100) - ref. 2000";"Formação bruta de capital - variação de estoque: base móvel (média do ano anterior = 100) - referência 2000";"Não oculta";"Intranet";90;0;0;"Incluída em 03 / maio / 2007.";"Gerada";"SCN4";"Intranet";"Macro"
"5499";"PAN_IVVRG";NA;NA;"Ativa";"IBGE/PMC";"Sinopse macroeconômica";"Valor real das vendas no varejo";"Valor real das vendas no varejo";"Não oculta";"Internet";90;0;0;"Metadados incluídos em 30/out/2002.";"Gerada";"PAN";"Internet";"Macro"
"5500";"GAC12_IPCAEXC12";93;123;"Inativa";"IPEA";"Preços";"IPCA - Núcleo por exclusão";"IPCA - Núcleo por exclusão";"Não oculta";"Intranet";10;1;0;"Incluída em 24/out/2002 .";NA;"GAC12";"Intranet";"Macro"
"5501";"GAC12_IPCA20P12";99;115;"Inativa";"IPEA";"Preços";"IPCA - Núcleo média aparadas";"IPCA - Núcleo média aparadas";"Não oculta";"Intranet";10;1;0;"Incluída em 24/out/2002 .";NA;"GAC12";"Intranet";"Macro"
"5502";"PRECOS12_IPCAPM12";159;67;"Inativa";"Bacen Outras/SGS";"Preços";"IPCA - preços monitorados - var.";"IPCA - preços monitorados - var.";"Oculta";"Internet";15;0;0;"Incuída em 25/out/2002 .";NA;"PRECOS12";"Oculta";"Macro"
"5503";"PRECOS12_IPCACOM12";134;84;"Inativa";"Bacen Outras/SGS";"Preços";"IPCA - preços livres - comercializáveis - var.";"IPCA - preços livres - comercializáveis - var.";"Oculta";"Internet";15;0;0;"Incuída em 25/out/2002 .";NA;"PRECOS12";"Oculta";"Macro"
"5504";"PRECOS12_IPCANCOM12";136;82;"Inativa";"Bacen Outras/SGS";"Preços";"IPCA - preços livres - não comercializáveis - var.";"IPCA - preços livres - não comercializáveis - var.";"Oculta";"Internet";15;0;0;"Incuída em 25/out/2002 .";NA;"PRECOS12";"Oculta";"Macro"
"5505";"BPN_EMPBCB";2;1445;"Inativa";"Bacen/BP (BPM5)";"Balanço de pagamentos";"Usos e fontes - fontes - empréstimos ao Banco Central (Antiga metod. - BPM5)";"Usos e fontes: fontes - empréstimos ao Banco Central (Antiga metodologia - BPM5)";"Não oculta";"Internet";25;0;0;"Incluída em 11/nov/2002 .";NA;"BPN";"Internet";"Macro"
"5506";"BPN12_EMPBCB12";3;1356;"Inativa";"Bacen/BP (BPM5)";"Balanço de pagamentos";"Usos e fontes - fontes - empréstimos ao Banco Central (Antiga metod. - BPM5)";"Usos e fontes: fontes - empréstimos ao Banco Central (Antiga metodologia - BPM5)";"Não oculta";"Internet";25;0;0;"Incluída em 11/nov/2002 .";NA;"BPN12";"Internet";"Macro"
"5507";"BPN4_EMPBCB4";1;527;"Inativa";"Bacen/BP (BPM5)";"Balanço de pagamentos";"Usos e fontes - fontes - empréstimos ao Banco Central (Antiga metod. - BPM5)";"Usos e fontes: fontes - empréstimos ao Banco Central (Antiga metodologia - BPM5)";"Não oculta";"Internet";25;0;0;"Incluída em 11/nov/2002 .";NA;"BPN4";"Internet";"Macro"
"5508";"TXA15H";45;267;"Ativa";"IPEA";"Educação";"Analfabetos - pessoas 15 anos e mais - homens";"Analfabetos - pessoas 15 anos e mais - homens";"Não oculta";"Internet";NA;0;0;NA;NA;"TXA15H";"Internet";"Social"
"5509";"TXA15W";57;203;"Ativa";"IPEA";"Educação";"Analfabetos - pessoas 15 anos e mais - mulheres";"Analfabetos - pessoas 15 anos e mais - mulheres";"Não oculta";"Internet";NA;0;0;NA;NA;"TXA15W";"Internet";"Social"
"5510";"TXA1524";71;159;"Ativa";"IPEA";"Educação";"Analfabetos - pessoas 15 a 24 anos";"Analfabetos - pessoas 15 a 24 anos";"Não oculta";"Internet";NA;0;0;NA;NA;"TXA1524";"Internet";"Social"
"5511";"TXA1524H";8;932;"Ativa";"IPEA";"Educação";"Analfabetos - pessoas 15 a 24 anos - homens";"Analfabetos - pessoas 15 a 24 anos - homens";"Não oculta";"Internet";NA;0;0;NA;NA;"TXA1524H";"Internet";"Social"
"5512";"TXA1524W";14;680;"Ativa";"IPEA";"Educação";"Analfabetos - pessoas 15 a 24 anos - mulheres";"Analfabetos - pessoas 15 a 24 anos - mulheres";"Não oculta";"Internet";NA;0;0;NA;NA;"TXA1524W";"Internet";"Social"
"5513";"TXA1014";165;63;"Ativa";"IPEA";"Educação";"Analfabetos - pessoas 10 a 14 anos";"Analfabetos - pessoas 10 a 14 anos";"Não oculta";"Internet";NA;0;0;NA;NA;"TXA1014";"Internet";"Social"
"5514";"TXA1014H";16;619;"Ativa";"IPEA";"Educação";"Analfabetos - pessoas 10 a 14 anos - homens";"Analfabetos - pessoas 10 a 14 anos - homens";"Não oculta";"Internet";NA;0;0;NA;NA;"TXA1014H";"Internet";"Social"
"5515";"TXA1014W";15;639;"Ativa";"IPEA";"Educação";"Analfabetos - pessoas 10 a 14 anos - mulheres";"Analfabetos - pessoas 10 a 14 anos - mulheres";"Não oculta";"Internet";NA;0;0;NA;NA;"TXA1014W";"Internet";"Social"
"5516";"TXA1517";38;308;"Ativa";"IPEA";"Educação";"Analfabetos - pessoas 15 a 17 anos";"Analfabetos - pessoas 15 a 17 anos";"Não oculta";"Internet";NA;0;0;NA;NA;"TXA1517";"Internet";"Social"
"5517";"TXA1517H";2;1445;"Ativa";"IPEA";"Educação";"Analfabetos - pessoas 15 a 17 anos - homens";"Analfabetos - pessoas 15 a 17 anos - homens";"Não oculta";"Internet";NA;0;0;NA;NA;"TXA1517H";"Internet";"Social"
"5518";"TXA1517W";11;772;"Ativa";"IPEA";"Educação";"Analfabetos - pessoas 15 a 17 anos - mulheres";"Analfabetos - pessoas 15 a 17 anos - mulheres";"Não oculta";"Internet";NA;0;0;NA;NA;"TXA1517W";"Internet";"Social"
"5519";"FES0506W";4;1216;"Ativa";"IPEA";"Educação";"Freqüencia escolar - pessoas 5 a 6 anos - mulheres";"Freqüencia escolar - pessoas 5 a 6 anos - mulheres";"Não oculta";"Internet";NA;0;0;NA;NA;"FES0506W";"Internet";"Social"
"5520";"FES0506H";3;1315;"Ativa";"IPEA";"Educação";"Freqüencia escolar - pessoas 5 a 6 anos - homens";"Freqüencia escolar - pessoas 5 a 6 anos - homens";"Não oculta";"Internet";NA;0;0;NA;NA;"FES0506H";"Internet";"Social"
"5521";"FES0714";85;127;"Ativa";"IPEA";"Educação";"Freqüencia escolar - pessoas 7 a 14 anos";"Freqüencia escolar - pessoas 7 a 14 anos";"Não oculta";"Internet";NA;0;0;NA;NA;"FES0714";"Internet";"Social"
"5522";"FES0714W";10;818;"Ativa";"IPEA";"Educação";"Freqüencia escolar - pessoas 7 a 14 anos - mulheres";"Freqüencia escolar - pessoas 7 a 14 anos - mulheres";"Não oculta";"Internet";NA;0;0;NA;NA;"FES0714W";"Internet";"Social"
"5523";"FES0714H";9;871;"Ativa";"IPEA";"Educação";"Freqüencia escolar - pessoas 7 a 14 anos - homens";"Freqüencia escolar - pessoas 7 a 14 anos - homens";"Não oculta";"Internet";NA;0;0;NA;NA;"FES0714H";"Internet";"Social"
"5524";"FES1517";70;161;"Ativa";"IPEA";"Educação";"Freqüencia escolar - pessoas 15 a 17 anos";"Freqüencia escolar - pessoas 15 a 17 anos";"Não oculta";"Internet";NA;0;0;NA;NA;"FES1517";"Internet";"Social"
"5525";"FES1517W";8;932;"Ativa";"IPEA";"Educação";"Freqüencia escolar - pessoas 15 a 17 anos - mulheres";"Freqüencia escolar - pessoas 15 a 17 anos - mulheres";"Não oculta";"Internet";NA;0;0;NA;NA;"FES1517W";"Internet";"Social"
"5526";"FES1517H";9;871;"Ativa";"IPEA";"Educação";"Freqüencia escolar - pessoas 15 a 17 anos - homens";"Freqüencia escolar - pessoas 15 a 17 anos - homens";"Não oculta";"Internet";NA;0;0;NA;NA;"FES1517H";"Internet";"Social"
"5527";"ATRASO";38;308;"Ativa";"IPEA";"Educação";"Defasagem escolar - mais de 1 ano atraso";"Defasagem escolar - mais de 1 ano atraso";"Não oculta";"Internet";NA;0;0;NA;NA;"ATRASO";"Internet";"Social"
"5528";"ATRASOW";4;1216;"Ativa";"IPEA";"Educação";"Defasagem escolar - mais de 1 ano atraso - mulheres";"Defasagem escolar - mais de 1 ano atraso - mulheres";"Não oculta";"Internet";NA;0;0;NA;NA;"ATRASOW";"Internet";"Social"
"5529";"ATRASOH";1;1606;"Ativa";"IPEA";"Educação";"Defasagem escolar - mais de 1 ano atraso - homens";"Defasagem escolar - mais de 1 ano atraso - homens";"Não oculta";"Internet";NA;0;0;NA;NA;"ATRASOH";"Internet";"Social"
"5530";"SGR1517";18;565;"Ativa";"IPEA";"Educação";"Freqüencia escolar - pessoas 15 a 17 anos - frequentando 2º grau ou com mais de 8 anos de estudo";"Freqüencia escolar - pessoas 15 a 17 anos - frequentando 2º grau ou com mais de 8 anos de estudo";"Não oculta";"Internet";NA;0;0;NA;NA;"SGR1517";"Internet";"Social"
"5531";"SGR1517W";8;932;"Ativa";"IPEA";"Educação";"Freqüencia escolar - pessoas 15 a 17 anos - frequentando 2º grau ou com mais de 8 anos de estudo - m";"Freqüencia escolar - pessoas 15 a 17 anos - frequentando 2º grau ou com mais de 8 anos de estudo - mulheres";"Não oculta";"Internet";NA;0;0;NA;NA;"SGR1517W";"Internet";"Social"
"5532";"SGR1517H";8;932;"Ativa";"IPEA";"Educação";"Freqüencia escolar - pessoas 15 a 17 anos - frequentando 2º grau ou com mais de 8 anos de estudo - h";"Freqüencia escolar - pessoas 15 a 17 anos - frequentando 2º grau ou com mais de 8 anos de estudo - homens";"Não oculta";"Internet";NA;0;0;NA;NA;"SGR1517H";"Internet";"Social"
"5533";"FES0506";27;421;"Ativa";"IPEA";"Educação";"Freqüencia escolar - pessoas 5 a 6 anos";"Freqüencia escolar - pessoas 5 a 6 anos";"Não oculta";"Internet";NA;0;0;NA;NA;"FES0506";"Internet";"Social"
"5534";"TXA15MP";326;26;"Ativa";"IPEA";"Educação";"Analfabetos - pessoas 15 anos e mais";"Analfabetos - pessoas 15 anos e mais";"Não oculta";"Internet";NA;0;0;NA;NA;"TXA15MP";"Internet";"Social"
"5535";"P25AEP";249;38;"Ativa";"IPEA";"Educação";"Anos de estudo - média - pessoas 25 anos e mais";"Anos de estudo - média - pessoas 25 anos e mais";"Não oculta";"Internet";NA;0;0;NA;NA;"P25AEP";"Internet";"Social"
"5536";"P25AEH";54;224;"Ativa";"IPEA";"Educação";"Anos de estudo - média - pessoas 25 anos e mais - homens";"Anos de estudo - média - pessoas 25 anos e mais - homens";"Não oculta";"Internet";NA;0;0;NA;NA;"P25AEH";"Internet";"Social"
"5537";"P25AEW";50;241;"Ativa";"IPEA";"Educação";"Anos de estudo - média - pessoas 25 anos e mais - mulheres";"Anos de estudo - média - pessoas 25 anos e mais - mulheres";"Não oculta";"Internet";NA;0;0;NA;NA;"P25AEW";"Internet";"Social"
"5538";"DE1014P";20;518;"Ativa";"IPEA";"Educação";"Defasagem escolar - média - pessoas 10 a 14 anos";"Defasagem escolar - média - pessoas 10 a 14 anos";"Não oculta";"Internet";NA;0;0;NA;NA;"DE1014P";"Internet";"Social"
"5539";"DE1014WP";7;991;"Ativa";"IPEA";"Educação";"Defasagem escolar - média - pessoas 10 a 14 anos - mulheres";"Defasagem escolar - média - pessoas 10 a 14 anos - mulheres";"Não oculta";"Internet";NA;0;0;NA;NA;"DE1014WP";"Internet";"Social"
"5540";"DE1014HP";7;991;"Ativa";"IPEA";"Educação";"Defasagem escolar - média - pessoas 10 a 14 anos - homens";"Defasagem escolar - média - pessoas 10 a 14 anos - homens";"Não oculta";"Internet";NA;0;0;NA;NA;"DE1014HP";"Internet";"Social"
"5541";"SCN4_XLBM4";14;148;"Inativa";"IBGE/SCN 2000 Trim.";"Contas nacionais";"Exportações líquidas - base móvel (média do ano anterior = 100) - ref. 2000";"Exportações líquidas: base móvel (média do ano anterior = 100) - referência 2000";"Não oculta";"Intranet";90;0;0;"Incluída em 03 / maio / 2007.";"Gerada";"SCN4";"Intranet";"Macro"
"5542";"SCN4_XLI4";12;166;"Inativa";"IBGE/SCN 2000 Trim.";"Contas nacionais";"Exportações líquidas - índice encadeado (média 1995 = 100) - ref. 2000";"Exportações líquidas: índice encadeado (média 1995 = 100) - referência 2000";"Não oculta";"Intranet";90;0;0;"Incluída em 03 / maio / 2007.";"Gerada";"SCN4";"Intranet";"Macro"
"5543";"SCN4_FBKBM4";14;148;"Inativa";"IBGE/SCN 2000 Trim.";"Contas nacionais";"Capital - formação bruta - base móvel (média do ano anterior = 100) - ref. 2000";"Formação bruta de capital: base móvel (média do ano anterior = 100) - referência 2000";"Não oculta";"Intranet";90;0;0;"Incluída em 03 / maio / 2007.";"Gerada";"SCN4";"Intranet";"Macro"
"5544";"GM366_DOW366";86;15;"Ativa";"Valor Econômico";"Economia internacional";"índice de ações - Dow Jones - fechamento";"índice de ações: Dow Jones - fechamento";"Não oculta";"Internet";1;0;0;"Incluída em 05/dez/2002 .";NA;"GM366";"Internet";"Macro"
"5545";"GM366_NASDAQ366";29;21;"Inativa";"Valor Econômico";"Economia internacional";"índice de ações - NASDAQ - fechamento";"índice de ações: NASDAQ - fechamento";"Oculta";"Intranet";1;0;0;"Incluída em 05/dez/2002 .";NA;"GM366";"Oculta";"Macro"
"5546";"PIB";1059;1;"Ativa";"IBGE";"Contas Regionais";"PIB Municipal a preços constantes";"PIB Municipal a preços constantes";"Não oculta";"Internet";NA;0;0;NA;NA;"PIB";"Internet";"Regional"
"5547";"PIBI";326;2;"Ativa";"IBGE";"Contas Regionais";"PIB Municipal - indústria - valor adicionado - preços básicos";"PIB Municipal - indústria - valor adicionado - preços básicos";"Não oculta";"Internet";NA;0;0;NA;NA;"PIBI";"Internet";"Regional"
"5548";"PIBIN";30;35;"Ativa";"IBGE";"Contas Regionais";"PIB Municipal - indústria - transformação e extrativa mineral - valor adicionado - preços básicos";"PIB Municipal - indústria - transformação e extrativa mineral - valor adicionado - preços básicos";"Não oculta";"Internet";NA;0;0;NA;NA;"PIBIN";"Internet";"Regional"
"5549";"PIBCC";29;36;"Ativa";"IBGE";"Contas Regionais";"PIB Municipal - indústria - construção - valor adicionado - preços básicos";"PIB Municipal - indústria - construção - valor adicionado - preços básicos";"Não oculta";"Internet";NA;0;0;NA;NA;"PIBCC";"Internet";"Regional"
"5550";"PIBSIU";22;43;"Ativa";"IBGE";"Contas Regionais";"PIB Municipal - indústria - serviços de utilidade pública";"PIB Municipal - indústria - serviços de utilidade pública";"Não oculta";"Internet";NA;0;0;NA;NA;"PIBSIU";"Internet";"Regional"
"5551";"PIBSE";233;5;"Ativa";"IBGE";"Contas Regionais";"PIB Municipal - serviços - valor adicionado - preços básicos";"PIB Municipal - serviços - valor adicionado - preços básicos";"Não oculta";"Internet";NA;0;0;NA;NA;"PIBSE";"Internet";"Regional"
"5552";"PIBT";24;38;"Ativa";"IBGE";"Contas Regionais";"PIB Municipal - serviços - transporte, armazenagem e correio - valor adicionado - preços básicos";"PIB Municipal - serviços - transporte, armazenagem e correio - valor adicionado - preços básicos";"Não oculta";"Internet";NA;0;0;NA;NA;"PIBT";"Internet";"Regional"
"5553";"PIBF";24;38;"Ativa";"IBGE";"Contas Regionais";"PIB Municipal - serviços - intermediação financeira - valor adicionado - preços básicos";"PIB Municipal - serviços - intermediação financeira - valor adicionado - preços básicos";"Não oculta";"Internet";NA;0;0;NA;NA;"PIBF";"Internet";"Regional"
"5554";"PIBG";54;23;"Ativa";"IBGE";"Contas Regionais";"PIB Municipal - serviços - administração pública - valor adicionado - preços básicos";"PIB Municipal - serviços - administração pública - valor adicionado - preços básicos";"Não oculta";"Internet";NA;0;0;NA;NA;"PIBG";"Internet";"Regional"
"5555";"PIBAL";19;47;"Ativa";"IBGE";"Contas Regionais";"PIB Municipal - serviços - atividades imobiliárias e aluguel - valor adicionado - preços básicos";"PIB Municipal - serviços - atividades imobiliárias e aluguel - valor adicionado - preços básicos";"Não oculta";"Internet";NA;0;0;NA;NA;"PIBAL";"Internet";"Regional"
"5556";"PIBOS";17;50;"Ativa";"IBGE";"Contas Regionais";"PIB Municipal - serviços - outros - valor adicionado - preços básicos";"PIB Municipal - serviços - outros - valor adicionado - preços básicos";"Não oculta";"Internet";NA;0;0;NA;NA;"PIBOS";"Internet";"Regional"
"5557";"PIBAG";324;3;"Ativa";"IBGE";"Contas Regionais";"PIB Municipal - agropecuária - valor adicionado - preços básicos";"PIB Municipal - agropecuária - valor adicionado - preços básicos";"Não oculta";"Internet";NA;0;0;NA;NA;"PIBAG";"Internet";"Regional"
"5558";"PIBCO";71;18;"Ativa";"IBGE";"Contas Regionais";"PIB Municipal - serviços - comércio - valor adicionado - preços básicos";"PIB Municipal - serviços - comércio - valor adicionado - preços básicos";"Não oculta";"Internet";NA;0;0;NA;NA;"PIBCO";"Internet";"Regional"
"5559";"POPFUR";32;98;"Ativa";"IBGE";"População";"População  residente - urbana  mulheres";"População  residente - urbana  mulheres";"Não oculta";"Internet";NA;0;0;NA;NA;"POPFUR";"Internet";"Regional"
"5560";"POPFRU";47;70;"Ativa";"IBGE";"População";"População residente - rural  mulheres";"População residente - rural  mulheres";"Não oculta";"Internet";NA;0;0;NA;NA;"POPFRU";"Internet";"Regional"
"5561";"POPMUR";29;104;"Ativa";"IBGE";"População";"População  residente - urbana  homens";"População  residente - urbana  homens";"Não oculta";"Internet";NA;0;0;NA;NA;"POPMUR";"Internet";"Regional"
"5562";"POPMRU";27;106;"Ativa";"IBGE";"População";"População residente - rural  homens";"População residente - rural  homens";"Não oculta";"Internet";NA;0;0;NA;NA;"POPMRU";"Internet";"Regional"
"5563";"POPUR";304;8;"Ativa";"IBGE";"População";"População  residente - urbana";"População  residente - urbana";"Não oculta";"Internet";NA;0;0;NA;NA;"POPUR";"Internet";"Regional"
"5564";"POPRU";286;9;"Ativa";"IBGE";"População";"População  residente - rural";"População  residente - rural";"Não oculta";"Internet";NA;0;0;NA;NA;"POPRU";"Internet";"Regional"
"5565";"POPF";35;92;"Ativa";"IBGE";"População";"População residente - mulheres";"População residente - mulheres";"Não oculta";"Internet";NA;0;0;NA;NA;"POPF";"Internet";"Regional"
"5566";"POPM";55;58;"Ativa";"IBGE";"População";"População  residente - homens";"População  residente - homens";"Não oculta";"Internet";NA;0;0;NA;NA;"POPM";"Internet";"Regional"
"5567";"GM366_DU366";66;16;"Inativa";"IPEA";"Financeiras";"Dias úteis - indicador";"Dias úteis - indicador";"Oculta";"Internet";0;0;0;"Incluída em 17/fev/2003 .";NA;"GM366";"Oculta";"Macro"
"5568";"SECEX366_MVTOT366";10;27;"Ativa";"MDIC/SECEX";"Comércio exterior";"Importações - média semanal";"Importações - média semanal";"Não oculta";"Internet";15;0;0;"Incluída em 17/fev/2003 .";NA;"SECEX366";"Internet";"Macro"
"5569";"SECEX366_XVTOT366";28;22;"Ativa";"MDIC/SECEX";"Comércio exterior";"Exportações - média semanal";"Exportações - média semanal";"Não oculta";"Internet";15;0;0;"Incluída em 17/fev/2003 .";NA;"SECEX366";"Internet";"Macro"
"5570";"IGP12_IGPMG1D12";55;231;"Ativa";"FGV/Conj. Econ. - IGP";"Preços";"Inflação - IGP-M - 1º decêndio";"Inflação - IGP-M - 1º decêndio";"Não oculta";"Internet";5;0;0;"Incluída em 19/fev/2003 .";NA;"IGP12";"Internet";"Macro"
"5571";"IGP12_IGPMG2D12";47;284;"Ativa";"FGV/Conj. Econ. - IGP";"Preços";"Inflação - IGP-M - 2º decêndio";"Inflação - IGP-M - 2º decêndio";"Não oculta";"Internet";5;0;0;"Incluída em 19/fev/2003 .";NA;"IGP12";"Internet";"Macro"
"5572";"FIPE12_FIPEQ1G12";38;345;"Ativa";"Fipe";"Preços";"Inflação - IPC -1ª quadrissemana (FIPE)";"Inflação - IPC -1ª quadrissemana (FIPE)";"Não oculta";"Internet";5;0;0;"Incluída em 19/fev/2003 .";NA;"FIPE12";"Internet";"Macro"
"5573";"FIPE12_FIPEQ2G12";25;491;"Ativa";"Fipe";"Preços";"Inflação - IPC -2ª quadrissemana (FIPE)";"Inflação - IPC -2ª quadrissemana (FIPE)";"Não oculta";"Internet";5;0;0;"Incluída em 19/fev/2003 .";NA;"FIPE12";"Internet";"Macro"
"5574";"FIPE12_FIPEQ3G12";23;526;"Ativa";"Fipe";"Preços";"Inflação - IPC -3ª quadrissemana (FIPE)";"Inflação - IPC -3ª quadrissemana (FIPE)";"Não oculta";"Internet";5;0;0;"Incluída em 19/fev/2003 .";NA;"FIPE12";"Internet";"Macro"
"5575";"PRECOS12_IPCA15G12";161;64;"Ativa";"IBGE/SNIPC";"Preços";"Inflação - IPCA-15";"Inflação - IPCA-15";"Não oculta";"Internet";1;0;0;"Incluída em 19/fev/2003 .";NA;"PRECOS12";"Internet";"Macro"
"5576";"PMEN12_QPTOTAL12";122;90;"Inativa";"IBGE/PME";"Emprego";"População em idade ativa  (PIA)  - RMs";"Pessoas de 10 anos ou mais de idade (PIA), por Regiões Metropolitanas";"Não oculta";"Internet";25;0;0;"Incluída em 07/mar/2003 .";NA;"PMEN12";"Internet";"Macro"
"5577";"PMEN12_PEA12";180;55;"Inativa";"IBGE/PME";"Emprego";"População economicamente ativa (PEA) - RMs";"Pessoas de 10 anos ou mais de idade, economicamente ativas (PEA), por Regiões Metropolitanas";"Não oculta";"Internet";25;0;0;"Incluída em 07/mar/2003 .";NA;"PMEN12";"Internet";"Macro"
"5578";"PMEN12_PNEA12";18;647;"Inativa";"IBGE/PME";"Emprego";"População não economicamente ativa (PNEA) - RMs";"Pessoas de 10 anos ou mais de idade, não economicamente ativas (PNEA) na semana de referência, por Regiões Metropolitanas";"Não oculta";"Internet";25;0;0;"Incluída em 07/mar/2003 .";NA;"PMEN12";"Internet";"Macro"
"5579";"PMEN12_QPOC12";79;151;"Inativa";"IBGE/PME";"Emprego";"População ocupada - RMs";"Pessoas de 10 anos ou mais de idade, ocupadas na semana de referência, por Regiões Metropolitanas";"Não oculta";"Internet";25;0;0;"Incluída em 07/mar/2003 .";"Geradora";"PMEN12";"Internet";"Macro"
"5580";"PMEN12_QDESPOC12";196;48;"Inativa";"IBGE/PME";"Emprego";"População desocupada - RMs";"Pessoas de 10 anos ou mais de idade, desocupadas na semana de referência com procura de trabalho no período de referência de 30 dias, por Regiões Metropolitanas";"Não oculta";"Internet";25;0;0;"Incluída em 07/mar/2003 .";NA;"PMEN12";"Internet";"Macro"
"5581";"PMEN12_TATIV12";66;188;"Inativa";"IBGE/PME";"Emprego";"Taxa de atividade - RMs";"Taxa de atividade,das pessoas de 10 anos ou mais de idade, por Regiões Metropolitanas";"Não oculta";"Internet";25;0;0;"Incluída em 07/mar/2003 .";NA;"PMEN12";"Internet";"Macro"
"5582";"PMEN12_POC12";64;192;"Inativa";"IBGE/PME";"Emprego";"População ocupada - RMs";"Percentual de pessoas, de 10 anos ou mais de idade, ocupadas em relação ao total de pessoas em idade ativa na semana de referência, por Regiões Metropolitanas";"Não oculta";"Internet";25;0;0;"Incluída em 07/mar/2003 .";NA;"PMEN12";"Internet";"Macro"
"5583";"PMEN12_TD12";875;12;"Inativa";"IBGE/PME";"Emprego";"Taxa de desemprego - referência: 30 dias - RMs";"Taxa de Desemprego (período de referência de 30 dias), das pessoas de 10 anos ou mais de idade, por Regiões Metropolitanas";"Não oculta";"Internet";25;0;0;"Incluída em 07/mar/2003 .";"Geradora";"PMEN12";"Internet";"Macro"
"5584";"PMEN12_POCEMPR12";41;319;"Inativa";"IBGE/PME";"Emprego";"População ocupada - empregada - RMs";"Pessoas de 10 anos ou mais de idade, empregadas no trabalho principal da semana de referência, por regiões metropolitanas.";"Não oculta";"Internet";25;0;0;"Incluída em 07/mar/2003 .";NA;"PMEN12";"Internet";"Macro"
"5585";"PMEN12_POCCCART12";89;135;"Inativa";"IBGE/PME";"Emprego";"População ocupada - empregada - com carteira assinada - RMs";"Pessoas de 10 anos ou mais de idade, empregadas com carteira de trabalho assinada, no trabalho principal da semana de referência, por regiões metropolitanas.";"Não oculta";"Internet";25;0;0;"Incluída em 07/mar/2003 .";NA;"PMEN12";"Internet";"Macro"
"5586";"PMEN12_POCSCART12";78;155;"Inativa";"IBGE/PME";"Emprego";"População ocupada - empregada - sem carteira assinada - RMs";"Pessoas de 10 anos ou mais de idade, empregadas sem carteira de trabalho assinada, no trabalho principal da semana de referência, por regiões metropolitanas.";"Não oculta";"Internet";25;0;0;"Incluída em 07/mar/2003 .";NA;"PMEN12";"Internet";"Macro"
"5587";"PMEN12_POCCP12";64;192;"Inativa";"IBGE/PME";"Emprego";"População ocupada - conta própria - RMs";"Pessoas de 10 anos ou mais de idade, conta própria no trabalho principal da semana de referência, por regiões metropolitanas.";"Não oculta";"Internet";25;0;0;"Incluída em 07/mar/2003 .";NA;"PMEN12";"Internet";"Macro"
"5588";"PMEN12_POCEMP12";23;526;"Inativa";"IBGE/PME";"Emprego";"População ocupada - empregador - RMs";"Pessoas de 10 anos ou mais de idade, empregadoras no trabalho principal da semana de referência, por regiões metropolitanas.";"Não oculta";"Internet";25;0;0;"Incluída em 07/mar/2003 .";NA;"PMEN12";"Internet";"Macro"
"5589";"PMEN12_POCSP12";31;407;"Inativa";"IBGE/PME";"Emprego";"População ocupada - empregada - setor privado - RMs";"Pessoas de 10 anos ou mais de idade, empregadas do setor privado,  no trabalho principal na semana de referência, por regiões metropolitanas.";"Não oculta";"Internet";25;0;0;"Incluída em 07/mar/2003 .";NA;"PMEN12";"Internet";"Macro"
"5590";"PMEN12_POCSPCCART12";46;289;"Inativa";"IBGE/PME";"Emprego";"População ocupada - empregada - setor privado - com carteira assinada - RMs";"Pessoas de 10 anos ou mais de idade, empregadas com carteira de trabalho assinada do setor privado, no trabalho principal da semana de referência,  por regiões metropolitanas.";"Não oculta";"Internet";25;0;0;"Incluída em 07/mar/2003 .";NA;"PMEN12";"Internet";"Macro"
"5591";"PMEN12_POCSPSCART12";37;351;"Inativa";"IBGE/PME";"Emprego";"População ocupada - empregada - setor privado - sem carteira assinada - RMs";"Pessoas de 10 anos ou mais de idade, empregadas sem carteira de trabalho assinada do setor privado, no trabalho principal da semana de referência,  por regiões metropolitanas.";"Não oculta";"Internet";25;0;0;"Incluída em 07/mar/2003 .";NA;"PMEN12";"Internet";"Macro"
"5592";"PMEN12_POCSUB12";36;363;"Inativa";"IBGE/PME";"Emprego";"População subocupada - RMs";"Percentual de pessoas, de 10 anos ou mais de idade, subocupadas por insuficiência de horas efetivamente trabalhadas na semana de referência, em relação ao total de pessoas ocupadas na semana de referência, por Regiões Metropolitanas";"Não oculta";"Internet";25;0;0;"Incluída em 07/mar/2003 .";NA;"PMEN12";"Internet";"Macro"
"5593";"PMEN12_PNEAPRO12";24;508;"Inativa";"IBGE/PME";"Emprego";"População não economicamente ativa - procurando trabalho - RMs";"Percentual de pessoas, de 10 anos ou mais de idade, ocupadas na semana de referência e procurando trabalho no período de referência de 30 dias, em relação ao total de pessoas ocupadas na semana de referência, por Regiões Metropolitanas";"Não oculta";"Internet";25;0;0;"Incluída em 07/mar/2003 .";NA;"PMEN12";"Internet";"Macro"
"5594";"PMEN12_PNEADIS12";13;769;"Inativa";"IBGE/PME";"Emprego";"População não economicamente ativa - disponíveis - RMs";"Percentual de pessoas, de 10 anos ou mais de idade, não economicamente ativas que estavam disponíveis para trabalhar na semana de referência em relação ao total de pessoas não economicamente ativas, por Regiões Metropolitanas";"Não oculta";"Internet";25;0;0;"Incluída em 07/mar/2003 .";NA;"PMEN12";"Internet";"Macro"
"5595";"PMEN12_PNEAMAR12";8;996;"Inativa";"IBGE/PME";"Emprego";"População não economicamente ativa - marginalmente ligadas à PEA - RMs";"Percentual de pessoas, de 10 anos ou mais de idade, marginalmente ligadas às pessoas economicamente ativas em relação ao total de pessoas não economicamente ativas, por Regiões Metropolitanas";"Não oculta";"Internet";25;0;0;"Incluída em 07/mar/2003 .";NA;"PMEN12";"Internet";"Macro"
"5596";"PMEN12_PNEADES12";11;856;"Inativa";"IBGE/PME";"Emprego";"População não economicamente ativa - desalentadas - RMs";"Percentual de pessoas, de 10 anos ou mais de idade, desalentadas em relação ao total de pessoas não economicamente ativas, por Regiões Metropolitanas";"Não oculta";"Internet";55;0;0;"Incluída em 07/mar/2003 .";NA;"PMEN12";"Internet";"Macro"
"5597";"PMEN12_RMR12";180;55;"Inativa";"IBGE/PME";"Salário e renda";"Rendimento médio real efetivo - pessoas ocupadas - RMs";"Rendimento médio real efetivamente recebido pelas pessoas, de 10 anos ou mais de idade, ocupadas, por Regiões Metropolitanas";"Não oculta";"Internet";55;0;0;"Incluída em 07/mar/2003 .";"Geradora";"PMEN12";"Internet";"Macro"
"5598";"PMEN12_RMRSPRI12";37;351;"Inativa";"IBGE/PME";"Salário e renda";"Rendimento médio real efetivo - empregados - setor privado - RMs";"Rendimento médio real efetivamente recebido pelos empregados no setor privado, por Regiões Metropolitanas";"Não oculta";"Internet";55;0;0;"Incluída em 07/mar/2003 .";NA;"PMEN12";"Internet";"Macro"
"5599";"PMEN12_RMRSPUB12";12;812;"Inativa";"IBGE/PME";"Salário e renda";"Rendimento médio real efetivo - empregados - setor público - RMs";"Rendimento médio real efetivamente recebido pelos empregados no setor público, por Regiões Metropolitanas";"Não oculta";"Internet";55;0;0;"Incluída em 07/mar/2003 .";NA;"PMEN12";"Internet";"Macro"
"5600";"PMEN12_RMRCCART12";90;129;"Inativa";"IBGE/PME";"Salário e renda";"Rendimento médio real efetivo - empregados - setor privado - com carteira assinada - RMs";"Rendimento médio real efetivamente recebido pelos empregados com carteira de trabalho assinada no setor privado, por Regiões Metropolitanas";"Não oculta";"Internet";55;0;0;"Incluída em 07/mar/2003 .";NA;"PMEN12";"Internet";"Macro"
"5601";"PMEN12_RMRSCART12";17;667;"Inativa";"IBGE/PME";"Salário e renda";"Rendimento médio real efetivo - empregados - setor privado - sem carteira assinada - RMs";"Rendimento médio real efetivamente recebido pelos empregados sem carteira de trabalho assinada no setor privado, por Regiões Metropolitanas";"Não oculta";"Internet";55;0;0;"Incluída em 07/mar/2003 .";NA;"PMEN12";"Internet";"Macro"
"5602";"PMEN12_RMRCP12";12;812;"Inativa";"IBGE/PME";"Salário e renda";"Rendimento médio real efetivo - trabalhadores por conta própria - RMs";"Rendimento médio real efetivamente recebido pelos trabalhadores por conta própria, por Regiões Metropolitanas";"Não oculta";"Internet";55;0;0;"Incluída em 07/mar/2003 .";NA;"PMEN12";"Internet";"Macro"
"5603";"PMEN12_DESPOC12";152;71;"Inativa";"IBGE/PME";"Emprego";"População desocupada - RMs";"Percentual de pessoas, de 10 anos ou mais de idade, desocupadas na semana de referência com procura de trabalho no período de referência de 30 dias, em relação ao total de pessoas em idade ativa na semana de referência, por Regiões Metropolitanas";"Não oculta";"Internet";25;0;0;"Incluída em 07/mar/2003 .";NA;"PMEN12";"Internet";"Macro"
"5604";"BMF366_FUT1DOL366";121;11;"Ativa";"BM&FBovespa";"Câmbio";"Taxa de câmbio - R$ / US$ - comercial - futuro: vencimento em t+1";"Taxa de câmbio - real (R$) / dólar americano (US$) - comercial - contrato futuro com vencimento em t+1";"Não oculta";"Internet";1;0;0;"Incluída em 17/mar/2003 .";NA;"BMF366";"Internet";"Macro"
"5605";"BMF366_FUT1DI1366";43;19;"Ativa";"BM&FBovespa";"Financeiras";"Taxa de juros - DI de 1 dia - futuro: vencimento em t+1";"Taxa de juros - DI de 1 dia - contrato futuro com vencimento em t+1";"Não oculta";"Internet";1;0;0;"Incluída em 17/mar/2003 .";NA;"BMF366";"Internet";"Macro"
"5606";"BMF366_FUT3DOL366";22;23;"Ativa";"BM&FBovespa";"Câmbio";"Taxa de câmbio - R$ / US$ - comercial - futuro: vencimento em t+3";"Taxa de câmbio - real (R$) / dólar americano (US$) - comercial - contrato futuro com vencimento em t+3";"Não oculta";"Internet";7;0;0;"Incluída em 17/mar/2003 .";NA;"BMF366";"Internet";"Macro"
"5607";"BMF366_FUT3DI1366";19;24;"Ativa";"BM&FBovespa";"Financeiras";"Taxa de juros - DI de 1 dia - futuro: vencimento em t+3";"Taxa de juros - DI de 1 dia - contrato futuro com vencimento em t+3";"Não oculta";"Internet";7;0;0;"Incluída em 17/mar/2003 .";NA;"BMF366";"Internet";"Macro"
"5608";"BMF366_FUT6DOL366";36;20;"Ativa";"BM&FBovespa";"Câmbio";"Taxa de câmbio - R$ / US$ - comercial - futuro: vencimento em t+6";"Taxa de câmbio - real (R$) / dólar americano (US$) - comercial - contrato futuro com vencimento em t+6";"Não oculta";"Internet";15;0;0;"Incluída em 17/mar/2003 .";NA;"BMF366";"Internet";"Macro"
"5609";"BMF366_FUT6DI1366";19;24;"Ativa";"BM&FBovespa";"Financeiras";"Taxa de juros - DI de 1 dia - futuro: vencimento em t+6";"Taxa de juros - DI de 1 dia - contrato futuro com vencimento em t+6";"Não oculta";"Internet";1;0;0;"Incluída em 17/mar/2003 .";NA;"BMF366";"Internet";"Macro"
"5610";"SCN4_PIBICCV4";92;24;"Inativa";"IBGE/SCN 2000 Trim.";"Contas nacionais";"PIB - indústria - construção - ref. 2000";"Produto interno bruto (PIB) - indústria da construção civil - referência 2000";"Não oculta";"Intranet";90;0;0;"Incluída em 03 / maio / 2007.";NA;"SCN4";"Intranet";"Macro"
"5611";"SCN4_PIBIEXV4";60;32;"Inativa";"IBGE/SCN 2000 Trim.";"Contas nacionais";"PIB - indústria - extrativa mineral - ref. 2000";"Produto interno bruto (PIB) - indústria extrativa mineral - referência 2000";"Não oculta";"Intranet";90;0;0;"Incluída em 03 / maio / 2007.";NA;"SCN4";"Intranet";"Macro"
"5612";"SCN4_PIBIUPV4";23;95;"Inativa";"IBGE/SCN 2000 Trim.";"Contas nacionais";"PIB - indústria - eletricidade, gás e água - ref. 2000";"Produto interno bruto (PIB) - indústria - produção e distribuição - eletricidade, gás e água - referência 2000";"Não oculta";"Intranet";90;0;0;"Incluída em 03 / maio / 2007.";NA;"SCN4";"Intranet";"Macro"
"5613";"SCN4_PIBITRV4";87;25;"Inativa";"IBGE/SCN 2000 Trim.";"Contas nacionais";"PIB - indústria - transformação - ref. 2000";"Produto interno bruto (PIB) - indústria de transformação - referência 2000";"Não oculta";"Intranet";90;0;0;"Incluída em 03 / maio / 2007.";NA;"SCN4";"Intranet";"Macro"
"5614";"SCN4_PIBSAPV4";22;100;"Inativa";"IBGE/SCN 2000 Trim.";"Contas nacionais";"PIB - serviços - administração, saúde e educação públicas - ref. 2000";"Produto interno bruto (PIB) - serviços - administração, saúde e educação públicas - referência 2000";"Não oculta";"Intranet";90;0;0;"Incluída em 03 / maio / 2007.";NA;"SCN4";"Intranet";"Macro"
"5615";"SCN4_PIBSALV4";12;166;"Inativa";"IBGE/SCN 2000 Trim.";"Contas nacionais";"PIB - serviços - imobiliárias e aluguel - ref. 2000";"Produto interno bruto (PIB) - serviços - atividades imobiliárias e aluguel - referência 2000";"Não oculta";"Intranet";90;0;0;"Incluída em 03 / maio / 2007.";NA;"SCN4";"Intranet";"Macro"
"5616";"SCN4_PIBSCOV4";30;78;"Inativa";"IBGE/SCN 2000 Trim.";"Contas nacionais";"PIB - serviços - comércio - ref. 2000";"Produto interno bruto (PIB) - serviços - comércio - referência 2000";"Não oculta";"Intranet";90;0;0;"Incluída em 03 / maio / 2007.";NA;"SCN4";"Intranet";"Macro"
"5617";"SCN4_PIBSCMNV4";24;90;"Inativa";"IBGE/SCN 2000 Trim.";"Contas nacionais";"PIB - serviços - serviços de informação - ref. 2000";"Produto interno bruto (PIB) - serviços - serviços de informação - referência 2000";"Não oculta";"Intranet";90;0;0;"Incluída em 03 / maio / 2007.";NA;"SCN4";"Intranet";"Macro"
"5618";"SCN4_PIBSIFV4";15;140;"Inativa";"IBGE/SCN 2000 Trim.";"Contas nacionais";"PIB - serviços - intermediação financeira - ref. 2000";"Produto interno bruto (PIB) - serviços - intermediação financeira, previdencia complementar - referência 2000";"Não oculta";"Intranet";90;0;0;"Incluída em 03 / maio / 2007.";NA;"SCN4";"Intranet";"Macro"
"5619";"SCN4_PIBSOSV4";13;155;"Inativa";"IBGE/SCN 2000 Trim.";"Contas nacionais";"PIB - serviços - outros - ref. 2000";"Produto interno bruto (PIB) - serviços - outros serviços - referência 2000";"Não oculta";"Intranet";90;0;0;"Incluída em 03 / maio / 2007.";NA;"SCN4";"Intranet";"Macro"
"5620";"SCN4_PIBSTRV4";37;61;"Inativa";"IBGE/SCN 2000 Trim.";"Contas nacionais";"PIB - serviços - transporte e correio - ref. 2000";"Produto interno bruto (PIB) - serviços - transporte, armazenagem e correio - referência 2000";"Não oculta";"Intranet";90;0;0;"Incluída em 03 / maio / 2007.";NA;"SCN4";"Intranet";"Macro"
"5621";"PRECOS12_IPCAPL12";159;67;"Inativa";"Bacen Outras/SGS";"Preços";"IPCA - preços livres - var.";"IPCA - preços livres - var.";"Oculta";"Internet";15;0;0;"Incluída em 17/abril/2003 .";NA;"PRECOS12";"Oculta";"Macro"
"5622";"BM12_TPFERMA12";NA;NA;"Ativa";"Bacen/Not. Imp./F. Púb.";"Finanças públicas";"Títulos - federais - indexados ao câmbio - mercado aberto - fim período";"Títulos federais indexados ao câmbio em mercado aberto: fim período";"Não oculta";"Internet";30;0;0;"Incluída em 28/abr/2003 .";NA;"BM12";"Internet";"Macro"
"5623";"BM12_TPFIPMA12";2;1480;"Ativa";"Bacen/Not. Imp./F. Púb.";"Finanças públicas";"Títulos - federais - indexados aos índices de preços - mercado aberto - fim período";"Títulos federais indexados aos índices de preço em mercado aberto: fim período";"Não oculta";"Internet";30;0;0;"Incluída em 28/abr/2003 .";NA;"BM12";"Internet";"Macro"
"5624";"BM12_TPFMA12";4;1262;"Ativa";"Bacen/Not. Imp./F. Púb.";"Finanças públicas";"Títulos - federais - operações - mercado aberto - fim período";"Títulos federais - operações de mercado aberto - fim período";"Não oculta";"Internet";30;0;0;"Incluída em 28/abr/2003 .";NA;"BM12";"Internet";"Macro"
"5625";"BM12_TPFLPMA12";2;1480;"Inativa";"Bacen/Not. Imp./F. Púb.";"Finanças públicas";"Títulos - federais - indexados à TJLP - mercado aberto - fim período";"Títulos federais indexados à TJLP em mercado aberto: fim período";"Não oculta";"Internet";60;0;0;"Incluída em 28/abr/2003 .";NA;"BM12";"Internet";"Macro"
"5626";"BM12_TPFOUTMA12";1;1628;"Inativa";"Bacen/Not. Imp./F. Púb.";"Finanças públicas";"Títulos - federais - indexados - outros - mercado aberto - fim período";"Títulos federais indexados a outros índices em mercado aberto: fim período";"Não oculta";"Internet";30;0;0;"Incluída em 28/abr/2003 .";NA;"BM12";"Internet";"Macro"
"5627";"BM12_TPFOVERMA12";48;274;"Ativa";"Bacen/Not. Imp./F. Púb.";"Finanças públicas";"Títulos - federais - indexados à Over / Selic - mercado aberto - fim período";"Títulos federais indexados à taxa Overnight / Selic em mercado aberto: fim período";"Não oculta";"Internet";30;0;0;"Incluída em 28/abr/2003 .";NA;"BM12";"Internet";"Macro"
"5628";"BM12_TPFPREMA12";3;1356;"Ativa";"Bacen/Not. Imp./F. Púb.";"Finanças públicas";"Títulos - federais - indexados a índice de correção pré-fixado - mercado aberto - fim período";"Títulos federais indexados a índice de correção pré-fixado em mercado aberto: fim período";"Não oculta";"Internet";30;0;0;"Incluída em 28/abr/2003 .";NA;"BM12";"Internet";"Macro"
"5629";"BM12_TPFTRMA12";1;1628;"Ativa";"Bacen/Not. Imp./F. Púb.";"Finanças públicas";"Títulos - federais - indexados à TR - mercado aberto - fim período";"Títulos federais indexados à TR em mercado aberto: fim período";"Não oculta";"Internet";30;0;0;"Incluída em 28/abr/2003 .";NA;"BM12";"Internet";"Macro"
"5630";"BM12_FCODA12";2;1480;"Ativa";"Bacen/Not. Imp./Moeda";"Moeda e crédito";"Fatores condicionantes da base monetária - oper. com derivativos - ajustes";"Fatores condicionantes da base monetária: operações com derivativos - ajustes";"Não oculta";"Internet";30;0;0;"Incluída em 29/abr/2003 .";"Independente";"BM12";"Internet";"Macro"
"5631";"HIST_BABQ";NA;NA;"Inativa";"Outras fontes";"Produção";"Produção - babaçu - qde.";"Produção de babaçu: quantidade";"Não oculta";"Internet";90;0;1;NA;NA;"HIST";"Internet";"Macro"
"5632";"HIST_BORRQ";3;1315;"Inativa";"Outras fontes";"Produção";"Produção - borracha - qde.";"Produção de borracha: quantidade";"Não oculta";"Internet";90;0;1;NA;NA;"HIST";"Internet";"Macro"
"5633";"HIST_CASTQ";5;1138;"Inativa";"Outras fontes";"Produção";"Produção - castanhas - qde.";"Produção de castanhas: quantidade";"Não oculta";"Internet";90;0;1;NA;NA;"HIST";"Internet";"Macro"
"5634";"HIST_CERAQ";NA;NA;"Inativa";"Outras fontes";"Produção";"Produção - cera de carnaúba - qde.";"Produção de cera de carnaúba: quantidade";"Não oculta";"Internet";90;0;1;NA;NA;"HIST";"Internet";"Macro"
"5635";"HIST_ERVAQ";1;1606;"Inativa";"Outras fontes";"Produção";"Produção - erva-mate - qde.";"Produção de erva-mate: quantidade";"Não oculta";"Internet";90;0;1;NA;NA;"HIST";"Internet";"Macro"
"5636";"HIST_BOVQ";6;1048;"Inativa";"Outras fontes";"Produção";"Abate - bovinos - qde.";"Abate de bovinos: quantidade";"Oculta";"Internet";90;0;1;NA;NA;"HIST";"Oculta";"Macro"
"5637";"HIST_CAPQ";NA;NA;"Inativa";"Outras fontes";"Produção";"Abate - caprinos - qde.";"Abate de caprinos: quantidade";"Não oculta";"Internet";90;0;1;NA;NA;"HIST";"Internet";"Macro"
"5638";"HIST_OVIQ";NA;NA;"Inativa";"Outras fontes";"Produção";"Abate - ovinos - qde.";"Abate de ovinos: quantidade";"Não oculta";"Internet";90;0;1;NA;NA;"HIST";"Internet";"Macro"
"5639";"HIST_SUIQ";5;1138;"Inativa";"Outras fontes";"Produção";"Abate - suínos - qde.";"Abate de suínos: quantidade";"Oculta";"Internet";90;0;1;NA;NA;"HIST";"Oculta";"Macro"
"5640";"HIST_LAQ";NA;NA;"Inativa";"Outras fontes";"Produção";"Produção - lã - qde.";"Produção de lã: quantidade";"Não oculta";"Internet";90;0;1;NA;NA;"HIST";"Internet";"Macro"
"5641";"HIST_LEITEQ";8;932;"Inativa";"Outras fontes";"Produção";"Produção - leite - qde.";"Produção de leite: quantidade";"Oculta";"Internet";90;0;1;NA;NA;"HIST";"Oculta";"Macro"
"5642";"HIST_OVOSQ";2;1445;"Inativa";"Outras fontes";"Produção";"Produção - ovos - qde.";"Produção de ovos: quantidade";"Oculta";"Internet";90;0;1;NA;NA;"HIST";"Oculta";"Macro"
"5643";"HIST_TECALGQ";NA;NA;"Inativa";"Outras fontes";"Produção";"Produção - tecidos de algodão - qde.";"Produção de tecidos de algodão: quantidade";"Não oculta";"Internet";90;0;1;NA;NA;"HIST";"Internet";"Macro"
"5644";"HIST_TECJUTAQ";NA;NA;"Inativa";"Outras fontes";"Produção";"Produção - tecidos de juta - qde.";"Produção de tecidos de juta: quantidade";"Não oculta";"Internet";90;0;1;NA;NA;"HIST";"Internet";"Macro"
"5645";"HIST_TECLAQ";NA;NA;"Inativa";"Outras fontes";"Produção";"Produção - tecidos de lã - qde.";"Produção de tecidos de lã: quantidade";"Não oculta";"Internet";90;0;1;NA;NA;"HIST";"Internet";"Macro"
"5646";"HIST_TECSEDAQ";NA;NA;"Inativa";"Outras fontes";"Produção";"Produção - tecidos de seda - qde.";"Produção de tecidos de seda: quantidade";"Não oculta";"Internet";90;0;1;NA;NA;"HIST";"Internet";"Macro"
"5647";"HIST_CALCADQ";5;1138;"Inativa";"Outras fontes";"Produção";"Produção - calçados - qde.";"Produção de calçados: quantidade";"Não oculta";"Internet";90;0;1;NA;NA;"HIST";"Internet";"Macro"
"5648";"HIST_CHAPQ";NA;NA;"Inativa";"Outras fontes";"Produção";"Produção - chapéus - qde.";"Produção de chapéus: quantidade";"Não oculta";"Internet";90;0;1;NA;NA;"HIST";"Internet";"Macro"
"5649";"HIST_COUROPQ";NA;NA;"Inativa";"Outras fontes";"Produção";"Produção - couros e peles - qde.";"Produção de couros e peles: quantidade";"Não oculta";"Internet";90;0;1;NA;NA;"HIST";"Internet";"Macro"
"5650";"HIST_FUMOPRQ";NA;NA;"Inativa";"Outras fontes";"Produção";"Produção - charutos - qde.";"Produção - charutos: quantidade";"Não oculta";"Internet";90;0;1;NA;NA;"HIST";"Internet";"Macro"
"5651";"HIST_AGUARQ";4;1216;"Inativa";"Outras fontes";"Produção";"Produção - álcool e aguardente (quantidade) - índice (média 1939 = 100)";"Produção - álcool e aguardente (quantidade) - índice (média 1939 = 100)";"Não oculta";"Internet";90;0;1;NA;NA;"HIST";"Internet";"Macro"
"5652";"HIST_CERVQ";11;772;"Inativa";"Outras fontes";"Produção";"Produção - cerveja - qde.";"Produção de cerveja: quantidade";"Não oculta";"Internet";90;0;1;NA;NA;"HIST";"Internet";"Macro"
"5653";"HIST_REFRIGQ";2;1445;"Inativa";"Outras fontes";"Produção";"Produção - refrigerantes (quantidade) - índice (média 1939 = 100)";"Produção - refrigerantes (quantidade) - índice (média 1939 = 100)";"Não oculta";"Internet";90;0;1;NA;NA;"HIST";"Internet";"Macro"
"5654";"HIST_VINHOQ";2;1445;"Inativa";"Outras fontes";"Produção";"Produção - vinho - qde.";"Produção de vinho: quantidade";"Não oculta";"Internet";90;0;1;NA;NA;"HIST";"Internet";"Macro"
"5655";"HIST_FARMACQ";2;1445;"Inativa";"Outras fontes";"Produção";"Produção - produtos farmacêuticos - qde.";"Produção de produtos farmacêuticos: quantidade";"Não oculta";"Internet";90;0;1;NA;NA;"HIST";"Internet";"Macro"
"5656";"HIST_FOSFQ";NA;NA;"Inativa";"Outras fontes";"Produção";"Produção - fósforos - qde.";"Produção de fósforos: quantidade";"Não oculta";"Internet";90;0;1;NA;NA;"HIST";"Internet";"Macro"
"5657";"HIST_PERFQ";3;1315;"Inativa";"Outras fontes";"Produção";"Produção - perfumaria e cosméticos - qde.";"Produção de perfumaria e cosméticos: quantidade";"Não oculta";"Internet";90;0;1;NA;NA;"HIST";"Internet";"Macro"
"5658";"HIST_MOBILQ";1;1606;"Inativa";"Outras fontes";"Produção";"Produção - mobiliário - qde.";"Produção de mobiliário: quantidade";"Não oculta";"Internet";90;0;1;NA;NA;"HIST";"Internet";"Macro"
"5659";"HIST_PAPELQ";2;1445;"Inativa";"Outras fontes";"Produção";"Produção - papel - qde.";"Produção de papel: quantidade";"Não oculta";"Internet";90;0;1;NA;NA;"HIST";"Internet";"Macro"
"5660";"HIST_ACUCARQ";7;991;"Inativa";"Outras fontes";"Produção";"Produção - açúcar - qde.";"Produção de açúcar: quantidade";"Não oculta";"Internet";90;0;1;NA;NA;"HIST";"Internet";"Macro"
"5661";"HIST_CBOVQ";3;1315;"Inativa";"Outras fontes";"Produção";"Produção - carne bovina - qde.";"Produção de carne bovina: quantidade";"Não oculta";"Internet";90;0;1;NA;NA;"HIST";"Internet";"Macro"
"5662";"HIST_CSUIQ";3;1315;"Inativa";"Outras fontes";"Produção";"Produção - carne suína - qde.";"Produção de carne suína: quantidade";"Não oculta";"Internet";90;0;1;NA;NA;"HIST";"Internet";"Macro"
"5663";"HIST_LEITEPQ";4;1216;"Inativa";"Outras fontes";"Produção";"Produção - leite pasteurizado - qde.";"Produção de leite pasteurizado: quantidade";"Não oculta";"Internet";90;0;1;NA;NA;"HIST";"Internet";"Macro"
"5664";"HIST_MANTQ";1;1606;"Inativa";"Outras fontes";"Produção";"Produção - manteiga - qde.";"Produção de manteiga: quantidade";"Não oculta";"Internet";90;0;1;NA;NA;"HIST";"Internet";"Macro"
"5665";"HIST_QUEIJOQ";2;1445;"Inativa";"Outras fontes";"Produção";"Produção - queijo - qde.";"Produção de queijo: quantidade";"Não oculta";"Internet";90;0;1;NA;NA;"HIST";"Internet";"Macro"
"5666";"HIST_BANHAQ";NA;NA;"Inativa";"Outras fontes";"Produção";"Produção - banha - qde.";"Produção de banha: quantidade";"Não oculta";"Internet";90;0;1;NA;NA;"HIST";"Internet";"Macro"
"5667";"HIST_TOUCQ";2;1445;"Inativa";"Outras fontes";"Produção";"Produção - toucinho - qde.";"Produção de toucinho: quantidade";"Não oculta";"Internet";90;0;1;NA;NA;"HIST";"Internet";"Macro"
"5668";"HIST_MANDFAQ";1;1606;"Inativa";"Outras fontes";"Produção";"Produção - farinha de mandioca - qde.";"Produção de farinha de mandioca: quantidade";"Não oculta";"Internet";90;0;1;NA;NA;"HIST";"Internet";"Macro"
"5669";"HIST_CAFETORRQ";NA;NA;"Inativa";"Outras fontes";"Produção";"Produção - café (torrefação) - qde.";"Produção de café (torrefação): quantidade";"Não oculta";"Internet";90;0;1;NA;NA;"HIST";"Internet";"Macro"
"5670";"HIST_CIMENTQ";5;1138;"Inativa";"Outras fontes";"Produção";"Produção - cimento - qde.";"Produção de cimento: quantidade";"Não oculta";"Internet";90;0;1;NA;NA;"HIST";"Internet";"Macro"
"5671";"HIST_PNEUQ";1;1606;"Inativa";"Outras fontes";"Produção";"Produção - pneumáticos - qde.";"Produção de pneumáticos: quantidade";"Não oculta";"Internet";90;0;1;NA;NA;"HIST";"Internet";"Macro"
"5672";"HIST_CARVAOQ";2;1445;"Inativa";"Outras fontes";"Produção";"Produção - carvão - qde.";"Produção de carvão: quantidade";"Oculta";"Internet";90;0;1;NA;NA;"HIST";"Oculta";"Macro"
"5673";"HIST_FERROQ";2;1445;"Inativa";"Outras fontes";"Produção";"Produção - ferro - qde.";"Produção de ferro: quantidade";"Não oculta";"Internet";90;0;1;NA;NA;"HIST";"Internet";"Macro"
"5674";"HIST_MANGANESQ";NA;NA;"Inativa";"Outras fontes";"Produção";"Produção - manganês - qde.";"Produção de manganês: quantidade";"Não oculta";"Internet";90;0;1;NA;NA;"HIST";"Internet";"Macro"
"5675";"HIST_OUROQ";1;1606;"Inativa";"Outras fontes";"Produção";"Produção - ouro - qde.";"Produção de ouro: quantidade";"Não oculta";"Internet";90;0;1;NA;NA;"HIST";"Internet";"Macro"
"5676";"HIST_SALQ";1;1606;"Inativa";"Outras fontes";"Produção";"Produção - sal - qde.";"Produção de sal: quantidade";"Não oculta";"Internet";90;0;1;NA;NA;"HIST";"Internet";"Macro"
"5677";"HIST_MERMARQ";4;1216;"Inativa";"Outras fontes";"Consumo e vendas";"Receita - transportes e comunicações - transporte marítimo - mercadorias";"Receita - transportes e comunicações - transporte marítimo - mercadorias";"Não oculta";"Internet";90;0;1;NA;NA;"HIST";"Internet";"Macro"
"5678";"HIST_PASSMARQ";2;1445;"Inativa";"Outras fontes";"Consumo e vendas";"Receita - transportes e comunicações - transporte marítimo - passageiros";"Receita - transportes e comunicações - transporte marítimo - passageiros";"Não oculta";"Internet";90;0;1;NA;NA;"HIST";"Internet";"Macro"
"5679";"HIST_BABV";NA;NA;"Inativa";"Outras fontes";"Produção";"Produção - babaçu";"Produção de babaçu";"Não oculta";"Internet";90;0;1;NA;NA;"HIST";"Internet";"Macro"
"5680";"HIST_BORRV";2;1445;"Inativa";"Outras fontes";"Produção";"Produção - borracha";"Produção de borracha";"Não oculta";"Internet";90;0;1;NA;NA;"HIST";"Internet";"Macro"
"5681";"HIST_CASTV";5;1138;"Inativa";"Outras fontes";"Produção";"Produção - castanhas";"Produção de castanhas";"Não oculta";"Internet";90;0;1;NA;NA;"HIST";"Internet";"Macro"
"5682";"HIST_CERAV";NA;NA;"Inativa";"Outras fontes";"Produção";"Produção - cera de carnaúba";"Produção de cera de carnaúba";"Não oculta";"Internet";90;0;1;NA;NA;"HIST";"Internet";"Macro"
"5683";"HIST_ERVAV";NA;NA;"Inativa";"Outras fontes";"Produção";"Produção - erva-mate";"Produção de erva-mate";"Não oculta";"Internet";90;0;1;NA;NA;"HIST";"Internet";"Macro"
"5684";"HIST_BOVV";5;1138;"Inativa";"Outras fontes";"Produção";"Abate - bovinos";"Abate de bovinos";"Não oculta";"Internet";90;0;1;NA;NA;"HIST";"Internet";"Macro"
"5685";"HIST_CAPV";NA;NA;"Inativa";"Outras fontes";"Produção";"Abate - caprinos";"Abate de caprinos";"Não oculta";"Internet";90;0;1;NA;NA;"HIST";"Internet";"Macro"
"5686";"HIST_OVIV";1;1606;"Inativa";"Outras fontes";"Produção";"Abate - ovinos";"Abate de ovinos";"Não oculta";"Internet";90;0;1;NA;NA;"HIST";"Internet";"Macro"
"5687";"HIST_SUIV";1;1606;"Inativa";"Outras fontes";"Produção";"Abate - suínos";"Abate de suínos";"Não oculta";"Internet";90;0;1;NA;NA;"HIST";"Internet";"Macro"
"5688";"HIST_LAV";NA;NA;"Inativa";"Outras fontes";"Produção";"Produção - lã";"Produção de lã";"Não oculta";"Internet";90;0;1;NA;NA;"HIST";"Internet";"Macro"
"5689";"HIST_LEITEV";2;1445;"Inativa";"Outras fontes";"Produção";"Produção - leite";"Produção de leite";"Oculta";"Internet";90;0;1;NA;NA;"HIST";"Oculta";"Macro"
"5690";"HIST_OVOSV";1;1606;"Inativa";"Outras fontes";"Produção";"Produção - ovos";"Produção de ovos";"Oculta";"Internet";90;0;1;NA;NA;"HIST";"Oculta";"Macro"
"5691";"HIST_TECALGV";2;1445;"Inativa";"Outras fontes";"Produção";"Produção - tecidos de algodão";"Produção de tecidos de algodão";"Não oculta";"Internet";90;0;1;NA;NA;"HIST";"Internet";"Macro"
"5692";"HIST_TECJUTAV";1;1606;"Inativa";"Outras fontes";"Produção";"Produção - tecidos de juta";"Produção de tecidos de juta";"Não oculta";"Internet";90;0;1;NA;NA;"HIST";"Internet";"Macro"
"5693";"HIST_TECLAV";NA;NA;"Inativa";"Outras fontes";"Produção";"Produção - tecidos de lã";"Produção de tecidos de lã";"Não oculta";"Internet";90;0;1;NA;NA;"HIST";"Internet";"Macro"
"5694";"HIST_TECSEDAV";NA;NA;"Inativa";"Outras fontes";"Produção";"Produção - tecidos de seda";"Produção de tecidos de seda";"Não oculta";"Internet";90;0;1;NA;NA;"HIST";"Internet";"Macro"
"5695";"HIST_CALCADV";2;1445;"Inativa";"Outras fontes";"Produção";"Produção - calçados";"Produção de calçados";"Não oculta";"Internet";90;0;1;NA;NA;"HIST";"Internet";"Macro"
"5696";"HIST_CHAPV";NA;NA;"Inativa";"Outras fontes";"Produção";"Produção - chapéus";"Produção de chapéus";"Não oculta";"Internet";90;0;1;NA;NA;"HIST";"Internet";"Macro"
"5697";"HIST_COUROV";NA;NA;"Inativa";"Outras fontes";"Produção";"Produção - couro";"Produção de couro";"Não oculta";"Internet";90;0;1;NA;NA;"HIST";"Internet";"Macro"
"5698";"HIST_COUROPV";NA;NA;"Inativa";"Outras fontes";"Produção";"Produção - couros e peles";"Produção de couros e peles";"Não oculta";"Internet";90;0;1;NA;NA;"HIST";"Internet";"Macro"
"5699";"HIST_FUMOPRV";1;1606;"Inativa";"Outras fontes";"Produção";"Produção - charutos";"Produção - charutos";"Não oculta";"Internet";90;0;1;NA;NA;"HIST";"Internet";"Macro"
"5700";"HIST_AGUARV";5;1138;"Inativa";"Outras fontes";"Produção";"Produção - álcool e aguardente";"Produção de álcool e aguardente";"Não oculta";"Internet";90;0;1;"Incluída em 06/mai/2003 .";NA;"HIST";"Internet";"Macro"
"5701";"HIST_CERVV";12;739;"Inativa";"Outras fontes";"Produção";"Produção - cerveja";"Produção de cerveja";"Não oculta";"Internet";90;0;1;"Incluída em 06/mai/2003 .";NA;"HIST";"Internet";"Macro"
"5702";"HIST_REFRIGV";1;1606;"Inativa";"Outras fontes";"Produção";"Produção - refrigerantes";"Produção de refrigerantes";"Não oculta";"Internet";90;0;1;"Incluída em 06/mai/2003 .";NA;"HIST";"Internet";"Macro"
"5703";"HIST_VINHOV";1;1606;"Inativa";"Outras fontes";"Produção";"Produção - vinho";"Produção de vinho";"Não oculta";"Internet";90;0;1;"Incluída em 06/mai/2003 .";NA;"HIST";"Internet";"Macro"
"5704";"HIST_FARMACV";NA;NA;"Inativa";"Outras fontes";"Produção";"Produção - produtos farmacêuticos";"Produção de produtos farmacêuticos";"Não oculta";"Internet";90;0;1;"Incluída em 06/mai/2003 .";NA;"HIST";"Internet";"Macro"
"5705";"HIST_FOSFV";NA;NA;"Inativa";"Outras fontes";"Produção";"Produção - fósforos";"Produção de fósforos";"Não oculta";"Internet";90;0;1;"Incluída em 06/mai/2003 .";NA;"HIST";"Internet";"Macro"
"5706";"HIST_PERFV";2;1445;"Inativa";"Outras fontes";"Produção";"Produção - perfumaria e cosméticos";"Produção de perfumaria e cosméticos";"Não oculta";"Internet";90;0;1;"Incluída em 06/mai/2003 .";NA;"HIST";"Internet";"Macro"
"5707";"HIST_MOBILV";1;1606;"Inativa";"Outras fontes";"Produção";"Produção - mobiliário";"Produção de mobiliário";"Não oculta";"Internet";90;0;1;"Incluída em 06/mai/2003 .";NA;"HIST";"Internet";"Macro"
"5708";"HIST_PAPELV";NA;NA;"Inativa";"Outras fontes";"Produção";"Produção - papel";"Produção de papel";"Não oculta";"Internet";90;0;1;"Incluída em 06/mai/2003 .";NA;"HIST";"Internet";"Macro"
"5709";"HIST_ACUCARV";3;1315;"Inativa";"Outras fontes";"Produção";"Produção - açúcar";"Produção de açúcar";"Não oculta";"Internet";90;0;1;"Incluída em 06/mai/2003 .";NA;"HIST";"Internet";"Macro"
"5710";"HIST_CARNEV";1;1606;"Inativa";"Outras fontes";"Produção";"Produção - carne";"Produção de carne";"Não oculta";"Internet";90;0;1;"Incluída em 06/mai/2003 .";NA;"HIST";"Internet";"Macro"
"5711";"HIST_CBOVV";1;1606;"Inativa";"Outras fontes";"Produção";"Produção - carne bovina";"Produção de carne bovina";"Não oculta";"Internet";90;0;1;"Incluída em 06/mai/2003 .";NA;"HIST";"Internet";"Macro"
"5712";"HIST_CSUIV";2;1445;"Inativa";"Outras fontes";"Produção";"Produção - carne suína";"Produção de carne suína";"Não oculta";"Internet";90;0;1;"Incluída em 06/mai/2003 .";NA;"HIST";"Internet";"Macro"
"5713";"HIST_LEITEPV";2;1445;"Inativa";"Outras fontes";"Produção";"Produção - leite pasteurizado";"Produção de leite pasteurizado";"Não oculta";"Internet";90;0;1;"Incluída em 06/mai/2003 .";NA;"HIST";"Internet";"Macro"
"5714";"HIST_MANTV";NA;NA;"Inativa";"Outras fontes";"Produção";"Produção - manteiga";"Produção de manteiga";"Não oculta";"Internet";90;0;1;"Incluída em 06/mai/2003 .";NA;"HIST";"Internet";"Macro"
"5715";"HIST_QUEIJOV";1;1606;"Inativa";"Outras fontes";"Produção";"Produção - queijo";"Produção de queijo";"Não oculta";"Internet";90;0;1;"Incluída em 06/mai/2003 .";NA;"HIST";"Internet";"Macro"
"5716";"HIST_BANHAV";NA;NA;"Inativa";"Outras fontes";"Produção";"Produção - banha";"Produção de banha";"Não oculta";"Internet";90;0;1;"Incluída em 06/mai/2003 .";NA;"HIST";"Internet";"Macro"
"5717";"HIST_TOUCV";NA;NA;"Inativa";"Outras fontes";"Produção";"Produção - toucinho";"Produção de toucinho";"Não oculta";"Internet";90;0;1;"Incluída em 06/mai/2003 .";NA;"HIST";"Internet";"Macro"
"5718";"HIST_CAFETORRV";1;1606;"Inativa";"Outras fontes";"Produção";"Produção - café (torrefação)";"Produção de café (torrefação)";"Não oculta";"Internet";90;0;1;"Incluída em 06/mai/2003 .";NA;"HIST";"Internet";"Macro"
"5719";"HIST_MANDFAV";NA;NA;"Inativa";"Outras fontes";"Produção";"Produção - farinha de mandioca";"Produção de farinha de mandioca";"Não oculta";"Internet";90;0;1;"Incluída em 06/mai/2003 .";NA;"HIST";"Internet";"Macro"
"5720";"HIST_CARVAOV";1;1606;"Inativa";"Outras fontes";"Produção";"Produção - carvão";"Produção de carvão";"Oculta";"Internet";90;0;1;"Incluída em 06/mai/2003 .";NA;"HIST";"Oculta";"Macro"
"5721";"HIST_FERROV";NA;NA;"Inativa";"Outras fontes";"Produção";"Produção - ferro";"Produção de ferro";"Não oculta";"Internet";90;0;1;"Incluída em 06/mai/2003 .";NA;"HIST";"Internet";"Macro"
"5722";"HIST_MANGANESV";NA;NA;"Inativa";"Outras fontes";"Produção";"Produção - manganês";"Produção de manganês";"Não oculta";"Internet";90;0;1;"Incluída em 06/mai/2003 .";NA;"HIST";"Internet";"Macro"
"5723";"HIST_OUROV";NA;NA;"Inativa";"Outras fontes";"Produção";"Produção - ouro";"Produção de ouro";"Não oculta";"Internet";90;0;1;"Incluída em 06/mai/2003 .";NA;"HIST";"Internet";"Macro"
"5724";"HIST_SALV";NA;NA;"Inativa";"Outras fontes";"Produção";"Produção - sal";"Produção de sal";"Não oculta";"Internet";90;0;1;"Incluída em 06/mai/2003 .";NA;"HIST";"Internet";"Macro"
"5725";"HIST_BAGFERRV";1;1606;"Inativa";"Outras fontes";"Consumo e vendas";"Receita - transportes e comunicações - transporte ferroviário - bagagens";"Receita - transportes e comunicações - transporte ferroviário - bagagens";"Não oculta";"Internet";90;0;1;"Incluída em 06/mai/2003 .";NA;"HIST";"Internet";"Macro"
"5726";"HIST_GADOFERRV";1;1606;"Inativa";"Outras fontes";"Consumo e vendas";"Receita - transportes e comunicações - transporte ferroviário - gado";"Receita - transportes e comunicações - transporte ferroviário - gado";"Não oculta";"Internet";90;0;1;"Incluída em 06/mai/2003 .";NA;"HIST";"Internet";"Macro"
"5727";"HIST_MERFERRV";1;1606;"Inativa";"Outras fontes";"Consumo e vendas";"Receita - transportes e comunicações - transporte ferroviário - mercadorias";"Receita - transportes e comunicações - transporte ferroviário - mercadorias";"Não oculta";"Internet";90;0;1;"Incluída em 06/mai/2003 .";NA;"HIST";"Internet";"Macro"
"5728";"HIST_PASSFERRV";1;1606;"Inativa";"Outras fontes";"Consumo e vendas";"Receita - transportes e comunicações - transporte ferroviário - passageiros";"Receita - transportes e comunicações - transporte ferroviário - passageiros";"Não oculta";"Internet";90;0;1;"Incluída em 06/mai/2003 .";NA;"HIST";"Internet";"Macro"
"5729";"HIST_FERRV";2;1445;"Inativa";"Outras fontes";"Consumo e vendas";"Receita - transportes e comunicações - transporte ferroviário";"Receita - transportes e comunicações - transporte ferroviário";"Não oculta";"Internet";90;0;1;"Incluída em 06/mai/2003 .";NA;"HIST";"Internet";"Macro"
"5730";"HIST_MERMARV";2;1445;"Inativa";"Outras fontes";"Consumo e vendas";"Receita - transportes e comunicações - transporte marítimo - mercadorias";"Receita - transportes e comunicações - transporte marítimo - mercadorias";"Não oculta";"Internet";90;0;1;"Incluída em 06/mai/2003 .";NA;"HIST";"Internet";"Macro"
"5731";"HIST_PASSMARV";1;1606;"Inativa";"Outras fontes";"Consumo e vendas";"Receita - transportes e comunicações - transporte marítimo - passageiros";"Receita - transportes e comunicações - transporte marítimo - passageiros";"Não oculta";"Internet";90;0;1;"Incluída em 06/mai/2003 .";NA;"HIST";"Internet";"Macro"
"5732";"HIST_MARV";1;1606;"Inativa";"Outras fontes";"Consumo e vendas";"Receita - transportes e comunicações - transporte marítimo";"Receita - transportes e comunicações - transporte marítimo";"Não oculta";"Internet";90;0;1;"Incluída em 06/mai/2003 .";NA;"HIST";"Internet";"Macro"
"5733";"HIST_CORREISALV";1;1606;"Inativa";"Outras fontes";"Consumo e vendas";"Transportes e comunicações - comunicações - correios - salários pagos";"Transportes e comunicações - comunicações - correios - salários pagos";"Não oculta";"Internet";90;0;1;"Incluída em 06/mai/2003 .";NA;"HIST";"Internet";"Macro"
"5734";"HIST_GOVSALV";16;619;"Inativa";"Outras fontes";"Finanças públicas";"Salários pagos - governo consolidado";"Salários pagos - governo consolidado";"Não oculta";"Internet";90;0;1;"Incluída em 06/mai/2003 .";NA;"HIST";"Internet";"Macro"
"5735";"HIST_GOVESALV";NA;NA;"Inativa";"Outras fontes";"Finanças públicas";"Salários pagos - governo estadual";"Salários pagos - governo estadual";"Não oculta";"Internet";90;0;1;"Incluída em 06/mai/2003 .";NA;"HIST";"Internet";"Macro"
"5736";"HIST_GOVFSALV";1;1606;"Inativa";"Outras fontes";"Finanças públicas";"Salários pagos - governo federal";"Salários pagos - governo federal";"Não oculta";"Internet";90;0;1;"Incluída em 06/mai/2003 .";NA;"HIST";"Internet";"Macro"
"5737";"HIST_GOVMSALV";NA;NA;"Inativa";"Outras fontes";"Finanças públicas";"Salários pagos - governo municipal";"Salários pagos - governo municipal";"Não oculta";"Internet";90;0;1;"Incluída em 06/mai/2003 .";NA;"HIST";"Internet";"Macro"
"5738";"FCESP12_AUTCONSR12";7;1050;"Inativa";"Fecomercio SP";"Consumo e vendas";"Comércio - automotivo e construção - faturamento real - índice (média 1998 = 100) - RMSP";"Comércio - automotivo e construção - faturamento real - índice (média 1998 = 100) - RMSP";"Não oculta";"Internet";0;0;0;"Incluída em 08/mai/2003 .";NA;"FCESP12";"Internet";"Macro"
"5739";"FCESP12_AUTOPER12";5;1176;"Inativa";"Fecomercio SP";"Consumo e vendas";"Comércio - autopeças - faturamento real - índice (média 1998 = 100) - RMSP";"Comércio - autopeças - faturamento real - índice (média 1998 = 100) - RMSP";"Não oculta";"Internet";0;0;0;"Incluída em 08/mai/2003 .";NA;"FCESP12";"Internet";"Macro"
"5740";"FCESP12_CALCADR12";15;714;"Inativa";"Fecomercio SP";"Consumo e vendas";"Comércio - calçados - faturamento real - índice (média 1998 = 100) - RMSP";"Comércio - calçados - faturamento real - índice (média 1998 = 100) - RMSP";"Não oculta";"Internet";0;0;0;"Incluída em 08/mai/2003 .";NA;"FCESP12";"Internet";"Macro"
"5741";"FCESP12_CDR12";6;1117;"Inativa";"Fecomercio SP";"Consumo e vendas";"Comércio - CD - faturamento real - índice (média 1998 = 100) - RMSP";"Comércio - CD - faturamento real - índice (média 1998 = 100) - RMSP";"Não oculta";"Internet";0;0;0;"Incluída em 08/mai/2003 .";NA;"FCESP12";"Internet";"Macro"
"5742";"FCESP12_CINER12";6;1117;"Inativa";"Fecomercio SP";"Consumo e vendas";"Comércio - cine, foto, som e ótica - faturamento real - índice (média 1998 = 100) - RMSP";"Comércio - cine, foto, som e ótica - faturamento real - índice (média 1998 = 100) - RMSP";"Não oculta";"Internet";0;0;0;"Incluída em 08/mai/2003 .";NA;"FCESP12";"Internet";"Macro"
"5743";"FCESP12_CINECDR12";2;1480;"Inativa";"Fecomercio SP";"Consumo e vendas";"Comércio - cine, foto, som, ótica e CD - faturamento real - índice (média 1998 = 100) - RMSP";"Comércio - cine, foto, som, ótica e CD - faturamento real - índice (média 1998 = 100) - RMSP";"Não oculta";"Internet";0;0;0;"Incluída em 08/mai/2003 .";NA;"FCESP12";"Internet";"Macro"
"5744";"FCESP12_COMGERR12";27;457;"Inativa";"Fecomercio SP";"Consumo e vendas";"Comércio - faturamento real - índice (média 1998 = 100) - RMSP";"Comércio - faturamento real - índice (média 1998 = 100) - RMSP";"Não oculta";"Internet";0;0;0;"Incluída em 08/mai/2003 .";NA;"FCESP12";"Internet";"Macro"
"5745";"FCESP12_COMSAUR12";1;1628;"Inativa";"Fecomercio SP";"Consumo e vendas";"Comércio - exceto concessionárias - faturamento real - índice (média 1998 = 100) - RMSP";"Comércio - exceto concessionárias - faturamento real - índice (média 1998 = 100) - RMSP";"Não oculta";"Internet";0;0;0;"Incluída em 08/mai/2003 .";NA;"FCESP12";"Internet";"Macro"
"5746";"FCESP12_CONCESR12";10;894;"Inativa";"Fecomercio SP";"Consumo e vendas";"Comércio - concessionárias de veículos - faturamento real - índice (média 1998 = 100) - RMSP";"Comércio - concessionárias de veículos - faturamento real - índice (média 1998 = 100) - RMSP";"Não oculta";"Internet";0;0;0;"Incluída em 08/mai/2003 .";NA;"FCESP12";"Internet";"Macro"
"5747";"FCESP12_CONSTR12";15;714;"Inativa";"Fecomercio SP";"Consumo e vendas";"Comércio - materiais de construção - faturamento real - índice (média 1998 = 100) - RMSP";"Comércio - materiais de construção - faturamento real - índice (média 1998 = 100) - RMSP";"Não oculta";"Internet";0;0;0;"Incluída em 08/mai/2003 .";NA;"FCESP12";"Internet";"Macro"
"5748";"FCESP12_DURAVR12";19;621;"Inativa";"Fecomercio SP";"Consumo e vendas";"Comércio - bens duráveis - faturamento real - índice (média 1998 = 100) - RMSP";"Comércio - bens duráveis - faturamento real - índice (média 1998 = 100) - RMSP";"Não oculta";"Internet";0;0;0;"Incluída em 08/mai/2003 .";NA;"FCESP12";"Internet";"Macro"
"5749";"FCESP12_FARMR12";12;812;"Inativa";"Fecomercio SP";"Consumo e vendas";"Comércio - farmácias e perfumarias - faturamento real - índice (média 1998 = 100) - RMSP";"Comércio - farmácias e perfumarias - faturamento real - índice (média 1998 = 100) - RMSP";"Não oculta";"Internet";0;0;0;"Incluída em 08/mai/2003 .";NA;"FCESP12";"Internet";"Macro"
"5750";"FCESP12_LOJDEPR12";4;1262;"Inativa";"Fecomercio SP";"Consumo e vendas";"Comércio - lojas de departamento - faturamento real - índice (média 1998 = 100) - RMSP";"Comércio - lojas de departamento - faturamento real - índice (média 1998 = 100) - RMSP";"Não oculta";"Internet";0;0;0;"Incluída em 08/mai/2003 .";NA;"FCESP12";"Internet";"Macro"
"5751";"FCESP12_MOVEISR12";10;894;"Inativa";"Fecomercio SP";"Consumo e vendas";"Comércio - móveis e decorações - faturamento real - índice (média 1998 = 100) - RMSP";"Comércio - móveis e decorações - faturamento real - índice (média 1998 = 100) - RMSP";"Não oculta";"Internet";0;0;0;"Incluída em 08/mai/2003 .";NA;"FCESP12";"Internet";"Macro"
"5752";"FCESP12_NAODURR12";9;946;"Inativa";"Fecomercio SP";"Consumo e vendas";"Comércio - bens não duráveis - faturamento real - índice (média 1998 = 100) - RMSP";"Comércio - bens não duráveis - faturamento real - índice (média 1998 = 100) - RMSP";"Não oculta";"Internet";0;0;0;"Incluída em 08/mai/2003 .";NA;"FCESP12";"Internet";"Macro"
"5753";"FCESP12_SEMIDUR12";8;996;"Inativa";"Fecomercio SP";"Consumo e vendas";"Comércio - bens semi-duráveis - faturamento real - índice (média 1998 = 100) - RMSP";"Comércio - bens semi-duráveis - faturamento real - índice (média 1998 = 100) - RMSP";"Não oculta";"Internet";0;0;0;"Incluída em 08/mai/2003 .";NA;"FCESP12";"Internet";"Macro"
"5754";"FCESP12_SUPERMR12";26;472;"Inativa";"Fecomercio SP";"Consumo e vendas";"Comércio - supermercados - faturamento real - índice (média 1998 = 100) - RMSP";"Comércio - supermercados - faturamento real - índice (média 1998 = 100) - RMSP";"Não oculta";"Internet";0;0;0;"Incluída em 08/mai/2003 .";NA;"FCESP12";"Internet";"Macro"
"5755";"FCESP12_TECIDOR12";15;714;"Inativa";"Fecomercio SP";"Consumo e vendas";"Comércio - tecidos - faturamento real - índice (média 1998 = 100) - RMSP";"Comércio - tecidos - faturamento real - índice (média 1998 = 100) - RMSP";"Não oculta";"Internet";0;0;0;"Incluída em 08/mai/2003 .";NA;"FCESP12";"Internet";"Macro"
"5756";"FCESP12_UTIDOMR12";5;1176;"Inativa";"Fecomercio SP";"Consumo e vendas";"Comércio - lojas de utilidades domésticas - faturamento real - índice (média 1998 = 100) - RMSP";"Comércio - lojas de utilidades domésticas - faturamento real - índice (média 1998 = 100) - RMSP";"Não oculta";"Internet";0;0;0;"Incluída em 08/mai/2003 .";NA;"FCESP12";"Internet";"Macro"
"5757";"FCESP12_VAREJOR12";31;407;"Inativa";"Fecomercio SP";"Consumo e vendas";"Comércio - bens de consumo - faturamento real - índice (média 1998 = 100) - RMSP";"Comércio - bens de consumo - faturamento real - índice (média 1998 = 100) - RMSP";"Não oculta";"Internet";0;0;0;"Incluída em 08/mai/2003 .";NA;"FCESP12";"Internet";"Macro"
"5758";"FCESP12_VESTUAR12";13;769;"Inativa";"Fecomercio SP";"Consumo e vendas";"Comércio - vestuário - faturamento real - índice (média 1998 = 100) - RMSP";"Comércio - vestuário - faturamento real - índice (média 1998 = 100) - RMSP";"Não oculta";"Internet";0;0;0;"Incluída em 08/mai/2003 .";NA;"FCESP12";"Internet";"Macro"
"5759";"HIST_VATEXT";2;1445;"Inativa";"Outras fontes";"Contas nacionais";"Valor adicionado - indústria têxtil";"Valor adicionado - indústria têxtil";"Não oculta";"Internet";90;0;1;"Incluída em 10/mai/2003 .";NA;"HIST";"Internet";"Macro"
"5760";"HIST_VACALC";NA;NA;"Inativa";"Outras fontes";"Contas nacionais";"Valor adicionado - calçados";"Valor adicionado - calçados";"Não oculta";"Internet";90;0;1;"Incluída em 10/mai/2003 .";NA;"HIST";"Internet";"Macro"
"5761";"HIST_VACHAP";NA;NA;"Inativa";"Outras fontes";"Contas nacionais";"Valor adicionado - chapéus";"Valor adicionado - chapéus";"Não oculta";"Internet";90;0;1;"Incluída em 10/mai/2003 .";NA;"HIST";"Internet";"Macro"
"5762";"HIST_VACOUROP";NA;NA;"Inativa";"Outras fontes";"Contas nacionais";"Valor adicionado - couros e peles";"Valor adicionado - couros e peles";"Não oculta";"Internet";90;0;1;"Incluída em 10/mai/2003 .";NA;"HIST";"Internet";"Macro"
"5763";"HIST_VAFUMO";1;1606;"Inativa";"Outras fontes";"Contas nacionais";"Valor adicionado - indústria do fumo";"Valor adicionado - indústria do fumo";"Não oculta";"Internet";90;0;1;"Incluída em 10/mai/2003 .";NA;"HIST";"Internet";"Macro"
"5764";"HIST_VABEB";NA;NA;"Inativa";"Outras fontes";"Contas nacionais";"Valor adicionado - bebidas";"Valor adicionado - bebidas";"Não oculta";"Internet";90;0;1;"Incluída em 10/mai/2003 .";NA;"HIST";"Internet";"Macro"
"5765";"HIST_VAMOBIL";NA;NA;"Inativa";"Outras fontes";"Contas nacionais";"Valor adicionado - mobiliário";"Valor adicionado - mobiliário";"Não oculta";"Internet";90;0;1;"Incluída em 10/mai/2003 .";NA;"HIST";"Internet";"Macro"
"5766";"HIST_VAPAPEL";NA;NA;"Inativa";"Outras fontes";"Contas nacionais";"Valor adicionado - papel";"Valor adicionado - papel";"Não oculta";"Internet";90;0;1;"Incluída em 10/mai/2003 .";NA;"HIST";"Internet";"Macro"
"5767";"HIST_VAALIM";1;1606;"Inativa";"Outras fontes";"Contas nacionais";"Valor adicionado - alimentos";"Valor adicionado - alimentos";"Não oculta";"Internet";90;0;1;"Incluída em 10/mai/2003 .";NA;"HIST";"Internet";"Macro"
"5768";"HIST_VACIMENT";NA;NA;"Inativa";"Outras fontes";"Contas nacionais";"Valor adicionado - cimento";"Valor adicionado - cimento";"Não oculta";"Internet";90;0;1;"Incluída em 10/mai/2003 .";NA;"HIST";"Internet";"Macro"
"5769";"HIST_VAPNEU";2;1445;"Inativa";"Outras fontes";"Contas nacionais";"Valor adicionado - pneumáticos";"Valor adicionado - pneumáticos";"Não oculta";"Internet";90;0;1;"Incluída em 10/mai/2003 .";NA;"HIST";"Internet";"Macro"
"5770";"HIST_VASIDER";NA;NA;"Inativa";"Outras fontes";"Contas nacionais";"Valor adicionado - siderurgia";"Valor adicionado - siderurgia";"Não oculta";"Internet";90;0;1;"Incluída em 10/mai/2003 .";NA;"HIST";"Internet";"Macro"
"5771";"HIST_VAMANUF";NA;NA;"Inativa";"Outras fontes";"Contas nacionais";"Valor adicionado - manufaturados";"Valor adicionado - manufaturados";"Não oculta";"Internet";90;0;1;"Incluída em 10/mai/2003 .";NA;"HIST";"Internet";"Macro"
"5772";"HIST_VAMINER";NA;NA;"Inativa";"Outras fontes";"Contas nacionais";"Valor adicionado - mineração";"Valor adicionado - mineração";"Não oculta";"Internet";90;0;1;"Incluída em 10/mai/2003 .";NA;"HIST";"Internet";"Macro"
"5773";"HIST_VAIND";4;1216;"Inativa";"Outras fontes";"Contas nacionais";"Valor adicionado - indústria";"Valor adicionado - indústria";"Não oculta";"Internet";90;0;1;"Incluída em 10/mai/2003 .";NA;"HIST";"Internet";"Macro"
"5774";"HIST_VAFERR";1;1606;"Inativa";"Outras fontes";"Contas nacionais";"Valor adicionado - transportes e comunicações - transporte ferroviário";"Valor adicionado - transportes e comunicações - transporte ferroviário";"Não oculta";"Internet";90;0;1;"Incluída em 10/mai/2003 .";NA;"HIST";"Internet";"Macro"
"5775";"HIST_VAMAR";NA;NA;"Inativa";"Outras fontes";"Contas nacionais";"Valor adicionado - transportes e comunicações - transporte marítimo";"Valor adicionado - transportes e comunicações - transporte marítimo";"Não oculta";"Internet";90;0;1;"Incluída em 10/mai/2003 .";NA;"HIST";"Internet";"Macro"
"5776";"HIST_VAAGR";54;224;"Inativa";"IPEA";"Contas nacionais";"PIB - agricultura - índice (média 1939 = 100)";"Produto interno bruto (PIB) - agricultura: índice (média 1939 = 100)";"Não oculta";"Internet";360;0;1;"Incluída em 25/jun/2003 .";NA;"HIST";"Internet";"Macro"
"5777";"HIST_VAANIM";2;1445;"Inativa";"Outras fontes";"Contas nacionais";"Valor adicionado na agricultura - produção animal";"Valor adicionado na agricultura - produção animal";"Não oculta";"Internet";90;0;1;"Incluída em 10/mai/2003 .";NA;"HIST";"Internet";"Macro"
"5778";"HIST_VACULT";1;1606;"Inativa";"Outras fontes";"Contas nacionais";"Valor adicionado na agricultura - produção de culturas";"Valor adicionado na agricultura - produção de culturas";"Não oculta";"Internet";90;0;1;"Incluída em 10/mai/2003 .";NA;"HIST";"Internet";"Macro"
"5779";"HIST_VAEXTR";1;1606;"Inativa";"Outras fontes";"Contas nacionais";"Valor adicionado na agricultura - produção extrativa";"Valor adicionado na agricultura - produção extrativa";"Não oculta";"Internet";90;0;1;"Incluída em 10/mai/2003 .";NA;"HIST";"Internet";"Macro"
"5780";"HIST_VAMANUIND";2;1445;"Inativa";"Outras fontes";"Contas nacionais";"Valor adicionado na indústria - manufaturados";"Valor adicionado na indústria - manufaturados";"Não oculta";"Internet";90;0;1;"Incluída em 10/mai/2003 .";NA;"HIST";"Internet";"Macro"
"5781";"HIST_VAMINERIND";3;1315;"Inativa";"Outras fontes";"Contas nacionais";"Valor adicionado na indústria - mineração";"Valor adicionado na indústria - mineração";"Não oculta";"Internet";90;0;1;"Incluída em 10/mai/2003 .";NA;"HIST";"Internet";"Macro"
"5782";"HIST_VASIUPIND";2;1445;"Inativa";"Outras fontes";"Contas nacionais";"Valor adicionado na indústria - serviços utilid. púb. (SIUP)";"Valor adicionado na indústria - serviços de utilidade pública (SIUP)";"Não oculta";"Internet";90;0;1;"Incluída em 10/mai/2003 .";NA;"HIST";"Internet";"Macro"
"5783";"HIST_VAAGRL";16;619;"Inativa";"Outras fontes";"Contas nacionais";"PIB - agricultura - valor adicionado líquido";"Produto interno bruto (PIB) - agricultura: valor adicionado líquido";"Não oculta";"Internet";90;0;1;"Incluída em 10/mai/2003 .";NA;"HIST";"Internet";"Macro"
"5784";"HIST_VAGOVL";2;1445;"Inativa";"Outras fontes";"Contas nacionais";"PIB - governo - valor adicionado líquido";"Produto interno bruto (PIB) - governo: valor adicionado líquido";"Não oculta";"Internet";90;0;1;"Incluída em 10/mai/2003 .";NA;"HIST";"Internet";"Macro"
"5785";"HIST_VAINDL";4;1216;"Inativa";"Outras fontes";"Contas nacionais";"PIB - indústria - valor adicionado líquido";"Produto interno bruto (PIB) - indústria: valor adicionado líquido";"Não oculta";"Internet";90;0;1;"Incluída em 10/mai/2003 .";NA;"HIST";"Internet";"Macro"
"5786";"HIST_VATRANSCOL";1;1606;"Inativa";"Outras fontes";"Contas nacionais";"PIB - transportes e comunicações - valor adicionado líquido";"Produto interno bruto (PIB) - transportes e comunicações - valor adicionado líquido";"Não oculta";"Internet";90;0;1;"Incluída em 10/mai/2003 .";NA;"HIST";"Internet";"Macro"
"5787";"HIST_VATOTL";6;1048;"Inativa";"Outras fontes";"Contas nacionais";"PIB - valor adicionado líquido";"Produto interno bruto (PIB): valor adicionado líquido";"Não oculta";"Internet";90;0;1;"Incluída em 10/mai/2003 .";NA;"HIST";"Internet";"Macro"
"5788";"ARRLA";NA;NA;"Ativa";"FGV/Conj. Econômica";"Preços";"Preços de terras - arrendamentos - lavouras";"Preços de terras - arrendamentos - lavouras";"Não oculta";"Intranet";NA;0;0;NA;NA;"ARRLA";"Intranet";"Regional"
"5789";"ARREA";NA;NA;"Ativa";"FGV/Conj. Econômica";"Preços";"Preços de terras - arrendamentos - explorações animais";"Preços de terras - arrendamentos - explorações animais";"Não oculta";"Intranet";NA;0;0;NA;NA;"ARREA";"Intranet";"Regional"
"5790";"ARREN";NA;NA;"Ativa";"FGV/Conj. Econômica";"Preços";"Preços de terras - arrendamentos - estada e/ou engorda de animais";"Preços de terras - arrendamentos - estada e/ou engorda de animais";"Não oculta";"Intranet";NA;0;0;NA;NA;"ARREN";"Intranet";"Regional"
"5791";"SALAD";NA;NA;"Ativa";"FGV/Conj. Econômica";"Preços";"Remuneração - trabalho agrícola  - administrador";"Remuneração - trabalho agrícola  - administrador";"Não oculta";"Intranet";NA;0;0;NA;NA;"SALAD";"Intranet";"Regional"
"5792";"SALCA";NA;NA;"Ativa";"FGV/Conj. Econômica";"Preços";"Remuneração - trabalho agrícola - capataz";"Remuneração - trabalho agrícola - capataz";"Não oculta";"Intranet";NA;0;0;NA;NA;"SALCA";"Intranet";"Regional"
"5793";"SALTR";NA;NA;"Ativa";"FGV/Conj. Econômica";"Preços";"Remuneração - trabalho agrícola - tratorista";"Remuneração - trabalho agrícola - tratorista";"Não oculta";"Intranet";NA;0;0;NA;NA;"SALTR";"Intranet";"Regional"
"5794";"SALEV";NA;NA;"Ativa";"FGV/Conj. Econômica";"Preços";"Remuneração - trabalho agrícola - trabalhador eventual";"Remuneração - trabalho agrícola - trabalhador eventual";"Não oculta";"Intranet";NA;0;0;NA;NA;"SALEV";"Intranet";"Regional"
"5795";"SALPE";NA;NA;"Ativa";"FGV/Conj. Econômica";"Preços";"Remuneração - trabalho agrícola - trabalhador permanente";"Remuneração - trabalho agrícola - trabalhador permanente";"Não oculta";"Intranet";NA;0;0;NA;NA;"SALPE";"Intranet";"Regional"
"5796";"PTCA";NA;NA;"Ativa";"FGV/Conj. Econômica";"Preços";"Preços de terras - vendas - campos";"Preços de terras - vendas - campos";"Não oculta";"Intranet";NA;0;0;NA;NA;"PTCA";"Intranet";"Regional"
"5797";"PTMA";NA;NA;"Ativa";"FGV/Conj. Econômica";"Preços";"Preços de terras - vendas - matas";"Preços de terras - vendas - matas";"Não oculta";"Intranet";NA;0;0;NA;NA;"PTMA";"Intranet";"Regional"
"5798";"PTLA";NA;NA;"Ativa";"FGV/Conj. Econômica";"Preços";"Preços de terras - vendas - lavouras";"Preços de terras - vendas - lavouras";"Não oculta";"Intranet";NA;0;0;NA;NA;"PTLA";"Intranet";"Regional"
"5799";"PTPA";NA;NA;"Ativa";"FGV/Conj. Econômica";"Preços";"Preços de terras - vendas - pastagens";"Preços de terras - vendas - pastagens";"Não oculta";"Intranet";NA;0;0;NA;NA;"PTPA";"Intranet";"Regional"
"5800";"PIMPF12_QIBKAS12";8;996;"Inativa";"IBGE/PIM-PF antiga";"Produção";"Produção industrial - bens de capital - quantum - índice dessaz. (média 1991 = 100)";"Produção industrial de bens de capital: índice de quantum dessazonalizado (média 1991 = 100)";"Oculta";"Internet";0;0;0;"Incluída em 16/mai/2003 .";NA;"PIMPF12";"Oculta";"Macro"
"5801";"PIMPF12_QIBCTAS12";3;1356;"Inativa";"IBGE/PIM-PF antiga";"Produção";"Produção industrial - bens de consumo - quantum - índice dessaz. (média 1991 = 100)";"Produção industrial de bens de consumo: índice de quantum dessazonalizado (média 1991 = 100)";"Oculta";"Internet";0;0;0;"Incluída em 16/mai/2003 .";NA;"PIMPF12";"Oculta";"Macro"
"5802";"PIMPF12_QIBCDAS12";3;1356;"Inativa";"IBGE/PIM-PF antiga";"Produção";"Produção industrial - bens de consumo duráveis - quantum - índice dessaz. (média 1991 = 100)";"Produção industrial de bens de consumo duráveis: índice de quantum dessazonalizado (média 1991 = 100)";"Não oculta";"Internet";0;0;0;"Incluída em 16/mai/2003 .";NA;"PIMPF12";"Internet";"Macro"
"5803";"PIMPF12_QICNDAS12";NA;NA;"Inativa";"IBGE/PIM-PF antiga";"Produção";"Produção industrial - bens de consumo não duráveis - quantum - índice dessaz. (média 1991 = 100)";"Produção industrial de bens de consumo não duráveis: índice de quantum dessazonalizado (média 1991 = 100)";"Oculta";"Internet";0;0;0;"Incluída em 16/mai/2003 .";NA;"PIMPF12";"Oculta";"Macro"
"5804";"PIMPF12_QIBIAS12";NA;NA;"Inativa";"IBGE/PIM-PF antiga";"Produção";"Produção industrial - bens intermediários - quantum - índice dessaz. (média 1991 = 100)";"Produção industrial de bens intermediários: índice de quantum dessazonalizado (média 1991 = 100)";"Oculta";"Internet";0;0;0;"Incluída em 16/mai/2003 .";NA;"PIMPF12";"Oculta";"Macro"
"5805";"PIMPF12_QIEMAS12";NA;NA;"Inativa";"IBGE/PIM-PF antiga";"Produção";"Produção industrial - extrativa mineral - quantum - índice dessaz. (média 1991 = 100)";"Produção industrial extrativa mineral: índice de quantum dessazonalizado (média 1991 = 100)";"Oculta";"Internet";0;0;0;"Incluída em 16/mai/2003 .";NA;"PIMPF12";"Oculta";"Macro"
"5806";"PIMPF12_QIITAS12";1;1628;"Inativa";"IBGE/PIM-PF antiga";"Produção";"Produção industrial - indústria de transformação - quantum - índice dessaz. (média 1991 = 100)";"Produção industrial da indústria de transformação: índice de quantum dessazonalizado (média 1991 = 100)";"Oculta";"Internet";0;0;0;"Incluída em 16/mai/2003 .";NA;"PIMPF12";"Oculta";"Macro"
"5807";"GPDS";NA;NA;"Ativa";"TSE";"Governador";"Votação do PDS - governador no primeiro turno";"Votação do PDS - governador no primeiro turno";"Não oculta";"Internet";NA;0;0;NA;NA;"GPDS";"Internet";"Regional"
"5808";"GPDT";NA;NA;"Ativa";"TSE";"Governador";"Votação do PDT - governador no primeiro turno";"Votação do PDT - governador no primeiro turno";"Não oculta";"Internet";NA;0;0;NA;NA;"GPDT";"Internet";"Regional"
"5809";"GPT";8;24;"Ativa";"TSE";"Governador";"Votação do PT - governador no primeiro turno";"Votação do PT - governador no primeiro turno";"Não oculta";"Internet";NA;0;0;NA;NA;"GPT";"Internet";"Regional"
"5810";"GPTB";NA;NA;"Ativa";"TSE";"Governador";"Votação do PTB - governador no primeiro turno";"Votação do PTB - governador no primeiro turno";"Não oculta";"Internet";NA;0;0;NA;NA;"GPTB";"Internet";"Regional"
"5811";"GPMDB";1;140;"Ativa";"TSE";"Governador";"Votação do PMDB - governador no primeiro turno";"Votação do PMDB - governador no primeiro turno";"Não oculta";"Internet";NA;0;0;NA;NA;"GPMDB";"Internet";"Regional"
"5812";"GBRANCO";33;3;"Ativa";"TSE";"Governador";"Votos brancos - governador no primeiro turno";"Votos brancos - governador no primeiro turno";"Não oculta";"Internet";NA;0;0;NA;NA;"GBRANCO";"Internet";"Regional"
"5813";"GNULO";37;2;"Ativa";"TSE";"Governador";"Votos nulos - governador no primeiro turno";"Votos nulos - governador no primeiro turno";"Não oculta";"Internet";NA;0;0;NA;NA;"GNULO";"Internet";"Regional"
"5814";"FPDS";NA;NA;"Ativa";"TSE";"Prefeito";"Votação do PDS - prefeito no primeiro turno";"Votação do PDS - prefeito no primeiro turno";"Não oculta";"Internet";NA;0;0;NA;NA;"FPDS";"Internet";"Regional"
"5815";"FPDT";NA;NA;"Ativa";"TSE";"Prefeito";"Votação do PDT - prefeito no primeiro turno";"Votação do PDT - prefeito no primeiro turno";"Não oculta";"Internet";NA;0;0;NA;NA;"FPDT";"Internet";"Regional"
"5816";"FPT";13;8;"Ativa";"TSE";"Prefeito";"Votação do PT - prefeito no primeiro turno";"Votação do PT - prefeito no primeiro turno";"Não oculta";"Internet";NA;0;0;NA;NA;"FPT";"Internet";"Regional"
"5817";"FPTB";1;140;"Ativa";"TSE";"Prefeito";"Votação do PTB - prefeito no primeiro turno";"Votação do PTB - prefeito no primeiro turno";"Não oculta";"Internet";NA;0;0;NA;NA;"FPTB";"Internet";"Regional"
"5818";"FPMDB";NA;NA;"Ativa";"TSE";"Prefeito";"Votação do PMDB - prefeito no primeiro turno";"Votação do PMDB - prefeito no primeiro turno";"Não oculta";"Internet";NA;0;0;NA;NA;"FPMDB";"Internet";"Regional"
"5819";"FBRANCO";NA;NA;"Ativa";"TSE";"Prefeito";"Votos brancos - prefeito no primeiro turno";"Votos brancos - prefeito no primeiro turno";"Não oculta";"Internet";NA;0;0;NA;NA;"FBRANCO";"Internet";"Regional"
"5820";"FNULO";NA;NA;"Ativa";"TSE";"Prefeito";"Votos nulos - prefeito no primeiro turno";"Votos nulos - prefeito no primeiro turno";"Não oculta";"Internet";NA;0;0;NA;NA;"FNULO";"Internet";"Regional"
"5821";"SPDS";NA;NA;"Ativa";"TSE";"Senador";"Votação do PDS - senador";"Votação do PDS - senador";"Não oculta";"Internet";NA;0;0;NA;NA;"SPDS";"Internet";"Regional"
"5822";"SPDT";NA;NA;"Ativa";"TSE";"Senador";"Votação do PDT - senador";"Votação do PDT - senador";"Não oculta";"Internet";NA;0;0;NA;NA;"SPDT";"Internet";"Regional"
"5823";"SPT";NA;NA;"Ativa";"TSE";"Senador";"Votação do PT - senador";"Votação do PT - senador";"Não oculta";"Internet";NA;0;0;NA;NA;"SPT";"Internet";"Regional"
"5824";"SPTB";NA;NA;"Ativa";"TSE";"Senador";"Votação do PTB - senador";"Votação do PTB - senador";"Não oculta";"Internet";NA;0;0;NA;NA;"SPTB";"Internet";"Regional"
"5825";"SPMDB";NA;NA;"Ativa";"TSE";"Senador";"Votação do PMDB - senador";"Votação do PMDB - senador";"Não oculta";"Internet";NA;0;0;NA;NA;"SPMDB";"Internet";"Regional"
"5826";"SBRANCO";2;91;"Ativa";"TSE";"Senador";"Votos brancos - senador";"Votos brancos - senador";"Não oculta";"Internet";NA;0;0;NA;NA;"SBRANCO";"Internet";"Regional"
"5827";"SNULO";1;140;"Ativa";"TSE";"Senador";"Votos nulos - senador";"Votos nulos - senador";"Não oculta";"Internet";NA;0;0;NA;NA;"SNULO";"Internet";"Regional"
"5828";"DPDS";1;140;"Ativa";"TSE";"Deputado Federal";"Votação do PDS - deputado federal";"Votação do PDS - deputado federal";"Não oculta";"Internet";NA;0;0;NA;NA;"DPDS";"Internet";"Regional"
"5829";"DPDT";NA;NA;"Ativa";"TSE";"Deputado Federal";"Votação do PDT - deputado federal";"Votação do PDT - deputado federal";"Não oculta";"Internet";NA;0;0;NA;NA;"DPDT";"Internet";"Regional"
"5830";"DPT";2;91;"Ativa";"TSE";"Deputado Federal";"Votação do PT - deputado federal";"Votação do PT - deputado federal";"Não oculta";"Internet";NA;0;0;NA;NA;"DPT";"Internet";"Regional"
"5831";"DPTB";1;140;"Ativa";"TSE";"Deputado Federal";"Votação do PTB - deputado federal";"Votação do PTB - deputado federal";"Não oculta";"Internet";NA;0;0;NA;NA;"DPTB";"Internet";"Regional"
"5832";"DPMDB";NA;NA;"Ativa";"TSE";"Deputado Federal";"Votação do PMDB - deputado federal";"Votação do PMDB - deputado federal";"Não oculta";"Internet";NA;0;0;NA;NA;"DPMDB";"Internet";"Regional"
"5833";"DBRANCO";3;52;"Ativa";"TSE";"Deputado Federal";"Votos brancos - deputado federal";"Votos brancos - deputado federal";"Não oculta";"Internet";NA;0;0;NA;NA;"DBRANCO";"Internet";"Regional"
"5834";"DNULO";2;91;"Ativa";"TSE";"Deputado Federal";"Votos nulos - deputado federal";"Votos nulos - deputado federal";"Não oculta";"Internet";NA;0;0;NA;NA;"DNULO";"Internet";"Regional"
"5835";"EPDS";NA;NA;"Ativa";"TSE";"Deputado Estadual";"Votação do PDS - deputado estadual";"Votação do PDS - deputado estadual";"Não oculta";"Internet";NA;0;0;NA;NA;"EPDS";"Internet";"Regional"
"5836";"EPDT";NA;NA;"Ativa";"TSE";"Deputado Estadual";"Votação do PDT - deputado estadual";"Votação do PDT - deputado estadual";"Não oculta";"Internet";NA;0;0;NA;NA;"EPDT";"Internet";"Regional"
"5837";"EPT";10;13;"Ativa";"TSE";"Deputado Estadual";"Votação do PT - deputado estadual";"Votação do PT - deputado estadual";"Não oculta";"Internet";NA;0;0;NA;NA;"EPT";"Internet";"Regional"
"5838";"EPTB";NA;NA;"Ativa";"TSE";"Deputado Estadual";"Votação do PTB - deputado estadual";"Votação do PTB - deputado estadual";"Não oculta";"Internet";NA;0;0;NA;NA;"EPTB";"Internet";"Regional"
"5839";"EPMDB";NA;NA;"Ativa";"TSE";"Deputado Estadual";"Votação do PMDB - deputado estadual";"Votação do PMDB - deputado estadual";"Não oculta";"Internet";NA;0;0;NA;NA;"EPMDB";"Internet";"Regional"
"5840";"EBRANCO";3;52;"Ativa";"TSE";"Deputado Estadual";"Votos brancos - deputado estadual";"Votos brancos - deputado estadual";"Não oculta";"Internet";NA;0;0;NA;NA;"EBRANCO";"Internet";"Regional"
"5841";"ENULO";2;91;"Ativa";"TSE";"Deputado Estadual";"Votos nulos - deputado estadual";"Votos nulos - deputado estadual";"Não oculta";"Internet";NA;0;0;NA;NA;"ENULO";"Internet";"Regional"
"5842";"VPDSV";NA;NA;"Ativa";"TSE";"Vereador";"Votação do PDS - vereador";"Votação do PDS - vereador";"Não oculta";"Internet";NA;0;0;NA;NA;"VPDSV";"Internet";"Regional"
"5843";"VPDTV";NA;NA;"Ativa";"TSE";"Vereador";"Votação do PDT - vereador";"Votação do PDT - vereador";"Não oculta";"Internet";NA;0;0;NA;NA;"VPDTV";"Internet";"Regional"
"5844";"VPTV";NA;NA;"Ativa";"TSE";"Vereador";"Votação do PT - vereador";"Votação do PT - vereador";"Não oculta";"Internet";NA;0;0;NA;NA;"VPTV";"Internet";"Regional"
"5845";"VPTBV";NA;NA;"Ativa";"TSE";"Vereador";"Votação do PTB - vereador";"Votação do PTB - vereador";"Não oculta";"Internet";NA;0;0;NA;NA;"VPTBV";"Internet";"Regional"
"5846";"VPMDBV";NA;NA;"Ativa";"TSE";"Vereador";"Votação do PMDB - vereador";"Votação do PMDB - vereador";"Não oculta";"Internet";NA;0;0;NA;NA;"VPMDBV";"Internet";"Regional"
"5847";"VBRANCV";NA;NA;"Ativa";"TSE";"Vereador";"Votos brancos - vereador";"Votos brancos - vereador";"Não oculta";"Internet";NA;0;0;NA;NA;"VBRANCV";"Internet";"Regional"
"5848";"VNULOV";NA;NA;"Ativa";"TSE";"Vereador";"Votos nulos - vereador";"Votos nulos - vereador";"Não oculta";"Internet";NA;0;0;NA;NA;"VNULOV";"Internet";"Regional"
"5849";"VPDSC";NA;NA;"Ativa";"TSE";"Vereador";"Total de vereadores eleitos do PDS";"Total de vereadores eleitos do PDS";"Não oculta";"Internet";NA;0;0;NA;NA;"VPDSC";"Internet";"Regional"
"5850";"VPDTC";NA;NA;"Ativa";"TSE";"Vereador";"Total de vereadores eleitos do PDT";"Total de vereadores eleitos do PDT";"Não oculta";"Internet";NA;0;0;NA;NA;"VPDTC";"Internet";"Regional"
"5851";"VPTC";3;52;"Ativa";"TSE";"Vereador";"Total de vereadores eleitos do PT";"Total de vereadores eleitos do PT";"Não oculta";"Internet";NA;0;0;NA;NA;"VPTC";"Internet";"Regional"
"5852";"VPTBC";NA;NA;"Ativa";"TSE";"Vereador";"Total de vereadores eleitos do PTB";"Total de vereadores eleitos do PTB";"Não oculta";"Internet";NA;0;0;NA;NA;"VPTBC";"Internet";"Regional"
"5853";"VPMDBC";NA;NA;"Ativa";"TSE";"Vereador";"Total de vereadores eleitos do PMDB";"Total de vereadores eleitos do PMDB";"Não oculta";"Internet";NA;0;0;NA;NA;"VPMDBC";"Internet";"Regional"
"5854";"VTOTC";NA;NA;"Ativa";"TSE";"Vereador";"Total de vereadores eleitos";"Total de vereadores eleitos";"Não oculta";"Internet";NA;0;0;NA;NA;"VTOTC";"Internet";"Regional"
"5855";"G1PT2";NA;NA;"Ativa";"TSE";"Governador";"Partido do segundo candidato a governador mais votado no primeiro turno(Municipal)";"Partido do segundo candidato a governador mais votado no primeiro turno(Municipal)";"Não oculta";"Internet";NA;0;0;NA;NA;"G1PT2";"Internet";"Regional"
"5856";"G1VO1";7;27;"Ativa";"TSE";"Governador";"Votação do candidato a governador mais votado no primeiro turno(Municipal)";"Votação do candidato a governador mais votado no primeiro turno(Municipal)";"Não oculta";"Internet";NA;0;0;NA;NA;"G1VO1";"Internet";"Regional"
"5857";"G1VO2";NA;NA;"Ativa";"TSE";"Governador";"Votação do segundo candidato a governador mais votado no primeiro turno(Municipal)";"Votação do segundo candidato a governador mais votado no primeiro turno(Municipal)";"Não oculta";"Internet";NA;0;0;NA;NA;"G1VO2";"Internet";"Regional"
"5858";"G2PT2";NA;NA;"Ativa";"TSE";"Governador";"Partido do segundo candidato a governador mais votado no segundo turno(Municipal)";"Partido do segundo candidato a governador mais votado no segundo turno(Municipal)";"Não oculta";"Internet";NA;0;0;NA;NA;"G2PT2";"Internet";"Regional"
"5859";"G2VO1";1;140;"Ativa";"TSE";"Governador";"Votação do candidato a governador mais votado no segundo turno(Municipal)";"Votação do candidato a governador mais votado no segundo turno(Municipal)";"Não oculta";"Internet";NA;0;0;NA;NA;"G2VO1";"Internet";"Regional"
"5860";"G2VO2";NA;NA;"Ativa";"TSE";"Governador";"Votação do segundo candidato a governador mais votado no segundo turno(Municipal)";"Votação do segundo candidato a governador mais votado no segundo turno(Municipal)";"Não oculta";"Internet";NA;0;0;NA;NA;"G2VO2";"Internet";"Regional"
"5861";"SPPR";NA;NA;"Ativa";"TSE";"Senador";"Votação do PPR - senador";"Votação do PPR - senador";"Não oculta";"Internet";NA;0;0;NA;NA;"SPPR";"Internet";"Regional"
"5862";"SPFL";NA;NA;"Ativa";"TSE";"Senador";"Votação do PFL - senador";"Votação do PFL - senador";"Não oculta";"Internet";NA;0;0;NA;NA;"SPFL";"Internet";"Regional"
"5863";"SPL";NA;NA;"Ativa";"TSE";"Senador";"Votação do PL - senador";"Votação do PL - senador";"Não oculta";"Internet";NA;0;0;NA;NA;"SPL";"Internet";"Regional"
"5864";"SPSDB";NA;NA;"Ativa";"TSE";"Senador";"Votação do PSDB - senador";"Votação do PSDB - senador";"Não oculta";"Internet";NA;0;0;NA;NA;"SPSDB";"Internet";"Regional"
"5865";"SPEQ";NA;NA;"Ativa";"TSE";"Senador";"Votação dos pequenos partidos de esquerda para senador";"Votação dos pequenos partidos de esquerda para senador";"Não oculta";"Intranet";NA;0;0;NA;NA;"SPEQ";"Intranet";"Regional"
"5866";"SOUTR";NA;NA;"Ativa";"TSE";"Senador";"Votação de outros partidos para senador";"Votação de outros partidos para senador";"Não oculta";"Intranet";NA;0;0;NA;NA;"SOUTR";"Intranet";"Regional"
"5867";"DPPR";NA;NA;"Ativa";"TSE";"Deputado Federal";"Votação do PPR - deputado federal";"Votação do PPR - deputado federal";"Não oculta";"Internet";NA;0;0;NA;NA;"DPPR";"Internet";"Regional"
"5868";"DPFL";NA;NA;"Ativa";"TSE";"Deputado Federal";"Votação do PFL - deputado federal";"Votação do PFL - deputado federal";"Não oculta";"Internet";NA;0;0;NA;NA;"DPFL";"Internet";"Regional"
"5869";"DPL";NA;NA;"Ativa";"TSE";"Deputado Federal";"Votação do PL - deputado federal";"Votação do PL - deputado federal";"Não oculta";"Internet";NA;0;0;NA;NA;"DPL";"Internet";"Regional"
"5870";"DPSDB";1;140;"Ativa";"TSE";"Deputado Federal";"Votação do PSDB - deputado federal";"Votação do PSDB - deputado federal";"Não oculta";"Internet";NA;0;0;NA;NA;"DPSDB";"Internet";"Regional"
"5871";"DPEQ";NA;NA;"Ativa";"TSE";"Deputado Federal";"Votação dos pequenos partidos de esquerda para deputado federal";"Votação dos pequenos partidos de esquerda para deputado federal";"Não oculta";"Intranet";NA;0;0;NA;NA;"DPEQ";"Intranet";"Regional"
"5872";"DOUTR";NA;NA;"Ativa";"TSE";"Deputado Federal";"Votação de outros partidos para deputado federal";"Votação de outros partidos para deputado federal";"Não oculta";"Intranet";NA;0;0;NA;NA;"DOUTR";"Intranet";"Regional"
"5873";"EPPR";NA;NA;"Ativa";"TSE";"Deputado Estadual";"Votação do PPR - deputado estadual";"Votação do PPR - deputado estadual";"Não oculta";"Internet";NA;0;0;NA;NA;"EPPR";"Internet";"Regional"
"5874";"EPFL";NA;NA;"Ativa";"TSE";"Deputado Estadual";"Votação do PFL - deputado estadual";"Votação do PFL - deputado estadual";"Não oculta";"Internet";NA;0;0;NA;NA;"EPFL";"Internet";"Regional"
"5875";"EPL";NA;NA;"Ativa";"TSE";"Deputado Estadual";"Votação do PL - deputado estadual";"Votação do PL - deputado estadual";"Não oculta";"Internet";NA;0;0;NA;NA;"EPL";"Internet";"Regional"
"5876";"EPSDB";NA;NA;"Ativa";"TSE";"Deputado Estadual";"Votação do PSDB - deputado estadual";"Votação do PSDB - deputado estadual";"Não oculta";"Internet";NA;0;0;NA;NA;"EPSDB";"Internet";"Regional"
"5877";"EPEQ";NA;NA;"Ativa";"TSE";"Deputado Estadual";"Votação dos pequenos partidos de esquerda para deputado estadual";"Votação dos pequenos partidos de esquerda para deputado estadual";"Não oculta";"Intranet";NA;0;0;NA;NA;"EPEQ";"Intranet";"Regional"
"5878";"EOUTR";NA;NA;"Ativa";"TSE";"Deputado Estadual";"Votação de outros partidos para deputado estadual";"Votação de outros partidos para deputado estadual";"Não oculta";"Intranet";NA;0;0;NA;NA;"EOUTR";"Intranet";"Regional"
"5879";"SMAISPT";NA;NA;"Ativa";"TSE";"Senador";"Partido do candidato a senador mais votado(Municipal)";"Partido do candidato a senador mais votado(Municipal)";"Não oculta";"Internet";NA;0;0;NA;NA;"SMAISPT";"Internet";"Regional"
"5880";"SMAISVO";NA;NA;"Ativa";"TSE";"Senador";"Votação do candidato a senador mais votado(Municipal)";"Votação do candidato a senador mais votado(Municipal)";"Não oculta";"Internet";NA;0;0;NA;NA;"SMAISVO";"Internet";"Regional"
"5881";"DMAISPT";1;140;"Ativa";"TSE";"Deputado Federal";"Partido do candidato a deputado federal mais votado(Municipal)";"Partido do candidato a deputado federal mais votado(Municipal)";"Não oculta";"Internet";NA;0;0;NA;NA;"DMAISPT";"Internet";"Regional"
"5882";"DMAISVO";NA;NA;"Ativa";"TSE";"Deputado Federal";"Votação do candidato a deputado federal mais votado(Municipal)";"Votação do candidato a deputado federal mais votado(Municipal)";"Não oculta";"Internet";NA;0;0;NA;NA;"DMAISVO";"Internet";"Regional"
"5883";"EMAISPT";NA;NA;"Ativa";"TSE";"Deputado Estadual";"Partido do candidato a deputado estadual mais votado(Municipal)";"Partido do candidato a deputado estadual mais votado(Estadual)";"Não oculta";"Internet";NA;0;0;NA;NA;"EMAISPT";"Internet";"Regional"
"5884";"EMAISVO";NA;NA;"Ativa";"TSE";"Deputado Estadual";"Votação do candidato a deputado estadual mais votado(Municipal)";"Votação do candidato a deputado estadual mais votado(Municipal)";"Não oculta";"Internet";NA;0;0;NA;NA;"EMAISVO";"Internet";"Regional"
"5885";"F1PT1";12;10;"Ativa";"TSE";"Prefeito";"Partido do candidato a prefeito mais votado no primeiro turno";"Partido do candidato a prefeito mais votado no primeiro turno";"Não oculta";"Internet";NA;0;0;NA;NA;"F1PT1";"Internet";"Regional"
"5886";"F1PT2";1;140;"Ativa";"TSE";"Prefeito";"Partido do segundo candidato a prefeito mais votado no primeiro turno";"Partido do segundo candidato a prefeito mais votado no primeiro turno";"Não oculta";"Internet";NA;0;0;NA;NA;"F1PT2";"Internet";"Regional"
"5887";"F1VO1";2;91;"Ativa";"TSE";"Prefeito";"Votação do candidato a prefeito mais votado no primeiro turno";"Votação do candidato a prefeito mais votado no primeiro turno";"Não oculta";"Internet";NA;0;0;NA;NA;"F1VO1";"Internet";"Regional"
"5888";"F1VO2";2;91;"Ativa";"TSE";"Prefeito";"Votação do segundo candidato a prefeito mais votado no primeiro turno";"Votação do segundo candidato a prefeito mais votado no primeiro turno";"Não oculta";"Internet";NA;0;0;NA;NA;"F1VO2";"Internet";"Regional"
"5889";"F2PT1";10;13;"Ativa";"TSE";"Prefeito";"Partido do candidato a prefeito mais votado no segundo turno";"Partido do candidato a prefeito mais votado no segundo turno";"Não oculta";"Internet";NA;0;0;NA;NA;"F2PT1";"Internet";"Regional"
"5890";"F2PT2";NA;NA;"Ativa";"TSE";"Prefeito";"Partido do segundo candidato a prefeito mais votado no segundo turno";"Partido do segundo candidato a prefeito mais votado no segundo turno";"Não oculta";"Internet";NA;0;0;NA;NA;"F2PT2";"Internet";"Regional"
"5891";"F2VO1";1;140;"Ativa";"TSE";"Prefeito";"Votação do candidato a prefeito mais votado no segundo turno";"Votação do candidato a prefeito mais votado no segundo turno";"Não oculta";"Internet";NA;0;0;NA;NA;"F2VO1";"Internet";"Regional"
"5892";"F2VO2";1;140;"Ativa";"TSE";"Prefeito";"Votação do segundo candidato a prefeito mais votado no segundo turno";"Votação do segundo candidato a prefeito mais votado no segundo turno";"Não oculta";"Internet";NA;0;0;NA;NA;"F2VO2";"Internet";"Regional"
"5893";"VPPBV";NA;NA;"Ativa";"TSE";"Vereador";"Votação do PPB - vereador";"Votação do PPB - vereador";"Não oculta";"Internet";NA;0;0;NA;NA;"VPPBV";"Internet";"Regional"
"5894";"VPFLV";NA;NA;"Ativa";"TSE";"Vereador";"Votação do PFL - vereador";"Votação do PFL - vereador";"Não oculta";"Internet";NA;0;0;NA;NA;"VPFLV";"Internet";"Regional"
"5895";"VPLV";NA;NA;"Ativa";"TSE";"Vereador";"Votação do PL - vereador";"Votação do PL - vereador";"Não oculta";"Internet";NA;0;0;NA;NA;"VPLV";"Internet";"Regional"
"5896";"VPSDBV";NA;NA;"Ativa";"TSE";"Vereador";"Votação do PSDB - vereador";"Votação do PSDB - vereador";"Não oculta";"Internet";NA;0;0;NA;NA;"VPSDBV";"Internet";"Regional"
"5897";"VPPBC";NA;NA;"Ativa";"TSE";"Vereador";"Total de vereadores eleitos do PPB";"Total de vereadores eleitos do PPB";"Não oculta";"Internet";NA;0;0;NA;NA;"VPPBC";"Internet";"Regional"
"5898";"VPFLC";1;140;"Ativa";"TSE";"Vereador";"Total de vereadores eleitos do PFL";"Total de vereadores eleitos do PFL";"Não oculta";"Internet";NA;0;0;NA;NA;"VPFLC";"Internet";"Regional"
"5899";"VPLC";NA;NA;"Ativa";"TSE";"Vereador";"Total de vereadores eleitos do PL";"Total de vereadores eleitos do PL";"Não oculta";"Internet";NA;0;0;NA;NA;"VPLC";"Internet";"Regional"
"5900";"VPSDBC";NA;NA;"Ativa";"TSE";"Vereador";"Total de vereadores eleitos do PSDB";"Total de vereadores eleitos do PSDB";"Não oculta";"Internet";NA;0;0;NA;NA;"VPSDBC";"Internet";"Regional"
"5901";"VMAISPT";NA;NA;"Ativa";"TSE";"Vereador";"Partido do candidato a vereador mais votado";"Partido do candidato a vereador mais votado";"Não oculta";"Internet";NA;0;0;NA;NA;"VMAISPT";"Internet";"Regional"
"5902";"VMAISVO";NA;NA;"Ativa";"TSE";"Vereador";"Votação do candidato a vereador mais votado";"Votação do candidato a vereador mais votado";"Não oculta";"Internet";NA;0;0;NA;NA;"VMAISVO";"Internet";"Regional"
"5903";"GAC12_TCERXTINPC12";1104;9;"Ativa";"IPEA";"Câmbio";"Taxa de câmbio - efetiva real - INPC - exportações - índice (média 2010 = 100)";"Taxa de câmbio - efetiva real - INPC - exportações - índice (média 2010 = 100)";"Não oculta";"Internet";120;1;0;"Incluída em 28/mai/2003 . Revisada em 11/nov/2015.";"Gerada";"GAC12";"Internet";"Macro"
"5904";"SCN4_RLEX1N4";NA;NA;"Inativa";"IBGE/SCN 2000 Trim.";"Contas nacionais";"Remuneração empregados - não residentes - ref. 2000";"Remuneração de empregados não residentes - referência 2000";"Não oculta";"Intranet";90;0;0;"Incluída em 03 / maio / 2007.";NA;"SCN4";"Intranet";"Macro"
"5905";"SCN4_RLEX2N4";3;393;"Inativa";"IBGE/SCN 2000 Trim.";"Contas nacionais";"Rendas de propriedade - enviadas e recebidas do resto do mundo - ref. 2000";"Rendas de propriedade enviadas e recebidas do resto do mundo - referência 2000";"Não oculta";"Intranet";90;0;0;"Incluída em 03 / maio / 2007.";NA;"SCN4";"Intranet";"Macro"
"5906";"SCN4_PNBN4";31;75;"Inativa";"IBGE/SCN 2000 Trim.";"Contas nacionais";"Renda nacional bruta - ref. 2000";"Renda nacional bruta - referência 2000";"Não oculta";"Intranet";90;0;0;"Incluída em 03 / maio / 2007.";NA;"SCN4";"Intranet";"Macro"
"5907";"SCN4_TRUNIN4";1;527;"Inativa";"IBGE/SCN 2000 Trim.";"Contas nacionais";"Transferências correntes - enviadas e recebidas do resto do mundo - total - ref. 2000";"Transferências correntes enviadas e recebidas do resto do mundo: total - referência 2000";"Não oculta";"Intranet";90;0;0;"Incluída em 03 / maio / 2007.";NA;"SCN4";"Intranet";"Macro"
"5908";"SCN4_RNDBN4";75;27;"Inativa";"IBGE/SCN 2000 Trim.";"Contas nacionais";"Renda disponível bruta - ref. 2000";"Renda disponível bruta - referência 2000";"Não oculta";"Intranet";90;0;0;"Incluída em 03 / maio / 2007.";NA;"SCN4";"Intranet";"Macro"
"5909";"SCN4_SBN4";50;45;"Inativa";"IBGE/SCN 2000 Trim.";"Contas nacionais";"Poupança nacional bruta - ref. 2000";"Poupança nacional bruta - referência 2000";"Não oculta";"Intranet";90;0;0;"Incluída em 03 / maio / 2007.";NA;"SCN4";"Intranet";"Macro"
"5910";"SCN4_NFB4";5;315;"Inativa";"IBGE/SCN 2000 Trim.";"Contas nacionais";"Necessidade (-) ou capacidade (+) de financiamento - ref. 2000";"Necessidade (-) ou capacidade (+) de financiamento - referência 2000";"Não oculta";"Intranet";90;0;0;"Incluída em 03 / maio / 2007.";NA;"SCN4";"Intranet";"Macro"
"5911";"IFS_CAMBVEN";NA;NA;"Inativa";"FMI/IFS";"Economia internacional";"taxa de câmbio - bolívar venezuelano / US$ - média";"taxa de câmbio - bolívar venezuelano / US$ - média";"Não oculta";"Internet";30;0;0;"Incluída em 03/jun/2003 .";NA;"IFS";"Internet";"Macro"
"5912";"IFS_CAMBCHIN";11;772;"Inativa";"FMI/IFS";"Economia internacional";"taxa de câmbio - yuan / US$ - média";"taxa de câmbio - yuan / US$ - média";"Não oculta";"Internet";30;0;0;"Incluída em 03/jun/2003 .";NA;"IFS";"Internet";"Macro"
"5913";"IFS_CAMBCOL";NA;NA;"Inativa";"FMI/IFS";"Economia internacional";"taxa de câmbio - peso colombiano / US$ - média";"taxa de câmbio - peso colombiano / US$ - média";"Não oculta";"Internet";30;0;0;"Incluída em 03/jun/2003 .";NA;"IFS";"Internet";"Macro"
"5914";"IFS_IPAVEN";4;1216;"Inativa";"FMI/IFS";"Economia internacional";"IPA - índice (média 2005 = 100)";"IPA - índice (média 2005 = 100)";"Não oculta";"Internet";90;0;0;"Incluída em 03/jun/2003 .";NA;"IFS";"Internet";"Macro"
"5915";"IFS_IPACOL";6;1048;"Inativa";"FMI/IFS";"Economia internacional";"IPA - índice (média 2005 = 100)";"IPA - índice (média 2005 = 100)";"Não oculta";"Internet";90;0;0;"Incluída em 03/jun/2003 .";NA;"IFS";"Internet";"Macro"
"5916";"IFS_IPCVEN";1;1606;"Inativa";"FMI/IFS";"Economia internacional";"IPC - índice (média 2005 = 100)";"IPC - índice (média 2005 = 100)";"Não oculta";"Internet";90;0;0;"Incluída em 03/jun/2003 .";NA;"IFS";"Internet";"Macro"
"5917";"IFS_IPCCHIN";8;932;"Inativa";"FMI/IFS";"Economia internacional";"IPC";"IPC";"Não oculta";"Internet";90;0;0;"Incluída em 03/jun/2003 .";NA;"IFS";"Internet";"Macro"
"5918";"IFS_IPCCOL";2;1445;"Inativa";"FMI/IFS";"Economia internacional";"IPC - índice (média 2005 = 100)";"IPC - índice (média 2005 = 100)";"Não oculta";"Internet";90;0;0;"Incluída em 03/jun/2003 .";NA;"IFS";"Internet";"Macro"
"5919";"IFS12_CAMBVEN12";6;1117;"Inativa";"FMI/IFS";"Economia internacional";"taxa de câmbio - bolívar venezuelano / US$ - média";"taxa de câmbio - bolívar venezuelano / US$ - média";"Não oculta";"Internet";30;0;0;"Incluída em 03/jun/2003 .";"Geradora";"IFS12";"Internet";"Macro"
"5920";"IFS12_CAMBCHIN12";31;407;"Inativa";"FMI/IFS";"Economia internacional";"taxa de câmbio - yuan / US$ - média";"taxa de câmbio - yuan / US$ - média";"Não oculta";"Internet";30;0;0;"Incluída em 03/jun/2003 .";"Geradora";"IFS12";"Internet";"Macro"
"5921";"IFS12_CAMBCOL12";3;1356;"Inativa";"FMI/IFS";"Economia internacional";"taxa de câmbio - peso colombiano / US$ - média";"taxa de câmbio - peso colombiano / US$ - média";"Não oculta";"Internet";30;0;0;"Incluída em 03/jun/2003 .";"Geradora";"IFS12";"Internet";"Macro"
"5922";"IFS12_IPAVEN12";4;1262;"Inativa";"FMI/IFS";"Economia internacional";"IPA - índice (média 2005 = 100)";"IPA - índice (média 2005 = 100)";"Não oculta";"Internet";90;0;0;"Incluída em 03/jun/2003 .";"Geradora";"IFS12";"Internet";"Macro"
"5923";"IFS12_IPACOL12";4;1262;"Inativa";"FMI/IFS";"Economia internacional";"IPA - índice (média 2005 = 100)";"IPA - índice (média 2005 = 100)";"Não oculta";"Internet";90;0;0;"Incluída em 03/jun/2003 .";NA;"IFS12";"Internet";"Macro"
"5924";"IFS12_IPCVEN12";6;1117;"Inativa";"FMI/IFS";"Economia internacional";"IPC - índice (média 2005 = 100)";"IPC - índice (média 2005 = 100)";"Não oculta";"Internet";90;0;0;"Incluída em 03/jun/2003 .";NA;"IFS12";"Internet";"Macro"
"5925";"IFS12_IPCCHIN12";18;647;"Inativa";"FMI/IFS";"Economia internacional";"IPC";"IPC";"Não oculta";"Internet";90;0;0;"Incluída em 03/jun/2003 .";"Geradora";"IFS12";"Internet";"Macro"
"5926";"IFS12_IPCCOL12";5;1176;"Inativa";"FMI/IFS";"Economia internacional";"IPC - índice (média 2005 = 100)";"IPC - índice (média 2005 = 100)";"Não oculta";"Internet";90;0;0;"Incluída em 03/jun/2003 .";"Geradora";"IFS12";"Internet";"Macro"
"5927";"IFS4_CAMBVEN4";NA;NA;"Inativa";"FMI/IFS";"Economia internacional";"taxa de câmbio - bolívar venezuelano / US$ - média";"taxa de câmbio - bolívar venezuelano / US$ - média";"Não oculta";"Internet";30;0;0;"Incluída em 03/jun/2003 .";NA;"IFS4";"Internet";"Macro"
"5928";"IFS4_CAMBCHIN4";3;393;"Inativa";"FMI/IFS";"Economia internacional";"taxa de câmbio - yuan / US$ - média";"taxa de câmbio - yuan / US$ - média";"Não oculta";"Internet";30;0;0;"Incluída em 03/jun/2003 .";NA;"IFS4";"Internet";"Macro"
"5929";"IFS4_CAMBCOL4";NA;NA;"Inativa";"FMI/IFS";"Economia internacional";"taxa de câmbio - peso colombiano / US$ - média";"taxa de câmbio - peso colombiano / US$ - média";"Não oculta";"Internet";30;0;0;"Incluída em 03/jun/2003 .";NA;"IFS4";"Internet";"Macro"
"5930";"IFS4_IPAVEN4";NA;NA;"Inativa";"FMI/IFS";"Economia internacional";"IPA - índice (média 2005 = 100)";"IPA - índice (média 2005 = 100)";"Não oculta";"Internet";90;0;0;"Incluída em 03/jun/2003 .";NA;"IFS4";"Internet";"Macro"
"5931";"IFS4_IPACOL4";NA;NA;"Inativa";"FMI/IFS";"Economia internacional";"IPA - índice (média 2005 = 100)";"IPA - índice (média 2005 = 100)";"Não oculta";"Internet";90;0;0;"Incluída em 03/jun/2003 .";NA;"IFS4";"Internet";"Macro"
"5932";"IFS4_IPCVEN4";NA;NA;"Inativa";"FMI/IFS";"Economia internacional";"IPC - índice (média 2005 = 100)";"IPC - índice (média 2005 = 100)";"Não oculta";"Internet";90;0;0;"Incluída em 03/jun/2003 .";NA;"IFS4";"Internet";"Macro"
"5933";"IFS4_IPCCHIN4";NA;NA;"Inativa";"FMI/IFS";"Economia internacional";"IPC";"IPC";"Não oculta";"Internet";90;0;0;"Incluída em 03/jun/2003 .";NA;"IFS4";"Internet";"Macro"
"5934";"IFS4_IPCCOL4";NA;NA;"Inativa";"FMI/IFS";"Economia internacional";"IPC - índice (média 2005 = 100)";"IPC - índice (média 2005 = 100)";"Não oculta";"Internet";90;0;0;"Incluída em 03/jun/2003 .";NA;"IFS4";"Internet";"Macro"
"5935";"HIST_AGRANIMAB";6;1048;"Inativa";"IPEA";"Contas nacionais";"Produção - agricultura - animal - abate - índice (média 1939 = 100)";"Produção - agricultura - animal - abate - índice (média 1939 = 100)";"Não oculta";"Internet";360;0;1;"Incluída em 25/jun/2003 .";NA;"HIST";"Internet";"Macro"
"5936";"HIST_AGRANIMDER";1;1606;"Inativa";"IPEA";"Contas nacionais";"Produção - agricultura - animal - derivados - índice (média 1939 = 100)";"Produção - agricultura - animal - derivados - índice (média 1939 = 100)";"Não oculta";"Internet";360;0;1;"Incluída em 25/jun/2003 .";NA;"HIST";"Internet";"Macro"
"5937";"HIST_AGRANIM";1;1606;"Inativa";"IPEA";"Contas nacionais";"Produção - agricultura - animal - índice (média 1939 = 100)";"Produção - agricultura - animal - índice (média 1939 = 100)";"Não oculta";"Internet";360;0;1;"Incluída em 25/jun/2003 .";NA;"HIST";"Internet";"Macro"
"5938";"HIST_AGRCULDOM";1;1606;"Inativa";"IPEA";"Contas nacionais";"Produção - agricultura - culturas - domésticas - índice (média 1939 = 100)";"Produção - agricultura - culturas domésticas - índice (média 1939 = 100)";"Não oculta";"Internet";360;0;1;"Incluída em 25/jun/2003 .";NA;"HIST";"Internet";"Macro"
"5939";"HIST_AGRCULEX";8;932;"Inativa";"IPEA";"Contas nacionais";"Produção - agricultura - culturas - exportação - índice (média 1939 = 100)";"Produção - agricultura - culturas de exportação - índice (média 1939 = 100)";"Não oculta";"Internet";360;0;1;"Incluída em 25/jun/2003 .";NA;"HIST";"Internet";"Macro"
"5940";"HIST_AGRCUL";5;1138;"Inativa";"IPEA";"Contas nacionais";"Produção - agricultura - culturas - índice (média 1939 = 100)";"Produção - agricultura - culturas - índice (média 1939 = 100)";"Não oculta";"Internet";360;0;1;"Incluída em 25/jun/2003 .";NA;"HIST";"Internet";"Macro"
"5941";"HIST_AGRCULMP";NA;NA;"Inativa";"IPEA";"Contas nacionais";"Produção - agricultura - culturas - matérias-primas - índice (média 1939 = 100)";"Produção - agricultura - culturas de matérias-primas - índice (média 1939 = 100)";"Não oculta";"Internet";360;0;1;"Incluída em 25/jun/2003 .";NA;"HIST";"Internet";"Macro"
"5942";"HIST_AGRCULOUT";NA;NA;"Inativa";"IPEA";"Contas nacionais";"Produção - agricultura - culturas - outras - índice (média 1939 = 100)";"Produção - agricultura - culturas - outras - índice (média 1939 = 100)";"Não oculta";"Internet";360;0;1;"Incluída em 25/jun/2003 .";NA;"HIST";"Internet";"Macro"
"5943";"HIST_AGREXT";NA;NA;"Inativa";"IPEA";"Contas nacionais";"Produção - agricultura - extrativa - índice (média 1939 = 100)";"Produção - agricultura - extrativa - índice (média 1939 = 100)";"Não oculta";"Internet";360;0;1;"Incluída em 25/jun/2003 .";NA;"HIST";"Internet";"Macro"
"5944";"HIST_VACOM";6;1048;"Inativa";"IPEA";"Contas nacionais";"PIB - comércio - índice (média 1939 = 100)";"Produto interno bruto (PIB) - comércio: índice (média 1939 = 100)";"Não oculta";"Internet";360;0;1;"Incluída em 25/jun/2003 .";NA;"HIST";"Internet";"Macro"
"5945";"HIST_VAGOV";17;594;"Inativa";"IPEA";"Contas nacionais";"PIB - governo - índice (média 1939 = 100)";"Produto interno bruto (PIB) - governo: índice (média 1939 = 100)";"Não oculta";"Internet";360;0;1;"Incluída em 25/jun/2003 .";NA;"HIST";"Internet";"Macro"
"5946";"HIST_VATRANSCO";NA;NA;"Inativa";"IPEA";"Contas nacionais";"PIB - transportes e comunicações - índice (média 1939 = 100)";"Produto interno bruto (PIB) - transportes e comunicações - índice (média 1939 = 100)";"Não oculta";"Internet";360;0;1;"Incluída em 25/jun/2003 .";NA;"HIST";"Internet";"Macro"
"5947";"HIST_TRANSCOCOM";1;1606;"Inativa";"Outras fontes";"Contas nacionais";"Transportes e comunicações - comunicações - correios - salários pagos - índice (média 1939 = 100)";"Transportes e comunicações - comunicações - correios - salários pagos - índice (média 1939 = 100)";"Não oculta";"Internet";90;0;1;"Incluída em 25/jun/2003 .";NA;"HIST";"Internet";"Macro"
"5948";"HIST_TRANSCOFERR";NA;NA;"Inativa";"Outras fontes";"Contas nacionais";"Transportes e comunicações - transporte ferroviário - índice (média 1939 = 100)";"Transportes e comunicações - transporte ferroviário - índice (média 1939 = 100)";"Não oculta";"Internet";90;0;1;"Incluída em 25/jun/2003 .";NA;"HIST";"Internet";"Macro"
"5949";"HIST_TRANSCO";3;1315;"Inativa";"IPEA";"Contas nacionais";"Transportes e comunicações - transporte - índice (média 1939 = 100)";"Transportes e comunicações - transporte - índice (média 1939 = 100)";"Não oculta";"Internet";360;0;1;"Incluída em 25/jun/2003 .";NA;"HIST";"Internet";"Macro"
"5950";"HIST_TRANSCOMAR";2;1445;"Inativa";"Outras fontes";"Contas nacionais";"Transportes e comunicações - transporte marítimo - índice (média 1939 = 100)";"Transportes e comunicações - transporte marítimo - índice (média 1939 = 100)";"Não oculta";"Internet";90;0;1;"Incluída em 25/jun/2003 .";NA;"HIST";"Internet";"Macro"
"5951";"FNDE12_SALEDU12";23;526;"Ativa";"FNDE";"Finanças públicas";"Salário educação - arrecadação bruta";"Salário educação - arrecadação bruta";"Não oculta";"Internet";60;0;0;"Incluída em 27/jun/2003 .";NA;"FNDE12";"Internet";"Macro"
"5952";"CONFAZ12_IPVA12";16;690;"Ativa";"Min. Fazenda/Cotepe";"Finanças públicas";"Imposto sobre a propriedade de veículos automotores (IPVA)";"Imposto sobre a propriedade de veículos automotores (IPVA)";"Não oculta";"Internet";40;0;0;"Incluída em 27/jun/2003 .";NA;"CONFAZ12";"Internet";"Macro"
"5953";"CONFAZ12_ITCD12";4;1262;"Ativa";"Min. Fazenda/Cotepe";"Finanças públicas";"Imposto sobre transmissão causa mortis e doação (ITCMD)";"Imposto sobre transmissão causa mortis e doação (ITCMD)";"Não oculta";"Internet";40;0;0;"Incluída em 27/jun/2003 .";NA;"CONFAZ12";"Internet";"Macro"
"5954";"CONFAZ12_OUT12";8;996;"Ativa";"Min. Fazenda/Cotepe";"Finanças públicas";"Imposto - outros";"Imposto - outros";"Não oculta";"Internet";40;0;0;"Incluída em 27/jun/2003 .";NA;"CONFAZ12";"Internet";"Macro"
"5955";"CONFAZ12_TAXAS12";24;508;"Ativa";"Min. Fazenda/Cotepe";"Finanças públicas";"Imposto - taxas";"Imposto - taxas";"Não oculta";"Internet";40;0;0;"Incluída em 27/jun/2003 .";NA;"CONFAZ12";"Internet";"Macro"
"5956";"FED12_FGTS12";12;812;"Ativa";"Caixa Econômica Federal";"Finanças públicas";"Fundo de garantia por tempo de serviço (FGTS) - arrecadação bruta";"Fundo de garantia por tempo de serviço (FGTS) - arrecadação bruta";"Não oculta";"Internet";60;0;0;NA;NA;"FED12";"Internet";"Macro"
"5957";"CHTOTBR";9;871;"Ativa";"IPEA";"Estoque de capital";"Capital Humano";"Capital Humano ";"Não oculta";"Internet";NA;0;0;NA;NA;"CHTOTBR";"Internet";"Regional"
"5958";"CRMUNRUR";44;77;"Ativa";"IPEA";"Estoque de capital";"Capital Residencial  - Rural";"Capital Residencial  - Rural";"Não oculta";"Internet";NA;0;0;NA;NA;"CRMUNRUR";"Internet";"Regional"
"5959";"CRMUNURB";53;61;"Ativa";"IPEA";"Estoque de capital";"Capital Residencial - Urbano";"Capital Residencial - Urbano";"Não oculta";"Internet";NA;0;0;NA;NA;"CRMUNURB";"Internet";"Regional"
"5960";"CRMUNTOT";41;79;"Ativa";"IPEA";"Estoque de capital";"Capital Residencial - Total";"Capital Residencial - Total";"Não oculta";"Internet";NA;0;0;NA;NA;"CRMUNTOT";"Internet";"Regional"
"5961";"CRBRRUR";4;1216;"Ativa";"IPEA";"Estoque de capital";"Capital Residencial - Rural";"Capital Residencial - Rural";"Não oculta";"Internet";NA;0;0;NA;NA;"CRBRRUR";"Internet";"Regional"
"5962";"CRBRURB";2;1445;"Ativa";"IPEA";"Estoque de capital";"Capital Residencial - Urbano";"Capital Residencial - Urbano";"Não oculta";"Internet";NA;0;0;NA;NA;"CRBRURB";"Internet";"Regional"
"5963";"CRBRTOT";3;1315;"Ativa";"IPEA";"Estoque de capital";"Capital Residencial - Total";"Capital Residencial - Total";"Não oculta";"Internet";NA;0;0;NA;NA;"CRBRTOT";"Internet";"Regional"
"5964";"CHTOTMUN";205;50;"Ativa";"IPEA";"Estoque de capital";"Capital Humano";"Capital Humano  ";"Não oculta";"Internet";NA;0;0;NA;NA;"CHTOTMUN";"Internet";"Regional"
"5965";"HIST_INDMATEX";6;1048;"Inativa";"IPEA";"Contas nacionais";"Indústria - manufaturas - têxtil - índice (média 1939 = 100)";"Indústria - manufaturas - têxtil - índice (média 1939 = 100)";"Não oculta";"Internet";360;0;1;NA;NA;"HIST";"Internet";"Macro"
"5966";"HIST_INDMACH";5;1138;"Inativa";"IPEA";"Contas nacionais";"Indústria - manufaturas - chapéus e calçados - índice (média 1939 = 100)";"Indústria - manufaturas - chapéus e calçados - índice (média 1939 = 100)";"Não oculta";"Internet";360;0;1;"Incluída em 16/jul/2003 .";NA;"HIST";"Internet";"Macro"
"5967";"HIST_INDMACOU";2;1445;"Inativa";"IPEA";"Contas nacionais";"Indústria - manufaturas - couros e peles - índice (média 1939 = 100)";"Indústria - manufaturas - couros e peles - índice (média 1939 = 100)";"Não oculta";"Internet";360;0;1;"Incluída em 16/jul/2003 .";NA;"HIST";"Internet";"Macro"
"5968";"HIST_INDMAFUM";1;1606;"Inativa";"IPEA";"Contas nacionais";"Indústria - manufaturas - artefatos de fumo - índice (média 1939 = 100)";"Indústria - manufaturas - artefatos de fumo - índice (média 1939 = 100)";"Não oculta";"Internet";360;0;1;NA;NA;"HIST";"Internet";"Macro"
"5969";"HIST_INDMABEB";1;1606;"Inativa";"IPEA";"Contas nacionais";"Indústria - manufaturas - bebidas - índice (média 1939 = 100)";"Indústria - manufaturas - bebidas - índice (média 1939 = 100)";"Não oculta";"Internet";360;0;1;NA;NA;"HIST";"Internet";"Macro"
"5970";"HIST_INDMAQUI";1;1606;"Inativa";"IPEA";"Contas nacionais";"Indústria - manufaturas - produtos químicos - índice (média 1939 = 100)";"Indústria - manufaturas - produtos químicos - índice (média 1939 = 100)";"Não oculta";"Internet";360;0;1;NA;NA;"HIST";"Internet";"Macro"
"5971";"HIST_INDMAMOB";2;1445;"Inativa";"IPEA";"Contas nacionais";"Indústria - manufaturas - papel e mobiliário - índice (média 1939 = 100)";"Indústria - manufaturas - papel e mobiliário - índice (média 1939 = 100)";"Não oculta";"Internet";360;0;1;"Incluída em 16/jul/2003 .";NA;"HIST";"Internet";"Macro"
"5972";"HIST_INDMAALM";3;1315;"Inativa";"Outras fontes";"Contas nacionais";"Indústria - manufaturas - alimentos - índice (média 1939 = 100)";"Indústria - manufaturas - alimentos - índice (média 1939 = 100)";"Não oculta";"Internet";90;0;1;"Incluída em 16/jul/2003 .";NA;"HIST";"Internet";"Macro"
"5973";"HIST_INDSIUP";1;1606;"Inativa";"Outras fontes";"Contas nacionais";"Indústria - serviços de utilidade pública - índice (média 1939 = 100)";"Indústria - serviços de utilidade pública - índice (média 1939 = 100)";"Não oculta";"Internet";90;0;1;"Incluída em 16/jul/2003 .";NA;"HIST";"Internet";"Macro"
"5974";"HIST_INDMINER";3;1315;"Inativa";"IPEA";"Contas nacionais";"Indústria - mineração - índice (média 1939 = 100)";"Indústria - mineração - índice (média 1939 = 100)";"Não oculta";"Internet";360;0;1;"Incluída em 16/jul/2003 .";NA;"HIST";"Internet";"Macro"
"5975";"CNI12_INEC12";33;388;"Ativa";"CNI";"Percepção e expectativa";"Expectativa do consumidor (INEC) - índice (média 2001 = 100)";"Índice nacional de expectativa do consumidor (INEC): índice (média 2001 = 100)";"Não oculta";"Internet";40;0;0;"Incluída em 18/jul/2003 .";NA;"CNI12";"Internet";"Macro"
"5976";"CNI12_INECPER12";14;737;"Ativa";"CNI";"Percepção e expectativa";"Expectativa do consumidor (INEC) - endividamento - índice (média 2001 = 100)";"Índice nacional de expectativa do consumidor (INEC): endividamento - índice (média 2001 = 100)";"Não oculta";"Internet";40;0;0;"Incluída em 18/jul/2003 .";NA;"CNI12";"Internet";"Macro"
"5977";"CNI12_INECINT12";33;388;"Ativa";"CNI";"Percepção e expectativa";"Expectativa do consumidor (INEC) - expectativa de situação financeira - índice (média 2001 = 100)";"Índice nacional de expectativa do consumidor (INEC): expectativa de situação financeira - índice (média 2001 = 100)";"Não oculta";"Internet";40;0;0;"Incluída em 18/jul/2003 .";NA;"CNI12";"Internet";"Macro"
"5978";"CNI12_INECEXP12";25;491;"Ativa";"CNI";"Percepção e expectativa";"Expectativa do consumidor (INEC) - expectativa de renda pessoal - índice (média 2001 = 100)";"Índice nacional de expectativa do consumidor (INEC): expectativa de renda pessoal - índice (média 2001 = 100)";"Não oculta";"Internet";40;0;0;"Incluída em 18/jul/2003 .";NA;"CNI12";"Internet";"Macro"
"5979";"PROCON366_CBSP366";NA;NA;"Inativa";"Procon-SP";"Preços";"Cesta básica - município de São Paulo";"Cesta básica no município de São Paulo";"Não oculta";"Intranet";0;0;0;"Incluída em 29/jul/2003 .";NA;"PROCON366";"Intranet";"Macro"
"5980";"PIBE";485;10;"Ativa";"IBGE";"Contas Regionais";"PIB Estadual a preços constantes";"PIB Estadual a preços constantes";"Não oculta";"Internet";NA;0;0;NA;NA;"PIBE";"Internet";"Regional"
"5981";"PIBPCE";370;20;"Ativa";"IBGE";"Contas Regionais";"PIB Estadual per capita";"PIB Estadual per capita";"Não oculta";"Internet";NA;0;0;NA;NA;"PIBPCE";"Internet";"Regional"
"5982";"PIBIE";232;39;"Ativa";"IBGE";"Contas Regionais";"PIB Estadual - indústria - valor adicionado - preços básicos";"PIB Estadual - indústria - valor adicionado - preços básicos";"Não oculta";"Internet";NA;0;0;NA;NA;"PIBIE";"Internet";"Regional"
"5983";"PIBSEE";222;43;"Ativa";"IBGE";"Contas Regionais";"PIB Estadual - serviços - valor adicionado - preços básicos";"PIB Estadual - serviços - valor adicionado - preços básicos";"Não oculta";"Internet";NA;0;0;NA;NA;"PIBSEE";"Internet";"Regional"
"5984";"PIBALE";56;210;"Ativa";"IBGE";"Contas Regionais";"PIB Estadual - serviços - atividades imobiliárias e aluguel - valor adicionado - preços básicos";"PIB Estadual - serviços - atividades imobiliárias e aluguel - valor adicionado - preços básicos";"Não oculta";"Internet";NA;0;0;NA;NA;"PIBALE";"Internet";"Regional"
"5985";"PIBCOE";63;188;"Ativa";"IBGE";"Contas Regionais";"PIB Estadual - serviços - comércio - valor adicionado - preços básicos";"PIB Estadual - serviços - comércio - valor adicionado - preços básicos";"Não oculta";"Internet";NA;0;0;NA;NA;"PIBCOE";"Internet";"Regional"
"5986";"PIBGE";51;235;"Ativa";"IBGE";"Contas Regionais";"PIB Estadual - serviços - administração pública - valor adicionado - preços básicos";"PIB Estadual - serviços - administração pública - valor adicionado - preços básicos";"Não oculta";"Internet";NA;0;0;NA;NA;"PIBGE";"Internet";"Regional"
"5987";"PIBTE";34;342;"Ativa";"IBGE";"Contas Regionais";"PIB Estadual - serviços - transportes e comunicações - valor adicionado - preços básicos";"PIB Estadual - serviços - transportes e comunicações - valor adicionado - preços básicos";"Não oculta";"Internet";NA;0;0;NA;NA;"PIBTE";"Internet";"Regional"
"5988";"PIBOSE";53;229;"Ativa";"IBGE";"Contas Regionais";"PIB Estadual - serviços - outros - valor adicionado - preços básicos";"PIB Estadual - serviços - outros - valor adicionado - preços básicos";"Não oculta";"Internet";NA;0;0;NA;NA;"PIBOSE";"Internet";"Regional"
"5989";"PIBAGE";326;26;"Ativa";"IBGE";"Contas Regionais";"PIB Estadual - agropecuária - valor adicionado - preços básicos";"PIB Estadual - agropecuária - valor adicionado - preços básicos";"Não oculta";"Internet";NA;0;0;NA;NA;"PIBAGE";"Internet";"Regional"
"5990";"PIBFE";57;203;"Ativa";"IBGE";"Contas Regionais";"PIB Estadual - serviços - intermediação financeira - valor adicionado - preços básicos";"PIB Estadual - serviços - intermediação financeira - valor adicionado - preços básicos";"Não oculta";"Internet";NA;0;0;NA;NA;"PIBFE";"Internet";"Regional"
"5991";"PIBIEE";113;97;"Ativa";"IBGE";"Contas Regionais";"PIB Estadual - indústria - extrativa mineral - valor adicionado - preços básicos";"PIB Estadual - indústria - extrativa mineral - valor adicionado - preços básicos";"Não oculta";"Internet";NA;0;0;NA;NA;"PIBIEE";"Internet";"Regional"
"5992";"PIBITE";81;134;"Ativa";"IBGE";"Contas Regionais";"PIB Estadual - indústria - transformação - valor adicionado - preços básicos";"PIB Estadual - indústria - transformação - valor adicionado - preços básicos";"Não oculta";"Internet";NA;0;0;NA;NA;"PIBITE";"Internet";"Regional"
"5993";"PIBEGAE";30;386;"Ativa";"IBGE";"Contas Regionais";"PIB Estadual - indústria - serviços de utilidade pública";"PIB Estadual - indústria - serviços de utilidade pública";"Não oculta";"Internet";NA;0;0;NA;NA;"PIBEGAE";"Internet";"Regional"
"5994";"PIBCNE";55;218;"Ativa";"IBGE";"Contas Regionais";"PIB Estadual - indústria - construção - valor adicionado - preços básicos";"PIB Estadual - indústria - construção - valor adicionado - preços básicos";"Não oculta";"Internet";NA;0;0;NA;NA;"PIBCNE";"Internet";"Regional"
"5995";"PIBAAE";54;224;"Ativa";"IBGE";"Contas Regionais";"PIB Estadual - serviços - outros - alojamento e alimentação - valor adicionado - preços básicos";"PIB Estadual - serviços - outros - alojamento e alimentação - valor adicionado - preços básicos";"Não oculta";"Internet";NA;0;0;NA;NA;"PIBAAE";"Internet";"Regional"
"5996";"PIBTAE";22;488;"Ativa";"IBGE";"Contas Regionais";"PIB Estadual - serviços - transportes e comunicações - transportes, armazenagem e correio - valor ad";"PIB Estadual - serviços - transportes e comunicações - transportes, armazenagem e correio - valor adicionado - preços básicos";"Não oculta";"Internet";NA;0;0;NA;NA;"PIBTAE";"Internet";"Regional"
"5997";"PIBCME";30;386;"Ativa";"IBGE";"Contas Regionais";"PIB Estadual - serviços - transportes e comunicações - serviços de informação - valor adicionado - p";"PIB Estadual - serviços - transportes e comunicações - serviços de informação - valor adicionado - preços básicos";"Não oculta";"Internet";NA;0;0;NA;NA;"PIBCME";"Internet";"Regional"
"5998";"PIBSAE";33;353;"Ativa";"IBGE";"Contas Regionais";"PIB Estadual - serviços - outros - saúde e educação mercantis - valor adicionado - preços básicos";"PIB Estadual - serviços - outros - saúde e educação mercantis - valor adicionado - preços básicos";"Não oculta";"Internet";NA;0;0;NA;NA;"PIBSAE";"Internet";"Regional"
"5999";"PIBSCE";25;444;"Ativa";"IBGE";"Contas Regionais";"PIB Estadual - serviços - outros - outros serviços coletivos, sociais e pessoais - valor adicionado ";"PIB Estadual - serviços - outros - outros serviços coletivos, sociais e pessoais - valor adicionado - preços básicos";"Não oculta";"Internet";NA;0;0;NA;NA;"PIBSCE";"Internet";"Regional"
"6000";"PIBSDE";17;594;"Ativa";"IBGE";"Contas Regionais";"PIB Estadual - serviços - outros - serviços domésticos - valor adicionado - preços básicos";"PIB Estadual - serviços - outros - serviços domésticos - valor adicionado - preços básicos";"Não oculta";"Internet";NA;0;0;NA;NA;"PIBSDE";"Internet";"Regional"
"6001";"JPM366_EMBI366";NA;NA;"Ativa";"JP Morgan";"Financeiras";"EMBI + Risco-Brasil";"EMBI+ Risco-Brasil";"Não oculta";"Internet";1;0;0;"Incluída em 11/ago/2003 .";NA;"JPM366";"Internet";"Macro"
"6002";"PIB_IBGE_5938_37";NA;NA;"Ativa";"IBGE";"Contas Regionais";"PIB Municipal - Produto interno bruto a preços correntes";"Produto interno bruto a preços correntes, impostos, líquidos de subsídios, sobre produtos a preços correntes e valor adicionado bruto a preços correntes total e por atividade econômica, e respectivas participações - Referência 2010";"Não oculta";"Internet";1000;0;0;NA;NA;"PIB";"Internet";"Regional"
"6003";"BM12_OPTPCN12";NA;NA;"Ativa";"Bacen/Not. Imp./Moeda";"Moeda e crédito";"M3 - oper. compromissadas com títulos privados - fim período - novo conceito";"M3 - operações compromissadas com títulosprivados - fim período - novo conceito";"Não oculta";"Internet";30;0;0;"Incluida em 24/out/2018.";NA;"BM12";"Internet";"Macro"
"6004";"BM12_OPTPCNY12";NA;NA;"Ativa";"Bacen/Not. Imp./Moeda";"Moeda e crédito";"M3 - oper. compromissadas com títulos privados - fim período - novo conceito";"M3 - operações compromissadas com títulos privados - fim período - novo conceito";"Não oculta";"Internet";30;0;0;"Incluída em 24/out/2018.";"Gerada";"BM12";"Internet";"Macro"
"6005";"FNDE12_FILE";NA;NA;"Inativa";"FNDE";"Finanças públicas";"Salário educação - arrecadação bruta";"Salário educação - arrecadação bruta";"Oculta";"Internet";60;0;0;"Incluída em 27/jun/2003 .";NA;"FNDE12";"Oculta";"Macro"
"6006";"LSPA_QALGT";NA;NA;"Inativa";"IBGE/PAM";"Produção";"Produção - algodão (caroço) - qde.";"Produção de algodão (caroço): quantidade";"Não oculta";"Internet";360;0;1;NA;NA;"LSPA";"Internet";"Macro"
"6007";"LSPA_AALGT";NA;NA;"Inativa";"IBGE/PAM";"Produção";"Área colhida - algodão (caroço)";"Área colhida - algodão (caroço)";"Não oculta";"Internet";360;0;1;NA;NA;"LSPA";"Internet";"Macro"
"6008";"LSPA_VALGT";NA;NA;"Inativa";"IBGE/PAM";"Produção";"Produção - algodão (caroço)";"Produção de algodão (caroço)";"Não oculta";"Internet";360;0;1;NA;NA;"LSPA";"Internet";"Macro"
"6009";"ABATE12_ABPENO12";NA;NA;"Ativa";"IBGE/Coagro";"Produção";"Abate - novilhos - peso das carcaças - qde.";"Abate de novilhos (peso das carcaças): quantidade";"Não oculta";"Internet";180;0;0;NA;NA;"ABATE12";"Internet";"Macro"
"6010";"ABATE12_ABQUNO12";NA;NA;"Ativa";"IBGE/Coagro";"Produção";"Abate - novilhos - qde.";"Abate de novilhos: quantidade";"Não oculta";"Internet";180;0;0;NA;NA;"ABATE12";"Internet";"Macro"
"6011";"ABRACAL_CCALCARIO";NA;NA;"Ativa";"Abracal";"Consumo e vendas";"Consumo aparente - calcário agrícola - qde.";"Consumo aparente de calcário agrícola: quantidade";"Não oculta";"Internet";450;0;0;"Incluída em 20/fev/2008.";NA;"ABRACAL";"Internet";"Macro"
"6012";"ABRACAL_PCALCARIO";NA;NA;"Ativa";"Abracal";"Produção";"Produção - calcário agrícola - qde.";"Produção de calcário agrícola: quantidade";"Não oculta";"Internet";450;0;0;"Incluída em 20/fev/2008.";NA;"ABRACAL";"Internet";"Macro"
"6013";"ANDA12_VFERTILIZ12";NA;NA;"Ativa";"Anda";"Consumo e vendas";"Venda - fertilizantes - qde.";"Venda de fertilizantes: quantidade";"Não oculta";"Internet";60;0;0;"Incluída em 20/fev/2008.";NA;"ANDA12";"Internet";"Macro"
"6014";"ANDA12_PFERTILIZ12";NA;NA;"Ativa";"Anda";"Produção";"Produção- fertilizantes - qde.";"Produção de fertilizantes: quantidade";"Não oculta";"Internet";60;0;0;"Incluída em 20/fev/2008.";NA;"ANDA12";"Internet";"Macro"
"6015";"ANDA12_MFERTILIZ12";NA;NA;"Ativa";"Anda";"Comércio exterior";"Importações - fertilizantes - qde.";"Importações de fertilizantes: quantidade";"Não oculta";"Internet";60;0;0;"Incluída em 20/fev/2008.";NA;"ANDA12";"Internet";"Macro"
"6016";"ANDA_VFERTILIZ";NA;NA;"Ativa";"Anda";"Consumo e vendas";"Venda - fertilizantes - qde.";"Venda de fertilizantes: quantidade";"Não oculta";"Internet";45;0;0;"Incluída em 20/fev/2008.";NA;"ANDA";"Internet";"Macro"
"6017";"ANDA_PFERTILIZ";NA;NA;"Ativa";"Anda";"Produção";"Produção- fertilizantes - qde.";"Produção de fertilizantes: quantidade";"Não oculta";"Internet";45;0;0;"Incluída em 20/fev/2008.";NA;"ANDA";"Internet";"Macro"
"6018";"ANDA_MFERTILIZ";NA;NA;"Ativa";"Anda";"Comércio exterior";"Importações - fertilizantes - qde.";"Importações de fertilizantes: quantidade";"Não oculta";"Internet";45;0;0;"Incluída em 20/fev/2008.";NA;"ANDA";"Internet";"Macro"
"6019";"MME_HIDRAU";NA;NA;"Ativa";"MME";"Produção";"Capacidade instalada - geração de energia elétrica - hidráulica - qde.";"Capacidade instalada de geração de energia elétrica hidráulica do Brasil: quantidade";"Não oculta";"Internet";420;0;1;"Incluída em 05/mar/2008";NA;"MME";"Internet";"Macro"
"6020";"MME_TERMICA";NA;NA;"Ativa";"MME";"Produção";"Capacidade instalada - geração de energia elétrica - térmica - qde.";"Capacidade instalada de geração de energia elétrica térmica do Brasil: quantidade";"Não oculta";"Internet";420;0;1;"Incluída em 05/mar/2008";NA;"MME";"Internet";"Macro"
"6021";"MME_NUCLEAR";NA;NA;"Ativa";"MME";"Produção";"Capacidade instalada - geração de energia elétrica - nuclear - qde.";"Capacidade instalada de geração de energia elétrica nuclear do Brasil: quantidade";"Não oculta";"Internet";420;0;1;"Incluída em 05/mar/2008";NA;"MME";"Internet";"Macro"
"6022";"BM12_SFRT12";NA;NA;"Inativa";"Bacen/Not. Imp./Moeda";"Moeda e crédito";"Operações de crédito dos setores público e privado - rural";"Operações de crédito do sistema financeiro dos setores público e privado - rural";"Não oculta";"Internet";30;0;0;"Incluída em 07/mar/2008.";NA;"BM12";"Internet";"Macro"
"6023";"BM12_SFRAGR12";NA;NA;"Inativa";"Bacen/Not. Imp./Moeda";"Moeda e crédito";"Operações de crédito dos setores público e privado - rural - agricultura";"Operações de crédito do sistema financeiro dos setores público e privado - rural - agricultura";"Não oculta";"Internet";30;0;0;"Incluída em 07/mar/2008.";NA;"BM12";"Internet";"Macro"
"6024";"BM12_SFRPEC12";NA;NA;"Inativa";"Bacen/Not. Imp./Moeda";"Moeda e crédito";"Operações de crédito dos setores público e privado - rural - pecuária";"Operações de crédito do sistema financeiro dos setores público e privado - rural - pecuária";"Não oculta";"Internet";30;0;0;"Incluída em 07/mar/2008.";NA;"BM12";"Internet";"Macro"
"6025";"BM12_SFRPRAGR12";NA;NA;"Inativa";"Bacen/Not. Imp./Moeda";"Moeda e crédito";"Operações de crédito do setor privado - rural - agricultura";"Operações de crédito do sistema financeiro do setor privado - rural - agricultura";"Não oculta";"Internet";30;0;0;"Incluída em 07/mar/2008.";NA;"BM12";"Internet";"Macro"
"6026";"BM12_SFRPRPEC12";NA;NA;"Inativa";"Bacen/Not. Imp./Moeda";"Moeda e crédito";"Operações de crédito do setor privado - rural - pecuária";"Operações de crédito do sistema financeiro do setor privado - rural - pecuária";"Não oculta";"Internet";30;0;0;"Incluída em 07/mar/2008.";NA;"BM12";"Internet";"Macro"
"6027";"BM12_SFRPUBAGR12";NA;NA;"Inativa";"Bacen/Not. Imp./Moeda";"Moeda e crédito";"Operações de crédito do setor público - rural - agricultura";"Operações de crédito do sistema financeiro do setor público - rural - agricultura";"Não oculta";"Internet";30;0;0;"Incluída em 07/mar/2008.";NA;"BM12";"Internet";"Macro"
"6028";"BM12_SFRPUBPEC12";NA;NA;"Inativa";"Bacen/Not. Imp./Moeda";"Moeda e crédito";"Operações de crédito do setor público - rural - pecuária";"Operações de crédito do sistema financeiro do setor público - rural - pecuária";"Não oculta";"Internet";30;0;0;"Incluída em 07/mar/2008.";NA;"BM12";"Internet";"Macro"
"6029";"BM12_SFRCUST12";NA;NA;"Inativa";"Bacen/Not. Imp./Moeda";"Moeda e crédito";"Operações de crédito dos setores público e privado - rural - custeio";"Operações de crédito do sistema financeiro dos setores público e privado - rural - custeio";"Não oculta";"Internet";30;0;0;"Incluída em 07/mar/2008.";NA;"BM12";"Internet";"Macro"
"6030";"BM12_SFRINV12";NA;NA;"Inativa";"Bacen/Not. Imp./Moeda";"Moeda e crédito";"Operações de crédito dos setores público e privado - rural - investimento";"Operações de crédito do sistema financeiro dos setores público e privado - rural - investimento";"Não oculta";"Internet";30;0;0;"Incluída em 07/mar/2008.";NA;"BM12";"Internet";"Macro"
"6031";"BM12_SFRCOM12";NA;NA;"Inativa";"Bacen/Not. Imp./Moeda";"Moeda e crédito";"Operações de crédito dos setores público e privado - rural - comercialização";"Operações de crédito do sistema financeiro dos setores público e privado - rural - comercialização";"Não oculta";"Internet";30;0;0;"Incluída em 07/mar/2008.";NA;"BM12";"Internet";"Macro"
"6032";"TOTRB";NA;NA;"Ativa";"IBGE";"Renda";"Valor Total dos Rendimentos recebidos";"Valor Total dos Rendimentos recebidos";"Não oculta";"Internet";NA;0;0;NA;NA;"TOTRB";"Internet";"Regional"
"6033";"TOTRB_R";NA;NA;"Ativa";"IBGE";"Renda";"Valor Total Rural dos Rendimentos recebidos";"Valor Total Rural dos Rendimentos recebidos";"Não oculta";"Internet";NA;0;0;NA;NA;"TOTRB";"Internet";"Regional"
"6034";"TOTRB_U";NA;NA;"Ativa";"IBGE";"Renda";"Valor Total Urbano dos Rendimentos recebidos";"Valor Total Urbano dos Rendimentos recebidos";"Não oculta";"Internet";NA;0;0;NA;NA;"TOTRB";"Internet";"Regional"
"6035";"S_AGROD";NA;NA;"Ativa";"IBGE";"Emprego";"Despesas com salários nas atividades da agropecuária";"Despesas com salários nas atividades da agropecuária ";"Não oculta";"Internet";NA;0;0;NA;NA;"S";"Internet";"Regional"
"6036";"CO_O";NA;NA;"Ativa";"IBGE";"Emprego";"Despesas com salários nas atividades do comércio";"Despesas com salários nas atividades do comércio ";"Não oculta";"Internet";NA;0;0;NA;NA;"CO";"Internet";"Regional"
"6037";"CN_C";NA;NA;"Ativa";"IBGE";"Emprego";"Despesas com salários nas atividades da indústria extrativa";"Despesas com salários nas atividades da indústria extrativa  ";"Não oculta";"Internet";NA;0;0;NA;NA;"CN";"Internet";"Regional"
"6038";"CN_D";NA;NA;"Ativa";"IBGE";"Emprego";"Despesas com salários nas atividades da indústria de transformação";"Despesas com salários nas atividades da indústria de transformação  ";"Não oculta";"Internet";NA;0;0;NA;NA;"CN";"Internet";"Regional"
"6039";"CN_TOTAL";NA;NA;"Ativa";"IBGE";"Emprego";"Despesas com salários nas atividades da  Indústria Total";"Despesas com salários nas atividades da  Indústria Total  ";"Não oculta";"Internet";NA;0;0;NA;NA;"CN";"Internet";"Regional"
"6040";"CO_TOTAL";NA;NA;"Ativa";"IBGE";"Emprego";"Despesas com salários nas atividades do Comércio Total";"Despesas com salários nas atividades do Comércio Total  ";"Não oculta";"Internet";NA;0;0;NA;NA;"CO";"Internet";"Regional"
"6041";"CS_TOTAL";NA;NA;"Ativa";"IBGE";"Emprego";"Despesas com salários nas atividades do Serviço Total";"Despesas com salários nas atividades do Serviço Total  ";"Não oculta";"Internet";NA;0;0;NA;NA;"CS";"Internet";"Regional"
"6042";"VPRODPIN";NA;NA;"Ativa";"IBGE";"Contas Regionais";"Valor da produção - Indústria - Total";"Valor da produção - Indústria - Total";"Não oculta";"Internet";NA;0;0;NA;NA;"VPRODPIN";"Internet";"Regional"
"6043";"TFMOTRIZ";NA;NA;"Ativa";"IBGE";"Estoque de capital";"Força motriz - Indústria - Total";"Força motriz - Indústria - Total";"Não oculta";"Internet";NA;0;0;NA;NA;"TFMOTRIZ";"Internet";"Regional"
"6044";"AREACOLPERM";NA;NA;"Ativa";"IBGE";"Agropecuária";"Área colhida -  lavoura permanente";"Área colhida -  lavoura permanente";"Não oculta";"Internet";NA;0;0;NA;NA;"AREACOLPERM";"Internet";"Regional"
"6045";"AREACOLTEMP";NA;NA;"Ativa";"IBGE";"Agropecuária";"Área colhida -  lavoura temporária";"Área colhida -  lavoura temporária";"Não oculta";"Internet";NA;0;0;NA;NA;"AREACOLTEMP";"Internet";"Regional"
"6046";"AREACOLTOT";NA;NA;"Ativa";"IBGE";"Agropecuária";"Área colhida -  total";"Área colhida -  total";"Não oculta";"Internet";NA;0;0;NA;NA;"AREACOLTOT";"Internet";"Regional"
"6047";"AREAPLAPERM";NA;NA;"Ativa";"IBGE";"Agropecuária";"Área plantada -  lavoura permanente";"Área plantada -  lavoura permanente";"Não oculta";"Internet";NA;0;0;NA;NA;"AREAPLAPERM";"Internet";"Regional"
"6048";"AREAPLATEMP";NA;NA;"Ativa";"IBGE";"Agropecuária";"Área plantada - lavoura temporária";"Área plantada - lavoura temporária";"Não oculta";"Internet";NA;0;0;NA;NA;"AREAPLATEMP";"Internet";"Regional"
"6049";"AREAPLATOT";NA;NA;"Ativa";"IBGE";"Agropecuária";"Área plantada -  total";"Área plantada -  total";"Não oculta";"Internet";NA;0;0;NA;NA;"AREAPLATOT";"Internet";"Regional"
"6050";"VALPRODPERM";NA;NA;"Ativa";"IBGE";"Agropecuária";"Produção - lavoura permanente";"Produção - lavoura permanente";"Não oculta";"Internet";NA;0;0;NA;NA;"VALPRODPERM";"Internet";"Regional"
"6051";"VALPRODTEMP";NA;NA;"Ativa";"IBGE";"Agropecuária";"Produção - lavoura temporária";"Produção - lavoura temporária";"Não oculta";"Internet";NA;0;0;NA;NA;"VALPRODTEMP";"Internet";"Regional"
"6052";"VALPRODTOT";NA;NA;"Ativa";"IBGE";"Agropecuária";"Produção - total";"Produção - total";"Não oculta";"Internet";NA;0;0;NA;NA;"VALPRODTOT";"Internet";"Regional"
"6053";"AREACOLALGARB";NA;NA;"Ativa";"IBGE";"Agropecuária";"Área colhida -  algodão - arbóreo (caroço)";"Área colhida -  algodão - arbóreo (caroço)";"Não oculta";"Internet";NA;0;0;NA;NA;"AREACOLALGARB";"Internet";"Regional"
"6054";"AREACOLALGHER";NA;NA;"Ativa";"IBGE";"Agropecuária";"Área colhida -  algodão - herbáceo (caroço)";"Área colhida -  algodão - herbáceo (caroço)";"Não oculta";"Internet";NA;0;0;NA;NA;"AREACOLALGHER";"Internet";"Regional"
"6055";"AREACOLAMENDOIM";NA;NA;"Ativa";"IBGE";"Agropecuária";"Área colhida -  amendoim";"Área colhida -  amendoim";"Não oculta";"Internet";NA;0;0;NA;NA;"AREACOLAMENDOIM";"Internet";"Regional"
"6056";"AREACOLARROZ";NA;NA;"Ativa";"IBGE";"Agropecuária";"Área colhida -  arroz";"Área colhida -  arroz";"Não oculta";"Internet";NA;0;0;NA;NA;"AREACOLARROZ";"Internet";"Regional"
"6057";"AREACOLBANANA";NA;NA;"Ativa";"IBGE";"Agropecuária";"Área colhida -  banana";"Área colhida -  banana";"Não oculta";"Internet";NA;0;0;NA;NA;"AREACOLBANANA";"Internet";"Regional"
"6058";"AREACOLBATATA";NA;NA;"Ativa";"IBGE";"Agropecuária";"Área colhida -  batata inglesa";"Área colhida -  batata inglesa";"Não oculta";"Internet";NA;0;0;NA;NA;"AREACOLBATATA";"Internet";"Regional"
"6059";"AREACOLCACAU";NA;NA;"Ativa";"IBGE";"Agropecuária";"Área colhida -  cacau";"Área colhida -  cacau";"Não oculta";"Internet";NA;0;0;NA;NA;"AREACOLCACAU";"Internet";"Regional"
"6060";"AREACOLCAFE";NA;NA;"Ativa";"IBGE";"Agropecuária";"Área colhida -  café";"Área colhida -  café";"Não oculta";"Internet";NA;0;0;NA;NA;"AREACOLCAFE";"Internet";"Regional"
"6061";"AREACOLCANA";NA;NA;"Ativa";"IBGE";"Agropecuária";"Área colhida -  cana-de-açúcar";"Área colhida -  cana-de-açúcar";"Não oculta";"Internet";NA;0;0;NA;NA;"AREACOLCANA";"Internet";"Regional"
"6062";"AREACOLCEBOLA";NA;NA;"Ativa";"IBGE";"Agropecuária";"Área colhida -  cebola";"Área colhida -  cebola";"Não oculta";"Internet";NA;0;0;NA;NA;"AREACOLCEBOLA";"Internet";"Regional"
"6063";"AREACOLFEIJAO";NA;NA;"Ativa";"IBGE";"Agropecuária";"Área colhida -  feijão";"Área colhida -  feijão";"Não oculta";"Internet";NA;0;0;NA;NA;"AREACOLFEIJAO";"Internet";"Regional"
"6064";"AREACOLFUMO";NA;NA;"Ativa";"IBGE";"Agropecuária";"Área colhida -  fumo";"Área colhida -  fumo";"Não oculta";"Internet";NA;0;0;NA;NA;"AREACOLFUMO";"Internet";"Regional"
"6065";"AREACOLLARANJA";NA;NA;"Ativa";"IBGE";"Agropecuária";"Área colhida -  laranja";"Área colhida -  laranja";"Não oculta";"Internet";NA;0;0;NA;NA;"AREACOLLARANJA";"Internet";"Regional"
"6066";"AREACOLMANDIOCA";NA;NA;"Ativa";"IBGE";"Agropecuária";"Área colhida -  mandioca";"Área colhida -  mandioca";"Não oculta";"Internet";NA;0;0;NA;NA;"AREACOLMANDIOCA";"Internet";"Regional"
"6067";"AREACOLMILHO";NA;NA;"Ativa";"IBGE";"Agropecuária";"Área colhida -  milho";"Área colhida -  milho";"Não oculta";"Internet";NA;0;0;NA;NA;"AREACOLMILHO";"Internet";"Regional"
"6068";"AREACOLPIMENTA";NA;NA;"Ativa";"IBGE";"Agropecuária";"Área colhida -  pimenta do reino";"Área colhida -  pimenta do reino";"Não oculta";"Internet";NA;0;0;NA;NA;"AREACOLPIMENTA";"Internet";"Regional"
"6069";"AREACOLSOJA";NA;NA;"Ativa";"IBGE";"Agropecuária";"Área colhida -  soja";"Área colhida -  soja";"Não oculta";"Internet";NA;0;0;NA;NA;"AREACOLSOJA";"Internet";"Regional"
"6070";"AREACOLTOMATE";NA;NA;"Ativa";"IBGE";"Agropecuária";"Área colhida -  tomate";"Área colhida -  tomate";"Não oculta";"Internet";NA;0;0;NA;NA;"AREACOLTOMATE";"Internet";"Regional"
"6071";"AREACOLTRIGO";NA;NA;"Ativa";"IBGE";"Agropecuária";"Área colhida -  trigo";"Área colhida -  trigo";"Não oculta";"Internet";NA;0;0;NA;NA;"AREACOLTRIGO";"Internet";"Regional"
"6072";"AREACOLUVA";NA;NA;"Ativa";"IBGE";"Agropecuária";"Área colhida -  uva";"Área colhida -  uva";"Não oculta";"Internet";NA;0;0;NA;NA;"AREACOLUVA";"Internet";"Regional"
"6073";"QUANTPRODALGARB";NA;NA;"Ativa";"IBGE";"Agropecuária";"Produção -  algodão - arbóreo (caroço)";"Produção -  algodão - arbóreo (caroço)";"Não oculta";"Internet";NA;0;0;NA;NA;"QUANTPRODALGARB";"Internet";"Regional"
"6074";"QUANTPRODALGHER";NA;NA;"Ativa";"IBGE";"Agropecuária";"Produção -  algodão - herbáceo (caroço)";"Produção -  algodão - herbáceo (caroço)";"Não oculta";"Internet";NA;0;0;NA;NA;"QUANTPRODALGHER";"Internet";"Regional"
"6075";"QUANTPRODAMENDOIM";NA;NA;"Ativa";"IBGE";"Agropecuária";"Produção -  amendoim";"Produção -  amendoim";"Não oculta";"Internet";NA;0;0;NA;NA;"QUANTPRODAMENDOIM";"Internet";"Regional"
"6076";"QUANTPRODARROZ";NA;NA;"Ativa";"IBGE";"Agropecuária";"Produção -  arroz";"Produção -  arroz";"Não oculta";"Internet";NA;0;0;NA;NA;"QUANTPRODARROZ";"Internet";"Regional"
"6077";"QUANTPRODBANANA";NA;NA;"Ativa";"IBGE";"Agropecuária";"Produção -  banana";"Produção -  banana";"Não oculta";"Internet";NA;0;0;NA;NA;"QUANTPRODBANANA";"Internet";"Regional"
"6078";"QUANTPRODBATATA";NA;NA;"Ativa";"IBGE";"Agropecuária";"Produção -  batata inglesa";"Produção -  batata inglesa";"Não oculta";"Internet";NA;0;0;NA;NA;"QUANTPRODBATATA";"Internet";"Regional"
"6079";"QUANTPRODCACAU";NA;NA;"Ativa";"IBGE";"Agropecuária";"Produção -  cacau";"Produção -  cacau";"Não oculta";"Internet";NA;0;0;NA;NA;"QUANTPRODCACAU";"Internet";"Regional"
"6080";"QUANTPRODCAFE";NA;NA;"Ativa";"IBGE";"Agropecuária";"Produção -  café";"Produção -  café";"Não oculta";"Internet";NA;0;0;NA;NA;"QUANTPRODCAFE";"Internet";"Regional"
"6081";"QUANTPRODCANA";NA;NA;"Ativa";"IBGE";"Agropecuária";"Produção -  cana-de-açúcar";"Produção -  cana-de-açúcar";"Não oculta";"Internet";NA;0;0;NA;NA;"QUANTPRODCANA";"Internet";"Regional"
"6082";"QUANTPRODCEBOLA";NA;NA;"Ativa";"IBGE";"Agropecuária";"Produção -  cebola";"Produção -  cebola";"Não oculta";"Internet";NA;0;0;NA;NA;"QUANTPRODCEBOLA";"Internet";"Regional"
"6083";"QUANTPRODFEIJAO";NA;NA;"Ativa";"IBGE";"Agropecuária";"Produção -  feijão";"Produção -  feijão";"Não oculta";"Internet";NA;0;0;NA;NA;"QUANTPRODFEIJAO";"Internet";"Regional"
"6084";"QUANTPRODFUMO";NA;NA;"Ativa";"IBGE";"Agropecuária";"Produção -  fumo";"Produção -  fumo";"Não oculta";"Internet";NA;0;0;NA;NA;"QUANTPRODFUMO";"Internet";"Regional"
"6085";"QUANTPRODLARANJA";NA;NA;"Ativa";"IBGE";"Agropecuária";"Produção -  laranja";"Produção -  laranja";"Não oculta";"Internet";NA;0;0;NA;NA;"QUANTPRODLARANJA";"Internet";"Regional"
"6086";"QUANTPRODMANDIOCA";NA;NA;"Ativa";"IBGE";"Agropecuária";"Produção -  mandioca";"Produção -  mandioca";"Não oculta";"Internet";NA;0;0;NA;NA;"QUANTPRODMANDIOCA";"Internet";"Regional"
"6087";"QUANTPRODMILHO";NA;NA;"Ativa";"IBGE";"Agropecuária";"Produção -  milho";"Produção -  milho";"Não oculta";"Internet";NA;0;0;NA;NA;"QUANTPRODMILHO";"Internet";"Regional"
"6088";"QUANTPRODPIMENTA";NA;NA;"Ativa";"IBGE";"Agropecuária";"Produção -  pimenta do reino";"Produção -  pimenta do reino";"Não oculta";"Internet";NA;0;0;NA;NA;"QUANTPRODPIMENTA";"Internet";"Regional"
"6089";"QUANTPRODSOJA";NA;NA;"Ativa";"IBGE";"Agropecuária";"Produção -  soja";"Produção -  soja";"Não oculta";"Internet";NA;0;0;NA;NA;"QUANTPRODSOJA";"Internet";"Regional"
"6090";"QUANTPRODTOMATE";NA;NA;"Ativa";"IBGE";"Agropecuária";"Produção -  tomate";"Produção -  tomate";"Não oculta";"Internet";NA;0;0;NA;NA;"QUANTPRODTOMATE";"Internet";"Regional"
"6091";"QUANTPRODTRIGO";NA;NA;"Ativa";"IBGE";"Agropecuária";"Produção -  trigo";"Produção -  trigo";"Não oculta";"Internet";NA;0;0;NA;NA;"QUANTPRODTRIGO";"Internet";"Regional"
"6092";"QUANTPRODUVA";NA;NA;"Ativa";"IBGE";"Agropecuária";"Produção -  uva";"Produção -  uva";"Não oculta";"Internet";NA;0;0;NA;NA;"QUANTPRODUVA";"Internet";"Regional"
"6093";"VALPRODALGARB";NA;NA;"Ativa";"IBGE";"Agropecuária";"Produção -  algodão - arbóreo (caroço)";"Produção -  algodão - arbóreo (caroço)";"Não oculta";"Internet";NA;0;0;NA;NA;"VALPRODALGARB";"Internet";"Regional"
"6094";"VALPRODALGHER";NA;NA;"Ativa";"IBGE";"Agropecuária";"Produção -  algodão - herbáceo (caroço)";"Produção -  algodão - herbáceo (caroço)";"Não oculta";"Internet";NA;0;0;NA;NA;"VALPRODALGHER";"Internet";"Regional"
"6095";"VALPRODAMENDOIM";NA;NA;"Ativa";"IBGE";"Agropecuária";"Produção -  amendoim";"Produção -  amendoim";"Não oculta";"Internet";NA;0;0;NA;NA;"VALPRODAMENDOIM";"Internet";"Regional"
"6096";"VALPRODARROZ";NA;NA;"Ativa";"IBGE";"Agropecuária";"Produção -  arroz";"Produção -  arroz";"Não oculta";"Internet";NA;0;0;NA;NA;"VALPRODARROZ";"Internet";"Regional"
"6097";"VALPRODBANANA";NA;NA;"Ativa";"IBGE";"Agropecuária";"Produção -  banana";"Produção -  banana";"Não oculta";"Internet";NA;0;0;NA;NA;"VALPRODBANANA";"Internet";"Regional"
"6098";"VALPRODBATATA";NA;NA;"Ativa";"IBGE";"Agropecuária";"Produção -  batata inglesa";"Produção -  batata inglesa";"Não oculta";"Internet";NA;0;0;NA;NA;"VALPRODBATATA";"Internet";"Regional"
"6099";"VALPRODCACAU";NA;NA;"Ativa";"IBGE";"Agropecuária";"Produção -  cacau";"Produção -  cacau";"Não oculta";"Internet";NA;0;0;NA;NA;"VALPRODCACAU";"Internet";"Regional"
"6100";"VALPRODCAFE";NA;NA;"Ativa";"IBGE";"Agropecuária";"Produção -  café";"Produção -  café";"Não oculta";"Internet";NA;0;0;NA;NA;"VALPRODCAFE";"Internet";"Regional"
"6101";"VALPRODCANA";NA;NA;"Ativa";"IBGE";"Agropecuária";"Produção -  cana-de-açúcar";"Produção -  cana-de-açúcar";"Não oculta";"Internet";NA;0;0;NA;NA;"VALPRODCANA";"Internet";"Regional"
"6102";"VALPRODCEBOLA";NA;NA;"Ativa";"IBGE";"Agropecuária";"Produção -  cebola";"Produção -  cebola";"Não oculta";"Internet";NA;0;0;NA;NA;"VALPRODCEBOLA";"Internet";"Regional"
"6103";"VALPRODFEIJAO";NA;NA;"Ativa";"IBGE";"Agropecuária";"Produção -  feijão";"Produção -  feijão";"Não oculta";"Internet";NA;0;0;NA;NA;"VALPRODFEIJAO";"Internet";"Regional"
"6104";"VALPRODFUMO";NA;NA;"Ativa";"IBGE";"Agropecuária";"Produção -  fumo";"Produção -  fumo";"Não oculta";"Internet";NA;0;0;NA;NA;"VALPRODFUMO";"Internet";"Regional"
"6105";"VALPRODLARANJA";NA;NA;"Ativa";"IBGE";"Agropecuária";"Produção -  laranja";"Produção -  laranja";"Não oculta";"Internet";NA;0;0;NA;NA;"VALPRODLARANJA";"Internet";"Regional"
"6106";"VALPRODMANDIOCA";NA;NA;"Ativa";"IBGE";"Agropecuária";"Produção -  mandioca";"Produção -  mandioca";"Não oculta";"Internet";NA;0;0;NA;NA;"VALPRODMANDIOCA";"Internet";"Regional"
"6107";"VALPRODMILHO";NA;NA;"Ativa";"IBGE";"Agropecuária";"Produção -  milho";"Produção -  milho";"Não oculta";"Internet";NA;0;0;NA;NA;"VALPRODMILHO";"Internet";"Regional"
"6108";"VALPRODPIMENTA";NA;NA;"Ativa";"IBGE";"Agropecuária";"Produção -  pimenta do reino";"Produção -  pimenta";"Não oculta";"Internet";NA;0;0;NA;NA;"VALPRODPIMENTA";"Internet";"Regional"
"6109";"VALPRODSOJA";NA;NA;"Ativa";"IBGE";"Agropecuária";"Produção -  soja";"Produção -  soja";"Não oculta";"Internet";NA;0;0;NA;NA;"VALPRODSOJA";"Internet";"Regional"
"6110";"VALPRODTOMATE";NA;NA;"Ativa";"IBGE";"Agropecuária";"Produção -  tomate";"Produção -  tomate";"Não oculta";"Internet";NA;0;0;NA;NA;"VALPRODTOMATE";"Internet";"Regional"
"6111";"VALPRODTRIGO";NA;NA;"Ativa";"IBGE";"Agropecuária";"Produção -  trigo";"Produção -  trigo";"Não oculta";"Internet";NA;0;0;NA;NA;"VALPRODTRIGO";"Internet";"Regional"
"6112";"VALPRODUVA";NA;NA;"Ativa";"IBGE";"Agropecuária";"Produção -  uva";"Produção -  uva";"Não oculta";"Internet";NA;0;0;NA;NA;"VALPRODUVA";"Internet";"Regional"
"6113";"AGROAN12_PPIAGROT12";NA;NA;"Inativa";"FGV/Conj. Econ.";"Preços";"Preço médio - pago pelo produtor - insumos - agrotóxicos - índice (ago. 1994 = 100)";"Índice de preços pagos pelos produtores por insumos - agrotóxicos - índice (ago. 1994 = 100)";"Oculta";"Internet";240;0;0;NA;NA;"AGROAN12";"Oculta";"Macro"
"6114";"AGROAN12_PPIACOMB12";NA;NA;"Inativa";"FGV/Conj. Econ.";"Preços";"Preço médio - pago pelo produtor - insumos - combustíveis - índice (ago. 1994 = 100)";"Índice de preços pagos pelos produtores por insumos - combustíveis - índice (ago. 1994 = 100)";"Oculta";"Internet";240;0;0;NA;NA;"AGROAN12";"Oculta";"Macro"
"6115";"AGROAN12_PPIFERT12";NA;NA;"Inativa";"FGV/Conj. Econ.";"Preços";"Preço médio - pago pelo produtor - insumos - fertilizantes - índice (ago. 1994 = 100)";"Índice de preços pagos pelos produtores por insumos - fertilizantes - índice (ago. 1994 = 100)";"Oculta";"Internet";240;0;0;NA;NA;"AGROAN12";"Oculta";"Macro"
"6116";"AGROAN12_PPIMAO12";NA;NA;"Inativa";"FGV/Conj. Econ.";"Preços";"Preço médio - pago pelo produtor - insumos - mão-de-obra - índice (ago. 1994 = 100)";"Índice de preços pagos pelos produtores por insumos - mão-de-obra - índice (ago. 1994 = 100)";"Oculta";"Internet";240;0;0;NA;NA;"AGROAN12";"Oculta";"Macro"
"6117";"AGROAN12_PPISEMEN12";NA;NA;"Inativa";"FGV/Conj. Econ.";"Preços";"Preço médio - pago pelo produtor - insumos - sementes - índice (ago. 1994 = 100)";"Índice de preços pagos pelos produtores por insumos - sementes - índice (ago. 1994 = 100)";"Oculta";"Internet";240;0;0;NA;NA;"AGROAN12";"Oculta";"Macro"
"6118";"AGROAN12_PPISERV12";NA;NA;"Inativa";"FGV/Conj. Econ.";"Preços";"Preço médio - pago pelo produtor - insumos - serviços - índice (ago. 1994 = 100)";"Índice de preços pagos pelos produtores por insumos- serviços - índice (ago. 1994 = 100)";"Oculta";"Internet";240;0;0;NA;NA;"AGROAN12";"Oculta";"Macro"
"6119";"AGROAN12_IPRAL12";NA;NA;"Inativa";"FGV/Conj. Econ.";"Preços";"Preço médio - recebido pelo produtor - algodão (em caroço) - índice (ago. 1994 = 100)";"Índice de preços recebidos pelos produtores de algodão em caroço - índice (ago. 1994 = 100)";"Oculta";"Internet";210;0;0;"Revisado em 15/mai/2002.";NA;"AGROAN12";"Oculta";"Macro"
"6120";"AGROAN12_IPRAM12";NA;NA;"Inativa";"FGV/Conj. Econ.";"Preços";"Preço médio - recebido pelo produtor - amendoim (em casca) - índice (ago. 1994 = 100)";"Índice de preços recebidos pelos produtores de amendoim em casca - índice (ago. 1994 = 100)";"Oculta";"Internet";210;0;0;"Revisado em 15/mai/2002.";NA;"AGROAN12";"Oculta";"Macro"
"6121";"AGROAN12_IPRARR12";NA;NA;"Inativa";"FGV/Conj. Econ.";"Preços";"Preço médio - recebido pelo produtor - arroz (em casca) - índice (ago. 1994 = 100)";"Índice de preços recebidos pelos produtores de arroz em casca - índice (ago. 1994 = 100)";"Oculta";"Internet";210;0;0;"Revisado em 15/mai/2002.";NA;"AGROAN12";"Oculta";"Macro"
"6122";"AGROAN12_IPRBA12";NA;NA;"Inativa";"FGV/Conj. Econ.";"Preços";"Preço médio - recebido pelo produtor - banana - índice (ago. 1994 = 100)";"Índice de preços recebidos pelos produtores de banana - índice (ago. 1994 = 100)";"Oculta";"Internet";210;0;0;"Revisado em 15/mai/2002.";NA;"AGROAN12";"Oculta";"Macro"
"6123";"AGROAN12_IPRBAT12";NA;NA;"Inativa";"FGV/Conj. Econ.";"Preços";"Preço médio - recebido pelo produtor - batata inglesa - índice (ago. 1994 = 100)";"Índice de preços recebidos pelos produtores de batata inglesa - índice (ago. 1994 = 100)";"Oculta";"Internet";210;0;0;"Revisado em 15/mai/2002.";NA;"AGROAN12";"Oculta";"Macro"
"6124";"AGROAN12_IPRBEZ12";NA;NA;"Inativa";"FGV/Conj. Econ.";"Preços";"Preço médio - recebido pelo produtor - bezerro até 1 ano - índice (ago. 1994 = 100)";"Índice de preços recebidos pelos produtores de bezerro até 1 ano - índice (ago. 1994 = 100)";"Oculta";"Internet";210;0;0;"Revisado em 15/mai/2002.";NA;"AGROAN12";"Oculta";"Macro"
"6125";"AGROAN12_IPRBOIG12";NA;NA;"Inativa";"FGV/Conj. Econ.";"Preços";"Preço médio - recebido pelo produtor - boi gordo (em corte) - índice (ago. 1994 = 100)";"Índice de preços recebidos pelos produtores de boi gordo em corte - índice (ago. 1994 = 100)";"Oculta";"Internet";210;0;0;"Revisado em 15/mai/2002.";NA;"AGROAN12";"Oculta";"Macro"
"6126";"AGROAN12_IPRBOIM12";NA;NA;"Inativa";"FGV/Conj. Econ.";"Preços";"Preço médio - recebido pelo produtor - boi magro - índice (ago. 1994 = 100)";"Índice de preços recebidos pelos produtores de boi magro - índice (ago. 1994 = 100)";"Oculta";"Internet";210;0;0;"Revisado em 15/mai/2002.";NA;"AGROAN12";"Oculta";"Macro"
"6127";"AGROAN12_IPRCA12";NA;NA;"Inativa";"FGV/Conj. Econ.";"Preços";"Preço médio - recebido pelo produtor - cacau - índice (ago. 1994 = 100)";"Índice de preços recebidos pelos produtores de cacau - índice (ago. 1994 = 100)";"Oculta";"Internet";210;0;0;"Revisado em 15/mai/2002.";NA;"AGROAN12";"Oculta";"Macro"
"6128";"AGROAN12_IPRCC12";NA;NA;"Inativa";"FGV/Conj. Econ.";"Preços";"Preço médio - recebido pelo produtor - coco - índice (ago. 1994 = 100)";"Índice de preços recebidos pelos produtores de coco - índice (ago. 1994 = 100)";"Oculta";"Internet";210;0;0;"Revisado em 15/mai/2002.";NA;"AGROAN12";"Oculta";"Macro"
"6129";"AGROAN12_IPRCE12";NA;NA;"Inativa";"FGV/Conj. Econ.";"Preços";"Preço médio - recebido pelo produtor - cebola - índice (ago. 1994 = 100)";"Índice de preços recebidos pelos produtores de cebola - índice (ago. 1994 = 100)";"Oculta";"Internet";210;0;0;"Revisado em 15/mai/2002.";NA;"AGROAN12";"Oculta";"Macro"
"6130";"AGROAN12_IPRCF12";NA;NA;"Inativa";"FGV/Conj. Econ.";"Preços";"Preço médio - recebido pelo produtor - café (em coco) - índice (ago. 1994 = 100)";"Índice de preços recebidos pelos produtores de café em coco - índice (ago. 1994 = 100)";"Não oculta";"Internet";210;0;0;"Revisado em 15/mai/2002.";NA;"AGROAN12";"Internet";"Macro"
"6131";"AGROAN12_IPRCJ12";NA;NA;"Inativa";"FGV/Conj. Econ.";"Preços";"Preço médio - recebido pelo produtor - caju - índice (ago. 1994 = 100)";"Índice de preços recebidos pelos produtores de caju - índice (ago. 1994 = 100)";"Não oculta";"Internet";210;0;0;"Revisado em 15/mai/2002.";NA;"AGROAN12";"Internet";"Macro"
"6132";"AGROAN12_IPRCN12";NA;NA;"Inativa";"FGV/Conj. Econ.";"Preços";"Preço médio - recebido pelo produtor - cana-de-açúcar - índice (ago. 1994 = 100)";"Índice de preços recebidos pelos produtores de cana-de-açúcar - índice (ago. 1994 = 100)";"Oculta";"Internet";210;0;0;"Revisado em 15/mai/2002.";NA;"AGROAN12";"Oculta";"Macro"
"6133";"AGROAN12_IPRFE12";NA;NA;"Inativa";"FGV/Conj. Econ.";"Preços";"Preço médio - recebido pelo produtor - feijão - índice (ago. 1994 = 100)";"Índice de preços recebidos pelos produtores de feijão - índice (ago. 1994 = 100)";"Oculta";"Internet";210;0;0;"Revisado em 15/mai/2002.";NA;"AGROAN12";"Oculta";"Macro"
"6134";"AGROAN12_IPRFRA12";NA;NA;"Inativa";"FGV/Conj. Econ.";"Preços";"Preço médio - recebido pelo produtor - frango (em corte) - índice (ago. 1994 = 100)";"Índice de preços recebidos pelos produtores de frango em corte - índice (ago. 1994 = 100)";"Oculta";"Internet";210;0;0;"Revisado em 15/mai/2002.";NA;"AGROAN12";"Oculta";"Macro"
"6135";"AGROAN12_IPRFU12";NA;NA;"Inativa";"FGV/Conj. Econ.";"Preços";"Preço médio - recebido pelo produtor - fumo (em folha) - índice (ago. 1994 = 100)";"Índice de preços recebidos pelos produtores de fumo em folha - índice (ago. 1994 = 100)";"Oculta";"Internet";210;0;0;"Revisado em 15/mai/2002.";NA;"AGROAN12";"Oculta";"Macro"
"6136";"AGROAN12_IPRJU12";NA;NA;"Inativa";"FGV/Conj. Econ.";"Preços";"Preço médio - recebido pelo produtor - juta - índice (ago. 1994 = 100)";"Índice de preços recebidos pelos produtores de juta - índice (ago. 1994 = 100)";"Não oculta";"Internet";210;0;0;"Revisado em 15/mai/2002.";NA;"AGROAN12";"Internet";"Macro"
"6137";"AGROAN12_IPRLA12";NA;NA;"Inativa";"FGV/Conj. Econ.";"Preços";"Preço médio - recebido pelo produtor - lã - índice (ago. 1994 = 100)";"Índice de preços recebidos pelos produtores de lã - índice (ago. 1994 = 100)";"Não oculta";"Internet";210;0;0;"Revisado em 15/mai/2002.";NA;"AGROAN12";"Internet";"Macro"
"6138";"AGROAN12_IPRLAR12";NA;NA;"Inativa";"FGV/Conj. Econ.";"Preços";"Preço médio - recebido pelo produtor - laranja - índice (ago. 1994 = 100)";"Índice de preços recebidos pelos produtores de laranja - índice (ago. 1994 = 100)";"Oculta";"Internet";210;0;0;"Revisado em 15/mai/2002.";NA;"AGROAN12";"Oculta";"Macro"
"6139";"AGROAN12_IPRLEI12";NA;NA;"Inativa";"FGV/Conj. Econ.";"Preços";"Preço médio - recebido pelo produtor - leite - índice (ago. 1994 = 100)";"Índice de preços recebidos pelos produtores de leite - índice (ago. 1994 = 100)";"Oculta";"Internet";210;0;0;"Revisado em 15/mai/2002.";NA;"AGROAN12";"Oculta";"Macro"
"6140";"AGROAN12_IPRMA12";NA;NA;"Inativa";"FGV/Conj. Econ.";"Preços";"Preço médio - recebido pelo produtor - mandioca - índice (ago. 1994 = 100)";"Índice de preços recebidos pelos produtores de mandioca - índice (ago. 1994 = 100)";"Oculta";"Internet";210;0;0;"Revisado em 15/mai/2002.";NA;"AGROAN12";"Oculta";"Macro"
"6141";"AGROAN12_IPRMEL12";NA;NA;"Inativa";"FGV/Conj. Econ.";"Preços";"Preço médio - recebido pelo produtor - mel de abelha - índice (ago. 1994 = 100)";"Índice de preços recebidos pelos produtores de mel de abelha - índice (ago. 1994 = 100)";"Oculta";"Internet";210;0;0;"Revisado em 15/mai/2002.";NA;"AGROAN12";"Oculta";"Macro"
"6142";"AGROAN12_IPRMI12";NA;NA;"Inativa";"FGV/Conj. Econ.";"Preços";"Preço médio - recebido pelo produtor - milho - índice (ago. 1994 = 100)";"Índice de preços recebidos pelos produtores de milho - índice (ago. 1994 = 100)";"Não oculta";"Intranet";210;0;0;"Revisado em 15/mai/2002.";NA;"AGROAN12";"Intranet";"Macro"
"6143";"AGROAN12_IPRML12";NA;NA;"Inativa";"FGV/Conj. Econ.";"Preços";"Preço médio - recebido pelo produtor - malva - índice (ago. 1994 = 100)";"Índice de preços recebidos pelos produtores de malva - índice (ago. 1994 = 100)";"Oculta";"Internet";210;0;0;"Revisado em 15/mai/2002.";NA;"AGROAN12";"Oculta";"Macro"
"6144";"AGROAN12_IPRMM12";NA;NA;"Inativa";"FGV/Conj. Econ.";"Preços";"Preço médio - recebido pelo produtor - mamona - índice (ago. 1994 = 100)";"Índice de preços recebidos pelos produtores de mamona - índice (ago. 1994 = 100)";"Não oculta";"Internet";210;0;0;"Revisado em 15/mai/2002.";NA;"AGROAN12";"Internet";"Macro"
"6145";"AGROAN12_IPROVO12";NA;NA;"Inativa";"FGV/Conj. Econ.";"Preços";"Preço médio - recebido pelo produtor - ovo - índice (ago. 1994 = 100)";"Índice de preços recebidos pelos produtores de ovo - índice (ago. 1994 = 100)";"Oculta";"Internet";210;0;0;"Revisado em 15/mai/2002.";NA;"AGROAN12";"Oculta";"Macro"
"6146";"AGROAN12_IPRPI12";NA;NA;"Inativa";"FGV/Conj. Econ.";"Preços";"Preço médio - recebido pelo produtor - pimenta do reino - índice (ago. 1994 = 100)";"Índice de preços recebidos pelos produtores de pimenta do reino - índice (ago. 1994 = 100)";"Oculta";"Internet";210;0;0;"Revisado em 15/mai/2002.";NA;"AGROAN12";"Oculta";"Macro"
"6147";"AGROAN12_IPRSI12";NA;NA;"Inativa";"FGV/Conj. Econ.";"Preços";"Preço médio - recebido pelo produtor - sisal - índice (ago. 1994 = 100)";"Índice de preços recebidos pelos produtores de sisal - índice (ago. 1994 = 100)";"Não oculta";"Internet";210;0;0;"Revisado em 15/mai/2002.";NA;"AGROAN12";"Internet";"Macro"
"6148";"AGROAN12_IPRSO12";NA;NA;"Inativa";"FGV/Conj. Econ.";"Preços";"Preço médio - recebido pelo produtor - soja - índice (ago. 1994 = 100)";"Índice de preços recebidos pelos produtores de soja - índice (ago. 1994 = 100)";"Oculta";"Internet";210;0;0;"Revisado em 15/mai/2002.";NA;"AGROAN12";"Oculta";"Macro"
"6149";"AGROAN12_IPRSUI12";NA;NA;"Inativa";"FGV/Conj. Econ.";"Preços";"Preço médio - recebido pelo produtor - suínos (em corte) - índice (ago. 1994 = 100)";"Índice de preços recebidos pelos produtores de suínos em corte - índice (ago. 1994 = 100)";"Oculta";"Internet";210;0;0;"Revisado em 15/mai/2002.";NA;"AGROAN12";"Oculta";"Macro"
"6150";"AGROAN12_IPRTO12";NA;NA;"Inativa";"FGV/Conj. Econ.";"Preços";"Preço médio - recebido pelo produtor - tomate - índice (ago. 1994 = 100)";"Índice de preços recebidos pelos produtores de tomate - índice (ago. 1994 = 100)";"Oculta";"Internet";210;0;0;"Revisado em 15/mai/2002.";NA;"AGROAN12";"Oculta";"Macro"
"6151";"AGROAN12_IPRTR12";NA;NA;"Inativa";"FGV/Conj. Econ.";"Preços";"Preço médio - recebido pelo produtor - trigo - índice (ago. 1994 = 100)";"Índice de preços recebidos pelos produtores de trigo - índice (ago. 1994 = 100)";"Oculta";"Internet";210;0;0;"Revisado em 15/mai/2002.";NA;"AGROAN12";"Oculta";"Macro"
"6152";"AGROAN12_IPRUVA12";NA;NA;"Inativa";"FGV/Conj. Econ.";"Preços";"Preço médio - recebido pelo produtor - uva - índice (ago. 1994 = 100)";"Índice de preços recebidos pelos produtores de uva - índice (ago. 1994 = 100)";"Não oculta";"Internet";210;0;0;"Revisado em 15/mai/2002.";NA;"AGROAN12";"Internet";"Macro"
"6153";"AGROAN12_IPRVAC12";NA;NA;"Inativa";"FGV/Conj. Econ.";"Preços";"Preço médio - recebido pelo produtor - vaca leiteira comum - índice (ago. 1994 = 100)";"Índice de preços recebidos pelos produtores de vaca leiteira comum - índice (ago. 1994 = 100)";"Oculta";"Internet";210;0;0;"Revisado em 15/mai/2002.";NA;"AGROAN12";"Oculta";"Macro"
"6154";"AGROAN12_IPRVAR12";NA;NA;"Inativa";"FGV/Conj. Econ.";"Preços";"Preço médio - recebido pelo produtor - vaca leiteira de raça - índice (ago. 1994 = 100)";"Índice de preços recebidos pelos produtores de vaca leiteira de raça - índice (ago. 1994 = 100)";"Oculta";"Internet";210;0;0;"Revisado em 15/mai/2002.";NA;"AGROAN12";"Oculta";"Macro"
"6155";"IFS4_BEEFB4";NA;NA;"Inativa";"FMI/IFS";"Economia internacional";"Commodities - carne (Australia) - cotação internacional";"Commodities - carne (Australia) - cotação internacional";"Não oculta";"Internet";90;0;0;"Incluída em 05/maio/2008.";NA;"IFS4";"Internet";"Macro"
"6156";"IFS4_BUTTER4";NA;NA;"Inativa";"FMI/IFS";"Economia internacional";"Commodities - manteiga (Nova Zelandia) - cotação internacional";"Commodities - manteiga (Nova Zelandia) - cotação internacional";"Não oculta";"Internet";90;0;0;"Incluída em 05/maio/2008.";NA;"IFS4";"Internet";"Macro"
"6157";"IFS4_COFFEEA4";NA;NA;"Inativa";"FMI/IFS";"Economia internacional";"Commodities - café (New York) - cotação internacional";"Commodities - café (New York) - cotação internacional";"Não oculta";"Internet";90;0;0;"Incluída em 05/maio/2008.";NA;"IFS4";"Internet";"Macro"
"6158";"IFS4_COFFEEB4";NA;NA;"Inativa";"FMI/IFS";"Economia internacional";"Commodities - café (Brasil) - cotação internacional";"Commodities - café (Brasil) - cotação internacional";"Não oculta";"Internet";90;0;0;"Incluída em 05/maio/2008.";NA;"IFS4";"Internet";"Macro"
"6159";"IFS4_COTTON4";NA;NA;"Inativa";"FMI/IFS";"Economia internacional";"Commodities - algodão (Liverpool) - cotação internacional";"Commodities - algodão (Liverpool) - cotação internacional";"Não oculta";"Internet";90;0;0;"Incluída em 05/maio/2008.";NA;"IFS4";"Internet";"Macro"
"6160";"IFS4_MAIZE4";NA;NA;"Inativa";"FMI/IFS";"Economia internacional";"Commodities - milho (Estados Unidos) - cotação internacional";"Commodities - milho (Estados Unidos) - cotação internacional";"Não oculta";"Internet";90;0;0;"Incluída em 05/maio/2008.";NA;"IFS4";"Internet";"Macro"
"6161";"IFS4_ORANGES4";NA;NA;"Inativa";"FMI/IFS";"Economia internacional";"Commodities - laranja - cotação internacional";"Commodities - laranja - cotação internacional";"Não oculta";"Internet";90;0;0;"Incluída em 05/maio/2008.";NA;"IFS4";"Internet";"Macro"
"6162";"IFS4_PEPPER4";NA;NA;"Inativa";"FMI/IFS";"Economia internacional";"Commodities - pimenta (Singapura) - cotação internacional";"Commodities - pimenta (Singapura) - cotação internacional";"Não oculta";"Internet";90;0;0;"Incluída em 05/maio/2008.";NA;"IFS4";"Internet";"Macro"
"6163";"IFS4_PETROLEUM4";NA;NA;"Inativa";"FMI/IFS";"Economia internacional";"Commodities - petróleo - cotação internacional";"Commodities - petróleo - cotação internacional";"Não oculta";"Internet";90;0;0;"Incluída em 05/maio/2008.";NA;"IFS4";"Internet";"Macro"
"6164";"IFS4_POULTRY4";NA;NA;"Inativa";"FMI/IFS";"Economia internacional";"Commodities - aves - cotação internacional";"Commodities - aves - cotação internacional";"Não oculta";"Internet";90;0;0;"Incluída em 05/maio/2008.";NA;"IFS4";"Internet";"Macro"
"6165";"IFS4_RICE4";NA;NA;"Inativa";"FMI/IFS";"Economia internacional";"Commodities - arroz (Bangkok) - cotação internacional";"Commodities - arroz (Bangkok) - cotação internacional";"Não oculta";"Internet";90;0;0;"Incluída em 05/maio/2008.";NA;"IFS4";"Internet";"Macro"
"6166";"IFS4_SUGARA4";NA;NA;"Inativa";"FMI/IFS";"Economia internacional";"Commodities - açúcar - cotação internacional";"Commodities - açúcar - cotação internacional";"Não oculta";"Internet";90;0;0;"Incluída em 05/maio/2008.";NA;"IFS4";"Internet";"Macro"
"6167";"IFS4_SUGARB4";NA;NA;"Inativa";"FMI/IFS";"Economia internacional";"Commodities - açúcar (Caribe) - cotação internacional";"Commodities - açúcar (Caribe) - cotação internacional";"Não oculta";"Internet";90;0;0;"Incluída em 05/maio/2008.";NA;"IFS4";"Internet";"Macro"
"6168";"IFS4_SUNFLOWER4";NA;NA;"Inativa";"FMI/IFS";"Economia internacional";"Commodities - óleo de girassol - cotação internacional";"Commodities - óleo de girassol - cotação internacional";"Não oculta";"Internet";90;0;0;"Incluída em 05/maio/2008.";NA;"IFS4";"Internet";"Macro"
"6169";"IFS4_SWINEMEAT4";NA;NA;"Inativa";"FMI/IFS";"Economia internacional";"Commodities - carne de porco - cotação internacional";"Commodities - carne de porco - cotação internacional";"Não oculta";"Internet";90;0;0;"Incluída em 05/maio/2008.";NA;"IFS4";"Internet";"Macro"
"6170";"IFS4_WHEATA4";NA;NA;"Inativa";"FMI/IFS";"Economia internacional";"Commodities - trigo (Australia)- cotação internacional";"Commodities - trigo (Australia)- cotação internacional";"Não oculta";"Internet";90;0;0;"Incluída em 05/maio/2008.";NA;"IFS4";"Internet";"Macro"
"6171";"IFS4_WHEATB4";NA;NA;"Inativa";"FMI/IFS";"Economia internacional";"Commodities - trigo - cotação internacional";"Commodities - trigo - cotação internacional";"Não oculta";"Internet";90;0;0;"Incluída em 05/maio/2008.";NA;"IFS4";"Internet";"Macro"
"6172";"IFS4_WHEATC4";NA;NA;"Inativa";"FMI/IFS";"Economia internacional";"Commodities - trigo (Argentina)- cotação internacional";"Commodities - trigo (Argentina)- cotação internacional";"Não oculta";"Internet";90;0;0;"Incluída em 05/maio/2008.";NA;"IFS4";"Internet";"Macro"
"6173";"IFS12_BEEFB12";NA;NA;"Inativa";"FMI/IFS";"Economia internacional";"Commodities - carne (Australia) - cotação internacional";"Commodities - carne (Australia) - cotação internacional";"Não oculta";"Internet";60;0;0;"Incluída em 05/maio/2008.";NA;"IFS12";"Internet";"Macro"
"6174";"IFS12_BUTTER12";NA;NA;"Inativa";"FMI/IFS";"Economia internacional";"Commodities - manteiga (Nova Zelandia) - cotação internacional";"Commodities - manteiga (Nova Zelandia) - cotação internacional";"Não oculta";"Internet";60;0;0;"Incluída em 05/maio/2008.";NA;"IFS12";"Internet";"Macro"
"6175";"IFS12_COFFEEA12";NA;NA;"Inativa";"FMI/IFS";"Economia internacional";"Commodities - café (New York) - cotação internacional";"Commodities - café (New York) - cotação internacional";"Não oculta";"Internet";60;0;0;"Incluída em 05/maio/2008.";NA;"IFS12";"Internet";"Macro"
"6176";"IFS12_COFFEEB12";NA;NA;"Inativa";"FMI/IFS";"Economia internacional";"Commodities - café (Brasil) - cotação internacional";"Commodities - café (Brasil) - cotação internacional";"Não oculta";"Internet";60;0;0;"Incluída em 05/maio/2008.";NA;"IFS12";"Internet";"Macro"
"6177";"IFS12_COTTON12";NA;NA;"Inativa";"FMI/IFS";"Economia internacional";"Commodities - algodão (Liverpool) - cotação internacional";"Commodities - algodão (Liverpool) - cotação internacional";"Não oculta";"Internet";60;0;0;"Incluída em 05/maio/2008.";NA;"IFS12";"Internet";"Macro"
"6178";"IFS12_MAIZE12";NA;NA;"Inativa";"FMI/IFS";"Economia internacional";"Commodities - milho (Estados Unidos) - cotação internacional";"Commodities - milho (Estados Unidos) - cotação internacional";"Não oculta";"Internet";60;0;0;"Incluída em 05/maio/2008.";NA;"IFS12";"Internet";"Macro"
"6179";"IFS12_ORANGES12";NA;NA;"Inativa";"FMI/IFS";"Economia internacional";"Commodities - laranja - cotação internacional";"Commodities - laranja - cotação internacional";"Não oculta";"Internet";60;0;0;"Incluída em 05/maio/2008.";NA;"IFS12";"Internet";"Macro"
"6180";"IFS12_PEPPER12";NA;NA;"Inativa";"FMI/IFS";"Economia internacional";"Commodities - pimenta (Singapura) - cotação internacional";"Commodities - pimenta (Singapura) - cotação internacional";"Não oculta";"Internet";60;0;0;"Incluída em 05/maio/2008.";NA;"IFS12";"Internet";"Macro"
"6181";"IFS12_PETROLEUM12";NA;NA;"Inativa";"FMI/IFS";"Economia internacional";"Commodities - petróleo - cotação internacional";"Commodities - petróleo - cotação internacional";"Não oculta";"Internet";60;0;0;"Incluída em 05/maio/2008.";NA;"IFS12";"Internet";"Macro"
"6182";"IFS12_POULTRY12";NA;NA;"Inativa";"FMI/IFS";"Economia internacional";"Commodities - aves - cotação internacional";"Commodities - aves - cotação internacional";"Não oculta";"Internet";60;0;0;"Incluída em 05/maio/2008.";NA;"IFS12";"Internet";"Macro"
"6183";"IFS12_RICE12";NA;NA;"Inativa";"FMI/IFS";"Economia internacional";"Commodities - arroz (Bangkok) - cotação internacional";"Commodities - arroz (Bangkok) - cotação internacional";"Não oculta";"Internet";60;0;0;"Incluída em 05/maio/2008.";NA;"IFS12";"Internet";"Macro"
"6184";"IFS12_SUGARA12";NA;NA;"Inativa";"FMI/IFS";"Economia internacional";"Commodities - açúcar - cotação internacional";"Commodities - açúcar - cotação internacional";"Não oculta";"Internet";60;0;0;"Incluída em 05/maio/2008.";NA;"IFS12";"Internet";"Macro"
"6185";"IFS12_SUGARB12";NA;NA;"Inativa";"FMI/IFS";"Economia internacional";"Commodities - açúcar (Caribe) - cotação internacional";"Commodities - açúcar (Caribe) - cotação internacional";"Não oculta";"Internet";60;0;0;"Incluída em 05/maio/2008.";NA;"IFS12";"Internet";"Macro"
"6186";"IFS12_SUNFLOWER12";NA;NA;"Inativa";"FMI/IFS";"Economia internacional";"Commodities - óleo de girassol - cotação internacional";"Commodities - óleo de girassol - cotação internacional";"Não oculta";"Internet";60;0;0;"Incluída em 05/maio/2008.";NA;"IFS12";"Internet";"Macro"
"6187";"IFS12_SWINEMEAT12";NA;NA;"Inativa";"FMI/IFS";"Economia internacional";"Commodities - carne de porco - cotação internacional";"Commodities - carne de porco - cotação internacional";"Não oculta";"Internet";60;0;0;"Incluída em 05/maio/2008.";NA;"IFS12";"Internet";"Macro"
"6188";"IFS12_WHEATA12";NA;NA;"Inativa";"FMI/IFS";"Economia internacional";"Commodities - trigo (Australia)- cotação internacional";"Commodities - trigo (Australia)- cotação internacional";"Não oculta";"Internet";60;0;0;"Incluída em 05/maio/2008.";NA;"IFS12";"Internet";"Macro"
"6189";"IFS12_WHEATB12";NA;NA;"Inativa";"FMI/IFS";"Economia internacional";"Commodities - trigo - cotação internacional";"Commodities - trigo - cotação internacional";"Não oculta";"Internet";60;0;0;"Incluída em 05/maio/2008.";NA;"IFS12";"Internet";"Macro"
"6190";"IFS12_WHEATC12";NA;NA;"Inativa";"FMI/IFS";"Economia internacional";"Commodities - trigo (Argentina)- cotação internacional";"Commodities - trigo (Argentina)- cotação internacional";"Não oculta";"Internet";60;0;0;"Incluída em 05/maio/2008.";NA;"IFS12";"Internet";"Macro"
"6191";"IFS_BEEFB";NA;NA;"Inativa";"FMI/IFS";"Economia internacional";"Commodities - carne (Australia) - cotação internacional";"Commodities - carne (Australia) - cotação internacional";"Não oculta";"Internet";360;0;0;"Incluída em 05/maio/2008.";NA;"IFS";"Internet";"Macro"
"6192";"IFS_BUTTER";NA;NA;"Inativa";"FMI/IFS";"Economia internacional";"Commodities - manteiga (Nova Zelandia) - cotação internacional";"Commodities - manteiga (Nova Zelandia) - cotação internacional";"Não oculta";"Internet";360;0;0;"Incluída em 05/maio/2008.";NA;"IFS";"Internet";"Macro"
"6193";"IFS_COFFEEA";NA;NA;"Inativa";"FMI/IFS";"Economia internacional";"Commodities - café (New York) - cotação internacional";"Commodities - café (New York) - cotação internacional";"Não oculta";"Internet";360;0;0;"Incluída em 05/maio/2008.";NA;"IFS";"Internet";"Macro"
"6194";"IFS_COFFEEB";NA;NA;"Inativa";"FMI/IFS";"Economia internacional";"Commodities - café (Brasil) - cotação internacional";"Commodities - café (Brasil) - cotação internacional";"Não oculta";"Internet";360;0;0;"Incluída em 05/maio/2008.";NA;"IFS";"Internet";"Macro"
"6195";"IFS_COTTON";NA;NA;"Inativa";"FMI/IFS";"Economia internacional";"Commodities - algodão (Liverpool) - cotação internacional";"Commodities - algodão (Liverpool) - cotação internacional";"Não oculta";"Internet";360;0;0;"Incluída em 05/maio/2008.";NA;"IFS";"Internet";"Macro"
"6196";"IFS_MAIZE";NA;NA;"Inativa";"FMI/IFS";"Economia internacional";"Commodities - milho (Estados Unidos) - cotação internacional";"Commodities - milho (Estados Unidos) - cotação internacional";"Não oculta";"Internet";360;0;0;"Incluída em 05/maio/2008.";NA;"IFS";"Internet";"Macro"
"6197";"IFS_ORANGES";NA;NA;"Inativa";"FMI/IFS";"Economia internacional";"Commodities - laranja - cotação internacional";"Commodities - laranja - cotação internacional";"Não oculta";"Internet";360;0;0;"Incluída em 05/maio/2008.";NA;"IFS";"Internet";"Macro"
"6198";"IFS_PEPPER";NA;NA;"Inativa";"FMI/IFS";"Economia internacional";"Commodities - pimenta (Singapura) - cotação internacional";"Commodities - pimenta (Singapura) - cotação internacional";"Não oculta";"Internet";360;0;0;"Incluída em 05/maio/2008.";NA;"IFS";"Internet";"Macro"
"6199";"IFS_PETROLEUM";NA;NA;"Inativa";"FMI/IFS";"Economia internacional";"Commodities - petróleo - cotação internacional";"Commodities - petróleo - cotação internacional";"Não oculta";"Internet";360;0;0;"Incluída em 05/maio/2008.";NA;"IFS";"Internet";"Macro"
"6200";"IFS_POULTRY";NA;NA;"Inativa";"FMI/IFS";"Economia internacional";"Commodities - aves - cotação internacional";"Commodities - aves - cotação internacional";"Não oculta";"Internet";360;0;0;"Incluída em 05/maio/2008.";NA;"IFS";"Internet";"Macro"
"6201";"IFS_RICE";NA;NA;"Inativa";"FMI/IFS";"Economia internacional";"Commodities - arroz (Bangkok) - cotação internacional";"Commodities - arroz (Bangkok) - cotação internacional";"Não oculta";"Internet";360;0;0;"Incluída em 05/maio/2008.";NA;"IFS";"Internet";"Macro"
"6202";"IFS_SUGARA";NA;NA;"Inativa";"FMI/IFS";"Economia internacional";"Commodities - açúcar - cotação internacional";"Commodities - açúcar - cotação internacional";"Não oculta";"Internet";360;0;0;"Incluída em 05/maio/2008.";NA;"IFS";"Internet";"Macro"
"6203";"IFS_SUGARB";NA;NA;"Inativa";"FMI/IFS";"Economia internacional";"Commodities - açúcar (Caribe) - cotação internacional";"Commodities - açúcar (Caribe) - cotação internacional";"Não oculta";"Internet";360;0;0;"Incluída em 05/maio/2008.";NA;"IFS";"Internet";"Macro"
"6204";"IFS_SUNFLOWER";NA;NA;"Inativa";"FMI/IFS";"Economia internacional";"Commodities - óleo de girassol - cotação internacional";"Commodities - óleo de girassol - cotação internacional";"Não oculta";"Internet";360;0;0;"Incluída em 05/maio/2008.";NA;"IFS";"Internet";"Macro"
"6205";"IFS_SWINEMEAT";NA;NA;"Inativa";"FMI/IFS";"Economia internacional";"Commodities - carne de porco - cotação internacional";"Commodities - carne de porco - cotação internacional";"Não oculta";"Internet";360;0;0;"Incluída em 05/maio/2008.";NA;"IFS";"Internet";"Macro"
"6206";"IFS_WHEATA";NA;NA;"Inativa";"FMI/IFS";"Economia internacional";"Commodities - trigo (Australia)- cotação internacional";"Commodities - trigo (Australia)- cotação internacional";"Não oculta";"Internet";360;0;0;"Incluída em 05/maio/2008.";NA;"IFS";"Internet";"Macro"
"6207";"IFS_WHEATB";NA;NA;"Inativa";"FMI/IFS";"Economia internacional";"Commodities - trigo - cotação internacional";"Commodities - trigo - cotação internacional";"Não oculta";"Internet";360;0;0;"Incluída em 05/maio/2008.";NA;"IFS";"Internet";"Macro"
"6208";"IFS_WHEATC";NA;NA;"Inativa";"FMI/IFS";"Economia internacional";"Commodities - trigo (Argentina)- cotação internacional";"Commodities - trigo (Argentina)- cotação internacional";"Não oculta";"Internet";360;0;0;"Incluída em 05/maio/2008.";NA;"IFS";"Internet";"Macro"
"6209";"HIST_SALARMTR";NA;NA;"Inativa";"Outras fontes";"Salário e renda";"Salário de artesão - mestre-pedreiro - BA";"Salário de artesão na Bahia - mestre-pedreiro";"Não oculta";"Internet";360;0;1;"Incluída em 28/maio/2008";NA;"HIST";"Internet";"Macro"
"6210";"HIST_SALARPET";NA;NA;"Inativa";"Outras fontes";"Salário e renda";"Salário de artesão - pedreiro - BA";"Salário de artesão na Bahia - pedreiro";"Não oculta";"Internet";360;0;1;"Incluída em 28/maio/2008";NA;"HIST";"Internet";"Macro"
"6211";"HIST_SALARMCARP";NA;NA;"Inativa";"Outras fontes";"Salário e renda";"Salário de artesão - mestre-carpinteiro - BA";"Salário de artesão na Bahia - mestre-carpinteiro";"Não oculta";"Internet";360;0;1;"Incluída em 28/maio/2008";NA;"HIST";"Internet";"Macro"
"6212";"HIST_SALARCARP";NA;NA;"Inativa";"Outras fontes";"Salário e renda";"Salário de artesão - carpinteiro - BA";"Salário de artesão na Bahia - carpinteiro";"Não oculta";"Internet";360;0;1;"Incluída em 28/maio/2008";NA;"HIST";"Internet";"Macro"
"6213";"HIST_SALJORH";NA;NA;"Inativa";"Outras fontes";"Salário e renda";"Salário de artesão - jornaleiro - escravo - homem - BA";"Salário de artesão na Bahia - jornaleiro - escravo - homem";"Não oculta";"Internet";360;0;1;"Incluída em 28/maio/2008";NA;"HIST";"Internet";"Macro"
"6214";"HIST_SALPROFLIC";NA;NA;"Inativa";"Outras fontes";"Salário e renda";"Salário de professor - liceu - BA";"Salários dos empregados provinciais do ensino público primário e secundário na Bahia - liceu";"Não oculta";"Internet";360;0;1;"Incluída em 28/maio/2008";NA;"HIST";"Internet";"Macro"
"6215";"HIST_SALPROFNOR";NA;NA;"Inativa";"Outras fontes";"Salário e renda";"Salário de professor - escola normal - BA";"Salários dos empregados provinciais do ensino público primário e secundário na Bahia - escola normal";"Não oculta";"Internet";360;0;1;"Incluída em 28/maio/2008";NA;"HIST";"Internet";"Macro"
"6216";"HIST_SALPROFSEC";NA;NA;"Inativa";"Outras fontes";"Salário e renda";"Salário de professor - escola secundária - BA";"Salários dos empregados provinciais do ensino público primário e secundário na Bahia - escola secundária";"Não oculta";"Internet";360;0;1;"Incluída em 28/maio/2008";NA;"HIST";"Internet";"Macro"
"6217";"HIST_SALPROFPRIM";NA;NA;"Inativa";"Outras fontes";"Salário e renda";"Salário de professor - escola primária - BA";"Salários dos empregados provinciais do ensino público primário e secundário na Bahia - escola primária";"Não oculta";"Internet";360;0;1;"Incluída em 28/maio/2008";NA;"HIST";"Internet";"Macro"
"6218";"HIST_MDQBC";NA;NA;"Inativa";"Outras fontes";"Comércio exterior";"Importações - bens de consumo - quantum - índice (média 1939 = 100)";"Importações - bens de consumo - quantum - índice (média 1939 = 100)";"Não oculta";"Internet";90;0;1;"Incluída em 02/jun/2008.";NA;"HIST";"Internet";"Macro"
"6219";"HIST_MDQCOMB";NA;NA;"Inativa";"Outras fontes";"Comércio exterior";"Importações - combustíveis - quantum - índice (média 1939 = 100)";"Importações - combustíveis - quantum - índice (média 1939 = 100)";"Não oculta";"Internet";90;0;1;"Incluída em 02/jun/2008.";NA;"HIST";"Internet";"Macro"
"6220";"HIST_MDQMP";NA;NA;"Inativa";"Outras fontes";"Comércio exterior";"Importações - matéria prima - quantum - índice (média 1939 = 100)";"Importações - matéria prima - quantum - índice (média 1939 = 100)";"Não oculta";"Internet";90;0;1;"Incluída em 02/jun/2008.";NA;"HIST";"Internet";"Macro"
"6221";"HIST_MDQBKI";NA;NA;"Inativa";"Outras fontes";"Comércio exterior";"Importações - bens de capital para indústria - quantum - índice (média 1939 = 100)";"Importações - bens de capital para indústria - quantum - índice (média 1939 = 100)";"Não oculta";"Internet";90;0;1;"Incluída em 02/jun/2008.";NA;"HIST";"Internet";"Macro"
"6222";"PPM_QLEITE";NA;NA;"Ativa";"IBGE/PPM";"Produção";"Produção - leite - qde.";"Produção de leite: quantidade";"Não oculta";"Internet";360;0;1;"Incluída em 03/jun/2008";NA;"PPM";"Internet";"Macro"
"6223";"PPM_VLEITE";NA;NA;"Ativa";"IBGE/PPM";"Produção";"Produção - leite";"Produção de leite";"Não oculta";"Internet";360;0;1;"Incluída em 03/jun/2008";NA;"PPM";"Internet";"Macro"
"6224";"PPM_OVOS";NA;NA;"Ativa";"IBGE/PPM";"Produção";"Produção - ovos - qde.";"Produção de ovos: quantidade";"Não oculta";"Internet";360;0;1;"Incluída em 03/jun/2008";NA;"PPM";"Internet";"Macro"
"6225";"PPM_VOVOS";NA;NA;"Ativa";"IBGE/PPM";"Produção";"Produção - ovos";"Produção de ovos";"Não oculta";"Internet";360;0;1;"Incluída em 03/jun/2008";NA;"PPM";"Internet";"Macro"
"6226";"PPM_QMEL";NA;NA;"Ativa";"IBGE/PPM";"Produção";"Produção - mel de abelha - qde.";"Produção de mel de abelha: quantidade";"Não oculta";"Internet";360;0;1;"Incluída em 03/jun/2008";NA;"PPM";"Internet";"Macro"
"6227";"PPM_VMEL";NA;NA;"Ativa";"IBGE/PPM";"Produção";"Produção - mel de abelha";"Produção de mel de abelha";"Não oculta";"Internet";360;0;1;"Incluída em 03/jun/2008";NA;"PPM";"Internet";"Macro"
"6228";"HIST_DCCFED";NA;NA;"Inativa";"IPEA";"Finanças públicas";"Despesa corrente - consumo - gov. federal";"Despesa corrente do governo federal com consumo";"Não oculta";"Internet";360;0;0;"Incluída em 20/junho/2008";NA;"HIST";"Internet";"Macro"
"6229";"HIST_DCCPFED";NA;NA;"Inativa";"IPEA";"Finanças públicas";"Despesa corrente - consumo - pessoal - gov. federal";"Despesa corrente do governo federal com consumo - pessoal";"Não oculta";"Internet";360;0;0;"Incluída em 20/junho/2008";NA;"HIST";"Internet";"Macro"
"6230";"HIST_DCCOPFED";NA;NA;"Inativa";"IPEA";"Finanças públicas";"Despesa corrente - consumo - obrigações patronais - gov. federal";"Despesa corrente do governo federal com consumo - obrigações patronais";"Não oculta";"Internet";360;0;0;"Incluída em 20/junho/2008";NA;"HIST";"Internet";"Macro"
"6231";"HIST_DCCOCFED";NA;NA;"Inativa";"IPEA";"Finanças públicas";"Despesa corrente - consumo - outras compras - gov. federal";"Despesa corrente do governo federal com consumo -  outras compras";"Não oculta";"Internet";360;0;0;"Incluída em 20/junho/2008";NA;"HIST";"Internet";"Macro"
"6232";"HIST_DCTRFED";NA;NA;"Inativa";"IPEA";"Finanças públicas";"Despesa corrente - transferências para consumidores - gov. federal";"Despesa corrente do governo federal - transferências para consumidores";"Não oculta";"Internet";360;0;0;"Incluída em 20/junho/2008";NA;"HIST";"Internet";"Macro"
"6233";"HIST_DCTRPREVFED";NA;NA;"Inativa";"IPEA";"Finanças públicas";"Despesa corrente - transferências para consumidores - assistência à previdência - gov. federal";"Despesa corrente do governo federal - transferências para consumidores - assistência à previdência";"Não oculta";"Internet";360;0;0;"Incluída em 20/junho/2008";NA;"HIST";"Internet";"Macro"
"6234";"HIST_DCTRJURFED";NA;NA;"Inativa";"IPEA";"Finanças públicas";"Despesa corrente - transferências para consumidores - juros da dívida interna - gov. federal";"Despesa corrente do governo federal - transferências para consumidores - juros da dívida interna";"Não oculta";"Internet";360;0;0;"Incluída em 20/junho/2008";NA;"HIST";"Internet";"Macro"
"6235";"HIST_DCTRCORRFED";NA;NA;"Inativa";"IPEA";"Finanças públicas";"Despesa corrente - transferências para consumidores - correção monetária - gov. federal";"Despesa corrente do governo federal - transferências para consumidores - correção monetária";"Não oculta";"Internet";360;0;0;"Incluída em 20/junho/2008";NA;"HIST";"Internet";"Macro"
"6236";"HIST_DCSUBFED";NA;NA;"Inativa";"IPEA";"Finanças públicas";"Despesa corrente - subsídios - gov. federal";"Despesa corrente do governo federal com subsídios";"Não oculta";"Internet";360;0;0;"Incluída em 20/junho/2008";NA;"HIST";"Internet";"Macro"
"6237";"HIST_DCSUBGNFFED";NA;NA;"Inativa";"IPEA";"Finanças públicas";"Despesa corrente - subsídios - emp. gov. não financeiras - gov. federal";"Despesa corrente do governo federal com subsídios para empresas governamentais não financeiras";"Não oculta";"Internet";360;0;0;"Incluída em 20/junho/2008";NA;"HIST";"Internet";"Macro"
"6238";"HIST_DCSUBPNFFED";NA;NA;"Inativa";"IPEA";"Finanças públicas";"Despesa corrente - subsídios - emp. priv. não financeiras - gov. federal";"Despesa corrente do governo federal com subsídios para empresas privadas não financeiras";"Não oculta";"Internet";360;0;0;"Incluída em 20/junho/2008";NA;"HIST";"Internet";"Macro"
"6239";"HIST_DCSUBGFFED";NA;NA;"Inativa";"IPEA";"Finanças públicas";"Despesa corrente - subsídios - emp. gov. financeiras - gov. federal";"Despesa corrente do governo federal com subsídios para empresas governamentais financeiras";"Não oculta";"Internet";360;0;0;"Incluída em 20/junho/2008";NA;"HIST";"Internet";"Macro"
"6240";"HIST_POPCCFED";NA;NA;"Inativa";"IPEA";"Finanças públicas";"Poupança - conta corrente - governo federal";"Poupança - conta corrente - governo federal";"Não oculta";"Internet";360;0;0;"Incluída em 20/junho/2008";NA;"HIST";"Internet";"Macro"
"6241";"HIST_RCUTFED";NA;NA;"Inativa";"IPEA";"Finanças públicas";"Receita corrente - utilização - governo federal";"Utilização da receita corrente do governo federal";"Não oculta";"Internet";360;0;0;"Incluída em 20/junho/2008";NA;"HIST";"Internet";"Macro"
"6242";"HIST_RCTRIFED";NA;NA;"Inativa";"IPEA";"Finanças públicas";"Receita corrente - tributos - governo federal";"Receita corrente do governo federal - tributos";"Não oculta";"Internet";360;0;0;"Incluída em 20/junho/2008";NA;"HIST";"Internet";"Macro"
"6243";"HIST_RCTRIDFED";NA;NA;"Inativa";"IPEA";"Finanças públicas";"Receita corrente - tributos diretos - governo federal";"Receita corrente do governo federal - tributos diretos";"Não oculta";"Internet";360;0;0;"Incluída em 20/junho/2008";NA;"HIST";"Internet";"Macro"
"6244";"HIST_RCTRIIFED";NA;NA;"Inativa";"IPEA";"Finanças públicas";"Receita corrente - tributos indiretos - governo federal";"Receita corrente do governo federal - tributos indiretos";"Não oculta";"Internet";360;0;0;"Incluída em 20/junho/2008";NA;"HIST";"Internet";"Macro"
"6245";"HIST_RCOUTBFED";NA;NA;"Inativa";"IPEA";"Finanças públicas";"Receita corrente - outras (brutas) - governo federal";"Outras receitas correntes do governo federal";"Não oculta";"Internet";360;0;0;"Incluída em 20/junho/2008";NA;"HIST";"Internet";"Macro"
"6246";"HIST_DCOUFED";NA;NA;"Inativa";"IPEA";"Finanças públicas";"Despesa corrente - outras (brutas) - gov. federal";"Outras despesas correntes do governo federal";"Não oculta";"Internet";360;0;0;"Incluída em 20/junho/2008";NA;"HIST";"Internet";"Macro"
"6247";"HIST_DCOTREFED";NA;NA;"Inativa";"IPEA";"Finanças públicas";"Despesa corrente - outras (brutas) - transferências intergovernamentais - gov. federal";"Outras despesas correntes do governo federal - transferências intergovernamentais";"Não oculta";"Internet";360;0;0;"Incluída em 20/junho/2008";NA;"HIST";"Internet";"Macro"
"6248";"HIST_DCOTRIFED";NA;NA;"Inativa";"IPEA";"Finanças públicas";"Despesa corrente - outras (brutas) - transferências intragovernamentais - gov. federal";"Outras despesas correntes do governo federal - transferências intragovernamentais";"Não oculta";"Internet";360;0;0;"Incluída em 20/junho/2008";NA;"HIST";"Internet";"Macro"
"6249";"HIST_DCOTRGFFED";NA;NA;"Inativa";"IPEA";"Finanças públicas";"Despesa corrente - outras (brutas) - transferências - emp. gov. financeiras - gov. federal";"Outras despesas correntes do governo federal - transferências para empresas governamentais financeiras";"Não oculta";"Internet";360;0;0;"Incluída em 20/junho/2008";NA;"HIST";"Internet";"Macro"
"6250";"HIST_DCOTRGNFFED";NA;NA;"Inativa";"IPEA";"Finanças públicas";"Despesa corrente - outras (brutas) - transferências - emp. gov. não financeiras - gov. federal";"Outras despesas correntes do governo federal - transferências para empresas governamentais não financeiras";"Não oculta";"Internet";360;0;0;"Incluída em 20/junho/2008";NA;"HIST";"Internet";"Macro"
"6251";"HIST_DCOTRSPFED";NA;NA;"Inativa";"IPEA";"Finanças públicas";"Despesa corrente - outras (brutas) - transferências ao setor privado - gov. federal";"Outras despesas correntes do governo federal - transferências ao setor privado";"Não oculta";"Internet";360;0;0;"Incluída em 20/junho/2008";NA;"HIST";"Internet";"Macro"
"6252";"HIST_DCOJURFED";NA;NA;"Inativa";"IPEA";"Finanças públicas";"Despesa corrente - outras (brutas) - juros da dívida externa - gov. federal";"Outras despesas correntes do governo federal - juros da dívida externa";"Não oculta";"Internet";360;0;0;"Incluída em 20/junho/2008";NA;"HIST";"Internet";"Macro"
"6253";"HIST_DCOTRINTFED";NA;NA;"Inativa";"IPEA";"Finanças públicas";"Despesa corrente - outras (brutas) - transferências - entidades internacionais - gov. federal";"Outras despesas correntes do governo federal - transferências para  entidades internacionais";"Não oculta";"Internet";360;0;0;"Incluída em 20/junho/2008";NA;"HIST";"Internet";"Macro"
"6254";"HIST_DCOTRNCFED";NA;NA;"Inativa";"IPEA";"Finanças públicas";"Despesa corrente - outras (brutas) - transferências não classificadas - gov. federal";"Outras despesas correntes do governo federal - transferências não classificadas";"Não oculta";"Internet";360;0;0;"Incluída em 20/junho/2008";NA;"HIST";"Internet";"Macro"
"6255";"HIST_DKFSFED";NA;NA;"Inativa";"IPEA";"Finanças públicas";"Despesa capital - fora do sistema - gov. federal";"Despesa de capital fora do sistema - governo federal";"Não oculta";"Internet";360;0;0;"Incluída em 20/junho/2008";NA;"HIST";"Internet";"Macro"
"6256";"HIST_DKFSPPNFFED";NA;NA;"Inativa";"IPEA";"Finanças públicas";"Despesa capital - fora do sistema - partic. financeira - emp. priv. não financeiras - gov. federal";"Despesa de capital fora do sistema - participação financeira em empresas privadas não financeiras - governo federal";"Não oculta";"Internet";360;0;0;"Incluída em 20/junho/2008";NA;"HIST";"Internet";"Macro"
"6257";"HIST_DKFSPGNFFED";NA;NA;"Inativa";"IPEA";"Finanças públicas";"Despesa capital - fora do sistema - partic. financeira - emp. gov. não financeiras - gov. federal";"Despesa de capital fora do sistema - participação financeira em empresas governamentais não financeiras - governo federal";"Não oculta";"Internet";360;0;0;"Incluída em 20/junho/2008";NA;"HIST";"Internet";"Macro"
"6258";"HIST_DKFSPGFFED";NA;NA;"Inativa";"IPEA";"Finanças públicas";"Despesa capital - fora do sistema - partic. financeira - emp. gov. financeiras - gov. federal";"Despesa de capital fora do sistema - participação financeira em empresas governamentais financeiras - governo federal";"Não oculta";"Internet";360;0;0;"Incluída em 20/junho/2008";NA;"HIST";"Internet";"Macro"
"6259";"HIST_DKFSPFED";NA;NA;"Inativa";"IPEA";"Finanças públicas";"Despesa capital - fora do sistema - partic. em outras emp. - gov. federal";"Despesa de capital fora do sistema - participação em outras empresas - governo federal";"Não oculta";"Internet";360;0;0;"Incluída em 20/junho/2008";NA;"HIST";"Internet";"Macro"
"6260";"HIST_DKFSIMFED";NA;NA;"Inativa";"IPEA";"Finanças públicas";"Despesa capital - fora do sistema - aquisição de imóveis - gov. federal";"Despesa de capital fora do sistema - aquisição de imóveis - governo federal";"Não oculta";"Internet";360;0;0;"Incluída em 20/junho/2008";NA;"HIST";"Internet";"Macro"
"6261";"HIST_DKFSEFED";NA;NA;"Inativa";"IPEA";"Finanças públicas";"Despesa capital - fora do sistema - concessão de empréstimos - gov. federal";"Despesa de capital fora do sistema - concessão de empréstimos - governo federal";"Não oculta";"Internet";360;0;0;"Incluída em 20/junho/2008";NA;"HIST";"Internet";"Macro"
"6262";"HIST_DKFOUTFED";NA;NA;"Inativa";"IPEA";"Finanças públicas";"Despesa capital - fora do sistema - outras inversões financeiras - gov. federal";"Despesa de capital fora do sistema - outras inversões financeiras - governo federal";"Não oculta";"Internet";360;0;0;"Incluída em 20/junho/2008";NA;"HIST";"Internet";"Macro"
"6263";"HIST_DKFSVFED";NA;NA;"Inativa";"IPEA";"Finanças públicas";"Despesa capital - fora do sistema - aquisição de material para revenda - gov. federal";"Despesa de capital fora do sistema - aquisição de material para revenda - governo federal";"Não oculta";"Internet";360;0;0;"Incluída em 20/junho/2008";NA;"HIST";"Internet";"Macro"
"6264";"HIST_DKFSDIFED";NA;NA;"Inativa";"IPEA";"Finanças públicas";"Despesa capital - fora do sistema - amortização dívida interna - gov. federal";"Despesa de capital fora do sistema - amortização dívida interna - governo federal";"Não oculta";"Internet";360;0;0;"Incluída em 20/junho/2008";NA;"HIST";"Internet";"Macro"
"6265";"HIST_DKFSDEFED";NA;NA;"Inativa";"IPEA";"Finanças públicas";"Despesa capital - fora do sistema - amortização dívida externa - gov. federal";"Despesa de capital fora do sistema - amortização dívida externa - governo federal";"Não oculta";"Internet";360;0;0;"Incluída em 20/junho/2008";NA;"HIST";"Internet";"Macro"
"6266";"HIST_RKFSFED";NA;NA;"Inativa";"IPEA";"Finanças públicas";"Receita capital - fora do sistema - governo federal";"Receita de capital fora do sistema - governo federal";"Não oculta";"Internet";360;0;0;"Incluída em 20/junho/2008";NA;"HIST";"Internet";"Macro"
"6267";"HIST_RKFSOCIFED";NA;NA;"Inativa";"IPEA";"Finanças públicas";"Receita capital - fora do sistema - operações crédito interno - governo federal";"Receita de capital fora do sistema - operações crédito interno - governo federal";"Não oculta";"Internet";360;0;0;"Incluída em 20/junho/2008";NA;"HIST";"Internet";"Macro"
"6268";"HIST_RKFSOCEFED";NA;NA;"Inativa";"IPEA";"Finanças públicas";"Receita capital - fora do sistema - operações crédito externo - governo federal";"Receita de capital fora do sistema - operações crédito externo - governo federal";"Não oculta";"Internet";360;0;0;"Incluída em 20/junho/2008";NA;"HIST";"Internet";"Macro"
"6269";"HIST_RKFSALFED";NA;NA;"Inativa";"IPEA";"Finanças públicas";"Receita capital - fora do sistema - alienação de bens móveis e imóveis - governo federal";"Receita de capital fora do sistema - alienação de bens móveis e imóveis - governo federal";"Não oculta";"Internet";360;0;0;"Incluída em 20/junho/2008";NA;"HIST";"Internet";"Macro"
"6270";"HIST_RKFSEMFED";NA;NA;"Inativa";"IPEA";"Finanças públicas";"Receita capital - fora do sistema - amortização de empréstimos concedidos - governo federal";"Receita de capital fora do sistema - amortização de empréstimos concedidos - governo federal";"Não oculta";"Internet";360;0;0;"Incluída em 20/junho/2008";NA;"HIST";"Internet";"Macro"
"6271";"HIST_DCCEST";NA;NA;"Inativa";"IPEA";"Finanças públicas";"Despesa corrente - consumo - gov. estadual";"Despesa corrente do governo estadual com consumo";"Não oculta";"Internet";360;0;0;"Incluída em 20/junho/2008";NA;"HIST";"Internet";"Macro"
"6272";"HIST_DCCPEST";NA;NA;"Inativa";"IPEA";"Finanças públicas";"Despesa corrente - consumo - pessoal - gov. estadual";"Despesa corrente do governo estadual com consumo - pessoal";"Não oculta";"Internet";360;0;0;"Incluída em 20/junho/2008";NA;"HIST";"Internet";"Macro"
"6273";"HIST_DCCOPEST";NA;NA;"Inativa";"IPEA";"Finanças públicas";"Despesa corrente - consumo - obrigações patronais - gov. estadual";"Despesa corrente do governo estadual com consumo - obrigações patronais";"Não oculta";"Internet";360;0;0;"Incluída em 20/junho/2008";NA;"HIST";"Internet";"Macro"
"6274";"HIST_DCCOCEST";NA;NA;"Inativa";"IPEA";"Finanças públicas";"Despesa corrente - consumo - outras compras - gov. estadual";"Despesa corrente do governo estadual com consumo -  outras compras";"Não oculta";"Internet";360;0;0;"Incluída em 20/junho/2008";NA;"HIST";"Internet";"Macro"
"6275";"HIST_DCTREST";NA;NA;"Inativa";"IPEA";"Finanças públicas";"Despesa corrente - transferências para consumidores - gov. estadual";"Despesa corrente do governo estadual - transferências para consumidores";"Não oculta";"Internet";360;0;0;"Incluída em 20/junho/2008";NA;"HIST";"Internet";"Macro"
"6276";"HIST_DCTRPREVEST";NA;NA;"Inativa";"IPEA";"Finanças públicas";"Despesa corrente - transferências para consumidores - assistência à previdência - gov. estadual";"Despesa corrente do governo estadual - transferências para consumidores - assistência à previdência";"Não oculta";"Internet";360;0;0;"Incluída em 20/junho/2008";NA;"HIST";"Internet";"Macro"
"6277";"HIST_DCTRJUREST";NA;NA;"Inativa";"IPEA";"Finanças públicas";"Despesa corrente - transferências para consumidores - juros da dívida interna - gov. estadual";"Despesa corrente do governo estadual - transferências para consumidores - juros da dívida interna";"Não oculta";"Internet";360;0;0;"Incluída em 20/junho/2008";NA;"HIST";"Internet";"Macro"
"6278";"HIST_DCTRCORREST";NA;NA;"Inativa";"IPEA";"Finanças públicas";"Despesa corrente - transferências para consumidores - correção monetária - gov. estadual";"Despesa corrente do governo estadual - transferências para consumidores - correção monetária";"Não oculta";"Internet";360;0;0;"Incluída em 20/junho/2008";NA;"HIST";"Internet";"Macro"
"6279";"HIST_DCSUBEST";NA;NA;"Inativa";"IPEA";"Finanças públicas";"Despesa corrente - subsídios - gov. estadual";"Despesa corrente do governo estadual com subsídios";"Não oculta";"Internet";360;0;0;"Incluída em 20/junho/2008";NA;"HIST";"Internet";"Macro"
"6280";"HIST_DCSUBGNFEST";NA;NA;"Inativa";"IPEA";"Finanças públicas";"Despesa corrente - subsídios - emp. gov. não financeiras - gov. estadual";"Despesa corrente do governo estadual com subsídios para empresas governamentais não financeiras";"Não oculta";"Internet";360;0;0;"Incluída em 20/junho/2008";NA;"HIST";"Internet";"Macro"
"6281";"HIST_DCSUBPNFEST";NA;NA;"Inativa";"IPEA";"Finanças públicas";"Despesa corrente - subsídios - emp. priv. não financeiras - gov. estadual";"Despesa corrente do governo estadual com subsídios para empresas privadas não financeiras";"Não oculta";"Internet";360;0;0;"Incluída em 20/junho/2008";NA;"HIST";"Internet";"Macro"
"6282";"HIST_DCSUBGFEST";NA;NA;"Inativa";"IPEA";"Finanças públicas";"Despesa corrente - subsídios - emp. gov. financeiras - gov. estadual";"Despesa corrente do governo estadual com subsídios para empresas governamentais financeiras";"Não oculta";"Internet";360;0;0;"Incluída em 20/junho/2008";NA;"HIST";"Internet";"Macro"
"6283";"HIST_POPCCEST";NA;NA;"Inativa";"IPEA";"Finanças públicas";"Poupança - conta corrente - governo estadual";"Poupança - conta corrente - governo estadual";"Não oculta";"Internet";360;0;0;"Incluída em 20/junho/2008";NA;"HIST";"Internet";"Macro"
"6284";"HIST_RCUTEST";NA;NA;"Inativa";"IPEA";"Finanças públicas";"Receita corrente - utilização - governo estadual";"Utilização da receita corrente do governo estadual";"Não oculta";"Internet";360;0;0;"Incluída em 20/junho/2008";NA;"HIST";"Internet";"Macro"
"6285";"HIST_RCTRIEST";NA;NA;"Inativa";"IPEA";"Finanças públicas";"Receita corrente - tributos - governo estadual";"Receita corrente do governo estadual - tributos";"Não oculta";"Internet";360;0;0;"Incluída em 20/junho/2008";NA;"HIST";"Internet";"Macro"
"6286";"HIST_RCTRIDEST";NA;NA;"Inativa";"IPEA";"Finanças públicas";"Receita corrente - tributos diretos - governo estadual";"Receita corrente do governo estadual - tributos diretos";"Não oculta";"Internet";360;0;0;"Incluída em 20/junho/2008";NA;"HIST";"Internet";"Macro"
"6287";"HIST_RCTRIIEST";NA;NA;"Inativa";"IPEA";"Finanças públicas";"Receita corrente - tributos indiretos - governo estadual";"Receita corrente do governo estadual - tributos indiretos";"Não oculta";"Internet";360;0;0;"Incluída em 20/junho/2008";NA;"HIST";"Internet";"Macro"
"6288";"HIST_RCOUTBEST";NA;NA;"Inativa";"IPEA";"Finanças públicas";"Receita corrente - outras (brutas) - governo estadual";"Outras receitas correntes do governo estadual";"Não oculta";"Internet";360;0;0;"Incluída em 20/junho/2008";NA;"HIST";"Internet";"Macro"
"6289";"HIST_DCOUEST";NA;NA;"Inativa";"IPEA";"Finanças públicas";"Despesa corrente - outras (brutas) - gov. estadual";"Outras despesas correntes do governo estadual";"Não oculta";"Internet";360;0;0;"Incluída em 20/junho/2008";NA;"HIST";"Internet";"Macro"
"6290";"HIST_DCOTREEST";NA;NA;"Inativa";"IPEA";"Finanças públicas";"Despesa corrente - outras (brutas) - transferências intergovernamentais - gov. estadual";"Outras despesas correntes do governo estadual - transferências intergovernamentais";"Não oculta";"Internet";360;0;0;"Incluída em 20/junho/2008";NA;"HIST";"Internet";"Macro"
"6291";"HIST_DCOTRIEST";NA;NA;"Inativa";"IPEA";"Finanças públicas";"Despesa corrente - outras (brutas) - transferências intragovernamentais - gov. estadual";"Outras despesas correntes do governo estadual - transferências intragovernamentais";"Não oculta";"Internet";360;0;0;"Incluída em 20/junho/2008";NA;"HIST";"Internet";"Macro"
"6292";"HIST_DCOTRGFEST";NA;NA;"Inativa";"IPEA";"Finanças públicas";"Despesa corrente - outras (brutas) - transferências - emp. gov. financeiras - gov. estadual";"Outras despesas correntes do governo estadual - transferências para empresas governamentais financeiras";"Não oculta";"Internet";360;0;0;"Incluída em 20/junho/2008";NA;"HIST";"Internet";"Macro"
"6293";"HIST_DCOTRGNFEST";NA;NA;"Inativa";"IPEA";"Finanças públicas";"Despesa corrente - outras (brutas) - transferências - emp. gov. não financeiras - gov. estadual";"Outras despesas correntes do governo estadual - transferências para empresas governamentais não financeiras";"Não oculta";"Internet";360;0;0;"Incluída em 20/junho/2008";NA;"HIST";"Internet";"Macro"
"6294";"HIST_DCOTRSPEST";NA;NA;"Inativa";"IPEA";"Finanças públicas";"Despesa corrente - outras (brutas) - transferências ao setor privado - gov. estadual";"Outras despesas correntes do governo estadual - transferências ao setor privado";"Não oculta";"Internet";360;0;0;"Incluída em 20/junho/2008";NA;"HIST";"Internet";"Macro"
"6295";"HIST_DCOJUREST";NA;NA;"Inativa";"IPEA";"Finanças públicas";"Despesa corrente - outras (brutas) - juros da dívida externa - gov. estadual";"Outras despesas correntes do governo estadual - juros da dívida externa";"Não oculta";"Internet";360;0;0;"Incluída em 20/junho/2008";NA;"HIST";"Internet";"Macro"
"6296";"HIST_DCOTRINTEST";NA;NA;"Inativa";"IPEA";"Finanças públicas";"Despesa corrente - outras (brutas) - transferências - entidades internacionais - gov. estadual";"Outras despesas correntes do governo estadual - transferências para  entidades internacionais";"Não oculta";"Internet";360;0;0;"Incluída em 20/junho/2008";NA;"HIST";"Internet";"Macro"
"6297";"HIST_DCOTRNCEST";NA;NA;"Inativa";"IPEA";"Finanças públicas";"Despesa corrente - outras (brutas) - transferências não classificadas - gov. estadual";"Outras despesas correntes do governo estadual - transferências não classificadas";"Não oculta";"Internet";360;0;0;"Incluída em 20/junho/2008";NA;"HIST";"Internet";"Macro"
"6298";"HIST_DKFSEST";NA;NA;"Inativa";"IPEA";"Finanças públicas";"Despesa capital - fora do sistema - gov. estadual";"Despesa de capital fora do sistema - governo estadual";"Não oculta";"Internet";360;0;0;"Incluída em 20/junho/2008";NA;"HIST";"Internet";"Macro"
"6299";"HIST_DKFSPPNFEST";NA;NA;"Inativa";"IPEA";"Finanças públicas";"Despesa capital - fora do sistema - partic. financeira - emp. priv. não financeiras - gov. estadual";"Despesa de capital fora do sistema - participação financeira em empresas privadas não financeiras - governo estadual";"Não oculta";"Internet";360;0;0;"Incluída em 20/junho/2008";NA;"HIST";"Internet";"Macro"
"6300";"HIST_DKFSPGNFEST";NA;NA;"Inativa";"IPEA";"Finanças públicas";"Despesa capital - fora do sistema - partic. financeira - emp. gov. não financeiras - gov. estadual";"Despesa de capital fora do sistema - participação financeira em empresas governamentais não financeiras - governo estadual";"Não oculta";"Internet";360;0;0;"Incluída em 20/junho/2008";NA;"HIST";"Internet";"Macro"
"6301";"HIST_DKFSPGFEST";NA;NA;"Inativa";"IPEA";"Finanças públicas";"Despesa capital - fora do sistema - partic. financeira - emp. gov. financeiras - gov. estadual";"Despesa de capital fora do sistema - participação financeira em empresas governamentais financeiras - governo estadual";"Não oculta";"Internet";360;0;0;"Incluída em 20/junho/2008";NA;"HIST";"Internet";"Macro"
"6302";"HIST_DKFSPEST";NA;NA;"Inativa";"IPEA";"Finanças públicas";"Despesa capital - fora do sistema - partic. em outras emp. - gov. estadual";"Despesa de capital fora do sistema - participação em outras empresas - governo estadual";"Não oculta";"Internet";360;0;0;"Incluída em 20/junho/2008";NA;"HIST";"Internet";"Macro"
"6303";"HIST_DKFSIMEST";NA;NA;"Inativa";"IPEA";"Finanças públicas";"Despesa capital - fora do sistema - aquisição de imóveis - gov. estadual";"Despesa de capital fora do sistema - aquisição de imóveis - governo estadual";"Não oculta";"Internet";360;0;0;"Incluída em 20/junho/2008";NA;"HIST";"Internet";"Macro"
"6304";"HIST_DKFSEEST";NA;NA;"Inativa";"IPEA";"Finanças públicas";"Despesa capital - fora do sistema - concessão de empréstimos - gov. estadual";"Despesa de capital fora do sistema - concessão de empréstimos - governo estadual";"Não oculta";"Internet";360;0;0;"Incluída em 20/junho/2008";NA;"HIST";"Internet";"Macro"
"6305";"HIST_DKFOUTEST";NA;NA;"Inativa";"IPEA";"Finanças públicas";"Despesa capital - fora do sistema - outras inversões financeiras - gov. estadual";"Despesa de capital fora do sistema - outras inversões financeiras - governo estadual";"Não oculta";"Internet";360;0;0;"Incluída em 20/junho/2008";NA;"HIST";"Internet";"Macro"
"6306";"HIST_DKFSVEST";NA;NA;"Inativa";"IPEA";"Finanças públicas";"Despesa capital - fora do sistema - aquisição de material para revenda - gov. estadual";"Despesa de capital fora do sistema - aquisição de material para revenda - governo estadual";"Não oculta";"Internet";360;0;0;"Incluída em 20/junho/2008";NA;"HIST";"Internet";"Macro"
"6307";"HIST_DKFSDIEST";NA;NA;"Inativa";"IPEA";"Finanças públicas";"Despesa capital - fora do sistema - amortização dívida interna - gov. estadual";"Despesa de capital fora do sistema - amortização dívida interna - governo estadual";"Não oculta";"Internet";360;0;0;"Incluída em 20/junho/2008";NA;"HIST";"Internet";"Macro"
"6308";"HIST_DKFSDEEST";NA;NA;"Inativa";"IPEA";"Finanças públicas";"Despesa capital - fora do sistema - amortização dívida externa - gov. estadual";"Despesa de capital fora do sistema - amortização dívida externa - governo estadual";"Não oculta";"Internet";360;0;0;"Incluída em 20/junho/2008";NA;"HIST";"Internet";"Macro"
"6309";"HIST_RKFSEST";NA;NA;"Inativa";"IPEA";"Finanças públicas";"Receita capital - fora do sistema - governo estadual";"Receita de capital fora do sistema - governo estadual";"Não oculta";"Internet";360;0;0;"Incluída em 20/junho/2008";NA;"HIST";"Internet";"Macro"
"6310";"HIST_RKFSOCIEST";NA;NA;"Inativa";"IPEA";"Finanças públicas";"Receita capital - fora do sistema - operações crédito interno - governo estadual";"Receita de capital fora do sistema - operações crédito interno - governo estadual";"Não oculta";"Internet";360;0;0;"Incluída em 20/junho/2008";NA;"HIST";"Internet";"Macro"
"6311";"HIST_RKFSOCEEST";NA;NA;"Inativa";"IPEA";"Finanças públicas";"Receita capital - fora do sistema - operações crédito externo - governo estadual";"Receita de capital fora do sistema - operações crédito externo - governo estadual";"Não oculta";"Internet";360;0;0;"Incluída em 20/junho/2008";NA;"HIST";"Internet";"Macro"
"6312";"HIST_RKFSALEST";NA;NA;"Inativa";"IPEA";"Finanças públicas";"Receita capital - fora do sistema - alienação de bens móveis e imóveis - governo estadual";"Receita de capital fora do sistema - alienação de bens móveis e imóveis - governo estadual";"Não oculta";"Internet";360;0;0;"Incluída em 20/junho/2008";NA;"HIST";"Internet";"Macro"
"6313";"HIST_RKFSEMEST";NA;NA;"Inativa";"IPEA";"Finanças públicas";"Receita capital - fora do sistema - amortização de empréstimos concedidos - governo estadual";"Receita de capital fora do sistema - amortização de empréstimos concedidos - governo estadual";"Não oculta";"Internet";360;0;0;"Incluída em 20/junho/2008";NA;"HIST";"Internet";"Macro"
"6314";"HIST_DCCMUN";NA;NA;"Inativa";"IPEA";"Finanças públicas";"Despesa corrente - consumo - gov. municipal";"Despesa corrente do governo municipal com consumo";"Não oculta";"Internet";360;0;0;"Incluída em 20/junho/2008";NA;"HIST";"Internet";"Macro"
"6315";"HIST_DCCPMUN";NA;NA;"Inativa";"IPEA";"Finanças públicas";"Despesa corrente - consumo - pessoal - gov. municipal";"Despesa corrente do governo municipal com consumo - pessoal";"Não oculta";"Internet";360;0;0;"Incluída em 20/junho/2008";NA;"HIST";"Internet";"Macro"
"6316";"HIST_DCCOPMUN";NA;NA;"Inativa";"IPEA";"Finanças públicas";"Despesa corrente - consumo - obrigações patronais - gov. municipal";"Despesa corrente do governo municipal com consumo - obrigações patronais";"Não oculta";"Internet";360;0;0;"Incluída em 20/junho/2008";NA;"HIST";"Internet";"Macro"
"6317";"HIST_DCCOCMUN";NA;NA;"Inativa";"IPEA";"Finanças públicas";"Despesa corrente - consumo - outras compras - gov. municipal";"Despesa corrente do governo municipal com consumo -  outras compras";"Não oculta";"Internet";360;0;0;"Incluída em 20/junho/2008";NA;"HIST";"Internet";"Macro"
"6318";"HIST_DCTRMUN";NA;NA;"Inativa";"IPEA";"Finanças públicas";"Despesa corrente - transferências para consumidores - gov. municipal";"Despesa corrente do governo municipal - transferências para consumidores";"Não oculta";"Internet";360;0;0;"Incluída em 20/junho/2008";NA;"HIST";"Internet";"Macro"
"6319";"HIST_DCTRPREVMUN";NA;NA;"Inativa";"IPEA";"Finanças públicas";"Despesa corrente - transferências para consumidores - assistência à previdência - gov. municipal";"Despesa corrente do governo municipal - transferências para consumidores - assistência à previdência";"Não oculta";"Internet";360;0;0;"Incluída em 20/junho/2008";NA;"HIST";"Internet";"Macro"
"6320";"HIST_DCTRJURMUN";NA;NA;"Inativa";"IPEA";"Finanças públicas";"Despesa corrente - transferências para consumidores - juros da dívida interna - gov. municipal";"Despesa corrente do governo municipal - transferências para consumidores - juros da dívida interna";"Não oculta";"Internet";360;0;0;"Incluída em 20/junho/2008";NA;"HIST";"Internet";"Macro"
"6321";"HIST_DCTRCORRMUN";NA;NA;"Inativa";"IPEA";"Finanças públicas";"Despesa corrente - transferências para consumidores - correção monetária - gov. municipal";"Despesa corrente do governo municipal - transferências para consumidores - correção monetária";"Não oculta";"Internet";360;0;0;"Incluída em 20/junho/2008";NA;"HIST";"Internet";"Macro"
"6322";"HIST_DCSUBMUN";NA;NA;"Inativa";"IPEA";"Finanças públicas";"Despesa corrente - subsídios - gov. municipal";"Despesa corrente do governo municipal com subsídios";"Não oculta";"Internet";360;0;0;"Incluída em 20/junho/2008";NA;"HIST";"Internet";"Macro"
"6323";"HIST_DCSUBGNFMUN";NA;NA;"Inativa";"IPEA";"Finanças públicas";"Despesa corrente - subsídios - emp. gov. não financeiras - gov. municipal";"Despesa corrente do governo municipal com subsídios para empresas governamentais não financeiras";"Não oculta";"Internet";360;0;0;"Incluída em 20/junho/2008";NA;"HIST";"Internet";"Macro"
"6324";"HIST_DCSUBPNFMUN";NA;NA;"Inativa";"IPEA";"Finanças públicas";"Despesa corrente - subsídios - emp. priv. não financeiras - gov. municipal";"Despesa corrente do governo municipal com subsídios para empresas privadas não financeiras";"Não oculta";"Internet";360;0;0;"Incluída em 20/junho/2008";NA;"HIST";"Internet";"Macro"
"6325";"HIST_DCSUBGFMUN";NA;NA;"Inativa";"IPEA";"Finanças públicas";"Despesa corrente - subsídios - emp. gov. financeiras - gov. municipal";"Despesa corrente do governo municipal com subsídios para empresas governamentais financeiras";"Não oculta";"Internet";360;0;0;"Incluída em 20/junho/2008";NA;"HIST";"Internet";"Macro"
"6326";"HIST_POPCCMUN";NA;NA;"Inativa";"IPEA";"Finanças públicas";"Poupança - conta corrente - governo municipal";"Poupança - conta corrente - governo municipal";"Não oculta";"Internet";360;0;0;"Incluída em 20/junho/2008";NA;"HIST";"Internet";"Macro"
"6327";"HIST_RCUTMUN";NA;NA;"Inativa";"IPEA";"Finanças públicas";"Receita corrente - utilização - governo municipal";"Utilização da receita corrente do governo municipal";"Não oculta";"Internet";360;0;0;"Incluída em 20/junho/2008";NA;"HIST";"Internet";"Macro"
"6328";"HIST_RCTRIMUN";NA;NA;"Inativa";"IPEA";"Finanças públicas";"Receita corrente - tributos - governo municipal";"Receita corrente do governo municipal - tributos";"Não oculta";"Internet";360;0;0;"Incluída em 20/junho/2008";NA;"HIST";"Internet";"Macro"
"6329";"HIST_RCTRIDMUN";NA;NA;"Inativa";"IPEA";"Finanças públicas";"Receita corrente - tributos diretos - governo municipal";"Receita corrente do governo municipal - tributos diretos";"Não oculta";"Internet";360;0;0;"Incluída em 20/junho/2008";NA;"HIST";"Internet";"Macro"
"6330";"HIST_RCTRIIMUN";NA;NA;"Inativa";"IPEA";"Finanças públicas";"Receita corrente - tributos indiretos - governo municipal";"Receita corrente do governo municipal - tributos indiretos";"Não oculta";"Internet";360;0;0;"Incluída em 20/junho/2008";NA;"HIST";"Internet";"Macro"
"6331";"HIST_RCOUTBMUN";NA;NA;"Inativa";"IPEA";"Finanças públicas";"Receita corrente - outras (brutas) - governo municipal";"Outras receitas correntes do governo municipal";"Não oculta";"Internet";360;0;0;"Incluída em 20/junho/2008";NA;"HIST";"Internet";"Macro"
"6332";"HIST_DCOUMUN";NA;NA;"Inativa";"IPEA";"Finanças públicas";"Despesa corrente - outras (brutas) - gov. municipal";"Outras despesas correntes do governo municipal";"Não oculta";"Internet";360;0;0;"Incluída em 20/junho/2008";NA;"HIST";"Internet";"Macro"
"6333";"HIST_DCOTREMUN";NA;NA;"Inativa";"IPEA";"Finanças públicas";"Despesa corrente - outras (brutas) - transferências intergovernamentais - gov. municipal";"Outras despesas correntes do governo municipal - transferências intergovernamentais";"Não oculta";"Internet";360;0;0;"Incluída em 20/junho/2008";NA;"HIST";"Internet";"Macro"
"6334";"HIST_DCOTRIMUN";NA;NA;"Inativa";"IPEA";"Finanças públicas";"Despesa corrente - outras (brutas) - transferências intragovernamentais - gov. municipal";"Outras despesas correntes do governo municipal - transferências intragovernamentais";"Não oculta";"Internet";360;0;0;"Incluída em 20/junho/2008";NA;"HIST";"Internet";"Macro"
"6335";"HIST_DCOTRGFMUN";NA;NA;"Inativa";"IPEA";"Finanças públicas";"Despesa corrente - outras (brutas) - transferências - emp. gov. financeiras - gov. municipal";"Outras despesas correntes do governo municipal - transferências para empresas governamentais financeiras";"Não oculta";"Internet";360;0;0;"Incluída em 20/junho/2008";NA;"HIST";"Internet";"Macro"
"6336";"HIST_DCOTRGNFMUN";NA;NA;"Inativa";"IPEA";"Finanças públicas";"Despesa corrente - outras (brutas) - transferências - emp. gov. não financeiras - gov. municipal";"Outras despesas correntes do governo municipal - transferências para empresas governamentais não financeiras";"Não oculta";"Internet";360;0;0;"Incluída em 20/junho/2008";NA;"HIST";"Internet";"Macro"
"6337";"HIST_DCOTRSPMUN";NA;NA;"Inativa";"IPEA";"Finanças públicas";"Despesa corrente - outras (brutas) - transferências ao setor privado - gov. municipal";"Outras despesas correntes do governo municipal - transferências ao setor privado";"Não oculta";"Internet";360;0;0;"Incluída em 20/junho/2008";NA;"HIST";"Internet";"Macro"
"6338";"HIST_DCOJURMUN";NA;NA;"Inativa";"IPEA";"Finanças públicas";"Despesa corrente - outras (brutas) - juros da dívida externa - gov. municipal";"Outras despesas correntes do governo municipal - juros da dívida externa";"Não oculta";"Internet";360;0;0;"Incluída em 20/junho/2008";NA;"HIST";"Internet";"Macro"
"6339";"HIST_DCOTRINTMUN";NA;NA;"Inativa";"IPEA";"Finanças públicas";"Despesa corrente - outras (brutas) - transferências - entidades internacionais - gov. municipal";"Outras despesas correntes do governo municipal - transferências para  entidades internacionais";"Não oculta";"Internet";360;0;0;"Incluída em 20/junho/2008";NA;"HIST";"Internet";"Macro"
"6340";"HIST_DCOTRNCMUN";NA;NA;"Inativa";"IPEA";"Finanças públicas";"Despesa corrente - outras (brutas) - transferências não classificadas - gov. municipal";"Outras despesas correntes do governo municipal - transferências não classificadas";"Não oculta";"Internet";360;0;0;"Incluída em 20/junho/2008";NA;"HIST";"Internet";"Macro"
"6341";"HIST_DKFSMUN";NA;NA;"Inativa";"IPEA";"Finanças públicas";"Despesa capital - fora do sistema - gov. municipal";"Despesa de capital fora do sistema - governo municipal";"Não oculta";"Internet";360;0;0;"Incluída em 20/junho/2008";NA;"HIST";"Internet";"Macro"
"6342";"HIST_DKFSPPNFMUN";NA;NA;"Inativa";"IPEA";"Finanças públicas";"Despesa capital - fora do sistema - partic. financeira - emp. priv. não financeiras - gov. municipal";"Despesa de capital fora do sistema - participação financeira em empresas privadas não financeiras - governo municipal";"Não oculta";"Internet";360;0;0;"Incluída em 20/junho/2008";NA;"HIST";"Internet";"Macro"
"6343";"HIST_DKFSPGNFMUN";NA;NA;"Inativa";"IPEA";"Finanças públicas";"Despesa capital - fora do sistema - partic. financeira - emp. gov. não financeiras - gov. municipal";"Despesa de capital fora do sistema - participação financeira em empresas governamentais não financeiras - governo municipal";"Não oculta";"Internet";360;0;0;"Incluída em 20/junho/2008";NA;"HIST";"Internet";"Macro"
"6344";"HIST_DKFSPGFMUN";NA;NA;"Inativa";"IPEA";"Finanças públicas";"Despesa capital - fora do sistema - partic. financeira - emp. gov. financeiras - gov. municipal";"Despesa de capital fora do sistema - participação financeira em empresas governamentais financeiras - governo municipal";"Não oculta";"Internet";360;0;0;"Incluída em 20/junho/2008";NA;"HIST";"Internet";"Macro"
"6345";"HIST_DKFSPMUN";NA;NA;"Inativa";"IPEA";"Finanças públicas";"Despesa capital - fora do sistema - partic. em outras emp. - gov. municipal";"Despesa de capital fora do sistema - participação em outras empresas - governo municipal";"Não oculta";"Internet";360;0;0;"Incluída em 20/junho/2008";NA;"HIST";"Internet";"Macro"
"6346";"HIST_DKFSIMMUN";NA;NA;"Inativa";"IPEA";"Finanças públicas";"Despesa capital - fora do sistema - aquisição de imóveis - gov. municipal";"Despesa de capital fora do sistema - aquisição de imóveis - governo municipal";"Não oculta";"Internet";360;0;0;"Incluída em 20/junho/2008";NA;"HIST";"Internet";"Macro"
"6347";"HIST_DKFSEMUN";NA;NA;"Inativa";"IPEA";"Finanças públicas";"Despesa capital - fora do sistema - concessão de empréstimos - gov. municipal";"Despesa de capital fora do sistema - concessão de empréstimos - governo municipal";"Não oculta";"Internet";360;0;0;"Incluída em 20/junho/2008";NA;"HIST";"Internet";"Macro"
"6348";"HIST_DKFOUTMUN";NA;NA;"Inativa";"IPEA";"Finanças públicas";"Despesa capital - fora do sistema - outras inversões financeiras - gov. municipal";"Despesa de capital fora do sistema - outras inversões financeiras - governo municipal";"Não oculta";"Internet";360;0;0;"Incluída em 20/junho/2008";NA;"HIST";"Internet";"Macro"
"6349";"HIST_DKFSVMUN";NA;NA;"Inativa";"IPEA";"Finanças públicas";"Despesa capital - fora do sistema - aquisição de material para revenda - gov. municipal";"Despesa de capital fora do sistema - aquisição de material para revenda - governo municipal";"Não oculta";"Internet";360;0;0;"Incluída em 20/junho/2008";NA;"HIST";"Internet";"Macro"
"6350";"HIST_DKFSDIMUN";NA;NA;"Inativa";"IPEA";"Finanças públicas";"Despesa capital - fora do sistema - amortização dívida interna - gov. municipal";"Despesa de capital fora do sistema - amortização dívida interna - governo municipal";"Não oculta";"Internet";360;0;0;"Incluída em 20/junho/2008";NA;"HIST";"Internet";"Macro"
"6351";"HIST_DKFSDEMUN";NA;NA;"Inativa";"IPEA";"Finanças públicas";"Despesa capital - fora do sistema - amortização dívida externa - gov. municipal";"Despesa de capital fora do sistema - amortização dívida externa - governo municipal";"Não oculta";"Internet";360;0;0;"Incluída em 20/junho/2008";NA;"HIST";"Internet";"Macro"
"6352";"HIST_RKFSMUN";NA;NA;"Inativa";"IPEA";"Finanças públicas";"Receita capital - fora do sistema - governo municipal";"Receita de capital fora do sistema - governo municipal";"Não oculta";"Internet";360;0;0;"Incluída em 20/junho/2008";NA;"HIST";"Internet";"Macro"
"6353";"HIST_RKFSOCIMUN";NA;NA;"Inativa";"IPEA";"Finanças públicas";"Receita capital - fora do sistema - operações crédito interno - governo municipal";"Receita de capital fora do sistema - operações crédito interno - governo municipal";"Não oculta";"Internet";360;0;0;"Incluída em 20/junho/2008";NA;"HIST";"Internet";"Macro"
"6354";"HIST_RKFSOCEMUN";NA;NA;"Inativa";"IPEA";"Finanças públicas";"Receita capital - fora do sistema - operações crédito externo - governo municipal";"Receita de capital fora do sistema - operações crédito externo - governo municipal";"Não oculta";"Internet";360;0;0;"Incluída em 20/junho/2008";NA;"HIST";"Internet";"Macro"
"6355";"HIST_RKFSALMUN";NA;NA;"Inativa";"IPEA";"Finanças públicas";"Receita capital - fora do sistema - alienação de bens móveis e imóveis - governo municipal";"Receita de capital fora do sistema - alienação de bens móveis e imóveis - governo municipal";"Não oculta";"Internet";360;0;0;"Incluída em 20/junho/2008";NA;"HIST";"Internet";"Macro"
"6356";"HIST_RKFSEMMUN";NA;NA;"Inativa";"IPEA";"Finanças públicas";"Receita capital - fora do sistema - amortização de empréstimos concedidos - governo municipal";"Receita de capital fora do sistema - amortização de empréstimos concedidos - governo municipal";"Não oculta";"Internet";360;0;0;"Incluída em 20/junho/2008";NA;"HIST";"Internet";"Macro"
"6357";"HIST_DCCGR";NA;NA;"Inativa";"IPEA";"Finanças públicas";"Despesa corrente - consumo - gov. geral";"Despesa corrente do governo geral com consumo";"Não oculta";"Internet";360;0;0;"Incluída em 20/junho/2008";NA;"HIST";"Internet";"Macro"
"6358";"HIST_DCCPGR";NA;NA;"Inativa";"IPEA";"Finanças públicas";"Despesa corrente - consumo - pessoal - gov. geral";"Despesa corrente do governo geral com consumo - pessoal";"Não oculta";"Internet";360;0;0;"Incluída em 20/junho/2008";NA;"HIST";"Internet";"Macro"
"6359";"HIST_DCCOPGR";NA;NA;"Inativa";"IPEA";"Finanças públicas";"Despesa corrente - consumo - obrigações patronais - gov. geral";"Despesa corrente do governo geral com consumo - obrigações patronais";"Não oculta";"Internet";360;0;0;"Incluída em 20/junho/2008";NA;"HIST";"Internet";"Macro"
"6360";"HIST_DCCOCGR";NA;NA;"Inativa";"IPEA";"Finanças públicas";"Despesa corrente - consumo - outras compras - gov. geral";"Despesa corrente do governo geral com consumo -  outras compras";"Não oculta";"Internet";360;0;0;"Incluída em 20/junho/2008";NA;"HIST";"Internet";"Macro"
"6361";"HIST_DCTRGR";NA;NA;"Inativa";"IPEA";"Finanças públicas";"Despesa corrente - transferências para consumidores - gov. geral";"Despesa corrente do governo geral - transferências para consumidores";"Não oculta";"Internet";360;0;0;"Incluída em 20/junho/2008";NA;"HIST";"Internet";"Macro"
"6362";"HIST_DCTRPREVGR";NA;NA;"Inativa";"IPEA";"Finanças públicas";"Despesa corrente - transferências para consumidores - assistência à previdência - gov. geral";"Despesa corrente do governo geral - transferências para consumidores - assistência à previdência";"Não oculta";"Internet";360;0;0;"Incluída em 20/junho/2008";NA;"HIST";"Internet";"Macro"
"6363";"HIST_DCTRJURGR";NA;NA;"Inativa";"IPEA";"Finanças públicas";"Despesa corrente - transferências para consumidores - juros da dívida interna - gov. geral";"Despesa corrente do governo geral - transferências para consumidores - juros da dívida interna";"Não oculta";"Internet";360;0;0;"Incluída em 20/junho/2008";NA;"HIST";"Internet";"Macro"
"6364";"HIST_DCTRCORRGR";NA;NA;"Inativa";"IPEA";"Finanças públicas";"Despesa corrente - transferências para consumidores - correção monetária - gov. geral";"Despesa corrente do governo geral - transferências para consumidores - correção monetária";"Não oculta";"Internet";360;0;0;"Incluída em 20/junho/2008";NA;"HIST";"Internet";"Macro"
"6365";"HIST_DCSUBGR";NA;NA;"Inativa";"IPEA";"Finanças públicas";"Despesa corrente - subsídios - gov. geral";"Despesa corrente do governo geral com subsídios";"Não oculta";"Internet";360;0;0;"Incluída em 20/junho/2008";NA;"HIST";"Internet";"Macro"
"6366";"HIST_DCSUBGNFGR";NA;NA;"Inativa";"IPEA";"Finanças públicas";"Despesa corrente - subsídios - emp. gov. não financeiras - gov. geral";"Despesa corrente do governo geral com subsídios para empresas governamentais não financeiras";"Não oculta";"Internet";360;0;0;"Incluída em 20/junho/2008";NA;"HIST";"Internet";"Macro"
"6367";"HIST_DCSUBPNFGR";NA;NA;"Inativa";"IPEA";"Finanças públicas";"Despesa corrente - subsídios - emp. priv. não financeiras - gov. geral";"Despesa corrente do governo geral com subsídios para empresas privadas não financeiras";"Não oculta";"Internet";360;0;0;"Incluída em 20/junho/2008";NA;"HIST";"Internet";"Macro"
"6368";"HIST_DCSUBGFGR";NA;NA;"Inativa";"IPEA";"Finanças públicas";"Despesa corrente - subsídios - emp. gov. financeiras - gov. geral";"Despesa corrente do governo geral com subsídios para empresas governamentais financeiras";"Não oculta";"Internet";360;0;0;"Incluída em 20/junho/2008";NA;"HIST";"Internet";"Macro"
"6369";"HIST_POPCCGR";NA;NA;"Inativa";"IPEA";"Finanças públicas";"Poupança - conta corrente - governo geral";"Poupança - conta corrente - governo geral";"Não oculta";"Internet";360;0;0;"Incluída em 20/junho/2008";NA;"HIST";"Internet";"Macro"
"6370";"HIST_RCUTGR";NA;NA;"Inativa";"IPEA";"Finanças públicas";"Receita corrente - utilização - governo geral";"Utilização da receita corrente do governo geral";"Não oculta";"Internet";360;0;0;"Incluída em 20/junho/2008";NA;"HIST";"Internet";"Macro"
"6371";"HIST_RCTRIGR";NA;NA;"Inativa";"IPEA";"Finanças públicas";"Receita corrente - tributos - governo geral";"Receita corrente do governo geral - tributos";"Não oculta";"Internet";360;0;0;"Incluída em 20/junho/2008";NA;"HIST";"Internet";"Macro"
"6372";"HIST_RCTRIDGR";NA;NA;"Inativa";"IPEA";"Finanças públicas";"Receita corrente - tributos diretos - governo geral";"Receita corrente do governo geral - tributos diretos";"Não oculta";"Internet";360;0;0;"Incluída em 20/junho/2008";NA;"HIST";"Internet";"Macro"
"6373";"HIST_RCTRIIGR";NA;NA;"Inativa";"IPEA";"Finanças públicas";"Receita corrente - tributos indiretos - governo geral";"Receita corrente do governo geral - tributos indiretos";"Não oculta";"Internet";360;0;0;"Incluída em 20/junho/2008";NA;"HIST";"Internet";"Macro"
"6374";"HIST_RCOUTBGR";NA;NA;"Inativa";"IPEA";"Finanças públicas";"Receita corrente - outras (brutas) - governo geral";"Outras receitas correntes do governo geral";"Não oculta";"Internet";360;0;0;"Incluída em 20/junho/2008";NA;"HIST";"Internet";"Macro"
"6375";"HIST_DCOUGR";NA;NA;"Inativa";"IPEA";"Finanças públicas";"Despesa corrente - outras (brutas) - gov. geral";"Outras despesas correntes do governo geral";"Não oculta";"Internet";360;0;0;"Incluída em 20/junho/2008";NA;"HIST";"Internet";"Macro"
"6376";"HIST_DCOTREGR";NA;NA;"Inativa";"IPEA";"Finanças públicas";"Despesa corrente - outras (brutas) - transferências intergovernamentais - gov. geral";"Outras despesas correntes do governo geral - transferências intergovernamentais";"Não oculta";"Internet";360;0;0;"Incluída em 20/junho/2008";NA;"HIST";"Internet";"Macro"
"6377";"HIST_DCOTRIGR";NA;NA;"Inativa";"IPEA";"Finanças públicas";"Despesa corrente - outras (brutas) - transferências intragovernamentais - gov. geral";"Outras despesas correntes do governo geral - transferências intragovernamentais";"Não oculta";"Internet";360;0;0;"Incluída em 20/junho/2008";NA;"HIST";"Internet";"Macro"
"6378";"HIST_DCOTRGFGR";NA;NA;"Inativa";"IPEA";"Finanças públicas";"Despesa corrente - outras (brutas) - transferências - emp. gov. financeiras - gov. geral";"Outras despesas correntes do governo geral - transferências para empresas governamentais financeiras";"Não oculta";"Internet";360;0;0;"Incluída em 20/junho/2008";NA;"HIST";"Internet";"Macro"
"6379";"HIST_DCOTRGNFGR";NA;NA;"Inativa";"IPEA";"Finanças públicas";"Despesa corrente - outras (brutas) - transferências - emp. gov. não financeiras - gov. geral";"Outras despesas correntes do governo geral - transferências para empresas governamentais não financeiras";"Não oculta";"Internet";360;0;0;"Incluída em 20/junho/2008";NA;"HIST";"Internet";"Macro"
"6380";"HIST_DCOTRSPGR";NA;NA;"Inativa";"IPEA";"Finanças públicas";"Despesa corrente - outras (brutas) - transferências ao setor privado - gov. geral";"Outras despesas correntes do governo geral - transferências ao setor privado";"Não oculta";"Internet";360;0;0;"Incluída em 20/junho/2008";NA;"HIST";"Internet";"Macro"
"6381";"HIST_DCOJURGR";NA;NA;"Inativa";"IPEA";"Finanças públicas";"Despesa corrente - outras (brutas) - juros da dívida externa - gov. geral";"Outras despesas correntes do governo geral - juros da dívida externa";"Não oculta";"Internet";360;0;0;"Incluída em 20/junho/2008";NA;"HIST";"Internet";"Macro"
"6382";"HIST_DCOTRINTGR";NA;NA;"Inativa";"IPEA";"Finanças públicas";"Despesa corrente - outras (brutas) - transferências - entidades internacionais - gov. geral";"Outras despesas correntes do governo geral - transferências para entidades internacionais";"Não oculta";"Internet";360;0;0;"Incluída em 20/junho/2008";NA;"HIST";"Internet";"Macro"
"6383";"HIST_DCOTRNCGR";NA;NA;"Inativa";"IPEA";"Finanças públicas";"Despesa corrente - outras (brutas) - transferências não classificadas - gov. geral";"Outras despesas correntes do governo geral - transferências não classificadas";"Não oculta";"Internet";360;0;0;"Incluída em 20/junho/2008";NA;"HIST";"Internet";"Macro"
"6384";"HIST_DKFSGR";NA;NA;"Inativa";"IPEA";"Finanças públicas";"Despesa capital - fora do sistema - gov. geral";"Despesa de capital fora do sistema - governo geral";"Não oculta";"Internet";360;0;0;"Incluída em 20/junho/2008";NA;"HIST";"Internet";"Macro"
"6385";"HIST_DKFSPPNFGR";NA;NA;"Inativa";"IPEA";"Finanças públicas";"Despesa capital - fora do sistema - partic. financeira - emp. priv. não financeiras - gov. geral";"Despesa de capital fora do sistema - participação financeira em empresas privadas não financeiras - governo geral";"Não oculta";"Internet";360;0;0;"Incluída em 20/junho/2008";NA;"HIST";"Internet";"Macro"
"6386";"HIST_DKFSPGNFGR";NA;NA;"Inativa";"IPEA";"Finanças públicas";"Despesa capital - fora do sistema - partic. financeira - emp. gov. não financeiras - gov. geral";"Despesa de capital fora do sistema - participação financeira em empresas governamentais não financeiras - governo geral";"Não oculta";"Internet";360;0;0;"Incluída em 20/junho/2008";NA;"HIST";"Internet";"Macro"
"6387";"HIST_DKFSPGFGR";NA;NA;"Inativa";"IPEA";"Finanças públicas";"Despesa capital - fora do sistema - partic. financeira - emp. gov. financeiras - gov. geral";"Despesa de capital fora do sistema - participação financeira em empresas governamentais financeiras - governo geral";"Não oculta";"Internet";360;0;0;"Incluída em 20/junho/2008";NA;"HIST";"Internet";"Macro"
"6388";"HIST_DKFSPGR";NA;NA;"Inativa";"IPEA";"Finanças públicas";"Despesa capital - fora do sistema - partic. em outras emp. - gov. geral";"Despesa de capital fora do sistema - participação em outras empresas - governo geral";"Não oculta";"Internet";360;0;0;"Incluída em 20/junho/2008";NA;"HIST";"Internet";"Macro"
"6389";"HIST_DKFSIMGR";NA;NA;"Inativa";"IPEA";"Finanças públicas";"Despesa capital - fora do sistema - aquisição de imóveis - gov. geral";"Despesa de capital fora do sistema - aquisição de imóveis - governo geral";"Não oculta";"Internet";360;0;0;"Incluída em 20/junho/2008";NA;"HIST";"Internet";"Macro"
"6390";"HIST_DKFSEGR";NA;NA;"Inativa";"IPEA";"Finanças públicas";"Despesa capital - fora do sistema - concessão de empréstimos - gov. geral";"Despesa de capital fora do sistema - concessão de empréstimos - governo geral";"Não oculta";"Internet";360;0;0;"Incluída em 20/junho/2008";NA;"HIST";"Internet";"Macro"
"6391";"HIST_DKFOUTGR";NA;NA;"Inativa";"IPEA";"Finanças públicas";"Despesa capital - fora do sistema - outras inversões financeiras - gov. geral";"Despesa de capital fora do sistema - outras inversões financeiras - governo geral";"Não oculta";"Internet";360;0;0;"Incluída em 20/junho/2008";NA;"HIST";"Internet";"Macro"
"6392";"HIST_DKFSVGR";NA;NA;"Inativa";"IPEA";"Finanças públicas";"Despesa capital - fora do sistema - aquisição de material para revenda - gov. geral";"Despesa de capital fora do sistema - aquisição de material para revenda - governo geral";"Não oculta";"Internet";360;0;0;"Incluída em 20/junho/2008";NA;"HIST";"Internet";"Macro"
"6393";"HIST_DKFSDIGR";NA;NA;"Inativa";"IPEA";"Finanças públicas";"Despesa capital - fora do sistema - amortização dívida interna - gov. geral";"Despesa de capital fora do sistema - amortização dívida interna - governo geral";"Não oculta";"Internet";360;0;0;"Incluída em 20/junho/2008";NA;"HIST";"Internet";"Macro"
"6394";"HIST_DKFSDEGR";NA;NA;"Inativa";"IPEA";"Finanças públicas";"Despesa capital - fora do sistema - amortização dívida externa - gov. geral";"Despesa de capital fora do sistema - amortização dívida externa - governo geral";"Não oculta";"Internet";360;0;0;"Incluída em 20/junho/2008";NA;"HIST";"Internet";"Macro"
"6395";"HIST_RKFSGR";NA;NA;"Inativa";"IPEA";"Finanças públicas";"Receita capital - fora do sistema - governo geral";"Receita de capital fora do sistema - governo geral";"Não oculta";"Internet";360;0;0;"Incluída em 20/junho/2008";NA;"HIST";"Internet";"Macro"
"6396";"HIST_RKFSOCIGR";NA;NA;"Inativa";"IPEA";"Finanças públicas";"Receita capital - fora do sistema - operações crédito interno - governo geral";"Receita de capital fora do sistema - operações crédito interno - governo geral";"Não oculta";"Internet";360;0;0;"Incluída em 20/junho/2008";NA;"HIST";"Internet";"Macro"
"6397";"HIST_RKFSOCEGR";NA;NA;"Inativa";"IPEA";"Finanças públicas";"Receita capital - fora do sistema - operações crédito externo - governo geral";"Receita de capital fora do sistema - operações crédito externo - governo geral";"Não oculta";"Internet";360;0;0;"Incluída em 20/junho/2008";NA;"HIST";"Internet";"Macro"
"6398";"HIST_RKFSALGR";NA;NA;"Inativa";"IPEA";"Finanças públicas";"Receita capital - fora do sistema - alienação de bens móveis e imóveis - governo geral";"Receita de capital fora do sistema - alienação de bens móveis e imóveis - governo geral";"Não oculta";"Internet";360;0;0;"Incluída em 20/junho/2008";NA;"HIST";"Internet";"Macro"
"6399";"HIST_RKFSEMGR";NA;NA;"Inativa";"IPEA";"Finanças públicas";"Receita capital - fora do sistema - amortização de empréstimos concedidos - governo geral";"Receita de capital fora do sistema - amortização de empréstimos concedidos - governo geral";"Não oculta";"Internet";360;0;0;"Incluída em 20/junho/2008";NA;"HIST";"Internet";"Macro"
"6400";"HIST_RCFED";NA;NA;"Inativa";"IPEA";"Finanças públicas";"Receita corrente - governo federal";"Receita corrente total do governo federal";"Não oculta";"Internet";360;0;0;"Incluída em 20/junho/2008";NA;"HIST";"Internet";"Macro"
"6401";"HIST_RCEST";NA;NA;"Inativa";"IPEA";"Finanças públicas";"Receita corrente - governo estadual";"Receita corrente total do governo estadual";"Não oculta";"Internet";360;0;0;"Incluída em 20/junho/2008";NA;"HIST";"Internet";"Macro"
"6402";"HIST_RCMUN";NA;NA;"Inativa";"IPEA";"Finanças públicas";"Receita corrente - governo municipal";"Receita corrente total do governo municipal";"Não oculta";"Internet";360;0;0;"Incluída em 20/junho/2008";NA;"HIST";"Internet";"Macro"
"6403";"HIST_RCGR";NA;NA;"Inativa";"IPEA";"Finanças públicas";"Receita corrente - governo geral";"Receita corrente total do governo geral";"Não oculta";"Internet";360;0;0;"Incluída em 20/junho/2008";NA;"HIST";"Internet";"Macro"
"6404";"HIST_RCOUTLFED";NA;NA;"Inativa";"IPEA";"Finanças públicas";"Receita corrente - outras (líquidas) - governo federal";"Outras receitas correntes (líquidas) do governo federal";"Não oculta";"Internet";360;0;0;"Incluída em 20/junho/2008";NA;"HIST";"Internet";"Macro"
"6405";"HIST_RCOUTLEST";NA;NA;"Inativa";"IPEA";"Finanças públicas";"Receita corrente - outras (líquidas) - governo estadual";"Outras receitas correntes (líquidas) do governo estadual";"Não oculta";"Internet";360;0;0;"Incluída em 20/junho/2008";NA;"HIST";"Internet";"Macro"
"6406";"HIST_RCOUTLMUN";NA;NA;"Inativa";"IPEA";"Finanças públicas";"Receita corrente - outras (líquidas) - governo municipal";"Outras receitas correntes (líquidas) do governo municipal";"Não oculta";"Internet";360;0;0;"Incluída em 20/junho/2008";NA;"HIST";"Internet";"Macro"
"6407";"HIST_RCOUTLGR";NA;NA;"Inativa";"IPEA";"Finanças públicas";"Receita corrente - outras (líquidas) - governo geral";"Outras receitas correntes (líquidas) do governo geral";"Não oculta";"Internet";360;0;0;"Incluída em 20/junho/2008";NA;"HIST";"Internet";"Macro"
"6408";"HIST_DCFED";NA;NA;"Inativa";"IPEA";"Finanças públicas";"Despesa corrente - gov. federal";"Despesa corrente total do governo federal";"Não oculta";"Internet";360;0;0;"Incluída em 20/junho/2008";NA;"HIST";"Internet";"Macro"
"6409";"HIST_DCEST";NA;NA;"Inativa";"IPEA";"Finanças públicas";"Despesa corrente - gov. estadual";"Despesa corrente total do governo estadual";"Não oculta";"Internet";360;0;0;"Incluída em 20/junho/2008";NA;"HIST";"Internet";"Macro"
"6410";"HIST_DCMUN";NA;NA;"Inativa";"IPEA";"Finanças públicas";"Despesa corrente - gov. municipal";"Despesa corrente total do governo municipal";"Não oculta";"Internet";360;0;0;"Incluída em 20/junho/2008";NA;"HIST";"Internet";"Macro"
"6411";"HIST_DCGR";NA;NA;"Inativa";"IPEA";"Finanças públicas";"Despesa corrente - gov. geral";"Despesa corrente total do governo geral";"Não oculta";"Internet";360;0;0;"Incluída em 20/junho/2008";NA;"HIST";"Internet";"Macro"
"6412";"HIST_RCRKFED";NA;NA;"Inativa";"IPEA";"Finanças públicas";"Receita corrente e de capital - governo federal";"Total de receita corrente e de capital do governo federal";"Não oculta";"Internet";360;0;0;"Incluída em 20/junho/2008";NA;"HIST";"Internet";"Macro"
"6413";"HIST_RCRKEST";NA;NA;"Inativa";"IPEA";"Finanças públicas";"Receita corrente e de capital - governo estadual";"Total de receita corrente e de capital do governo estadual";"Não oculta";"Internet";360;0;0;"Incluída em 20/junho/2008";NA;"HIST";"Internet";"Macro"
"6414";"HIST_RCRKMUN";NA;NA;"Inativa";"IPEA";"Finanças públicas";"Receita corrente e de capital - governo municipal";"Total de receita corrente e de capital do governo municipal";"Não oculta";"Internet";360;0;0;"Incluída em 20/junho/2008";NA;"HIST";"Internet";"Macro"
"6415";"HIST_RCRKGR";NA;NA;"Inativa";"IPEA";"Finanças públicas";"Receita corrente e de capital - governo geral";"Total de receita corrente e de capital do governo geral";"Não oculta";"Internet";360;0;0;"Incluída em 20/junho/2008";NA;"HIST";"Internet";"Macro"
"6416";"HIST_DCDKFED";NA;NA;"Inativa";"IPEA";"Finanças públicas";"Despesa corrente e de capital - gov. federal";"Total de despesa corrente e de capital do governo federal";"Não oculta";"Internet";360;0;0;"Incluída em 20/junho/2008";NA;"HIST";"Internet";"Macro"
"6417";"HIST_DCDKEST";NA;NA;"Inativa";"IPEA";"Finanças públicas";"Despesa corrente e de capital - gov. estadual";"Total de despesa corrente e de capital do governo estadual";"Não oculta";"Internet";360;0;0;"Incluída em 20/junho/2008";NA;"HIST";"Internet";"Macro"
"6418";"HIST_DCDKMUN";NA;NA;"Inativa";"IPEA";"Finanças públicas";"Despesa corrente e de capital - gov. municipal";"Total de despesa corrente e de capital do governo municipal";"Não oculta";"Internet";360;0;0;"Incluída em 20/junho/2008";NA;"HIST";"Internet";"Macro"
"6419";"HIST_DCDKGR";NA;NA;"Inativa";"IPEA";"Finanças públicas";"Despesa corrente e de capital - gov. geral";"Total de despesa corrente e de capital do governo geral";"Não oculta";"Internet";360;0;0;"Incluída em 20/junho/2008";NA;"HIST";"Internet";"Macro"
"6420";"SCN_DIAGROG";NA;NA;"Inativa";"IBGE/SCN 2000 Anual";"Contas nacionais";"PIB - agropecuária - deflator implícito - var. anual - ref. 2000";"Produto interno bruto (PIB) - agropecuária - deflator implícito: variação anual  - referência 2000";"Oculta";"Internet";360;0;0;NA;NA;"SCN";"Oculta";"Macro"
"6421";"SCN_DIINDG";NA;NA;"Inativa";"IBGE/SCN 2000 Anual";"Contas nacionais";"PIB - indústria - deflator implícito - var. anual - ref. 2000";"Produto interno bruto (PIB) - indústria - deflator implícito: variação anual  - referência 2000";"Oculta";"Internet";360;0;0;NA;NA;"SCN";"Oculta";"Macro"
"6422";"SCN_DISERVG";NA;NA;"Inativa";"IBGE/SCN 2000 Anual";"Contas nacionais";"PIB - serviços - deflator implícito - var. anual - ref. 2000";"Produto interno bruto (PIB) - serviços - deflator implícito: variação anual  - referência 2000";"Oculta";"Internet";360;0;0;NA;NA;"SCN";"Oculta";"Macro"
"6423";"BLS12_IPAEPEUAS12";NA;NA;"Ativa";"BLS";"Economia internacional";"IPA - índice (média 1982 = 100)";"IPA - índice (média 1982 = 100)";"Não oculta";"Internet";90;0;0;"Incluída em 25/jul/2005.";NA;"BLS12";"Internet";"Macro"
"6424";"BLS12_NUCLEOIPCEUAS12";NA;NA;"Ativa";"BLS";"Economia internacional";"núcleo - IPC - índice (média 1982-84 = 100)";"núcleo - IPC - índice (média 1982-84 = 100)";"Não oculta";"Internet";90;0;0;"Incluída em 14/ago/2006.";NA;"BLS12";"Internet";"Macro"
"6425";"HIST_XALGTQ";NA;NA;"Ativa";"Outras fontes";"Comércio exterior";"Exportações - algodão - qde.";"Exportações brasileiras de algodão: quantidade";"Não oculta";"Internet";90;0;1;"Incluída em 06/agosto/2008 .";NA;"HIST";"Internet";"Macro"
"6426";"HIST_XCACAQ";NA;NA;"Ativa";"Outras fontes";"Comércio exterior";"Exportações - cacau - qde.";"Exportações brasileiras de cacau: quantidade";"Não oculta";"Internet";90;0;1;"Incluída em 06/agosto/2008 .";NA;"HIST";"Internet";"Macro"
"6427";"HIST_XCAFEQ";NA;NA;"Ativa";"Outras fontes";"Comércio exterior";"Exportações - café em grão - qde";"Exportações - café em grão - qde";"Não oculta";"Internet";90;0;1;"Incluída em 06/agosto/2008 .";NA;"HIST";"Internet";"Macro"
"6428";"HIST_XFUMOQ";NA;NA;"Ativa";"Outras fontes";"Comércio exterior";"Exportações - fumo - qde.";"Exportações brasileiras de fumo: quantidade";"Não oculta";"Internet";90;0;1;"Incluída em 06/agosto/2008 .";NA;"HIST";"Internet";"Macro"
"6429";"HIST_XTRIGQ";NA;NA;"Ativa";"Outras fontes";"Comércio exterior";"Exportações - trigo - qde.";"Exportações brasileiras de trigo: quantidade";"Não oculta";"Internet";90;0;1;"Incluída em 06/agosto/2008 .";NA;"HIST";"Internet";"Macro"
"6430";"HIST_XBORRQ";NA;NA;"Ativa";"Outras fontes";"Comércio exterior";"Exportações - borracha - qde.";"Exportações brasileiras de borracha: quantidade";"Não oculta";"Internet";90;0;1;"Incluída em 06/agosto/2008 .";NA;"HIST";"Internet";"Macro"
"6431";"HIST_XACUCARQ";NA;NA;"Ativa";"Outras fontes";"Comércio exterior";"Exportações - açúcar - qde.";"Exportações brasileiras de açúcar: quantidade";"Não oculta";"Internet";90;0;1;"Incluída em 06/agosto/2008 .";NA;"HIST";"Internet";"Macro"
"6432";"HIST_XERVAQ";NA;NA;"Ativa";"Outras fontes";"Comércio exterior";"Exportações - erva-mate - qde.";"Exportações brasileiras de erva-mate: quantidade";"Não oculta";"Internet";90;0;1;"Incluída em 06/agosto/2008 .";NA;"HIST";"Internet";"Macro"
"6433";"HIST_XSOJAQ";NA;NA;"Ativa";"Outras fontes";"Comércio exterior";"Exportações - soja em grão - qde.";"Exportações brasileiras de soja em grão: quantidade";"Não oculta";"Internet";90;0;1;"Incluída em 06/agosto/2008 .";NA;"HIST";"Internet";"Macro"
"6434";"HIST_XCBOVQ";NA;NA;"Inativa";"Outras fontes";"Comércio exterior";"Exportações - carne bovina congelada - qde.";"Exportações brasileiras de carne bovina congelada: quantidade";"Não oculta";"Internet";90;0;1;"Incluída em 06/agosto/2008 .";NA;"HIST";"Internet";"Macro"
"6435";"HIST_XCOUROSQ";NA;NA;"Ativa";"Outras fontes";"Comércio exterior";"Exportações - couros e peles - qde.";"Exportações brasileiras de couros e peles: quantidade";"Não oculta";"Internet";90;0;1;"Incluída em 06/agosto/2008 .";NA;"HIST";"Internet";"Macro"
"6436";"HIST_XALGTV";NA;NA;"Inativa";"Outras fontes";"Comércio exterior";"Exportações - algodão";"Exportações brasileiras de algodão";"Não oculta";"Internet";90;0;1;"Incluída em 06/agosto/2008 .";NA;"HIST";"Internet";"Macro"
"6437";"HIST_XCACAV";NA;NA;"Inativa";"Outras fontes";"Comércio exterior";"Exportações - cacau";"Exportações brasileiras de cacau";"Não oculta";"Internet";90;0;1;"Incluída em 06/agosto/2008 .";NA;"HIST";"Internet";"Macro"
"6438";"HIST_XCAFEV";NA;NA;"Inativa";"Outras fontes";"Comércio exterior";"Exportações - café em grão";"Exportações brasileiras de café em grão";"Não oculta";"Internet";90;0;1;"Incluída em 06/agosto/2008 .";NA;"HIST";"Internet";"Macro"
"6439";"HIST_XFUMOV";NA;NA;"Inativa";"Outras fontes";"Comércio exterior";"Exportações - fumo";"Exportações brasileiras de fumo";"Não oculta";"Internet";90;0;1;"Incluída em 06/agosto/2008 .";NA;"HIST";"Internet";"Macro"
"6440";"HIST_XTRIGV";NA;NA;"Inativa";"Outras fontes";"Comércio exterior";"Exportações - trigo";"Exportações brasileiras de trigo";"Não oculta";"Internet";90;0;1;"Incluída em 06/agosto/2008 .";NA;"HIST";"Internet";"Macro"
"6441";"HIST_XBORRV";NA;NA;"Inativa";"Outras fontes";"Comércio exterior";"Exportações - borracha";"Exportações brasileiras de borracha";"Não oculta";"Internet";90;0;1;"Incluída em 06/agosto/2008 .";NA;"HIST";"Internet";"Macro"
"6442";"HIST_XACUCARV";NA;NA;"Inativa";"Outras fontes";"Comércio exterior";"Exportações - açúcar";"Exportações brasileiras de açúcar";"Não oculta";"Internet";90;0;1;"Incluída em 06/agosto/2008 .";NA;"HIST";"Internet";"Macro"
"6443";"HIST_XERVAV";NA;NA;"Inativa";"Outras fontes";"Comércio exterior";"Exportações - erva-mate";"Exportações brasileiras de erva-mate";"Não oculta";"Internet";90;0;1;"Incluída em 06/agosto/2008 .";NA;"HIST";"Internet";"Macro"
"6444";"HIST_XSOJAV";NA;NA;"Inativa";"Outras fontes";"Comércio exterior";"Exportações - soja em grão";"Exportações brasileiras de soja em grão";"Não oculta";"Internet";90;0;1;"Incluída em 06/agosto/2008 .";NA;"HIST";"Internet";"Macro"
"6445";"HIST_XCBOVV";NA;NA;"Inativa";"Outras fontes";"Comércio exterior";"Exportações - carne bovina congelada";"Exportações brasileiras de carne bovina congelada";"Não oculta";"Internet";90;0;1;"Incluída em 06/agosto/2008 .";NA;"HIST";"Internet";"Macro"
"6446";"HIST_XCOUROSV";NA;NA;"Inativa";"Outras fontes";"Comércio exterior";"Exportações - couros e peles";"Exportações brasileiras de couros e peles";"Não oculta";"Internet";90;0;1;"Incluída em 06/agosto/2008 .";NA;"HIST";"Internet";"Macro"
"6447";"HIST_XALGTVL";NA;NA;"Inativa";"Outras fontes";"Comércio exterior";"Exportações - algodão";"Exportações brasileiras de algodão";"Não oculta";"Internet";90;0;1;"Incluída em 06/agosto/2008 .";NA;"HIST";"Internet";"Macro"
"6448";"HIST_XCACAVL";NA;NA;"Inativa";"Outras fontes";"Comércio exterior";"Exportações - cacau";"Exportações brasileiras de cacau";"Não oculta";"Internet";90;0;1;"Incluída em 06/agosto/2008 .";NA;"HIST";"Internet";"Macro"
"6449";"HIST_XCAFEVL";NA;NA;"Inativa";"Outras fontes";"Comércio exterior";"Exportações - café em grão";"Exportações brasileiras de café em grão";"Não oculta";"Internet";90;0;1;"Incluída em 06/agosto/2008 .";NA;"HIST";"Internet";"Macro"
"6450";"HIST_XFUMOVL";NA;NA;"Inativa";"Outras fontes";"Comércio exterior";"Exportações - fumo";"Exportações brasileiras de fumo";"Não oculta";"Internet";90;0;1;"Incluída em 06/agosto/2008 .";NA;"HIST";"Internet";"Macro"
"6451";"HIST_XTRIGVL";NA;NA;"Inativa";"Outras fontes";"Comércio exterior";"Exportações - trigo";"Exportações brasileiras de trigo";"Não oculta";"Internet";90;0;1;"Incluída em 06/agosto/2008 .";NA;"HIST";"Internet";"Macro"
"6452";"HIST_XBORRVL";NA;NA;"Inativa";"Outras fontes";"Comércio exterior";"Exportações - borracha";"Exportações brasileiras de borracha";"Não oculta";"Internet";90;0;1;"Incluída em 06/agosto/2008 .";NA;"HIST";"Internet";"Macro"
"6453";"HIST_XACUCARVL";NA;NA;"Inativa";"Outras fontes";"Comércio exterior";"Exportações - açúcar";"Exportações brasileiras de açúcar";"Não oculta";"Internet";90;0;1;"Incluída em 06/agosto/2008 .";NA;"HIST";"Internet";"Macro"
"6454";"HIST_XERVAVL";NA;NA;"Inativa";"Outras fontes";"Comércio exterior";"Exportações - erva-mate";"Exportações brasileiras de erva-mate";"Não oculta";"Internet";90;0;1;"Incluída em 06/agosto/2008 .";NA;"HIST";"Internet";"Macro"
"6455";"HIST_XSOJAVL";NA;NA;"Inativa";"Outras fontes";"Comércio exterior";"Exportações - soja em grão";"Exportações brasileiras de soja em grão";"Oculta";"Internet";90;0;1;"Incluída em 06/agosto/2008 .";NA;"HIST";"Oculta";"Macro"
"6456";"HIST_XCBOVVL";NA;NA;"Inativa";"Outras fontes";"Comércio exterior";"Exportações - carne bovina congelada";"Exportações brasileiras de carne bovina congelada";"Não oculta";"Internet";90;0;1;"Incluída em 06/agosto/2008 .";NA;"HIST";"Internet";"Macro"
"6457";"HIST_XCOUROSVL";NA;NA;"Inativa";"Outras fontes";"Comércio exterior";"Exportações - couros e peles";"Exportações brasileiras de couros e peles";"Não oculta";"Internet";90;0;1;"Incluída em 06/agosto/2008 .";NA;"HIST";"Internet";"Macro"
"6458";"HIST_XALGTVUS";NA;NA;"Inativa";"Outras fontes";"Comércio exterior";"Exportações - algodão";"Exportações brasileiras de algodão";"Não oculta";"Internet";90;0;1;"Incluída em 06/agosto/2008 .";NA;"HIST";"Internet";"Macro"
"6459";"HIST_XCACAVUS";NA;NA;"Inativa";"Outras fontes";"Comércio exterior";"Exportações - cacau";"Exportações brasileiras de cacau";"Não oculta";"Internet";90;0;1;"Incluída em 06/agosto/2008 .";NA;"HIST";"Internet";"Macro"
"6460";"HIST_XCAFEVUS";NA;NA;"Inativa";"Outras fontes";"Comércio exterior";"Exportações - café em grão";"Exportações brasileiras de café em grão";"Não oculta";"Internet";90;0;1;"Incluída em 06/agosto/2008 .";NA;"HIST";"Internet";"Macro"
"6461";"HIST_XFUMOVUS";NA;NA;"Inativa";"Outras fontes";"Comércio exterior";"Exportações - fumo";"Exportações brasileiras de fumo";"Não oculta";"Internet";90;0;1;"Incluída em 06/agosto/2008 .";NA;"HIST";"Internet";"Macro"
"6462";"HIST_XTRIGVUS";NA;NA;"Inativa";"Outras fontes";"Comércio exterior";"Exportações - trigo";"Exportações brasileiras de trigo";"Não oculta";"Internet";90;0;1;"Incluída em 06/agosto/2008 .";NA;"HIST";"Internet";"Macro"
"6463";"HIST_XBORRVUS";NA;NA;"Inativa";"Outras fontes";"Comércio exterior";"Exportações - borracha";"Exportações brasileiras de borracha";"Não oculta";"Internet";90;0;1;"Incluída em 06/agosto/2008 .";NA;"HIST";"Internet";"Macro"
"6464";"HIST_XACUCARVUS";NA;NA;"Inativa";"Outras fontes";"Comércio exterior";"Exportações - açúcar";"Exportações brasileiras de açúcar";"Não oculta";"Internet";90;0;1;"Incluída em 06/agosto/2008 .";NA;"HIST";"Internet";"Macro"
"6465";"HIST_XERVAVUS";NA;NA;"Inativa";"Outras fontes";"Comércio exterior";"Exportações - erva-mate";"Exportações brasileiras de erva-mate";"Não oculta";"Internet";90;0;1;"Incluída em 06/agosto/2008 .";NA;"HIST";"Internet";"Macro"
"6466";"HIST_XSOJAVUS";NA;NA;"Inativa";"Outras fontes";"Comércio exterior";"Exportações - soja em grão";"Exportações brasileiras de soja em grão";"Não oculta";"Internet";90;0;1;"Incluída em 06/agosto/2008 .";NA;"HIST";"Internet";"Macro"
"6467";"HIST_XCBOVVUS";NA;NA;"Inativa";"Outras fontes";"Comércio exterior";"Exportações - carne bovina congelada";"Exportações brasileiras de carne bovina congelada";"Não oculta";"Internet";90;0;1;"Incluída em 06/agosto/2008 .";NA;"HIST";"Internet";"Macro"
"6468";"HIST_XCOUROSVUS";NA;NA;"Inativa";"Outras fontes";"Comércio exterior";"Exportações - couros e peles";"Exportações brasileiras de couros e peles";"Não oculta";"Internet";90;0;1;"Incluída em 06/agosto/2008 .";NA;"HIST";"Internet";"Macro"
"6469";"HIST_XSOJAFQ";NA;NA;"Ativa";"Outras fontes";"Comércio exterior";"Exportações - farelo de soja - qde.";"Exportações brasileiras de farelo de soja: quantidade";"Não oculta";"Internet";90;0;1;NA;NA;"HIST";"Internet";"Macro"
"6470";"HIST_XSOJAFVUS";NA;NA;"Inativa";"Outras fontes";"Comércio exterior";"Exportações - farelo de soja";"Exportações brasileiras de farelo de soja";"Não oculta";"Internet";90;0;1;NA;NA;"HIST";"Internet";"Macro"
"6471";"TOTAMC0105";NA;NA;"Ativa";"IBGE";"Geográfico";"Número de AMC no período de 2001 a 2005";"Número de AMC no período de 2001 a 2005";"Não oculta";"Internet";NA;0;NA;NA;NA;"TOTAMC0105";"Internet";"Regional"
"6472";"TOTAMC2005";NA;NA;"Ativa";"IBGE";"Geográfico";"Número de AMC no período de 1920 a 2005";"Número de AMC no período de 1920 a 2005";"Não oculta";"Internet";NA;0;NA;NA;NA;"TOTAMC2005";"Internet";"Regional"
"6473";"TOTAMC7005";NA;NA;"Ativa";"IBGE";"Geográfico";"Número de AMC no período de 1970 a 2005";"Número de AMC no período de 1970 a 2005";"Não oculta";"Internet";NA;0;NA;NA;NA;"TOTAMC7005";"Internet";"Regional"
"6474";"TOTAMC9105";NA;NA;"Ativa";"IBGE";"Geográfico";"Número de AMC no período de 1991 a 2005";"Número de AMC no período de 1991 a 2005";"Não oculta";"Internet";NA;0;NA;NA;NA;"TOTAMC9105";"Internet";"Regional"
"6475";"TOTAMC9705";NA;NA;"Ativa";"IBGE";"Geográfico";"Número de AMC no período de 1997 a 2005";"Número de AMC no período de 1997 a 2005";"Não oculta";"Internet";NA;0;NA;NA;NA;"TOTAMC9705";"Internet";"Regional"
"6476";"TOTAMC7205";NA;NA;"Ativa";"IBGE";"Geográfico";"Número de AMC no período de 1872 a 2005";"Número de AMC no período de 1872 a 2005";"Não oculta";"Internet";NA;0;NA;NA;NA;"TOTAMC7205";"Internet";"Regional"
"6477";"TOTAMC2060";NA;NA;"Ativa";"IBGE";"Geográfico";"Número de AMC no período de 1920 a 1960";"Número de AMC no período de 1920 a 1960";"Não oculta";"Internet";NA;0;NA;NA;NA;"TOTAMC2060";"Internet";"Regional"
"6478";"TOTAMC4060";NA;NA;"Ativa";"IBGE";"Geográfico";"Número de AMC no período de 1940 a 1960";"Número de AMC no período de 1940 a 1960";"Não oculta";"Internet";NA;0;NA;NA;NA;"TOTAMC4060";"Internet";"Regional"
"6479";"TOTAMC6070";NA;NA;"Ativa";"IBGE";"Geográfico";"Número de AMC no período de 1960 a 1970";"Número de AMC no período de 1960 a 1970";"Não oculta";"Internet";NA;0;NA;NA;NA;"TOTAMC6070";"Internet";"Regional"
"6480";"TOTAMC2000";NA;NA;"Ativa";"IBGE";"Geográfico";"Número de AMC no período de 1920 a 2000";"Número de AMC no período de 1920 a 2000";"Não oculta";"Internet";NA;0;NA;NA;NA;"TOTAMC2000";"Internet";"Regional"
"6481";"TOTAMC4000";NA;NA;"Ativa";"IBGE";"Geográfico";"Número de AMC no período de 1940 a 2000";"Número de AMC no período de 1940 a 2000";"Não oculta";"Internet";NA;0;NA;NA;NA;"TOTAMC4000";"Internet";"Regional"
"6482";"INPC";NA;NA;"Ativa";"IBGE";"Preços";"INPC - Índice Nacional de  Preços ao  Consumidor";"Índice Nacional de  Preços ao  Consumidor";"Não oculta";"Internet";NA;0;NA;NA;NA;"INPC";"Internet";"Regional"
"6483";"NELAPER";NA;NA;"Ativa";"IBGE";"Agropecuária";"Utilização das terras  - lavouras permanentes - estabelecimentos";"Utilização das terras  - lavouras permanentes - estabelecimentos";"Não oculta";"Internet";NA;0;NA;NA;NA;"NELAPER";"Internet";"Regional"
"6484";"NELATEM";NA;NA;"Ativa";"IBGE";"Agropecuária";"Utilização das terras  - lavouras temporarias - estabelecimentos";"Utilização das terras  - lavouras temporarias - estabelecimentos";"Não oculta";"Internet";NA;0;NA;NA;NA;"NELATEM";"Internet";"Regional"
"6485";"NEPASNAT";NA;NA;"Ativa";"IBGE";"Agropecuária";"Utilização das terras  - pastagens naturais - estabelecimentos";"Utilização das terras  - pastagens naturais - estabelecimentos";"Não oculta";"Internet";NA;0;NA;NA;NA;"NEPASNAT";"Internet";"Regional"
"6486";"NEPASPLA";NA;NA;"Ativa";"IBGE";"Agropecuária";"Utilização das terras  - pastagens plantadas (artificiais )- estabelecimentos";"Utilização das terras  - pastagens plantadas (artificias )- estabelecimentos";"Não oculta";"Internet";NA;0;NA;NA;NA;"NEPASPLA";"Internet";"Regional"
"6487";"NEFLONAT";NA;NA;"Ativa";"IBGE";"Agropecuária";"Utilização das terras  - matas e florestas naturais - estabelecimentos";"Utilização das terras  - matas e florestas naturais - estabelecimentos";"Não oculta";"Internet";NA;0;NA;NA;NA;"NEFLONAT";"Internet";"Regional"
"6488";"NEFLOPLA";NA;NA;"Ativa";"IBGE";"Agropecuária";"Utilização das terras  - matas plantadas (artificiais)-estabelecimentos";"Utilização das terras  - matas plantadas (artificias)-estabelecimentos";"Não oculta";"Internet";NA;0;NA;NA;NA;"NEFLOPLA";"Internet";"Regional"
"6489";"NETENUT";NA;NA;"Ativa";"IBGE";"Agropecuária";"Utilização das terras  - terras produtivas nao utilizadas - estabelecimentos";"Utilização das terras  - terras produtivas nao utilizadas - estabelecimentos";"Não oculta";"Internet";NA;0;NA;NA;NA;"NETENUT";"Internet";"Regional"
"6490";"NETINAP";NA;NA;"Ativa";"IBGE";"Agropecuária";"Utilização das terras  - terras inaproveitáveis - estabelecimentos";"Utilização das terras  - terras inaproveitáveis - estabelecimentos";"Não oculta";"Internet";NA;0;NA;NA;NA;"NETINAP";"Internet";"Regional"
"6491";"KIN";NA;NA;"Ativa";"IPEA";"Estoque de capital";"Estoque líquido capital - privado - indústria";"Estoque líquido capital - privado - indústria";"Não oculta";"Internet";NA;0;NA;NA;NA;"KIN";"Internet";"Regional"
"6492";"KLCR";NA;NA;"Ativa";"IPEA";"Estoque de capital";"Estoque líquido capital - privado - construção";"Estoque líquido capital - privado - construção";"Não oculta";"Internet";NA;0;NA;NA;NA;"KLCR";"Internet";"Regional"
"6493";"KLPACR";NA;NA;"Ativa";"IPEA";"Estoque de capital";"Estoque líquido capital - privado - agropecuária - construção não residencial";"Estoque líquido capital - privado - agropecuária - construção não residencial";"Não oculta";"Internet";NA;0;NA;NA;NA;"KLPACR";"Internet";"Regional"
"6494";"KLPAMR";NA;NA;"Ativa";"IPEA";"Estoque de capital";"Estoque líquido capital - privado - agropecuária - máquinas e equipamentos";"Estoque líquido capital - privado - agropecuária - máquinas e equipamentos";"Não oculta";"Internet";NA;0;NA;NA;NA;"KLPAMR";"Internet";"Regional"
"6495";"KLPAOR";NA;NA;"Ativa";"IPEA";"Estoque de capital";"Estoque líquido capital - privado - agropecuária - outros";"Estoque líquido capital - privado - agropecuária - outros";"Não oculta";"Internet";NA;0;NA;NA;NA;"KLPAOR";"Internet";"Regional"
"6496";"KLPAR";NA;NA;"Ativa";"IPEA";"Estoque de capital";"Estoque líquido capital - privado - agropecuária";"Estoque líquido capital - privado - agropecuária";"Não oculta";"Internet";NA;0;NA;NA;NA;"KLPAR";"Internet";"Regional"
"6497";"KLPCCR";NA;NA;"Ativa";"IPEA";"Estoque de capital";"Estoque líquido capital - privado - comércio - construção não residencial";"Estoque líquido capital - privado - comércio - construção não residencial";"Não oculta";"Internet";NA;0;NA;NA;NA;"KLPCCR";"Internet";"Regional"
"6498";"KLPCMR";NA;NA;"Ativa";"IPEA";"Estoque de capital";"Estoque líquido capital - privado - comércio - máquinas e equipamentos";"Estoque líquido capital - privado - comércio - máquinas e equipamentos";"Não oculta";"Internet";NA;0;NA;NA;NA;"KLPCMR";"Internet";"Regional"
"6499";"KLPCOR";NA;NA;"Ativa";"IPEA";"Estoque de capital";"Estoque líquido capital - privado - comércio - outros";"Estoque líquido capital - privado - comércio - outros";"Não oculta";"Internet";NA;0;NA;NA;NA;"KLPCOR";"Internet";"Regional"
"6500";"KLPCR";NA;NA;"Ativa";"IPEA";"Estoque de capital";"Estoque líquido capital - privado - comércio";"Estoque líquido capital - privado - comércio";"Não oculta";"Internet";NA;0;NA;NA;NA;"KLPCR";"Internet";"Regional"
"6501";"KLPECR";NA;NA;"Ativa";"IPEA";"Estoque de capital";"Estoque líquido capital - privado - construção não residencial";"Estoque líquido capital - privado - construção não residencial";"Não oculta";"Internet";NA;0;NA;NA;NA;"KLPECR";"Internet";"Regional"
"6502";"KLPEMR";NA;NA;"Ativa";"IPEA";"Estoque de capital";"Estoque líquido capital - privado - máquinas e equipamentos";"Estoque líquido capital - privado - máquinas e equipamentos";"Não oculta";"Internet";NA;0;NA;NA;NA;"KLPEMR";"Internet";"Regional"
"6503";"KLPEOR";NA;NA;"Ativa";"IPEA";"Estoque de capital";"Estoque líquido capital - privado - outros";"Estoque líquido capital - privado - outros";"Não oculta";"Internet";NA;0;NA;NA;NA;"KLPEOR";"Internet";"Regional"
"6504";"KLPICR";NA;NA;"Ativa";"IPEA";"Estoque de capital";"Estoque líquido capital - privado - indústria - construção não residencial";"Estoque líquido capital - privado - indústria - construção não residencial";"Não oculta";"Internet";NA;0;NA;NA;NA;"KLPICR";"Internet";"Regional"
"6505";"KLPIMR";NA;NA;"Ativa";"IPEA";"Estoque de capital";"Estoque líquido capital - privado - indústria - máquinas e equipamentos";"Estoque líquido capital - privado - indústria - máquinas e equipamentos";"Não oculta";"Internet";NA;0;NA;NA;NA;"KLPIMR";"Internet";"Regional"
"6506";"KLPIOR";NA;NA;"Ativa";"IPEA";"Estoque de capital";"Estoque líquido capital - privado - indústria - outros";"Estoque líquido capital - privado - indústria - outros";"Não oculta";"Internet";NA;0;NA;NA;NA;"KLPIOR";"Internet";"Regional"
"6507";"KLPRR";NA;NA;"Ativa";"IPEA";"Estoque de capital";"Estoque líquido capital - privado - construção residencial";"Estoque líquido capital - privado - construção residencial";"Não oculta";"Internet";NA;0;NA;NA;NA;"KLPRR";"Internet";"Regional"
"6508";"KLPSCR";NA;NA;"Ativa";"IPEA";"Estoque de capital";"Estoque líquido capital - privado - serviços - construção não residencial";"Estoque líquido capital - privado - serviços - construção não residencial";"Não oculta";"Internet";NA;0;NA;NA;NA;"KLPSCR";"Internet";"Regional"
"6509";"KLPSMR";NA;NA;"Ativa";"IPEA";"Estoque de capital";"Estoque líquido capital - privado - serviços - máquinas e equipamentos";"Estoque líquido capital - privado - serviços - máquinas e equipamentos";"Não oculta";"Internet";NA;0;NA;NA;NA;"KLPSMR";"Internet";"Regional"
"6510";"KLPSOR";NA;NA;"Ativa";"IPEA";"Estoque de capital";"Estoque líquido capital - privado - serviços - outros";"Estoque líquido capital - privado - serviços - outros";"Não oculta";"Internet";NA;0;NA;NA;NA;"KLPSOR";"Internet";"Regional"
"6511";"KLPSR";NA;NA;"Ativa";"IPEA";"Estoque de capital";"Estoque líquido capital - privado - serviços";"Estoque líquido capital - privado - serviços";"Não oculta";"Internet";NA;0;NA;NA;NA;"KLPSR";"Internet";"Regional"
"6512";"KLPTR";NA;NA;"Ativa";"IPEA";"Estoque de capital";"Estoque líquido capital - privado";"Estoque líquido capital - privado";"Não oculta";"Internet";NA;0;NA;NA;NA;"KLPTR";"Internet";"Regional"
"6513";"KLPER";NA;NA;"Ativa";"IPEA";"Estoque de capital";"Estoque líquido capital - privado - empresas";"Estoque líquido capital - privado - empresas";"Não oculta";"Internet";NA;0;NA;NA;NA;"KLPER";"Internet";"Regional"
"6514";"IFDM";NA;NA;"Ativa";"Firjan";"Desenvolvimento humano";"IFDM";"Índice Firjan de Desenvolvimento Municipal (IFDM)";"Não oculta";"Internet";180;0;NA;NA;NA;"IFDM";"Internet";"Social"
"6515";"IFDM_EMPR";NA;NA;"Ativa";"Firjan";"Desenvolvimento humano";"IFDM - emprego & renda";"Índice Firjan de Desenvolvimento Municipal (IFDM) - emprego & renda";"Não oculta";"Internet";180;0;NA;NA;NA;"IFDM";"Internet";"Social"
"6516";"IFDM_EDUC";NA;NA;"Ativa";"Firjan";"Desenvolvimento humano";"IFDM - educação";"Índice Firjan de Desenvolvimento Municipal (IFDM) - educação";"Não oculta";"Internet";180;0;NA;NA;NA;"IFDM";"Internet";"Social"
"6517";"IFDM_SAUD";NA;NA;"Ativa";"Firjan";"Desenvolvimento humano";"IFDM - saúde";"Índice Firjan de Desenvolvimento Municipal (IFDM) - saúde";"Não oculta";"Internet";180;0;NA;NA;NA;"IFDM";"Internet";"Social"
"6518";"IFDM_RANK";NA;NA;"Ativa";"Firjan";"Desenvolvimento humano";"IFDM - posição no ranking nacional";"Índice Firjan de Desenvolvimento Municipal (IFDM) - posição no ranking nacional";"Oculta";"Internet";180;0;NA;NA;NA;"IFDM";"Oculta";"Social"
"6519";"GM366_EUROC366";NA;NA;"Ativa";"Bacen Outras/SGS";"Câmbio";"Zona do Euro - taxa de câmbio - R$ / euro - compra - média";"Zona do Euro - taxa de câmbio: real / euro - compra - média";"Não oculta";"Internet";1;0;0;"Incluída em 03/dez/2008.";NA;"GM366";"Internet";"Macro"
"6520";"GM366_EUROV366";NA;NA;"Ativa";"Bacen Outras/SGS";"Câmbio";"Zona do Euro - taxa de câmbio - R$ / euro - venda - média";"Zona do Euro - taxa de câmbio: real / euro - venda - média";"Não oculta";"Internet";1;0;0;"Incluída em 03/dez/2008.";NA;"GM366";"Internet";"Macro"
"6521";"BM366_XCC366";NA;NA;"Ativa";"Bacen/Boletim/BP";"Câmbio";"Câmbio contratado - operações com clientes no segmento comercial - exportação";"Câmbio contratado - operações com clientes no segmento comercial - exportação";"Não oculta";"Internet";15;0;0;NA;NA;"BM366";"Internet";"Macro"
"6522";"BM366_XCCACC366";NA;NA;"Ativa";"Bacen/Boletim/BP";"Câmbio";"Câmbio contratado - operações com clientes no segmento comercial - exportação - ACC";"Câmbio contratado - operações com clientes no segmento comercial - exportação - ACC";"Não oculta";"Internet";15;0;0;NA;NA;"BM366";"Internet";"Macro"
"6523";"BM366_XCCPA366";NA;NA;"Ativa";"Bacen/Boletim/BP";"Câmbio";"Câmbio contratado - operações com clientes no segmento comercial - exportação - PA";"Câmbio contratado - operações com clientes no segmento comercial - exportação - PA";"Não oculta";"Internet";15;0;0;NA;NA;"BM366";"Internet";"Macro"
"6524";"BM366_XCCDEMAIS366";NA;NA;"Ativa";"Bacen/Boletim/BP";"Câmbio";"Câmbio contratado - operações com clientes no segmento comercial - exportação - demais";"Câmbio contratado - operações com clientes no segmento comercial - exportação - demais";"Não oculta";"Internet";15;0;0;NA;NA;"BM366";"Internet";"Macro"
"6525";"BM366_MCC366";NA;NA;"Ativa";"Bacen/Boletim/BP";"Câmbio";"Câmbio contratado - operações com clientes no segmento comercial - importação";"Câmbio contratado - operações com clientes no segmento comercial - importação";"Não oculta";"Internet";15;0;0;NA;NA;"BM366";"Internet";"Macro"
"6526";"BM366_SBCCC366";NA;NA;"Ativa";"Bacen/Boletim/BP";"Câmbio";"Câmbio contratado - operações com clientes no segmento comercial";"Câmbio contratado - operações com clientes no segmento comercial";"Não oculta";"Internet";15;0;0;NA;NA;"BM366";"Internet";"Macro"
"6527";"CESBTOTAL";NA;NA;"Ativa";"Dieese";"Preços";"Cesta básica - gasto  mensal";"Cesta básica - gasto  mensal";"Não oculta";"Internet";NA;0;NA;NA;NA;"CESBTOTAL";"Internet";"Regional"
"6528";"CESBCARNE";NA;NA;"Ativa";"Dieese";"Preços";"Cesta básica - carne - preço mensal";"Cesta básica - carne - preço mensal";"Não oculta";"Internet";NA;0;NA;NA;NA;"CESBCARNE";"Internet";"Regional"
"6529";"CESBLEITE";NA;NA;"Ativa";"Dieese";"Preços";"Cesta básica - leite - preço mensal";"Cesta básica - leite - preço mensal";"Não oculta";"Internet";NA;0;NA;NA;NA;"CESBLEITE";"Internet";"Regional"
"6530";"CESBFEIJAO";NA;NA;"Ativa";"Dieese";"Preços";"Cesta básica - feijão - preço mensal";"Cesta básica - feijão - preço mensal";"Não oculta";"Internet";NA;0;NA;NA;NA;"CESBFEIJAO";"Internet";"Regional"
"6531";"CESBARROZ";NA;NA;"Ativa";"Dieese";"Preços";"Cesta básica - arroz - preço mensal";"Cesta básica - arroz - preço mensal";"Não oculta";"Internet";NA;0;NA;NA;NA;"CESBARROZ";"Internet";"Regional"
"6532";"CESBFARINHA";NA;NA;"Ativa";"Dieese";"Preços";"Cesta básica - farinha - preço mensal";"Cesta básica - farinha - preço mensal";"Não oculta";"Internet";NA;0;NA;NA;NA;"CESBFARINHA";"Internet";"Regional"
"6533";"CESBBATATA";NA;NA;"Ativa";"Dieese";"Preços";"Cesta básica - batata - preço mensal";"Cesta básica - batata - preço mensal";"Não oculta";"Internet";NA;0;NA;NA;NA;"CESBBATATA";"Internet";"Regional"
"6534";"CESBTOMATE";NA;NA;"Ativa";"Dieese";"Preços";"Cesta básica - tomate - preço mensal";"Cesta básica - tomate - preço mensal";"Não oculta";"Internet";NA;0;NA;NA;NA;"CESBTOMATE";"Internet";"Regional"
"6535";"CESBPAO";NA;NA;"Ativa";"Dieese";"Preços";"Cesta básica - pão - preço mensal";"Cesta básica - pão - preço mensal";"Não oculta";"Internet";NA;0;NA;NA;NA;"CESBPAO";"Internet";"Regional"
"6536";"CESBCAFE";NA;NA;"Ativa";"Dieese";"Preços";"Cesta básica - café - preço mensal";"Cesta básica - café - preço mensal";"Não oculta";"Internet";NA;0;NA;NA;NA;"CESBCAFE";"Internet";"Regional"
"6537";"CESBBANANA";NA;NA;"Ativa";"Dieese";"Preços";"Cesta básica - banana - preço mensal";"Cesta básica - banana - preço mensal";"Não oculta";"Internet";NA;0;NA;NA;NA;"CESBBANANA";"Internet";"Regional"
"6538";"CESBACUCAR";NA;NA;"Ativa";"Dieese";"Preços";"Cesta básica - açúcar - preço mensal";"Cesta básica - açúcar - preço mensal";"Não oculta";"Internet";NA;0;NA;NA;NA;"CESBACUCAR";"Internet";"Regional"
"6539";"CESBOLEO";NA;NA;"Ativa";"Dieese";"Preços";"Cesta básica - óleo - preço mensal";"Cesta básica - óleo - preço mensal";"Não oculta";"Internet";NA;0;NA;NA;NA;"CESBOLEO";"Internet";"Regional"
"6540";"CESBMANTEIGA";NA;NA;"Ativa";"Dieese";"Preços";"Cesta básica - manteiga - preço mensal";"Cesta básica - manteiga - preço mensal";"Não oculta";"Internet";NA;0;NA;NA;NA;"CESBMANTEIGA";"Internet";"Regional"
"6541";"EMPAGRTRAT";NA;NA;"Ativa";"FGV/Conj. Econômica";"Preços";"Serviço de empreitada agrícola - trator";"Serviço de empreitada agrícola - trator";"Não oculta";"Intranet";NA;0;NA;NA;NA;"EMPAGRTRAT";"Intranet";"Regional"
"6542";"EMPAGRTRANIM";NA;NA;"Ativa";"FGV/Conj. Econômica";"Preços";"Serviço de empreitada agrícola - tração animal";"Serviço de empreitada agrícola - tração animal";"Não oculta";"Intranet";NA;0;NA;NA;NA;"EMPAGRTRANIM";"Intranet";"Regional"
"6543";"EMPAGRCAM";NA;NA;"Ativa";"FGV/Conj. Econômica";"Preços";"Serviço de empreitada agrícola - caminhão";"Serviço de empreitada agrícola - caminhão";"Não oculta";"Intranet";NA;0;NA;NA;NA;"EMPAGRCAM";"Intranet";"Regional"
"6544";"EMPAGRTRAFLU";NA;NA;"Ativa";"FGV/Conj. Econômica";"Preços";"Serviço de empreitada agrícola - transporte fluvial";"Serviço de empreitada agrícola - transporte fluvial";"Não oculta";"Intranet";NA;0;NA;NA;NA;"EMPAGRTRAFLU";"Intranet";"Regional"
"6545";"IBMEC12_APEMTJ12";NA;NA;"Inativa";"IBMEC";"Financeiras";"Apólices de diversas emissões - cotações médias mensais";"Apólices de diversas emissões - cotações médias mensais";"Não oculta";"Internet";90;0;1;"Incluída em 16/jan/20059.";NA;"IBMEC12";"Internet";"Macro"
"6546";"IBMEC12_APEM12";NA;NA;"Inativa";"IBMEC";"Financeiras";"Apólices de diversas emissões - taxa implícita de juros";"Apólices de diversas emissões - taxa implícita de juros";"Não oculta";"Internet";90;0;1;"Incluída em 16/jan/20059.";NA;"IBMEC12";"Internet";"Macro"
"6547";"IBMEC12_OTN12";NA;NA;"Inativa";"IBMEC";"Financeiras";"Obrigações do Tesouro Nacional - cotações médias mensais";"Obrigações do Tesouro Nacional - cotações médias mensais";"Não oculta";"Internet";90;0;1;"Incluída em 16/jan/20059.";NA;"IBMEC12";"Internet";"Macro"
"6548";"IBMEC12_OTNTJ12";NA;NA;"Inativa";"IBMEC";"Financeiras";"Obrigações do Tesouro Nacional - taxa implícita de juros";"Obrigações do Tesouro Nacional - taxa implícita de juros";"Não oculta";"Internet";90;0;1;"Incluída em 16/jan/20059.";NA;"IBMEC12";"Internet";"Macro"
"6549";"IBMEC12_TJTIT12";NA;NA;"Inativa";"IBMEC";"Financeiras";"Taxa de juros - letras de câmbio";"Taxa de juros - letras de câmbio";"Não oculta";"Internet";90;0;1;"Incluída em 16/jan/20059.";NA;"IBMEC12";"Internet";"Macro"
"6550";"IBMEC12_OTNRTJ12";NA;NA;"Inativa";"IBMEC";"Financeiras";"Taxa de juros - obrigações reajustáveis do Tesouro Nacional";"Taxa de juros - obrigações reajustáveis do Tesouro Nacional";"Não oculta";"Internet";90;0;1;"Incluída em 16/jan/20059.";NA;"IBMEC12";"Internet";"Macro"
"6551";"IBMEC12_TJLM12";NA;NA;"Inativa";"IBMEC";"Financeiras";"Taxa de juros - letras imobiliárias";"Taxa de juros nominal - Letras imobiliárias";"Não oculta";"Internet";90;0;1;"Incluída em 16/jan/20059.";NA;"IBMEC12";"Internet";"Macro"
"6552";"IBMEC12_TJEMP12";NA;NA;"Inativa";"IBMEC";"Financeiras";"Taxa de juros paga pelo tomador do empréstimo por aceite cambial";"Taxa de juros paga pelo tomador do empréstimo por aceite cambial";"Não oculta";"Internet";90;0;1;"Incluída em 16/jan/20059.";NA;"IBMEC12";"Internet";"Macro"
"6553";"inf1";NA;NA;"Ativa";"IBGE";"Mercado de trabalho";"Grau de informalidade - definição I";"Grau de informalidade - definição I";"Não oculta";"Internet";NA;0;NA;NA;NA;"inf1";"Internet";"Social"
"6554";"inf2";NA;NA;"Ativa";"IBGE";"Mercado de trabalho";"Grau de informalidade - definição II";"Grau de informalidade - definição II";"Não oculta";"Internet";NA;0;NA;NA;NA;"inf2";"Internet";"Social"
"6555";"inf3";NA;NA;"Ativa";"IBGE";"Mercado de trabalho";"Grau de informalidade - definição III";"Grau de informalidade - definição III";"Não oculta";"Internet";NA;0;NA;NA;NA;"inf3";"Internet";"Social"
"6556";"inf1_Metr";NA;NA;"Ativa";"IBGE";"Mercado de trabalho";"Grau de informalidade - definição I - áreas metropolitanas";"Grau de informalidade - definição I - áreas metropolitanas";"Não oculta";"Internet";NA;0;NA;NA;NA;"inf1";"Internet";"Social"
"6557";"inf2_Metr";NA;NA;"Ativa";"IBGE";"Mercado de trabalho";"Grau de informalidade - definição II - áreas metropolitanas";"Grau de informalidade - definição II - áreas metropolitanas";"Não oculta";"Internet";NA;0;NA;NA;NA;"inf2";"Internet";"Social"
"6558";"inf3_Metr";NA;NA;"Ativa";"IBGE";"Mercado de trabalho";"Grau de informalidade - definição III - áreas metropolitanas";"Grau de informalidade - definição III - áreas metropolitanas";"Não oculta";"Internet";NA;0;NA;NA;NA;"inf3";"Internet";"Social"
"6559";"inf1_NaoM";NA;NA;"Ativa";"IBGE";"Mercado de trabalho";"Grau de informalidade - definição I - áreas não-metropolitanas";"Grau de informalidade - definição I - áreas não-metropolitanas";"Não oculta";"Internet";NA;0;NA;NA;NA;"inf1";"Internet";"Social"
"6560";"inf2_NaoM";NA;NA;"Ativa";"IBGE";"Mercado de trabalho";"Grau de informalidade - definição II - áreas não-metropolitanas";"Grau de informalidade - definição II - áreas não-metropolitanas";"Não oculta";"Internet";NA;0;NA;NA;NA;"inf2";"Internet";"Social"
"6561";"inf3_NaoM";NA;NA;"Ativa";"IBGE";"Mercado de trabalho";"Grau de informalidade - definição III - áreas não-metropolitanas";"Grau de informalidade - definição III - áreas não-metropolitanas";"Não oculta";"Internet";NA;0;NA;NA;NA;"inf3";"Internet";"Social"
"6562";"inf1_Urb";NA;NA;"Ativa";"IBGE";"Mercado de trabalho";"Grau de informalidade - definição I - áreas urbanas não-metropolitanas";"Grau de informalidade - definição I - áreas urbanas não-metropolitanas";"Não oculta";"Internet";NA;0;NA;NA;NA;"inf1";"Internet";"Social"
"6563";"inf2_Urb";NA;NA;"Ativa";"IBGE";"Mercado de trabalho";"Grau de informalidade - definição II - áreas urbanas não-metropolitanas";"Grau de informalidade - definição II - áreas urbanas não-metropolitanas";"Não oculta";"Internet";NA;0;NA;NA;NA;"inf2";"Internet";"Social"
"6564";"inf3_Urb";NA;NA;"Ativa";"IBGE";"Mercado de trabalho";"Grau de informalidade - definição III - áreas urbanas não-metropolitanas";"Grau de informalidade - definição III - áreas urbanas não-metropolitanas";"Não oculta";"Internet";NA;0;NA;NA;NA;"inf3";"Internet";"Social"
"6565";"inf1_Rur";NA;NA;"Ativa";"IBGE";"Mercado de trabalho";"Grau de informalidade - definição I - áreas rurais";"Grau de informalidade - definição I - áreas rurais";"Não oculta";"Internet";NA;0;NA;NA;NA;"inf1";"Internet";"Social"
"6566";"inf2_Rur";NA;NA;"Ativa";"IBGE";"Mercado de trabalho";"Grau de informalidade - definição II - áreas rurais";"Grau de informalidade - definição II - áreas rurais";"Não oculta";"Internet";NA;0;NA;NA;NA;"inf2";"Internet";"Social"
"6567";"inf3_Rur";NA;NA;"Ativa";"IBGE";"Mercado de trabalho";"Grau de informalidade - definição III - áreas rurais";"Grau de informalidade - definição III - áreas rurais";"Não oculta";"Internet";NA;0;NA;NA;NA;"inf3";"Internet";"Social"
"6568";"GiniPnad";NA;NA;"Ativa";"IBGE";"Renda";"Desigualdade - coeficiente de Gini da renda domiciliar per capita";"Desigualdade - coeficiente de Gini da renda domiciliar per capita";"Oculta";"Intranet";NA;0;NA;NA;NA;"GiniPnad";"Oculta";"Social"
"6569";"Gini_NaoM";NA;NA;"Ativa";"IBGE";"Renda";"Desigualdade - coeficiente de Gini da renda domiciliar per capita - áreas urbanas não-metropolitanas";"Desigualdade - coeficiente de Gini da renda domiciliar per capita - áreas urbanas não-metropolitanas";"Oculta";"Intranet";NA;0;NA;NA;NA;"Gini";"Oculta";"Social"
"6570";"Gini_Metr";NA;NA;"Ativa";"IBGE";"Renda";"Desigualdade - coeficiente de Gini da renda domiciliar per capita - áreas metropolitanas";"Desigualdade - coeficiente de Gini da renda domiciliar per capita - áreas metropolitanas";"Oculta";"Intranet";NA;0;NA;NA;NA;"Gini";"Oculta";"Social"
"6571";"Gini_Rura";NA;NA;"Ativa";"IBGE";"Renda";"Desigualdade - coeficiente de Gini da renda domiciliar per capita - áreas rurais";"Desigualdade - coeficiente de Gini da renda domiciliar per capita - áreas rurais";"Oculta";"Intranet";NA;0;NA;NA;NA;"Gini";"Oculta";"Social"
"6572";"Dese_Pnad";NA;NA;"Ativa";"IBGE";"Mercado de trabalho";"Taxa de desemprego";"Taxa de desemprego";"Não oculta";"Internet";NA;0;NA;NA;NA;"Dese";"Internet";"Social"
"6573";"Dese_NaoM";NA;NA;"Ativa";"IBGE";"Mercado de trabalho";"Taxa de desemprego - áreas não-metropolitanas";"Taxa de desemprego - áreas não-metropolitanas";"Não oculta";"Internet";NA;0;NA;NA;NA;"Dese";"Internet";"Social"
"6574";"Dese_Metr";NA;NA;"Ativa";"IBGE";"Mercado de trabalho";"Taxa de desemprego - áreas metropolitanas";"Taxa de desemprego - áreas metropolitanas";"Não oculta";"Internet";NA;0;NA;NA;NA;"Dese";"Internet";"Social"
"6575";"Dese_Rura";NA;NA;"Ativa";"IBGE";"Mercado de trabalho";"Taxa de desemprego - áreas rurais";"Taxa de desemprego - áreas rurais";"Não oculta";"Internet";NA;0;NA;NA;NA;"Dese";"Internet";"Social"
"6576";"Dese_Urba";NA;NA;"Ativa";"IBGE";"Mercado de trabalho";"Taxa de desemprego - áreas urbanas não-metropolitanas";"Taxa de desemprego - áreas urbanas não-metropolitanas";"Não oculta";"Internet";NA;0;NA;NA;NA;"Dese";"Internet";"Social"
"6577";"SCN12_PRODMEL12";NA;NA;"Inativa";"IBGE/SCN Consolidado";"Contas nacionais";"Produção industrial - produtos de metal - exclusive máquinas e equipamento - base móvel";"Produção industrial - produtos de metal - exclusive máquinas e equipamento - base móvel (média do ano anterior = 1)";"Oculta";"Intranet";360;0;0;NA;NA;"SCN12";"Oculta";"Macro"
"6578";"SCN12_MAQEQUI12";NA;NA;"Inativa";"IBGE/SCN Consolidado";"Contas nacionais";"Produção industrial - máquinas e equipamentos, inclusive manutenção e reparos - base móvel";"Produção industrial - máquinas e equipamentos, inclusive manutenção e reparos - base móvel (média do ano anterior = 1)";"Oculta";"Intranet";360;0;0;NA;NA;"SCN12";"Oculta";"Macro"
"6579";"SCN12_ELETRO12";NA;NA;"Inativa";"IBGE/SCN Consolidado";"Contas nacionais";"Produção industrial - eletrodomésticos - base móvel";"Produção industrial - eletrodomésticos - base móvel (média do ano anterior = 1)";"Oculta";"Intranet";360;0;0;NA;NA;"SCN12";"Oculta";"Macro"
"6580";"SCN12_MAQINFO12";NA;NA;"Inativa";"IBGE/SCN Consolidado";"Contas nacionais";"Produção industrial - máquinas para escritório e equipamentos de informática - base móvel";"Produção industrial - máquinas para escritório e equipamentos de informática - base móvel (média do ano anterior = 1)";"Oculta";"Intranet";360;0;0;NA;NA;"SCN12";"Oculta";"Macro"
"6581";"SCN12_MAQELETRO12";NA;NA;"Inativa";"IBGE/SCN Consolidado";"Contas nacionais";"Produção industrial - máquinas, aparelhos e materiais elétricos - base móvel";"Produção industrial - máquinas, aparelhos e materiais elétricos - base móvel (média do ano anterior = 1)";"Oculta";"Intranet";360;0;0;NA;NA;"SCN12";"Oculta";"Macro"
"6582";"SCN12_MAQCOMUNIC12";NA;NA;"Inativa";"IBGE/SCN Consolidado";"Contas nacionais";"Produção industrial - material eletrônico e equipamentos de comunicações - base móvel";"Produção industrial - material eletrônico e equipamentos de comunicações - base móvel (média do ano anterior = 1)";"Oculta";"Intranet";360;0;0;NA;NA;"SCN12";"Oculta";"Macro"
"6583";"SCN12_HOSP12";NA;NA;"Inativa";"IBGE/SCN Consolidado";"Contas nacionais";"Produção industrial - aparelhos/instrumentos médico-hospitalar, medida e óptico - base móvel";"Produção industrial - aparelhos/instrumentos médico-hospitalar, medida e óptico - base móvel (média do ano anterior = 1)";"Oculta";"Intranet";360;0;0;NA;NA;"SCN12";"Oculta";"Macro"
"6584";"SCN12_AUTOCAMUTI12";NA;NA;"Inativa";"IBGE/SCN Consolidado";"Contas nacionais";"Produção industrial - automóveis, camionetas e utilitários - base móvel";"Produção industrial - automóveis, camionetas e utilitários - base móvel (média do ano anterior = 1)";"Oculta";"Intranet";360;0;0;NA;NA;"SCN12";"Oculta";"Macro"
"6585";"SCN12_CAMONI12";NA;NA;"Inativa";"IBGE/SCN Consolidado";"Contas nacionais";"Produção industrial - caminhões e ônibus - base móvel";"Produção industrial - caminhões e ônibus - base móvel (média do ano anterior = 1)";"Oculta";"Intranet";360;0;0;NA;NA;"SCN12";"Oculta";"Macro"
"6586";"SCN12_ACESSAUTO12";NA;NA;"Inativa";"IBGE/SCN Consolidado";"Contas nacionais";"Produção industrial - peças e acessórios para veículos automotores - base móvel";"Produção industrial - peças e acessórios para veículos automotores - base móvel (média do ano anterior = 1)";"Oculta";"Intranet";360;0;0;NA;NA;"SCN12";"Oculta";"Macro"
"6587";"SCN12_OUTEQTRANSP12";NA;NA;"Inativa";"IBGE/SCN Consolidado";"Contas nacionais";"Produção industrial - outros equipamentos de transporte - base móvel";"Produção industrial - outros equipamentos de transporte - base móvel (média do ano anterior = 1)";"Oculta";"Intranet";360;0;0;NA;NA;"SCN12";"Oculta";"Macro"
"6588";"DEPIS_ESVIDA";NA;NA;"Ativa";"IBGE/Pop";"Indicadores sociais";"Esperança de vida ao nascer";"Esperança de vida ao nascer";"Não oculta";"Internet";360;0;0;"Revisada em 06 de novembro de 2013.";NA;"DEPIS";"Internet";"Macro"
"6589";"DEPIS_ESVIDAH";NA;NA;"Ativa";"IBGE/Pop";"Indicadores sociais";"Esperança de vida ao nascer - homens";"Esperança de vida ao nascer - homens";"Não oculta";"Internet";360;0;0;"Revisada em 06 de novembro de 2013.";NA;"DEPIS";"Internet";"Macro"
"6590";"DEPIS_ESVIDAM";NA;NA;"Ativa";"IBGE/Pop";"Indicadores sociais";"Esperança de vida ao nascer - mulheres";"Esperança de vida ao nascer - mulheres";"Não oculta";"Internet";360;0;0;"Revisada em 06 de novembro de 2013.";NA;"DEPIS";"Internet";"Macro"
"6591";"DEPIS_TMI";NA;NA;"Ativa";"IBGE/Pop";"Indicadores sociais";"Taxa de mortalidade infantil  (por mil nascidos vivos)";"Taxa de mortalidade infantil (por mil nascidos vivos)";"Não oculta";"Internet";360;0;0;"Revisada em 06 de novembro de 2013.";NA;"DEPIS";"Internet";"Macro"
"6592";"DEPIS_TMIH";NA;NA;"Ativa";"IBGE/Pop";"Indicadores sociais";"Taxa de mortalidade infantil- homens  (por mil nascidos vivos)";"Taxa de mortalidade infantil- homens (por mil nascidos vivos)";"Não oculta";"Internet";360;0;0;"Revisada em 06 de novembro de 2013.";NA;"DEPIS";"Internet";"Macro"
"6593";"DEPIS_TMIM";NA;NA;"Ativa";"IBGE/Pop";"Indicadores sociais";"Taxa de mortalidade infantil- mulheres  (por mil nascidos vivos)";"Taxa de mortalidade infantil- mulheres (por mil nascidos vivos)";"Não oculta";"Internet";360;0;0;"Revisada em 06 de novembro de 2013.";NA;"DEPIS";"Internet";"Macro"
"6594";"DEPIS_TFEC";NA;NA;"Ativa";"IBGE/Pop";"Indicadores sociais";"Taxa de fecundidade";"Taxa de fecundidade";"Não oculta";"Internet";360;0;0;"Revisada em 06 de novembro de 2013.";NA;"DEPIS";"Internet";"Macro"
"6595";"DEPIS_ESVIDAP";NA;NA;"Ativa";"IBGE/Pop";"Projeções";"Esperança de vida ao nascer - projeção";"Esperança de vida ao nascer";"Não oculta";"Internet";360;0;0;"Revisada em 06 de novembro de 2013.";NA;"DEPIS";"Internet";"Macro"
"6596";"DEPIS_ESVIDAHP";NA;NA;"Ativa";"IBGE/Pop";"Projeções";"Esperança de vida ao nascer - homens - projeção";"Esperança de vida ao nascer - homens";"Não oculta";"Internet";360;0;0;"Revisada em 06 de novembro de 2013.";NA;"DEPIS";"Internet";"Macro"
"6597";"DEPIS_ESVIDAMP";NA;NA;"Ativa";"IBGE/Pop";"Projeções";"Esperança de vida ao nascer - mulheres - projeção";"Esperança de vida ao nascer - mulheres";"Não oculta";"Internet";360;0;0;"Revisada em 06 de novembro de 2013.";NA;"DEPIS";"Internet";"Macro"
"6598";"DEPIS_TMIP";NA;NA;"Ativa";"IBGE/Pop";"Projeções";"Taxa de mortalidade infantil- projeção  (por mil nascidos vivos)";"Taxa de mortalidade infantil- projeção (por mil nascidos vivos)";"Não oculta";"Internet";360;0;0;"Revisada em 06 de novembro de 2013.";NA;"DEPIS";"Internet";"Macro"
"6599";"DEPIS_TMIHP";NA;NA;"Ativa";"IBGE/Pop";"Projeções";"Taxa de mortalidade infantil- homens - projeção  (por mil nascidos vivos)";"Taxa de mortalidade infantil- homens - projeção (por mil nascidos vivos)";"Não oculta";"Internet";360;0;0;"Revisada em 06 de novembro de 2013.";NA;"DEPIS";"Internet";"Macro"
"6600";"DEPIS_TMIMP";NA;NA;"Ativa";"IBGE/Pop";"Projeções";"Taxa de mortalidadei nfantil - mulheres - projeção  (por mil nascidos vivos)";"Taxa de mortalidadei nfantil - mulheres - projeção";"Não oculta";"Internet";360;0;0;"Revisada em 06 de novembro de 2013.";NA;"DEPIS";"Internet";"Macro"
"6601";"DEPIS_TFECP";NA;NA;"Ativa";"IBGE/Pop";"Projeções";"Taxa de fecundidade - projeção";"Taxa de fecundidade";"Não oculta";"Internet";360;0;0;"Revisada em 06 de novembro de 2013.";NA;"DEPIS";"Internet";"Macro"
"6602";"ACO";NA;NA;"Ativa";"OUTFONTE";"Preços";"Preço médio - aço - arroba";"Preço médio - aço - arroba";"Não oculta";"Internet";NA;0;NA;NA;NA;"ACO";"Internet";"Regional"
"6603";"ACUCAR_BRANCO";NA;NA;"Ativa";"OUTFONTE";"Preços";"Preço médio - açúcar branco - arroba";"Preço médio - açúcar branco - arroba";"Não oculta";"Internet";NA;0;NA;NA;NA;"ACUCAR";"Internet";"Regional"
"6604";"ACUCAR_MASCAVO";NA;NA;"Ativa";"OUTFONTE";"Preços";"Preço médio - açúcar mascavo - arroba";"Preço médio - açúcar mascavo - arroba";"Não oculta";"Internet";NA;0;NA;NA;NA;"ACUCAR";"Internet";"Regional"
"6605";"AGUARDENTE";NA;NA;"Ativa";"OUTFONTE";"Preços";"Preço médio - aguardente - canada";"Preço médio - aguardente - canada";"Não oculta";"Internet";NA;0;NA;NA;NA;"AGUARDENTE";"Internet";"Regional"
"6606";"ALETRIA";NA;NA;"Ativa";"OUTFONTE";"Preços";"Preço médio - aletria - libra";"Preço médio - aletria - libra";"Não oculta";"Internet";NA;0;NA;NA;NA;"ALETRIA";"Internet";"Regional"
"6607";"ALGODAO";NA;NA;"Ativa";"OUTFONTE";"Preços";"Preço médio - algodão - arroba";"Preço médio - algodão - arroba";"Não oculta";"Internet";NA;0;NA;NA;NA;"ALGODAO";"Internet";"Regional"
"6608";"ALHO";NA;NA;"Ativa";"OUTFONTE";"Preços";"Preço médio - alhos - cento de resteas";"Preço médio - alhos - cento de resteas";"Não oculta";"Internet";NA;0;NA;NA;NA;"ALHO";"Internet";"Regional"
"6609";"AMENDOIM";NA;NA;"Ativa";"OUTFONTE";"Preços";"Preço médio - amendoim - alqueire";"Preço médio - amendoim - alqueire";"Não oculta";"Internet";NA;0;NA;NA;NA;"AMENDOIM";"Internet";"Regional"
"6610";"ANIL";NA;NA;"Ativa";"OUTFONTE";"Preços";"Preço médio - anil - libra";"Preço médio - anil - libra";"Não oculta";"Internet";NA;0;NA;NA;NA;"ANIL";"Internet";"Regional"
"6611";"AZEITE";NA;NA;"Ativa";"OUTFONTE";"Preços";"Preço médio - azeite - litro";"Preço médio - azeite - litro";"Não oculta";"Internet";NA;0;NA;NA;NA;"AZEITE";"Internet";"Regional"
"6612";"BARROTE_DIV";NA;NA;"Ativa";"OUTFONTE";"Preços";"Preço médio - barrotes de diversas qualidades - um";"Preço médio - barrotes de diversas qualidades - um";"Não oculta";"Internet";NA;0;NA;NA;NA;"BARROTE";"Internet";"Regional"
"6613";"BATATA";NA;NA;"Ativa";"OUTFONTE";"Preços";"Preço médio - batatas - alqueire";"Preço médio - batatas - alqueire";"Não oculta";"Internet";NA;0;NA;NA;NA;"BATATA";"Internet";"Regional"
"6614";"BESTA_MUAR";NA;NA;"Ativa";"OUTFONTE";"Preços";"Preço médio - besta muar - um";"Preço médio - besta muar - um";"Não oculta";"Internet";NA;0;NA;NA;NA;"BESTA";"Internet";"Regional"
"6615";"BOI";NA;NA;"Ativa";"OUTFONTE";"Preços";"Preço médio - boi - um";"Preço médio - boi - um";"Não oculta";"Internet";NA;0;NA;NA;NA;"BOI";"Internet";"Regional"
"6616";"BOLACHA";NA;NA;"Ativa";"OUTFONTE";"Preços";"Preço médio - bolachas - libra";"Preço médio - bolachas - libra";"Não oculta";"Internet";NA;0;NA;NA;NA;"BOLACHA";"Internet";"Regional"
"6617";"CABELO";NA;NA;"Ativa";"OUTFONTE";"Preços";"Preço médio - cabelo - arroba";"Preço médio - cabelo - arroba";"Não oculta";"Internet";NA;0;NA;NA;NA;"CABELO";"Internet";"Regional"
"6618";"CACAU";NA;NA;"Ativa";"OUTFONTE";"Preços";"Preço médio - cacau - arroba";"Preço médio - cacau - arroba";"Não oculta";"Internet";NA;0;NA;NA;NA;"CACAU";"Internet";"Regional"
"6619";"CAFEE";NA;NA;"Ativa";"OUTFONTE";"Preços";"Preço médio - café - arroba";"Preço médio - café - arroba";"Não oculta";"Internet";NA;0;NA;NA;NA;"CAFEE";"Internet";"Regional"
"6620";"CARNE_SECA";NA;NA;"Ativa";"OUTFONTE";"Preços";"Preço médio - carne seca - arroba";"Preço médio - carne seca - arroba";"Não oculta";"Internet";NA;0;NA;NA;NA;"CARNE";"Internet";"Regional"
"6621";"CASTANHA";NA;NA;"Ativa";"OUTFONTE";"Preços";"Preço médio - castanha - alqueire";"Preço médio - castanha - alqueire";"Não oculta";"Internet";NA;0;NA;NA;NA;"CASTANHA";"Internet";"Regional"
"6622";"CAVALO";NA;NA;"Ativa";"OUTFONTE";"Preços";"Preço médio - cavalo - um";"Preço médio - cavalo - um";"Não oculta";"Internet";NA;0;NA;NA;NA;"CAVALO";"Internet";"Regional"
"6623";"CEBOLA";NA;NA;"Ativa";"OUTFONTE";"Preços";"Preço médio - cebolas - restea";"Preço médio - cebolas - restea";"Não oculta";"Internet";NA;0;NA;NA;NA;"CEBOLA";"Internet";"Regional"
"6624";"CHA";NA;NA;"Ativa";"OUTFONTE";"Preços";"Preço médio - chá - libra";"Preço médio - chá - libra";"Não oculta";"Internet";NA;0;NA;NA;NA;"CHA";"Internet";"Regional"
"6625";"CHIFRE";NA;NA;"Ativa";"OUTFONTE";"Preços";"Preço médio - chifres - cento";"Preço médio - chifres - cento";"Não oculta";"Internet";NA;0;NA;NA;NA;"CHIFRE";"Internet";"Regional"
"6626";"CHUMBO";NA;NA;"Ativa";"OUTFONTE";"Preços";"Preço médio - chumbo - arroba";"Preço médio - chumbo - arroba";"Não oculta";"Internet";NA;0;NA;NA;NA;"CHUMBO";"Internet";"Regional"
"6627";"COCO";NA;NA;"Ativa";"OUTFONTE";"Preços";"Preço médio - cocos - cento";"Preço médio - cocos - cento";"Não oculta";"Internet";NA;0;NA;NA;NA;"COCO";"Internet";"Regional"
"6628";"COUCOEIRA_DIV";NA;NA;"Ativa";"OUTFONTE";"Preços";"Preço médio - couçoeiras de diversas qualidades - dúzia";"Preço médio - couçoeiras de diversas qualidades - dúzia";"Não oculta";"Internet";NA;0;NA;NA;NA;"COUCOEIRA";"Internet";"Regional"
"6629";"COURO_BOI";NA;NA;"Ativa";"OUTFONTE";"Preços";"Preço médio - couro de boi - um";"Preço médio - couro de boi - um";"Não oculta";"Internet";NA;0;NA;NA;NA;"COURO";"Internet";"Regional"
"6630";"COURO";NA;NA;"Ativa";"OUTFONTE";"Preços";"Preço médio - couros - libra";"Preço médio - couros - libra";"Não oculta";"Internet";NA;0;NA;NA;NA;"COURO";"Internet";"Regional"
"6631";"COURO_CAVALO";NA;NA;"Ativa";"OUTFONTE";"Preços";"Preço médio - couros de cavalo - um";"Preço médio - couros de cavalo - um";"Não oculta";"Internet";NA;0;NA;NA;NA;"COURO";"Internet";"Regional"
"6632";"CRAVO";NA;NA;"Ativa";"OUTFONTE";"Preços";"Preço médio - cravo - arroba";"Preço médio - cravo - arroba";"Não oculta";"Internet";NA;0;NA;NA;NA;"CRAVO";"Internet";"Regional"
"6633";"CUMARU";NA;NA;"Ativa";"OUTFONTE";"Preços";"Preço médio - cumarú - libra";"Preço médio - cumarú - libra";"Não oculta";"Internet";NA;0;NA;NA;NA;"CUMARU";"Internet";"Regional"
"6634";"ENXOFRE";NA;NA;"Ativa";"OUTFONTE";"Preços";"Preço médio - enxofre - arroba";"Preço médio - enxofre - arroba";"Não oculta";"Internet";NA;0;NA;NA;NA;"ENXOFRE";"Internet";"Regional"
"6635";"ERVA_MATE";NA;NA;"Ativa";"OUTFONTE";"Preços";"Preço médio - erva mate - arroba";"Preço médio - erva mate - arroba";"Não oculta";"Internet";NA;0;NA;NA;NA;"ERVA";"Internet";"Regional"
"6636";"FARINHA_MANDIO";NA;NA;"Ativa";"OUTFONTE";"Preços";"Preço médio - farinha de mandioca - alqueire";"Preço médio - farinha de mandioca - alqueire";"Não oculta";"Internet";NA;0;NA;NA;NA;"FARINHA";"Internet";"Regional"
"6637";"FARINHA_MILHO";NA;NA;"Ativa";"OUTFONTE";"Preços";"Preço médio - farinha de milho - alqueire";"Preço médio - farinha de milho - alqueire";"Não oculta";"Internet";NA;0;NA;NA;NA;"FARINHA";"Internet";"Regional"
"6638";"FARINHA_TRIGO";NA;NA;"Ativa";"OUTFONTE";"Preços";"Preço médio - farinha de trigo (da terra) - arroba";"Preço médio - farinha de trigo (da terra) - arroba";"Não oculta";"Internet";NA;0;NA;NA;NA;"FARINHA";"Internet";"Regional"
"6639";"FAVA";NA;NA;"Ativa";"OUTFONTE";"Preços";"Preço médio - favas - alqueire";"Preço médio - favas - alqueire";"Não oculta";"Internet";NA;0;NA;NA;NA;"FAVA";"Internet";"Regional"
"6640";"FEIJAO";NA;NA;"Ativa";"OUTFONTE";"Preços";"Preço médio - feijão - alqueire";"Preço médio - feijão - alqueire";"Não oculta";"Internet";NA;0;NA;NA;NA;"FEIJAO";"Internet";"Regional"
"6641";"FERRO";NA;NA;"Ativa";"OUTFONTE";"Preços";"Preço médio - ferro - arroba";"Preço médio - ferro - arroba";"Não oculta";"Internet";NA;0;NA;NA;NA;"FERRO";"Internet";"Regional"
"6642";"FUMO";NA;NA;"Ativa";"OUTFONTE";"Preços";"Preço médio - fumo - arroba";"Preço médio - fumo - arroba";"Não oculta";"Internet";NA;0;NA;NA;NA;"FUMO";"Internet";"Regional"
"6643";"GALINHA";NA;NA;"Ativa";"OUTFONTE";"Preços";"Preço médio - galinhas";"Preço médio - galinhas";"Não oculta";"Internet";NA;0;NA;NA;NA;"GALINHA";"Internet";"Regional"
"6644";"GARRA";NA;NA;"Ativa";"OUTFONTE";"Preços";"Preço médio - garras - arroba";"Preço médio - garras - arroba";"Não oculta";"Internet";NA;0;NA;NA;NA;"GARRA";"Internet";"Regional"
"6645";"GOMA";NA;NA;"Ativa";"OUTFONTE";"Preços";"Preço médio - goma - alqueire";"Preço médio - goma - alqueire";"Não oculta";"Internet";NA;0;NA;NA;NA;"GOMA";"Internet";"Regional"
"6646";"GORDURA";NA;NA;"Ativa";"OUTFONTE";"Preços";"Preço médio - gordura - libra";"Preço médio - gordura - libra";"Não oculta";"Internet";NA;0;NA;NA;NA;"GORDURA";"Internet";"Regional"
"6647";"GRAXA";NA;NA;"Ativa";"OUTFONTE";"Preços";"Preço médio - graxa - arroba";"Preço médio - graxa - arroba";"Não oculta";"Internet";NA;0;NA;NA;NA;"GRAXA";"Internet";"Regional"
"6648";"GRUDE";NA;NA;"Ativa";"OUTFONTE";"Preços";"Preço médio - grudes - arroba";"Preço médio - grudes - arroba";"Não oculta";"Internet";NA;0;NA;NA;NA;"GRUDE";"Internet";"Regional"
"6649";"GUARANA";NA;NA;"Ativa";"OUTFONTE";"Preços";"Preço médio - guaraná - libra";"Preço médio - guaraná - libra";"Não oculta";"Internet";NA;0;NA;NA;NA;"GUARANA";"Internet";"Regional"
"6650";"LA";NA;NA;"Ativa";"OUTFONTE";"Preços";"Preço médio - lã - arroba";"Preço médio - lã - arroba";"Não oculta";"Internet";NA;0;NA;NA;NA;"LA";"Internet";"Regional"
"6651";"LEITE";NA;NA;"Ativa";"OUTFONTE";"Preços";"Preço médio - leite - frasco";"Preço médio - leite - frasco";"Não oculta";"Internet";NA;0;NA;NA;NA;"LEITE";"Internet";"Regional"
"6652";"LENHA";NA;NA;"Ativa";"OUTFONTE";"Preços";"Preço médio - lenha - cento";"Preço médio - lenha - cento";"Não oculta";"Internet";NA;0;NA;NA;NA;"LENHA";"Internet";"Regional"
"6653";"LINGUA";NA;NA;"Ativa";"OUTFONTE";"Preços";"Preço médio - língua - cento";"Preço médio - língua - cento";"Não oculta";"Internet";NA;0;NA;NA;NA;"LINGUA";"Internet";"Regional"
"6654";"MANTEIGA";NA;NA;"Ativa";"OUTFONTE";"Preços";"Preço médio - manteiga - libra";"Preço médio - manteiga - libra";"Não oculta";"Internet";NA;0;NA;NA;NA;"MANTEIGA";"Internet";"Regional"
"6655";"MEL";NA;NA;"Ativa";"OUTFONTE";"Preços";"Preço médio - mel - canada";"Preço médio - mel - canada";"Não oculta";"Internet";NA;0;NA;NA;NA;"MEL";"Internet";"Regional"
"6656";"MELADO";NA;NA;"Ativa";"OUTFONTE";"Preços";"Preço médio - melado - medida";"Preço médio - melado - medida";"Não oculta";"Internet";NA;0;NA;NA;NA;"MELADO";"Internet";"Regional"
"6657";"MILHO";NA;NA;"Ativa";"OUTFONTE";"Preços";"Preço médio - milho - alqueire";"Preço médio - milho - alqueire";"Não oculta";"Internet";NA;0;NA;NA;NA;"MILHO";"Internet";"Regional"
"6658";"OLEO_COPAIBA";NA;NA;"Ativa";"OUTFONTE";"Preços";"Preço médio - óleo de copaíba - canada";"Preço médio - óleo de copaíba - canada";"Não oculta";"Internet";NA;0;NA;NA;NA;"OLEO";"Internet";"Regional"
"6659";"OSSO_VELHO";NA;NA;"Ativa";"OUTFONTE";"Preços";"Preço médio - ossos velhos - milheiro";"Preço médio - ossos velhos - milheiro";"Não oculta";"Internet";NA;0;NA;NA;NA;"OSSO";"Internet";"Regional"
"6660";"OSSO_CINZA";NA;NA;"Ativa";"OUTFONTE";"Preços";"Preço médio - ossos velhos queimados (cinzas) - tonelada";"Preço médio - ossos velhos queimados (cinzas) - tonelada";"Não oculta";"Internet";NA;0;NA;NA;NA;"OSSO";"Internet";"Regional"
"6661";"PAO";NA;NA;"Ativa";"OUTFONTE";"Preços";"Preço médio - pães";"Preço médio - pães";"Não oculta";"Internet";NA;0;NA;NA;NA;"PAO";"Internet";"Regional"
"6662";"PANELA_BARRO";NA;NA;"Ativa";"OUTFONTE";"Preços";"Preço médio - panelas pretas de barro - cento";"Preço médio - panelas pretas de barro - cento";"Não oculta";"Internet";NA;0;NA;NA;NA;"PANELA";"Internet";"Regional"
"6663";"PEDRA_SLEOPOL";NA;NA;"Ativa";"OUTFONTE";"Preços";"Preço médio - pedra de s.leopoldo - barrica";"Preço médio - pedra de s.leopoldo - barrica";"Não oculta";"Internet";NA;0;NA;NA;NA;"PEDRA";"Internet";"Regional"
"6664";"PEIXE_SECO";NA;NA;"Ativa";"OUTFONTE";"Preços";"Preço médio - peixe seco - cento";"Preço médio - peixe seco - cento";"Não oculta";"Internet";NA;0;NA;NA;NA;"PEIXE";"Internet";"Regional"
"6665";"PIASSAVA_RAMA";NA;NA;"Ativa";"OUTFONTE";"Preços";"Preço médio - piassava em rama - arroba";"Preço médio - piassava em rama - arroba";"Não oculta";"Internet";NA;0;NA;NA;NA;"PIASSAVA";"Internet";"Regional"
"6666";"POLVORA_PAIZ";NA;NA;"Ativa";"OUTFONTE";"Preços";"Preço médio - pólvora do paiz - arroba";"Preço médio - pólvora do paiz - arroba";"Não oculta";"Internet";NA;0;NA;NA;NA;"POLVORA";"Internet";"Regional"
"6667";"PRANCHAO_DIV";NA;NA;"Ativa";"OUTFONTE";"Preços";"Preço médio - pranchões de diversas qualidades - dúzia";"Preço médio - pranchões de diversas qualidades - dúzia";"Não oculta";"Internet";NA;0;NA;NA;NA;"PRANCHAO";"Internet";"Regional"
"6668";"PUXIRI";NA;NA;"Ativa";"OUTFONTE";"Preços";"Preço médio - puxiri - libra";"Preço médio - puxiri - libra";"Não oculta";"Internet";NA;0;NA;NA;NA;"PUXIRI";"Internet";"Regional"
"6669";"RIPA";NA;NA;"Ativa";"OUTFONTE";"Preços";"Preço médio - ripas - cento";"Preço médio - ripas - cento";"Não oculta";"Internet";NA;0;NA;NA;NA;"RIPA";"Internet";"Regional"
"6670";"SABAO";NA;NA;"Ativa";"OUTFONTE";"Preços";"Preço médio - sabão - libra";"Preço médio - sabão - libra";"Não oculta";"Internet";NA;0;NA;NA;NA;"SABAO";"Internet";"Regional"
"6671";"SAL";NA;NA;"Ativa";"OUTFONTE";"Preços";"Preço médio - sal - alqueire";"Preço médio - sal - alqueire";"Não oculta";"Internet";NA;0;NA;NA;NA;"SAL";"Internet";"Regional"
"6672";"SALITRE";NA;NA;"Ativa";"OUTFONTE";"Preços";"Preço médio - salitre - arroba";"Preço médio - salitre - arroba";"Não oculta";"Internet";NA;0;NA;NA;NA;"SALITRE";"Internet";"Regional"
"6673";"SALSA";NA;NA;"Ativa";"OUTFONTE";"Preços";"Preço médio - salsa - arroba";"Preço médio - salsa - arroba";"Não oculta";"Internet";NA;0;NA;NA;NA;"SALSA";"Internet";"Regional"
"6674";"SEBO";NA;NA;"Ativa";"OUTFONTE";"Preços";"Preço médio - sebo - arroba";"Preço médio - sebo - arroba";"Não oculta";"Internet";NA;0;NA;NA;NA;"SEBO";"Internet";"Regional"
"6675";"TABOA";NA;NA;"Ativa";"OUTFONTE";"Preços";"Preço médio - taboas - dúzia";"Preço médio - taboas - dúzia";"Não oculta";"Internet";NA;0;NA;NA;NA;"TABOA";"Internet";"Regional"
"6676";"TAPIOCA";NA;NA;"Ativa";"OUTFONTE";"Preços";"Preço médio - tapioca - alqueire";"Preço médio - tapioca - alqueire";"Não oculta";"Internet";NA;0;NA;NA;NA;"TAPIOCA";"Internet";"Regional"
"6677";"TATAJUBA";NA;NA;"Ativa";"OUTFONTE";"Preços";"Preço médio - tatajuba - arroba";"Preço médio - tatajuba - arroba";"Não oculta";"Internet";NA;0;NA;NA;NA;"TATAJUBA";"Internet";"Regional"
"6678";"TOUCINHO";NA;NA;"Ativa";"OUTFONTE";"Preços";"Preço médio - toucinho - arroba";"Preço médio - toucinho - arroba";"Não oculta";"Internet";NA;0;NA;NA;NA;"TOUCINHO";"Internet";"Regional"
"6679";"UNHA";NA;NA;"Ativa";"OUTFONTE";"Preços";"Preço médio - unhas - arroba";"Preço médio - unhas - arroba";"Não oculta";"Internet";NA;0;NA;NA;NA;"UNHA";"Internet";"Regional"
"6680";"URUCUM";NA;NA;"Ativa";"OUTFONTE";"Preços";"Preço médio - urucúm - arroba";"Preço médio - urucúm - arroba";"Não oculta";"Internet";NA;0;NA;NA;NA;"URUCUM";"Internet";"Regional"
"6681";"VELA_SEBO";NA;NA;"Ativa";"OUTFONTE";"Preços";"Preço médio - velas de sebo";"Preço médio - velas de sebo";"Não oculta";"Internet";NA;0;NA;NA;NA;"VELA";"Internet";"Regional"
"6682";"VIGA";NA;NA;"Ativa";"OUTFONTE";"Preços";"Preço médio - vigas - palmo";"Preço médio - vigas - palmo";"Não oculta";"Internet";NA;0;NA;NA;NA;"VIGA";"Internet";"Regional"
"6683";"VINAGRE";NA;NA;"Ativa";"OUTFONTE";"Preços";"Preço médio - vinagre - litro";"Preço médio - vinagre - litro";"Não oculta";"Internet";NA;0;NA;NA;NA;"VINAGRE";"Internet";"Regional"
"6684";"VINHO";NA;NA;"Ativa";"OUTFONTE";"Preços";"Preço médio - vinho - litro";"Preço médio - vinho - litro";"Não oculta";"Internet";NA;0;NA;NA;NA;"VINHO";"Internet";"Regional"
"6685";"DEPIS_POPURB";NA;NA;"Ativa";"IBGE/Pop";"População";"População residente - urbana";"População residente - urbana";"Não oculta";"Internet";3600;0;0;"Incluída em 14/abr/2009.";NA;"DEPIS";"Internet";"Macro"
"6686";"DEPIS_POPRURAL";NA;NA;"Ativa";"IBGE/Pop";"População";"População residente - rural";"População residente - rural";"Não oculta";"Internet";3600;0;0;"Incluída em 14/abr/2009.";NA;"DEPIS";"Internet";"Macro"
"6687";"PMEPOPDESPER";NA;NA;"Ativa";"IBGE";"Emprego";"População desocupada - RMs";"População desocupada - RMs";"Não oculta";"Internet";NA;0;NA;NA;NA;"PMEPOPDESPER";"Internet";"Regional"
"6688";"PMEPEA";NA;NA;"Ativa";"IBGE";"Emprego";"População economicamente ativa - RMs";"População economicamente ativa - RMs";"Não oculta";"Internet";NA;0;NA;NA;NA;"PMEPEA";"Internet";"Regional"
"6689";"PMEPOPNAOPEA";NA;NA;"Ativa";"IBGE";"Emprego";"População não economicamente ativa - RMs";"População não economicamente ativa - RMs";"Não oculta";"Internet";NA;0;NA;NA;NA;"PMEPOPNAOPEA";"Internet";"Regional"
"6690";"PMEPOPNAOPEADIS";NA;NA;"Ativa";"IBGE";"Emprego";"População não economicamente ativa - disponíveis - RMs";"População não economicamente ativa - disponíveis - RMs";"Não oculta";"Internet";NA;0;NA;NA;NA;"PMEPOPNAOPEADIS";"Internet";"Regional"
"6691";"PMEPOPNAOPEAMAR";NA;NA;"Ativa";"IBGE";"Emprego";"População não economicamente ativa - marginalmente ligadas à PEA - RMs";"População não economicamente ativa - marginalmente ligadas à PEA - RMs";"Não oculta";"Internet";NA;0;NA;NA;NA;"PMEPOPNAOPEAMAR";"Internet";"Regional"
"6692";"PMEPOPNAOPEAPER";NA;NA;"Ativa";"IBGE";"Emprego";"População não economicamente ativa - procurando trabalho - RMs";"População não economicamente ativa - procurando trabalho - RMs";"Não oculta";"Internet";NA;0;NA;NA;NA;"PMEPOPNAOPEAPER";"Internet";"Regional"
"6693";"PMEPOPOCUPER";NA;NA;"Ativa";"IBGE";"Emprego";"População ocupada - RMs";"População ocupada - RMs";"Não oculta";"Internet";NA;0;NA;NA;NA;"PMEPOPOCUPER";"Internet";"Regional"
"6694";"PMEPOPOCUCC";NA;NA;"Ativa";"IBGE";"Emprego";"População ocupada - empregada - com carteira assinada - RMs";"População ocupada - empregada - com carteira assinada - RMs";"Não oculta";"Internet";NA;0;NA;NA;NA;"PMEPOPOCUCC";"Internet";"Regional"
"6695";"PMEPOPOCUCP";NA;NA;"Ativa";"IBGE";"Emprego";"População ocupada - conta própria - RMs";"População ocupada - conta própria - RMs";"Não oculta";"Internet";NA;0;NA;NA;NA;"PMEPOPOCUCP";"Internet";"Regional"
"6696";"PMEPOPOCUEM";NA;NA;"Ativa";"IBGE";"Emprego";"População ocupada - empregador - RMs";"População ocupada - empregador - RMs";"Não oculta";"Internet";NA;0;NA;NA;NA;"PMEPOPOCUEM";"Internet";"Regional"
"6697";"PMEPOPOCUEMP";NA;NA;"Ativa";"IBGE";"Emprego";"População ocupada - empregada - RMs";"População ocupada - empregada - RMs";"Não oculta";"Internet";NA;0;NA;NA;NA;"PMEPOPOCUEMP";"Internet";"Regional"
"6698";"PMEPOPOCUSC";NA;NA;"Ativa";"IBGE";"Emprego";"População ocupada - empregada - sem carteira assinada - RMs";"População ocupada - empregada - sem carteira assinada - RMs";"Não oculta";"Internet";NA;0;NA;NA;NA;"PMEPOPOCUSC";"Internet";"Regional"
"6699";"PMEPOPOCUSP";NA;NA;"Ativa";"IBGE";"Emprego";"População ocupada - empregada - setor privado - RMs";"População ocupada - empregada - setor privado - RMs";"Não oculta";"Internet";NA;0;NA;NA;NA;"PMEPOPOCUSP";"Internet";"Regional"
"6700";"PMEPOPOCUSPCC";NA;NA;"Ativa";"IBGE";"Emprego";"População ocupada - empregada - setor privado - com carteira assinada - RMs";"População ocupada - empregada - setor privado - com carteira assinada - RMs";"Não oculta";"Internet";NA;0;NA;NA;NA;"PMEPOPOCUSPCC";"Internet";"Regional"
"6701";"PMEPOPOCUSPSC";NA;NA;"Ativa";"IBGE";"Emprego";"População ocupada - empregada - setor privado - sem carteira assinada - RMs";"População ocupada - empregada - setor privado - sem carteira assinada - RMs";"Não oculta";"Internet";NA;0;NA;NA;NA;"PMEPOPOCUSPSC";"Internet";"Regional"
"6702";"PMEPOPOCUPUB";NA;NA;"Ativa";"IBGE";"Emprego";"População ocupada - empregada - setor público - RMs";"População ocupada - empregada - setor público - RMs";"Não oculta";"Internet";NA;0;NA;NA;NA;"PMEPOPOCUPUB";"Internet";"Regional"
"6703";"PMEPOPOCUPUBCC";NA;NA;"Ativa";"IBGE";"Emprego";"População ocupada - empregada - setor público - com carteira assinada - RMs";"População ocupada - empregada - setor público - com carteira assinada - RMs";"Não oculta";"Internet";NA;0;NA;NA;NA;"PMEPOPOCUPUBCC";"Internet";"Regional"
"6704";"PMEPOPOCUPUBSC";NA;NA;"Ativa";"IBGE";"Emprego";"População ocupada - empregada - setor público - sem carteira assinada - RMs";"População ocupada - empregada - setor público - sem carteira assinada - RMs";"Não oculta";"Internet";NA;0;NA;NA;NA;"PMEPOPOCUPUBSC";"Internet";"Regional"
"6705";"PMEPOPSUB";NA;NA;"Ativa";"IBGE";"Emprego";"População subocupada - RMs";"População subocupada - RMs";"Não oculta";"Internet";NA;0;NA;NA;NA;"PMEPOPSUB";"Internet";"Regional"
"6706";"PMEPOPDES";NA;NA;"Ativa";"IBGE";"Emprego";"População desocupada - RMs";"População desocupada - RMs";"Não oculta";"Internet";NA;0;NA;NA;NA;"PMEPOPDES";"Internet";"Regional"
"6707";"PMEPOPOCU";NA;NA;"Ativa";"IBGE";"Emprego";"População ocupada - RMs";"População ocupada - RMs";"Não oculta";"Internet";NA;0;NA;NA;NA;"PMEPOPOCU";"Internet";"Regional"
"6708";"PMEPIA";NA;NA;"Ativa";"IBGE";"Emprego";"População em idade ativa  PIA  - RMs";"População em idade ativa  PIA  - RMs";"Não oculta";"Internet";NA;0;NA;NA;NA;"PMEPIA";"Internet";"Regional"
"6709";"PMERENOCUEFE";NA;NA;"Ativa";"IBGE";"Emprego";"Rendimento médio real efetivo - pessoas ocupadas - RMs";"Rendimento médio real efetivo - pessoas ocupadas - RMs";"Não oculta";"Internet";NA;0;NA;NA;NA;"PMERENOCUEFE";"Internet";"Regional"
"6710";"PMERENSPCCEFE";NA;NA;"Ativa";"IBGE";"Emprego";"Rendimento médio real efetivo - empregados - setor privado - com carteira assinada - RMs";"Rendimento médio real efetivo - empregados - setor privado - com carteira assinada - RMs";"Não oculta";"Internet";NA;0;NA;NA;NA;"PMERENSPCCEFE";"Internet";"Regional"
"6711";"PMERENCPEFE";NA;NA;"Ativa";"IBGE";"Emprego";"Rendimento médio real efetivo - trabalhadores por conta própria - RMs";"Rendimento médio real efetivo - trabalhadores por conta própria - RMs";"Não oculta";"Internet";NA;0;NA;NA;NA;"PMERENCPEFE";"Internet";"Regional"
"6712";"PMERENOCU";NA;NA;"Ativa";"IBGE";"Emprego";"Rendimento médio real habitual - pessoas ocupadas - RMs";"Rendimento médio real habitual - pessoas ocupadas - RMs";"Não oculta";"Internet";NA;0;NA;NA;NA;"PMERENOCU";"Internet";"Regional"
"6713";"PMERENSPCC";NA;NA;"Ativa";"IBGE";"Emprego";"Rendimento médio real habitual - empregados - setor privado - com carteira assinada - RMs";"Rendimento médio real habitual - empregados - setor privado - com carteira assinada - RMs";"Não oculta";"Internet";NA;0;NA;NA;NA;"PMERENSPCC";"Internet";"Regional"
"6714";"PMERENCP";NA;NA;"Ativa";"IBGE";"Emprego";"Rendimento médio real habitual - trabalhadores por conta própria - RMs";"Rendimento médio real habitual - trabalhadores por conta própria - RMs";"Não oculta";"Internet";NA;0;NA;NA;NA;"PMERENCP";"Internet";"Regional"
"6715";"PMERENSPSC";NA;NA;"Ativa";"IBGE";"Emprego";"Rendimento médio real habitual - empregados - setor privado - sem carteira assinada - RMs";"Rendimento médio real habitual - empregados - setor privado - sem carteira assinada - RMs";"Não oculta";"Internet";NA;0;NA;NA;NA;"PMERENSPSC";"Internet";"Regional"
"6716";"PMERENSP";NA;NA;"Ativa";"IBGE";"Emprego";"Rendimento médio real habitual - empregados - setor privado - RMs";"Rendimento médio real habitual - empregados - setor privado - RMs";"Não oculta";"Internet";NA;0;NA;NA;NA;"PMERENSP";"Internet";"Regional"
"6717";"PMERENPUB";NA;NA;"Ativa";"IBGE";"Emprego";"Rendimento médio real habitual - empregados - setor público - RMs";"Rendimento médio real habitual - empregados - setor público - RMs";"Não oculta";"Internet";NA;0;NA;NA;NA;"PMERENPUB";"Internet";"Regional"
"6718";"PMERENSPSCEFE";NA;NA;"Ativa";"IBGE";"Emprego";"Rendimento médio real efetivo - empregados - setor privado - sem carteira assinada - RMs";"Rendimento médio real efetivo - empregados - setor privado - sem carteira assinada - RMs";"Não oculta";"Internet";NA;0;NA;NA;NA;"PMERENSPSCEFE";"Internet";"Regional"
"6719";"PMERENSPEFE";NA;NA;"Ativa";"IBGE";"Emprego";"Rendimento médio real efetivo - empregados - setor privado - RMs";"Rendimento médio real efetivo - empregados - setor privado - RMs";"Não oculta";"Internet";NA;0;NA;NA;NA;"PMERENSPEFE";"Internet";"Regional"
"6720";"PMERENPUBEFE";NA;NA;"Ativa";"IBGE";"Emprego";"Rendimento médio real efetivo - empregados - setor público - RMs";"Rendimento médio real efetivo - empregados - setor público - RMs";"Não oculta";"Internet";NA;0;NA;NA;NA;"PMERENPUBEFE";"Internet";"Regional"
"6721";"PMETXA";NA;NA;"Ativa";"IBGE";"Emprego";"Taxa de atividade - RMs";"Taxa de atividade - RMs";"Não oculta";"Internet";NA;0;NA;NA;NA;"PMETXA";"Internet";"Regional"
"6722";"PMETXDES";NA;NA;"Ativa";"IBGE";"Emprego";"Taxa de desemprego - referência: 30 dias - RMs";"Taxa de desemprego - referência: 30 dias - RMs";"Não oculta";"Internet";NA;0;NA;NA;NA;"PMETXDES";"Internet";"Regional"
"6723";"IEA_RTAADM";NA;NA;"Inativa";"IEA";"Salário e renda";"Remuneração do trabalho agrícola - administrador - índice (1948-52)";"Remuneração do trabalho agrícola do administrador";"Não oculta";"Internet";0;0;0;"Incluída em 04/maio/2009.";NA;"IEA";"Internet";"Macro"
"6724";"IEA_RTACARR";NA;NA;"Inativa";"IEA";"Salário e renda";"Remuneração do trabalho agrícola - carroceiro- índice (1948-52)";"Remuneração do trabalho agrícola do carroceiro";"Não oculta";"Internet";0;0;0;"Incluída em 04/maio/2009.";NA;"IEA";"Internet";"Macro"
"6725";"IEA_RTACOLH";NA;NA;"Inativa";"IEA";"Salário e renda";"Remuneração do trabalho agrícola - coletor de café - índice (1948-52)";"Remuneração do trabalho agrícola do coletor de café";"Não oculta";"Internet";0;0;0;"Incluída em 04/maio/2009.";NA;"IEA";"Internet";"Macro"
"6726";"IEA_RTADIAR";NA;NA;"Inativa";"IEA";"Salário e renda";"Remuneração do trabalho agrícola - diarista - índice (1948-52)";"Remuneração do trabalho agrícola do diarista";"Não oculta";"Internet";0;0;0;"Incluída em 04/maio/2009.";NA;"IEA";"Internet";"Macro"
"6727";"IEA_RTAFEITOR";NA;NA;"Inativa";"IEA";"Salário e renda";"Remuneração do trabalho agrícola - feitor - índice (1948-52)";"Remuneração do trabalho agrícola do feitor";"Não oculta";"Internet";0;0;0;"Incluída em 04/maio/2009.";NA;"IEA";"Internet";"Macro"
"6728";"IEA_RTARET";NA;NA;"Inativa";"IEA";"Salário e renda";"Remuneração do trabalho agrícola - retireiro - índice (1948-52)";"Remuneração do trabalho agrícola do retireiro";"Não oculta";"Internet";0;0;0;"Incluída em 04/maio/2009.";NA;"IEA";"Internet";"Macro"
"6729";"IEA_RTATRAT";NA;NA;"Inativa";"IEA";"Salário e renda";"Remuneração do trabalho agrícola - tratorista - índice (1948-52)";"Remuneração do trabalho agrícola do tratorista";"Não oculta";"Internet";0;0;0;"Incluída em 04/maio/2009.";NA;"IEA";"Internet";"Macro"
"6730";"IEA_RTAVOLT";NA;NA;"Inativa";"IEA";"Salário e renda";"Remuneração do trabalho agrícola - volante - índice (1948-52)";"Remuneração do trabalho agrícola do volante";"Não oculta";"Internet";0;0;0;"Incluída em 04/maio/2009.";NA;"IEA";"Internet";"Macro"
"6731";"IEA_RTADIARD";NA;NA;"Inativa";"IEA";"Salário e renda";"Remuneração do trabalho agrícola - diarista";"Remuneração do trabalho agrícola do diarista";"Não oculta";"Internet";0;0;0;"Incluída em 04/maio/2009.";NA;"IEA";"Internet";"Macro"
"6732";"IEA_RTAVOLTD";NA;NA;"Inativa";"IEA";"Salário e renda";"Remuneração do trabalho agrícola - volante";"Remuneração do trabalho agrícola do volante";"Não oculta";"Internet";0;0;0;"Incluída em 04/maio/2009.";NA;"IEA";"Internet";"Macro"
"6733";"IEA_RTATRATD";NA;NA;"Inativa";"IEA";"Salário e renda";"Remuneração do trabalho agrícola - tratorista";"Remuneração do trabalho agrícola do tratorista";"Não oculta";"Internet";0;0;0;"Incluída em 04/maio/2009.";NA;"IEA";"Internet";"Macro"
"6734";"CAGED12_ADMIS";NA;NA;"Ativa";"MTE/Caged";"Emprego";"Empregados - admissões";"Empregados - admissões";"Não oculta";"Internet";45;0;0;"Incluída em 08/mai/2009.";NA;"CAGED12";"Internet";"Macro"
"6735";"CAGED12_DESLIG";NA;NA;"Ativa";"MTE/Caged";"Emprego";"Empregados - demissões";"Empregados - demissões";"Não oculta";"Internet";45;0;0;"Incluída em 08/mai/2009.";NA;"CAGED12";"Internet";"Macro"
"6736";"PMCVENNOM";NA;NA;"Ativa";"IBGE";"Consumo e vendas";"Vendas nominais - varejo - índice (média 2011 = 100)";"Vendas nominais - varejo - índice (média 2011 = 100)";"Não oculta";"Internet";NA;0;NA;NA;NA;"PMCVENNOM";"Internet";"Regional"
"6737";"PMCVENRE";NA;NA;"Ativa";"IBGE";"Consumo e vendas";"Vendas reais - varejo - índice (média 2011 = 100)";"Vendas reais - varejo - índice (média 2011 = 100)";"Não oculta";"Internet";NA;0;NA;NA;NA;"PMCVENRE";"Internet";"Regional"
"6738";"PMCVENREDES";NA;NA;"Ativa";"IBGE";"Consumo e vendas";"Vendas reais - varejo - índice dessaz. (média 2011 = 100)";"Vendas reais - varejo - índice dessaz. (média 2011 = 100)";"Não oculta";"Internet";NA;0;NA;NA;NA;"PMCVENREDES";"Internet";"Regional"
"6739";"PIMALIMENT";NA;NA;"Ativa";"IBGE";"Produção";"Produção industrial - alimentos - quantum - índice (média 2002 = 100)";"Produção industrial - alimentos - quantum - índice (média 2002 = 100)";"Não oculta";"Internet";NA;0;NA;NA;NA;"PIMALIMENT";"Internet";"Regional"
"6740";"PIMBEBIDA";NA;NA;"Ativa";"IBGE";"Produção";"Produção industrial - bebidas - quantum - índice (média 2002 = 100)";"Produção industrial - bebidas - quantum - índice (média 2002 = 100)";"Não oculta";"Internet";NA;0;NA;NA;NA;"PIMBEBIDA";"Internet";"Regional"
"6741";"PIMBORRAPLAS";NA;NA;"Ativa";"IBGE";"Produção";"Produção industrial - borracha e plástico - quantum - índice (média 2002 = 100)";"Produção industrial - borracha e plástico - quantum - índice (média 2002 = 100)";"Não oculta";"Internet";NA;0;NA;NA;NA;"PIMBORRAPLAS";"Internet";"Regional"
"6742";"PIMCALCOURO";NA;NA;"Ativa";"IBGE";"Produção";"Produção industrial - calçados e artigos de couro - quantum - índice (média 2002 = 100)";"Produção industrial - calçados e artigos de couro - quantum - índice (média 2002 = 100)";"Não oculta";"Internet";NA;0;NA;NA;NA;"PIMCALCOURO";"Internet";"Regional"
"6743";"PIMCELUPAPEL";NA;NA;"Ativa";"IBGE";"Produção";"Produção industrial - celulose, papel e produtos de papel - quantum - índice (média 2002 = 100)";"Produção industrial - celulose, papel e produtos de papel - quantum - índice (média 2002 = 100)";"Não oculta";"Internet";NA;0;NA;NA;NA;"PIMCELUPAPEL";"Internet";"Regional"
"6744";"PIMEDIMPGRA";NA;NA;"Ativa";"IBGE";"Produção";"Produção industrial - edição, impressão de gravações - quantum - índice (média 2002 = 100)";"Produção industrial - edição, impressão de gravações - quantum - índice (média 2002 = 100)";"Não oculta";"Internet";NA;0;NA;NA;NA;"PIMEDIMPGRA";"Internet";"Regional"
"6745";"PIMINSTMED";NA;NA;"Ativa";"IBGE";"Produção";"Produção industrial - equip. de instrumentação médico-hospit. - quantum - índice (média 2002 = 100)";"Produção industrial - equip. de instrumentação médico-hospit. - quantum - índice (média 2002 = 100)";"Não oculta";"Internet";NA;0;NA;NA;NA;"PIMINSTMED";"Internet";"Regional"
"6746";"PIMEXTMIN";NA;NA;"Ativa";"IBGE";"Produção";"Produção industrial - extrativa mineral - quantum - índice (média 2002 = 100)";"Produção industrial - extrativa mineral - quantum - índice (média 2002 = 100)";"Não oculta";"Internet";NA;0;NA;NA;NA;"PIMEXTMIN";"Internet";"Regional"
"6747";"PIMEXTMINDES";NA;NA;"Ativa";"IBGE";"Produção";"Produção industrial - extrativa mineral - quantum - índice dessaz. (média 2002 = 100)";"Produção industrial - extrativa mineral - quantum - índice dessaz. (média 2002 = 100)";"Não oculta";"Internet";NA;0;NA;NA;NA;"PIMEXTMINDES";"Internet";"Regional"
"6748";"PIMFARMAC";NA;NA;"Ativa";"IBGE";"Produção";"Produção industrial - farmacêutica - quantum - índice (média 2002 = 100)";"Produção industrial - farmacêutica - quantum - índice (média 2002 = 100)";"Não oculta";"Internet";NA;0;NA;NA;NA;"PIMFARMAC";"Internet";"Regional"
"6749";"PIMFUMO";NA;NA;"Ativa";"IBGE";"Produção";"Produção industrial - fumo - quantum - índice (média 2002 = 100)";"Produção industrial - fumo - quantum - índice (média 2002 = 100)";"Não oculta";"Internet";NA;0;NA;NA;NA;"PIMFUMO";"Internet";"Regional"
"6750";"PIMINDTRANSF";NA;NA;"Ativa";"IBGE";"Produção";"Produção industrial - indústria de transformação - quantum - índice (média 2002 = 100)";"Produção industrial - indústria de transformação - quantum - índice (média 2002 = 100)";"Não oculta";"Internet";NA;0;NA;NA;NA;"PIMINDTRANSF";"Internet";"Regional"
"6751";"PIMINDTRANSFDES";NA;NA;"Ativa";"IBGE";"Produção";"Produção industrial - indústria de transformação - quantum - índice dessaz. (média 2002 = 100)";"Produção industrial - indústria de transformação - quantum - índice dessaz. (média 2002 = 100)";"Não oculta";"Internet";NA;0;NA;NA;NA;"PIMINDTRANSFDES";"Internet";"Regional"
"6752";"PIMINDUSTRIA";NA;NA;"Ativa";"IBGE";"Produção";"Produção industrial - indústria geral - quantum - índice (média 2002 = 100)";"Produção industrial - indústria geral - quantum - índice (média 2002 = 100)";"Não oculta";"Internet";NA;0;NA;NA;NA;"PIMINDUSTRIA";"Internet";"Regional"
"6753";"PIMINDUSTRIADES";NA;NA;"Ativa";"IBGE";"Produção";"Produção industrial - indústria geral - quantum - índice dessaz. (média 2002 = 100)";"Produção industrial - indústria geral - quantum - índice dessaz. (média 2002 = 100)";"Não oculta";"Internet";NA;0;NA;NA;NA;"PIMINDUSTRIADES";"Internet";"Regional"
"6754";"PIMMADEIRA";NA;NA;"Ativa";"IBGE";"Produção";"Produção industrial - madeira - quantum - índice (média 2002 = 100)";"Produção industrial - madeira - quantum - índice (média 2002 = 100)";"Não oculta";"Internet";NA;0;NA;NA;NA;"PIMMADEIRA";"Internet";"Regional"
"6755";"PIMMAQEQUIP";NA;NA;"Ativa";"IBGE";"Produção";"Produção industrial - máquinas e equipamentos - quantum - índice (média 2002 = 100)";"Produção industrial - máquinas e equipamentos - quantum - índice (média 2002 = 100)";"Não oculta";"Internet";NA;0;NA;NA;NA;"PIMMAQEQUIP";"Internet";"Regional"
"6756";"PIMMAQESCRITINF";NA;NA;"Ativa";"IBGE";"Produção";"Produção industrial - máquinas p/ escritório e equip. inform. - quantum - índice (média 2002 = 100)";"Produção industrial - máquinas p/ escritório e equip. inform. - quantum - índice (média 2002 = 100)";"Não oculta";"Internet";NA;0;NA;NA;NA;"PIMMAQESCRITINF";"Internet";"Regional"
"6757";"PIMMAQAPAELE";NA;NA;"Ativa";"IBGE";"Produção";"Produção industrial - máquinas, aparelhos e mater. elétricos - quantum - índice (média 2002 = 100)";"Produção industrial - máquinas, aparelhos e mater. elétricos - quantum - índice (média 2002 = 100)";"Não oculta";"Internet";NA;0;NA;NA;NA;"PIMMAQAPAELE";"Internet";"Regional"
"6758";"PIMMATELECOM";NA;NA;"Ativa";"IBGE";"Produção";"Produção industrial - material eletrônico, equip. comunicações - quantum - índice (média 2002 = 100)";"Produção industrial - material eletrônico, equip. comunicações - quantum - índice (média 2002 = 100)";"Não oculta";"Internet";NA;0;NA;NA;NA;"PIMMATELECOM";"Internet";"Regional"
"6759";"PIMMETALURGIA";NA;NA;"Ativa";"IBGE";"Produção";"Produção industrial - metalurgia básica - quantum - índice (média 2002 = 100)";"Produção industrial - metalurgia básica - quantum - índice (média 2002 = 100)";"Não oculta";"Internet";NA;0;NA;NA;NA;"PIMMETALURGIA";"Internet";"Regional"
"6760";"PIMMINNAOMET";NA;NA;"Ativa";"IBGE";"Produção";"Produção industrial - minerais não metálicos - quantum - índice (média 2002 = 100)";"Produção industrial - minerais não metálicos - quantum - índice (média 2002 = 100)";"Não oculta";"Internet";NA;0;NA;NA;NA;"PIMMINNAOMET";"Internet";"Regional"
"6761";"PIMMOBILIARIO";NA;NA;"Ativa";"IBGE";"Produção";"Produção industrial - mobiliário - quantum - índice (média 2002 = 100)";"Produção industrial - mobiliário - quantum - índice (média 2002 = 100)";"Não oculta";"Internet";NA;0;NA;NA;NA;"PIMMOBILIARIO";"Internet";"Regional"
"6762";"PIMOUTETRANSP";NA;NA;"Ativa";"IBGE";"Produção";"Produção industrial - outros equipamentos de transporte - quantum - índice (média 2002 = 100)";"Produção industrial - outros equipamentos de transporte - quantum - índice (média 2002 = 100)";"Não oculta";"Internet";NA;0;NA;NA;NA;"PIMOUTETRANSP";"Internet";"Regional"
"6763";"PIMOUTPQUIMICO";NA;NA;"Ativa";"IBGE";"Produção";"Produção industrial - outros produtos químicos - quantum - índice (média 2002 = 100)";"Produção industrial - outros produtos químicos - quantum - índice (média 2002 = 100)";"Não oculta";"Internet";NA;0;NA;NA;NA;"PIMOUTPQUIMICO";"Internet";"Regional"
"6764";"PIMPERFLIMP";NA;NA;"Ativa";"IBGE";"Produção";"Produção industrial - perfumaria, sabões, produtos de limpeza - quantum - índice (média 2002 = 100)";"Produção industrial - perfumaria, sabões, produtos de limpeza - quantum - índice (média 2002 = 100)";"Não oculta";"Internet";NA;0;NA;NA;NA;"PIMPERFLIMP";"Internet";"Regional"
"6765";"PIMPRODMETEXCME";NA;NA;"Ativa";"IBGE";"Produção";"Produção industrial - produtos de metal -exclus. máq. e equip. - quantum - índice (média 2002 = 100)";"Produção industrial - produtos de metal -exclus. máq. e equip. - quantum - índice (média 2002 = 100)";"Não oculta";"Internet";NA;0;NA;NA;NA;"PIMPRODMETEXCME";"Internet";"Regional"
"6766";"PIMREFPETALC";NA;NA;"Ativa";"IBGE";"Produção";"Produção industrial - refino de petróleo e álcool - quantum - índice (média 2002 = 100)";"Produção industrial - refino de petróleo e álcool - quantum - índice (média 2002 = 100)";"Não oculta";"Internet";NA;0;NA;NA;NA;"PIMREFPETALC";"Internet";"Regional"
"6767";"PIMTEXTIL";NA;NA;"Ativa";"IBGE";"Produção";"Produção industrial - têxtil - quantum - índice (média 2002 = 100)";"Produção industrial - têxtil - quantum - índice (média 2002 = 100)";"Não oculta";"Internet";NA;0;NA;NA;NA;"PIMTEXTIL";"Internet";"Regional"
"6768";"PIMVEICULOSAUT";NA;NA;"Ativa";"IBGE";"Produção";"Produção industrial - veículos automotores - quantum - índice (média 2002 = 100)";"Produção industrial - veículos automotores - quantum - índice (média 2002 = 100)";"Não oculta";"Internet";NA;0;NA;NA;NA;"PIMVEICULOSAUT";"Internet";"Regional"
"6769";"PIMVESTUARIOACE";NA;NA;"Ativa";"IBGE";"Produção";"Produção industrial - vestuário e acessórios - quantum - índice (média 2002 = 100)";"Produção industrial - vestuário e acessórios - quantum - índice (média 2002 = 100)";"Não oculta";"Internet";NA;0;NA;NA;NA;"PIMVESTUARIOACE";"Internet";"Regional"
"6770";"PIMALIMEBEB";NA;NA;"Ativa";"IBGE";"Produção";"Produção industrial - alimentos e bebidas - quantum - índice (média 2002 = 100)";"Produção industrial - alimentos e bebidas - quantum - índice (média 2002 = 100)";"Não oculta";"Internet";NA;0;NA;NA;NA;"PIMALIMEBEB";"Internet";"Regional"
"6771";"PIMPRODQUIM";NA;NA;"Ativa";"IBGE";"Produção";"Produção industrial - produtos quimicos - quantum - índice (média 2002 = 100)";"Produção industrial - produtos quimicos - quantum - índice (média 2002 = 100)";"Não oculta";"Internet";NA;0;NA;NA;NA;"PIMPRODQUIM";"Internet";"Regional"
"6772";"IGP12_IPA1006803A12";NA;NA;"Inativa";"FGV/Conj. Econ. - IGP";"Preços";"IPA origem - prod. agropecuários - lavouras temporárias - índice (dez. 2007 = 100)";"IPA origem - produtos agropecuários - lavouras temporárias - índice (dez. 2007 = 100)";"Oculta";"Internet";45;0;0;"Incluido em 20/mai/2009.";"Geradora";"IGP12";"Oculta";"Macro"
"6773";"IGP12_IPA1006804A12";NA;NA;"Inativa";"FGV/Conj. Econ. - IGP";"Preços";"IPA origem - prod. agropecuários - lavouras permanentes - índice (dez. 2007 = 100)";"IPA origem - produtos agropecuários - lavouras permanentes - índice (dez. 2007 = 100)";"Oculta";"Internet";45;0;0;"Incluido em 20/mai/2009.";"Geradora";"IGP12";"Oculta";"Macro"
"6774";"IGP12_IPA1006805A12";NA;NA;"Inativa";"FGV/Conj. Econ. - IGP";"Preços";"IPA origem - prod. agropecuários - pecuária - índice (dez. 2007 = 100)";"IPA origem - produtos agropecuários - pecuária - índice (dez. 2007 = 100)";"Oculta";"Internet";45;0;0;"Incluido em 20/mai/2009.";"Geradora";"IGP12";"Oculta";"Macro"
"6775";"IGP12_IPA1006808A12";NA;NA;"Inativa";"FGV/Conj. Econ. - IGP";"Preços";"IPA origem - prod. industriais - ind. extrativa - carvão mineral - índice (dez. 2007 = 100)";"IPA origem - produtos industriais - indústria extrativa - carvão mineral - índice (dez. 2007 = 100)";"Oculta";"Internet";45;0;0;"Incluido em 20/mai/2009.";"Geradora";"IGP12";"Oculta";"Macro"
"6776";"IGP12_IPA1006809A12";NA;NA;"Inativa";"FGV/Conj. Econ. - IGP";"Preços";"IPA origem - prod. industriais - ind. extrativa - minerais metálicos - índice (dez. 2007 = 100)";"IPA origem - produtos industriais - indústria extrativa - minerais metálicos - índice (dez. 2007 = 100)";"Oculta";"Internet";45;0;0;"Incluido em 20/mai/2009.";"Geradora";"IGP12";"Oculta";"Macro"
"6777";"IGP12_IPA1006810A12";NA;NA;"Inativa";"FGV/Conj. Econ. - IGP";"Preços";"IPA origem - prod. industriais - ind. extrativa - minerais não metálicos - índice (dez. 2007 = 100)";"IPA origem - produtos industriais - indústria extrativa - minerais não metálicos - índice (dez. 2007 = 100)";"Oculta";"Internet";45;0;0;"Incluido em 20/mai/2009.";"Geradora";"IGP12";"Oculta";"Macro"
"6778";"IGP12_IPA1006812A12";NA;NA;"Inativa";"FGV/Conj. Econ. - IGP";"Preços";"IPA origem - prod. industriais - ind. transf. - prod. aliment. e bebidas - índice (dez. 2007 = 100)";"IPA origem - produtos industriais - indústria de transformação - produtos alimentícios e bebidas - índice (dez. 2007 = 100)";"Oculta";"Internet";45;0;0;"Incluido em 20/mai/2009.";"Geradora";"IGP12";"Oculta";"Macro"
"6779";"IGP12_IPA1006813A12";NA;NA;"Inativa";"FGV/Conj. Econ. - IGP";"Preços";"IPA origem - prod. industriais - ind. transf. - produtos do fumo - índice (dez. 2007 = 100)";"IPA origem - produtos industriais - indústria de transformação - produtos do fumo - índice (dez. 2007 = 100)";"Oculta";"Internet";45;0;0;"Incluido em 20/mai/2009.";"Geradora";"IGP12";"Oculta";"Macro"
"6780";"IGP12_IPA1006814A12";NA;NA;"Inativa";"FGV/Conj. Econ. - IGP";"Preços";"IPA origem - prod. industriais - ind. transf. - produtos têxteis - índice (dez. 2007 = 100)";"IPA origem - produtos industriais - indústria de transformação - produtos têxteis - índice (dez. 2007 = 100)";"Oculta";"Internet";45;0;0;"Incluido em 20/mai/2009.";"Geradora";"IGP12";"Oculta";"Macro"
"6781";"IGP12_IPA1006815A12";NA;NA;"Inativa";"FGV/Conj. Econ. - IGP";"Preços";"IPA origem - prod. industriais - ind. transf. - artigos do vestuário - índice (dez. 2007 = 100)";"IPA origem - produtos industriais - indústria de transformação - artigos do vestuário - índice (dez. 2007 = 100)";"Oculta";"Internet";45;0;0;"Incluido em 20/mai/2009.";"Geradora";"IGP12";"Oculta";"Macro"
"6782";"IGP12_IPA1006816A12";NA;NA;"Inativa";"FGV/Conj. Econ. - IGP";"Preços";"IPA origem - prod. industriais - ind. transf. - couros e calçados - índice (dez. 2007 = 100)";"IPA origem - produtos industriais - indústria de transformação - couros e calçados - índice (dez. 2007 = 100)";"Oculta";"Internet";45;0;0;"Incluido em 20/mai/2009.";"Geradora";"IGP12";"Oculta";"Macro"
"6783";"IGP12_IPA1006817A12";NA;NA;"Inativa";"FGV/Conj. Econ. - IGP";"Preços";"IPA origem - prod. industriais - ind. transf. - produtos de madeira - índice (dez. 2007 = 100)";"IPA origem - produtos industriais - indústria de transformação - produtos de madeira - índice (dez. 2007 = 100)";"Oculta";"Internet";45;0;0;"Incluido em 20/mai/2009.";"Geradora";"IGP12";"Oculta";"Macro"
"6784";"IGP12_IPA1006818A12";NA;NA;"Inativa";"FGV/Conj. Econ. - IGP";"Preços";"IPA origem - prod. industriais - ind. transf. - celulose, papel, etc - índice (dez. 2007 = 100)";"IPA origem - produtos industriais - indústria de transformação - celulose, papel e produtos de papel - índice (dez. 2007 = 100)";"Oculta";"Internet";45;0;0;"Incluido em 20/mai/2009.";"Geradora";"IGP12";"Oculta";"Macro"
"6785";"IGP12_IPA1006819A12";NA;NA;"Inativa";"FGV/Conj. Econ. - IGP";"Preços";"IPA origem - prod. industriais - ind. transf. - deriv. petróleo e álcool - índice (dez. 2007 = 100)";"IPA origem - produtos industriais - indústria de transformação - produtos derivado petróleo e álcool - índice (dez. 2007 = 100)";"Oculta";"Internet";45;0;0;"Incluido em 20/mai/2009.";"Geradora";"IGP12";"Oculta";"Macro"
"6786";"IGP12_IPA1006820A12";NA;NA;"Inativa";"FGV/Conj. Econ. - IGP";"Preços";"IPA origem - prod. industriais - ind. transf. - produtos químicos - índice (dez. 2007 = 100)";"IPA origem - produtos industriais - indústria de transformação - produtos químicos - índice (dez. 2007 = 100)";"Oculta";"Internet";45;0;0;"Incluido em 20/mai/2009.";"Geradora";"IGP12";"Oculta";"Macro"
"6787";"IGP12_IPA1006821A12";NA;NA;"Inativa";"FGV/Conj. Econ. - IGP";"Preços";"IPA origem - prod. industriais - ind. transf. - artig.borracha e plástico - índice (dez. 2007 = 100)";"IPA origem - produtos industriais - indústria de transformação - artigos de borracha e de material plástico - índice (dez. 2007 = 100)";"Oculta";"Internet";45;0;0;"Incluido em 20/mai/2009.";"Geradora";"IGP12";"Oculta";"Macro"
"6788";"IGP12_IPA1006822A12";NA;NA;"Inativa";"FGV/Conj. Econ. - IGP";"Preços";"IPA origem - prod. industriais - ind. transf. - prod. minerais não-met. - índice (dez. 2007 = 100)";"IPA origem - produtos industriais - indústria de transformação - produtos de minerais não-metálicos - índice (dez. 2007 = 100)";"Oculta";"Internet";45;0;0;"Incluido em 20/mai/2009.";"Geradora";"IGP12";"Oculta";"Macro"
"6789";"IGP12_IPA1006823A12";NA;NA;"Inativa";"FGV/Conj. Econ. - IGP";"Preços";"IPA origem - prod. industriais - ind. transf. - metalurgia básica - índice (dez. 2007 = 100)";"IPA origem - produtos industriais - indústria de transformação - metalurgia básica - índice (dez. 2007 = 100)";"Oculta";"Internet";45;0;0;"Incluido em 20/mai/2009.";"Geradora";"IGP12";"Oculta";"Macro"
"6790";"IGP12_IPA1006824A12";NA;NA;"Inativa";"FGV/Conj. Econ. - IGP";"Preços";"IPA origem - prod. industriais - ind. transf. - produtos de metal - índice (dez. 2007 = 100)";"IPA origem - produtos industriais - indústria de transformação - produtos de metal - índice (dez. 2007 = 100)";"Oculta";"Internet";45;0;0;"Incluido em 20/mai/2009.";"Geradora";"IGP12";"Oculta";"Macro"
"6791";"IGP12_IPA1006825A12";NA;NA;"Inativa";"FGV/Conj. Econ. - IGP";"Preços";"IPA origem - prod. industriais - ind. transf. - máquinas e equipamentos - índice (dez. 2007 = 100)";"IPA origem - produtos industriais - indústria de transformação - máquinas e equipamentos - índice (dez. 2007 = 100)";"Oculta";"Internet";45;0;0;"Incluido em 20/mai/2009.";"Geradora";"IGP12";"Oculta";"Macro"
"6792";"IGP12_IPA1006826A12";NA;NA;"Inativa";"FGV/Conj. Econ. - IGP";"Preços";"IPA origem - prod. industriais - ind. transf. - equipamentos de informát. - índice (dez. 2007 = 100)";"IPA origem - produtos industriais - indústria de transformação - equipamentos de informática - índice (dez. 2007 = 100)";"Oculta";"Internet";45;0;0;"Incluido em 20/mai/2009.";"Geradora";"IGP12";"Oculta";"Macro"
"6793";"IGP12_IPA1006827A12";NA;NA;"Inativa";"FGV/Conj. Econ. - IGP";"Preços";"IPA origem - prod. industriais - ind. transf. - máquinas e mat. elétricos - índice (dez. 2007 = 100)";"IPA origem - produtos industriais - indústria de transformação - máquinas, aparelhos e materiais elétricos - índice (dez. 2007 = 100)";"Oculta";"Internet";45;0;0;"Incluido em 20/mai/2009.";"Geradora";"IGP12";"Oculta";"Macro"
"6794";"IGP12_IPA1006828A12";NA;NA;"Inativa";"FGV/Conj. Econ. - IGP";"Preços";"IPA origem - prod. industriais - ind. transf. - mat. eletr, equip. comunic - índice (dez. 2007 = 100";"IPA origem - produtos industriais - indústria de transformação - material eletrônico, aparelhos e equipamentos comunicação - índice (dez. 2007 = 100)";"Oculta";"Internet";45;0;0;"Incluido em 20/mai/2009.";"Geradora";"IGP12";"Oculta";"Macro"
"6795";"IGP12_IPA1006829A12";NA;NA;"Inativa";"FGV/Conj. Econ. - IGP";"Preços";"IPA origem - prod. industriais - ind. transf. - veículos automotores, etc - índice (dez. 2007 = 100)";"IPA origem - produtos industriais - indústria de transformação - veículos automotores, reboques etc - índice (dez. 2007 = 100)";"Oculta";"Internet";45;0;0;"Incluido em 20/mai/2009.";"Geradora";"IGP12";"Oculta";"Macro"
"6796";"IGP12_IPA1006830A12";NA;NA;"Inativa";"FGV/Conj. Econ. - IGP";"Preços";"IPA origem - prod. industriais - ind. transf. - outros equip. transporte - índice (dez. 2007 = 100)";"IPA origem - produtos industriais - indústria de transformação - outros equipamentos de transporte - índice (dez. 2007 = 100)";"Oculta";"Internet";45;0;0;"Incluido em 20/mai/2009.";"Geradora";"IGP12";"Oculta";"Macro"
"6797";"IGP12_IPA1006831A12";NA;NA;"Inativa";"FGV/Conj. Econ. - IGP";"Preços";"IPA origem - prod. industriais - ind. transf. - móveis e artig. do mob. - índice (dez. 2007 = 100)";"IPA origem- produtos industriais - indústria de transformação - móveis e artigos do mobiliário - índice (dez. 2007 = 100)";"Oculta";"Internet";45;0;0;"Incluido em 20/mai/2009.";"Geradora";"IGP12";"Oculta";"Macro"
"6798";"IGP12_IPA1004781EP12";NA;NA;"Inativa";"FGV/Conj. Econ. - IGP";"Preços";"IPA-EP - bens finais - índice (ago. 1994 = 100)";"IPA-EP - bens finais - índice (ago. 1994 = 100)";"Oculta";"Internet";45;0;0;"Incluido em 20/mai/2009.";NA;"IGP12";"Oculta";"Macro"
"6799";"IGP12_IPA1004782EP12";NA;NA;"Inativa";"FGV/Conj. Econ. - IGP";"Preços";"IPA-EP - bens finais - bens de consumo - índice (ago. 1994 = 100)";"IPA-EP - bens finais - bens de consumo - índice (ago. 1994 = 100)";"Oculta";"Internet";45;0;0;"Incluido em 20/mai/2009.";NA;"IGP12";"Oculta";"Macro"
"6800";"IGP12_IPA1004790EP12";NA;NA;"Inativa";"FGV/Conj. Econ. - IGP";"Preços";"IPA-EP - bens finais - bens de consumo - alimentação - índice (ago. 1994 = 100)";"IPA-EP - bens finais - bens de consumo - alimentação - índice (ago. 1994 = 100)";"Oculta";"Internet";45;0;0;"Incluido em 20/mai/2009.";NA;"IGP12";"Oculta";"Macro"
"6801";"IGP12_IPA1004791EP12";NA;NA;"Inativa";"FGV/Conj. Econ. - IGP";"Preços";"IPA-EP - bens finais - bens de consumo - alimentos in natura - índice (ago. 1994 = 100)";"IPA-EP - bens finais - bens de consumo - alimentos in natura - índice (ago. 1994 = 100)";"Oculta";"Internet";45;0;0;"Incluido em 20/mai/2009.";NA;"IGP12";"Oculta";"Macro"
"6802";"IGP12_IPA1004792EP12";NA;NA;"Inativa";"FGV/Conj. Econ. - IGP";"Preços";"IPA-EP - bens finais - bens de consumo - alimentos processados - índice (ago. 1994 = 100)";"IPA-EP - bens finais - bens de consumo - alimentos processados - índice (ago. 1994 = 100)";"Oculta";"Internet";45;0;0;"Incluido em 20/mai/2009.";NA;"IGP12";"Oculta";"Macro"
"6803";"IGP12_IPA1004793EP12";NA;NA;"Inativa";"FGV/Conj. Econ. - IGP";"Preços";"IPA-EP - bens finais - bens de consumo - combustíveis - índice (ago. 1994 = 100)";"IPA-EP - bens finais - bens de consumo - combustíveis - índice (ago. 1994 = 100)";"Oculta";"Internet";45;0;0;"Incluido em 20/mai/2009.";NA;"IGP12";"Oculta";"Macro"
"6804";"IGP12_IPA1004802EP12";NA;NA;"Inativa";"FGV/Conj. Econ. - IGP";"Preços";"IPA-EP - bens finais - bens de consumo duráveis - índice (ago. 1994 = 100)";"IPA-EP - bens finais - bens de consumo duráveis - índice (ago. 1994 = 100)";"Oculta";"Internet";45;0;0;"Incluido em 20/mai/2009.";NA;"IGP12";"Oculta";"Macro"
"6805";"IGP12_IPA1004804EP12";NA;NA;"Inativa";"FGV/Conj. Econ. - IGP";"Preços";"IPA-EP - bens finais - bens de consumo duráveis - utilidades domésticas - índice (ago. 1994 = 100)";"IPA-EP - bens finais - bens de consumo duráveis - utilidades domésticas - índice (ago. 1994 = 100)";"Oculta";"Internet";45;0;0;"Incluido em 20/mai/2009.";NA;"IGP12";"Oculta";"Macro"
"6806";"IGP12_IPA1004806EP12";NA;NA;"Inativa";"FGV/Conj. Econ. - IGP";"Preços";"IPA-EP - bens finais - bens de consumo duráveis - veículos e acessórios - índice (ago. 1994 = 100)";"IPA-EP - bens finais - bens de consumo duráveis - veículos e acessórios - índice (ago. 1994 = 100)";"Oculta";"Internet";45;0;0;"Incluido em 20/mai/2009.";NA;"IGP12";"Oculta";"Macro"
"6807";"IGP12_IPA1004808EP12";NA;NA;"Inativa";"FGV/Conj. Econ. - IGP";"Preços";"IPA-EP - bens finais - bens de investimento - índice (ago. 1994 = 100)";"IPA-EP - bens finais - bens de investimento - índice (ago. 1994 = 100)";"Oculta";"Internet";45;0;0;"Incluido em 20/mai/2009.";NA;"IGP12";"Oculta";"Macro"
"6808";"IGP12_IPA1004810EP12";NA;NA;"Inativa";"FGV/Conj. Econ. - IGP";"Preços";"IPA-EP - bens finais - bens de investimento - veículos pesados - índice (ago. 1994 = 100)";"IPA-EP - bens finais - bens de investimento - veículos pesados - índice (ago. 1994 = 100)";"Oculta";"Internet";45;0;0;"Incluido em 20/mai/2009.";NA;"IGP12";"Oculta";"Macro"
"6809";"IGP12_IPA1004812EP12";NA;NA;"Inativa";"FGV/Conj. Econ. - IGP";"Preços";"IPA-EP - bens finais - bens de investimento - máquinas e equipamentos - índice (ago. 1994 = 100)";"IPA-EP - bens finais - bens de investimento - máquinas e equipamentos - índice (ago. 1994 = 100)";"Oculta";"Internet";45;0;0;"Incluido em 20/mai/2009.";NA;"IGP12";"Oculta";"Macro"
"6810";"IGP12_IPA1004794EP12";NA;NA;"Inativa";"FGV/Conj. Econ. - IGP";"Preços";"IPA-EP - bens finais - bens de consumo não duráveis exc. alim. e comb. - índice (ago. 1994 = 100)";"IPA-EP - bens finais - bens de consumo não duráveis exceto alimentação e combustíveis - índice (ago. 1994 = 100)";"Oculta";"Internet";45;0;0;"Incluido em 20/mai/2009.";NA;"IGP12";"Oculta";"Macro"
"6811";"IGP12_IPA1004796EP12";NA;NA;"Inativa";"FGV/Conj. Econ. - IGP";"Preços";"IPA-EP - bens finais - bens de consumo exc. alim.e comb. - bebidas e fumo - índice (ago. 1994 = 100)";"IPA-EP - bens finais - bens de consumo exceto alimentação e combustíveis - bebidas e fumo - índice (ago. 1994 = 100)";"Oculta";"Internet";45;0;0;"Incluido em 20/mai/2009.";NA;"IGP12";"Oculta";"Macro"
"6812";"IGP12_IPA1004798EP12";NA;NA;"Inativa";"FGV/Conj. Econ. - IGP";"Preços";"IPA-EP - bens finais - bens de consumo exc. alim.e comb. - vestuário etc. - índice (ago. 1994 = 100)";"IPA-EP - bens finais - bens de consumo exceto alimentação e combustíveis - vestuário, calçados e acessórios - índice (ago. 1994 = 100)";"Oculta";"Internet";45;0;0;"Incluido em 20/mai/2009.";NA;"IGP12";"Oculta";"Macro"
"6813";"IGP12_IPA1004800EP12";NA;NA;"Inativa";"FGV/Conj. Econ. - IGP";"Preços";"IPA-EP - bens finais - bens de consumo exc. alim.e comb. - medicamentos - índice (ago. 1994 = 100)";"IPA EP - bens finais - bens de consumo exceto alimentação e combustíveis - medicamentos e artigos para residência, higiene e limpeza - índice (ago. 1994 = 100)";"Oculta";"Internet";45;0;0;"Incluido em 20/mai/2009.";NA;"IGP12";"Oculta";"Macro"
"6814";"IGP12_IPA1004816EP12";NA;NA;"Inativa";"FGV/Conj. Econ. - IGP";"Preços";"IPA-EP - bens intermediários - índice (ago. 1994 = 100)";"IPA-EP - bens intermediários - índice (ago. 1994 = 100)";"Oculta";"Internet";45;0;0;"Incluido em 20/mai/2009.";NA;"IGP12";"Oculta";"Macro"
"6815";"IGP12_IPA1004818EP12";NA;NA;"Inativa";"FGV/Conj. Econ. - IGP";"Preços";"IPA-EP - bens intermediários - materiais e componentes para a manufatura - índice (ago. 1994 = 100)";"IPA-EP - bens intermediários - materiais e componentes para a manufatura - índice (ago. 1994 = 100)";"Oculta";"Internet";45;0;0;"Incluido em 20/mai/2009.";NA;"IGP12";"Oculta";"Macro"
"6816";"IGP12_IPA1004819EP12";NA;NA;"Inativa";"FGV/Conj. Econ. - IGP";"Preços";"IPA-EP - bens intermediários - materiais e componentes para a construção - índice (ago. 1994 = 100)";"IPA-EP - bens intermediários - materiais e componentes para a construção - índice (ago. 1994 = 100)";"Oculta";"Internet";45;0;0;"Incluido em 20/mai/2009.";NA;"IGP12";"Oculta";"Macro"
"6817";"IGP12_IPA1004820EP12";NA;NA;"Inativa";"FGV/Conj. Econ. - IGP";"Preços";"IPA-EP - bens intermediários - combustíveis e lubrificantes para produção - índice (ago. 1994 = 100)";"IPA-EP - bens intermediários - combustíveis e lubrificantes para a produção - índice (ago. 1994 = 100)";"Oculta";"Internet";45;0;0;"Incluido em 20/mai/2009.";NA;"IGP12";"Oculta";"Macro"
"6818";"IGP12_IPA1004821EP12";NA;NA;"Inativa";"FGV/Conj. Econ. - IGP";"Preços";"IPA-EP - bens intermediários - embalagens - índice (ago. 1994 = 100)";"IPA-EP - bens intermediários - embalagens - índice (ago. 1994 = 100)";"Oculta";"Internet";45;0;0;"Incluido em 20/mai/2009.";NA;"IGP12";"Oculta";"Macro"
"6819";"IGP12_IPA1004822EP12";NA;NA;"Inativa";"FGV/Conj. Econ. - IGP";"Preços";"IPA-EP - bens intermediários - suprimentos - índice (ago. 1994 = 100)";"IPA-EP - bens intermediários - suprimentos - índice (ago. 1994 = 100)";"Oculta";"Internet";45;0;0;"Incluido em 20/mai/2009.";NA;"IGP12";"Oculta";"Macro"
"6820";"IGP12_IPA1004827EP12";NA;NA;"Inativa";"FGV/Conj. Econ. - IGP";"Preços";"IPA-EP - bens intermediários - suprimentos agropecuários - índice (ago. 1994 = 100)";"IPA-EP - bens intermediários - suprimentos agropecuários - índice (ago. 1994 = 100)";"Oculta";"Internet";45;0;0;"Incluido em 20/mai/2009.";NA;"IGP12";"Oculta";"Macro"
"6821";"IGP12_IPA1004828EP12";NA;NA;"Inativa";"FGV/Conj. Econ. - IGP";"Preços";"IPA-EP - bens intermediários - suprimentos não agropecuários - índice (ago. 1994 = 100)";"IPA-EP - bens intermediários - suprimentos não agropecuários - índice (ago. 1994 = 100)";"Oculta";"Internet";45;0;0;"Incluido em 20/mai/2009.";NA;"IGP12";"Oculta";"Macro"
"6822";"IGP12_IPA1004830EP12";NA;NA;"Inativa";"FGV/Conj. Econ. - IGP";"Preços";"IPA-EP - matérias-primas brutas - índice (ago. 1994 = 100)";"IPA-EP - matérias-primas brutas - índice (ago. 1994 = 100)";"Oculta";"Internet";45;0;0;"Incluido em 20/mai/2009.";NA;"IGP12";"Oculta";"Macro"
"6823";"IGP12_IPA1004831EP12";NA;NA;"Inativa";"FGV/Conj. Econ. - IGP";"Preços";"IPA-EP - matérias-primas brutas - agropecuárias - índice (ago. 1994 = 100)";"IPA-EP - matérias-primas brutas - agropecuárias - índice (ago. 1994 = 100)";"Oculta";"Internet";45;0;0;"Incluido em 20/mai/2009.";NA;"IGP12";"Oculta";"Macro"
"6824";"IGP12_IPA1004833EP12";NA;NA;"Inativa";"FGV/Conj. Econ. - IGP";"Preços";"IPA-EP - matérias-primas brutas - agropecuárias comercializáveis - índice (ago. 1994 = 100)";"IPA-EP - matérias-primas brutas - agropecuárias comercializáveis - índice (ago. 1994 = 100)";"Oculta";"Internet";45;0;0;"Incluido em 20/mai/2009.";NA;"IGP12";"Oculta";"Macro"
"6825";"IGP12_IPA1004834EP12";NA;NA;"Inativa";"FGV/Conj. Econ. - IGP";"Preços";"IPA-EP - matérias-primas brutas - agropecuárias - proc. ind. aliment. - índice (ago. 1994 = 100)";"IPA-EP - matérias-primas brutas - agropecuárias - processamento industrial para fins alimentares - índice (ago. 1994 = 100)";"Oculta";"Internet";45;0;0;"Incluido em 20/mai/2009.";NA;"IGP12";"Oculta";"Macro"
"6826";"IGP12_IPA1004835EP12";NA;NA;"Inativa";"FGV/Conj. Econ. - IGP";"Preços";"IPA-EP - matérias-primas brutas - agropecuárias - proc. ind. não aliment. - índice (ago. 1994 = 100)";"IPA-EP - matérias-primas brutas - agropecuárias - processamento industrial para fins não alimentares - índice (ago. 1994 = 100)";"Oculta";"Internet";45;0;0;"Incluido em 20/mai/2009.";NA;"IGP12";"Oculta";"Macro"
"6827";"IGP12_IPA1004832EP12";NA;NA;"Inativa";"FGV/Conj. Econ. - IGP";"Preços";"IPA-EP - matérias-primas brutas - minerais - índice (ago. 1994 = 100)";"IPA-EP - matérias-primas brutas - minerais - índice (ago. 1994 = 100)";"Oculta";"Internet";45;0;0;"Incluido em 20/mai/2009.";NA;"IGP12";"Oculta";"Macro"
"6828";"IGP12_IPA1004814EP12";NA;NA;"Inativa";"FGV/Conj. Econ. - IGP";"Preços";"IPA-EP - bens finais exceto alim.(in natura) e comb - para consumo - índice (ago. 1994 = 100)";"IPA-EP - bens finais exceto alimentos (in natura) e combustíveis para consumo - índice (ago. 1994 = 100)";"Oculta";"Internet";45;0;0;"Incluido em 20/mai/2009.";NA;"IGP12";"Oculta";"Macro"
"6829";"IGP12_IPA1004829EP12";NA;NA;"Inativa";"FGV/Conj. Econ. - IGP";"Preços";"IPA-EP - bens intermediários exc. comb. - para produção - índice (ago. 1994 = 100)";"IPA-EP - bens intermediários exceto combustíveis e lubrificantes para produção - índice (ago. 1994 = 100)";"Oculta";"Internet";45;0;0;"Incluido em 20/mai/2009.";NA;"IGP12";"Oculta";"Macro"
"6830";"ADMIS";NA;NA;"Ativa";"MTE-Caged";"Emprego";"Total da evolução de admissões";"Total da evolução de admissões";"Não oculta";"Internet";NA;0;NA;NA;NA;"ADMIS";"Internet";"Regional"
"6831";"DESLIG";NA;NA;"Ativa";"MTE-Caged";"Emprego";"Total da evolução de desligamentos";"Total da evolução de desligamentos";"Não oculta";"Internet";NA;0;NA;NA;NA;"DESLIG";"Internet";"Regional"
"6832";"REICMSE";NA;NA;"Ativa";"Min. Fazenda-STN";"Finanças públicas";"Receita tributária - ICMS - estadual";"Receita tributária - ICMS - estadual";"Não oculta";"Internet";NA;0;NA;NA;NA;"REICMSE";"Internet";"Regional"
"6833";"ABATE_ABPEAV";NA;NA;"Ativa";"IBGE/Coagro";"Produção";"Abate - aves - peso das carcaças - qde.";"Abate de aves (peso das carcaças): quantidade";"Não oculta";"Internet";360;0;1;NA;NA;"ABATE";"Internet";"Macro"
"6834";"ABATE_ABPEBV";NA;NA;"Ativa";"IBGE/Coagro";"Produção";"Abate - bovinos - peso das carcaças - qde.";"Abate de bovinos (peso das carcaças): quantidade";"Não oculta";"Internet";360;0;1;NA;NA;"ABATE";"Internet";"Macro"
"6835";"ABATE_ABPESU";NA;NA;"Ativa";"IBGE/Coagro";"Produção";"Abate - suínos - peso das carcaças - qde.";"Abate de suínos (peso das carcaças): quantidade";"Não oculta";"Internet";360;0;1;NA;NA;"ABATE";"Internet";"Macro"
"6836";"ABATE_ABQUAV";NA;NA;"Ativa";"IBGE/Coagro";"Produção";"Abate - aves - qde.";"Abate de aves: quantidade";"Não oculta";"Internet";360;0;1;NA;NA;"ABATE";"Internet";"Macro"
"6837";"ABATE_ABQUBV";NA;NA;"Ativa";"IBGE/Coagro";"Produção";"Abate - bovinos - qde.";"Abate de bovinos: quantidade";"Não oculta";"Internet";360;0;1;NA;NA;"ABATE";"Internet";"Macro"
"6838";"ABATE_ABQUSU";NA;NA;"Ativa";"IBGE/Coagro";"Produção";"Abate - suínos - qde.";"Abate de suínos: quantidade";"Não oculta";"Internet";360;0;1;NA;NA;"ABATE";"Internet";"Macro"
"6839";"PPM_EFQUBV";NA;NA;"Ativa";"IBGE/PPM";"Produção";"Efetivo - bovinos - qde.";"Efetivo do rebanho de bovinos: quantidade";"Não oculta";"Internet";360;0;1;NA;NA;"PPM";"Internet";"Macro"
"6840";"PPM_EFQUSU";NA;NA;"Ativa";"IBGE/PPM";"Produção";"Efetivo - suínos - qde.";"Efetivo do rebanho de suínos: quantidade";"Não oculta";"Internet";360;0;1;NA;NA;"PPM";"Internet";"Macro"
"6841";"IBSIE_QSCFG";NA;NA;"Ativa";"IBS/IE";"Produção";"Produção - ferro-gusa";"Produção de ferro-gusa";"Não oculta";"Internet";20;0;1;NA;NA;"IBSIE";"Internet";"Macro"
"6842";"IBSIE_QSCAB";NA;NA;"Ativa";"IBS/IE";"Produção";"Produção - aço bruto";"Produção de aço bruto";"Não oculta";"Internet";20;0;1;NA;NA;"IBSIE";"Internet";"Macro"
"6843";"IBSIE_QSCL";NA;NA;"Ativa";"IBS/IE";"Produção";"Produção - laminados";"Produção de laminados";"Não oculta";"Internet";360;0;1;NA;NA;"IBSIE";"Internet";"Macro"
"6844";"CAGED12_SALDO12";NA;NA;"Ativa";"MTE/Caged";"Emprego";"Empregados - saldo";"Empregados - saldo";"Não oculta";"Internet";45;0;0;"Incluída em 11/ago/2009.";NA;"CAGED12";"Internet";"Macro"
"6845";"CNI12_INECINF12";NA;NA;"Ativa";"CNI";"Percepção e expectativa";"Expectativa do consumidor (INEC) - expectativa de inflação - índice (média 2001 = 100)";"Índice nacional de expectativa do consumidor (INEC): expectativa de inflação - índice (média 2001 = 100)";"Não oculta";"Internet";40;0;0;"Incluída em 27/jul/2009 .";NA;"CNI12";"Internet";"Macro"
"6846";"CNI12_INECDESP12";NA;NA;"Ativa";"CNI";"Percepção e expectativa";"Expectativa do consumidor (INEC) - expectativa de desemprego - índice (média 2001 = 100)";"Índice nacional de expectativa do consumidor (INEC): expectativa de desemprego - índice (média 2001 = 100)";"Não oculta";"Internet";40;0;0;"Incluída em 27/jul/2009 .";NA;"CNI12";"Internet";"Macro"
"6847";"CNI12_INECCOMP12";NA;NA;"Ativa";"CNI";"Percepção e expectativa";"Expectativa do consumidor (INEC) - compras de bens de maior valor - índice (média 2001 = 100)";"Índice nacional de expectativa do consumidor (INEC): compras de bens de maior valor - índice (média 2001 = 100)";"Não oculta";"Internet";40;0;0;"Incluída em 27/jul/2009 .";NA;"CNI12";"Internet";"Macro"
"6848";"AREACOLALGODAO";NA;NA;"Ativa";"IBGE";"Agropecuária";"Área colhida -  algodão - Total";"Área colhida -  algodão - Total";"Não oculta";"Internet";NA;0;NA;NA;NA;"AREACOLALGODAO";"Internet";"Regional"
"6849";"QUANTPRODALGODAO";NA;NA;"Ativa";"IBGE";"Agropecuária";"Produção -  algodão - Total";"Produção -  algodão - Total";"Não oculta";"Internet";NA;0;NA;NA;NA;"QUANTPRODALGODAO";"Internet";"Regional"
"6850";"VALPRODALGODAO";NA;NA;"Ativa";"IBGE";"Agropecuária";"Produção -  algodão -Total";"Produção -  algodão -Total";"Não oculta";"Internet";NA;0;NA;NA;NA;"VALPRODALGODAO";"Internet";"Regional"
"6851";"QUANTPRODALGODAOM";NA;NA;"Ativa";"IBGE";"Agropecuária";"Produção -  algodão - Total";"Produção -  algodão - Total";"Não oculta";"Internet";NA;0;NA;NA;NA;"QUANTPRODALGODAOM";"Internet";"Regional"
"6852";"QUANTPRODARROZM";NA;NA;"Ativa";"IBGE";"Agropecuária";"Produção -  arroz";"Produção -  arroz";"Não oculta";"Internet";NA;0;NA;NA;NA;"QUANTPRODARROZM";"Internet";"Regional"
"6853";"QUANTPRODBANANAM";NA;NA;"Ativa";"IBGE";"Agropecuária";"Produção -  banana";"Produção -  banana";"Não oculta";"Internet";NA;0;NA;NA;NA;"QUANTPRODBANANAM";"Internet";"Regional"
"6854";"QUANTPRODBATATAM";NA;NA;"Ativa";"IBGE";"Agropecuária";"Produção -  batata inglesa";"Produção -  batata inglesa";"Não oculta";"Internet";NA;0;NA;NA;NA;"QUANTPRODBATATAM";"Internet";"Regional"
"6855";"QUANTPRODCACAUM";NA;NA;"Ativa";"IBGE";"Agropecuária";"Produção -  cacau";"Produção -  cacau";"Não oculta";"Internet";NA;0;NA;NA;NA;"QUANTPRODCACAUM";"Internet";"Regional"
"6856";"QUANTPRODCAFEM";NA;NA;"Ativa";"IBGE";"Agropecuária";"Produção -  café";"Produção -  café";"Não oculta";"Internet";NA;0;NA;NA;NA;"QUANTPRODCAFEM";"Internet";"Regional"
"6857";"QUANTPRODCANAM";NA;NA;"Ativa";"IBGE";"Agropecuária";"Produção -  cana-de-açúcar";"Produção -  cana-de-açúcar";"Não oculta";"Internet";NA;0;NA;NA;NA;"QUANTPRODCANAM";"Internet";"Regional"
"6858";"QUANTPRODFEIJAOM";NA;NA;"Ativa";"IBGE";"Agropecuária";"Produção -  feijão";"Produção -  feijão";"Não oculta";"Internet";NA;0;NA;NA;NA;"QUANTPRODFEIJAOM";"Internet";"Regional"
"6859";"QUANTPRODFUMOM";NA;NA;"Ativa";"IBGE";"Agropecuária";"Produção -  fumo";"Produção -  fumo";"Não oculta";"Internet";NA;0;NA;NA;NA;"QUANTPRODFUMOM";"Internet";"Regional"
"6860";"QUANTPRODLARANJAM";NA;NA;"Ativa";"IBGE";"Agropecuária";"Produção -  laranja";"Produção -  laranja";"Não oculta";"Internet";NA;0;NA;NA;NA;"QUANTPRODLARANJAM";"Internet";"Regional"
"6861";"QUANTPRODMANDIOCAM";NA;NA;"Ativa";"IBGE";"Agropecuária";"Produção -  mandioca";"Produção -  mandioca";"Não oculta";"Internet";NA;0;NA;NA;NA;"QUANTPRODMANDIOCAM";"Internet";"Regional"
"6862";"QUANTPRODMILHOM";NA;NA;"Ativa";"IBGE";"Agropecuária";"Produção -  milho";"Produção -  milho";"Não oculta";"Internet";NA;0;NA;NA;NA;"QUANTPRODMILHOM";"Internet";"Regional"
"6863";"QUANTPRODTRIGOM";NA;NA;"Ativa";"IBGE";"Agropecuária";"Produção -  trigo";"Produção -  trigo";"Não oculta";"Internet";NA;0;NA;NA;NA;"QUANTPRODTRIGOM";"Internet";"Regional"
"6864";"FAM_PBF";NA;NA;"Ativa";"MDS";"Assistência social";"Programa Bolsa Família (PBF) - número de benefícios em dezembro";"Programa Bolsa Família (PBF) - número de benefícios em dezembro";"Não oculta";"Internet";NA;0;NA;NA;NA;"FAM";"Internet";"Social"
"6865";"VAL_PBF";NA;NA;"Ativa";"MDS";"Assistência social";"Programa Bolsa Família (PBF) - valor total dos benefícios em dezembro";"Programa Bolsa Família (PBF) - valor total dos benefícios em dezembro";"Não oculta";"Internet";NA;0;NA;NA;NA;"VAL";"Internet";"Social"
"6866";"BPC_defi";NA;NA;"Ativa";"MDS";"Assistência social";"Benefício de Prestação Continuada (BPC) para deficientes - número de benefícios em dezembro";"Benefício de Prestação Continuada (BPC) para deficientes - número de benefícios em dezembro";"Não oculta";"Internet";NA;0;NA;NA;NA;"BPC";"Internet";"Social"
"6867";"BPC_idos";NA;NA;"Ativa";"MDS";"Assistência social";"Benefício de Prestação Continuada (BPC) para idosos - número de benefícios em dezembro";"Benefício de Prestação Continuada (BPC) para idosos - número de benefícios em dezembro";"Não oculta";"Internet";NA;0;NA;NA;NA;"BPC";"Internet";"Social"
"6868";"RMV_defi";NA;NA;"Ativa";"MDS";"Assistência social";"Renda Mensal Vitalícia (RMV) para deficientes - número de benefícios em dezembro";"Renda Mensal Vitalícia (RMV) para deficientes - número de benefícios em dezembro";"Não oculta";"Internet";NA;0;NA;NA;NA;"RMV";"Internet";"Social"
"6869";"RMV_idos";NA;NA;"Ativa";"MDS";"Assistência social";"Renda Mensal Vitalícia (RMV) para idosos - número de benefícios em dezembro";"Renda Mensal Vitalícia (RMV) para idosos - número de benefícios em dezembro";"Não oculta";"Internet";NA;0;NA;NA;NA;"RMV";"Internet";"Social"
"6870";"PMC12_VRFARMSA12";NA;NA;"Ativa";"IBGE/PMC";"Consumo e vendas";"Vendas reais - varejo - artigos farma., méd., ortoped. e perfum. - índice dessaz. (média 2014 = 100)";"Vendas reais - varejo - artigos farmacêuticos, médicos, ortopédicos, de perfumaria e cosméticos - índice dessaz. (média 2014 = 100)";"Não oculta";"Internet";40;0;0;"Incluída em 09/out/2009.";NA;"PMC12";"Internet";"Macro"
"6871";"PMC12_VRJORSA12";NA;NA;"Ativa";"IBGE/PMC";"Consumo e vendas";"Vendas reais - varejo - livros, jornais, revistas e papelaria - índice dessaz. (média 2014 = 100)";"Vendas reais - varejo - livros, jornais, revistas e papelaria - índice dessaz. (média 2014 = 100)";"Não oculta";"Internet";40;0;0;"Incluída em 09/out/2009.";NA;"PMC12";"Internet";"Macro"
"6872";"PMC12_VRINFOSA12";NA;NA;"Ativa";"IBGE/PMC";"Consumo e vendas";"Vendas reais - varejo - escritório, informática e comunicação - índice dessaz. (média 2014 = 100)";"Vendas reais - varejo - equipamentos e materiais para escritório, informática e comunicação - índice dessaz. (média 2014 = 100)";"Não oculta";"Internet";40;0;0;"Incluída em 09/out/2009.";NA;"PMC12";"Internet";"Macro"
"6873";"PMC12_VROUTSA12";NA;NA;"Ativa";"IBGE/PMC";"Consumo e vendas";"Vendas reais - varejo - outros artigos de uso pessoal e doméstico - índice dessaz.(média 2014 = 100)";"Vendas reais - varejo - outros artigos de uso pessoal e doméstico - índice dessaz. (média 2014 = 100)";"Não oculta";"Internet";40;0;0;"Incluída em 09/out/2009.";NA;"PMC12";"Internet";"Macro"
"6874";"PMC12_VRCONSTSA12";NA;NA;"Ativa";"IBGE/PMC";"Consumo e vendas";"Vendas reais - varejo - materiais de construção - índice dessaz. (média 2014 = 100)";"Vendas reais - varejo - materiais de construção - índice dessaz. (média 2014 = 100)";"Não oculta";"Internet";40;0;0;"Incluída em 09/out/2009.";NA;"PMC12";"Internet";"Macro"
"6875";"PMC12_VRCOMB12";NA;NA;"Ativa";"IBGE/PMC";"Consumo e vendas";"Vendas reais - varejo - combustíveis e lubrificantes - índice (média 2014 = 100)";"Vendas reais - varejo - combustíveis e lubrificantes - índice (média 2014 = 100)";"Não oculta";"Internet";40;0;0;"Incluída em 09/out/2009.";NA;"PMC12";"Internet";"Macro"
"6876";"PMC12_VRSUP12";NA;NA;"Ativa";"IBGE/PMC";"Consumo e vendas";"Vendas reais - varejo - hipermercados, prod. alim. bebida e fumo - índice (média 2014 = 100)";"Vendas reais - varejo - hipermercados, prod. alim.. bebida e fumo - índice (média 2014 = 100)";"Não oculta";"Internet";40;0;0;"Incluída em 09/out/2009.";NA;"PMC12";"Internet";"Macro"
"6877";"PMC12_VRSUPT12";NA;NA;"Ativa";"IBGE/PMC";"Consumo e vendas";"Vendas reais - varejo - hipermercados e superm. - índice (média 2014 = 100)";"Vendas reais - varejo - hipermercados e superm. - índice (média 2014 = 100)";"Não oculta";"Internet";40;0;0;"Incluída em 09/out/2009.";NA;"PMC12";"Internet";"Macro"
"6878";"PMC12_VRVEST12";NA;NA;"Ativa";"IBGE/PMC";"Consumo e vendas";"Vendas reais - varejo - tecidos, vestuário e calçados - índice (média 2014 = 100)";"Vendas reais - varejo - tecidos, vestuário e calçados - índice (média 2014 = 100)";"Não oculta";"Internet";40;0;0;"Incluída em 09/out/2009.";NA;"PMC12";"Internet";"Macro"
"6879";"PMC12_VRELETR12";NA;NA;"Ativa";"IBGE/PMC";"Consumo e vendas";"Vendas reais - varejo - móveis e eletrodomésticos - índice (média 2014 = 100)";"Vendas reais - varejo - móveis e eletrodomésticos - índice (média 2014 = 100)";"Não oculta";"Internet";40;0;0;"Incluída em 09/out/2009.";NA;"PMC12";"Internet";"Macro"
"6880";"PMC12_VRFARM12";NA;NA;"Ativa";"IBGE/PMC";"Consumo e vendas";"Vendas reais - varejo - artigos farma., méd., ortoped. e perfum. - índice (média 2014 = 100)";"Vendas reais - varejo - artigos farmacêuticos, médicos, ortopédicos, de perfumaria e cosméticos - índice (média 2014 = 100)";"Não oculta";"Internet";40;0;0;"Incluída em 09/out/2009.";NA;"PMC12";"Internet";"Macro"
"6881";"PMC12_VRJOR12";NA;NA;"Ativa";"IBGE/PMC";"Consumo e vendas";"Vendas reais - varejo - livros, jornais, revistas e papelaria - índice (média 2014 = 100)";"Vendas reais - varejo - livros, jornais, revistas e papelaria - índice (média 2014 = 100)";"Não oculta";"Internet";40;0;0;"Incluída em 09/out/2009.";NA;"PMC12";"Internet";"Macro"
"6882";"PMC12_VRINFO12";NA;NA;"Ativa";"IBGE/PMC";"Consumo e vendas";"Vendas reais - varejo - escritório, informática e comunicação - índice (média 2014 = 100)";"Vendas reais - varejo - equipamentos e materiais para escritório, informática e comunicação - índice (média 2014 = 100)";"Não oculta";"Internet";40;0;0;"Incluída em 09/out/2009.";NA;"PMC12";"Internet";"Macro"
"6883";"PMC12_VROUT12";NA;NA;"Ativa";"IBGE/PMC";"Consumo e vendas";"Vendas reais - varejo - outros artigos de uso pessoal e doméstico - índice (média 2014 = 100)";"Vendas reais - varejo - outros artigos de uso pessoal e doméstico - índice (média 2014 = 100)";"Não oculta";"Internet";40;0;0;"Incluída em 09/out/2009.";NA;"PMC12";"Internet";"Macro"
"6884";"PMC12_VRVEIC12";NA;NA;"Ativa";"IBGE/PMC";"Consumo e vendas";"Vendas reais - varejo - veículos, motos, partes e peças - índice (média 2014 = 100)";"Vendas reais - varejo - veículos, motos, partes e peças - índice (média 2014 = 100)";"Não oculta";"Internet";40;0;0;"Incluída em 09/out/2009.";NA;"PMC12";"Internet";"Macro"
"6885";"PMC12_VRCONST12";NA;NA;"Ativa";"IBGE/PMC";"Consumo e vendas";"Vendas reais - varejo - materiais de construção - índice (média 2014 = 100)";"Vendas reais - varejo - materiais de construção - índice (média 2014 = 100)";"Não oculta";"Internet";40;0;0;"Incluída em 09/out/2009.";NA;"PMC12";"Internet";"Macro"
"6886";"PMC12_VNCOMB12";NA;NA;"Ativa";"IBGE/PMC";"Consumo e vendas";"Vendas nominais - varejo - combustíveis e lubrificantes - índice (média 2014 = 100)";"Vendas nominais - varejo - combustíveis e lubrificantes - índice (média 2014 = 100)";"Não oculta";"Internet";40;0;0;"Incluída em 09/out/2009.";NA;"PMC12";"Internet";"Macro"
"6887";"PMC12_VNSUP12";NA;NA;"Ativa";"IBGE/PMC";"Consumo e vendas";"Vendas nominais - varejo - hipermercados, prod. alim. bebida e fumo - índice (média 2014 = 100)";"Vendas nominais - varejo - hipermercados, prod. alim.. bebida e fumo - índice (média 2014 = 100)";"Não oculta";"Internet";40;0;0;"Incluída em 09/out/2009.";NA;"PMC12";"Internet";"Macro"
"6888";"PMC12_VNSUPT12";NA;NA;"Ativa";"IBGE/PMC";"Consumo e vendas";"Vendas nominais - varejo - hipermercados e superm. - índice (média 2014 = 100)";"Vendas nominais - varejo - hipermercados e superm. - índice (média 2014 = 100)";"Não oculta";"Internet";40;0;0;"Incluída em 09/out/2009.";NA;"PMC12";"Internet";"Macro"
"6889";"PMC12_VNVEST12";NA;NA;"Ativa";"IBGE/PMC";"Consumo e vendas";"Vendas nominais - varejo - tecidos, vestuário e calçados - índice (média 2014 = 100)";"Vendas nominais - varejo - tecidos, vestuário e calçados - índice (média 2014 = 100)";"Não oculta";"Internet";40;0;0;"Incluída em 09/out/2009.";NA;"PMC12";"Internet";"Macro"
"6890";"PMC12_VNELETR12";NA;NA;"Ativa";"IBGE/PMC";"Consumo e vendas";"Vendas nominais - varejo - móveis e eletrodomésticos índice (média 2014 = 100)";"Vendas nominais - varejo - móveis e eletrodomésticos índice (média 2014 = 100)";"Não oculta";"Internet";40;0;0;"Incluída em 09/out/2009.";NA;"PMC12";"Internet";"Macro"
"6891";"PMC12_VNFARM12";NA;NA;"Ativa";"IBGE/PMC";"Consumo e vendas";"Vendas nominais - varejo - artigos farma., méd., ortoped. e perfum. - índice (média 2014 = 100)";"Vendas nominais - varejo - artigos farmacêuticos, médicos, ortopédicos, de perfumaria e cosméticos - índice (média 2014 = 100)";"Não oculta";"Internet";40;0;0;"Incluída em 09/out/2009.";NA;"PMC12";"Internet";"Macro"
"6892";"PMC12_VNJOR12";NA;NA;"Ativa";"IBGE/PMC";"Consumo e vendas";"Vendas nominais - varejo - livros, jornais, revistas e papelaria - índice (média 2014 = 100)";"Vendas nominais - varejo - livros, jornais, revistas e papelaria - índice (média 2014 = 100)";"Não oculta";"Internet";40;0;0;"Incluída em 09/out/2009.";NA;"PMC12";"Internet";"Macro"
"6893";"PMC12_VNINFO12";NA;NA;"Ativa";"IBGE/PMC";"Consumo e vendas";"Vendas nominais - varejo - escritório, informática e comunicação - índice (média 2014 = 100)";"Vendas nominais - varejo - equipamentos e materiais para escritório, informática e comunicação - índice (média 2014 = 100)";"Não oculta";"Internet";40;0;0;"Incluída em 09/out/2009.";NA;"PMC12";"Internet";"Macro"
"6894";"PMC12_VNOUT12";NA;NA;"Ativa";"IBGE/PMC";"Consumo e vendas";"Vendas nominais - varejo - outros artigos de uso pessoal e doméstico - índice (média 2014 = 100)";"Vendas nominais - varejo - outros artigos de uso pessoal e doméstico - índice (média 2014 = 100)";"Não oculta";"Internet";40;0;0;"Incluída em 09/out/2009.";NA;"PMC12";"Internet";"Macro"
"6895";"PMC12_VNVEIC12";NA;NA;"Ativa";"IBGE/PMC";"Consumo e vendas";"Vendas nominais - varejo - veículos, motos, partes e peças - índice (média 2014 = 100)";"Vendas nominais - varejo - veículos, motos, partes e peças - índice (média 2014 = 100)";"Não oculta";"Internet";40;0;0;"Incluída em 09/out/2009.";NA;"PMC12";"Internet";"Macro"
"6896";"PMC12_VNCONST12";NA;NA;"Ativa";"IBGE/PMC";"Consumo e vendas";"Vendas nominais - varejo - materiais de construção - índice (média 2014 = 100)";"Vendas nominais - varejo - materiais de construção - índice (média 2014 = 100)";"Não oculta";"Internet";40;0;0;"Incluída em 09/out/2009.";NA;"PMC12";"Internet";"Macro"
"6897";"PMC12_IVVRAMP12";NA;NA;"Ativa";"IBGE/PMC";"Consumo e vendas";"Vendas reais - varejo ampliado - índice (média 2014 = 100)";"Vendas reais - varejo ampliado - índice (média 2014 = 100)";"Não oculta";"Internet";40;0;0;"Incluída em 09/out/2009.";NA;"PMC12";"Internet";"Macro"
"6898";"PMC12_IVVRSAAMP12";NA;NA;"Ativa";"IBGE/PMC";"Consumo e vendas";"Vendas reais - varejo ampliado - índice dessaz. (média 2014 = 100)";"Vendas reais - varejo ampliado - índice dessaz. (média 2014 = 100)";"Não oculta";"Internet";40;0;0;"Incluída em 09/out/2009.";NA;"PMC12";"Internet";"Macro"
"6899";"PMC12_IVVNAMP12";NA;NA;"Ativa";"IBGE/PMC";"Consumo e vendas";"Vendas nominais - varejo ampliado - índice (média 2014 = 100)";"Vendas nominais - varejo ampliado - índice (média 2014 = 100)";"Não oculta";"Internet";40;0;0;"Incluída em 09/out/2009.";NA;"PMC12";"Internet";"Macro"
"6900";"GM366_DUFUT366";NA;NA;"Inativa";"IPEA";"Financeiras";"Dias úteis futuros - indicador";"Dias úteis futuros - indicador";"Oculta";"Internet";0;0;0;"Incluída em 17/fev/2003 .";NA;"GM366";"Oculta";"Macro"
"6901";"PMCVENNOMDES";NA;NA;"Ativa";"IBGE";"Consumo e vendas";"Vendas nominais - varejo - índice dessaz. (média 2011 = 100)";"Vendas nominais - varejo - índice dessaz. (média 2011 = 100)";"Não oculta";"Internet";NA;0;NA;NA;NA;"PMCVENNOMDES";"Internet";"Regional"
"6902";"AETT_FERRCARG";NA;NA;"Inativa";"ANTT/AETT";"Transporte";"Transporte ferroviário - cargas transportadas - qde.";"Cargas transportadas pelas ferrovias, em milhares de toneladas";"Não oculta";"Internet";730;0;1;"Incluída em 28/out/2009";NA;"AETT";"Internet";"Macro"
"6903";"AETT_FERREXTE";NA;NA;"Inativa";"ANTT/AETT";"Transporte";"Transporte ferroviário - extensão da rede - linhas principais e ramais";"Extensão, em quilômetros, das linhas principais e ramais da rede ferroviária";"Não oculta";"Internet";730;0;1;"Incluída em 28/out/2009";NA;"AETT";"Internet";"Macro"
"6904";"AETT_FERRPASS";NA;NA;"Inativa";"ANTT/AETT";"Transporte";"Transporte ferroviário - número de passageiros";"Número de passageiros transportados pelas ferrovias";"Não oculta";"Internet";1095;0;1;"Incluída em 28/out/2009";NA;"AETT";"Internet";"Macro"
"6905";"AETT_FERRREC";NA;NA;"Inativa";"ANTT/AETT";"Transporte";"Transporte ferroviário - receitas";"Receitas nominais das ferrovias, em R$ 1000";"Não oculta";"Internet";730;0;1;"Incluída em 28/out/2009";NA;"AETT";"Internet";"Macro"
"6906";"AETT_FERRDIES";NA;NA;"Inativa";"ANTT/AETT";"Transporte";"Transporte ferroviário - locomotivas em tráfego - a diesel - qde.";"Número de locomotivas a diesel em tráfego nas ferrovias";"Não oculta";"Internet";730;0;0;"Incluída em 28/out/2009";NA;"AETT";"Internet";"Macro"
"6907";"AETT_FERRELET";NA;NA;"Inativa";"ANTT/AETT";"Transporte";"Transporte ferroviário - locomotivas em tráfego - elétricas - qde.";"Número de locomotivas elétricas em tráfego nas ferrovias";"Não oculta";"Internet";730;0;0;"Incluída em 28/out/2009";NA;"AETT";"Internet";"Macro"
"6908";"AETT_FERRVAPO";NA;NA;"Inativa";"ANTT/AETT";"Transporte";"Transporte ferroviário - locomotivas em tráfego - a vapor - qde.";"Número de locomotivas a vapor em tráfego nas ferrovias";"Não oculta";"Internet";730;0;0;"Incluída em 28/out/2009";NA;"AETT";"Internet";"Macro"
"6909";"AETT_FERRLOCO";NA;NA;"Inativa";"ANTT/AETT";"Transporte";"Transporte ferroviário - locomotivas em tráfego - qde.";"Número total de locomotivas em tráfego nas ferrovias";"Não oculta";"Internet";730;0;1;"Incluída em 28/out/2009";NA;"AETT";"Internet";"Macro"
"6910";"AETT_FERRCARR";NA;NA;"Inativa";"ANTT/AETT";"Transporte";"Transporte ferroviário - carros em tráfego - qde.";"Número de carros em tráfego nas ferrovias";"Não oculta";"Internet";730;0;1;"Incluída em 28/out/2009";NA;"AETT";"Internet";"Macro"
"6911";"AETT_FERRVAG";NA;NA;"Inativa";"ANTT/AETT";"Transporte";"Transporte ferroviário - vagões em tráfego - qde.";"Número de vagões em tráfego nas ferrovias";"Não oculta";"Internet";730;0;1;"Incluída em 28/out/2009";NA;"AETT";"Internet";"Macro"
"6912";"AETT_FERREMPR";NA;NA;"Inativa";"ANTT/AETT";"Transporte";"Transporte ferroviário - pessoal empregado";"Pessoal empregado nas ferrovias";"Não oculta";"Internet";730;0;1;"Incluída em 28/out/2009";NA;"AETT";"Internet";"Macro"
"6913";"AETT_FERRCOND";NA;NA;"Inativa";"ANTT/AETT";"Transporte";"Transporte ferroviário - consumo de combustível - óleo diesel - qde.";"Consumo de óleo diesel como combustível nas ferrovias, em toneladas";"Não oculta";"Internet";730;0;0;"Incluída em 28/out/2009";NA;"AETT";"Internet";"Macro"
"6914";"AETT_FERRCONE";NA;NA;"Inativa";"ANTT/AETT";"Transporte";"Transporte ferroviário - consumo de combustível - energia elétrica - qde.";"Consumo de energia elétrica como combustível nas ferrovias, em megawatts-hora";"Não oculta";"Internet";730;0;0;"Incluída em 28/out/2009";NA;"AETT";"Internet";"Macro"
"6915";"AETT_FERRCONO";NA;NA;"Inativa";"ANTT/AETT";"Transporte";"Transporte ferroviário - consumo de combustível - óleo combustível - qde.";"Consumo de óleo combustível como combustível nas ferrovias, em toneladas";"Não oculta";"Internet";730;0;0;"Incluída em 28/out/2009";NA;"AETT";"Internet";"Macro"
"6916";"AETT_FERRCONC";NA;NA;"Inativa";"ANTT/AETT";"Transporte";"Transporte ferroviário - consumo de combustível - carvão - qde.";"Consumo de carvão como combustível nas ferrovias, em toneladas";"Não oculta";"Internet";730;0;0;"Incluída em 28/out/2009";NA;"AETT";"Internet";"Macro"
"6917";"AETT_FERRINVE";NA;NA;"Inativa";"ANTT/AETT";"Transporte";"Transporte ferroviário - investimentos realizados";"Investimentos nominais realizados pelas ferrovias, em R$ 1000";"Não oculta";"Internet";730;0;0;"Incluída em 28/out/2009";NA;"AETT";"Internet";"Macro"
"6918";"AETT_FERRDESP";NA;NA;"Inativa";"ANTT/AETT";"Transporte";"Transporte ferroviário - despesas";"Despesas nominais das ferrovias, em R$ 1000";"Não oculta";"Internet";730;0;1;"Incluída em 28/out/2009";NA;"AETT";"Internet";"Macro"
"6919";"ABATEBOVINOS";NA;NA;"Ativa";"IBGE";"Agropecuária";"Abate - bovinos - qde.";"Abate - bovinos - qde.";"Não oculta";"Internet";NA;0;NA;NA;NA;"ABATEBOVINOS";"Internet";"Regional"
"6920";"ABATESUINOS";NA;NA;"Ativa";"IBGE";"Agropecuária";"Abate - suínos - qde.";"Abate - suínos - qde.";"Não oculta";"Internet";NA;0;NA;NA;NA;"ABATESUINOS";"Internet";"Regional"
"6921";"ABATEOVINOS";NA;NA;"Ativa";"IBGE";"Agropecuária";"Abate - ovinos - qde.";"Abate - ovinos - qde.";"Não oculta";"Internet";NA;0;NA;NA;NA;"ABATEOVINOS";"Internet";"Regional"
"6922";"ABATECAPRINOS";NA;NA;"Ativa";"IBGE";"Agropecuária";"Abate - caprinos - qde.";"Abate - caprinos - qde.";"Não oculta";"Internet";NA;0;NA;NA;NA;"ABATECAPRINOS";"Internet";"Regional"
"6923";"QUANTBOVINOS";NA;NA;"Ativa";"IBGE";"Agropecuária";"Efetivo - bovinos - qde.";"Efetivo - bovinos - qde.";"Não oculta";"Internet";NA;0;NA;NA;NA;"QUANTBOVINOS";"Internet";"Regional"
"6924";"QUANTEQUINOS";NA;NA;"Ativa";"IBGE";"Agropecuária";"Efetivo - equinos - qde.";"Efetivo - equinos - qde.";"Não oculta";"Internet";NA;0;NA;NA;NA;"QUANTEQUINOS";"Internet";"Regional"
"6925";"QUANTASININOS";NA;NA;"Ativa";"IBGE";"Agropecuária";"Efetivo - asininos - qde.";"Efetivo - asininos - qde.";"Não oculta";"Internet";NA;0;NA;NA;NA;"QUANTASININOS";"Internet";"Regional"
"6926";"QUANTMUARES";NA;NA;"Ativa";"IBGE";"Agropecuária";"Efetivo - muares - qde.";"Efetivo - muares - qde.";"Não oculta";"Internet";NA;0;NA;NA;NA;"QUANTMUARES";"Internet";"Regional"
"6927";"QUANTSUINOS";NA;NA;"Ativa";"IBGE";"Agropecuária";"Efetivo - suínos - qde.";"Efetivo - suínos - qde.";"Não oculta";"Internet";NA;0;NA;NA;NA;"QUANTSUINOS";"Internet";"Regional"
"6928";"QUANTOVINOS";NA;NA;"Ativa";"IBGE";"Agropecuária";"Efetivo - ovinos - qde.";"Efetivo - ovinos - qde.";"Não oculta";"Internet";NA;0;NA;NA;NA;"QUANTOVINOS";"Internet";"Regional"
"6929";"QUANTCAPRINOS";NA;NA;"Ativa";"IBGE";"Agropecuária";"Efetivo - caprinos - qde.";"Efetivo - caprinos - qde.";"Não oculta";"Internet";NA;0;NA;NA;NA;"QUANTCAPRINOS";"Internet";"Regional"
"6930";"VALORBOVINOS";NA;NA;"Ativa";"IBGE";"Agropecuária";"Efetivo - bovinos";"Efetivo - bovinos - qde.";"Não oculta";"Internet";NA;0;NA;NA;NA;"VALORBOVINOS";"Internet";"Regional"
"6931";"VALOREQUINOS";NA;NA;"Ativa";"IBGE";"Agropecuária";"Efetivo - equinos";"Efetivo - equinos - qde.";"Não oculta";"Internet";NA;0;NA;NA;NA;"VALOREQUINOS";"Internet";"Regional"
"6932";"VALORASININOS";NA;NA;"Ativa";"IBGE";"Agropecuária";"Efetivo - asininos";"Efetivo - asininos - qde.";"Não oculta";"Internet";NA;0;NA;NA;NA;"VALORASININOS";"Internet";"Regional"
"6933";"VALORMUARES";NA;NA;"Ativa";"IBGE";"Agropecuária";"Efetivo - muares";"Efetivo - muares - qde.";"Não oculta";"Internet";NA;0;NA;NA;NA;"VALORMUARES";"Internet";"Regional"
"6934";"VALORSUINOS";NA;NA;"Ativa";"IBGE";"Agropecuária";"Efetivo - suínos";"Efetivo - suínos - qde.";"Não oculta";"Internet";NA;0;NA;NA;NA;"VALORSUINOS";"Internet";"Regional"
"6935";"VALOROVINOS";NA;NA;"Ativa";"IBGE";"Agropecuária";"Efetivo - ovinos";"Efetivo - ovinos - qde.";"Não oculta";"Internet";NA;0;NA;NA;NA;"VALOROVINOS";"Internet";"Regional"
"6936";"VALORCAPRINOS";NA;NA;"Ativa";"IBGE";"Agropecuária";"Efetivo - caprinos";"Efetivo - caprinos - qde.";"Não oculta";"Internet";NA;0;NA;NA;NA;"VALORCAPRINOS";"Internet";"Regional"
"6937";"QUANTBUBALINOS";NA;NA;"Ativa";"IBGE";"Agropecuária";"Efetivo - bubalinos - qde.";"Efetivo - bubalinos - qde.";"Não oculta";"Internet";NA;0;NA;NA;NA;"QUANTBUBALINOS";"Internet";"Regional"
"6938";"QUANTGALINACEOS";NA;NA;"Ativa";"IBGE";"Agropecuária";"Efetivo - galináceos - qde.";"Efetivo - galináceos - qde.";"Não oculta";"Internet";NA;0;NA;NA;NA;"QUANTGALINACEOS";"Internet";"Regional"
"6939";"QUANTCOELHOS";NA;NA;"Ativa";"IBGE";"Agropecuária";"Efetivo - coelhos - qde.";"Efetivo - coelhos - qde.";"Não oculta";"Internet";NA;0;NA;NA;NA;"QUANTCOELHOS";"Internet";"Regional"
"6940";"QUANTLEITE";NA;NA;"Ativa";"IBGE";"Agropecuária";"Produção - leite - qde.";"Produção - leite - qde.";"Não oculta";"Internet";NA;0;NA;NA;NA;"QUANTLEITE";"Internet";"Regional"
"6941";"VALORLEITE";NA;NA;"Ativa";"IBGE";"Agropecuária";"Produção - leite";"Produção - leite";"Não oculta";"Internet";NA;0;NA;NA;NA;"VALORLEITE";"Internet";"Regional"
"6942";"QUANTOVOGALINHA";NA;NA;"Ativa";"IBGE";"Agropecuária";"Produção - ovos de galinha - qde.";"Produção - ovos de galinha - qde.";"Não oculta";"Internet";NA;0;NA;NA;NA;"QUANTOVOGALINHA";"Internet";"Regional"
"6943";"VALOROVOGALINHA";NA;NA;"Ativa";"IBGE";"Agropecuária";"Produção - ovos de galinha";"Produção - ovos de galinha";"Não oculta";"Internet";NA;0;NA;NA;NA;"VALOROVOGALINHA";"Internet";"Regional"
"6944";"QUANTOVOCODORNA";NA;NA;"Ativa";"IBGE";"Agropecuária";"Produção - ovos de codorna - qde.";"Produção - ovos de codorna - qde.";"Não oculta";"Internet";NA;0;NA;NA;NA;"QUANTOVOCODORNA";"Internet";"Regional"
"6945";"VALOROVOCODORNA";NA;NA;"Ativa";"IBGE";"Agropecuária";"Produção - ovos de codorna";"Produção - ovos de codorna";"Não oculta";"Internet";NA;0;NA;NA;NA;"VALOROVOCODORNA";"Internet";"Regional"
"6946";"QUANTLA";NA;NA;"Ativa";"IBGE";"Agropecuária";"Produção - lã - qde.";"Produção - lã - qde.";"Não oculta";"Internet";NA;0;NA;NA;NA;"QUANTLA";"Internet";"Regional"
"6947";"VALORLA";NA;NA;"Ativa";"IBGE";"Agropecuária";"Produção - lã";"Produção - lã";"Não oculta";"Internet";NA;0;NA;NA;NA;"VALORLA";"Internet";"Regional"
"6948";"QUANTMEL";NA;NA;"Ativa";"IBGE";"Agropecuária";"Produção - mel de abelha - qde.";"Produção - mel de abelha - qde.";"Não oculta";"Internet";NA;0;NA;NA;NA;"QUANTMEL";"Internet";"Regional"
"6949";"VALORMEL";NA;NA;"Ativa";"IBGE";"Agropecuária";"Produção - mel de abelha";"Produção - mel de abelha";"Não oculta";"Internet";NA;0;NA;NA;NA;"VALORMEL";"Internet";"Regional"
"6950";"QUANTCASULOBS";NA;NA;"Ativa";"IBGE";"Agropecuária";"Produção - casulo de bicho de seda - qde.";"Produção - casulo de bicho de seda - qde.";"Não oculta";"Internet";NA;0;NA;NA;NA;"QUANTCASULOBS";"Internet";"Regional"
"6951";"VALORCASULOBS";NA;NA;"Ativa";"IBGE";"Agropecuária";"Produção - casulo de bicho de seda";"Produção - casulo de bicho de seda";"Não oculta";"Internet";NA;0;NA;NA;NA;"VALORCASULOBS";"Internet";"Regional"
"6952";"QUANTVACASORD";NA;NA;"Ativa";"IBGE";"Agropecuária";"Efetivo - vacas ordenhadas - qde.";"Efetivo - vacas ordenhadas - qde.";"Não oculta";"Internet";NA;0;NA;NA;NA;"QUANTVACASORD";"Internet";"Regional"
"6953";"QUANTOVINOSTOSQ";NA;NA;"Ativa";"IBGE";"Agropecuária";"Efetivo - ovinos tosquiados - qde.";"Efetivo - ovinos tosquiados - qde.";"Não oculta";"Internet";NA;0;NA;NA;NA;"QUANTOVINOSTOSQ";"Internet";"Regional"
"6954";"TXA15M7091";NA;NA;"Ativa";"IPEA";"Educação";"Analfabetos - pessoas 15 anos e mais";"Analfabetos - pessoas 15 anos e mais";"Não oculta";"Internet";NA;0;NA;NA;NA;"TXA15M7091";"Internet";"Social"
"6955";"ANAC_PAXDOM";NA;NA;"Inativa";"Anac";"Transporte";"Transporte aéreo - passageiros embarcados - voos domésticos";"Número de passageiros embarcados em voos regulares domésticos";"Não oculta";"Internet";360;0;0;"Incluída em 01/dez/2009";NA;"ANAC";"Internet";"Macro"
"6956";"ANAC_PAXINT";NA;NA;"Inativa";"Anac";"Transporte";"Transporte aéreo - passageiros embarcados - voos internacionais";"Número de passageiros embarcados em voos regulares internacionais";"Não oculta";"Internet";360;0;0;"Incluída em 01/dez/2009";NA;"ANAC";"Internet";"Macro"
"6957";"ANAC_PAXKMDOM";NA;NA;"Inativa";"Anac";"Transporte";"Transporte aéreo - passageiros-quilômetros embarcados - voos domésticos";"Quantidade de passageiros-quilômetros embarcados em voos regulares domésticos";"Oculta";"Internet";730;0;0;"Incluída em 01/dez/2009";NA;"ANAC";"Oculta";"Macro"
"6958";"ANAC_PAXKMINT";NA;NA;"Inativa";"Anac";"Transporte";"Transporte aéreo - passageiros-quilômetros embarcados - voos internacionais";"Quantidade de passageiros-quilômetros embarcados em voos regulares internacionais";"Oculta";"Internet";730;0;0;"Incluída em 01/dez/2009";NA;"ANAC";"Oculta";"Macro"
"6959";"NUM_FERR";NA;NA;"Ativa";"OUTFONTE";"Transporte";"Número de ferrovias que possuem estações ferroviárias no municipio";"Número de ferrovias que possuem estações ferroviárias no municipio";"Não oculta";"Internet";NA;0;NA;NA;NA;"NUM";"Internet";"Regional"
"6960";"SGS366_URV366";NA;NA;"Inativa";"Bacen Outras/SGS";"Correção monetária";"URV - valor corrente";"Valor corrente da Unidade Real de Valor - URV";"Não oculta";"Internet";0;0;1;"Incluída em 10/fev/2010";NA;"SGS366";"Internet";"Macro"
"6961";"BM12_NUCLEOPIPCA12";NA;NA;"Ativa";"Bacen/Boletim/Ativ. Ec.";"Preços";"Núcleo de dupla ponderação - IPCA";"Núcleo de dupla ponderação - IPCA";"Não oculta";"Internet";30;0;0;"Incluída em 12/fevereiro/2010 .";NA;"BM12";"Internet";"Macro"
"6962";"CNI12_ICEIGER12";NA;NA;"Ativa";"CNI";"Percepção e expectativa";"Confiança do empresário industrial (ICEI) - geral";"Índice de confiança do empresário industrial (ICEI): geral";"Não oculta";"Internet";40;0;0;"Incluída em 5/mar/2010.";NA;"CNI12";"Internet";"Macro"
"6963";"CNI12_ICEICA12";NA;NA;"Ativa";"CNI";"Percepção e expectativa";"Confiança do empresário industrial (ICEI) - condições atuais";"Índice de confiança do empresário industrial (ICEI): condições atuais";"Não oculta";"Internet";40;0;0;"Incluída em 5/mar/2010.";NA;"CNI12";"Internet";"Macro"
"6964";"CNI12_ICEIEXP12";NA;NA;"Ativa";"CNI";"Percepção e expectativa";"Confiança do empresário industrial (ICEI) - expectativas";"Índice de confiança do empresário industrial (ICEI): expectativas";"Não oculta";"Internet";40;0;0;"Incluída em 5/mar/2010.";NA;"CNI12";"Internet";"Macro"
"6965";"ANAC_PAX";NA;NA;"Inativa";"Anac";"Transporte";"Transporte aéreo - passageiros embarcados";"Número de passageiros embarcados em voos regulares domésticos e internacionais";"Não oculta";"Internet";360;0;1;"Incluída em 26/fev/2010";NA;"ANAC";"Internet";"Macro"
"6966";"PEA_TOTH";NA;NA;"Ativa";"IBGE";"Mercado de trabalho";"População Economicamente Ativa(PEA)- Homem";"População Economicamente Ativa(PEA)- Homem";"Não oculta";"Internet";NA;0;NA;NA;NA;"PEA";"Internet";"Social"
"6967";"PEA_TOTM";NA;NA;"Ativa";"IBGE";"Mercado de trabalho";"População Economicamente Ativa(PEA)- Mulher";"População Economicamente Ativa(PEA)- Mulher";"Não oculta";"Internet";NA;0;NA;NA;NA;"PEA";"Internet";"Social"
"6968";"PEA_AGROT";NA;NA;"Ativa";"IBGE";"Mercado de trabalho";"População Economicamente Ativa(PEA)- Agricultura,Pecuária e Silvicultura - Total";"População Economicamente Ativa(PEA)- Agricultura,Pecuária e Silvicultura - Total";"Não oculta";"Internet";NA;0;NA;NA;NA;"PEA";"Internet";"Social"
"6969";"PEA_SERVH";NA;NA;"Ativa";"IBGE";"Mercado de trabalho";"População Economicamente Ativa(PEA)- Prestação de Serviços - Homem";"População Economicamente Ativa(PEA)- Prestação de Serviços - Homem";"Não oculta";"Internet";NA;0;NA;NA;NA;"PEA";"Internet";"Social"
"6970";"PEA_SERVM";NA;NA;"Ativa";"IBGE";"Mercado de trabalho";"População Economicamente Ativa(PEA)- Prestação de Serviços - Mulher";"População Economicamente Ativa(PEA)- Prestação de Serviços - Mulher";"Não oculta";"Internet";NA;0;NA;NA;NA;"PEA";"Internet";"Social"
"6971";"PEA_SOCIH";NA;NA;"Ativa";"IBGE";"Mercado de trabalho";"População Economicamente Ativa(PEA)- Atividades Sociais - Homem";"População Economicamente Ativa(PEA)- Atividades Sociais - Homem";"Não oculta";"Internet";NA;0;NA;NA;NA;"PEA";"Internet";"Social"
"6972";"PEA_SOCIM";NA;NA;"Ativa";"IBGE";"Mercado de trabalho";"População Economicamente Ativa(PEA)- Atividades Sociais - Mulher";"População Economicamente Ativa(PEA)- Atividades Sociais - Mulher";"Não oculta";"Internet";NA;0;NA;NA;NA;"PEA";"Internet";"Social"
"6973";"PEA_INDH";NA;NA;"Ativa";"IBGE";"Mercado de trabalho";"População Economicamente Ativa(PEA)- Indústria Extrativas, Transformação e Construção Civil - Homem";"População Economicamente Ativa(PEA)- Indústria Extrativas, Transformação e Construção Civil - Homem";"Não oculta";"Internet";NA;0;NA;NA;NA;"PEA";"Internet";"Social"
"6974";"PEA_INDM";NA;NA;"Ativa";"IBGE";"Mercado de trabalho";"População Economicamente Ativa(PEA)- Indústria Extrativas, Transformação e Construção Civil - Mulher";"População Economicamente Ativa(PEA)- Indústria Extrativas, Transformação e Construção Civil - Mulher";"Não oculta";"Internet";NA;0;NA;NA;NA;"PEA";"Internet";"Social"
"6975";"PEA_INDT";NA;NA;"Ativa";"IBGE";"Mercado de trabalho";"População Economicamente Ativa(PEA)- Indústria Extrativas, Transformação e Construção Civil - Total";"População Economicamente Ativa(PEA)- Indústria Extrativas, Transformação e Construção Civil - Total";"Não oculta";"Internet";NA;0;NA;NA;NA;"PEA";"Internet";"Social"
"6976";"PEA_COMH";NA;NA;"Ativa";"IBGE";"Mercado de trabalho";"População Economicamente Ativa(PEA)- Comércio Mercadorias, Imóveis, etc- Homem";"População Economicamente Ativa(PEA)- Comércio Mercadorias, Imóveis, etc- Homem";"Não oculta";"Internet";NA;0;NA;NA;NA;"PEA";"Internet";"Social"
"6977";"PEA_COMM";NA;NA;"Ativa";"IBGE";"Mercado de trabalho";"População Economicamente Ativa(PEA)- Comércio Mercadorias, Imóveis, etc- Mulher";"População Economicamente Ativa(PEA)- Comércio Mercadorias, Imóveis, etc- Mulher";"Não oculta";"Internet";NA;0;NA;NA;NA;"PEA";"Internet";"Social"
"6978";"PEA_OUTRATIV";NA;NA;"Ativa";"IBGE";"Mercado de trabalho";"População Economicamente Ativa(PEA)- Com.,Transp.,Comu.,Serv., Pr.lib.,Ativ.Soc.,Ativ.Dom. - Total";"População Economicamente Ativa(PEA)- Comerc.,Transp., Comunic., Serv., Prof.lib., Ativ. Soc., Ativ. Dom.., etc";"Não oculta";"Internet";NA;0;NA;NA;NA;"PEA";"Internet";"Social"
"6979";"PEA_ADMH";NA;NA;"Ativa";"IBGE";"Mercado de trabalho";"População Economicamente Ativa(PEA)- Administração - Homem";"População Economicamente Ativa(PEA)- Administração - Homem";"Não oculta";"Internet";NA;0;NA;NA;NA;"PEA";"Internet";"Social"
"6980";"PEA_ADMM";NA;NA;"Ativa";"IBGE";"Mercado de trabalho";"População Economicamente Ativa(PEA)- Administração - Mulher";"População Economicamente Ativa(PEA)- Administração - Mulher";"Não oculta";"Internet";NA;0;NA;NA;NA;"PEA";"Internet";"Social"
"6981";"PEA_10INT";NA;NA;"Ativa";"IBGE";"Mercado de trabalho";"População Economicamente Ativa(PEA)- Condições Inativas - Total";"População Economicamente Ativa(PEA)- Condições Inativas - Total";"Não oculta";"Internet";NA;0;NA;NA;NA;"PEA";"Internet";"Social"
"6982";"GAMMA12_VCORTN12";NA;NA;"Inativa";"CJF";"Correção monetária";"ORTN - valor corrente";"Valor corrente da Obrigação Reajustável do Tesouro Nacional - ORTN";"Não oculta";"Internet";0;0;1;"Incluída em 24/mar/2010";NA;"GAMMA12";"Internet";"Macro"
"6983";"GAMMA12_VCOTN12";NA;NA;"Inativa";"CJF";"Correção monetária";"OTN - valor corrente";"Valor corrente da Obrigação do Tesouro Nacional - OTN";"Não oculta";"Internet";0;0;1;"Incluída em 24/mar/2010";NA;"GAMMA12";"Internet";"Macro"
"6984";"GAMMA12_VCBTN12";NA;NA;"Inativa";"Bacen Outras/SGS";"Correção monetária";"BTN - valor corrente";"Valor corrente do Bônus do Tesouro Nacional - BTN";"Não oculta";"Internet";0;0;1;"Incluída em 24/mar/2010";NA;"GAMMA12";"Internet";"Macro"
"6985";"GAMMA12_VCUFIR12";NA;NA;"Inativa";"Bacen Outras/SGS";"Correção monetária";"UFIR - valor corrente";"Valor corrente da Unidade Fiscal de Referência - UFIR";"Não oculta";"Internet";0;0;1;"Incluída em 24/mar/2010";NA;"GAMMA12";"Internet";"Macro"
"6986";"GAMMA12_IRSM12";NA;NA;"Inativa";"IBGE/SNIPC";"Correção monetária";"IRSM - variação";"Taxa de variação do Índice de Reajuste do Salário Mínimo - IRSM";"Não oculta";"Internet";0;0;1;"Incluída em 24/mar/2010";NA;"GAMMA12";"Internet";"Macro"
"6987";"GAMMA12_IPCR12";NA;NA;"Inativa";"IBGE/SNIPC";"Correção monetária";"IPC-r - variação";"Taxa de variação do Índice de Preços ao Consumidor do Real - IPC-r";"Não oculta";"Internet";0;0;1;"Incluída em 24/mar/2010";NA;"GAMMA12";"Internet";"Macro"
"6988";"ANTAQ_CARG";NA;NA;"Inativa";"Antaq/AEP";"Transporte";"Transporte aquaviário - cargas movimentadas - qde.";"Cargas movimentadas nos portos organizados e terminais de uso privativo. Obs.: Série interrompida.";"Não oculta";"Internet";360;0;1;"Incluída em 08/abr/2010";NA;"ANTAQ";"Internet";"Macro"
"6989";"ANTAQ_CARGEMB";NA;NA;"Inativa";"Antaq/AEP";"Transporte";"Transporte aquaviário - cargas movimentadas - embarcadas - qde.";"Cargas embarcadas nos portos organizados e terminais de uso privativo. Obs.: Série interrompida.";"Não oculta";"Internet";360;0;1;"Incluída em 08/abr/2011";NA;"ANTAQ";"Internet";"Macro"
"6990";"ANTAQ_CARGDES";NA;NA;"Inativa";"Antaq/AEP";"Transporte";"Transporte aquaviário - cargas movimentadas - desembarcadas - qde.";"Cargas desembarcadas nos portos organizados e terminais de uso privativo. Obs.: Série interrompida.";"Não oculta";"Internet";360;0;1;"Incluída em 08/abr/2012";NA;"ANTAQ";"Internet";"Macro"
"6991";"ANTAQ_CARGSOLID";NA;NA;"Inativa";"Antaq/AEP";"Transporte";"Transporte aquaviário - cargas movimentadas - por natureza - granel sólido - qde.";"Cargas de natureza granel sólido movimentadas nos portos organizados e terminais de uso privativo. Obs.: Série interrompida.";"Não oculta";"Internet";360;0;0;"Incluída em 08/abr/2013";NA;"ANTAQ";"Internet";"Macro"
"6992";"ANTAQ_CARGLIQ";NA;NA;"Inativa";"Antaq/AEP";"Transporte";"Transporte aquaviário - cargas movimentadas - por natureza - granel líquido - qde.";"Cargas de natureza granel líquido movimentadas nos portos organizados e terminais de uso privativo. Obs.: Série interrompida.";"Não oculta";"Internet";360;0;0;"Incluída em 08/abr/2014";NA;"ANTAQ";"Internet";"Macro"
"6993";"ANTAQ_CARGGERAL";NA;NA;"Inativa";"Antaq/AEP";"Transporte";"Transporte aquaviário - cargas movimentadas - por natureza - carga geral - qde.";"Cargas de natureza geral movimentadas nos portos organizados e terminais de uso privativo. Obs.: Série interrompida.";"Não oculta";"Internet";360;0;0;"Incluída em 08/abr/2015";NA;"ANTAQ";"Internet";"Macro"
"6994";"ANTAQ_CARGLONG";NA;NA;"Inativa";"Antaq/AEP";"Transporte";"Transporte aquaviário - cargas movimentadas - navegação de longo curso - qde.";"Cargas em navegação de longo curso movimentadas nos portos organizados e terminais de uso privativo. Obs.: Série interrompida.";"Não oculta";"Internet";360;0;0;"Incluída em 08/abr/2016";NA;"ANTAQ";"Internet";"Macro"
"6995";"ANTAQ_CARGIMP";NA;NA;"Inativa";"Antaq/AEP";"Transporte";"Transporte aquaviário - cargas movimentadas - navegação de longo curso - importação - qde.";"Cargas em navegação de longo curso importadas pelos portos organizados e terminais de uso privativo. Obs.: Série interrompida.";"Não oculta";"Internet";360;0;0;"Incluída em 08/abr/2017";NA;"ANTAQ";"Internet";"Macro"
"6996";"ANTAQ_CARGEXP";NA;NA;"Inativa";"Antaq/AEP";"Transporte";"Transporte aquaviário - cargas movimentadas - navegação de longo curso -  exportação - qde.";"Cargas em navegação de longo curso exportadas pelos portos organizados e terminais de uso privativo. Obs.: Série interrompida.";"Não oculta";"Internet";360;0;0;"Incluída em 08/abr/2018";NA;"ANTAQ";"Internet";"Macro"
"6997";"ANTAQ_CARGCABOT";NA;NA;"Inativa";"Antaq/AEP";"Transporte";"Transporte aquaviário - cargas movimentadas - navegação de cabotagem - qde.";"Cargas em navegação de cabotagem movimentadas nos portos organizados e terminais de uso privativo. Obs.: Série interrompida.";"Não oculta";"Internet";360;0;1;"Incluída em 08/abr/2019";NA;"ANTAQ";"Internet";"Macro"
"6998";"ANTAQ_CARGOUTR";NA;NA;"Inativa";"Antaq/AEP";"Transporte";"Transporte aquaviário - cargas movimentadas - navegação de interior ou outras - qde.";"Cargas em navegação de interior ou outras movimentadas nos portos organizados e terminais de uso privativo. Obs.: Série interrompida.";"Não oculta";"Internet";360;0;0;"Incluída em 08/abr/2020";NA;"ANTAQ";"Internet";"Macro"
"6999";"ANTAQ_CONT";NA;NA;"Inativa";"Antaq/AEP";"Transporte";"Transporte aquaviário - contêineres movimentados - qde.";"Número de contêineres movimentados nos portos organizados e terminais de uso privativo. Obs.: Série interrompida.";"Não oculta";"Internet";360;0;0;"Incluída em 08/abr/2021";NA;"ANTAQ";"Internet";"Macro"
"7000";"ANTAQ_CONTTEU";NA;NA;"Inativa";"Antaq/AEP";"Transporte";"Transporte aquaviário - contêineres movimentados - capacidade";"Capacidade em TEU dos contêineres movimentados nos portos organizados e terminais de uso privativo. Obs.: Série interrompida.";"Não oculta";"Internet";360;0;0;"Incluída em 08/abr/2022";NA;"ANTAQ";"Internet";"Macro"
"7001";"ANTAQ_CONTPESO";NA;NA;"Inativa";"Antaq/AEP";"Transporte";"Transporte aquaviário - contêineres movimentados - peso";"Peso dos contêineres movimentados nos portos organizados e terminais de uso privativo. Obs.: Série interrompida.";"Não oculta";"Internet";360;0;0;"Incluída em 08/abr/2023";NA;"ANTAQ";"Internet";"Macro"
"7002";"ANTAQ_EMB";NA;NA;"Inativa";"Antaq/AEP";"Transporte";"Transporte aquaviário - movimento de embarcações - qde.";"Movimento de embarcações nos portos organizados e terminais de uso privativo";"Não oculta";"Internet";360;0;1;"Incluída em 08/abr/2024";NA;"ANTAQ";"Internet";"Macro"
"7003";"ANTAQ_EMBLONG";NA;NA;"Inativa";"Antaq/AEP";"Transporte";"Transporte aquaviário - movimento de embarcações - navegação de longo curso - qde.";"Movimento de embarcações em navegação de longo curso nos portos organizados e terminais de uso privativo";"Não oculta";"Internet";360;0;0;"Incluída em 08/abr/2025";NA;"ANTAQ";"Internet";"Macro"
"7004";"ANTAQ_EMBCABOT";NA;NA;"Inativa";"Antaq/AEP";"Transporte";"Transporte aquaviário - movimento de embarcações - navegação de cabotagem - qde.";"Movimento de embarcações em navegação de cabotagem nos portos organizados e terminais de uso privativo";"Não oculta";"Internet";360;0;0;"Incluída em 08/abr/2026";NA;"ANTAQ";"Internet";"Macro"
"7005";"ANTAQ_EMBOUTR";NA;NA;"Inativa";"Antaq/AEP";"Transporte";"Transporte aquaviário - movimento de embarcações - navegação de interior ou outras - qde.";"Movimento de embarcações em navegação de interior ou outras nos portos organizados e terminais de uso privativo";"Não oculta";"Internet";360;0;0;"Incluída em 08/abr/2027";NA;"ANTAQ";"Internet";"Macro"
"7006";"ANAC_AKO";NA;NA;"Inativa";"Anac";"Transporte";"Transporte aéreo - assentos-quilômetros oferecidos";"Assentos-quilômetros oferecidos em voos regulares domésticos e internacionais";"Não oculta";"Internet";360;0;0;"Incluída em 12/abr/2010";NA;"ANAC";"Internet";"Macro"
"7007";"ANAC_APROV";NA;NA;"Inativa";"Anac";"Transporte";"Transporte aéreo - fator de aproveitamento de vôo - total segmento doméstico regular";"Transporte aéreo - fator de aproveitamento de vôo - total segmento doméstico regular";"Oculta";"Internet";730;0;0;"Incluída em 12/abr/2010";NA;"ANAC";"Oculta";"Macro"
"7008";"ANAC_PKP";NA;NA;"Inativa";"Anac";"Transporte";"Transporte aéreo - passageiros - Km transportados pagos - total segmento doméstico regular";"Transporte aéreo - passageiros - Km transportados pagos - total segmento doméstico regular";"Oculta";"Internet";730;0;0;"Incluída em 12/abr/2010";NA;"ANAC";"Oculta";"Macro"
"7009";"FDEM";NA;NA;"Ativa";"TSE";"Prefeito";"Votação do DEM - prefeito no primeiro turno";"Votação do DEM - prefeito no primeiro turno";"Não oculta";"Internet";NA;0;NA;NA;NA;"FDEM";"Internet";"Regional"
"7010";"FDEM2";NA;NA;"Ativa";"TSE";"Prefeito";"Votação do DEM - prefeito no segundo turno";"Votação do DEM - prefeito no segundo turno";"Não oculta";"Internet";NA;0;NA;NA;NA;"FDEM2";"Internet";"Regional"
"7011";"FPR";NA;NA;"Ativa";"TSE";"Prefeito";"Votação do PR - prefeito no primeiro turno";"Votação do PR - prefeito no primeiro turno";"Não oculta";"Internet";NA;0;NA;NA;NA;"FPR";"Internet";"Regional"
"7012";"FPR2";NA;NA;"Ativa";"TSE";"Prefeito";"Votação do PR - prefeito no segundo turno";"Votação do PR - prefeito no segundo turno";"Não oculta";"Internet";NA;0;NA;NA;NA;"FPR2";"Internet";"Regional"
"7013";"FPRB";NA;NA;"Ativa";"TSE";"Prefeito";"Votação do PRB - prefeito no primeiro turno";"Votação do PRB - prefeito no primeiro turno";"Não oculta";"Internet";NA;0;NA;NA;NA;"FPRB";"Internet";"Regional"
"7014";"FPSOL";NA;NA;"Ativa";"TSE";"Prefeito";"Votação do PSOL - prefeito no primeiro turno";"Votação do PSOL - prefeito no primeiro turno";"Não oculta";"Internet";NA;0;NA;NA;NA;"FPSOL";"Internet";"Regional"
"7015";"VDEMC";NA;NA;"Ativa";"TSE";"Vereador";"Total de vereadores eleitos do DEM";"Total de vereadores eleitos do DEM";"Não oculta";"Internet";NA;0;NA;NA;NA;"VDEMC";"Internet";"Regional"
"7016";"VDEMV";NA;NA;"Ativa";"TSE";"Vereador";"Votação do DEM - vereador";"Votação do DEM - vereador";"Não oculta";"Internet";NA;0;NA;NA;NA;"VDEMV";"Internet";"Regional"
"7017";"VPRBC";NA;NA;"Ativa";"TSE";"Vereador";"Total de vereadores eleitos do PRB";"Total de vereadores eleitos do PRB";"Não oculta";"Internet";NA;0;NA;NA;NA;"VPRBC";"Internet";"Regional"
"7018";"VPRBV";NA;NA;"Ativa";"TSE";"Vereador";"Votação do PRB - vereador";"Votação do PRB - vereador";"Não oculta";"Internet";NA;0;NA;NA;NA;"VPRBV";"Internet";"Regional"
"7019";"VPRC";NA;NA;"Ativa";"TSE";"Vereador";"Total de vereadores eleitos do PR";"Total de vereadores eleitos do PR";"Não oculta";"Internet";NA;0;NA;NA;NA;"VPRC";"Internet";"Regional"
"7020";"VPRV";NA;NA;"Ativa";"TSE";"Vereador";"Votação do PR - vereador";"Votação do PR - vereador";"Não oculta";"Internet";NA;0;NA;NA;NA;"VPRV";"Internet";"Regional"
"7021";"VPSOLC";NA;NA;"Ativa";"TSE";"Vereador";"Total de vereadores eleitos do PSOL";"Total de vereadores eleitos do PSOL";"Não oculta";"Internet";NA;0;NA;NA;NA;"VPSOLC";"Internet";"Regional"
"7022";"VPSOLV";NA;NA;"Ativa";"TSE";"Vereador";"Votação do PSOL - vereador";"Votação do PSOL - vereador";"Não oculta";"Internet";NA;0;NA;NA;NA;"VPSOLV";"Internet";"Regional"
"7023";"FUNCEX12_XVAGPN12";NA;NA;"Inativa";"Funcex/Séries CNAE 1.0";"Comércio exterior";"Exportações - setor: agricultura e pecuária - (FOB)";"Exportações - setor: agricultura e pecuária - (FOB)";"Não oculta";"Intranet";20;0;0;"Incluida em 15/abrr/2010.";NA;"FUNCEX12";"Intranet";"Macro"
"7024";"FUNCEX12_XVFLON12";NA;NA;"Inativa";"Funcex/Séries CNAE 1.0";"Comércio exterior";"Exportações - setor: silvicultura e exploração florestal - (FOB)";"Exportações - setor: silvicultura e exploração florestal - (FOB)";"Não oculta";"Intranet";20;0;0;"Incluida em 15/abrr/2010.";NA;"FUNCEX12";"Intranet";"Macro"
"7025";"FUNCEX12_XVPESCN12";NA;NA;"Inativa";"Funcex/Séries CNAE 1.0";"Comércio exterior";"Exportações - setor: pesca e aqüicultura - (FOB)";"Exportações - setor: pesca e aqüicultura - (FOB)";"Não oculta";"Intranet";20;0;0;"Incluida em 15/abrr/2010.";NA;"FUNCEX12";"Intranet";"Macro"
"7026";"FUNCEX12_XVECARVN12";NA;NA;"Inativa";"Funcex/Séries CNAE 1.0";"Comércio exterior";"Exportações - setor: extração de carvão mineral - (FOB)";"Exportações - setor: extração de carvão mineral - (FOB)";"Não oculta";"Intranet";20;0;0;"Incluida em 15/abrr/2010.";NA;"FUNCEX12";"Intranet";"Macro"
"7027";"FUNCEX12_XVEPETN12";NA;NA;"Inativa";"Funcex/Séries CNAE 1.0";"Comércio exterior";"Exportações - setor: extração de petróleo - (FOB)";"Exportações - setor: extração de petróleo - (FOB)";"Não oculta";"Intranet";20;0;0;"Incluida em 15/abrr/2010.";NA;"FUNCEX12";"Intranet";"Macro"
"7028";"FUNCEX12_XVEMMN12";NA;NA;"Inativa";"Funcex/Séries CNAE 1.0";"Comércio exterior";"Exportações - setor: extração de minerais metálicos - (FOB)";"Exportações - setor: extração de minerais metálicos - (FOB)";"Não oculta";"Intranet";20;0;0;"Incluida em 15/abrr/2010.";NA;"FUNCEX12";"Intranet";"Macro"
"7029";"FUNCEX12_XVEMNMN12";NA;NA;"Inativa";"Funcex/Séries CNAE 1.0";"Comércio exterior";"Exportações - setor: extração de minerais não-metálicos - (FOB)";"Exportações - setor: extração de minerais não-metálicos - (FOB)";"Não oculta";"Intranet";20;0;0;"Incluida em 15/abrr/2010.";NA;"FUNCEX12";"Intranet";"Macro"
"7030";"FUNCEX12_XVALBN12";NA;NA;"Inativa";"Funcex/Séries CNAE 1.0";"Comércio exterior";"Exportações - setor: produtos alimentícios e bebidas - (FOB)";"Exportações - setor: produtos alimentícios e bebidas - (FOB)";"Não oculta";"Intranet";20;0;0;"Incluida em 15/abrr/2010.";NA;"FUNCEX12";"Intranet";"Macro"
"7031";"FUNCEX12_XVFUMON12";NA;NA;"Inativa";"Funcex/Séries CNAE 1.0";"Comércio exterior";"Exportações - setor: produtos do fumo - (FOB)";"Exportações - setor: produtos do fumo - (FOB)";"Não oculta";"Intranet";20;0;0;"Incluida em 15/abrr/2010.";NA;"FUNCEX12";"Intranet";"Macro"
"7032";"FUNCEX12_XVTEXTN12";NA;NA;"Inativa";"Funcex/Séries CNAE 1.0";"Comércio exterior";"Exportações - setor: produtos têxteis - (FOB)";"Exportações - setor: produtos têxteis - (FOB)";"Não oculta";"Intranet";20;0;0;"Incluida em 15/abrr/2010.";NA;"FUNCEX12";"Intranet";"Macro"
"7033";"FUNCEX12_XVVESTN12";NA;NA;"Inativa";"Funcex/Séries CNAE 1.0";"Comércio exterior";"Exportações - setor: confecção de artigos do vestuário e acessórios - (FOB)";"Exportações - setor: confecção de artigos do vestuário e acessórios - (FOB)";"Não oculta";"Intranet";20;0;0;"Incluida em 15/abrr/2010.";NA;"FUNCEX12";"Intranet";"Macro"
"7034";"FUNCEX12_XVCALN12";NA;NA;"Inativa";"Funcex/Séries CNAE 1.0";"Comércio exterior";"Exportações - setor: preparação de couros seus artefatos e calçados - (FOB)";"Exportações - setor: preparação de couros seus artefatos e calçados - (FOB)";"Não oculta";"Intranet";20;0;0;"Incluida em 15/abrr/2010.";NA;"FUNCEX12";"Intranet";"Macro"
"7035";"FUNCEX12_XVMADN12";NA;NA;"Inativa";"Funcex/Séries CNAE 1.0";"Comércio exterior";"Exportações - setor: produtos de madeira - (FOB)";"Exportações - setor: produtos de madeira - (FOB)";"Não oculta";"Intranet";20;0;0;"Incluida em 15/abrr/2010.";NA;"FUNCEX12";"Intranet";"Macro"
"7036";"FUNCEX12_XVPAPN12";NA;NA;"Inativa";"Funcex/Séries CNAE 1.0";"Comércio exterior";"Exportações - setor: celulose, papel e produtos de papel - (FOB)";"Exportações - setor: celulose, papel e produtos de papel - (FOB)";"Não oculta";"Intranet";20;0;0;"Incluida em 15/abrr/2010.";NA;"FUNCEX12";"Intranet";"Macro"
"7037";"FUNCEX12_XVGRAN12";NA;NA;"Inativa";"Funcex/Séries CNAE 1.0";"Comércio exterior";"Exportações - setor: edição, impressão e reprodução de gravações - (FOB)";"Exportações - setor: edição, impressão e reprodução de gravações - (FOB)";"Não oculta";"Intranet";20;0;0;"Incluida em 15/abrr/2010.";NA;"FUNCEX12";"Intranet";"Macro"
"7038";"FUNCEX12_XVPETCOMBN12";NA;NA;"Inativa";"Funcex/Séries CNAE 1.0";"Comércio exterior";"Exportações - setor: coque, refino de petróleo e combustíveis - (FOB)";"Exportações - setor: coque, refino de petróleo e combustíveis - (FOB)";"Não oculta";"Intranet";20;0;0;"Incluida em 15/abrr/2010.";NA;"FUNCEX12";"Intranet";"Macro"
"7039";"FUNCEX12_XVQUIMN12";NA;NA;"Inativa";"Funcex/Séries CNAE 1.0";"Comércio exterior";"Exportações - setor: produtos químicos - (FOB)";"Exportações - setor: produtos químicos - (FOB)";"Não oculta";"Intranet";20;0;0;"Incluida em 15/abrr/2010.";NA;"FUNCEX12";"Intranet";"Macro"
"7040";"FUNCEX12_XVPLASN12";NA;NA;"Inativa";"Funcex/Séries CNAE 1.0";"Comércio exterior";"Exportações - setor: artigos de borracha e plástico - (FOB)";"Exportações - setor: artigos de borracha e plástico - (FOB)";"Não oculta";"Intranet";20;0;0;"Incluida em 15/abrr/2010.";NA;"FUNCEX12";"Intranet";"Macro"
"7041";"FUNCEX12_XVMNMN12";NA;NA;"Inativa";"Funcex/Séries CNAE 1.0";"Comércio exterior";"Exportações - setor: produtos de minerais não-metálicos - (FOB)";"Exportações - setor: produtos de minerais não-metálicos - (FOB)";"Não oculta";"Intranet";20;0;0;"Incluida em 15/abrr/2010.";NA;"FUNCEX12";"Intranet";"Macro"
"7042";"FUNCEX12_XVMETBASN12";NA;NA;"Inativa";"Funcex/Séries CNAE 1.0";"Comércio exterior";"Exportações - setor: metalurgia básica - (FOB)";"Exportações - setor: metalurgia básica - (FOB)";"Não oculta";"Intranet";20;0;0;"Incluida em 15/abrr/2010.";NA;"FUNCEX12";"Intranet";"Macro"
"7043";"FUNCEX12_XVMETN12";NA;NA;"Inativa";"Funcex/Séries CNAE 1.0";"Comércio exterior";"Exportações - setor: produtos de metal - (FOB)";"Exportações - setor: produtos de metal - (FOB)";"Não oculta";"Intranet";20;0;0;"Incluida em 15/abrr/2010.";NA;"FUNCEX12";"Intranet";"Macro"
"7044";"FUNCEX12_XVMAQEQUN12";NA;NA;"Inativa";"Funcex/Séries CNAE 1.0";"Comércio exterior";"Exportações - setor: máquinas e equipamentos - (FOB)";"Exportações - setor: máquinas e equipamentos - (FOB)";"Não oculta";"Intranet";20;0;0;"Incluida em 15/abrr/2010.";NA;"FUNCEX12";"Intranet";"Macro"
"7045";"FUNCEX12_XVMAQINFN12";NA;NA;"Inativa";"Funcex/Séries CNAE 1.0";"Comércio exterior";"Exportações - setor: máquinas para escritório e de informática - (FOB)";"Exportações - setor: máquinas para escritório e de informática - (FOB)";"Não oculta";"Intranet";20;0;0;"Incluida em 15/abrr/2010.";NA;"FUNCEX12";"Intranet";"Macro"
"7046";"FUNCEX12_XVMAQELETN12";NA;NA;"Inativa";"Funcex/Séries CNAE 1.0";"Comércio exterior";"Exportações - setor: máquinas, aparelhos e materiais elétricos - (FOB)";"Exportações - setor: máquinas, aparelhos e materiais elétricos - (FOB)";"Não oculta";"Intranet";20;0;0;"Incluida em 15/abrr/2010.";NA;"FUNCEX12";"Intranet";"Macro"
"7047";"FUNCEX12_XVCOMN12";NA;NA;"Inativa";"Funcex/Séries CNAE 1.0";"Comércio exterior";"Exportações - setor: material eletrônico e de comunicações - (FOB)";"Exportações - setor: material eletrônico e de comunicações - (FOB)";"Não oculta";"Intranet";20;0;0;"Incluida em 15/abrr/2010.";NA;"FUNCEX12";"Intranet";"Macro"
"7048";"FUNCEX12_XVHOSPN12";NA;NA;"Inativa";"Funcex/Séries CNAE 1.0";"Comércio exterior";"Exportações - setor: equipamentos médico-hospitalares, de automação industrial e de precisão - (FOB)";"Exportações - setor: equipamentos médico-hospitalares, de automação industrial e de precisão - (FOB)";"Não oculta";"Intranet";20;0;0;"Incluida em 15/abrr/2010.";NA;"FUNCEX12";"Intranet";"Macro"
"7049";"FUNCEX12_XVVEICN12";NA;NA;"Inativa";"Funcex/Séries CNAE 1.0";"Comércio exterior";"Exportações - setor: veículos automotores, reboques e carrocerias - (FOB)";"Exportações - setor: veículos automotores, reboques e carrocerias - (FOB)";"Não oculta";"Intranet";20;0;0;"Incluida em 15/abrr/2010.";NA;"FUNCEX12";"Intranet";"Macro"
"7050";"FUNCEX12_XVOUTTRANSN12";NA;NA;"Inativa";"Funcex/Séries CNAE 1.0";"Comércio exterior";"Exportações - setor: outros equipamentos de transporte - (FOB)";"Exportações - setor: outros equipamentos de transporte - (FOB)";"Não oculta";"Intranet";20;0;0;"Incluida em 15/abrr/2010.";NA;"FUNCEX12";"Intranet";"Macro"
"7051";"FUNCEX12_XVMOVN12";NA;NA;"Inativa";"Funcex/Séries CNAE 1.0";"Comércio exterior";"Exportações - setor: móveis e indústrias diversas - (FOB)";"Exportações - setor: móveis e indústrias diversas - (FOB)";"Não oculta";"Intranet";20;0;0;"Incluida em 15/abrr/2010.";NA;"FUNCEX12";"Intranet";"Macro"
"7052";"FUNCEX12_XQAGPN12";NA;NA;"Inativa";"Funcex/Séries CNAE 1.0";"Comércio exterior";"Exportações - setor: agricultura e pecuária - quantum - índice (média 2006 = 100)";"Exportações - setor: agricultura e pecuária - quantum - índice (média 2006 = 100)";"Não oculta";"Intranet";20;0;0;"Incluida em 15/abrr/2010.";NA;"FUNCEX12";"Intranet";"Macro"
"7053";"FUNCEX12_XQEPETN12";NA;NA;"Inativa";"Funcex/Séries CNAE 1.0";"Comércio exterior";"Exportações - setor: extração de petróleo - quantum - índice (média 2006 = 100)";"Exportações - setor: extração de petróleo - quantum - índice (média 2006 = 100)";"Não oculta";"Intranet";20;0;0;"Incluida em 15/abrr/2010.";NA;"FUNCEX12";"Intranet";"Macro"
"7054";"FUNCEX12_XQEMMN12";NA;NA;"Inativa";"Funcex/Séries CNAE 1.0";"Comércio exterior";"Exportações - setor: extração de minerais metálicos - quantum - índice (média 2006 = 100)";"Exportações - setor: extração de minerais metálicos - quantum - índice (média 2006 = 100)";"Não oculta";"Intranet";20;0;0;"Incluida em 15/abrr/2010.";NA;"FUNCEX12";"Intranet";"Macro"
"7055";"FUNCEX12_XQEMNMN12";NA;NA;"Inativa";"Funcex/Séries CNAE 1.0";"Comércio exterior";"Exportações - setor: extração de minerais não-metálicos - quantum - índice (média 2006 = 100)";"Exportações - setor: extração de minerais não-metálicos - quantum - índice (média 2006 = 100)";"Não oculta";"Intranet";20;0;0;"Incluida em 15/abrr/2010.";NA;"FUNCEX12";"Intranet";"Macro"
"7056";"FUNCEX12_XQALBN12";NA;NA;"Inativa";"Funcex/Séries CNAE 1.0";"Comércio exterior";"Exportações - setor: produtos alimentícios e bebidas - quantum - índice (média 2006 = 100)";"Exportações - setor: produtos alimentícios e bebidas - quantum - índice (média 2006 = 100)";"Não oculta";"Intranet";20;0;0;"Incluida em 15/abrr/2010.";NA;"FUNCEX12";"Intranet";"Macro"
"7057";"FUNCEX12_XQTEXTN12";NA;NA;"Inativa";"Funcex/Séries CNAE 1.0";"Comércio exterior";"Exportações - setor: produtos têxteis - quantum - índice (média 2006 = 100)";"Exportações - setor: produtos têxteis - quantum - índice (média 2006 = 100)";"Não oculta";"Intranet";20;0;0;"Incluida em 15/abrr/2010.";NA;"FUNCEX12";"Intranet";"Macro"
"7058";"FUNCEX12_XQVESTN12";NA;NA;"Inativa";"Funcex/Séries CNAE 1.0";"Comércio exterior";"Exportações - setor: confecção de artigos do vestuário - quantum - índice (média 2006 = 100)";"Exportações - setor: confecção de artigos do vestuário e acessórios - quantum - índice (média 2006 = 100)";"Não oculta";"Intranet";20;0;0;"Incluida em 15/abrr/2010.";NA;"FUNCEX12";"Intranet";"Macro"
"7059";"FUNCEX12_XQCALN12";NA;NA;"Inativa";"Funcex/Séries CNAE 1.0";"Comércio exterior";"Exportações - setor: preparação de couros - artefato e calçado - quantum - índice (média 2006 = 100)";"Exportações - setor: preparação de couros seus artefatos e calçados - quantum - índice (média 2006 = 100)";"Não oculta";"Intranet";20;0;0;"Incluida em 15/abrr/2010.";NA;"FUNCEX12";"Intranet";"Macro"
"7060";"FUNCEX12_XQMADN12";NA;NA;"Inativa";"Funcex/Séries CNAE 1.0";"Comércio exterior";"Exportações - setor: produtos de madeira - quantum - índice (média 2006 = 100)";"Exportações - setor: produtos de madeira - quantum - índice (média 2006 = 100)";"Não oculta";"Intranet";20;0;0;"Incluida em 15/abrr/2010.";NA;"FUNCEX12";"Intranet";"Macro"
"7061";"FUNCEX12_XQPAPN12";NA;NA;"Inativa";"Funcex/Séries CNAE 1.0";"Comércio exterior";"Exportações - setor: celulose, papel e produtos de papel - quantum - índice (média 2006 = 100)";"Exportações - setor: celulose, papel e produtos de papel - quantum - índice (média 2006 = 100)";"Não oculta";"Intranet";20;0;0;"Incluida em 15/abrr/2010.";NA;"FUNCEX12";"Intranet";"Macro"
"7062";"FUNCEX12_XQPETCOMBN12";NA;NA;"Inativa";"Funcex/Séries CNAE 1.0";"Comércio exterior";"Exportações - setor: coque, refino de petróleo e combustíveis - quantum - índice (média 2006 = 100)";"Exportações - setor: coque, refino de petróleo e combustíveis - quantum - índice (média 2006 = 100)";"Não oculta";"Intranet";20;0;0;"Incluida em 15/abrr/2010.";NA;"FUNCEX12";"Intranet";"Macro"
"7063";"FUNCEX12_XQQUIMN12";NA;NA;"Inativa";"Funcex/Séries CNAE 1.0";"Comércio exterior";"Exportações - setor: produtos químicos - quantum - índice (média 2006 = 100)";"Exportações - setor: produtos químicos - quantum - índice (média 2006 = 100)";"Não oculta";"Intranet";20;0;0;"Incluida em 15/abrr/2010.";NA;"FUNCEX12";"Intranet";"Macro"
"7064";"FUNCEX12_XQPLASN12";NA;NA;"Inativa";"Funcex/Séries CNAE 1.0";"Comércio exterior";"Exportações - setor: artigos de borracha e plástico - quantum - índice (média 2006 = 100)";"Exportações - setor: artigos de borracha e plástico - quantum - índice (média 2006 = 100)";"Não oculta";"Intranet";20;0;0;"Incluida em 15/abrr/2010.";NA;"FUNCEX12";"Intranet";"Macro"
"7065";"FUNCEX12_XQMNMN12";NA;NA;"Inativa";"Funcex/Séries CNAE 1.0";"Comércio exterior";"Exportações - setor: produtos de minerais não-metálicos - quantum - índice (média 2006 = 100)";"Exportações - setor: produtos de minerais não-metálicos - quantum - índice (média 2006 = 100)";"Não oculta";"Intranet";20;0;0;"Incluida em 15/abrr/2010.";NA;"FUNCEX12";"Intranet";"Macro"
"7066";"FUNCEX12_XQMETBASN12";NA;NA;"Inativa";"Funcex/Séries CNAE 1.0";"Comércio exterior";"Exportações - setor: metalurgia básica - quantum - índice (média 2006 = 100)";"Exportações - setor: metalurgia básica - quantum - índice (média 2006 = 100)";"Não oculta";"Intranet";20;0;0;"Incluida em 15/abrr/2010.";NA;"FUNCEX12";"Intranet";"Macro"
"7067";"FUNCEX12_XQMETN12";NA;NA;"Inativa";"Funcex/Séries CNAE 1.0";"Comércio exterior";"Exportações - setor: produtos de metal - quantum - índice (média 2006 = 100)";"Exportações - setor: produtos de metal - quantum - índice (média 2006 = 100)";"Não oculta";"Intranet";20;0;0;"Incluida em 15/abrr/2010.";NA;"FUNCEX12";"Intranet";"Macro"
"7068";"FUNCEX12_XQMAQEQUN12";NA;NA;"Inativa";"Funcex/Séries CNAE 1.0";"Comércio exterior";"Exportações - setor: máquinas e equipamentos - quantum - índice (média 2006 = 100)";"Exportações - setor: máquinas e equipamentos - quantum - índice (média 2006 = 100)";"Não oculta";"Intranet";20;0;0;"Incluida em 15/abrr/2010.";NA;"FUNCEX12";"Intranet";"Macro"
"7069";"FUNCEX12_XQMAQINFN12";NA;NA;"Inativa";"Funcex/Séries CNAE 1.0";"Comércio exterior";"Exportações - setor: máquinas para escritório e de informática - quantum - índice (média 2006 = 100)";"Exportações - setor: máquinas para escritório e de informática - quantum - índice (média 2006 = 100)";"Não oculta";"Intranet";20;0;0;"Incluida em 15/abrr/2010.";NA;"FUNCEX12";"Intranet";"Macro"
"7070";"FUNCEX12_XQMAQELETN12";NA;NA;"Inativa";"Funcex/Séries CNAE 1.0";"Comércio exterior";"Exportações - setor: máquinas, aparelhos e materiais elétricos - quantum - índice (média 2006 = 100)";"Exportações - setor: máquinas, aparelhos e materiais elétricos - quantum - índice (média 2006 = 100)";"Não oculta";"Intranet";20;0;0;"Incluida em 15/abrr/2010.";NA;"FUNCEX12";"Intranet";"Macro"
"7071";"FUNCEX12_XQCOMN12";NA;NA;"Inativa";"Funcex/Séries CNAE 1.0";"Comércio exterior";"Exportações - setor: material eletrônico e de comunicações - quantum - índice (média 2006 = 100)";"Exportações - setor: material eletrônico e de comunicações - quantum - índice (média 2006 = 100)";"Não oculta";"Intranet";20;0;0;"Incluida em 15/abrr/2010.";NA;"FUNCEX12";"Intranet";"Macro"
"7072";"FUNCEX12_XQHOSPN12";NA;NA;"Inativa";"Funcex/Séries CNAE 1.0";"Comércio exterior";"Exportações - setor: eq. médico-hospitalares - quantum - índice (média 2006 = 100)";"Exportações - setor: equipamentos médico-hospitalares, de automação industrial e de precisão - quantum - índice (média 2006 = 100)";"Não oculta";"Intranet";20;0;0;"Incluida em 15/abrr/2010.";NA;"FUNCEX12";"Intranet";"Macro"
"7073";"FUNCEX12_XQVEICN12";NA;NA;"Inativa";"Funcex/Séries CNAE 1.0";"Comércio exterior";"Exportações - setor: veíc. automotores, reboques e carrocerias - quantum - índice (média 2006 = 100)";"Exportações - setor: veículos automotores, reboques e carrocerias - quantum - índice (média 2006 = 100)";"Não oculta";"Intranet";20;0;0;"Incluida em 15/abrr/2010.";NA;"FUNCEX12";"Intranet";"Macro"
"7074";"FUNCEX12_XQOUTTRANSN12";NA;NA;"Inativa";"Funcex/Séries CNAE 1.0";"Comércio exterior";"Exportações - setor: outros equipamentos de transporte - quantum - índice (média 2006 = 100)";"Exportações - setor: outros equipamentos de transporte - quantum - índice (média 2006 = 100)";"Não oculta";"Intranet";20;0;0;"Incluida em 15/abrr/2010.";NA;"FUNCEX12";"Intranet";"Macro"
"7075";"FUNCEX12_XQMOVN12";NA;NA;"Inativa";"Funcex/Séries CNAE 1.0";"Comércio exterior";"Exportações - setor: móveis e indústrias diversas - quantum - índice (média 2006 = 100)";"Exportações - setor: móveis e indústrias diversas - quantum - índice (média 2006 = 100)";"Não oculta";"Intranet";20;0;0;"Incluida em 15/abrr/2010.";NA;"FUNCEX12";"Intranet";"Macro"
"7076";"FUNCEX12_XPAGPN12";NA;NA;"Inativa";"Funcex/Séries CNAE 1.0";"Comércio exterior";"Exportações - setor: agricultura e pecuária - preços - índice (média 2006 = 100)";"Exportações - setor: agricultura e pecuária - preços - índice (média 2006 = 100)";"Não oculta";"Intranet";20;0;0;"Incluida em 15/abrr/2010.";NA;"FUNCEX12";"Intranet";"Macro"
"7077";"FUNCEX12_XPEPETN12";NA;NA;"Inativa";"Funcex/Séries CNAE 1.0";"Comércio exterior";"Exportações - setor: extração de petróleo - preços - índice (média 2006 = 100)";"Exportações - setor: extração de petróleo - preços - índice (média 2006 = 100)";"Não oculta";"Intranet";20;0;0;"Incluida em 15/abrr/2010.";NA;"FUNCEX12";"Intranet";"Macro"
"7078";"FUNCEX12_XPEMMN12";NA;NA;"Inativa";"Funcex/Séries CNAE 1.0";"Comércio exterior";"Exportações - setor: extração de minerais metálicos - preços - índice (média 2006 = 100)";"Exportações - setor: extração de minerais metálicos - preços - índice (média 2006 = 100)";"Não oculta";"Intranet";20;0;0;"Incluida em 15/abrr/2010.";NA;"FUNCEX12";"Intranet";"Macro"
"7079";"FUNCEX12_XPEMNMN12";NA;NA;"Inativa";"Funcex/Séries CNAE 1.0";"Comércio exterior";"Exportações - setor: extração de minerais não-metálicos - preços - índice (média 2006 = 100)";"Exportações - setor: extração de minerais não-metálicos - preços - índice (média 2006 = 100)";"Não oculta";"Intranet";20;0;0;"Incluida em 15/abrr/2010.";NA;"FUNCEX12";"Intranet";"Macro"
"7080";"FUNCEX12_XPALBN12";NA;NA;"Inativa";"Funcex/Séries CNAE 1.0";"Comércio exterior";"Exportações - setor: produtos alimentícios e bebidas - preços - índice (média 2006 = 100)";"Exportações - setor: produtos alimentícios e bebidas - preços - índice (média 2006 = 100)";"Não oculta";"Intranet";20;0;0;"Incluida em 15/abrr/2010.";NA;"FUNCEX12";"Intranet";"Macro"
"7081";"FUNCEX12_XPTEXTN12";NA;NA;"Inativa";"Funcex/Séries CNAE 1.0";"Comércio exterior";"Exportações - setor: produtos têxteis - preços - índice (média 2006 = 100)";"Exportações - setor: produtos têxteis - preços - índice (média 2006 = 100)";"Não oculta";"Intranet";20;0;0;"Incluida em 15/abrr/2010.";NA;"FUNCEX12";"Intranet";"Macro"
"7082";"FUNCEX12_XPVESTN12";NA;NA;"Inativa";"Funcex/Séries CNAE 1.0";"Comércio exterior";"Exportações - setor: confecção de artigos do vestuário - preços - índice (média 2006 = 100)";"Exportações - setor: confecção de artigos do vestuário e acessórios - preços - índice (média 2006 = 100)";"Não oculta";"Intranet";20;0;0;"Incluida em 15/abrr/2010.";NA;"FUNCEX12";"Intranet";"Macro"
"7083";"FUNCEX12_XPCALN12";NA;NA;"Inativa";"Funcex/Séries CNAE 1.0";"Comércio exterior";"Exportações - setor: preparação de couros - artefato e calçado - preços - índice (média 2006 = 100)";"Exportações - setor: preparação de couros seus artefatos e calçados - preços - índice (média 2006 = 100)";"Não oculta";"Intranet";20;0;0;"Incluida em 15/abrr/2010.";NA;"FUNCEX12";"Intranet";"Macro"
"7084";"FUNCEX12_XPMADN12";NA;NA;"Inativa";"Funcex/Séries CNAE 1.0";"Comércio exterior";"Exportações - setor: produtos de madeira - preços - índice (média 2006 = 100)";"Exportações - setor: produtos de madeira - preços - índice (média 2006 = 100)";"Não oculta";"Intranet";20;0;0;"Incluida em 15/abrr/2010.";NA;"FUNCEX12";"Intranet";"Macro"
"7085";"FUNCEX12_XPPAPN12";NA;NA;"Inativa";"Funcex/Séries CNAE 1.0";"Comércio exterior";"Exportações - setor: celulose, papel e produtos de papel - preços - índice (média 2006 = 100)";"Exportações - setor: celulose, papel e produtos de papel - preços - índice (média 2006 = 100)";"Não oculta";"Intranet";20;0;0;"Incluida em 15/abrr/2010.";NA;"FUNCEX12";"Intranet";"Macro"
"7086";"FUNCEX12_XPPETCOMBN12";NA;NA;"Inativa";"Funcex/Séries CNAE 1.0";"Comércio exterior";"Exportações - setor: coque, refino de petróleo e combustíveis - preços - índice (média 2006 = 100)";"Exportações - setor: coque, refino de petróleo e combustíveis - preços - índice (média 2006 = 100)";"Não oculta";"Intranet";20;0;0;"Incluida em 15/abrr/2010.";NA;"FUNCEX12";"Intranet";"Macro"
"7087";"FUNCEX12_XPQUIMN12";NA;NA;"Inativa";"Funcex/Séries CNAE 1.0";"Comércio exterior";"Exportações - setor: produtos químicos - preços - índice (média 2006 = 100)";"Exportações - setor: produtos químicos - preços - índice (média 2006 = 100)";"Não oculta";"Intranet";20;0;0;"Incluida em 15/abrr/2010.";NA;"FUNCEX12";"Intranet";"Macro"
"7088";"FUNCEX12_XPPLASN12";NA;NA;"Inativa";"Funcex/Séries CNAE 1.0";"Comércio exterior";"Exportações - setor: artigos de borracha e plástico - preços - índice (média 2006 = 100)";"Exportações - setor: artigos de borracha e plástico - preços - índice (média 2006 = 100)";"Não oculta";"Intranet";20;0;0;"Incluida em 15/abrr/2010.";NA;"FUNCEX12";"Intranet";"Macro"
"7089";"FUNCEX12_XPMNMN12";NA;NA;"Inativa";"Funcex/Séries CNAE 1.0";"Comércio exterior";"Exportações - setor: produtos de minerais não-metálicos - preços - índice (média 2006 = 100)";"Exportações - setor: produtos de minerais não-metálicos - preços - índice (média 2006 = 100)";"Não oculta";"Intranet";20;0;0;"Incluida em 15/abrr/2010.";NA;"FUNCEX12";"Intranet";"Macro"
"7090";"FUNCEX12_XPMETBASN12";NA;NA;"Inativa";"Funcex/Séries CNAE 1.0";"Comércio exterior";"Exportações - setor: metalurgia básica - preços - índice (média 2006 = 100)";"Exportações - setor: metalurgia básica - preços - índice (média 2006 = 100)";"Não oculta";"Intranet";20;0;0;"Incluida em 15/abrr/2010.";NA;"FUNCEX12";"Intranet";"Macro"
"7091";"FUNCEX12_XPMETN12";NA;NA;"Inativa";"Funcex/Séries CNAE 1.0";"Comércio exterior";"Exportações - setor: produtos de metal - preços - índice (média 2006 = 100)";"Exportações - setor: produtos de metal - preços - índice (média 2006 = 100)";"Não oculta";"Intranet";20;0;0;"Incluida em 15/abrr/2010.";NA;"FUNCEX12";"Intranet";"Macro"
"7092";"FUNCEX12_XPMAQEQUN12";NA;NA;"Inativa";"Funcex/Séries CNAE 1.0";"Comércio exterior";"Exportações - setor: máquinas e equipamentos - preços - índice (média 2006 = 100)";"Exportações - setor: máquinas e equipamentos - preços - índice (média 2006 = 100)";"Não oculta";"Intranet";20;0;0;"Incluida em 15/abrr/2010.";NA;"FUNCEX12";"Intranet";"Macro"
"7093";"FUNCEX12_XPMAQINFN12";NA;NA;"Inativa";"Funcex/Séries CNAE 1.0";"Comércio exterior";"Exportações - setor: máquinas para escritório e de informática - preços - índice (média 2006 = 100)";"Exportações - setor: máquinas para escritório e de informática - preços - índice (média 2006 = 100)";"Não oculta";"Intranet";20;0;0;"Incluida em 15/abrr/2010.";NA;"FUNCEX12";"Intranet";"Macro"
"7094";"FUNCEX12_XPMAQELETN12";NA;NA;"Inativa";"Funcex/Séries CNAE 1.0";"Comércio exterior";"Exportações - setor: máquinas, aparelhos e materiais elétricos - preços - índice (média 2006 = 100)";"Exportações - setor: máquinas, aparelhos e materiais elétricos - preços - índice (média 2006 = 100)";"Não oculta";"Intranet";20;0;0;"Incluida em 15/abrr/2010.";NA;"FUNCEX12";"Intranet";"Macro"
"7095";"FUNCEX12_XPCOMN12";NA;NA;"Inativa";"Funcex/Séries CNAE 1.0";"Comércio exterior";"Exportações - setor: material eletrônico e de comunicações - preços - índice (média 2006 = 100)";"Exportações - setor: material eletrônico e de comunicações - preços - índice (média 2006 = 100)";"Não oculta";"Intranet";20;0;0;"Incluida em 15/abrr/2010.";NA;"FUNCEX12";"Intranet";"Macro"
"7096";"FUNCEX12_XPHOSPN12";NA;NA;"Inativa";"Funcex/Séries CNAE 1.0";"Comércio exterior";"Exportações - setor: equipamentos médico-hospitalares - preços - índice (média 2006 = 100)";"Exportações - setor: equipamentos médico-hospitalares, de automação industrial e de precisão - preços - índice (média 2006 = 100)";"Não oculta";"Intranet";20;0;0;"Incluida em 15/abrr/2010.";NA;"FUNCEX12";"Intranet";"Macro"
"7097";"FUNCEX12_XPVEICN12";NA;NA;"Inativa";"Funcex/Séries CNAE 1.0";"Comércio exterior";"Exportações - setor: veíc. automotores, reboques e carrocerias - preços - índice (média 2006 = 100)";"Exportações - setor: veículos automotores, reboques e carrocerias - preços - índice (média 2006 = 100)";"Não oculta";"Intranet";20;0;0;"Incluida em 15/abrr/2010.";NA;"FUNCEX12";"Intranet";"Macro"
"7098";"FUNCEX12_XPOUTTRANSN12";NA;NA;"Inativa";"Funcex/Séries CNAE 1.0";"Comércio exterior";"Exportações - setor: outros equipamentos de transporte - preços - índice (média 2006 = 100)";"Exportações - setor: outros equipamentos de transporte - preços - índice (média 2006 = 100)";"Não oculta";"Intranet";20;0;0;"Incluida em 15/abrr/2010.";NA;"FUNCEX12";"Intranet";"Macro"
"7099";"FUNCEX12_XPMOVN12";NA;NA;"Inativa";"Funcex/Séries CNAE 1.0";"Comércio exterior";"Exportações - setor: móveis e indústrias diversas - preços - índice (média 2006 = 100)";"Exportações - setor: móveis e indústrias diversas - preços - índice (média 2006 = 100)";"Não oculta";"Intranet";20;0;0;"Incluida em 15/abrr/2010.";NA;"FUNCEX12";"Intranet";"Macro"
"7100";"FUNCEX12_MVAGPN12";NA;NA;"Inativa";"Funcex/Séries CNAE 1.0";"Comércio exterior";"Importações - setor: agricultura e pecuária - (FOB)";"Importações - setor: agricultura e pecuária - (FOB)";"Não oculta";"Intranet";20;0;0;"Incluida em 15/abrr/2010.";NA;"FUNCEX12";"Intranet";"Macro"
"7101";"FUNCEX12_MVFLON12";NA;NA;"Inativa";"Funcex/Séries CNAE 1.0";"Comércio exterior";"Importações - setor: silvicultura e exploração florestal - (FOB)";"Importações - setor: silvicultura e exploração florestal - (FOB)";"Não oculta";"Intranet";20;0;0;"Incluida em 15/abrr/2010.";NA;"FUNCEX12";"Intranet";"Macro"
"7102";"FUNCEX12_MVPESCN12";NA;NA;"Inativa";"Funcex/Séries CNAE 1.0";"Comércio exterior";"Importações - setor: pesca e aqüicultura - (FOB)";"Importações - setor: pesca e aqüicultura - (FOB)";"Não oculta";"Intranet";20;0;0;"Incluida em 15/abrr/2010.";NA;"FUNCEX12";"Intranet";"Macro"
"7103";"FUNCEX12_MVECARVN12";NA;NA;"Inativa";"Funcex/Séries CNAE 1.0";"Comércio exterior";"Importações - setor: extração de carvão mineral - (FOB)";"Importações - setor: extração de carvão mineral - (FOB)";"Não oculta";"Intranet";20;0;0;"Incluida em 15/abrr/2010.";NA;"FUNCEX12";"Intranet";"Macro"
"7104";"FUNCEX12_MVEPETN12";NA;NA;"Inativa";"Funcex/Séries CNAE 1.0";"Comércio exterior";"Importações - setor: extração de petróleo - (FOB)";"Importações - setor: extração de petróleo - (FOB)";"Não oculta";"Intranet";20;0;0;"Incluida em 15/abrr/2010.";NA;"FUNCEX12";"Intranet";"Macro"
"7105";"FUNCEX12_MVEMMN12";NA;NA;"Inativa";"Funcex/Séries CNAE 1.0";"Comércio exterior";"Importações - setor: extração de minerais metálicos - (FOB)";"Importações - setor: extração de minerais metálicos - (FOB)";"Não oculta";"Intranet";20;0;0;"Incluida em 15/abrr/2010.";NA;"FUNCEX12";"Intranet";"Macro"
"7106";"FUNCEX12_MVEMNMN12";NA;NA;"Inativa";"Funcex/Séries CNAE 1.0";"Comércio exterior";"Importações - setor: extração de minerais não-metálicos - (FOB)";"Importações - setor: extração de minerais não-metálicos - (FOB)";"Não oculta";"Intranet";20;0;0;"Incluida em 15/abrr/2010.";NA;"FUNCEX12";"Intranet";"Macro"
"7107";"FUNCEX12_MVALBN12";NA;NA;"Inativa";"Funcex/Séries CNAE 1.0";"Comércio exterior";"Importações - setor: produtos alimentícios e bebidas - (FOB)";"Importações - setor: produtos alimentícios e bebidas - (FOB)";"Não oculta";"Intranet";20;0;0;"Incluida em 15/abrr/2010.";NA;"FUNCEX12";"Intranet";"Macro"
"7108";"FUNCEX12_MVFUMON12";NA;NA;"Inativa";"Funcex/Séries CNAE 1.0";"Comércio exterior";"Importações - setor: produtos do fumo - (FOB)";"Importações - setor: produtos do fumo - (FOB)";"Não oculta";"Intranet";20;0;0;"Incluida em 15/abrr/2010.";NA;"FUNCEX12";"Intranet";"Macro"
"7109";"FUNCEX12_MVTEXTN12";NA;NA;"Inativa";"Funcex/Séries CNAE 1.0";"Comércio exterior";"Importações - setor: produtos têxteis - (FOB)";"Importações - setor: produtos têxteis - (FOB)";"Não oculta";"Intranet";20;0;0;"Incluida em 15/abrr/2010.";NA;"FUNCEX12";"Intranet";"Macro"
"7110";"FUNCEX12_MVVESTN12";NA;NA;"Inativa";"Funcex/Séries CNAE 1.0";"Comércio exterior";"Importações - setor: confecção de artigos do vestuário e acessórios - (FOB)";"Importações - setor: confecção de artigos do vestuário e acessórios - (FOB)";"Não oculta";"Intranet";20;0;0;"Incluida em 15/abrr/2010.";NA;"FUNCEX12";"Intranet";"Macro"
"7111";"FUNCEX12_MVCALN12";NA;NA;"Inativa";"Funcex/Séries CNAE 1.0";"Comércio exterior";"Importações - setor: preparação de couros seus artefatos e calçados - (FOB)";"Importações - setor: preparação de couros seus artefatos e calçados - (FOB)";"Não oculta";"Intranet";20;0;0;"Incluida em 15/abrr/2010.";NA;"FUNCEX12";"Intranet";"Macro"
"7112";"FUNCEX12_MVMADN12";NA;NA;"Inativa";"Funcex/Séries CNAE 1.0";"Comércio exterior";"Importações - setor: produtos de madeira - (FOB)";"Importações - setor: produtos de madeira - (FOB)";"Não oculta";"Intranet";20;0;0;"Incluida em 15/abrr/2010.";NA;"FUNCEX12";"Intranet";"Macro"
"7113";"FUNCEX12_MVPAPN12";NA;NA;"Inativa";"Funcex/Séries CNAE 1.0";"Comércio exterior";"Importações - setor: celulose, papel e produtos de papel - (FOB)";"Importações - setor: celulose, papel e produtos de papel - (FOB)";"Não oculta";"Intranet";20;0;0;"Incluida em 15/abrr/2010.";NA;"FUNCEX12";"Intranet";"Macro"
"7114";"FUNCEX12_MVGRAN12";NA;NA;"Inativa";"Funcex/Séries CNAE 1.0";"Comércio exterior";"Importações - setor: edição, impressão e reprodução de gravações - (FOB)";"Importações - setor: edição, impressão e reprodução de gravações - (FOB)";"Não oculta";"Intranet";20;0;0;"Incluida em 15/abrr/2010.";NA;"FUNCEX12";"Intranet";"Macro"
"7115";"FUNCEX12_MVPETCOMBN12";NA;NA;"Inativa";"Funcex/Séries CNAE 1.0";"Comércio exterior";"Importações - setor: coque, refino de petróleo e combustíveis - (FOB)";"Importações - setor: coque, refino de petróleo e combustíveis - (FOB)";"Não oculta";"Intranet";20;0;0;"Incluida em 15/abrr/2010.";NA;"FUNCEX12";"Intranet";"Macro"
"7116";"FUNCEX12_MVQUIMN12";NA;NA;"Inativa";"Funcex/Séries CNAE 1.0";"Comércio exterior";"Importações - setor: produtos químicos - (FOB)";"Importações - setor: produtos químicos - (FOB)";"Não oculta";"Intranet";20;0;0;"Incluida em 15/abrr/2010.";NA;"FUNCEX12";"Intranet";"Macro"
"7117";"FUNCEX12_MVPLASN12";NA;NA;"Inativa";"Funcex/Séries CNAE 1.0";"Comércio exterior";"Importações - setor: artigos de borracha e plástico - (FOB)";"Importações - setor: artigos de borracha e plástico - (FOB)";"Não oculta";"Intranet";20;0;0;"Incluida em 15/abrr/2010.";NA;"FUNCEX12";"Intranet";"Macro"
"7118";"FUNCEX12_MVMNMN12";NA;NA;"Inativa";"Funcex/Séries CNAE 1.0";"Comércio exterior";"Importações - setor: produtos de minerais não-metálicos - (FOB)";"Importações - setor: produtos de minerais não-metálicos - (FOB)";"Não oculta";"Intranet";20;0;0;"Incluida em 15/abrr/2010.";NA;"FUNCEX12";"Intranet";"Macro"
"7119";"FUNCEX12_MVMETBASN12";NA;NA;"Inativa";"Funcex/Séries CNAE 1.0";"Comércio exterior";"Importações - setor: metalurgia básica - (FOB)";"Importações - setor: metalurgia básica - (FOB)";"Não oculta";"Intranet";20;0;0;"Incluida em 15/abrr/2010.";NA;"FUNCEX12";"Intranet";"Macro"
"7120";"FUNCEX12_MVMETN12";NA;NA;"Inativa";"Funcex/Séries CNAE 1.0";"Comércio exterior";"Importações - setor: produtos de metal - (FOB)";"Importações - setor: produtos de metal - (FOB)";"Não oculta";"Intranet";20;0;0;"Incluida em 15/abrr/2010.";NA;"FUNCEX12";"Intranet";"Macro"
"7121";"FUNCEX12_MVMAQEQUN12";NA;NA;"Inativa";"Funcex/Séries CNAE 1.0";"Comércio exterior";"Importações - setor: máquinas e equipamentos - (FOB)";"Importações - setor: máquinas e equipamentos - (FOB)";"Não oculta";"Intranet";20;0;0;"Incluida em 15/abrr/2010.";NA;"FUNCEX12";"Intranet";"Macro"
"7122";"FUNCEX12_MVMAQINFN12";NA;NA;"Inativa";"Funcex/Séries CNAE 1.0";"Comércio exterior";"Importações - setor: máquinas para escritório e de informática - (FOB)";"Importações - setor: máquinas para escritório e de informática - (FOB)";"Não oculta";"Intranet";20;0;0;"Incluida em 15/abrr/2010.";NA;"FUNCEX12";"Intranet";"Macro"
"7123";"FUNCEX12_MVMAQELETN12";NA;NA;"Inativa";"Funcex/Séries CNAE 1.0";"Comércio exterior";"Importações - setor: máquinas, aparelhos e materiais elétricos - (FOB)";"Importações - setor: máquinas, aparelhos e materiais elétricos - (FOB)";"Não oculta";"Intranet";20;0;0;"Incluida em 15/abrr/2010.";NA;"FUNCEX12";"Intranet";"Macro"
"7124";"FUNCEX12_MVCOMN12";NA;NA;"Inativa";"Funcex/Séries CNAE 1.0";"Comércio exterior";"Importações - setor: material eletrônico e de comunicações - (FOB)";"Importações - setor: material eletrônico e de comunicações - (FOB)";"Não oculta";"Intranet";20;0;0;"Incluida em 15/abrr/2010.";NA;"FUNCEX12";"Intranet";"Macro"
"7125";"FUNCEX12_MVHOSPN12";NA;NA;"Inativa";"Funcex/Séries CNAE 1.0";"Comércio exterior";"Importações - setor: equipamentos médico-hospitalares, de automação industrial e de precisão - (FOB)";"Importações - setor: equipamentos médico-hospitalares, de automação industrial e de precisão - (FOB)";"Não oculta";"Intranet";20;0;0;"Incluida em 15/abrr/2010.";NA;"FUNCEX12";"Intranet";"Macro"
"7126";"FUNCEX12_MVVEICN12";NA;NA;"Inativa";"Funcex/Séries CNAE 1.0";"Comércio exterior";"Importações - setor: veículos automotores, reboques e carrocerias - (FOB)";"Importações - setor: veículos automotores, reboques e carrocerias - (FOB)";"Não oculta";"Intranet";20;0;0;"Incluida em 15/abrr/2010.";NA;"FUNCEX12";"Intranet";"Macro"
"7127";"FUNCEX12_MVOUTTRANSN12";NA;NA;"Inativa";"Funcex/Séries CNAE 1.0";"Comércio exterior";"Importações - setor: outros equipamentos de transporte - (FOB)";"Importações - setor: outros equipamentos de transporte - (FOB)";"Não oculta";"Intranet";20;0;0;"Incluida em 15/abrr/2010.";NA;"FUNCEX12";"Intranet";"Macro"
"7128";"FUNCEX12_MVMOVN12";NA;NA;"Inativa";"Funcex/Séries CNAE 1.0";"Comércio exterior";"Importações - setor: móveis e indústrias diversas - (FOB)";"Importações - setor: móveis e indústrias diversas - (FOB)";"Não oculta";"Intranet";20;0;0;"Incluida em 15/abrr/2010.";NA;"FUNCEX12";"Intranet";"Macro"
"7129";"FUNCEX12_MQAGPN12";NA;NA;"Inativa";"Funcex/Séries CNAE 1.0";"Comércio exterior";"Importações - setor: agricultura e pecuária - quantum - índice (média 2006 = 100)";"Importações - setor: agricultura e pecuária - quantum - índice (média 2006 = 100)";"Não oculta";"Intranet";20;0;0;"Incluida em 15/abrr/2010.";NA;"FUNCEX12";"Intranet";"Macro"
"7130";"FUNCEX12_MQECARVN12";NA;NA;"Inativa";"Funcex/Séries CNAE 1.0";"Comércio exterior";"Importações - setor: extração de carvão mineral - quantum - índice (média 2006 = 100)";"Importações - setor: extração de carvão mineral - quantum - índice (média 2006 = 100)";"Não oculta";"Intranet";20;0;0;"Incluida em 15/abrr/2010.";NA;"FUNCEX12";"Intranet";"Macro"
"7131";"FUNCEX12_MQEPETN12";NA;NA;"Inativa";"Funcex/Séries CNAE 1.0";"Comércio exterior";"Importações - setor: extração de petróleo - quantum - índice (média 2006 = 100)";"Importações - setor: extração de petróleo - quantum - índice (média 2006 = 100)";"Não oculta";"Intranet";20;0;0;"Incluida em 15/abrr/2010.";NA;"FUNCEX12";"Intranet";"Macro"
"7132";"FUNCEX12_MQEMMN12";NA;NA;"Inativa";"Funcex/Séries CNAE 1.0";"Comércio exterior";"Importações - setor: extração de minerais metálicos - quantum - índice (média 2006 = 100)";"Importações - setor: extração de minerais metálicos - quantum - índice (média 2006 = 100)";"Não oculta";"Intranet";20;0;0;"Incluida em 15/abrr/2010.";NA;"FUNCEX12";"Intranet";"Macro"
"7133";"FUNCEX12_MQEMNMN12";NA;NA;"Inativa";"Funcex/Séries CNAE 1.0";"Comércio exterior";"Importações - setor: extração de minerais não-metálicos - quantum - índice (média 2006 = 100)";"Importações - setor: extração de minerais não-metálicos - quantum - índice (média 2006 = 100)";"Não oculta";"Intranet";20;0;0;"Incluida em 15/abrr/2010.";NA;"FUNCEX12";"Intranet";"Macro"
"7134";"FUNCEX12_MQALBN12";NA;NA;"Inativa";"Funcex/Séries CNAE 1.0";"Comércio exterior";"Importações - setor: produtos alimentícios e bebidas - quantum - índice (média 2006 = 100)";"Importações - setor: produtos alimentícios e bebidas - quantum - índice (média 2006 = 100)";"Não oculta";"Intranet";20;0;0;"Incluida em 15/abrr/2010.";NA;"FUNCEX12";"Intranet";"Macro"
"7135";"FUNCEX12_MQTEXTN12";NA;NA;"Inativa";"Funcex/Séries CNAE 1.0";"Comércio exterior";"Importações - setor: produtos têxteis - quantum - índice (média 2006 = 100)";"Importações - setor: produtos têxteis - quantum - índice (média 2006 = 100)";"Não oculta";"Intranet";20;0;0;"Incluida em 15/abrr/2010.";NA;"FUNCEX12";"Intranet";"Macro"
"7136";"FUNCEX12_MQVESTN12";NA;NA;"Inativa";"Funcex/Séries CNAE 1.0";"Comércio exterior";"Importações - setor: confecção de artigos do vestuário - quantum - índice (média 2006 = 100)";"Importações - setor: confecção de artigos do vestuário e acessórios - quantum - índice (média 2006 = 100)";"Não oculta";"Intranet";20;0;0;"Incluida em 15/abrr/2010.";NA;"FUNCEX12";"Intranet";"Macro"
"7137";"FUNCEX12_MQCALN12";NA;NA;"Inativa";"Funcex/Séries CNAE 1.0";"Comércio exterior";"Importações - setor: preparação de couros, artefatos e calçados - quantum - índice(média 2006 = 100)";"Importações - setor: preparação de couros seus artefatos e calçados - quantum - índice (média 2006 = 100)";"Não oculta";"Intranet";20;0;0;"Incluida em 15/abrr/2010.";NA;"FUNCEX12";"Intranet";"Macro"
"7138";"FUNCEX12_MQMADN12";NA;NA;"Inativa";"Funcex/Séries CNAE 1.0";"Comércio exterior";"Importações - setor: produtos de madeira - quantum - índice (média 2006 = 100)";"Importações - setor: produtos de madeira - quantum - índice (média 2006 = 100)";"Não oculta";"Intranet";20;0;0;"Incluida em 15/abrr/2010.";NA;"FUNCEX12";"Intranet";"Macro"
"7139";"FUNCEX12_MQPAPN12";NA;NA;"Inativa";"Funcex/Séries CNAE 1.0";"Comércio exterior";"Importações - setor: celulose, papel e produtos de papel - quantum - índice (média 2006 = 100)";"Importações - setor: celulose, papel e produtos de papel - quantum - índice (média 2006 = 100)";"Não oculta";"Intranet";20;0;0;"Incluida em 15/abrr/2010.";NA;"FUNCEX12";"Intranet";"Macro"
"7140";"FUNCEX12_MQPETCOMBN12";NA;NA;"Inativa";"Funcex/Séries CNAE 1.0";"Comércio exterior";"Importações - setor: coque, refino de petróleo e combustíveis - quantum - índice (média 2006 = 100)";"Importações - setor: coque, refino de petróleo e combustíveis - quantum - índice (média 2006 = 100)";"Não oculta";"Intranet";20;0;0;"Incluida em 15/abrr/2010.";NA;"FUNCEX12";"Intranet";"Macro"
"7141";"FUNCEX12_MQQUIMN12";NA;NA;"Inativa";"Funcex/Séries CNAE 1.0";"Comércio exterior";"Importações - setor: produtos químicos - quantum - índice (média 2006 = 100)";"Importações - setor: produtos químicos - quantum - índice (média 2006 = 100)";"Não oculta";"Intranet";20;0;0;"Incluida em 15/abrr/2010.";NA;"FUNCEX12";"Intranet";"Macro"
"7142";"FUNCEX12_MQPLASN12";NA;NA;"Inativa";"Funcex/Séries CNAE 1.0";"Comércio exterior";"Importações - setor: artigos de borracha e plástico - quantum - índice (média 2006 = 100)";"Importações - setor: artigos de borracha e plástico - quantum - índice (média 2006 = 100)";"Não oculta";"Intranet";20;0;0;"Incluida em 15/abrr/2010.";NA;"FUNCEX12";"Intranet";"Macro"
"7143";"FUNCEX12_MQMNMN12";NA;NA;"Inativa";"Funcex/Séries CNAE 1.0";"Comércio exterior";"Importações - setor: produtos de minerais não-metálicos - quantum - índice (média 2006 = 100)";"Importações - setor: produtos de minerais não-metálicos - quantum - índice (média 2006 = 100)";"Não oculta";"Intranet";20;0;0;"Incluida em 15/abrr/2010.";NA;"FUNCEX12";"Intranet";"Macro"
"7144";"FUNCEX12_MQMETBASN12";NA;NA;"Inativa";"Funcex/Séries CNAE 1.0";"Comércio exterior";"Importações - setor: metalurgia básica - quantum - índice (média 2006 = 100)";"Importações - setor: metalurgia básica - quantum - índice (média 2006 = 100)";"Não oculta";"Intranet";20;0;0;"Incluida em 15/abrr/2010.";NA;"FUNCEX12";"Intranet";"Macro"
"7145";"FUNCEX12_MQMETN12";NA;NA;"Inativa";"Funcex/Séries CNAE 1.0";"Comércio exterior";"Importações - setor: produtos de metal - quantum - índice (média 2006 = 100)";"Importações - setor: produtos de metal - quantum - índice (média 2006 = 100)";"Não oculta";"Intranet";20;0;0;"Incluida em 15/abrr/2010.";NA;"FUNCEX12";"Intranet";"Macro"
"7146";"FUNCEX12_MQMAQEQUN12";NA;NA;"Inativa";"Funcex/Séries CNAE 1.0";"Comércio exterior";"Importações - setor: máquinas e equipamentos - quantum - índice (média 2006 = 100)";"Importações - setor: máquinas e equipamentos - quantum - índice (média 2006 = 100)";"Não oculta";"Intranet";20;0;0;"Incluida em 15/abrr/2010.";NA;"FUNCEX12";"Intranet";"Macro"
"7147";"FUNCEX12_MQMAQINFN12";NA;NA;"Inativa";"Funcex/Séries CNAE 1.0";"Comércio exterior";"Importações - setor: máquinas para escritório e de informática - quantum - índice (média 2006 = 100)";"Importações - setor: máquinas para escritório e de informática - quantum - índice (média 2006 = 100)";"Não oculta";"Intranet";20;0;0;"Incluida em 15/abrr/2010.";NA;"FUNCEX12";"Intranet";"Macro"
"7148";"FUNCEX12_MQMAQELETN12";NA;NA;"Inativa";"Funcex/Séries CNAE 1.0";"Comércio exterior";"Importações - setor: máquinas, aparelhos e materiais elétricos - quantum - índice (média 2006 = 100)";"Importações - setor: máquinas, aparelhos e materiais elétricos - quantum - índice (média 2006 = 100)";"Não oculta";"Intranet";20;0;0;"Incluida em 15/abrr/2010.";NA;"FUNCEX12";"Intranet";"Macro"
"7149";"FUNCEX12_MQCOMN12";NA;NA;"Inativa";"Funcex/Séries CNAE 1.0";"Comércio exterior";"Importações - setor: material eletrônico e de comunicações - quantum - índice (média 2006 = 100)";"Importações - setor: material eletrônico e de comunicações - quantum - índice (média 2006 = 100)";"Não oculta";"Intranet";20;0;0;"Incluida em 15/abrr/2010.";NA;"FUNCEX12";"Intranet";"Macro"
"7150";"FUNCEX12_MQHOSPN12";NA;NA;"Inativa";"Funcex/Séries CNAE 1.0";"Comércio exterior";"Importações - setor: equipamentos médico-hospitalares - quantum - índice (média 2006 = 100)";"Importações - setor: equipamentos médico-hospitalares, de automação industrial e de precisão - quantum - índice (média 2006 = 100)";"Não oculta";"Intranet";20;0;0;"Incluida em 15/abrr/2010.";NA;"FUNCEX12";"Intranet";"Macro"
"7151";"FUNCEX12_MQVEICN12";NA;NA;"Inativa";"Funcex/Séries CNAE 1.0";"Comércio exterior";"Importações - setor: veículos automotores, reboques,carrocerias - quantum - índice(média 2006 = 100)";"Importações - setor: veículos automotores, reboques e carrocerias - quantum - índice (média 2006 = 100)";"Não oculta";"Intranet";20;0;0;"Incluida em 15/abrr/2010.";NA;"FUNCEX12";"Intranet";"Macro"
"7152";"FUNCEX12_MQOUTTRANSN12";NA;NA;"Inativa";"Funcex/Séries CNAE 1.0";"Comércio exterior";"Importações - setor: outros equipamentos de transporte - quantum - índice (média 2006 = 100)";"Importações - setor: outros equipamentos de transporte - quantum - índice (média 2006 = 100)";"Não oculta";"Intranet";20;0;0;"Incluida em 15/abrr/2010.";NA;"FUNCEX12";"Intranet";"Macro"
"7153";"FUNCEX12_MQMOVN12";NA;NA;"Inativa";"Funcex/Séries CNAE 1.0";"Comércio exterior";"Importações - setor: móveis e indústrias diversas - quantum - índice (média 2006 = 100)";"Importações - setor: móveis e indústrias diversas - quantum - índice (média 2006 = 100)";"Não oculta";"Intranet";20;0;0;"Incluida em 15/abrr/2010.";NA;"FUNCEX12";"Intranet";"Macro"
"7154";"FUNCEX12_MPAGPN12";NA;NA;"Inativa";"Funcex/Séries CNAE 1.0";"Comércio exterior";"Importações - setor: agricultura e pecuária - preços - índice (média 2006 = 100)";"Importações - setor: agricultura e pecuária - preços - índice (média 2006 = 100)";"Não oculta";"Intranet";20;0;0;"Incluida em 15/abrr/2010.";NA;"FUNCEX12";"Intranet";"Macro"
"7155";"FUNCEX12_MPECARVN12";NA;NA;"Inativa";"Funcex/Séries CNAE 1.0";"Comércio exterior";"Importações - setor: extração de carvão mineral - preços - índice (média 2006 = 100)";"Importações - setor: extração de carvão mineral - preços - índice (média 2006 = 100)";"Não oculta";"Intranet";20;0;0;"Incluida em 15/abrr/2010.";NA;"FUNCEX12";"Intranet";"Macro"
"7156";"FUNCEX12_MPEPETN12";NA;NA;"Inativa";"Funcex/Séries CNAE 1.0";"Comércio exterior";"Importações - setor: extração de petróleo - preços - índice (média 2006 = 100)";"Importações - setor: extração de petróleo - preços - índice (média 2006 = 100)";"Não oculta";"Intranet";20;0;0;"Incluida em 15/abrr/2010.";NA;"FUNCEX12";"Intranet";"Macro"
"7157";"FUNCEX12_MPEMMN12";NA;NA;"Inativa";"Funcex/Séries CNAE 1.0";"Comércio exterior";"Importações - setor: extração de minerais metálicos - preços - índice (média 2006 = 100)";"Importações - setor: extração de minerais metálicos - preços - índice (média 2006 = 100)";"Não oculta";"Intranet";20;0;0;"Incluida em 15/abrr/2010.";NA;"FUNCEX12";"Intranet";"Macro"
"7158";"FUNCEX12_MPEMNMN12";NA;NA;"Inativa";"Funcex/Séries CNAE 1.0";"Comércio exterior";"Importações - setor: extração de minerais não-metálicos - preços - índice (média 2006 = 100)";"Importações - setor: extração de minerais não-metálicos - preços - índice (média 2006 = 100)";"Não oculta";"Intranet";20;0;0;"Incluida em 15/abrr/2010.";NA;"FUNCEX12";"Intranet";"Macro"
"7159";"FUNCEX12_MPALBN12";NA;NA;"Inativa";"Funcex/Séries CNAE 1.0";"Comércio exterior";"Importações - setor: produtos alimentícios e bebidas - preços - índice (média 2006 = 100)";"Importações - setor: produtos alimentícios e bebidas - preços - índice (média 2006 = 100)";"Não oculta";"Intranet";20;0;0;"Incluida em 15/abrr/2010.";NA;"FUNCEX12";"Intranet";"Macro"
"7160";"FUNCEX12_MPTEXTN12";NA;NA;"Inativa";"Funcex/Séries CNAE 1.0";"Comércio exterior";"Importações - setor: produtos têxteis - preços - índice (média 2006 = 100)";"Importações - setor: produtos têxteis - preços - índice (média 2006 = 100)";"Não oculta";"Intranet";20;0;0;"Incluida em 15/abrr/2010.";NA;"FUNCEX12";"Intranet";"Macro"
"7161";"FUNCEX12_MPVESTN12";NA;NA;"Inativa";"Funcex/Séries CNAE 1.0";"Comércio exterior";"Importações - setor: confecção de artigos do vestuário - preços - índice (média 2006 = 100)";"Importações - setor: confecção de artigos do vestuário e acessórios - preços - índice (média 2006 = 100)";"Não oculta";"Intranet";20;0;0;"Incluida em 15/abrr/2010.";NA;"FUNCEX12";"Intranet";"Macro"
"7162";"FUNCEX12_MPCALN12";NA;NA;"Inativa";"Funcex/Séries CNAE 1.0";"Comércio exterior";"Importações - setor: preparação de couros, artefatos e calçados - preços - índice (média 2006 = 100)";"Importações - setor: preparação de couros seus artefatos e calçados - preços - índice (média 2006 = 100)";"Não oculta";"Intranet";20;0;0;"Incluida em 15/abrr/2010.";NA;"FUNCEX12";"Intranet";"Macro"
"7163";"FUNCEX12_MPMADN12";NA;NA;"Inativa";"Funcex/Séries CNAE 1.0";"Comércio exterior";"Importações - setor: produtos de madeira - preços - índice (média 2006 = 100)";"Importações - setor: produtos de madeira - preços - índice (média 2006 = 100)";"Não oculta";"Intranet";20;0;0;"Incluida em 15/abrr/2010.";NA;"FUNCEX12";"Intranet";"Macro"
"7164";"FUNCEX12_MPPAPN12";NA;NA;"Inativa";"Funcex/Séries CNAE 1.0";"Comércio exterior";"Importações - setor: celulose, papel e produtos de papel - preços - índice (média 2006 = 100)";"Importações - setor: celulose, papel e produtos de papel - preços - índice (média 2006 = 100)";"Não oculta";"Intranet";20;0;0;"Incluida em 15/abrr/2010.";NA;"FUNCEX12";"Intranet";"Macro"
"7165";"FUNCEX12_MPPETCOMBN12";NA;NA;"Inativa";"Funcex/Séries CNAE 1.0";"Comércio exterior";"Importações - setor: coque, refino de petróleo e combustíveis - preços - índice (média 2006 = 100)";"Importações - setor: coque, refino de petróleo e combustíveis - preços - índice (média 2006 = 100)";"Não oculta";"Intranet";20;0;0;"Incluida em 15/abrr/2010.";NA;"FUNCEX12";"Intranet";"Macro"
"7166";"FUNCEX12_MPQUIMN12";NA;NA;"Inativa";"Funcex/Séries CNAE 1.0";"Comércio exterior";"Importações - setor: produtos químicos - preços - índice (média 2006 = 100)";"Importações - setor: produtos químicos - preços - índice (média 2006 = 100)";"Não oculta";"Intranet";20;0;0;"Incluida em 15/abrr/2010.";NA;"FUNCEX12";"Intranet";"Macro"
"7167";"FUNCEX12_MPPLASN12";NA;NA;"Inativa";"Funcex/Séries CNAE 1.0";"Comércio exterior";"Importações - setor: artigos de borracha e plástico - preços - índice (média 2006 = 100)";"Importações - setor: artigos de borracha e plástico - preços - índice (média 2006 = 100)";"Não oculta";"Intranet";20;0;0;"Incluida em 15/abrr/2010.";NA;"FUNCEX12";"Intranet";"Macro"
"7168";"FUNCEX12_MPMNMN12";NA;NA;"Inativa";"Funcex/Séries CNAE 1.0";"Comércio exterior";"Importações - setor: produtos de minerais não-metálicos - preços - índice (média 2006 = 100)";"Importações - setor: produtos de minerais não-metálicos - preços - índice (média 2006 = 100)";"Não oculta";"Intranet";20;0;0;"Incluida em 15/abrr/2010.";NA;"FUNCEX12";"Intranet";"Macro"
"7169";"FUNCEX12_MPMETBASN12";NA;NA;"Inativa";"Funcex/Séries CNAE 1.0";"Comércio exterior";"Importações - setor: metalurgia básica - preços - índice (média 2006 = 100)";"Importações - setor: metalurgia básica - preços - índice (média 2006 = 100)";"Não oculta";"Intranet";20;0;0;"Incluida em 15/abrr/2010.";NA;"FUNCEX12";"Intranet";"Macro"
"7170";"FUNCEX12_MPMETN12";NA;NA;"Inativa";"Funcex/Séries CNAE 1.0";"Comércio exterior";"Importações - setor: produtos de metal - preços - índice (média 2006 = 100)";"Importações - setor: produtos de metal - preços - índice (média 2006 = 100)";"Não oculta";"Intranet";20;0;0;"Incluida em 15/abrr/2010.";NA;"FUNCEX12";"Intranet";"Macro"
"7171";"FUNCEX12_MPMAQEQUN12";NA;NA;"Inativa";"Funcex/Séries CNAE 1.0";"Comércio exterior";"Importações - setor: máquinas e equipamentos - preços - índice (média 2006 = 100)";"Importações - setor: máquinas e equipamentos - preços - índice (média 2006 = 100)";"Não oculta";"Intranet";20;0;0;"Incluida em 15/abrr/2010.";NA;"FUNCEX12";"Intranet";"Macro"
"7172";"FUNCEX12_MPMAQINFN12";NA;NA;"Inativa";"Funcex/Séries CNAE 1.0";"Comércio exterior";"Importações - setor: máquinas para escritório e de informática - preços - índice (média 2006 = 100)";"Importações - setor: máquinas para escritório e de informática - preços - índice (média 2006 = 100)";"Não oculta";"Intranet";20;0;0;"Incluida em 15/abrr/2010.";NA;"FUNCEX12";"Intranet";"Macro"
"7173";"FUNCEX12_MPMAQELETN12";NA;NA;"Inativa";"Funcex/Séries CNAE 1.0";"Comércio exterior";"Importações - setor: máquinas, aparelhos e materiais elétricos - preços - índice (média 2006 = 100)";"Importações - setor: máquinas, aparelhos e materiais elétricos - preços - índice (média 2006 = 100)";"Não oculta";"Intranet";20;0;0;"Incluida em 15/abrr/2010.";NA;"FUNCEX12";"Intranet";"Macro"
"7174";"FUNCEX12_MPCOMN12";NA;NA;"Inativa";"Funcex/Séries CNAE 1.0";"Comércio exterior";"Importações - setor: material eletrônico e de comunicações - preços - índice (média 2006 = 100)";"Importações - setor: material eletrônico e de comunicações - preços - índice (média 2006 = 100)";"Não oculta";"Intranet";20;0;0;"Incluida em 15/abrr/2010.";NA;"FUNCEX12";"Intranet";"Macro"
"7175";"FUNCEX12_MPHOSPN12";NA;NA;"Inativa";"Funcex/Séries CNAE 1.0";"Comércio exterior";"Importações - setor: equipamentos médico-hospitalares - preços - índice (média 2006 = 100)";"Importações - setor: equipamentos médico-hospitalares, de automação industrial e de precisão - preços - índice (média 2006 = 100)";"Não oculta";"Intranet";20;0;0;"Incluida em 15/abrr/2010.";NA;"FUNCEX12";"Intranet";"Macro"
"7176";"FUNCEX12_MPVEICN12";NA;NA;"Inativa";"Funcex/Séries CNAE 1.0";"Comércio exterior";"Importações - setor: veículos automotores, reboques, carrocerias - preços - índice(média 2006 = 100)";"Importações - setor: veículos automotores, reboques e carrocerias - preços - índice (média 2006 = 100)";"Não oculta";"Intranet";20;0;0;"Incluida em 15/abrr/2010.";NA;"FUNCEX12";"Intranet";"Macro"
"7177";"FUNCEX12_MPOUTTRANSN12";NA;NA;"Inativa";"Funcex/Séries CNAE 1.0";"Comércio exterior";"Importações - setor: outros equipamentos de transporte - preços - índice (média 2006 = 100)";"Importações - setor: outros equipamentos de transporte - preços - índice (média 2006 = 100)";"Não oculta";"Intranet";20;0;0;"Incluida em 15/abrr/2010.";NA;"FUNCEX12";"Intranet";"Macro"
"7178";"FUNCEX12_MPMOVN12";NA;NA;"Inativa";"Funcex/Séries CNAE 1.0";"Comércio exterior";"Importações - setor: móveis e indústrias diversas - preços - índice (média 2006 = 100)";"Importações - setor: móveis e indústrias diversas - preços - índice (média 2006 = 100)";"Não oculta";"Intranet";20;0;0;"Incluida em 15/abrr/2010.";NA;"FUNCEX12";"Intranet";"Macro"
"7179";"FUNCEX_XVAGPN";NA;NA;"Inativa";"Funcex/Séries CNAE 1.0";"Comércio exterior";"Exportações - setor: agricultura e pecuária - (FOB)";"Exportações - setor: agricultura e pecuária - (FOB)";"Não oculta";"Intranet";20;0;0;"Incluida em 15/abrr/2010.";NA;"FUNCEX";"Intranet";"Macro"
"7180";"FUNCEX_XVFLON";NA;NA;"Inativa";"Funcex/Séries CNAE 1.0";"Comércio exterior";"Exportações - setor: silvicultura e exploração florestal - (FOB)";"Exportações - setor: silvicultura e exploração florestal - (FOB)";"Não oculta";"Intranet";20;0;0;"Incluida em 15/abrr/2010.";NA;"FUNCEX";"Intranet";"Macro"
"7181";"FUNCEX_XVPESCN";NA;NA;"Inativa";"Funcex/Séries CNAE 1.0";"Comércio exterior";"Exportações - setor: pesca e aqüicultura - (FOB)";"Exportações - setor: pesca e aqüicultura - (FOB)";"Não oculta";"Intranet";20;0;0;"Incluida em 15/abrr/2010.";NA;"FUNCEX";"Intranet";"Macro"
"7182";"FUNCEX_XVECARVN";NA;NA;"Inativa";"Funcex/Séries CNAE 1.0";"Comércio exterior";"Exportações - setor: extração de carvão mineral - (FOB)";"Exportações - setor: extração de carvão mineral - (FOB)";"Não oculta";"Intranet";20;0;0;"Incluida em 15/abrr/2010.";NA;"FUNCEX";"Intranet";"Macro"
"7183";"FUNCEX_XVEPETN";NA;NA;"Inativa";"Funcex/Séries CNAE 1.0";"Comércio exterior";"Exportações - setor: extração de petróleo - (FOB)";"Exportações - setor: extração de petróleo - (FOB)";"Não oculta";"Intranet";20;0;0;"Incluida em 15/abrr/2010.";NA;"FUNCEX";"Intranet";"Macro"
"7184";"FUNCEX_XVEMMN";NA;NA;"Inativa";"Funcex/Séries CNAE 1.0";"Comércio exterior";"Exportações - setor: extração de minerais metálicos - (FOB)";"Exportações - setor: extração de minerais metálicos - (FOB)";"Não oculta";"Intranet";20;0;0;"Incluida em 15/abrr/2010.";NA;"FUNCEX";"Intranet";"Macro"
"7185";"FUNCEX_XVEMNMN";NA;NA;"Inativa";"Funcex/Séries CNAE 1.0";"Comércio exterior";"Exportações - setor: extração de minerais não-metálicos - (FOB)";"Exportações - setor: extração de minerais não-metálicos - (FOB)";"Não oculta";"Intranet";20;0;0;"Incluida em 15/abrr/2010.";NA;"FUNCEX";"Intranet";"Macro"
"7186";"FUNCEX_XVALBN";NA;NA;"Inativa";"Funcex/Séries CNAE 1.0";"Comércio exterior";"Exportações - setor: produtos alimentícios e bebidas - (FOB)";"Exportações - setor: produtos alimentícios e bebidas - (FOB)";"Não oculta";"Intranet";20;0;0;"Incluida em 15/abrr/2010.";NA;"FUNCEX";"Intranet";"Macro"
"7187";"FUNCEX_XVFUMON";NA;NA;"Inativa";"Funcex/Séries CNAE 1.0";"Comércio exterior";"Exportações - setor: produtos do fumo - (FOB)";"Exportações - setor: produtos do fumo - (FOB)";"Não oculta";"Intranet";20;0;0;"Incluida em 15/abrr/2010.";NA;"FUNCEX";"Intranet";"Macro"
"7188";"FUNCEX_XVTEXTN";NA;NA;"Inativa";"Funcex/Séries CNAE 1.0";"Comércio exterior";"Exportações - setor: produtos têxteis - (FOB)";"Exportações - setor: produtos têxteis - (FOB)";"Não oculta";"Intranet";20;0;0;"Incluida em 15/abrr/2010.";NA;"FUNCEX";"Intranet";"Macro"
"7189";"FUNCEX_XVVESTN";NA;NA;"Inativa";"Funcex/Séries CNAE 1.0";"Comércio exterior";"Exportações - setor: confecção de artigos do vestuário e acessórios - (FOB)";"Exportações - setor: confecção de artigos do vestuário e acessórios - (FOB)";"Não oculta";"Intranet";20;0;0;"Incluida em 15/abrr/2010.";NA;"FUNCEX";"Intranet";"Macro"
"7190";"FUNCEX_XVCALN";NA;NA;"Inativa";"Funcex/Séries CNAE 1.0";"Comércio exterior";"Exportações - setor: preparação de couros seus artefatos e calçados - (FOB)";"Exportações - setor: preparação de couros seus artefatos e calçados - (FOB)";"Não oculta";"Intranet";20;0;0;"Incluida em 15/abrr/2010.";NA;"FUNCEX";"Intranet";"Macro"
"7191";"FUNCEX_XVMADN";NA;NA;"Inativa";"Funcex/Séries CNAE 1.0";"Comércio exterior";"Exportações - setor: produtos de madeira - (FOB)";"Exportações - setor: produtos de madeira - (FOB)";"Não oculta";"Intranet";20;0;0;"Incluida em 15/abrr/2010.";NA;"FUNCEX";"Intranet";"Macro"
"7192";"FUNCEX_XVPAPN";NA;NA;"Inativa";"Funcex/Séries CNAE 1.0";"Comércio exterior";"Exportações - setor: celulose, papel e produtos de papel - (FOB)";"Exportações - setor: celulose, papel e produtos de papel - (FOB)";"Não oculta";"Intranet";20;0;0;"Incluida em 15/abrr/2010.";NA;"FUNCEX";"Intranet";"Macro"
"7193";"FUNCEX_XVGRAN";NA;NA;"Inativa";"Funcex/Séries CNAE 1.0";"Comércio exterior";"Exportações - setor: edição, impressão e reprodução de gravações - (FOB)";"Exportações - setor: edição, impressão e reprodução de gravações - (FOB)";"Não oculta";"Intranet";20;0;0;"Incluida em 15/abrr/2010.";NA;"FUNCEX";"Intranet";"Macro"
"7194";"FUNCEX_XVPETCOMBN";NA;NA;"Inativa";"Funcex/Séries CNAE 1.0";"Comércio exterior";"Exportações - setor: coque, refino de petróleo e combustíveis - (FOB)";"Exportações - setor: coque, refino de petróleo e combustíveis - (FOB)";"Não oculta";"Intranet";20;0;0;"Incluida em 15/abrr/2010.";NA;"FUNCEX";"Intranet";"Macro"
"7195";"FUNCEX_XVQUIMN";NA;NA;"Inativa";"Funcex/Séries CNAE 1.0";"Comércio exterior";"Exportações - setor: produtos químicos - (FOB)";"Exportações - setor: produtos químicos - (FOB)";"Não oculta";"Intranet";20;0;0;"Incluida em 15/abrr/2010.";NA;"FUNCEX";"Intranet";"Macro"
"7196";"FUNCEX_XVPLASN";NA;NA;"Inativa";"Funcex/Séries CNAE 1.0";"Comércio exterior";"Exportações - setor: artigos de borracha e plástico - (FOB)";"Exportações - setor: artigos de borracha e plástico - (FOB)";"Não oculta";"Intranet";20;0;0;"Incluida em 15/abrr/2010.";NA;"FUNCEX";"Intranet";"Macro"
"7197";"FUNCEX_XVMNMN";NA;NA;"Inativa";"Funcex/Séries CNAE 1.0";"Comércio exterior";"Exportações - setor: produtos de minerais não-metálicos - (FOB)";"Exportações - setor: produtos de minerais não-metálicos - (FOB)";"Não oculta";"Intranet";20;0;0;"Incluida em 15/abrr/2010.";NA;"FUNCEX";"Intranet";"Macro"
"7198";"FUNCEX_XVMETBASN";NA;NA;"Inativa";"Funcex/Séries CNAE 1.0";"Comércio exterior";"Exportações - setor: metalurgia básica - (FOB)";"Exportações - setor: metalurgia básica - (FOB)";"Não oculta";"Intranet";20;0;0;"Incluida em 15/abrr/2010.";NA;"FUNCEX";"Intranet";"Macro"
"7199";"FUNCEX_XVMETN";NA;NA;"Inativa";"Funcex/Séries CNAE 1.0";"Comércio exterior";"Exportações - setor: produtos de metal - (FOB)";"Exportações - setor: produtos de metal - (FOB)";"Não oculta";"Intranet";20;0;0;"Incluida em 15/abrr/2010.";NA;"FUNCEX";"Intranet";"Macro"
"7200";"FUNCEX_XVMAQEQUN";NA;NA;"Inativa";"Funcex/Séries CNAE 1.0";"Comércio exterior";"Exportações - setor: máquinas e equipamentos - (FOB)";"Exportações - setor: máquinas e equipamentos - (FOB)";"Não oculta";"Intranet";20;0;0;"Incluida em 15/abrr/2010.";NA;"FUNCEX";"Intranet";"Macro"
"7201";"FUNCEX_XVMAQINFN";NA;NA;"Inativa";"Funcex/Séries CNAE 1.0";"Comércio exterior";"Exportações - setor: máquinas para escritório e de informática - (FOB)";"Exportações - setor: máquinas para escritório e de informática - (FOB)";"Não oculta";"Intranet";20;0;0;"Incluida em 15/abrr/2010.";NA;"FUNCEX";"Intranet";"Macro"
"7202";"FUNCEX_XVMAQELETN";NA;NA;"Inativa";"Funcex/Séries CNAE 1.0";"Comércio exterior";"Exportações - setor: máquinas, aparelhos e materiais elétricos - (FOB)";"Exportações - setor: máquinas, aparelhos e materiais elétricos - (FOB)";"Não oculta";"Intranet";20;0;0;"Incluida em 15/abrr/2010.";NA;"FUNCEX";"Intranet";"Macro"
"7203";"FUNCEX_XVCOMN";NA;NA;"Inativa";"Funcex/Séries CNAE 1.0";"Comércio exterior";"Exportações - setor: material eletrônico e de comunicações - (FOB)";"Exportações - setor: material eletrônico e de comunicações - (FOB)";"Não oculta";"Intranet";20;0;0;"Incluida em 15/abrr/2010.";NA;"FUNCEX";"Intranet";"Macro"
"7204";"FUNCEX_XVHOSPN";NA;NA;"Inativa";"Funcex/Séries CNAE 1.0";"Comércio exterior";"Exportações - setor: equipamentos médico-hospitalares, de automação industrial e de precisão - (FOB)";"Exportações - setor: equipamentos médico-hospitalares, de automação industrial e de precisão - (FOB)";"Não oculta";"Intranet";20;0;0;"Incluida em 15/abrr/2010.";NA;"FUNCEX";"Intranet";"Macro"
"7205";"FUNCEX_XVVEICN";NA;NA;"Inativa";"Funcex/Séries CNAE 1.0";"Comércio exterior";"Exportações - setor: veículos automotores, reboques e carrocerias - (FOB)";"Exportações - setor: veículos automotores, reboques e carrocerias - (FOB)";"Não oculta";"Intranet";20;0;0;"Incluida em 15/abrr/2010.";NA;"FUNCEX";"Intranet";"Macro"
"7206";"FUNCEX_XVOUTTRANSN";NA;NA;"Inativa";"Funcex/Séries CNAE 1.0";"Comércio exterior";"Exportações - setor: outros equipamentos de transporte - (FOB)";"Exportações - setor: outros equipamentos de transporte - (FOB)";"Não oculta";"Intranet";20;0;0;"Incluida em 15/abrr/2010.";NA;"FUNCEX";"Intranet";"Macro"
"7207";"FUNCEX_XVMOVN";NA;NA;"Inativa";"Funcex/Séries CNAE 1.0";"Comércio exterior";"Exportações - setor: móveis e indústrias diversas - (FOB)";"Exportações - setor: móveis e indústrias diversas - (FOB)";"Não oculta";"Intranet";20;0;0;"Incluida em 15/abrr/2010.";NA;"FUNCEX";"Intranet";"Macro"
"7208";"FUNCEX_XQAGPN";NA;NA;"Inativa";"Funcex/Séries CNAE 1.0";"Comércio exterior";"Exportações - setor: agricultura e pecuária - quantum - índice (média 2006 = 100)";"Exportações - setor: agricultura e pecuária - quantum - índice (média 2006 = 100)";"Não oculta";"Intranet";20;0;0;"Incluida em 15/abrr/2010.";NA;"FUNCEX";"Intranet";"Macro"
"7209";"FUNCEX_XQEPETN";NA;NA;"Inativa";"Funcex/Séries CNAE 1.0";"Comércio exterior";"Exportações - setor: extração de petróleo - quantum - índice (média 2006 = 100)";"Exportações - setor: extração de petróleo - quantum - índice (média 2006 = 100)";"Não oculta";"Intranet";20;0;0;"Incluida em 15/abrr/2010.";NA;"FUNCEX";"Intranet";"Macro"
"7210";"FUNCEX_XQEMMN";NA;NA;"Inativa";"Funcex/Séries CNAE 1.0";"Comércio exterior";"Exportações - setor: extração de minerais metálicos - quantum - índice (média 2006 = 100)";"Exportações - setor: extração de minerais metálicos - quantum - índice (média 2006 = 100)";"Não oculta";"Intranet";20;0;0;"Incluida em 15/abrr/2010.";NA;"FUNCEX";"Intranet";"Macro"
"7211";"FUNCEX_XQEMNMN";NA;NA;"Inativa";"Funcex/Séries CNAE 1.0";"Comércio exterior";"Exportações - setor: extração de minerais não-metálicos - quantum - índice (média 2006 = 100)";"Exportações - setor: extração de minerais não-metálicos - quantum - índice (média 2006 = 100)";"Não oculta";"Intranet";20;0;0;"Incluida em 15/abrr/2010.";NA;"FUNCEX";"Intranet";"Macro"
"7212";"FUNCEX_XQALBN";NA;NA;"Inativa";"Funcex/Séries CNAE 1.0";"Comércio exterior";"Exportações - setor: produtos alimentícios e bebidas - quantum - índice (média 2006 = 100)";"Exportações - setor: produtos alimentícios e bebidas - quantum - índice (média 2006 = 100)";"Não oculta";"Intranet";20;0;0;"Incluida em 15/abrr/2010.";NA;"FUNCEX";"Intranet";"Macro"
"7213";"FUNCEX_XQTEXTN";NA;NA;"Inativa";"Funcex/Séries CNAE 1.0";"Comércio exterior";"Exportações - setor: produtos têxteis - quantum - índice (média 2006 = 100)";"Exportações - setor: produtos têxteis - quantum - índice (média 2006 = 100)";"Não oculta";"Intranet";20;0;0;"Incluida em 15/abrr/2010.";NA;"FUNCEX";"Intranet";"Macro"
"7214";"FUNCEX_XQVESTN";NA;NA;"Inativa";"Funcex/Séries CNAE 1.0";"Comércio exterior";"Exportações - setor: confecção de artigos do vestuário - quantum - índice (média 2006 = 100)";"Exportações - setor: confecção de artigos do vestuário e acessórios - quantum - índice (média 2006 = 100)";"Não oculta";"Intranet";20;0;0;"Incluida em 15/abrr/2010.";NA;"FUNCEX";"Intranet";"Macro"
"7215";"FUNCEX_XQCALN";NA;NA;"Inativa";"Funcex/Séries CNAE 1.0";"Comércio exterior";"Exportações - setor: preparação de couros - artefato e calçado - quantum - índice (média 2006 = 100)";"Exportações - setor: preparação de couros seus artefatos e calçados - quantum - índice (média 2006 = 100)";"Não oculta";"Intranet";20;0;0;"Incluida em 15/abrr/2010.";NA;"FUNCEX";"Intranet";"Macro"
"7216";"FUNCEX_XQMADN";NA;NA;"Inativa";"Funcex/Séries CNAE 1.0";"Comércio exterior";"Exportações - setor: produtos de madeira - quantum - índice (média 2006 = 100)";"Exportações - setor: produtos de madeira - quantum - índice (média 2006 = 100)";"Não oculta";"Intranet";20;0;0;"Incluida em 15/abrr/2010.";NA;"FUNCEX";"Intranet";"Macro"
"7217";"FUNCEX_XQPAPN";NA;NA;"Inativa";"Funcex/Séries CNAE 1.0";"Comércio exterior";"Exportações - setor: celulose, papel e produtos de papel - quantum - índice (média 2006 = 100)";"Exportações - setor: celulose, papel e produtos de papel - quantum - índice (média 2006 = 100)";"Não oculta";"Intranet";20;0;0;"Incluida em 15/abrr/2010.";NA;"FUNCEX";"Intranet";"Macro"
"7218";"FUNCEX_XQPETCOMBN";NA;NA;"Inativa";"Funcex/Séries CNAE 1.0";"Comércio exterior";"Exportações - setor: coque, refino de petróleo e combustíveis - quantum - índice (média 2006 = 100)";"Exportações - setor: coque, refino de petróleo e combustíveis - quantum - índice (média 2006 = 100)";"Não oculta";"Intranet";20;0;0;"Incluida em 15/abrr/2010.";NA;"FUNCEX";"Intranet";"Macro"
"7219";"FUNCEX_XQQUIMN";NA;NA;"Inativa";"Funcex/Séries CNAE 1.0";"Comércio exterior";"Exportações - setor: produtos químicos - quantum - índice (média 2006 = 100)";"Exportações - setor: produtos químicos - quantum - índice (média 2006 = 100)";"Não oculta";"Intranet";20;0;0;"Incluida em 15/abrr/2010.";NA;"FUNCEX";"Intranet";"Macro"
"7220";"FUNCEX_XQPLASN";NA;NA;"Inativa";"Funcex/Séries CNAE 1.0";"Comércio exterior";"Exportações - setor: artigos de borracha e plástico - quantum - índice (média 2006 = 100)";"Exportações - setor: artigos de borracha e plástico - quantum - índice (média 2006 = 100)";"Não oculta";"Intranet";20;0;0;"Incluida em 15/abrr/2010.";NA;"FUNCEX";"Intranet";"Macro"
"7221";"FUNCEX_XQMNMN";NA;NA;"Inativa";"Funcex/Séries CNAE 1.0";"Comércio exterior";"Exportações - setor: produtos de minerais não-metálicos - quantum - índice (média 2006 = 100)";"Exportações - setor: produtos de minerais não-metálicos - quantum - índice (média 2006 = 100)";"Não oculta";"Intranet";20;0;0;"Incluida em 15/abrr/2010.";NA;"FUNCEX";"Intranet";"Macro"
"7222";"FUNCEX_XQMETBASN";NA;NA;"Inativa";"Funcex/Séries CNAE 1.0";"Comércio exterior";"Exportações - setor: metalurgia básica - quantum - índice (média 2006 = 100)";"Exportações - setor: metalurgia básica - quantum - índice (média 2006 = 100)";"Não oculta";"Intranet";20;0;0;"Incluida em 15/abrr/2010.";NA;"FUNCEX";"Intranet";"Macro"
"7223";"FUNCEX_XQMETN";NA;NA;"Inativa";"Funcex/Séries CNAE 1.0";"Comércio exterior";"Exportações - setor: produtos de metal - quantum - índice (média 2006 = 100)";"Exportações - setor: produtos de metal - quantum - índice (média 2006 = 100)";"Não oculta";"Intranet";20;0;0;"Incluida em 15/abrr/2010.";NA;"FUNCEX";"Intranet";"Macro"
"7224";"FUNCEX_XQMAQEQUN";NA;NA;"Inativa";"Funcex/Séries CNAE 1.0";"Comércio exterior";"Exportações - setor: máquinas e equipamentos - quantum - índice (média 2006 = 100)";"Exportações - setor: máquinas e equipamentos - quantum - índice (média 2006 = 100)";"Não oculta";"Intranet";20;0;0;"Incluida em 15/abrr/2010.";NA;"FUNCEX";"Intranet";"Macro"
"7225";"FUNCEX_XQMAQINFN";NA;NA;"Inativa";"Funcex/Séries CNAE 1.0";"Comércio exterior";"Exportações - setor: máquinas para escritório e de informática - quantum - índice (média 2006 = 100)";"Exportações - setor: máquinas para escritório e de informática - quantum - índice (média 2006 = 100)";"Não oculta";"Intranet";20;0;0;"Incluida em 15/abrr/2010.";NA;"FUNCEX";"Intranet";"Macro"
"7226";"FUNCEX_XQMAQELETN";NA;NA;"Inativa";"Funcex/Séries CNAE 1.0";"Comércio exterior";"Exportações - setor: máquinas, aparelhos e materiais elétricos - quantum - índice (média 2006 = 100)";"Exportações - setor: máquinas, aparelhos e materiais elétricos - quantum - índice (média 2006 = 100)";"Não oculta";"Intranet";20;0;0;"Incluida em 15/abrr/2010.";NA;"FUNCEX";"Intranet";"Macro"
"7227";"FUNCEX_XQCOMN";NA;NA;"Inativa";"Funcex/Séries CNAE 1.0";"Comércio exterior";"Exportações - setor: material eletrônico e de comunicações - quantum - índice (média 2006 = 100)";"Exportações - setor: material eletrônico e de comunicações - quantum - índice (média 2006 = 100)";"Não oculta";"Intranet";20;0;0;"Incluida em 15/abrr/2010.";NA;"FUNCEX";"Intranet";"Macro"
"7228";"FUNCEX_XQHOSPN";NA;NA;"Inativa";"Funcex/Séries CNAE 1.0";"Comércio exterior";"Exportações - setor: eq. médico-hospitalares - quantum - índice (média 2006 = 100)";"Exportações - setor: equipamentos médico-hospitalares, de automação industrial e de precisão - quantum - índice (média 2006 = 100)";"Não oculta";"Intranet";20;0;0;"Incluida em 15/abrr/2010.";NA;"FUNCEX";"Intranet";"Macro"
"7229";"FUNCEX_XQVEICN";NA;NA;"Inativa";"Funcex/Séries CNAE 1.0";"Comércio exterior";"Exportações - setor: veíc. automotores, reboques e carrocerias - quantum - índice (média 2006 = 100)";"Exportações - setor: veículos automotores, reboques e carrocerias - quantum - índice (média 2006 = 100)";"Não oculta";"Intranet";20;0;0;"Incluida em 15/abrr/2010.";NA;"FUNCEX";"Intranet";"Macro"
"7230";"FUNCEX_XQOUTTRANSN";NA;NA;"Inativa";"Funcex/Séries CNAE 1.0";"Comércio exterior";"Exportações - setor: outros equipamentos de transporte - quantum - índice (média 2006 = 100)";"Exportações - setor: outros equipamentos de transporte - quantum - índice (média 2006 = 100)";"Não oculta";"Intranet";20;0;0;"Incluida em 15/abrr/2010.";NA;"FUNCEX";"Intranet";"Macro"
"7231";"FUNCEX_XQMOVN";NA;NA;"Inativa";"Funcex/Séries CNAE 1.0";"Comércio exterior";"Exportações - setor: móveis e indústrias diversas - quantum - índice (média 2006 = 100)";"Exportações - setor: móveis e indústrias diversas - quantum - índice (média 2006 = 100)";"Não oculta";"Intranet";20;0;0;"Incluida em 15/abrr/2010.";NA;"FUNCEX";"Intranet";"Macro"
"7232";"FUNCEX_XPAGPN";NA;NA;"Inativa";"Funcex/Séries CNAE 1.0";"Comércio exterior";"Exportações - setor: agricultura e pecuária - preços - índice (média 2006 = 100)";"Exportações - setor: agricultura e pecuária - preços - índice (média 2006 = 100)";"Não oculta";"Intranet";20;0;0;"Incluida em 15/abrr/2010.";NA;"FUNCEX";"Intranet";"Macro"
"7233";"FUNCEX_XPEPETN";NA;NA;"Inativa";"Funcex/Séries CNAE 1.0";"Comércio exterior";"Exportações - setor: extração de petróleo - preços - índice (média 2006 = 100)";"Exportações - setor: extração de petróleo - preços - índice (média 2006 = 100)";"Não oculta";"Intranet";20;0;0;"Incluida em 15/abrr/2010.";NA;"FUNCEX";"Intranet";"Macro"
"7234";"FUNCEX_XPEMMN";NA;NA;"Inativa";"Funcex/Séries CNAE 1.0";"Comércio exterior";"Exportações - setor: extração de minerais metálicos - preços - índice (média 2006 = 100)";"Exportações - setor: extração de minerais metálicos - preços - índice (média 2006 = 100)";"Não oculta";"Intranet";20;0;0;"Incluida em 15/abrr/2010.";NA;"FUNCEX";"Intranet";"Macro"
"7235";"FUNCEX_XPEMNMN";NA;NA;"Inativa";"Funcex/Séries CNAE 1.0";"Comércio exterior";"Exportações - setor: extração de minerais não-metálicos - preços - índice (média 2006 = 100)";"Exportações - setor: extração de minerais não-metálicos - preços - índice (média 2006 = 100)";"Não oculta";"Intranet";20;0;0;"Incluida em 15/abrr/2010.";NA;"FUNCEX";"Intranet";"Macro"
"7236";"FUNCEX_XPALBN";NA;NA;"Inativa";"Funcex/Séries CNAE 1.0";"Comércio exterior";"Exportações - setor: produtos alimentícios e bebidas - preços - índice (média 2006 = 100)";"Exportações - setor: produtos alimentícios e bebidas - preços - índice (média 2006 = 100)";"Não oculta";"Intranet";20;0;0;"Incluida em 15/abrr/2010.";NA;"FUNCEX";"Intranet";"Macro"
"7237";"FUNCEX_XPTEXTN";NA;NA;"Inativa";"Funcex/Séries CNAE 1.0";"Comércio exterior";"Exportações - setor: produtos têxteis - preços - índice (média 2006 = 100)";"Exportações - setor: produtos têxteis - preços - índice (média 2006 = 100)";"Não oculta";"Intranet";20;0;0;"Incluida em 15/abrr/2010.";NA;"FUNCEX";"Intranet";"Macro"
"7238";"FUNCEX_XPVESTN";NA;NA;"Inativa";"Funcex/Séries CNAE 1.0";"Comércio exterior";"Exportações - setor: confecção de artigos do vestuário - preços - índice (média 2006 = 100)";"Exportações - setor: confecção de artigos do vestuário e acessórios - preços - índice (média 2006 = 100)";"Não oculta";"Intranet";20;0;0;"Incluida em 15/abrr/2010.";NA;"FUNCEX";"Intranet";"Macro"
"7239";"FUNCEX_XPCALN";NA;NA;"Inativa";"Funcex/Séries CNAE 1.0";"Comércio exterior";"Exportações - setor: preparação de couros - artefato e calçado - preços - índice (média 2006 = 100)";"Exportações - setor: preparação de couros seus artefatos e calçados - preços - índice (média 2006 = 100)";"Não oculta";"Intranet";20;0;0;"Incluida em 15/abrr/2010.";NA;"FUNCEX";"Intranet";"Macro"
"7240";"FUNCEX_XPMADN";NA;NA;"Inativa";"Funcex/Séries CNAE 1.0";"Comércio exterior";"Exportações - setor: produtos de madeira - preços - índice (média 2006 = 100)";"Exportações - setor: produtos de madeira - preços - índice (média 2006 = 100)";"Não oculta";"Intranet";20;0;0;"Incluida em 15/abrr/2010.";NA;"FUNCEX";"Intranet";"Macro"
"7241";"FUNCEX_XPPAPN";NA;NA;"Inativa";"Funcex/Séries CNAE 1.0";"Comércio exterior";"Exportações - setor: celulose, papel e produtos de papel - preços - índice (média 2006 = 100)";"Exportações - setor: celulose, papel e produtos de papel - preços - índice (média 2006 = 100)";"Não oculta";"Intranet";20;0;0;"Incluida em 15/abrr/2010.";NA;"FUNCEX";"Intranet";"Macro"
"7242";"FUNCEX_XPPETCOMBN";NA;NA;"Inativa";"Funcex/Séries CNAE 1.0";"Comércio exterior";"Exportações - setor: coque, refino de petróleo e combustíveis - preços - índice (média 2006 = 100)";"Exportações - setor: coque, refino de petróleo e combustíveis - preços - índice (média 2006 = 100)";"Não oculta";"Intranet";20;0;0;"Incluida em 15/abrr/2010.";NA;"FUNCEX";"Intranet";"Macro"
"7243";"FUNCEX_XPQUIMN";NA;NA;"Inativa";"Funcex/Séries CNAE 1.0";"Comércio exterior";"Exportações - setor: produtos químicos - preços - índice (média 2006 = 100)";"Exportações - setor: produtos químicos - preços - índice (média 2006 = 100)";"Não oculta";"Intranet";20;0;0;"Incluida em 15/abrr/2010.";NA;"FUNCEX";"Intranet";"Macro"
"7244";"FUNCEX_XPPLASN";NA;NA;"Inativa";"Funcex/Séries CNAE 1.0";"Comércio exterior";"Exportações - setor: artigos de borracha e plástico - preços - índice (média 2006 = 100)";"Exportações - setor: artigos de borracha e plástico - preços - índice (média 2006 = 100)";"Não oculta";"Intranet";20;0;0;"Incluida em 15/abrr/2010.";NA;"FUNCEX";"Intranet";"Macro"
"7245";"FUNCEX_XPMNMN";NA;NA;"Inativa";"Funcex/Séries CNAE 1.0";"Comércio exterior";"Exportações - setor: produtos de minerais não-metálicos - preços - índice (média 2006 = 100)";"Exportações - setor: produtos de minerais não-metálicos - preços - índice (média 2006 = 100)";"Não oculta";"Intranet";20;0;0;"Incluida em 15/abrr/2010.";NA;"FUNCEX";"Intranet";"Macro"
"7246";"FUNCEX_XPMETBASN";NA;NA;"Inativa";"Funcex/Séries CNAE 1.0";"Comércio exterior";"Exportações - setor: metalurgia básica - preços - índice (média 2006 = 100)";"Exportações - setor: metalurgia básica - preços - índice (média 2006 = 100)";"Não oculta";"Intranet";20;0;0;"Incluida em 15/abrr/2010.";NA;"FUNCEX";"Intranet";"Macro"
"7247";"FUNCEX_XPMETN";NA;NA;"Inativa";"Funcex/Séries CNAE 1.0";"Comércio exterior";"Exportações - setor: produtos de metal - preços - índice (média 2006 = 100)";"Exportações - setor: produtos de metal - preços - índice (média 2006 = 100)";"Não oculta";"Intranet";20;0;0;"Incluida em 15/abrr/2010.";NA;"FUNCEX";"Intranet";"Macro"
"7248";"FUNCEX_XPMAQEQUN";NA;NA;"Inativa";"Funcex/Séries CNAE 1.0";"Comércio exterior";"Exportações - setor: máquinas e equipamentos - preços - índice (média 2006 = 100)";"Exportações - setor: máquinas e equipamentos - preços - índice (média 2006 = 100)";"Não oculta";"Intranet";20;0;0;"Incluida em 15/abrr/2010.";NA;"FUNCEX";"Intranet";"Macro"
"7249";"FUNCEX_XPMAQINFN";NA;NA;"Inativa";"Funcex/Séries CNAE 1.0";"Comércio exterior";"Exportações - setor: máquinas para escritório e de informática - preços - índice (média 2006 = 100)";"Exportações - setor: máquinas para escritório e de informática - preços - índice (média 2006 = 100)";"Não oculta";"Intranet";20;0;0;"Incluida em 15/abrr/2010.";NA;"FUNCEX";"Intranet";"Macro"
"7250";"FUNCEX_XPMAQELETN";NA;NA;"Inativa";"Funcex/Séries CNAE 1.0";"Comércio exterior";"Exportações - setor: máquinas, aparelhos e materiais elétricos - preços - índice (média 2006 = 100)";"Exportações - setor: máquinas, aparelhos e materiais elétricos - preços - índice (média 2006 = 100)";"Não oculta";"Intranet";20;0;0;"Incluida em 15/abrr/2010.";NA;"FUNCEX";"Intranet";"Macro"
"7251";"FUNCEX_XPCOMN";NA;NA;"Inativa";"Funcex/Séries CNAE 1.0";"Comércio exterior";"Exportações - setor: material eletrônico e de comunicações - preços - índice (média 2006 = 100)";"Exportações - setor: material eletrônico e de comunicações - preços - índice (média 2006 = 100)";"Não oculta";"Intranet";20;0;0;"Incluida em 15/abrr/2010.";NA;"FUNCEX";"Intranet";"Macro"
"7252";"FUNCEX_XPHOSPN";NA;NA;"Inativa";"Funcex/Séries CNAE 1.0";"Comércio exterior";"Exportações - setor: equipamentos médico-hospitalares - preços - índice (média 2006 = 100)";"Exportações - setor: equipamentos médico-hospitalares, de automação industrial e de precisão - preços - índice (média 2006 = 100)";"Não oculta";"Intranet";20;0;0;"Incluida em 15/abrr/2010.";NA;"FUNCEX";"Intranet";"Macro"
"7253";"FUNCEX_XPVEICN";NA;NA;"Inativa";"Funcex/Séries CNAE 1.0";"Comércio exterior";"Exportações - setor: veíc. automotores, reboques e carrocerias - preços - índice (média 2006 = 100)";"Exportações - setor: veículos automotores, reboques e carrocerias - preços - índice (média 2006 = 100)";"Não oculta";"Intranet";20;0;0;"Incluida em 15/abrr/2010.";NA;"FUNCEX";"Intranet";"Macro"
"7254";"FUNCEX_XPOUTTRANSN";NA;NA;"Inativa";"Funcex/Séries CNAE 1.0";"Comércio exterior";"Exportações - setor: outros equipamentos de transporte - preços - índice (média 2006 = 100)";"Exportações - setor: outros equipamentos de transporte - preços - índice (média 2006 = 100)";"Não oculta";"Intranet";20;0;0;"Incluida em 15/abrr/2010.";NA;"FUNCEX";"Intranet";"Macro"
"7255";"FUNCEX_XPMOVN";NA;NA;"Inativa";"Funcex/Séries CNAE 1.0";"Comércio exterior";"Exportações - setor: móveis e indústrias diversas - preços - índice (média 2006 = 100)";"Exportações - setor: móveis e indústrias diversas - preços - índice (média 2006 = 100)";"Não oculta";"Intranet";20;0;0;"Incluida em 15/abrr/2010.";NA;"FUNCEX";"Intranet";"Macro"
"7256";"FUNCEX_MVAGPN";NA;NA;"Inativa";"Funcex/Séries CNAE 1.0";"Comércio exterior";"Importações - setor: agricultura e pecuária - (FOB)";"Importações - setor: agricultura e pecuária - (FOB)";"Não oculta";"Intranet";20;0;0;"Incluida em 15/abrr/2010.";NA;"FUNCEX";"Intranet";"Macro"
"7257";"FUNCEX_MVFLON";NA;NA;"Inativa";"Funcex/Séries CNAE 1.0";"Comércio exterior";"Importações - setor: silvicultura e exploração florestal - (FOB)";"Importações - setor: silvicultura e exploração florestal - (FOB)";"Não oculta";"Intranet";20;0;0;"Incluida em 15/abrr/2010.";NA;"FUNCEX";"Intranet";"Macro"
"7258";"FUNCEX_MVPESCN";NA;NA;"Inativa";"Funcex/Séries CNAE 1.0";"Comércio exterior";"Importações - setor: pesca e aqüicultura - (FOB)";"Importações - setor: pesca e aqüicultura - (FOB)";"Não oculta";"Intranet";20;0;0;"Incluida em 15/abrr/2010.";NA;"FUNCEX";"Intranet";"Macro"
"7259";"FUNCEX_MVECARVN";NA;NA;"Inativa";"Funcex/Séries CNAE 1.0";"Comércio exterior";"Importações - setor: extração de carvão mineral - (FOB)";"Importações - setor: extração de carvão mineral - (FOB)";"Não oculta";"Intranet";20;0;0;"Incluida em 15/abrr/2010.";NA;"FUNCEX";"Intranet";"Macro"
"7260";"FUNCEX_MVEPETN";NA;NA;"Inativa";"Funcex/Séries CNAE 1.0";"Comércio exterior";"Importações - setor: extração de petróleo - (FOB)";"Importações - setor: extração de petróleo - (FOB)";"Não oculta";"Intranet";20;0;0;"Incluida em 15/abrr/2010.";NA;"FUNCEX";"Intranet";"Macro"
"7261";"FUNCEX_MVEMMN";NA;NA;"Inativa";"Funcex/Séries CNAE 1.0";"Comércio exterior";"Importações - setor: extração de minerais metálicos - (FOB)";"Importações - setor: extração de minerais metálicos - (FOB)";"Não oculta";"Intranet";20;0;0;"Incluida em 15/abrr/2010.";NA;"FUNCEX";"Intranet";"Macro"
"7262";"FUNCEX_MVEMNMN";NA;NA;"Inativa";"Funcex/Séries CNAE 1.0";"Comércio exterior";"Importações - setor: extração de minerais não-metálicos - (FOB)";"Importações - setor: extração de minerais não-metálicos - (FOB)";"Não oculta";"Intranet";20;0;0;"Incluida em 15/abrr/2010.";NA;"FUNCEX";"Intranet";"Macro"
"7263";"FUNCEX_MVALBN";NA;NA;"Inativa";"Funcex/Séries CNAE 1.0";"Comércio exterior";"Importações - setor: produtos alimentícios e bebidas - (FOB)";"Importações - setor: produtos alimentícios e bebidas - (FOB)";"Não oculta";"Intranet";20;0;0;"Incluida em 15/abrr/2010.";NA;"FUNCEX";"Intranet";"Macro"
"7264";"FUNCEX_MVFUMON";NA;NA;"Inativa";"Funcex/Séries CNAE 1.0";"Comércio exterior";"Importações - setor: produtos do fumo - (FOB)";"Importações - setor: produtos do fumo - (FOB)";"Não oculta";"Intranet";20;0;0;"Incluida em 15/abrr/2010.";NA;"FUNCEX";"Intranet";"Macro"
"7265";"FUNCEX_MVTEXTN";NA;NA;"Inativa";"Funcex/Séries CNAE 1.0";"Comércio exterior";"Importações - setor: produtos têxteis - (FOB)";"Importações - setor: produtos têxteis - (FOB)";"Não oculta";"Intranet";20;0;0;"Incluida em 15/abrr/2010.";NA;"FUNCEX";"Intranet";"Macro"
"7266";"FUNCEX_MVVESTN";NA;NA;"Inativa";"Funcex/Séries CNAE 1.0";"Comércio exterior";"Importações - setor: confecção de artigos do vestuário e acessórios - (FOB)";"Importações - setor: confecção de artigos do vestuário e acessórios - (FOB)";"Não oculta";"Intranet";20;0;0;"Incluida em 15/abrr/2010.";NA;"FUNCEX";"Intranet";"Macro"
"7267";"FUNCEX_MVCALN";NA;NA;"Inativa";"Funcex/Séries CNAE 1.0";"Comércio exterior";"Importações - setor: preparação de couros seus artefatos e calçados - (FOB)";"Importações - setor: preparação de couros seus artefatos e calçados - (FOB)";"Não oculta";"Intranet";20;0;0;"Incluida em 15/abrr/2010.";NA;"FUNCEX";"Intranet";"Macro"
"7268";"FUNCEX_MVMADN";NA;NA;"Inativa";"Funcex/Séries CNAE 1.0";"Comércio exterior";"Importações - setor: produtos de madeira - (FOB)";"Importações - setor: produtos de madeira - (FOB)";"Não oculta";"Intranet";20;0;0;"Incluida em 15/abrr/2010.";NA;"FUNCEX";"Intranet";"Macro"
"7269";"FUNCEX_MVPAPN";NA;NA;"Inativa";"Funcex/Séries CNAE 1.0";"Comércio exterior";"Importações - setor: celulose, papel e produtos de papel - (FOB)";"Importações - setor: celulose, papel e produtos de papel - (FOB)";"Não oculta";"Intranet";20;0;0;"Incluida em 15/abrr/2010.";NA;"FUNCEX";"Intranet";"Macro"
"7270";"FUNCEX_MVGRAN";NA;NA;"Inativa";"Funcex/Séries CNAE 1.0";"Comércio exterior";"Importações - setor: edição, impressão e reprodução de gravações - (FOB)";"Importações - setor: edição, impressão e reprodução de gravações - (FOB)";"Não oculta";"Intranet";20;0;0;"Incluida em 15/abrr/2010.";NA;"FUNCEX";"Intranet";"Macro"
"7271";"FUNCEX_MVPETCOMBN";NA;NA;"Inativa";"Funcex/Séries CNAE 1.0";"Comércio exterior";"Importações - setor: coque, refino de petróleo e combustíveis - (FOB)";"Importações - setor: coque, refino de petróleo e combustíveis - (FOB)";"Não oculta";"Intranet";20;0;0;"Incluida em 15/abrr/2010.";NA;"FUNCEX";"Intranet";"Macro"
"7272";"FUNCEX_MVQUIMN";NA;NA;"Inativa";"Funcex/Séries CNAE 1.0";"Comércio exterior";"Importações - setor: produtos químicos - (FOB)";"Importações - setor: produtos químicos - (FOB)";"Não oculta";"Intranet";20;0;0;"Incluida em 15/abrr/2010.";NA;"FUNCEX";"Intranet";"Macro"
"7273";"FUNCEX_MVPLASN";NA;NA;"Inativa";"Funcex/Séries CNAE 1.0";"Comércio exterior";"Importações - setor: artigos de borracha e plástico - (FOB)";"Importações - setor: artigos de borracha e plástico - (FOB)";"Não oculta";"Intranet";20;0;0;"Incluida em 15/abrr/2010.";NA;"FUNCEX";"Intranet";"Macro"
"7274";"FUNCEX_MVMNMN";NA;NA;"Inativa";"Funcex/Séries CNAE 1.0";"Comércio exterior";"Importações - setor: produtos de minerais não-metálicos - (FOB)";"Importações - setor: produtos de minerais não-metálicos - (FOB)";"Não oculta";"Intranet";20;0;0;"Incluida em 15/abrr/2010.";NA;"FUNCEX";"Intranet";"Macro"
"7275";"FUNCEX_MVMETBASN";NA;NA;"Inativa";"Funcex/Séries CNAE 1.0";"Comércio exterior";"Importações - setor: metalurgia básica - (FOB)";"Importações - setor: metalurgia básica - (FOB)";"Não oculta";"Intranet";20;0;0;"Incluida em 15/abrr/2010.";NA;"FUNCEX";"Intranet";"Macro"
"7276";"FUNCEX_MVMETN";NA;NA;"Inativa";"Funcex/Séries CNAE 1.0";"Comércio exterior";"Importações - setor: produtos de metal - (FOB)";"Importações - setor: produtos de metal - (FOB)";"Não oculta";"Intranet";20;0;0;"Incluida em 15/abrr/2010.";NA;"FUNCEX";"Intranet";"Macro"
"7277";"FUNCEX_MVMAQEQUN";NA;NA;"Inativa";"Funcex/Séries CNAE 1.0";"Comércio exterior";"Importações - setor: máquinas e equipamentos - (FOB)";"Importações - setor: máquinas e equipamentos - (FOB)";"Não oculta";"Intranet";20;0;0;"Incluida em 15/abrr/2010.";NA;"FUNCEX";"Intranet";"Macro"
"7278";"FUNCEX_MVMAQINFN";NA;NA;"Inativa";"Funcex/Séries CNAE 1.0";"Comércio exterior";"Importações - setor: máquinas para escritório e de informática - (FOB)";"Importações - setor: máquinas para escritório e de informática - (FOB)";"Não oculta";"Intranet";20;0;0;"Incluida em 15/abrr/2010.";NA;"FUNCEX";"Intranet";"Macro"
"7279";"FUNCEX_MVMAQELETN";NA;NA;"Inativa";"Funcex/Séries CNAE 1.0";"Comércio exterior";"Importações - setor: máquinas, aparelhos e materiais elétricos - (FOB)";"Importações - setor: máquinas, aparelhos e materiais elétricos - (FOB)";"Não oculta";"Intranet";20;0;0;"Incluida em 15/abrr/2010.";NA;"FUNCEX";"Intranet";"Macro"
"7280";"FUNCEX_MVCOMN";NA;NA;"Inativa";"Funcex/Séries CNAE 1.0";"Comércio exterior";"Importações - setor: material eletrônico e de comunicações - (FOB)";"Importações - setor: material eletrônico e de comunicações - (FOB)";"Não oculta";"Intranet";20;0;0;"Incluida em 15/abrr/2010.";NA;"FUNCEX";"Intranet";"Macro"
"7281";"FUNCEX_MVHOSPN";NA;NA;"Inativa";"Funcex/Séries CNAE 1.0";"Comércio exterior";"Importações - setor: equipamentos médico-hospitalares, de automação industrial e de precisão - (FOB)";"Importações - setor: equipamentos médico-hospitalares, de automação industrial e de precisão - (FOB)";"Não oculta";"Intranet";20;0;0;"Incluida em 15/abrr/2010.";NA;"FUNCEX";"Intranet";"Macro"
"7282";"FUNCEX_MVVEICN";NA;NA;"Inativa";"Funcex/Séries CNAE 1.0";"Comércio exterior";"Importações - setor: veículos automotores, reboques e carrocerias - (FOB)";"Importações - setor: veículos automotores, reboques e carrocerias - (FOB)";"Não oculta";"Intranet";20;0;0;"Incluida em 15/abrr/2010.";NA;"FUNCEX";"Intranet";"Macro"
"7283";"FUNCEX_MVOUTTRANSN";NA;NA;"Inativa";"Funcex/Séries CNAE 1.0";"Comércio exterior";"Importações - setor: outros equipamentos de transporte - (FOB)";"Importações - setor: outros equipamentos de transporte - (FOB)";"Não oculta";"Intranet";20;0;0;"Incluida em 15/abrr/2010.";NA;"FUNCEX";"Intranet";"Macro"
"7284";"FUNCEX_MVMOVN";NA;NA;"Inativa";"Funcex/Séries CNAE 1.0";"Comércio exterior";"Importações - setor: móveis e indústrias diversas - (FOB)";"Importações - setor: móveis e indústrias diversas - (FOB)";"Não oculta";"Intranet";20;0;0;"Incluida em 15/abrr/2010.";NA;"FUNCEX";"Intranet";"Macro"
"7285";"FUNCEX_MQAGPN";NA;NA;"Inativa";"Funcex/Séries CNAE 1.0";"Comércio exterior";"Importações - setor: agricultura e pecuária - quantum - índice (média 2006 = 100)";"Importações - setor: agricultura e pecuária - quantum - índice (média 2006 = 100)";"Não oculta";"Intranet";20;0;0;"Incluida em 15/abrr/2010.";NA;"FUNCEX";"Intranet";"Macro"
"7286";"FUNCEX_MQECARVN";NA;NA;"Inativa";"Funcex/Séries CNAE 1.0";"Comércio exterior";"Importações - setor: extração de carvão mineral - quantum - índice (média 2006 = 100)";"Importações - setor: extração de carvão mineral - quantum - índice (média 2006 = 100)";"Não oculta";"Intranet";20;0;0;"Incluida em 15/abrr/2010.";NA;"FUNCEX";"Intranet";"Macro"
"7287";"FUNCEX_MQEPETN";NA;NA;"Inativa";"Funcex/Séries CNAE 1.0";"Comércio exterior";"Importações - setor: extração de petróleo - quantum - índice (média 2006 = 100)";"Importações - setor: extração de petróleo - quantum - índice (média 2006 = 100)";"Não oculta";"Intranet";20;0;0;"Incluida em 15/abrr/2010.";NA;"FUNCEX";"Intranet";"Macro"
"7288";"FUNCEX_MQEMMN";NA;NA;"Inativa";"Funcex/Séries CNAE 1.0";"Comércio exterior";"Importações - setor: extração de minerais metálicos - quantum - índice (média 2006 = 100)";"Importações - setor: extração de minerais metálicos - quantum - índice (média 2006 = 100)";"Não oculta";"Intranet";20;0;0;"Incluida em 15/abrr/2010.";NA;"FUNCEX";"Intranet";"Macro"
"7289";"FUNCEX_MQEMNMN";NA;NA;"Inativa";"Funcex/Séries CNAE 1.0";"Comércio exterior";"Importações - setor: extração de minerais não-metálicos - quantum - índice (média 2006 = 100)";"Importações - setor: extração de minerais não-metálicos - quantum - índice (média 2006 = 100)";"Não oculta";"Intranet";20;0;0;"Incluida em 15/abrr/2010.";NA;"FUNCEX";"Intranet";"Macro"
"7290";"FUNCEX_MQALBN";NA;NA;"Inativa";"Funcex/Séries CNAE 1.0";"Comércio exterior";"Importações - setor: produtos alimentícios e bebidas - quantum - índice (média 2006 = 100)";"Importações - setor: produtos alimentícios e bebidas - quantum - índice (média 2006 = 100)";"Não oculta";"Intranet";20;0;0;"Incluida em 15/abrr/2010.";NA;"FUNCEX";"Intranet";"Macro"
"7291";"FUNCEX_MQTEXTN";NA;NA;"Inativa";"Funcex/Séries CNAE 1.0";"Comércio exterior";"Importações - setor: produtos têxteis - quantum - índice (média 2006 = 100)";"Importações - setor: produtos têxteis - quantum - índice (média 2006 = 100)";"Não oculta";"Intranet";20;0;0;"Incluida em 15/abrr/2010.";NA;"FUNCEX";"Intranet";"Macro"
"7292";"FUNCEX_MQVESTN";NA;NA;"Inativa";"Funcex/Séries CNAE 1.0";"Comércio exterior";"Importações - setor: confecção de artigos do vestuário - quantum - índice (média 2006 = 100)";"Importações - setor: confecção de artigos do vestuário e acessórios - quantum - índice (média 2006 = 100)";"Não oculta";"Intranet";20;0;0;"Incluida em 15/abrr/2010.";NA;"FUNCEX";"Intranet";"Macro"
"7293";"FUNCEX_MQCALN";NA;NA;"Inativa";"Funcex/Séries CNAE 1.0";"Comércio exterior";"Importações - setor: preparação de couros, artefatos e calçados - quantum - índice(média 2006 = 100)";"Importações - setor: preparação de couros seus artefatos e calçados - quantum - índice (média 2006 = 100)";"Não oculta";"Intranet";20;0;0;"Incluida em 15/abrr/2010.";NA;"FUNCEX";"Intranet";"Macro"
"7294";"FUNCEX_MQMADN";NA;NA;"Inativa";"Funcex/Séries CNAE 1.0";"Comércio exterior";"Importações - setor: produtos de madeira - quantum - índice (média 2006 = 100)";"Importações - setor: produtos de madeira - quantum - índice (média 2006 = 100)";"Não oculta";"Intranet";20;0;0;"Incluida em 15/abrr/2010.";NA;"FUNCEX";"Intranet";"Macro"
"7295";"FUNCEX_MQPAPN";NA;NA;"Inativa";"Funcex/Séries CNAE 1.0";"Comércio exterior";"Importações - setor: celulose, papel e produtos de papel - quantum - índice (média 2006 = 100)";"Importações - setor: celulose, papel e produtos de papel - quantum - índice (média 2006 = 100)";"Não oculta";"Intranet";20;0;0;"Incluida em 15/abrr/2010.";NA;"FUNCEX";"Intranet";"Macro"
"7296";"FUNCEX_MQPETCOMBN";NA;NA;"Inativa";"Funcex/Séries CNAE 1.0";"Comércio exterior";"Importações - setor: coque, refino de petróleo e combustíveis - quantum - índice (média 2006 = 100)";"Importações - setor: coque, refino de petróleo e combustíveis - quantum - índice (média 2006 = 100)";"Não oculta";"Intranet";20;0;0;"Incluida em 15/abrr/2010.";NA;"FUNCEX";"Intranet";"Macro"
"7297";"FUNCEX_MQQUIMN";NA;NA;"Inativa";"Funcex/Séries CNAE 1.0";"Comércio exterior";"Importações - setor: produtos químicos - quantum - índice (média 2006 = 100)";"Importações - setor: produtos químicos - quantum - índice (média 2006 = 100)";"Não oculta";"Intranet";20;0;0;"Incluida em 15/abrr/2010.";NA;"FUNCEX";"Intranet";"Macro"
"7298";"FUNCEX_MQPLASN";NA;NA;"Inativa";"Funcex/Séries CNAE 1.0";"Comércio exterior";"Importações - setor: artigos de borracha e plástico - quantum - índice (média 2006 = 100)";"Importações - setor: artigos de borracha e plástico - quantum - índice (média 2006 = 100)";"Não oculta";"Intranet";20;0;0;"Incluida em 15/abrr/2010.";NA;"FUNCEX";"Intranet";"Macro"
"7299";"FUNCEX_MQMNMN";NA;NA;"Inativa";"Funcex/Séries CNAE 1.0";"Comércio exterior";"Importações - setor: produtos de minerais não-metálicos - quantum - índice (média 2006 = 100)";"Importações - setor: produtos de minerais não-metálicos - quantum - índice (média 2006 = 100)";"Não oculta";"Intranet";20;0;0;"Incluida em 15/abrr/2010.";NA;"FUNCEX";"Intranet";"Macro"
"7300";"FUNCEX_MQMETBASN";NA;NA;"Inativa";"Funcex/Séries CNAE 1.0";"Comércio exterior";"Importações - setor: metalurgia básica - quantum - índice (média 2006 = 100)";"Importações - setor: metalurgia básica - quantum - índice (média 2006 = 100)";"Não oculta";"Intranet";20;0;0;"Incluida em 15/abrr/2010.";NA;"FUNCEX";"Intranet";"Macro"
"7301";"FUNCEX_MQMETN";NA;NA;"Inativa";"Funcex/Séries CNAE 1.0";"Comércio exterior";"Importações - setor: produtos de metal - quantum - índice (média 2006 = 100)";"Importações - setor: produtos de metal - quantum - índice (média 2006 = 100)";"Não oculta";"Intranet";20;0;0;"Incluida em 15/abrr/2010.";NA;"FUNCEX";"Intranet";"Macro"
"7302";"FUNCEX_MQMAQEQUN";NA;NA;"Inativa";"Funcex/Séries CNAE 1.0";"Comércio exterior";"Importações - setor: máquinas e equipamentos - quantum - índice (média 2006 = 100)";"Importações - setor: máquinas e equipamentos - quantum - índice (média 2006 = 100)";"Não oculta";"Intranet";20;0;0;"Incluida em 15/abrr/2010.";NA;"FUNCEX";"Intranet";"Macro"
"7303";"FUNCEX_MQMAQINFN";NA;NA;"Inativa";"Funcex/Séries CNAE 1.0";"Comércio exterior";"Importações - setor: máquinas para escritório e de informática - quantum - índice (média 2006 = 100)";"Importações - setor: máquinas para escritório e de informática - quantum - índice (média 2006 = 100)";"Não oculta";"Intranet";20;0;0;"Incluida em 15/abrr/2010.";NA;"FUNCEX";"Intranet";"Macro"
"7304";"FUNCEX_MQMAQELETN";NA;NA;"Inativa";"Funcex/Séries CNAE 1.0";"Comércio exterior";"Importações - setor: máquinas, aparelhos e materiais elétricos - quantum - índice (média 2006 = 100)";"Importações - setor: máquinas, aparelhos e materiais elétricos - quantum - índice (média 2006 = 100)";"Não oculta";"Intranet";20;0;0;"Incluida em 15/abrr/2010.";NA;"FUNCEX";"Intranet";"Macro"
"7305";"FUNCEX_MQCOMN";NA;NA;"Inativa";"Funcex/Séries CNAE 1.0";"Comércio exterior";"Importações - setor: material eletrônico e de comunicações - quantum - índice (média 2006 = 100)";"Importações - setor: material eletrônico e de comunicações - quantum - índice (média 2006 = 100)";"Não oculta";"Intranet";20;0;0;"Incluida em 15/abrr/2010.";NA;"FUNCEX";"Intranet";"Macro"
"7306";"FUNCEX_MQHOSPN";NA;NA;"Inativa";"Funcex/Séries CNAE 1.0";"Comércio exterior";"Importações - setor: equipamentos médico-hospitalares - quantum - índice (média 2006 = 100)";"Importações - setor: equipamentos médico-hospitalares, de automação industrial e de precisão - quantum - índice (média 2006 = 100)";"Não oculta";"Intranet";20;0;0;"Incluida em 15/abrr/2010.";NA;"FUNCEX";"Intranet";"Macro"
"7307";"FUNCEX_MQVEICN";NA;NA;"Inativa";"Funcex/Séries CNAE 1.0";"Comércio exterior";"Importações - setor: veículos automotores, reboques,carrocerias - quantum - índice(média 2006 = 100)";"Importações - setor: veículos automotores, reboques e carrocerias - quantum - índice (média 2006 = 100)";"Não oculta";"Intranet";20;0;0;"Incluida em 15/abrr/2010.";NA;"FUNCEX";"Intranet";"Macro"
"7308";"FUNCEX_MQOUTTRANSN";NA;NA;"Inativa";"Funcex/Séries CNAE 1.0";"Comércio exterior";"Importações - setor: outros equipamentos de transporte - quantum - índice (média 2006 = 100)";"Importações - setor: outros equipamentos de transporte - quantum - índice (média 2006 = 100)";"Não oculta";"Intranet";20;0;0;"Incluida em 15/abrr/2010.";NA;"FUNCEX";"Intranet";"Macro"
"7309";"FUNCEX_MQMOVN";NA;NA;"Inativa";"Funcex/Séries CNAE 1.0";"Comércio exterior";"Importações - setor: móveis e indústrias diversas - quantum - índice (média 2006 = 100)";"Importações - setor: móveis e indústrias diversas - quantum - índice (média 2006 = 100)";"Não oculta";"Intranet";20;0;0;"Incluida em 15/abrr/2010.";NA;"FUNCEX";"Intranet";"Macro"
"7310";"FUNCEX_MPAGPN";NA;NA;"Inativa";"Funcex/Séries CNAE 1.0";"Comércio exterior";"Importações - setor: agricultura e pecuária - preços - índice (média 2006 = 100)";"Importações - setor: agricultura e pecuária - preços - índice (média 2006 = 100)";"Não oculta";"Intranet";20;0;0;"Incluida em 15/abrr/2010.";NA;"FUNCEX";"Intranet";"Macro"
"7311";"FUNCEX_MPECARVN";NA;NA;"Inativa";"Funcex/Séries CNAE 1.0";"Comércio exterior";"Importações - setor: extração de carvão mineral - preços - índice (média 2006 = 100)";"Importações - setor: extração de carvão mineral - preços - índice (média 2006 = 100)";"Não oculta";"Intranet";20;0;0;"Incluida em 15/abrr/2010.";NA;"FUNCEX";"Intranet";"Macro"
"7312";"FUNCEX_MPEPETN";NA;NA;"Inativa";"Funcex/Séries CNAE 1.0";"Comércio exterior";"Importações - setor: extração de petróleo - preços - índice (média 2006 = 100)";"Importações - setor: extração de petróleo - preços - índice (média 2006 = 100)";"Não oculta";"Intranet";20;0;0;"Incluida em 15/abrr/2010.";NA;"FUNCEX";"Intranet";"Macro"
"7313";"FUNCEX_MPEMMN";NA;NA;"Inativa";"Funcex/Séries CNAE 1.0";"Comércio exterior";"Importações - setor: extração de minerais metálicos - preços - índice (média 2006 = 100)";"Importações - setor: extração de minerais metálicos - preços - índice (média 2006 = 100)";"Não oculta";"Intranet";20;0;0;"Incluida em 15/abrr/2010.";NA;"FUNCEX";"Intranet";"Macro"
"7314";"FUNCEX_MPEMNMN";NA;NA;"Inativa";"Funcex/Séries CNAE 1.0";"Comércio exterior";"Importações - setor: extração de minerais não-metálicos - preços - índice (média 2006 = 100)";"Importações - setor: extração de minerais não-metálicos - preços - índice (média 2006 = 100)";"Não oculta";"Intranet";20;0;0;"Incluida em 15/abrr/2010.";NA;"FUNCEX";"Intranet";"Macro"
"7315";"FUNCEX_MPALBN";NA;NA;"Inativa";"Funcex/Séries CNAE 1.0";"Comércio exterior";"Importações - setor: produtos alimentícios e bebidas - preços - índice (média 2006 = 100)";"Importações - setor: produtos alimentícios e bebidas - preços - índice (média 2006 = 100)";"Não oculta";"Intranet";20;0;0;"Incluida em 15/abrr/2010.";NA;"FUNCEX";"Intranet";"Macro"
"7316";"FUNCEX_MPTEXTN";NA;NA;"Inativa";"Funcex/Séries CNAE 1.0";"Comércio exterior";"Importações - setor: produtos têxteis - preços - índice (média 2006 = 100)";"Importações - setor: produtos têxteis - preços - índice (média 2006 = 100)";"Não oculta";"Intranet";20;0;0;"Incluida em 15/abrr/2010.";NA;"FUNCEX";"Intranet";"Macro"
"7317";"FUNCEX_MPVESTN";NA;NA;"Inativa";"Funcex/Séries CNAE 1.0";"Comércio exterior";"Importações - setor: confecção de artigos do vestuário -  preços - índice (média 2006 = 100)";"Importações - setor: confecção de artigos do vestuário e acessórios - preços - índice (média 2006 = 100)";"Não oculta";"Intranet";20;0;0;"Incluida em 15/abrr/2010.";NA;"FUNCEX";"Intranet";"Macro"
"7318";"FUNCEX_MPCALN";NA;NA;"Inativa";"Funcex/Séries CNAE 1.0";"Comércio exterior";"Importações - setor: preparação de couros, artefatos e calçados - preços - índice (média 2006 = 100)";"Importações - setor: preparação de couros seus artefatos e calçados - preços - índice (média 2006 = 100)";"Não oculta";"Intranet";20;0;0;"Incluida em 15/abrr/2010.";NA;"FUNCEX";"Intranet";"Macro"
"7319";"FUNCEX_MPMADN";NA;NA;"Inativa";"Funcex/Séries CNAE 1.0";"Comércio exterior";"Importações - setor: produtos de madeira - preços - índice (média 2006 = 100)";"Importações - setor: produtos de madeira - preços - índice (média 2006 = 100)";"Não oculta";"Intranet";20;0;0;"Incluida em 15/abrr/2010.";NA;"FUNCEX";"Intranet";"Macro"
"7320";"FUNCEX_MPPAPN";NA;NA;"Inativa";"Funcex/Séries CNAE 1.0";"Comércio exterior";"Importações - setor: celulose, papel e produtos de papel - preços - índice (média 2006 = 100)";"Importações - setor: celulose, papel e produtos de papel - preços - índice (média 2006 = 100)";"Não oculta";"Intranet";20;0;0;"Incluida em 15/abrr/2010.";NA;"FUNCEX";"Intranet";"Macro"
"7321";"FUNCEX_MPPETCOMBN";NA;NA;"Inativa";"Funcex/Séries CNAE 1.0";"Comércio exterior";"Importações - setor: coque, refino de petróleo e combustíveis - preços - índice (média 2006 = 100)";"Importações - setor: coque, refino de petróleo e combustíveis - preços - índice (média 2006 = 100)";"Não oculta";"Intranet";20;0;0;"Incluida em 15/abrr/2010.";NA;"FUNCEX";"Intranet";"Macro"
"7322";"FUNCEX_MPQUIMN";NA;NA;"Inativa";"Funcex/Séries CNAE 1.0";"Comércio exterior";"Importações - setor: produtos químicos - preços - índice (média 2006 = 100)";"Importações - setor: produtos químicos - preços - índice (média 2006 = 100)";"Não oculta";"Intranet";20;0;0;"Incluida em 15/abrr/2010.";NA;"FUNCEX";"Intranet";"Macro"
"7323";"FUNCEX_MPPLASN";NA;NA;"Inativa";"Funcex/Séries CNAE 1.0";"Comércio exterior";"Importações - setor: artigos de borracha e plástico - preços - índice (média 2006 = 100)";"Importações - setor: artigos de borracha e plástico - preços - índice (média 2006 = 100)";"Não oculta";"Intranet";20;0;0;"Incluida em 15/abrr/2010.";NA;"FUNCEX";"Intranet";"Macro"
"7324";"FUNCEX_MPMNMN";NA;NA;"Inativa";"Funcex/Séries CNAE 1.0";"Comércio exterior";"Importações - setor: produtos de minerais não-metálicos - preços - índice (média 2006 = 100)";"Importações - setor: produtos de minerais não-metálicos - preços - índice (média 2006 = 100)";"Não oculta";"Intranet";20;0;0;"Incluida em 15/abrr/2010.";NA;"FUNCEX";"Intranet";"Macro"
"7325";"FUNCEX_MPMETBASN";NA;NA;"Inativa";"Funcex/Séries CNAE 1.0";"Comércio exterior";"Importações - setor: metalurgia básica - preços - índice (média 2006 = 100)";"Importações - setor: metalurgia básica - preços - índice (média 2006 = 100)";"Não oculta";"Intranet";20;0;0;"Incluida em 15/abrr/2010.";NA;"FUNCEX";"Intranet";"Macro"
"7326";"FUNCEX_MPMETN";NA;NA;"Inativa";"Funcex/Séries CNAE 1.0";"Comércio exterior";"Importações - setor: produtos de metal - preços - índice (média 2006 = 100)";"Importações - setor: produtos de metal - preços - índice (média 2006 = 100)";"Não oculta";"Intranet";20;0;0;"Incluida em 15/abrr/2010.";NA;"FUNCEX";"Intranet";"Macro"
"7327";"FUNCEX_MPMAQEQUN";NA;NA;"Inativa";"Funcex/Séries CNAE 1.0";"Comércio exterior";"Importações - setor: máquinas e equipamentos - preços - índice (média 2006 = 100)";"Importações - setor: máquinas e equipamentos - preços - índice (média 2006 = 100)";"Não oculta";"Intranet";20;0;0;"Incluida em 15/abrr/2010.";NA;"FUNCEX";"Intranet";"Macro"
"7328";"FUNCEX_MPMAQINFN";NA;NA;"Inativa";"Funcex/Séries CNAE 1.0";"Comércio exterior";"Importações - setor: máquinas para escritório e de informática - preços - índice (média 2006 = 100)";"Importações - setor: máquinas para escritório e de informática - preços - índice (média 2006 = 100)";"Não oculta";"Intranet";20;0;0;"Incluida em 15/abrr/2010.";NA;"FUNCEX";"Intranet";"Macro"
"7329";"FUNCEX_MPMAQELETN";NA;NA;"Inativa";"Funcex/Séries CNAE 1.0";"Comércio exterior";"Importações - setor: máquinas, aparelhos e materiais elétricos - preços - índice (média 2006 = 100)";"Importações - setor: máquinas, aparelhos e materiais elétricos - preços - índice (média 2006 = 100)";"Não oculta";"Intranet";20;0;0;"Incluida em 15/abrr/2010.";NA;"FUNCEX";"Intranet";"Macro"
"7330";"FUNCEX_MPCOMN";NA;NA;"Inativa";"Funcex/Séries CNAE 1.0";"Comércio exterior";"Importações - setor: material eletrônico e de comunicações - preços - índice (média 2006 = 100)";"Importações - setor: material eletrônico e de comunicações - preços - índice (média 2006 = 100)";"Não oculta";"Intranet";20;0;0;"Incluida em 15/abrr/2010.";NA;"FUNCEX";"Intranet";"Macro"
"7331";"FUNCEX_MPHOSPN";NA;NA;"Inativa";"Funcex/Séries CNAE 1.0";"Comércio exterior";"Importações - setor: equipamentos médico-hospitalares - preços - índice (média 2006 = 100)";"Importações - setor: equipamentos médico-hospitalares, de automação industrial e de precisão - preços - índice (média 2006 = 100)";"Não oculta";"Intranet";20;0;0;"Incluida em 15/abrr/2010.";NA;"FUNCEX";"Intranet";"Macro"
"7332";"FUNCEX_MPVEICN";NA;NA;"Inativa";"Funcex/Séries CNAE 1.0";"Comércio exterior";"Importações - setor: veículos automotores, reboques, carrocerias - preços - índice(média 2006 = 100)";"Importações - setor: veículos automotores, reboques e carrocerias - preços - índice (média 2006 = 100)";"Não oculta";"Intranet";20;0;0;"Incluida em 15/abrr/2010.";NA;"FUNCEX";"Intranet";"Macro"
"7333";"FUNCEX_MPOUTTRANSN";NA;NA;"Inativa";"Funcex/Séries CNAE 1.0";"Comércio exterior";"Importações - setor: outros equipamentos de transporte - preços - índice (média 2006 = 100)";"Importações - setor: outros equipamentos de transporte - preços - índice (média 2006 = 100)";"Não oculta";"Intranet";20;0;0;"Incluida em 15/abrr/2010.";NA;"FUNCEX";"Intranet";"Macro"
"7334";"FUNCEX_MPMOVN";NA;NA;"Inativa";"Funcex/Séries CNAE 1.0";"Comércio exterior";"Importações - setor: móveis e indústrias diversas - preços - índice (média 2006 = 100)";"Importações - setor: móveis e indústrias diversas - preços - índice (média 2006 = 100)";"Não oculta";"Intranet";20;0;0;"Incluida em 15/abrr/2010.";NA;"FUNCEX";"Intranet";"Macro"
"7335";"CNI4_INEC4";NA;NA;"Inativa";"CNI";"Percepção e expectativa";"Expectativa do consumidor (INEC) - índice (média 2001 = 100)";"Índice nacional de expectativa do consumidor (INEC): índice (média 2001 = 100)";"Não oculta";"Internet";0;0;0;"Incluída em 18/jul/2003 .";NA;"CNI4";"Internet";"Macro"
"7336";"CNI4_INECCOMP4";NA;NA;"Inativa";"CNI";"Percepção e expectativa";"Expectativa do consumidor (INEC) - compras de bens de maior valor - índice (média 2001 = 100)";"Índice nacional de expectativa do consumidor (INEC): compras de bens de maior valor - índice (média 2001 = 100)";"Não oculta";"Internet";0;0;0;"Incluída em 27/jul/2009 .";NA;"CNI4";"Internet";"Macro"
"7337";"CNI4_INECDESP4";NA;NA;"Inativa";"CNI";"Percepção e expectativa";"Expectativa do consumidor (INEC) - expectativa de desemprego - índice (média 2001 = 100)";"Índice nacional de expectativa do consumidor (INEC): expectativa de desemprego - índice (média 2001 = 100)";"Não oculta";"Internet";0;0;0;"Incluída em 27/jul/2009 .";NA;"CNI4";"Internet";"Macro"
"7338";"CNI4_INECEXP4";NA;NA;"Inativa";"CNI";"Percepção e expectativa";"Expectativa do consumidor (INEC) - expectativa de renda pessoal - índice (média 2001 = 100)";"Índice nacional de expectativa do consumidor (INEC): expectativa de renda pessoal - índice (média 2001 = 100)";"Não oculta";"Internet";0;0;0;"Incluída em 18/jul/2003 .";NA;"CNI4";"Internet";"Macro"
"7339";"CNI4_INECINF4";NA;NA;"Inativa";"CNI";"Percepção e expectativa";"Expectativa do consumidor (INEC) - expectativa de inflação - índice (média 2001 = 100)";"Índice nacional de expectativa do consumidor (INEC): expectativa de inflação - índice (média 2001 = 100)";"Não oculta";"Internet";0;0;0;"Incluída em 27/jul/2009 .";NA;"CNI4";"Internet";"Macro"
"7340";"CNI4_INECINT4";NA;NA;"Inativa";"CNI";"Percepção e expectativa";"Expectativa do consumidor (INEC) - expectativa de situação financeira - índice (média 2001 = 100)";"Índice nacional de expectativa do consumidor (INEC): expectativa de situação financeira - índice (média 2001 = 100)";"Não oculta";"Internet";0;0;0;"Incluída em 18/jul/2003 .";NA;"CNI4";"Internet";"Macro"
"7341";"CNI4_INECPER4";NA;NA;"Inativa";"CNI";"Percepção e expectativa";"Expectativa do consumidor (INEC) - endividamento - índice (média 2001 = 100)";"Índice nacional de expectativa do consumidor (INEC): endividamento - índice (média 2001 = 100)";"Não oculta";"Internet";0;0;0;"Incluída em 18/jul/2003 .";NA;"CNI4";"Internet";"Macro"
"7342";"GAMMA12_IGPCMTB12";NA;NA;"Inativa";"Outras fontes";"Preços";"IGPC-Mtb - Índice Geral de Preços ao Consumidor - índice (jan. 1967 = 100)";"IGPC-Mtb - Índice Geral de Preços ao Consumidor - índice (jan. 1967 = 100)";"Não oculta";"Internet";10;0;1;"Incluída em 19/abr/2010.";NA;"GAMMA12";"Internet";"Macro"
"7343";"GAMMA12_IGPCMTBG12";NA;NA;"Inativa";"Outras fontes";"Preços";"Inflação - Índice Geral de Preços ao Consumidor - IGPC-Mtb";"Inflação - Índice Geral de Preços ao Consumidor - IGPC-Mtb";"Não oculta";"Internet";10;0;1;"Incluída em 19/abr/2010.";NA;"GAMMA12";"Internet";"Macro"
"7344";"HIST_MTVNFOB";NA;NA;"Inativa";"Outras fontes";"Comércio exterior";"Importações - (FOB)";"Importações - (FOB)";"Não oculta";"Internet";90;0;1;"Incluída em 10/maio/2010.";NA;"HIST";"Internet";"Macro"
"7345";"HIST_MTVNFRETE";NA;NA;"Inativa";"Outras fontes";"Comércio exterior";"Importações - frete e demais despesas de transporte";"Importações - frete e demais despesas de transporte";"Não oculta";"Internet";90;0;1;"Incluída em 10/maio/2010.";NA;"HIST";"Internet";"Macro"
"7346";"ANAC_AKODOM";NA;NA;"Inativa";"Anac";"Transporte";"Transporte aéreo - assentos-quilômetros oferecidos - voos domésticos";"Assentos-quilômetros oferecidos em voos regulares domésticos";"Não oculta";"Internet";360;0;0;"Incluída em 12/mai/2010";NA;"ANAC";"Internet";"Macro"
"7347";"ANAC_AKOINT";NA;NA;"Inativa";"Anac";"Transporte";"Transporte aéreo - assentos-quilômetros oferecidos - voos internacionais";"Assentos-quilômetros oferecidos em voos regulares internacionais";"Não oculta";"Internet";360;0;0;"Incluída em 12/mai/2010";NA;"ANAC";"Internet";"Macro"
"7348";"ANAC_AKU";NA;NA;"Inativa";"Anac";"Transporte";"Transporte aéreo - assentos-quilômetros utilizados";"Assentos-quilômetros utilizados em voos regulares domésticos e internacionais";"Não oculta";"Internet";360;0;0;"Incluída em 12/mai/2010";NA;"ANAC";"Internet";"Macro"
"7349";"ANAC_AKUDOM";NA;NA;"Inativa";"Anac";"Transporte";"Transporte aéreo - assentos-quilômetros utilizados - voos domésticos";"Assentos-quilômetros utilizados em voos regulares domésticos";"Não oculta";"Internet";360;0;0;"Incluída em 12/mai/2010";NA;"ANAC";"Internet";"Macro"
"7350";"ANAC_AKUINT";NA;NA;"Inativa";"Anac";"Transporte";"Transporte aéreo - assentos-quilômetros utilizados - voos internacionais";"Assentos-quilômetros utilizados em voos regulares internacionais";"Não oculta";"Internet";360;0;0;"Incluída em 12/mai/2010";NA;"ANAC";"Internet";"Macro"
"7351";"ANAC_AKUPAG";NA;NA;"Inativa";"Anac";"Transporte";"Transporte aéreo - assentos-quilômetros utilizados pagos";"Assentos-quilômetros utilizados pagos em voos regulares domésticos e internacionais";"Não oculta";"Internet";360;0;0;"Incluída em 12/mai/2010";NA;"ANAC";"Internet";"Macro"
"7352";"ANAC_BAG";NA;NA;"Inativa";"Anac";"Transporte";"Transporte aéreo - bagagem transportada";"Toneladas-quilômetros de bagagem transportada em voos regulares domésticos e internacionais";"Não oculta";"Internet";360;0;0;"Incluída em 12/mai/2010";NA;"ANAC";"Internet";"Macro"
"7353";"ANAC_CARG";NA;NA;"Inativa";"Anac";"Transporte";"Transporte aéreo - carga transportada";"Toneladas-quilômetros de carga transportada em voos regulares domésticos e internacionais";"Não oculta";"Internet";360;0;0;"Incluída em 12/mai/2010";NA;"ANAC";"Internet";"Macro"
"7354";"ANAC_CARGDOM";NA;NA;"Inativa";"Anac";"Transporte";"Transporte aéreo - carga transportada - voos domésticos";"Toneladas-quilômetros de carga transportada em voos regulares domésticos";"Não oculta";"Internet";360;0;0;"Incluída em 12/mai/2010";NA;"ANAC";"Internet";"Macro"
"7355";"ANAC_CARGINT";NA;NA;"Inativa";"Anac";"Transporte";"Transporte aéreo - carga transportada - voos internacionais";"Toneladas-quilômetros de carga transportada em voos regulares internacionais";"Não oculta";"Internet";360;0;0;"Incluída em 12/mai/2010";NA;"ANAC";"Internet";"Macro"
"7356";"ANAC_CORR";NA;NA;"Inativa";"Anac";"Transporte";"Transporte aéreo - correio transportado";"Toneladas-quilômetros de correspondência transportada em voos regulares domésticos e internacionais";"Não oculta";"Internet";360;0;0;"Incluída em 12/mai/2010";NA;"ANAC";"Internet";"Macro"
"7357";"ANAC_ER";NA;NA;"Inativa";"Anac";"Transporte";"Transporte aéreo - etapas realizadas - qde.";"Etapas realizadas em voos regulares domésticos e internacionais";"Não oculta";"Internet";360;0;0;"Incluída em 12/mai/2010";NA;"ANAC";"Internet";"Macro"
"7358";"ANAC_ERDOM";NA;NA;"Inativa";"Anac";"Transporte";"Transporte aéreo - etapas realizadas - voos domésticos - qde.";"Etapas realizadas em voos regulares domésticos";"Não oculta";"Internet";360;0;0;"Incluída em 12/mai/2010";NA;"ANAC";"Internet";"Macro"
"7359";"ANAC_ERINT";NA;NA;"Inativa";"Anac";"Transporte";"Transporte aéreo - etapas realizadas - voos internacionais - qde.";"Etapas realizadas em voos regulares internacionais";"Não oculta";"Internet";360;0;0;"Incluída em 12/mai/2010";NA;"ANAC";"Internet";"Macro"
"7360";"ANAC_HV";NA;NA;"Inativa";"Anac";"Transporte";"Transporte aéreo - horas voadas";"Horas voadas em voos regulares domésticos e internacionais";"Não oculta";"Internet";360;0;0;"Incluída em 12/mai/2010";NA;"ANAC";"Internet";"Macro"
"7361";"ANAC_HVDOM";NA;NA;"Inativa";"Anac";"Transporte";"Transporte aéreo - horas voadas - voos domésticos";"Horas voadas em voos regulares domésticos";"Não oculta";"Internet";360;0;0;"Incluída em 12/mai/2010";NA;"ANAC";"Internet";"Macro"
"7362";"ANAC_HVINT";NA;NA;"Inativa";"Anac";"Transporte";"Transporte aéreo - horas voadas - voos internacionais";"Horas voadas em voos regulares internacionais";"Não oculta";"Internet";360;0;0;"Incluída em 12/mai/2010";NA;"ANAC";"Internet";"Macro"
"7363";"ANAC_PAXPAG";NA;NA;"Inativa";"Anac";"Transporte";"Transporte aéreo - passageiros embarcados pagos";"Número de passageiros pagantes em voos regulares domésticos e internacionais";"Oculta";"Internet";730;0;0;"Incluída em 12/mai/2010";NA;"ANAC";"Oculta";"Macro"
"7364";"ANAC_KV";NA;NA;"Inativa";"Anac";"Transporte";"Transporte aéreo - quilômetros voados";"Quilometros percorridos em voos regulares domésticos e internacionais";"Não oculta";"Internet";360;0;0;"Incluída em 12/mai/2011";NA;"ANAC";"Internet";"Macro"
"7365";"ANAC_KVDOM";NA;NA;"Inativa";"Anac";"Transporte";"Transporte aéreo - quilômetros voados - voos domésticos";"Quilometros percorridos em voos regulares domésticos";"Não oculta";"Internet";360;0;0;"Incluída em 12/mai/2012";NA;"ANAC";"Internet";"Macro"
"7366";"ANAC_KVINT";NA;NA;"Inativa";"Anac";"Transporte";"Transporte aéreo - quilômetros voados - voos internacionais";"Quilometros percorridos em voos regulares internacionais";"Não oculta";"Internet";360;0;0;"Incluída em 12/mai/2013";NA;"ANAC";"Internet";"Macro"
"7367";"AETT_GASDUTOCARG";NA;NA;"Inativa";"ANTT/AETT";"Transporte";"Transporte dutoviário - cargas transportadas por gasoduto - qde.";"Cargas transportadas por gasodutos, em milhares toneladas";"Não oculta";"Internet";730;0;0;"incluída em 27/mai/2010";NA;"AETT";"Internet";"Macro"
"7368";"AETT_OLEDUTOCARG";NA;NA;"Inativa";"ANTT/AETT";"Transporte";"Transporte dutoviário - cargas transportadas por oleoduto - qde.";"Cargas transportadas por oleodutos, em milhares toneladas";"Não oculta";"Internet";730;0;0;"incluída em 27/mai/2010";NA;"AETT";"Internet";"Macro"
"7369";"AETT_MINDUTOCARG";NA;NA;"Inativa";"ANTT/AETT";"Transporte";"Transporte dutoviário - cargas transportadas por mineroduto - qde.";"Cargas transportadas por minerodutos, em milhares toneladas";"Não oculta";"Internet";1095;0;0;"incluída em 27/mai/2010";NA;"AETT";"Internet";"Macro"
"7370";"AETT_RODPAVEXTE";NA;NA;"Inativa";"ANTT/AETT";"Transporte";"Transporte rodoviário - extensão das rodovias pavimentadas";"Extensão, em quilômetros, das rodovias federais, estaduais e municipais pavimentadas";"Não oculta";"Internet";730;0;0;"Incluída em 27/mai/2010";NA;"AETT";"Internet";"Macro"
"7371";"AETT_RODNPAVEXTE";NA;NA;"Inativa";"ANTT/AETT";"Transporte";"Transporte rodoviário - extensão das rodovias não-pavimentadas";"Extensão, em quilômetros, das rodovias federais, estaduais e municipais não-pavimentadas";"Não oculta";"Internet";730;0;0;"Incluída em 27/mai/2010";NA;"AETT";"Internet";"Macro"
"7372";"AETT_RODEXTE";NA;NA;"Inativa";"ANTT/AETT";"Transporte";"Transporte rodoviário - extensão das rodovias";"Extensão, em quilômetros, das rodovias federais, estaduais e municipais pavimentadas e não-pavimentadas";"Não oculta";"Internet";730;0;0;"Incluída em 27/mai/2010";NA;"AETT";"Internet";"Macro"
"7373";"ANATEL_SERVMOV";NA;NA;"Ativa";"Anatel";"Produção";"Telefone - acessos móveis em serviço";"Número de acessos telefônicos móveis em serviço";"Não oculta";"Internet";360;0;0;"Incluída em 31/mai/2010";NA;"ANATEL";"Internet";"Macro"
"7374";"ANATEL_SERVMOVFIX";NA;NA;"Ativa";"Anatel";"Produção";"Telefone - acessos móveis e fixos em serviço";"Número de acessos telefônicos móveis e fixos em serviço";"Não oculta";"Internet";360;0;0;"Incluída em 31/mai/2010";NA;"ANATEL";"Internet";"Macro"
"7375";"ANATEL_APARELHO";NA;NA;"Inativa";"Outras fontes";"Produção";"Telefone - aparelhos instalados";"Número de aparelhos telefônicos fixos instalados";"Não oculta";"Internet";45;0;1;"Incluída em 31/mai/2010";NA;"ANATEL";"Internet";"Macro"
"7376";"AETT_RODVEICAUT";NA;NA;"Inativa";"ANTT/AETT";"Transporte";"Transporte rodoviário - frota nacional de veículos automotores - qde.";"Frota nacional de veículos automotores";"Não oculta";"Internet";730;0;1;"Incluída em 01/Junho/2010";NA;"AETT";"Internet";"Macro"
"7377";"AETT_RODAUTOMOV";NA;NA;"Inativa";"ANTT/AETT";"Transporte";"Transporte rodoviário - frota nacional de automóveis - qde.";"Frota nacional de automóveis";"Não oculta";"Internet";730;0;1;"Incluída em 01/Junho/2011";NA;"AETT";"Internet";"Macro"
"7378";"AETT_RODCAMINH";NA;NA;"Inativa";"ANTT/AETT";"Transporte";"Transporte rodoviário - frota nacional de caminhões - qde.";"Frota nacional de caminhões";"Não oculta";"Internet";730;0;1;"Incluída em 01/Junho/2012";NA;"AETT";"Internet";"Macro"
"7379";"AETT_RODONIBUS";NA;NA;"Inativa";"ANTT/AETT";"Transporte";"Transporte rodoviário - frota nacional de ônibus - qde.";"Frota nacional de ônibus";"Não oculta";"Internet";730;0;1;"Incluída em 01/Junho/2013";NA;"AETT";"Internet";"Macro"
"7380";"AETT_RODOUTROS";NA;NA;"Inativa";"ANTT/AETT";"Transporte";"Transporte rodoviário - frota nacional - outros - qde.";"Frota nacional - outros";"Não oculta";"Internet";730;0;1;"Incluída em 01/Junho/2014";NA;"AETT";"Internet";"Macro"
"7381";"AETT_RODMOTOS";NA;NA;"Inativa";"ANTT/AETT";"Transporte";"Transporte rodoviário - frota nacional de motos - qde.";"Frota nacional de motos";"Não oculta";"Internet";730;0;0;"Incluída em 01/Junho/2015";NA;"AETT";"Internet";"Macro"
"7382";"AETT_RODCOLONIB";NA;NA;"Inativa";"ANTT/AETT";"Transporte";"Transporte rodoviário - coletivo - ônibus utilizados - qde.";"Quantidade de ônibus utilizados no transporte coletivo interestadual e internacional de passageiros";"Não oculta";"Internet";730;0;0;"Incluída em 07/jun/2010";NA;"AETT";"Internet";"Macro"
"7383";"AETT_RODCOLPAX";NA;NA;"Inativa";"ANTT/AETT";"Transporte";"Transporte rodoviário - coletivo - passageiros transportados - qde.";"Número de passageiros no transporte rodoviário coletivo interestadual e internacional";"Não oculta";"Internet";730;0;0;"Incluída em 07/jun/2010";NA;"AETT";"Internet";"Macro"
"7384";"AETT_RODCOLPK";NA;NA;"Inativa";"ANTT/AETT";"Transporte";"Transporte rodoviário - coletivo - passageiros-quilômetros transportados - qde.";"Quantidade de passageiros x quilometros transportados no transporte coletivo interestadual e internacional";"Não oculta";"Internet";730;0;0;"Incluída em 07/jun/2010";NA;"AETT";"Internet";"Macro"
"7385";"AETT_RODCOLVR";NA;NA;"Inativa";"ANTT/AETT";"Transporte";"Transporte rodoviário - coletivo - viagens realizadas - qde.";"Quantidade de  viagens realizadas no transporte coletivo interestadual e internacional de passageiros";"Não oculta";"Internet";730;0;0;"Incluída em 07/jun/2010";NA;"AETT";"Internet";"Macro"
"7386";"AETT_RODCOLD";NA;NA;"Inativa";"ANTT/AETT";"Transporte";"Transporte rodoviário - coletivo - distância percorrida";"Distância percorrida pela frota no transporte coletivo interestadual e internacional de passageiros";"Não oculta";"Internet";730;0;0;"Incluída em 07/jun/2010";NA;"AETT";"Internet";"Macro"
"7387";"AETT_RODFRETEMP";NA;NA;"Inativa";"ANTT/AETT";"Transporte";"Transporte rodoviário - empresas habilitadas por tipo de fretamento - qde.";"Quantidade de empresas habilitadas no transporte autorizado de passageiros por fretamentos eventual e turístico";"Não oculta";"Internet";730;0;0;"Incluída em 07/jun/2010";NA;"AETT";"Internet";"Macro"
"7388";"AETT_RODAMO";NA;NA;"Inativa";"ANTT/AETT";"Transporte";"Transporte rodoviário - número médio de assentos por ônibus - qde.";"Quantidade do número médio de assentos por ônibus";"Não oculta";"Internet";730;0;0;"Incluída em 07/jun/2010";NA;"AETT";"Internet";"Macro"
"7389";"ANFAVE_MQVEICL";NA;NA;"Ativa";"Anfavea";"Comércio exterior";"Importações - automóveis - montados - qde.";"Importações - automóveis - montados - qde.";"Não oculta";"Intranet";360;0;1;"Incluída em 09/jun/2010.";NA;"ANFAVE";"Intranet";"Macro"
"7390";"HIST_TELEGRAFO";NA;NA;"Inativa";"Outras fontes";"Produção";"Produção - telegramas expedidos - qde.";"Telegramas emitidos";"Não oculta";"Internet";360;0;1;"Incluída em 09/jun/2010";NA;"HIST";"Internet";"Macro"
"7391";"ARROZ";NA;NA;"Ativa";"OUTFONTE";"Preços";"Preço médio - arroz - arroba";"Preço médio - arroz - arroba";"Não oculta";"Internet";NA;0;NA;NA;NA;"ARROZ";"Internet";"Regional"
"7392";"BACALHAU";NA;NA;"Ativa";"OUTFONTE";"Preços";"Preço médio - bacalhau - arroba";"Preço médio - bacalhau - arroba";"Não oculta";"Internet";NA;0;NA;NA;NA;"BACALHAU";"Internet";"Regional"
"7393";"BANHA";NA;NA;"Ativa";"OUTFONTE";"Preços";"Preço médio - banha - libra";"Preço médio - banha - libra";"Não oculta";"Internet";NA;0;NA;NA;NA;"BANHA";"Internet";"Regional"
"7394";"CARNE_BOI";NA;NA;"Ativa";"OUTFONTE";"Preços";"Preço médio - carne de boi - arroba";"Preço médio - carne de boi - arroba";"Não oculta";"Internet";NA;0;NA;NA;NA;"CARNE";"Internet";"Regional"
"7395";"CASTANHA_PARA";NA;NA;"Ativa";"OUTFONTE";"Preços";"Preço médio - castanha do pará - kilo";"Preço médio - castanha do pará - kilo";"Não oculta";"Internet";NA;0;NA;NA;NA;"CASTANHA";"Internet";"Regional"
"7396";"COURO_SAL";NA;NA;"Ativa";"OUTFONTE";"Preços";"Preço médio - couro salgado - arroba";"Preço médio - couro salgado - arroba";"Não oculta";"Internet";NA;0;NA;NA;NA;"COURO";"Internet";"Regional"
"7397";"COURO_SECO";NA;NA;"Ativa";"OUTFONTE";"Preços";"Preço médio - couro seco - arroba";"Preço médio - couro seco - arroba";"Não oculta";"Internet";NA;0;NA;NA;NA;"COURO";"Internet";"Regional"
"7398";"CRAVO_FINO";NA;NA;"Ativa";"OUTFONTE";"Preços";"Preço médio - cravo fino - arroba";"Preço médio - cravo fino - arroba";"Não oculta";"Internet";NA;0;NA;NA;NA;"CRAVO";"Internet";"Regional"
"7399";"CRAVO_GROSSO";NA;NA;"Ativa";"OUTFONTE";"Preços";"Preço médio - cravo grosso - arroba";"Preço médio - cravo grosso - arroba";"Não oculta";"Internet";NA;0;NA;NA;NA;"CRAVO";"Internet";"Regional"
"7400";"MATE_FOLHA";NA;NA;"Ativa";"OUTFONTE";"Preços";"Preço médio - mate em folha - libra";"Preço médio - mate em folha - libra";"Não oculta";"Internet";NA;0;NA;NA;NA;"MATE";"Internet";"Regional"
"7401";"MEIO_SOLA";NA;NA;"Ativa";"OUTFONTE";"Preços";"Preço médio - meio de sola - um";"Preço médio - meio de sola - um";"Não oculta";"Internet";NA;0;NA;NA;NA;"MEIO";"Internet";"Regional"
"7402";"OLEO_BALEIA";NA;NA;"Ativa";"OUTFONTE";"Preços";"Preço médio - óleo de baleia - litro";"Preço médio - óleo de baleia - litro";"Não oculta";"Internet";NA;0;NA;NA;NA;"OLEO";"Internet";"Regional"
"7403";"OLEO_RICINO";NA;NA;"Ativa";"OUTFONTE";"Preços";"Preço médio - óleo de rícino - litro";"Preço médio - óleo de rícino - litro";"Não oculta";"Internet";NA;0;NA;NA;NA;"OLEO";"Internet";"Regional"
"7404";"PIMENTA";NA;NA;"Ativa";"OUTFONTE";"Preços";"Preço médio - pimenta - libra";"Preço médio - pimenta - libra";"Não oculta";"Internet";NA;0;NA;NA;NA;"PIMENTA";"Internet";"Regional"
"7405";"SALSAPARRILHA";NA;NA;"Ativa";"OUTFONTE";"Preços";"Preço médio - salsaparrilha - arroba";"Preço médio - salsaparrilha - arroba";"Não oculta";"Internet";NA;0;NA;NA;NA;"SALSAPARRILHA";"Internet";"Regional"
"7406";"VAQUETA";NA;NA;"Ativa";"OUTFONTE";"Preços";"Preço médio - vaqueta - um";"Preço médio - vaqueta - um";"Não oculta";"Internet";NA;0;NA;NA;NA;"VAQUETA";"Internet";"Regional"
"7407";"SECEX12_XTOARA12";NA;NA;"Inativa";"MDIC/SECEX";"Comércio exterior";"Exportações (FOB) - destino: Arábia Saudita";"Exportações (FOB) - destino: Arábia Saudita";"Oculta";"Intranet";40;0;0;"Inlcuída em 09/jul/2010.";"Geradora";"SECEX12";"Oculta";"Macro"
"7408";"SECEX12_XTOCHI12";NA;NA;"Inativa";"MDIC/SECEX";"Comércio exterior";"Exportações (FOB) - destino: Chile";"Exportações (FOB) - destino: Chile";"Oculta";"Intranet";40;0;0;"Inlcuída em 09/jul/2010.";"Geradora";"SECEX12";"Oculta";"Macro"
"7409";"SECEX12_XTOCHN12";NA;NA;"Inativa";"MDIC/SECEX";"Comércio exterior";"Exportações (FOB) - destino: China";"Exportações (FOB) - destino: China";"Oculta";"Intranet";40;0;0;"Inlcuída em 09/jul/2010.";"Geradora";"SECEX12";"Oculta";"Macro"
"7410";"SECEX12_XTOCOL12";NA;NA;"Inativa";"MDIC/SECEX";"Comércio exterior";"Exportações (FOB) - destino: Colômbia";"Exportações (FOB) - destino: Colômbia";"Oculta";"Intranet";40;0;0;"Inlcuída em 09/jul/2010.";"Geradora";"SECEX12";"Oculta";"Macro"
"7411";"SECEX12_XTOCOR12";NA;NA;"Inativa";"MDIC/SECEX";"Comércio exterior";"Exportações (FOB) - destino: Coreia do Sul";"Exportações (FOB) - destino: Coreia do Sul";"Oculta";"Intranet";40;0;0;"Inlcuída em 09/jul/2010.";"Geradora";"SECEX12";"Oculta";"Macro"
"7412";"SECEX12_XTOHON12";NA;NA;"Inativa";"MDIC/SECEX";"Comércio exterior";"Exportações (FOB) - destino: Hong Kong";"Exportações (FOB) - destino: Hong Kong";"Oculta";"Intranet";40;0;0;"Inlcuída em 09/jul/2010.";"Geradora";"SECEX12";"Oculta";"Macro"
"7413";"SECEX12_XTOIND12";NA;NA;"Inativa";"MDIC/SECEX";"Comércio exterior";"Exportações (FOB) - destino: Índia";"Exportações (FOB) - destino: Índia";"Oculta";"Intranet";40;0;0;"Inlcuída em 09/jul/2010.";"Geradora";"SECEX12";"Oculta";"Macro"
"7414";"SECEX12_XTOMEX12";NA;NA;"Inativa";"MDIC/SECEX";"Comércio exterior";"Exportações (FOB) - destino: México";"Exportações (FOB) - destino: México";"Oculta";"Intranet";40;0;0;"Inlcuída em 09/jul/2010.";"Geradora";"SECEX12";"Oculta";"Macro"
"7415";"SECEX12_XTOPER12";NA;NA;"Inativa";"MDIC/SECEX";"Comércio exterior";"Exportações (FOB) - destino: Peru";"Exportações (FOB) - destino: Peru";"Oculta";"Intranet";40;0;0;"Inlcuída em 09/jul/2010.";"Geradora";"SECEX12";"Oculta";"Macro"
"7416";"SECEX12_XTOPOR12";NA;NA;"Inativa";"MDIC/SECEX";"Comércio exterior";"Exportações (FOB) - destino: Portugal";"Exportações (FOB) - destino: Portugal";"Oculta";"Intranet";40;0;0;"Inlcuída em 09/jul/2010.";"Geradora";"SECEX12";"Oculta";"Macro"
"7417";"SECEX12_XTORUS12";NA;NA;"Inativa";"MDIC/SECEX";"Comércio exterior";"Exportações (FOB) - destino: Rússia";"Exportações (FOB) - destino: Rússia";"Oculta";"Intranet";40;0;0;"Inlcuída em 09/jul/2010.";"Geradora";"SECEX12";"Oculta";"Macro"
"7418";"SECEX12_XTOSLU12";NA;NA;"Inativa";"MDIC/SECEX";"Comércio exterior";"Exportações (FOB) - destino: Santa Lúcia";"Exportações (FOB) - destino: Santa Lúcia";"Oculta";"Intranet";40;0;0;"Inlcuída em 09/jul/2010.";"Geradora";"SECEX12";"Oculta";"Macro"
"7419";"SECEX12_XTOVEN12";NA;NA;"Inativa";"MDIC/SECEX";"Comércio exterior";"Exportações (FOB) - destino: Venezuela";"Exportações (FOB) - destino: Venezuela";"Oculta";"Intranet";40;0;0;"Inlcuída em 09/jul/2010.";"Geradora";"SECEX12";"Oculta";"Macro"
"7420";"SECEX12_MTOALE12";NA;NA;"Inativa";"MDIC/SECEX";"Comércio exterior";"Importações (FOB) - origem: Alemanha";"Importações (FOB) - origem: Alemanha";"Oculta";"Intranet";40;0;0;NA;"Geradora";"SECEX12";"Oculta";"Macro"
"7421";"SECEX12_MTOARA12";NA;NA;"Inativa";"MDIC/SECEX";"Comércio exterior";"Importações (FOB) - origem: Arábia Saudita";"Importações (FOB) - origem: Arábia Saudita";"Oculta";"Intranet";40;0;0;"Inlcuída em 09/jul/2010.";"Geradora";"SECEX12";"Oculta";"Macro"
"7422";"SECEX12_MTOARG12";NA;NA;"Inativa";"MDIC/SECEX";"Comércio exterior";"Importações (FOB) - origem: Argentina";"Importações (FOB) - origem: Argentina";"Oculta";"Intranet";40;0;0;NA;"Geradora";"SECEX12";"Oculta";"Macro"
"7423";"SECEX12_MTOAUS12";NA;NA;"Inativa";"MDIC/SECEX";"Comércio exterior";"Importações (FOB) - origem: Áustria";"Importações (FOB) - origem: Áustria";"Oculta";"Intranet";40;0;0;"Inlcuída em 20/jul/2010.";"Geradora";"SECEX12";"Oculta";"Macro"
"7424";"SECEX12_MTOBEL12";NA;NA;"Inativa";"MDIC/SECEX";"Comércio exterior";"Importações (FOB) - origem: Bélgica";"Importações (FOB) - origem: Bélgica";"Oculta";"Intranet";40;0;0;NA;"Geradora";"SECEX12";"Oculta";"Macro"
"7425";"SECEX12_MTOBOL12";NA;NA;"Inativa";"MDIC/SECEX";"Comércio exterior";"Importações (FOB) - origem: Bolívia";"Importações (FOB) - origem: Bolívia";"Oculta";"Intranet";40;0;0;"Inlcuída em 20/jul/2010.";"Geradora";"SECEX12";"Oculta";"Macro"
"7426";"SECEX12_MTOCAN12";NA;NA;"Inativa";"MDIC/SECEX";"Comércio exterior";"Importações (FOB) - origem: Canadá";"Importações (FOB) - origem: Canadá";"Oculta";"Intranet";40;0;0;NA;"Geradora";"SECEX12";"Oculta";"Macro"
"7427";"SECEX12_MTOCHI12";NA;NA;"Inativa";"MDIC/SECEX";"Comércio exterior";"Importações (FOB) - origem: Chile";"Importações (FOB) - origem: Chile";"Oculta";"Intranet";40;0;0;"Inlcuída em 09/jul/2010.";"Geradora";"SECEX12";"Oculta";"Macro"
"7428";"SECEX12_MTOCHN12";NA;NA;"Inativa";"MDIC/SECEX";"Comércio exterior";"Importações (FOB) - origem: China";"Importações (FOB) - origem: China";"Oculta";"Intranet";40;0;0;"Inlcuída em 09/jul/2010.";"Geradora";"SECEX12";"Oculta";"Macro"
"7429";"SECEX12_MTOCHP12";NA;NA;"Inativa";"MDIC/SECEX";"Comércio exterior";"Importações (FOB) - origem: Chipre";"Importações (FOB) - origem: Chipre";"Oculta";"Intranet";40;0;0;"Inlcuída em 20/jul/2010.";"Geradora";"SECEX12";"Oculta";"Macro"
"7430";"SECEX12_MTOCOL12";NA;NA;"Inativa";"MDIC/SECEX";"Comércio exterior";"Importações (FOB) - origem: Colômbia";"Importações (FOB) - origem: Colômbia";"Oculta";"Intranet";40;0;0;"Inlcuída em 09/jul/2010.";"Geradora";"SECEX12";"Oculta";"Macro"
"7431";"SECEX12_MTOCOR12";NA;NA;"Inativa";"MDIC/SECEX";"Comércio exterior";"Importações (FOB) - origem: Coreia do Sul";"Importações (FOB) - origem: Coreia do Sul";"Oculta";"Intranet";40;0;0;"Inlcuída em 09/jul/2010.";"Geradora";"SECEX12";"Oculta";"Macro"
"7432";"SECEX12_MTOEVQ12";NA;NA;"Inativa";"MDIC/SECEX";"Comércio exterior";"Importações (FOB) - origem: Eslováquia";"Importações (FOB) - origem: Eslováquia";"Oculta";"Intranet";40;0;0;"Inlcuída em 20/jul/2010.";"Geradora";"SECEX12";"Oculta";"Macro"
"7433";"SECEX12_MTOEVN12";NA;NA;"Inativa";"MDIC/SECEX";"Comércio exterior";"Importações (FOB) - origem: Eslovênia";"Importações (FOB) - origem: Eslovênia";"Oculta";"Intranet";40;0;0;"Inlcuída em 20/jul/2010.";"Geradora";"SECEX12";"Oculta";"Macro"
"7434";"SECEX12_MTOESP12";NA;NA;"Inativa";"MDIC/SECEX";"Comércio exterior";"Importações (FOB) - origem: Espanha";"Importações (FOB) - origem: Espanha";"Oculta";"Intranet";40;0;0;NA;"Geradora";"SECEX12";"Oculta";"Macro"
"7435";"SECEX12_MTOEUA12";NA;NA;"Inativa";"MDIC/SECEX";"Comércio exterior";"Importações (FOB) - origem: EUA";"Importações (FOB) - origem: EUA";"Oculta";"Intranet";40;0;0;NA;"Geradora";"SECEX12";"Oculta";"Macro"
"7436";"SECEX12_MTOFIN12";NA;NA;"Inativa";"MDIC/SECEX";"Comércio exterior";"Importações (FOB) - origem: Finlândia";"Importações (FOB) - origem: Finlândia";"Oculta";"Intranet";40;0;0;"Inlcuída em 20/jul/2010.";"Geradora";"SECEX12";"Oculta";"Macro"
"7437";"SECEX12_MTOFRA12";NA;NA;"Inativa";"MDIC/SECEX";"Comércio exterior";"Importações (FOB) - origem: França";"Importações (FOB) - origem: França";"Oculta";"Intranet";40;0;0;NA;"Geradora";"SECEX12";"Oculta";"Macro"
"7438";"SECEX12_MTOGRE12";NA;NA;"Inativa";"MDIC/SECEX";"Comércio exterior";"Importações (FOB) - origem: Grécia";"Importações (FOB) - origem: Grécia";"Oculta";"Intranet";40;0;0;"Inlcuída em 20/jul/2010.";"Geradora";"SECEX12";"Oculta";"Macro"
"7439";"SECEX12_MTOHON12";NA;NA;"Inativa";"MDIC/SECEX";"Comércio exterior";"Importações (FOB) - origem: Hong Kong";"Importações (FOB) - origem: Hong Kong";"Oculta";"Intranet";40;0;0;"Inlcuída em 09/jul/2010.";"Geradora";"SECEX12";"Oculta";"Macro"
"7440";"SECEX12_MTOIND12";NA;NA;"Inativa";"MDIC/SECEX";"Comércio exterior";"Importações (FOB) - origem: Índia";"Importações (FOB) - origem: Índia";"Oculta";"Intranet";40;0;0;"Inlcuída em 09/jul/2010.";"Geradora";"SECEX12";"Oculta";"Macro"
"7441";"SECEX12_MTOIRL12";NA;NA;"Inativa";"MDIC/SECEX";"Comércio exterior";"Importações (FOB) - origem: Irlanda";"Importações (FOB) - origem: Irlanda";"Oculta";"Intranet";40;0;0;"Inlcuída em 20/jul/2010.";"Geradora";"SECEX12";"Oculta";"Macro"
"7442";"SECEX12_MTOITA12";NA;NA;"Inativa";"MDIC/SECEX";"Comércio exterior";"Importações (FOB) - origem: Itália";"Importações (FOB) - origem: Itália";"Oculta";"Intranet";40;0;0;NA;"Geradora";"SECEX12";"Oculta";"Macro"
"7443";"SECEX12_MTOJAP12";NA;NA;"Inativa";"MDIC/SECEX";"Comércio exterior";"Importações (FOB) - origem: Japão";"Importações (FOB) - origem: Japão";"Oculta";"Intranet";40;0;0;NA;"Geradora";"SECEX12";"Oculta";"Macro"
"7444";"SECEX12_MTOMAL12";NA;NA;"Inativa";"MDIC/SECEX";"Comércio exterior";"Importações (FOB) - origem: Malta";"Importações (FOB) - origem: Malta";"Oculta";"Intranet";40;0;0;"Inlcuída em 20/jul/2010.";"Geradora";"SECEX12";"Oculta";"Macro"
"7445";"SECEX12_MTOMEX12";NA;NA;"Inativa";"MDIC/SECEX";"Comércio exterior";"Importações (FOB) - origem: México";"Importações (FOB) - origem: México";"Oculta";"Intranet";40;0;0;"Inlcuída em 09/jul/2010.";"Geradora";"SECEX12";"Oculta";"Macro"
"7446";"SECEX12_MTONIG12";NA;NA;"Inativa";"MDIC/SECEX";"Comércio exterior";"Importações (FOB) - origem: Nigéria";"Importações (FOB) - origem: Nigéria";"Oculta";"Intranet";40;0;0;"Inlcuída em 20/jul/2010.";"Geradora";"SECEX12";"Oculta";"Macro"
"7447";"SECEX12_MTOHOL12";NA;NA;"Inativa";"MDIC/SECEX";"Comércio exterior";"Importações (FOB) - origem: Holanda";"Importações (FOB) - origem: Holanda";"Oculta";"Intranet";40;0;0;NA;"Geradora";"SECEX12";"Oculta";"Macro"
"7448";"SECEX12_MTOPAR12";NA;NA;"Inativa";"MDIC/SECEX";"Comércio exterior";"Importações (FOB) - origem: Paraguai";"Importações (FOB) - origem: Paraguai";"Oculta";"Intranet";40;0;0;NA;"Geradora";"SECEX12";"Oculta";"Macro"
"7449";"SECEX12_MTOPER12";NA;NA;"Inativa";"MDIC/SECEX";"Comércio exterior";"Importações (FOB) - origem: Peru";"Importações (FOB) - origem: Peru";"Oculta";"Intranet";40;0;0;"Inlcuída em 09/jul/2010.";"Geradora";"SECEX12";"Oculta";"Macro"
"7450";"SECEX12_MTOPOR12";NA;NA;"Inativa";"MDIC/SECEX";"Comércio exterior";"Importações (FOB) - origem: Portugal";"Importações (FOB) - origem: Portugal";"Oculta";"Intranet";40;0;0;"Inlcuída em 09/jul/2010.";"Geradora";"SECEX12";"Oculta";"Macro"
"7451";"SECEX12_MTORU12";NA;NA;"Inativa";"MDIC/SECEX";"Comércio exterior";"Importações (FOB) - origem: Reino Unido";"Importações (FOB) - origem: Reino Unido";"Oculta";"Intranet";40;0;0;NA;"Geradora";"SECEX12";"Oculta";"Macro"
"7452";"SECEX12_MTORUS12";NA;NA;"Inativa";"MDIC/SECEX";"Comércio exterior";"Importações (FOB) - origem: Rússia";"Importações (FOB) - origem: Rússia";"Oculta";"Intranet";40;0;0;"Inlcuída em 09/jul/2010.";"Geradora";"SECEX12";"Oculta";"Macro"
"7453";"SECEX12_MTOSLU12";NA;NA;"Inativa";"MDIC/SECEX";"Comércio exterior";"Importações (FOB) - origem: Santa Lúcia";"Importações (FOB) - origem: Santa Lúcia";"Oculta";"Intranet";40;0;0;"Inlcuída em 09/jul/2010.";"Geradora";"SECEX12";"Oculta";"Macro"
"7454";"SECEX12_MTOSUI12";NA;NA;"Inativa";"MDIC/SECEX";"Comércio exterior";"Importações (FOB) - origem: Suíça";"Importações (FOB) - origem: Suíça";"Oculta";"Intranet";40;0;0;"Inlcuída em 20/jul/2010.";"Geradora";"SECEX12";"Oculta";"Macro"
"7455";"SECEX12_MTOTAW12";NA;NA;"Inativa";"MDIC/SECEX";"Comércio exterior";"Importações (FOB) - origem: Taiwan (Formosa)";"Importações (FOB) - origem: Taiwan (Formosa)";"Oculta";"Intranet";40;0;0;"Inlcuída em 20/jul/2010.";"Geradora";"SECEX12";"Oculta";"Macro"
"7456";"SECEX12_MTOURU12";NA;NA;"Inativa";"MDIC/SECEX";"Comércio exterior";"Importações (FOB) - origem: Uruguai";"Importações (FOB) - origem: Uruguai";"Oculta";"Intranet";40;0;0;NA;"Geradora";"SECEX12";"Oculta";"Macro"
"7457";"SECEX12_MTOVEN12";NA;NA;"Inativa";"MDIC/SECEX";"Comércio exterior";"Importações (FOB) - origem: Venezuela";"Importações (FOB) - origem: Venezuela";"Oculta";"Intranet";40;0;0;"Inlcuída em 09/jul/2010.";"Geradora";"SECEX12";"Oculta";"Macro"
"7458";"SECEX12_XTOAUS12";NA;NA;"Inativa";"MDIC/SECEX";"Comércio exterior";"Exportações (FOB) - destino: Áustria";"Exportações (FOB) - destino: Áustria";"Oculta";"Intranet";40;0;0;"Inlcuída em 20/jul/2010.";"Geradora";"SECEX12";"Oculta";"Macro"
"7459";"SECEX12_XTOBOL12";NA;NA;"Inativa";"MDIC/SECEX";"Comércio exterior";"Exportações (FOB) - destino: Bolívia";"Exportações (FOB) - destino: Bolívia";"Oculta";"Intranet";40;0;0;"Inlcuída em 20/jul/2010.";"Geradora";"SECEX12";"Oculta";"Macro"
"7460";"SECEX12_XTOCHP12";NA;NA;"Inativa";"MDIC/SECEX";"Comércio exterior";"Exportações (FOB) - destino: Chipre";"Exportações (FOB) - destino: Chipre";"Oculta";"Intranet";40;0;0;"Inlcuída em 20/jul/2010.";"Geradora";"SECEX12";"Oculta";"Macro"
"7461";"SECEX12_XTOEVQ12";NA;NA;"Inativa";"MDIC/SECEX";"Comércio exterior";"Exportações (FOB) - destino: Eslováquia";"Exportações (FOB) - destino: Eslováquia";"Oculta";"Intranet";40;0;0;"Inlcuída em 20/jul/2010.";"Geradora";"SECEX12";"Oculta";"Macro"
"7462";"SECEX12_XTOEVN12";NA;NA;"Inativa";"MDIC/SECEX";"Comércio exterior";"Exportações (FOB) - destino: Eslovênia";"Exportações (FOB) - destino: Eslovênia";"Oculta";"Intranet";40;0;0;"Inlcuída em 20/jul/2010.";"Geradora";"SECEX12";"Oculta";"Macro"
"7463";"SECEX12_XTOFIN12";NA;NA;"Inativa";"MDIC/SECEX";"Comércio exterior";"Exportações (FOB) - destino: Finlândia";"Exportações (FOB) - destino: Finlândia";"Oculta";"Intranet";40;0;0;"Inlcuída em 20/jul/2010.";"Geradora";"SECEX12";"Oculta";"Macro"
"7464";"SECEX12_XTOGRE12";NA;NA;"Inativa";"MDIC/SECEX";"Comércio exterior";"Exportações (FOB) - destino: Grécia";"Exportações (FOB) - destino: Grécia";"Oculta";"Intranet";40;0;0;"Inlcuída em 20/jul/2010.";"Geradora";"SECEX12";"Oculta";"Macro"
"7465";"SECEX12_XTOIRL12";NA;NA;"Inativa";"MDIC/SECEX";"Comércio exterior";"Exportações (FOB) - destino: Irlanda";"Exportações (FOB) - destino: Irlanda";"Oculta";"Intranet";40;0;0;"Inlcuída em 20/jul/2010.";"Geradora";"SECEX12";"Oculta";"Macro"
"7466";"SECEX12_XTOMAL12";NA;NA;"Inativa";"MDIC/SECEX";"Comércio exterior";"Exportações (FOB) - destino: Malta";"Exportações (FOB) - destino: Malta";"Oculta";"Intranet";40;0;0;"Inlcuída em 20/jul/2010.";"Geradora";"SECEX12";"Oculta";"Macro"
"7467";"SECEX12_XTONIG12";NA;NA;"Inativa";"MDIC/SECEX";"Comércio exterior";"Exportações (FOB) - destino: Nigéria";"Exportações (FOB) - destino: Nigéria";"Oculta";"Intranet";40;0;0;"Inlcuída em 20/jul/2010.";"Geradora";"SECEX12";"Oculta";"Macro"
"7468";"SECEX12_XTOSUI12";NA;NA;"Inativa";"MDIC/SECEX";"Comércio exterior";"Exportações (FOB) - destino: Suíça";"Exportações (FOB) - destino: Suíça";"Oculta";"Intranet";40;0;0;"Inlcuída em 20/jul/2010.";"Geradora";"SECEX12";"Oculta";"Macro"
"7469";"SECEX12_XTOTAW12";NA;NA;"Inativa";"MDIC/SECEX";"Comércio exterior";"Exportações (FOB) - destino: Taiwan (Formosa)";"Exportações (FOB) - destino: Taiwan (Formosa)";"Oculta";"Intranet";40;0;0;"Inlcuída em 20/jul/2010.";"Geradora";"SECEX12";"Oculta";"Macro"
"7470";"DEPAE_SAFRA";NA;NA;"Ativa";"Conab/IE";"Produção";"Produção - agricultura - grãos - qde.";"Produção de grãos por safra";"Não oculta";"Internet";360;0;0;"Incluída em 27/jul/2010.";NA;"DEPAE";"Internet";"Macro"
"7471";"DEPAE_SAFRAAREA";NA;NA;"Ativa";"Conab/IE";"Produção";"Área plantada - grãos";"Área plantada por safra de grãos";"Não oculta";"Internet";360;0;0;"Incluída em 27/jul/2010.";NA;"DEPAE";"Internet";"Macro"
"7472";"GAC12_SALMINDOL12";NA;NA;"Ativa";"IPEA";"Salário e renda";"Salário mínimo - paridade do poder de compra (PPC)";"Salário mínimo - paridade do poder de compra (PPC)";"Não oculta";"Internet";40;0;0;"Incluída em 27/jul/2010.";"Gerada";"GAC12";"Internet";"Macro"
"7473";"SECEX12_X000FOB12";NA;NA;"Inativa";"MDIC/SECEX Países";"Comércio exterior";"Exportações (FOB) - destino: país não definido";"Exportações (FOB) - destino: país não definido";"Não oculta";"Internet";40;0;0;"Inlcuída em 02/ago/2010.";"Geradora";"SECEX12";"Internet";"Macro"
"7474";"SECEX12_X013FOB12";NA;NA;"Ativa";"MDIC/SECEX Países";"Comércio exterior";"Exportações (FOB) - destino: Afeganistão";"Exportações (FOB) - destino: Afeganistão";"Não oculta";"Internet";40;0;0;"Inlcuída em 02/ago/2010.";"Geradora";"SECEX12";"Internet";"Macro"
"7475";"SECEX12_X017FOB12";NA;NA;"Ativa";"MDIC/SECEX Países";"Comércio exterior";"Exportações (FOB) - destino: Albânia";"Exportações (FOB) - destino: Albânia";"Não oculta";"Internet";40;0;0;"Inlcuída em 02/ago/2010.";"Geradora";"SECEX12";"Internet";"Macro"
"7476";"DIEST_AEB01";NA;NA;"Inativa";"IPEA/AEB";"Emprego";"total de vinculos nos serviço público brasileiro";"total de vinculos nos serviço público brasileiro";"Não oculta";"Intranet";40;1;0;"Inlcuída em 17/04/2018 - AEB";"Geradora";"DIEST";"Intranet";"Regional"
"7477";"SECEX12_X023FOB12";NA;NA;"Ativa";"MDIC/SECEX Países";"Comércio exterior";"Exportações (FOB) - destino: Alemanha";"Exportações (FOB) - destino: Alemanha";"Não oculta";"Internet";40;0;0;"Inlcuída em 02/ago/2010.";"Geradora";"SECEX12";"Internet";"Macro"
"7478";"SECEX12_X025FOB12";NA;NA;"Inativa";"MDIC/SECEX Países";"Comércio exterior";"Exportações (FOB) - destino: Alemanha, República Democrática da";"Exportações (FOB) - destino: Alemanha, República Democrática da";"Não oculta";"Internet";40;0;0;"Inlcuída em 02/ago/2010.";"Geradora";"SECEX12";"Internet";"Macro"
"7479";"SECEX12_X031FOB12";NA;NA;"Ativa";"MDIC/SECEX Países";"Comércio exterior";"Exportações (FOB) - destino: Burkina Faso";"Exportações (FOB) - destino: Burkina Faso";"Não oculta";"Internet";40;0;0;"Inlcuída em 02/ago/2010.";"Geradora";"SECEX12";"Internet";"Macro"
"7480";"SECEX12_X037FOB12";NA;NA;"Ativa";"MDIC/SECEX Países";"Comércio exterior";"Exportações (FOB) - destino: Andorra";"Exportações (FOB) - destino: Andorra";"Não oculta";"Internet";40;0;0;"Inlcuída em 02/ago/2010.";"Geradora";"SECEX12";"Internet";"Macro"
"7481";"SECEX12_X040FOB12";NA;NA;"Ativa";"MDIC/SECEX Países";"Comércio exterior";"Exportações (FOB) - destino: Angola";"Exportações (FOB) - destino: Angola";"Não oculta";"Internet";40;0;0;"Inlcuída em 02/ago/2010.";"Geradora";"SECEX12";"Internet";"Macro"
"7482";"SECEX12_X041FOB12";NA;NA;"Ativa";"MDIC/SECEX Países";"Comércio exterior";"Exportações (FOB) - destino: Anguilla";"Exportações (FOB) - destino: Anguilla";"Não oculta";"Internet";40;0;0;"Inlcuída em 02/ago/2010.";"Geradora";"SECEX12";"Internet";"Macro"
"7483";"SECEX12_X043FOB12";NA;NA;"Ativa";"MDIC/SECEX Países";"Comércio exterior";"Exportações (FOB) - destino: Antigua e Barbuda";"Exportações (FOB) - destino: Antigua e Barbuda";"Não oculta";"Internet";40;0;0;"Inlcuída em 02/ago/2010.";"Geradora";"SECEX12";"Internet";"Macro"
"7484";"SECEX12_X047FOB12";NA;NA;"Ativa";"MDIC/SECEX Países";"Comércio exterior";"Exportações (FOB) - destino: Antilhas Holandesas";"Exportações (FOB) - destino: Antilhas Holandesas";"Não oculta";"Internet";40;0;0;"Inlcuída em 02/ago/2010.";"Geradora";"SECEX12";"Internet";"Macro"
"7485";"SECEX12_X053FOB12";NA;NA;"Ativa";"MDIC/SECEX Países";"Comércio exterior";"Exportações (FOB) - destino: Arábia Saudita";"Exportações (FOB) - destino: Arábia Saudita";"Não oculta";"Internet";40;0;0;"Inlcuída em 02/ago/2010.";"Geradora";"SECEX12";"Internet";"Macro"
"7486";"SECEX12_X059FOB12";NA;NA;"Ativa";"MDIC/SECEX Países";"Comércio exterior";"Exportações (FOB) - destino: Argélia";"Exportações (FOB) - destino: Argélia";"Não oculta";"Internet";40;0;0;"Inlcuída em 02/ago/2010.";"Geradora";"SECEX12";"Internet";"Macro"
"7487";"SECEX12_X063FOB12";NA;NA;"Ativa";"MDIC/SECEX Países";"Comércio exterior";"Exportações (FOB) - destino: Argentina";"Exportações (FOB) - destino: Argentina";"Não oculta";"Internet";40;0;0;"Inlcuída em 02/ago/2010.";"Geradora";"SECEX12";"Internet";"Macro"
"7488";"SECEX12_X064FOB12";NA;NA;"Ativa";"MDIC/SECEX Países";"Comércio exterior";"Exportações (FOB) - destino: Armênia";"Exportações (FOB) - destino: Armênia";"Não oculta";"Internet";40;0;0;"Inlcuída em 02/ago/2010.";"Geradora";"SECEX12";"Internet";"Macro"
"7489";"SECEX12_X065FOB12";NA;NA;"Ativa";"MDIC/SECEX Países";"Comércio exterior";"Exportações (FOB) - destino: Aruba";"Exportações (FOB) - destino: Aruba";"Não oculta";"Internet";40;0;0;"Inlcuída em 02/ago/2010.";"Geradora";"SECEX12";"Internet";"Macro"
"7490";"SECEX12_X069FOB12";NA;NA;"Ativa";"MDIC/SECEX Países";"Comércio exterior";"Exportações (FOB) - destino: Austrália";"Exportações (FOB) - destino: Austrália";"Não oculta";"Internet";40;0;0;"Inlcuída em 02/ago/2010.";"Geradora";"SECEX12";"Internet";"Macro"
"7491";"SECEX12_X072FOB12";NA;NA;"Ativa";"MDIC/SECEX Países";"Comércio exterior";"Exportações (FOB) - destino: Áustria";"Exportações (FOB) - destino: Áustria";"Não oculta";"Internet";40;0;0;"Inlcuída em 02/ago/2010.";"Geradora";"SECEX12";"Internet";"Macro"
"7492";"SECEX12_X073FOB12";NA;NA;"Ativa";"MDIC/SECEX Países";"Comércio exterior";"Exportações (FOB) - destino: Azerbaijão";"Exportações (FOB) - destino: Azerbaijão";"Não oculta";"Internet";40;0;0;"Inlcuída em 02/ago/2010.";"Geradora";"SECEX12";"Internet";"Macro"
"7493";"SECEX12_X077FOB12";NA;NA;"Ativa";"MDIC/SECEX Países";"Comércio exterior";"Exportações (FOB) - destino: Bahamas";"Exportações (FOB) - destino: Bahamas";"Não oculta";"Internet";40;0;0;"Inlcuída em 02/ago/2010.";"Geradora";"SECEX12";"Internet";"Macro"
"7494";"SECEX12_X080FOB12";NA;NA;"Ativa";"MDIC/SECEX Países";"Comércio exterior";"Exportações (FOB) - destino: Bahrein";"Exportações (FOB) - destino: Bahrein";"Não oculta";"Internet";40;0;0;"Inlcuída em 02/ago/2010.";"Geradora";"SECEX12";"Internet";"Macro"
"7495";"SECEX12_X081FOB12";NA;NA;"Ativa";"MDIC/SECEX Países";"Comércio exterior";"Exportações (FOB) - destino: Bangladesh";"Exportações (FOB) - destino: Bangladesh";"Não oculta";"Internet";40;0;0;"Inlcuída em 02/ago/2010.";"Geradora";"SECEX12";"Internet";"Macro"
"7496";"SECEX12_X083FOB12";NA;NA;"Ativa";"MDIC/SECEX Países";"Comércio exterior";"Exportações (FOB) - destino: Barbados";"Exportações (FOB) - destino: Barbados";"Não oculta";"Internet";40;0;0;"Inlcuída em 02/ago/2010.";"Geradora";"SECEX12";"Internet";"Macro"
"7497";"SECEX12_X085FOB12";NA;NA;"Ativa";"MDIC/SECEX Países";"Comércio exterior";"Exportações (FOB) - destino: Belarus";"Exportações (FOB) - destino: Belarus";"Não oculta";"Internet";40;0;0;"Inlcuída em 02/ago/2010.";"Geradora";"SECEX12";"Internet";"Macro"
"7498";"SECEX12_X087FOB12";NA;NA;"Ativa";"MDIC/SECEX Países";"Comércio exterior";"Exportações (FOB) - destino: Bélgica";"Exportações (FOB) - destino: Bélgica";"Não oculta";"Internet";40;0;0;"Inlcuída em 02/ago/2010.";"Geradora";"SECEX12";"Internet";"Macro"
"7499";"SECEX12_X088FOB12";NA;NA;"Ativa";"MDIC/SECEX Países";"Comércio exterior";"Exportações (FOB) - destino: Belize";"Exportações (FOB) - destino: Belize";"Não oculta";"Internet";40;0;0;"Inlcuída em 02/ago/2010.";"Geradora";"SECEX12";"Internet";"Macro"
"7500";"SECEX12_X090FOB12";NA;NA;"Ativa";"MDIC/SECEX Países";"Comércio exterior";"Exportações (FOB) - destino: Bermudas";"Exportações (FOB) - destino: Bermudas";"Não oculta";"Internet";40;0;0;"Inlcuída em 02/ago/2010.";"Geradora";"SECEX12";"Internet";"Macro"
"7501";"SECEX12_X093FOB12";NA;NA;"Ativa";"MDIC/SECEX Países";"Comércio exterior";"Exportações (FOB) - destino: Mianmar (Birmânia)";"Exportações (FOB) - destino: Mianmar (Birmânia)";"Não oculta";"Internet";40;0;0;"Inlcuída em 02/ago/2010.";"Geradora";"SECEX12";"Internet";"Macro"
"7502";"SECEX12_X097FOB12";NA;NA;"Ativa";"MDIC/SECEX Países";"Comércio exterior";"Exportações (FOB) - destino: Bolívia";"Exportações (FOB) - destino: Bolívia";"Não oculta";"Internet";40;0;0;"Inlcuída em 02/ago/2010.";"Geradora";"SECEX12";"Internet";"Macro"
"7503";"SECEX12_X098FOB12";NA;NA;"Ativa";"MDIC/SECEX Países";"Comércio exterior";"Exportações (FOB) - destino: Bósnia-Herzegovina";"Exportações (FOB) - destino: Bósnia-Herzegovina";"Não oculta";"Internet";40;0;0;"Inlcuída em 02/ago/2010.";"Geradora";"SECEX12";"Internet";"Macro"
"7504";"DIEST_AEB01e";NA;NA;"Inativa";"IPEA/AEB";"Emprego";"total de vinculos nos serviço público brasileiro estatutario";"total de vinculos nos serviço público brasileiro";"Não oculta";"Intranet";40;1;0;"Inlcuída em 17/04/2018 - AEB";"Geradora";"DIEST";"Intranet";"Regional"
"7505";"SECEX12_X101FOB12";NA;NA;"Ativa";"MDIC/SECEX Países";"Comércio exterior";"Exportações (FOB) - destino: Botsuana";"Exportações (FOB) - destino: Botsuana";"Não oculta";"Internet";40;0;0;"Inlcuída em 02/ago/2010.";"Geradora";"SECEX12";"Internet";"Macro"
"7506";"SECEX12_X105FOB12";NA;NA;"Ativa";"MDIC/SECEX Países";"Comércio exterior";"Exportações (FOB) - destino: Brasil";"Exportações (FOB) - destino: Brasil";"Oculta";"Intranet";40;0;0;"Inlcuída em 02/ago/2010.";"Geradora";"SECEX12";"Oculta";"Macro"
"7507";"SECEX12_X108FOB12";NA;NA;"Ativa";"MDIC/SECEX Países";"Comércio exterior";"Exportações (FOB) - destino: Brunei";"Exportações (FOB) - destino: Brunei";"Não oculta";"Internet";40;0;0;"Inlcuída em 02/ago/2010.";"Geradora";"SECEX12";"Internet";"Macro"
"7508";"SECEX12_X111FOB12";NA;NA;"Ativa";"MDIC/SECEX Países";"Comércio exterior";"Exportações (FOB) - destino: Bulgária";"Exportações (FOB) - destino: Bulgária";"Não oculta";"Internet";40;0;0;"Inlcuída em 02/ago/2010.";"Geradora";"SECEX12";"Internet";"Macro"
"7509";"SECEX12_X115FOB12";NA;NA;"Ativa";"MDIC/SECEX Países";"Comércio exterior";"Exportações (FOB) - destino: Burundi";"Exportações (FOB) - destino: Burundi";"Não oculta";"Internet";40;0;0;"Inlcuída em 02/ago/2010.";"Geradora";"SECEX12";"Internet";"Macro"
"7510";"SECEX12_X119FOB12";NA;NA;"Ativa";"MDIC/SECEX Países";"Comércio exterior";"Exportações (FOB) - destino: Butão";"Exportações (FOB) - destino: Butão";"Não oculta";"Internet";40;0;0;"Inlcuída em 02/ago/2010.";"Geradora";"SECEX12";"Internet";"Macro"
"7511";"SECEX12_X127FOB12";NA;NA;"Ativa";"MDIC/SECEX Países";"Comércio exterior";"Exportações (FOB) - destino: Cabo Verde";"Exportações (FOB) - destino: Cabo Verde";"Não oculta";"Internet";40;0;0;"Inlcuída em 02/ago/2010.";"Geradora";"SECEX12";"Internet";"Macro"
"7512";"SECEX12_X137FOB12";NA;NA;"Ativa";"MDIC/SECEX Países";"Comércio exterior";"Exportações (FOB) - destino: Cayman, Ilhas";"Exportações (FOB) - destino: Cayman, Ilhas";"Não oculta";"Internet";40;0;0;"Inlcuída em 02/ago/2010.";"Geradora";"SECEX12";"Internet";"Macro"
"7513";"SECEX12_X141FOB12";NA;NA;"Ativa";"MDIC/SECEX Países";"Comércio exterior";"Exportações (FOB) - destino: Camboja";"Exportações (FOB) - destino: Camboja";"Não oculta";"Internet";40;0;0;"Inlcuída em 02/ago/2010.";"Geradora";"SECEX12";"Internet";"Macro"
"7514";"SECEX12_X145FOB12";NA;NA;"Ativa";"MDIC/SECEX Países";"Comércio exterior";"Exportações (FOB) - destino: Camarões";"Exportações (FOB) - destino: Camarões";"Não oculta";"Internet";40;0;0;"Inlcuída em 02/ago/2010.";"Geradora";"SECEX12";"Internet";"Macro"
"7515";"SECEX12_X149FOB12";NA;NA;"Ativa";"MDIC/SECEX Países";"Comércio exterior";"Exportações (FOB) - destino: Canadá";"Exportações (FOB) - destino: Canadá";"Não oculta";"Internet";40;0;0;"Inlcuída em 02/ago/2010.";"Geradora";"SECEX12";"Internet";"Macro"
"7516";"SECEX12_X150FOB12";NA;NA;"Ativa";"MDIC/SECEX Países";"Comércio exterior";"Exportações (FOB) - destino: Canal, Ilhas do";"Exportações (FOB) - destino: Canal, Ilhas do";"Não oculta";"Internet";40;0;0;"Inlcuída em 02/ago/2010.";"Geradora";"SECEX12";"Internet";"Macro"
"7517";"SECEX12_X151FOB12";NA;NA;"Ativa";"MDIC/SECEX Países";"Comércio exterior";"Exportações (FOB) - destino: Canárias, Ilhas";"Exportações (FOB) - destino: Canárias, Ilhas";"Não oculta";"Internet";40;0;0;"Inlcuída em 02/ago/2010.";"Geradora";"SECEX12";"Internet";"Macro"
"7518";"SECEX12_X152FOB12";NA;NA;"Inativa";"MDIC/SECEX Países";"Comércio exterior";"Exportações (FOB) - destino: Canal, Ilhas do";"Exportações (FOB) - destino: Canal, Ilhas do";"Oculta";"Internet";9000;0;0;"Inlcuída em 02/ago/2010.";"Geradora";"SECEX12";"Oculta";"Macro"
"7519";"SECEX12_X153FOB12";NA;NA;"Ativa";"MDIC/SECEX Países";"Comércio exterior";"Exportações (FOB) - destino: Cazaquistão";"Exportações (FOB) - destino: Cazaquistão";"Não oculta";"Internet";40;0;0;"Inlcuída em 02/ago/2010.";"Geradora";"SECEX12";"Internet";"Macro"
"7520";"SECEX12_X154FOB12";NA;NA;"Ativa";"MDIC/SECEX Países";"Comércio exterior";"Exportações (FOB) - destino: Catar";"Exportações (FOB) - destino: Catar";"Não oculta";"Internet";40;0;0;"Inlcuída em 02/ago/2010.";"Geradora";"SECEX12";"Internet";"Macro"
"7521";"SECEX12_X158FOB12";NA;NA;"Ativa";"MDIC/SECEX Países";"Comércio exterior";"Exportações (FOB) - destino: Chile";"Exportações (FOB) - destino: Chile";"Não oculta";"Internet";40;0;0;"Inlcuída em 02/ago/2010.";"Geradora";"SECEX12";"Internet";"Macro"
"7522";"SECEX12_X160FOB12";NA;NA;"Ativa";"MDIC/SECEX Países";"Comércio exterior";"Exportações (FOB) - destino: China";"Exportações (FOB) - destino: China";"Não oculta";"Internet";40;0;0;"Inlcuída em 02/ago/2010.";"Geradora";"SECEX12";"Internet";"Macro"
"7523";"SECEX12_X161FOB12";NA;NA;"Ativa";"MDIC/SECEX Países";"Comércio exterior";"Exportações (FOB) - destino: Taiwan (Formosa)";"Exportações (FOB) - destino: Taiwan (Formosa)";"Não oculta";"Internet";40;0;0;"Inlcuída em 02/ago/2010.";"Geradora";"SECEX12";"Internet";"Macro"
"7524";"SECEX12_X163FOB12";NA;NA;"Ativa";"MDIC/SECEX Países";"Comércio exterior";"Exportações (FOB) - destino: Chipre";"Exportações (FOB) - destino: Chipre";"Não oculta";"Internet";40;0;0;"Inlcuída em 02/ago/2010.";"Geradora";"SECEX12";"Internet";"Macro"
"7525";"SECEX12_X165FOB12";NA;NA;"Ativa";"MDIC/SECEX Países";"Comércio exterior";"Exportações (FOB) - destino: Cocos (Keeling), Ilhas";"Exportações (FOB) - destino: Cocos (Keeling), Ilhas";"Não oculta";"Internet";40;0;0;"Inlcuída em 02/ago/2010.";"Geradora";"SECEX12";"Internet";"Macro"
"7526";"SECEX12_X169FOB12";NA;NA;"Ativa";"MDIC/SECEX Países";"Comércio exterior";"Exportações (FOB) - destino: Colômbia";"Exportações (FOB) - destino: Colômbia";"Não oculta";"Internet";40;0;0;"Inlcuída em 02/ago/2010.";"Geradora";"SECEX12";"Internet";"Macro"
"7527";"SECEX12_X173FOB12";NA;NA;"Ativa";"MDIC/SECEX Países";"Comércio exterior";"Exportações (FOB) - destino: Comores, Ilhas";"Exportações (FOB) - destino: Comores, Ilhas";"Não oculta";"Internet";40;0;0;"Inlcuída em 02/ago/2010.";"Geradora";"SECEX12";"Internet";"Macro"
"7528";"SECEX12_X177FOB12";NA;NA;"Ativa";"MDIC/SECEX Países";"Comércio exterior";"Exportações (FOB) - destino: Congo";"Exportações (FOB) - destino: Congo";"Não oculta";"Internet";40;0;0;"Inlcuída em 02/ago/2010.";"Geradora";"SECEX12";"Internet";"Macro"
"7529";"SECEX12_X183FOB12";NA;NA;"Ativa";"MDIC/SECEX Países";"Comércio exterior";"Exportações (FOB) - destino: Cook, Ilhas";"Exportações (FOB) - destino: Cook, Ilhas";"Não oculta";"Internet";40;0;0;"Inlcuída em 02/ago/2010.";"Geradora";"SECEX12";"Internet";"Macro"
"7530";"SECEX12_X187FOB12";NA;NA;"Ativa";"MDIC/SECEX Países";"Comércio exterior";"Exportações (FOB) - destino: Coreia, República Popular Democrática (Norte)";"Exportações (FOB) - destino: Coreia, República Popular Democrática (Norte)";"Não oculta";"Internet";40;0;0;"Inlcuída em 02/ago/2010.";"Geradora";"SECEX12";"Internet";"Macro"
"7531";"SECEX12_X190FOB12";NA;NA;"Ativa";"MDIC/SECEX Países";"Comércio exterior";"Exportações (FOB) - destino: Coreia, República da (Sul)";"Exportações (FOB) - destino: Coreia, República da (Sul)";"Não oculta";"Internet";40;0;0;"Inlcuída em 02/ago/2010.";"Geradora";"SECEX12";"Internet";"Macro"
"7532";"SECEX12_X193FOB12";NA;NA;"Ativa";"MDIC/SECEX Países";"Comércio exterior";"Exportações (FOB) - destino: Costa do Marfim";"Exportações (FOB) - destino: Costa do Marfim";"Não oculta";"Internet";40;0;0;"Inlcuída em 02/ago/2010.";"Geradora";"SECEX12";"Internet";"Macro"
"7533";"SECEX12_X195FOB12";NA;NA;"Ativa";"MDIC/SECEX Países";"Comércio exterior";"Exportações (FOB) - destino: Croácia";"Exportações (FOB) - destino: Croácia";"Não oculta";"Internet";40;0;0;"Inlcuída em 02/ago/2010.";"Geradora";"SECEX12";"Internet";"Macro"
"7534";"SECEX12_X196FOB12";NA;NA;"Ativa";"MDIC/SECEX Países";"Comércio exterior";"Exportações (FOB) - destino: Costa Rica";"Exportações (FOB) - destino: Costa Rica";"Não oculta";"Internet";40;0;0;"Inlcuída em 02/ago/2010.";"Geradora";"SECEX12";"Internet";"Macro"
"7535";"SECEX12_X198FOB12";NA;NA;"Ativa";"MDIC/SECEX Países";"Comércio exterior";"Exportações (FOB) - destino: Coveite (Kuwait)";"Exportações (FOB) - destino: Coveite (Kuwait)";"Não oculta";"Internet";40;0;0;"Inlcuída em 02/ago/2010.";"Geradora";"SECEX12";"Internet";"Macro"
"7536";"SECEX12_X199FOB12";NA;NA;"Ativa";"MDIC/SECEX Países";"Comércio exterior";"Exportações (FOB) - destino: Cuba";"Exportações (FOB) - destino: Cuba";"Não oculta";"Internet";40;0;0;"Inlcuída em 02/ago/2010.";"Geradora";"SECEX12";"Internet";"Macro"
"7537";"SECEX12_X229FOB12";NA;NA;"Ativa";"MDIC/SECEX Países";"Comércio exterior";"Exportações (FOB) - destino: Benin";"Exportações (FOB) - destino: Benin";"Não oculta";"Internet";40;0;0;"Inlcuída em 02/ago/2010.";"Geradora";"SECEX12";"Internet";"Macro"
"7538";"SECEX12_X232FOB12";NA;NA;"Ativa";"MDIC/SECEX Países";"Comércio exterior";"Exportações (FOB) - destino: Dinamarca";"Exportações (FOB) - destino: Dinamarca";"Não oculta";"Internet";40;0;0;"Inlcuída em 02/ago/2010.";"Geradora";"SECEX12";"Internet";"Macro"
"7539";"SECEX12_X235FOB12";NA;NA;"Ativa";"MDIC/SECEX Países";"Comércio exterior";"Exportações (FOB) - destino: Dominica, Ilha de";"Exportações (FOB) - destino: Dominica, Ilha de";"Não oculta";"Internet";40;0;0;"Inlcuída em 02/ago/2010.";"Geradora";"SECEX12";"Internet";"Macro"
"7540";"SECEX12_X237FOB12";NA;NA;"Inativa";"MDIC/SECEX";"Comércio exterior";"Exportações (FOB) - destino: Dubai";"Exportações (FOB) - destino: Dubai";"Oculta";"Intranet";40;0;0;"Inlcuída em 02/ago/2010.";"Geradora";"SECEX12";"Oculta";"Macro"
"7541";"SECEX12_X239FOB12";NA;NA;"Ativa";"MDIC/SECEX Países";"Comércio exterior";"Exportações (FOB) - destino: Equador";"Exportações (FOB) - destino: Equador";"Não oculta";"Internet";40;0;0;"Inlcuída em 02/ago/2010.";"Geradora";"SECEX12";"Internet";"Macro"
"7542";"SECEX12_X240FOB12";NA;NA;"Ativa";"MDIC/SECEX Países";"Comércio exterior";"Exportações (FOB) - destino: Egito";"Exportações (FOB) - destino: Egito";"Não oculta";"Internet";40;0;0;"Inlcuída em 02/ago/2010.";"Geradora";"SECEX12";"Internet";"Macro"
"7543";"SECEX12_X243FOB12";NA;NA;"Ativa";"MDIC/SECEX Países";"Comércio exterior";"Exportações (FOB) - destino: Eritreia";"Exportações (FOB) - destino: Eritreia";"Não oculta";"Internet";40;0;0;"Inlcuída em 02/ago/2010.";"Geradora";"SECEX12";"Internet";"Macro"
"7544";"SECEX12_X244FOB12";NA;NA;"Ativa";"MDIC/SECEX Países";"Comércio exterior";"Exportações (FOB) - destino: Emirados Árabes Unidos";"Exportações (FOB) - destino: Emirados Árabes Unidos";"Não oculta";"Internet";40;0;0;"Inlcuída em 02/ago/2010.";"Geradora";"SECEX12";"Internet";"Macro"
"7545";"SECEX12_X245FOB12";NA;NA;"Ativa";"MDIC/SECEX Países";"Comércio exterior";"Exportações (FOB) - destino: Espanha";"Exportações (FOB) - destino: Espanha";"Não oculta";"Internet";40;0;0;"Inlcuída em 02/ago/2010.";"Geradora";"SECEX12";"Internet";"Macro"
"7546";"SECEX12_X246FOB12";NA;NA;"Ativa";"MDIC/SECEX Países";"Comércio exterior";"Exportações (FOB) - destino: Eslovênia";"Exportações (FOB) - destino: Eslovênia";"Não oculta";"Internet";40;0;0;"Inlcuída em 02/ago/2010.";"Geradora";"SECEX12";"Internet";"Macro"
"7547";"SECEX12_X247FOB12";NA;NA;"Ativa";"MDIC/SECEX Países";"Comércio exterior";"Exportações (FOB) - destino: Eslovaca, República";"Exportações (FOB) - destino: Eslovaca, República";"Não oculta";"Internet";40;0;0;"Inlcuída em 02/ago/2010.";"Geradora";"SECEX12";"Internet";"Macro"
"7548";"SECEX12_X249FOB12";NA;NA;"Ativa";"MDIC/SECEX Países";"Comércio exterior";"Exportações (FOB) - destino: Estados Unidos";"Exportações (FOB) - destino: Estados Unidos";"Não oculta";"Internet";40;0;0;"Inlcuída em 02/ago/2010.";"Geradora";"SECEX12";"Internet";"Macro"
"7549";"SECEX12_X251FOB12";NA;NA;"Ativa";"MDIC/SECEX Países";"Comércio exterior";"Exportações (FOB) - destino: Estônia";"Exportações (FOB) - destino: Estônia";"Não oculta";"Internet";40;0;0;"Inlcuída em 02/ago/2010.";"Geradora";"SECEX12";"Internet";"Macro"
"7550";"SECEX12_X253FOB12";NA;NA;"Ativa";"MDIC/SECEX Países";"Comércio exterior";"Exportações (FOB) - destino: Etiópia";"Exportações (FOB) - destino: Etiópia";"Não oculta";"Internet";40;0;0;"Inlcuída em 02/ago/2010.";"Geradora";"SECEX12";"Internet";"Macro"
"7551";"SECEX12_X255FOB12";NA;NA;"Ativa";"MDIC/SECEX Países";"Comércio exterior";"Exportações (FOB) - destino: Falkland (Ilhas Malvinas)";"Exportações (FOB) - destino: Falkland (Ilhas Malvinas)";"Não oculta";"Internet";40;0;0;"Inlcuída em 02/ago/2010.";"Geradora";"SECEX12";"Internet";"Macro"
"7552";"SECEX12_X259FOB12";NA;NA;"Ativa";"MDIC/SECEX Países";"Comércio exterior";"Exportações (FOB) - destino: Feroe, Ilhas";"Exportações (FOB) - destino: Feroe, Ilhas";"Não oculta";"Internet";130;0;0;"Inlcuída em 02/ago/2010.";"Geradora";"SECEX12";"Internet";"Macro"
"7553";"SECEX12_X267FOB12";NA;NA;"Ativa";"MDIC/SECEX Países";"Comércio exterior";"Exportações (FOB) - destino: Filipinas";"Exportações (FOB) - destino: Filipinas";"Não oculta";"Internet";40;0;0;"Inlcuída em 02/ago/2010.";"Geradora";"SECEX12";"Internet";"Macro"
"7554";"SECEX12_X271FOB12";NA;NA;"Ativa";"MDIC/SECEX Países";"Comércio exterior";"Exportações (FOB) - destino: Finlândia";"Exportações (FOB) - destino: Finlândia";"Não oculta";"Internet";40;0;0;"Inlcuída em 02/ago/2010.";"Geradora";"SECEX12";"Internet";"Macro"
"7555";"SECEX12_X275FOB12";NA;NA;"Ativa";"MDIC/SECEX Países";"Comércio exterior";"Exportações (FOB) - destino: França";"Exportações (FOB) - destino: França";"Não oculta";"Internet";40;0;0;"Inlcuída em 02/ago/2010.";"Geradora";"SECEX12";"Internet";"Macro"
"7556";"SECEX12_X281FOB12";NA;NA;"Ativa";"MDIC/SECEX Países";"Comércio exterior";"Exportações (FOB) - destino: Gabão";"Exportações (FOB) - destino: Gabão";"Não oculta";"Internet";40;0;0;"Inlcuída em 02/ago/2010.";"Geradora";"SECEX12";"Internet";"Macro"
"7557";"SECEX12_X285FOB12";NA;NA;"Ativa";"MDIC/SECEX Países";"Comércio exterior";"Exportações (FOB) - destino: Gâmbia";"Exportações (FOB) - destino: Gâmbia";"Não oculta";"Internet";40;0;0;"Inlcuída em 02/ago/2010.";"Geradora";"SECEX12";"Internet";"Macro"
"7558";"SECEX12_X289FOB12";NA;NA;"Ativa";"MDIC/SECEX Países";"Comércio exterior";"Exportações (FOB) - destino: Gana";"Exportações (FOB) - destino: Gana";"Não oculta";"Internet";40;0;0;"Inlcuída em 02/ago/2010.";"Geradora";"SECEX12";"Internet";"Macro"
"7559";"SECEX12_X291FOB12";NA;NA;"Ativa";"MDIC/SECEX Países";"Comércio exterior";"Exportações (FOB) - destino: Geórgia";"Exportações (FOB) - destino: Geórgia";"Não oculta";"Internet";40;0;0;"Inlcuída em 02/ago/2010.";"Geradora";"SECEX12";"Internet";"Macro"
"7560";"SECEX12_X293FOB12";NA;NA;"Ativa";"MDIC/SECEX Países";"Comércio exterior";"Exportações (FOB) - destino: Gibraltar";"Exportações (FOB) - destino: Gibraltar";"Não oculta";"Internet";40;0;0;"Inlcuída em 02/ago/2010.";"Geradora";"SECEX12";"Internet";"Macro"
"7561";"SECEX12_X297FOB12";NA;NA;"Ativa";"MDIC/SECEX Países";"Comércio exterior";"Exportações (FOB) - destino: Granada";"Exportações (FOB) - destino: Granada";"Não oculta";"Internet";40;0;0;"Inlcuída em 02/ago/2010.";"Geradora";"SECEX12";"Internet";"Macro"
"7562";"SECEX12_X301FOB12";NA;NA;"Ativa";"MDIC/SECEX Países";"Comércio exterior";"Exportações (FOB) - destino: Grécia";"Exportações (FOB) - destino: Grécia";"Não oculta";"Internet";40;0;0;"Inlcuída em 02/ago/2010.";"Geradora";"SECEX12";"Internet";"Macro"
"7563";"SECEX12_X305FOB12";NA;NA;"Ativa";"MDIC/SECEX Países";"Comércio exterior";"Exportações (FOB) - destino: Groenlândia";"Exportações (FOB) - destino: Groenlândia";"Não oculta";"Internet";40;0;0;"Inlcuída em 02/ago/2010.";"Geradora";"SECEX12";"Internet";"Macro"
"7564";"SECEX12_X309FOB12";NA;NA;"Ativa";"MDIC/SECEX Países";"Comércio exterior";"Exportações (FOB) - destino: Guadalupe";"Exportações (FOB) - destino: Guadalupe";"Não oculta";"Internet";40;0;0;"Inlcuída em 02/ago/2010.";"Geradora";"SECEX12";"Internet";"Macro"
"7565";"SECEX12_X313FOB12";NA;NA;"Ativa";"MDIC/SECEX Países";"Comércio exterior";"Exportações (FOB) - destino: Guam";"Exportações (FOB) - destino: Guam";"Não oculta";"Internet";130;0;0;"Inlcuída em 02/ago/2010.";"Geradora";"SECEX12";"Internet";"Macro"
"7566";"SECEX12_X317FOB12";NA;NA;"Ativa";"MDIC/SECEX Países";"Comércio exterior";"Exportações (FOB) - destino: Guatemala";"Exportações (FOB) - destino: Guatemala";"Não oculta";"Internet";40;0;0;"Inlcuída em 02/ago/2010.";"Geradora";"SECEX12";"Internet";"Macro"
"7567";"SECEX12_X325FOB12";NA;NA;"Ativa";"MDIC/SECEX Países";"Comércio exterior";"Exportações (FOB) - destino: Guiana Francesa";"Exportações (FOB) - destino: Guiana Francesa";"Não oculta";"Internet";40;0;0;"Inlcuída em 02/ago/2010.";"Geradora";"SECEX12";"Internet";"Macro"
"7568";"SECEX12_X329FOB12";NA;NA;"Ativa";"MDIC/SECEX Países";"Comércio exterior";"Exportações (FOB) - destino: Guiné";"Exportações (FOB) - destino: Guiné";"Não oculta";"Internet";40;0;0;"Inlcuída em 02/ago/2010.";"Geradora";"SECEX12";"Internet";"Macro"
"7569";"SECEX12_X331FOB12";NA;NA;"Ativa";"MDIC/SECEX Países";"Comércio exterior";"Exportações (FOB) - destino: Guiné Equatorial";"Exportações (FOB) - destino: Guiné Equatorial";"Não oculta";"Internet";40;0;0;"Inlcuída em 02/ago/2010.";"Geradora";"SECEX12";"Internet";"Macro"
"7570";"SECEX12_X334FOB12";NA;NA;"Ativa";"MDIC/SECEX Países";"Comércio exterior";"Exportações (FOB) - destino: Guiné-Bissau";"Exportações (FOB) - destino: Guiné-Bissau";"Não oculta";"Internet";40;0;0;"Inlcuída em 02/ago/2010.";"Geradora";"SECEX12";"Internet";"Macro"
"7571";"SECEX12_X337FOB12";NA;NA;"Ativa";"MDIC/SECEX Países";"Comércio exterior";"Exportações (FOB) - destino: Guiana";"Exportações (FOB) - destino: Guiana";"Não oculta";"Internet";40;0;0;"Inlcuída em 02/ago/2010.";"Geradora";"SECEX12";"Internet";"Macro"
"7572";"SECEX12_X341FOB12";NA;NA;"Ativa";"MDIC/SECEX Países";"Comércio exterior";"Exportações (FOB) - destino: Haiti";"Exportações (FOB) - destino: Haiti";"Não oculta";"Internet";40;0;0;"Inlcuída em 02/ago/2010.";"Geradora";"SECEX12";"Internet";"Macro"
"7573";"SECEX12_X345FOB12";NA;NA;"Ativa";"MDIC/SECEX Países";"Comércio exterior";"Exportações (FOB) - destino: Honduras";"Exportações (FOB) - destino: Honduras";"Não oculta";"Internet";40;0;0;"Inlcuída em 02/ago/2010.";"Geradora";"SECEX12";"Internet";"Macro"
"7574";"SECEX12_X351FOB12";NA;NA;"Ativa";"MDIC/SECEX Países";"Comércio exterior";"Exportações (FOB) - destino: Hong Kong";"Exportações (FOB) - destino: Hong Kong";"Não oculta";"Internet";40;0;0;"Inlcuída em 02/ago/2010.";"Geradora";"SECEX12";"Internet";"Macro"
"7575";"SECEX12_X355FOB12";NA;NA;"Ativa";"MDIC/SECEX Países";"Comércio exterior";"Exportações (FOB) - destino: Hungria";"Exportações (FOB) - destino: Hungria";"Não oculta";"Internet";40;0;0;"Inlcuída em 02/ago/2010.";"Geradora";"SECEX12";"Internet";"Macro"
"7576";"SECEX12_X357FOB12";NA;NA;"Ativa";"MDIC/SECEX Países";"Comércio exterior";"Exportações (FOB) - destino: Iêmen";"Exportações (FOB) - destino: Iêmen";"Não oculta";"Internet";40;0;0;"Inlcuída em 02/ago/2010.";"Geradora";"SECEX12";"Internet";"Macro"
"7577";"SECEX12_X358FOB12";NA;NA;"Inativa";"MDIC/SECEX";"Comércio exterior";"Exportações (FOB) - destino: Iêmen Democrático";"Exportações (FOB) - destino: Iêmen Democrático";"Oculta";"Intranet";40;0;0;"Inlcuída em 02/ago/2010.";"Geradora";"SECEX12";"Oculta";"Macro"
"7578";"SECEX12_X359FOB12";NA;NA;"Ativa";"MDIC/SECEX Países";"Comércio exterior";"Exportações (FOB) - destino: Man, Ilha de";"Exportações (FOB) - destino: Man, Ilha de";"Não oculta";"Internet";130;0;0;"Inlcuída em 02/ago/2010.";"Geradora";"SECEX12";"Internet";"Macro"
"7579";"SECEX12_X361FOB12";NA;NA;"Ativa";"MDIC/SECEX Países";"Comércio exterior";"Exportações (FOB) - destino: Índia";"Exportações (FOB) - destino: Índia";"Não oculta";"Internet";40;0;0;"Inlcuída em 02/ago/2010.";"Geradora";"SECEX12";"Internet";"Macro"
"7580";"SECEX12_X365FOB12";NA;NA;"Ativa";"MDIC/SECEX Países";"Comércio exterior";"Exportações (FOB) - destino: Indonésia";"Exportações (FOB) - destino: Indonésia";"Não oculta";"Internet";40;0;0;"Inlcuída em 02/ago/2010.";"Geradora";"SECEX12";"Internet";"Macro"
"7581";"DIEST_AEB01c";NA;NA;"Inativa";"IPEA/AEB";"Emprego";"total de vinculos nos serviço público brasileiro celetista";"total de vinculos nos serviço público brasileiro";"Não oculta";"Intranet";40;1;0;"Inlcuída em 17/04/2018 - AEB";"Geradora";"DIEST";"Intranet";"Regional"
"7582";"SECEX12_X369FOB12";NA;NA;"Ativa";"MDIC/SECEX Países";"Comércio exterior";"Exportações (FOB) - destino: Iraque";"Exportações (FOB) - destino: Iraque";"Não oculta";"Internet";40;0;0;"Inlcuída em 02/ago/2010.";"Geradora";"SECEX12";"Internet";"Macro"
"7583";"SECEX12_X372FOB12";NA;NA;"Ativa";"MDIC/SECEX Países";"Comércio exterior";"Exportações (FOB) - destino: Irã, República Islâmica do";"Exportações (FOB) - destino: Irã, República Islâmica do";"Não oculta";"Internet";40;0;0;"Inlcuída em 02/ago/2010.";"Geradora";"SECEX12";"Internet";"Macro"
"7584";"SECEX12_X375FOB12";NA;NA;"Ativa";"MDIC/SECEX Países";"Comércio exterior";"Exportações (FOB) - destino: Irlanda";"Exportações (FOB) - destino: Irlanda";"Não oculta";"Internet";40;0;0;"Inlcuída em 02/ago/2010.";"Geradora";"SECEX12";"Internet";"Macro"
"7585";"SECEX12_X379FOB12";NA;NA;"Ativa";"MDIC/SECEX Países";"Comércio exterior";"Exportações (FOB) - destino: Islândia";"Exportações (FOB) - destino: Islândia";"Não oculta";"Internet";40;0;0;"Inlcuída em 02/ago/2010.";"Geradora";"SECEX12";"Internet";"Macro"
"7586";"SECEX12_X383FOB12";NA;NA;"Ativa";"MDIC/SECEX Países";"Comércio exterior";"Exportações (FOB) - destino: Israel";"Exportações (FOB) - destino: Israel";"Não oculta";"Internet";40;0;0;"Inlcuída em 02/ago/2010.";"Geradora";"SECEX12";"Internet";"Macro"
"7587";"SECEX12_X386FOB12";NA;NA;"Ativa";"MDIC/SECEX Países";"Comércio exterior";"Exportações (FOB) - destino: Itália";"Exportações (FOB) - destino: Itália";"Não oculta";"Internet";40;0;0;"Inlcuída em 02/ago/2010.";"Geradora";"SECEX12";"Internet";"Macro"
"7588";"SECEX12_X388FOB12";NA;NA;"Ativa";"MDIC/SECEX Países";"Comércio exterior";"Exportações (FOB) - destino: Iugoslávia";"Exportações (FOB) - destino: Iugoslávia";"Não oculta";"Internet";40;0;0;"Inlcuída em 02/ago/2010.";"Geradora";"SECEX12";"Internet";"Macro"
"7589";"SECEX12_X391FOB12";NA;NA;"Ativa";"MDIC/SECEX Países";"Comércio exterior";"Exportações (FOB) - destino: Jamaica";"Exportações (FOB) - destino: Jamaica";"Não oculta";"Internet";40;0;0;"Inlcuída em 02/ago/2010.";"Geradora";"SECEX12";"Internet";"Macro"
"7590";"SECEX12_X396FOB12";NA;NA;"Ativa";"MDIC/SECEX Países";"Comércio exterior";"Exportações (FOB) - destino: Johnston, Ilha";"Exportações (FOB) - destino: Johnston, Ilha";"Não oculta";"Internet";40;0;0;"Inlcuída em 02/ago/2010.";"Geradora";"SECEX12";"Internet";"Macro"
"7591";"SECEX12_X399FOB12";NA;NA;"Ativa";"MDIC/SECEX Países";"Comércio exterior";"Exportações (FOB) - destino: Japão";"Exportações (FOB) - destino: Japão";"Não oculta";"Internet";40;0;0;"Inlcuída em 02/ago/2010.";"Geradora";"SECEX12";"Internet";"Macro"
"7592";"SECEX12_X403FOB12";NA;NA;"Ativa";"MDIC/SECEX Países";"Comércio exterior";"Exportações (FOB) - destino: Jordânia";"Exportações (FOB) - destino: Jordânia";"Não oculta";"Internet";40;0;0;"Inlcuída em 02/ago/2010.";"Geradora";"SECEX12";"Internet";"Macro"
"7593";"SECEX12_X411FOB12";NA;NA;"Ativa";"MDIC/SECEX Países";"Comércio exterior";"Exportações (FOB) - destino: Kiribati";"Exportações (FOB) - destino: Kiribati";"Não oculta";"Internet";40;0;0;"Inlcuída em 02/ago/2010.";"Geradora";"SECEX12";"Internet";"Macro"
"7594";"SECEX12_X420FOB12";NA;NA;"Ativa";"MDIC/SECEX Países";"Comércio exterior";"Exportações (FOB) - destino: Laos, República Popular Democrática do";"Exportações (FOB) - destino: Laos, República Popular Democrática do";"Não oculta";"Internet";130;0;0;"Inlcuída em 02/ago/2010.";"Geradora";"SECEX12";"Internet";"Macro"
"7595";"SECEX12_X423FOB12";NA;NA;"Ativa";"MDIC/SECEX Países";"Comércio exterior";"Exportações (FOB) - destino: Lebuan, Ilhas";"Exportações (FOB) - destino: Lebuan, Ilhas";"Não oculta";"Internet";40;0;0;"Inlcuída em 02/ago/2010.";"Geradora";"SECEX12";"Internet";"Macro"
"7596";"SECEX12_X426FOB12";NA;NA;"Ativa";"MDIC/SECEX Países";"Comércio exterior";"Exportações (FOB) - destino: Lesoto";"Exportações (FOB) - destino: Lesoto";"Não oculta";"Internet";40;0;0;"Inlcuída em 02/ago/2010.";"Geradora";"SECEX12";"Internet";"Macro"
"7597";"SECEX12_X427FOB12";NA;NA;"Ativa";"MDIC/SECEX Países";"Comércio exterior";"Exportações (FOB) - destino: Letônia";"Exportações (FOB) - destino: Letônia";"Não oculta";"Internet";40;0;0;"Inlcuída em 02/ago/2010.";"Geradora";"SECEX12";"Internet";"Macro"
"7598";"SECEX12_X431FOB12";NA;NA;"Ativa";"MDIC/SECEX Países";"Comércio exterior";"Exportações (FOB) - destino: Líbano";"Exportações (FOB) - destino: Líbano";"Não oculta";"Internet";40;0;0;"Inlcuída em 02/ago/2010.";"Geradora";"SECEX12";"Internet";"Macro"
"7599";"SECEX12_X434FOB12";NA;NA;"Ativa";"MDIC/SECEX Países";"Comércio exterior";"Exportações (FOB) - destino: Libéria";"Exportações (FOB) - destino: Libéria";"Não oculta";"Internet";40;0;0;"Inlcuída em 02/ago/2010.";"Geradora";"SECEX12";"Internet";"Macro"
"7600";"SECEX12_X438FOB12";NA;NA;"Ativa";"MDIC/SECEX Países";"Comércio exterior";"Exportações (FOB) - destino: Líbia";"Exportações (FOB) - destino: Líbia";"Não oculta";"Internet";40;0;0;"Inlcuída em 02/ago/2010.";"Geradora";"SECEX12";"Internet";"Macro"
"7601";"SECEX12_X440FOB12";NA;NA;"Ativa";"MDIC/SECEX Países";"Comércio exterior";"Exportações (FOB) - destino: Liechtenstein";"Exportações (FOB) - destino: Liechtenstein";"Não oculta";"Internet";40;0;0;"Inlcuída em 02/ago/2010.";"Geradora";"SECEX12";"Internet";"Macro"
"7602";"SECEX12_X442FOB12";NA;NA;"Ativa";"MDIC/SECEX Países";"Comércio exterior";"Exportações (FOB) - destino: Lituânia";"Exportações (FOB) - destino: Lituânia";"Não oculta";"Internet";40;0;0;"Inlcuída em 02/ago/2010.";"Geradora";"SECEX12";"Internet";"Macro"
"7603";"SECEX12_X445FOB12";NA;NA;"Ativa";"MDIC/SECEX Países";"Comércio exterior";"Exportações (FOB) - destino: Luxemburgo";"Exportações (FOB) - destino: Luxemburgo";"Não oculta";"Internet";40;0;0;"Inlcuída em 02/ago/2010.";"Geradora";"SECEX12";"Internet";"Macro"
"7604";"SECEX12_X447FOB12";NA;NA;"Ativa";"MDIC/SECEX Países";"Comércio exterior";"Exportações (FOB) - destino: Macau";"Exportações (FOB) - destino: Macau";"Não oculta";"Internet";40;0;0;"Inlcuída em 02/ago/2010.";"Geradora";"SECEX12";"Internet";"Macro"
"7605";"SECEX12_X449FOB12";NA;NA;"Ativa";"MDIC/SECEX Países";"Comércio exterior";"Exportações (FOB) - destino: Macedônia, Antiga República Iugoslava da";"Exportações (FOB) - destino: Macedônia, Antiga República Iugoslava da";"Não oculta";"Internet";40;0;0;"Inlcuída em 02/ago/2010.";"Geradora";"SECEX12";"Internet";"Macro"
"7606";"SECEX12_X450FOB12";NA;NA;"Ativa";"MDIC/SECEX Países";"Comércio exterior";"Exportações (FOB) - destino: Madagascar";"Exportações (FOB) - destino: Madagascar";"Não oculta";"Internet";40;0;0;"Inlcuída em 02/ago/2010.";"Geradora";"SECEX12";"Internet";"Macro"
"7607";"SECEX12_X452FOB12";NA;NA;"Ativa";"MDIC/SECEX Países";"Comércio exterior";"Exportações (FOB) - destino: Madeira, Ilha da";"Exportações (FOB) - destino: Madeira, Ilha da";"Não oculta";"Internet";40;0;0;"Inlcuída em 02/ago/2010.";"Geradora";"SECEX12";"Internet";"Macro"
"7608";"SECEX12_X455FOB12";NA;NA;"Ativa";"MDIC/SECEX Países";"Comércio exterior";"Exportações (FOB) - destino: Malásia";"Exportações (FOB) - destino: Malásia";"Não oculta";"Internet";40;0;0;"Inlcuída em 02/ago/2010.";"Geradora";"SECEX12";"Internet";"Macro"
"7609";"SECEX12_X458FOB12";NA;NA;"Ativa";"MDIC/SECEX Países";"Comércio exterior";"Exportações (FOB) - destino: Malavi";"Exportações (FOB) - destino: Malavi";"Não oculta";"Internet";40;0;0;"Inlcuída em 02/ago/2010.";"Geradora";"SECEX12";"Internet";"Macro"
"7610";"SECEX12_X461FOB12";NA;NA;"Ativa";"MDIC/SECEX Países";"Comércio exterior";"Exportações (FOB) - destino: Maldivas";"Exportações (FOB) - destino: Maldivas";"Não oculta";"Internet";40;0;0;"Inlcuída em 02/ago/2010.";"Geradora";"SECEX12";"Internet";"Macro"
"7611";"SECEX12_X464FOB12";NA;NA;"Ativa";"MDIC/SECEX Países";"Comércio exterior";"Exportações (FOB) - destino: Mali";"Exportações (FOB) - destino: Mali";"Não oculta";"Internet";40;0;0;"Inlcuída em 02/ago/2010.";"Geradora";"SECEX12";"Internet";"Macro"
"7612";"SECEX12_X467FOB12";NA;NA;"Ativa";"MDIC/SECEX Países";"Comércio exterior";"Exportações (FOB) - destino: Malta";"Exportações (FOB) - destino: Malta";"Não oculta";"Internet";40;0;0;"Inlcuída em 02/ago/2010.";"Geradora";"SECEX12";"Internet";"Macro"
"7613";"SECEX12_X472FOB12";NA;NA;"Ativa";"MDIC/SECEX Países";"Comércio exterior";"Exportações (FOB) - destino: Marianas do Norte, Ilhas";"Exportações (FOB) - destino: Marianas do Norte, Ilhas";"Não oculta";"Internet";40;0;0;"Inlcuída em 02/ago/2010.";"Geradora";"SECEX12";"Internet";"Macro"
"7614";"SECEX12_X474FOB12";NA;NA;"Ativa";"MDIC/SECEX Países";"Comércio exterior";"Exportações (FOB) - destino: Marrocos";"Exportações (FOB) - destino: Marrocos";"Não oculta";"Internet";40;0;0;"Inlcuída em 02/ago/2010.";"Geradora";"SECEX12";"Internet";"Macro"
"7615";"SECEX12_X476FOB12";NA;NA;"Ativa";"MDIC/SECEX Países";"Comércio exterior";"Exportações (FOB) - destino: Marshall, Ilhas";"Exportações (FOB) - destino: Marshall, Ilhas";"Não oculta";"Internet";40;0;0;"Inlcuída em 02/ago/2010.";"Geradora";"SECEX12";"Internet";"Macro"
"7616";"SECEX12_X477FOB12";NA;NA;"Ativa";"MDIC/SECEX Países";"Comércio exterior";"Exportações (FOB) - destino: Martinica";"Exportações (FOB) - destino: Martinica";"Não oculta";"Internet";40;0;0;"Inlcuída em 02/ago/2010.";"Geradora";"SECEX12";"Internet";"Macro"
"7617";"SECEX12_X485FOB12";NA;NA;"Ativa";"MDIC/SECEX Países";"Comércio exterior";"Exportações (FOB) - destino: Maurício";"Exportações (FOB) - destino: Maurício";"Não oculta";"Internet";40;0;0;"Inlcuída em 02/ago/2010.";"Geradora";"SECEX12";"Internet";"Macro"
"7618";"SECEX12_X488FOB12";NA;NA;"Ativa";"MDIC/SECEX Países";"Comércio exterior";"Exportações (FOB) - destino: Mauritânia";"Exportações (FOB) - destino: Mauritânia";"Não oculta";"Internet";40;0;0;"Inlcuída em 02/ago/2010.";"Geradora";"SECEX12";"Internet";"Macro"
"7619";"SECEX12_X490FOB12";NA;NA;"Ativa";"MDIC/SECEX Países";"Comércio exterior";"Exportações (FOB) - destino: Midway, Ilhas";"Exportações (FOB) - destino: Midway, Ilhas";"Não oculta";"Internet";40;0;0;"Inlcuída em 02/ago/2010.";"Geradora";"SECEX12";"Internet";"Macro"
"7620";"SECEX12_X493FOB12";NA;NA;"Ativa";"MDIC/SECEX Países";"Comércio exterior";"Exportações (FOB) - destino: México";"Exportações (FOB) - destino: México";"Não oculta";"Internet";40;0;0;"Inlcuída em 02/ago/2010.";"Geradora";"SECEX12";"Internet";"Macro"
"7621";"SECEX12_X494FOB12";NA;NA;"Ativa";"MDIC/SECEX Países";"Comércio exterior";"Exportações (FOB) - destino: Moldova, República da";"Exportações (FOB) - destino: Moldova, República da";"Não oculta";"Internet";40;0;0;"Inlcuída em 02/ago/2010.";"Geradora";"SECEX12";"Internet";"Macro"
"7622";"SECEX12_X495FOB12";NA;NA;"Ativa";"MDIC/SECEX Países";"Comércio exterior";"Exportações (FOB) - destino: Mônaco";"Exportações (FOB) - destino: Mônaco";"Não oculta";"Internet";40;0;0;"Inlcuída em 02/ago/2010.";"Geradora";"SECEX12";"Internet";"Macro"
"7623";"SECEX12_X497FOB12";NA;NA;"Ativa";"MDIC/SECEX Países";"Comércio exterior";"Exportações (FOB) - destino: Mongólia";"Exportações (FOB) - destino: Mongólia";"Não oculta";"Internet";40;0;0;"Inlcuída em 02/ago/2010.";"Geradora";"SECEX12";"Internet";"Macro"
"7624";"SECEX12_X498FOB12";NA;NA;"Ativa";"MDIC/SECEX Países";"Comércio exterior";"Exportações (FOB) - destino: Montenegro";"Exportações (FOB) - destino: Montenegro";"Não oculta";"Internet";40;0;0;"Inlcuída em 02/ago/2010.";"Geradora";"SECEX12";"Internet";"Macro"
"7625";"SECEX12_X499FOB12";NA;NA;"Ativa";"MDIC/SECEX Países";"Comércio exterior";"Exportações (FOB) - destino: Micronésia, Estados Federados da";"Exportações (FOB) - destino: Micronésia, Estados Federados da";"Não oculta";"Internet";40;0;0;"Inlcuída em 02/ago/2010.";"Geradora";"SECEX12";"Internet";"Macro"
"7626";"SECEX12_X501FOB12";NA;NA;"Ativa";"MDIC/SECEX Países";"Comércio exterior";"Exportações (FOB) - destino: Montserrat";"Exportações (FOB) - destino: Montserrat";"Não oculta";"Internet";40;0;0;"Inlcuída em 02/ago/2010.";"Geradora";"SECEX12";"Internet";"Macro"
"7627";"SECEX12_X505FOB12";NA;NA;"Ativa";"MDIC/SECEX Países";"Comércio exterior";"Exportações (FOB) - destino: Moçambique";"Exportações (FOB) - destino: Moçambique";"Não oculta";"Internet";40;0;0;"Inlcuída em 02/ago/2010.";"Geradora";"SECEX12";"Internet";"Macro"
"7628";"SECEX12_X507FOB12";NA;NA;"Ativa";"MDIC/SECEX Países";"Comércio exterior";"Exportações (FOB) - destino: Namíbia";"Exportações (FOB) - destino: Namíbia";"Não oculta";"Internet";40;0;0;"Inlcuída em 02/ago/2010.";"Geradora";"SECEX12";"Internet";"Macro"
"7629";"SECEX12_X508FOB12";NA;NA;"Ativa";"MDIC/SECEX Países";"Comércio exterior";"Exportações (FOB) - destino: Nauru";"Exportações (FOB) - destino: Nauru";"Não oculta";"Internet";40;0;0;"Inlcuída em 02/ago/2010.";"Geradora";"SECEX12";"Internet";"Macro"
"7630";"SECEX12_X511FOB12";NA;NA;"Ativa";"MDIC/SECEX Países";"Comércio exterior";"Exportações (FOB) - destino: Christmas (Navidad), Ilha";"Exportações (FOB) - destino: Christmas (Navidad), Ilha";"Não oculta";"Internet";40;0;0;"Inlcuída em 02/ago/2010.";"Geradora";"SECEX12";"Internet";"Macro"
"7631";"SECEX12_X517FOB12";NA;NA;"Ativa";"MDIC/SECEX Países";"Comércio exterior";"Exportações (FOB) - destino: Nepal";"Exportações (FOB) - destino: Nepal";"Não oculta";"Internet";40;0;0;"Inlcuída em 02/ago/2010.";"Geradora";"SECEX12";"Internet";"Macro"
"7632";"SECEX12_X521FOB12";NA;NA;"Ativa";"MDIC/SECEX Países";"Comércio exterior";"Exportações (FOB) - destino: Nicarágua";"Exportações (FOB) - destino: Nicarágua";"Não oculta";"Internet";40;0;0;"Inlcuída em 02/ago/2010.";"Geradora";"SECEX12";"Internet";"Macro"
"7633";"SECEX12_X525FOB12";NA;NA;"Ativa";"MDIC/SECEX Países";"Comércio exterior";"Exportações (FOB) - destino: Níger";"Exportações (FOB) - destino: Níger";"Não oculta";"Internet";40;0;0;"Inlcuída em 02/ago/2010.";"Geradora";"SECEX12";"Internet";"Macro"
"7634";"SECEX12_X528FOB12";NA;NA;"Ativa";"MDIC/SECEX Países";"Comércio exterior";"Exportações (FOB) - destino: Nigéria";"Exportações (FOB) - destino: Nigéria";"Não oculta";"Internet";40;0;0;"Inlcuída em 02/ago/2010.";"Geradora";"SECEX12";"Internet";"Macro"
"7635";"SECEX12_X531FOB12";NA;NA;"Ativa";"MDIC/SECEX Países";"Comércio exterior";"Exportações (FOB) - destino: Niue";"Exportações (FOB) - destino: Niue";"Não oculta";"Internet";40;0;0;"Inlcuída em 02/ago/2010.";"Geradora";"SECEX12";"Internet";"Macro"
"7636";"SECEX12_X535FOB12";NA;NA;"Ativa";"MDIC/SECEX Países";"Comércio exterior";"Exportações (FOB) - destino: Norfolk, Ilha";"Exportações (FOB) - destino: Norfolk, Ilha";"Não oculta";"Internet";40;0;0;"Inlcuída em 02/ago/2010.";"Geradora";"SECEX12";"Internet";"Macro"
"7637";"SECEX12_X538FOB12";NA;NA;"Ativa";"MDIC/SECEX Países";"Comércio exterior";"Exportações (FOB) - destino: Noruega";"Exportações (FOB) - destino: Noruega";"Não oculta";"Internet";40;0;0;"Inlcuída em 02/ago/2010.";"Geradora";"SECEX12";"Internet";"Macro"
"7638";"SECEX12_X542FOB12";NA;NA;"Ativa";"MDIC/SECEX Países";"Comércio exterior";"Exportações (FOB) - destino: Nova Caledônia";"Exportações (FOB) - destino: Nova Caledônia";"Não oculta";"Internet";40;0;0;"Inlcuída em 02/ago/2010.";"Geradora";"SECEX12";"Internet";"Macro"
"7639";"SECEX12_X545FOB12";NA;NA;"Ativa";"MDIC/SECEX Países";"Comércio exterior";"Exportações (FOB) - destino: Papua Nova Guiné";"Exportações (FOB) - destino: Papua Nova Guiné";"Não oculta";"Internet";40;0;0;"Inlcuída em 02/ago/2010.";"Geradora";"SECEX12";"Internet";"Macro"
"7640";"SECEX12_X548FOB12";NA;NA;"Ativa";"MDIC/SECEX Países";"Comércio exterior";"Exportações (FOB) - destino: Nova Zelândia";"Exportações (FOB) - destino: Nova Zelândia";"Não oculta";"Internet";40;0;0;"Inlcuída em 02/ago/2010.";"Geradora";"SECEX12";"Internet";"Macro"
"7641";"SECEX12_X551FOB12";NA;NA;"Ativa";"MDIC/SECEX Países";"Comércio exterior";"Exportações (FOB) - destino: Vanuatu";"Exportações (FOB) - destino: Vanuatu";"Não oculta";"Internet";40;0;0;"Inlcuída em 02/ago/2010.";"Geradora";"SECEX12";"Internet";"Macro"
"7642";"SECEX12_X556FOB12";NA;NA;"Ativa";"MDIC/SECEX Países";"Comércio exterior";"Exportações (FOB) - destino: Omã";"Exportações (FOB) - destino: Omã";"Não oculta";"Internet";40;0;0;"Inlcuída em 02/ago/2010.";"Geradora";"SECEX12";"Internet";"Macro"
"7643";"SECEX12_X563FOB12";NA;NA;"Inativa";"MDIC/SECEX";"Comércio exterior";"Exportações (FOB) - destino: Pacífico, Ilhas do (Administração dos EUA)";"Exportações (FOB) - destino: Pacífico, Ilhas do (Administração dos EUA) ";"Oculta";"Intranet";40;0;0;"Inlcuída em 02/ago/2010.";"Geradora";"SECEX12";"Oculta";"Macro"
"7644";"SECEX12_X566FOB12";NA;NA;"Ativa";"MDIC/SECEX Países";"Comércio exterior";"Exportações (FOB) - destino: Pacífico, Ilhas do (EUA)";"Exportações (FOB) - destino: Pacífico, Ilhas do (EUA)";"Não oculta";"Internet";40;0;0;"Inlcuída em 02/ago/2010.";"Geradora";"SECEX12";"Internet";"Macro"
"7645";"SECEX12_X569FOB12";NA;NA;"Inativa";"MDIC/SECEX";"Comércio exterior";"Exportações (FOB) - destino: Pacífico, Ilhas do (Território Fideicomisso EUA)";"Exportações (FOB) - destino: Pacífico, Ilhas do (Território Fideicomisso EUA)";"Oculta";"Intranet";40;0;0;"Inlcuída em 02/ago/2010.";"Geradora";"SECEX12";"Oculta";"Macro"
"7646";"SECEX12_X573FOB12";NA;NA;"Ativa";"MDIC/SECEX Países";"Comércio exterior";"Exportações (FOB) - destino: Países Baixos (Holanda)";"Exportações (FOB) - destino: Países Baixos (Holanda)";"Não oculta";"Internet";40;0;0;"Inlcuída em 02/ago/2010.";"Geradora";"SECEX12";"Internet";"Macro"
"7647";"SECEX12_X575FOB12";NA;NA;"Ativa";"MDIC/SECEX Países";"Comércio exterior";"Exportações (FOB) - destino: Palau";"Exportações (FOB) - destino: Palau";"Não oculta";"Internet";40;0;0;"Inlcuída em 02/ago/2010.";"Geradora";"SECEX12";"Internet";"Macro"
"7648";"SECEX12_X576FOB12";NA;NA;"Ativa";"MDIC/SECEX Países";"Comércio exterior";"Exportações (FOB) - destino: Paquistão";"Exportações (FOB) - destino: Paquistão";"Não oculta";"Internet";40;0;0;"Inlcuída em 02/ago/2010.";"Geradora";"SECEX12";"Internet";"Macro"
"7649";"SECEX12_X580FOB12";NA;NA;"Ativa";"MDIC/SECEX Países";"Comércio exterior";"Exportações (FOB) - destino: Panamá";"Exportações (FOB) - destino: Panamá";"Não oculta";"Internet";40;0;0;"Inlcuída em 02/ago/2010.";"Geradora";"SECEX12";"Internet";"Macro"
"7650";"SECEX12_X586FOB12";NA;NA;"Ativa";"MDIC/SECEX Países";"Comércio exterior";"Exportações (FOB) - destino: Paraguai";"Exportações (FOB) - destino: Paraguai";"Não oculta";"Internet";40;0;0;"Inlcuída em 02/ago/2010.";"Geradora";"SECEX12";"Internet";"Macro"
"7651";"SECEX12_X589FOB12";NA;NA;"Ativa";"MDIC/SECEX Países";"Comércio exterior";"Exportações (FOB) - destino: Peru";"Exportações (FOB) - destino: Peru";"Não oculta";"Internet";40;0;0;"Inlcuída em 02/ago/2010.";"Geradora";"SECEX12";"Internet";"Macro"
"7652";"SECEX12_X593FOB12";NA;NA;"Ativa";"MDIC/SECEX Países";"Comércio exterior";"Exportações (FOB) - destino: Pitcairn";"Exportações (FOB) - destino: Pitcairn";"Não oculta";"Internet";40;0;0;"Inlcuída em 02/ago/2010.";"Geradora";"SECEX12";"Internet";"Macro"
"7653";"SECEX12_X599FOB12";NA;NA;"Ativa";"MDIC/SECEX Países";"Comércio exterior";"Exportações (FOB) - destino: Polinésia Francesa";"Exportações (FOB) - destino: Polinésia Francesa";"Não oculta";"Internet";40;0;0;"Inlcuída em 02/ago/2010.";"Geradora";"SECEX12";"Internet";"Macro"
"7654";"SECEX12_X603FOB12";NA;NA;"Ativa";"MDIC/SECEX Países";"Comércio exterior";"Exportações (FOB) - destino: Polônia";"Exportações (FOB) - destino: Polônia";"Não oculta";"Internet";40;0;0;"Inlcuída em 02/ago/2010.";"Geradora";"SECEX12";"Internet";"Macro"
"7655";"SECEX12_X607FOB12";NA;NA;"Ativa";"MDIC/SECEX Países";"Comércio exterior";"Exportações (FOB) - destino: Portugal";"Exportações (FOB) - destino: Portugal";"Não oculta";"Internet";40;0;0;"Inlcuída em 02/ago/2010.";"Geradora";"SECEX12";"Internet";"Macro"
"7656";"SECEX12_X611FOB12";NA;NA;"Ativa";"MDIC/SECEX Países";"Comércio exterior";"Exportações (FOB) - destino: Porto Rico";"Exportações (FOB) - destino: Porto Rico";"Não oculta";"Internet";40;0;0;"Inlcuída em 02/ago/2010.";"Geradora";"SECEX12";"Internet";"Macro"
"7657";"SECEX12_X623FOB12";NA;NA;"Ativa";"MDIC/SECEX Países";"Comércio exterior";"Exportações (FOB) - destino: Quênia";"Exportações (FOB) - destino: Quênia";"Não oculta";"Internet";40;0;0;"Inlcuída em 02/ago/2010.";"Geradora";"SECEX12";"Internet";"Macro"
"7658";"SECEX12_X625FOB12";NA;NA;"Ativa";"MDIC/SECEX Países";"Comércio exterior";"Exportações (FOB) - destino: Quirguiz, República";"Exportações (FOB) - destino: Quirguiz, República";"Não oculta";"Internet";40;0;0;"Inlcuída em 02/ago/2010.";"Geradora";"SECEX12";"Internet";"Macro"
"7659";"SECEX12_X628FOB12";NA;NA;"Ativa";"MDIC/SECEX Países";"Comércio exterior";"Exportações (FOB) - destino: Reino Unido";"Exportações (FOB) - destino: Reino Unido";"Não oculta";"Internet";40;0;0;"Inlcuída em 02/ago/2010.";"Geradora";"SECEX12";"Internet";"Macro"
"7660";"SECEX12_X640FOB12";NA;NA;"Ativa";"MDIC/SECEX Países";"Comércio exterior";"Exportações (FOB) - destino: República Centro-Africana";"Exportações (FOB) - destino: República Centro-Africana";"Não oculta";"Internet";40;0;0;"Inlcuída em 02/ago/2010.";"Geradora";"SECEX12";"Internet";"Macro"
"7661";"SECEX12_X647FOB12";NA;NA;"Ativa";"MDIC/SECEX Países";"Comércio exterior";"Exportações (FOB) - destino: República Dominicana";"Exportações (FOB) - destino: República Dominicana";"Não oculta";"Internet";40;0;0;"Inlcuída em 02/ago/2010.";"Geradora";"SECEX12";"Internet";"Macro"
"7662";"SECEX12_X660FOB12";NA;NA;"Ativa";"MDIC/SECEX Países";"Comércio exterior";"Exportações (FOB) - destino: Reunião";"Exportações (FOB) - destino: Reunião";"Não oculta";"Internet";40;0;0;"Inlcuída em 02/ago/2010.";"Geradora";"SECEX12";"Internet";"Macro"
"7663";"SECEX12_X665FOB12";NA;NA;"Ativa";"MDIC/SECEX Países";"Comércio exterior";"Exportações (FOB) - destino: Zimbábue";"Exportações (FOB) - destino: Zimbábue";"Não oculta";"Internet";40;0;0;"Inlcuída em 02/ago/2010.";"Geradora";"SECEX12";"Internet";"Macro"
"7664";"SECEX12_X670FOB12";NA;NA;"Ativa";"MDIC/SECEX Países";"Comércio exterior";"Exportações (FOB) - destino: Romênia";"Exportações (FOB) - destino: Romênia";"Não oculta";"Internet";40;0;0;"Inlcuída em 02/ago/2010.";"Geradora";"SECEX12";"Internet";"Macro"
"7665";"SECEX12_X675FOB12";NA;NA;"Ativa";"MDIC/SECEX Países";"Comércio exterior";"Exportações (FOB) - destino: Ruanda";"Exportações (FOB) - destino: Ruanda";"Não oculta";"Internet";40;0;0;"Inlcuída em 02/ago/2010.";"Geradora";"SECEX12";"Internet";"Macro"
"7666";"SECEX12_X676FOB12";NA;NA;"Ativa";"MDIC/SECEX Países";"Comércio exterior";"Exportações (FOB) - destino: Rússia, Federação da";"Exportações (FOB) - destino: Rússia, Federação da";"Não oculta";"Internet";40;0;0;"Inlcuída em 02/ago/2010.";"Geradora";"SECEX12";"Internet";"Macro"
"7667";"SECEX12_X677FOB12";NA;NA;"Ativa";"MDIC/SECEX Países";"Comércio exterior";"Exportações (FOB) - destino: Salomão, Ilhas";"Exportações (FOB) - destino: Salomão, Ilhas";"Não oculta";"Internet";40;0;0;"Inlcuída em 02/ago/2010.";"Geradora";"SECEX12";"Internet";"Macro"
"7668";"SECEX12_X678FOB12";NA;NA;"Ativa";"MDIC/SECEX Países";"Comércio exterior";"Exportações (FOB) - destino: Saint Kitts e Nevis";"Exportações (FOB) - destino: Saint Kitts e Nevis";"Não oculta";"Internet";40;0;0;"Inlcuída em 02/ago/2010.";"Geradora";"SECEX12";"Internet";"Macro"
"7669";"SECEX12_X685FOB12";NA;NA;"Ativa";"MDIC/SECEX Países";"Comércio exterior";"Exportações (FOB) - destino: Saara Ocidental";"Exportações (FOB) - destino: Saara Ocidental";"Não oculta";"Internet";40;0;0;"Inlcuída em 02/ago/2010.";"Geradora";"SECEX12";"Internet";"Macro"
"7670";"SECEX12_X687FOB12";NA;NA;"Ativa";"MDIC/SECEX Países";"Comércio exterior";"Exportações (FOB) - destino: El Salvador";"Exportações (FOB) - destino: El Salvador";"Não oculta";"Internet";40;0;0;"Inlcuída em 02/ago/2010.";"Geradora";"SECEX12";"Internet";"Macro"
"7671";"SECEX12_X690FOB12";NA;NA;"Ativa";"MDIC/SECEX Países";"Comércio exterior";"Exportações (FOB) - destino: Samoa";"Exportações (FOB) - destino: Samoa";"Não oculta";"Internet";40;0;0;"Inlcuída em 02/ago/2010.";"Geradora";"SECEX12";"Internet";"Macro"
"7672";"SECEX12_X691FOB12";NA;NA;"Ativa";"MDIC/SECEX Países";"Comércio exterior";"Exportações (FOB) - destino: Samoa Americana";"Exportações (FOB) - destino: Samoa Americana";"Não oculta";"Internet";40;0;0;"Inlcuída em 02/ago/2010.";"Geradora";"SECEX12";"Internet";"Macro"
"7673";"SECEX12_X695FOB12";NA;NA;"Ativa";"MDIC/SECEX Países";"Comércio exterior";"Exportações (FOB) - destino: São Cristovão e Nevis";"Exportações (FOB) - destino: São Cristovão e Nevis";"Não oculta";"Internet";40;0;0;"Inlcuída em 02/ago/2010.";"Geradora";"SECEX12";"Internet";"Macro"
"7674";"SECEX12_X697FOB12";NA;NA;"Ativa";"MDIC/SECEX Países";"Comércio exterior";"Exportações (FOB) - destino: San Marino";"Exportações (FOB) - destino: San Marino";"Não oculta";"Internet";40;0;0;"Inlcuída em 02/ago/2010.";"Geradora";"SECEX12";"Internet";"Macro"
"7675";"SECEX12_X700FOB12";NA;NA;"Ativa";"MDIC/SECEX Países";"Comércio exterior";"Exportações (FOB) - destino: São Pedro e Miquellon";"Exportações (FOB) - destino: São Pedro e Miquellon";"Não oculta";"Internet";40;0;0;"Inlcuída em 02/ago/2010.";"Geradora";"SECEX12";"Internet";"Macro"
"7676";"SECEX12_X705FOB12";NA;NA;"Ativa";"MDIC/SECEX Países";"Comércio exterior";"Exportações (FOB) - destino: São Vicente e Granadinas";"Exportações (FOB) - destino: São Vicente e Granadinas";"Não oculta";"Internet";40;0;0;"Inlcuída em 02/ago/2010.";"Geradora";"SECEX12";"Internet";"Macro"
"7677";"SECEX12_X710FOB12";NA;NA;"Ativa";"MDIC/SECEX Países";"Comércio exterior";"Exportações (FOB) - destino: Santa Helena";"Exportações (FOB) - destino: Santa Helena";"Não oculta";"Internet";40;0;0;"Inlcuída em 02/ago/2010.";"Geradora";"SECEX12";"Internet";"Macro"
"7678";"SECEX12_X715FOB12";NA;NA;"Ativa";"MDIC/SECEX Países";"Comércio exterior";"Exportações (FOB) - destino: Santa Lúcia";"Exportações (FOB) - destino: Santa Lúcia";"Não oculta";"Internet";40;0;0;"Inlcuída em 02/ago/2010.";"Geradora";"SECEX12";"Internet";"Macro"
"7679";"SECEX12_X720FOB12";NA;NA;"Ativa";"MDIC/SECEX Países";"Comércio exterior";"Exportações (FOB) - destino: São Tomé e Príncipe";"Exportações (FOB) - destino: São Tomé e Príncipe";"Não oculta";"Internet";40;0;0;"Inlcuída em 02/ago/2010.";"Geradora";"SECEX12";"Internet";"Macro"
"7680";"SECEX12_X728FOB12";NA;NA;"Ativa";"MDIC/SECEX Países";"Comércio exterior";"Exportações (FOB) - destino: Senegal";"Exportações (FOB) - destino: Senegal";"Não oculta";"Internet";40;0;0;"Inlcuída em 02/ago/2010.";"Geradora";"SECEX12";"Internet";"Macro"
"7681";"SECEX12_X731FOB12";NA;NA;"Ativa";"MDIC/SECEX Países";"Comércio exterior";"Exportações (FOB) - destino: Seychelles";"Exportações (FOB) - destino: Seychelles";"Não oculta";"Internet";40;0;0;"Inlcuída em 02/ago/2010.";"Geradora";"SECEX12";"Internet";"Macro"
"7682";"SECEX12_X735FOB12";NA;NA;"Ativa";"MDIC/SECEX Países";"Comércio exterior";"Exportações (FOB) - destino: Serra Leoa";"Exportações (FOB) - destino: Serra Leoa";"Não oculta";"Internet";40;0;0;"Inlcuída em 02/ago/2010.";"Geradora";"SECEX12";"Internet";"Macro"
"7683";"SECEX12_X737FOB12";NA;NA;"Ativa";"MDIC/SECEX Países";"Comércio exterior";"Exportações (FOB) - destino: Sérvia";"Exportações (FOB) - destino: Sérvia";"Não oculta";"Internet";40;0;0;"Inlcuída em 02/ago/2010.";"Geradora";"SECEX12";"Internet";"Macro"
"7684";"SECEX12_X741FOB12";NA;NA;"Ativa";"MDIC/SECEX Países";"Comércio exterior";"Exportações (FOB) - destino: Cingapura";"Exportações (FOB) - destino: Cingapura";"Não oculta";"Internet";40;0;0;"Inlcuída em 02/ago/2010.";"Geradora";"SECEX12";"Internet";"Macro"
"7685";"SECEX12_X744FOB12";NA;NA;"Ativa";"MDIC/SECEX Países";"Comércio exterior";"Exportações (FOB) - destino: Síria, República Árabe da";"Exportações (FOB) - destino: Síria, República Árabe da";"Não oculta";"Internet";40;0;0;"Inlcuída em 02/ago/2010.";"Geradora";"SECEX12";"Internet";"Macro"
"7686";"SECEX12_X748FOB12";NA;NA;"Ativa";"MDIC/SECEX Países";"Comércio exterior";"Exportações (FOB) - destino: Somália";"Exportações (FOB) - destino: Somália";"Não oculta";"Internet";130;0;0;"Inlcuída em 02/ago/2010.";"Geradora";"SECEX12";"Internet";"Macro"
"7687";"SECEX12_X750FOB12";NA;NA;"Ativa";"MDIC/SECEX Países";"Comércio exterior";"Exportações (FOB) - destino: Sri Lanka";"Exportações (FOB) - destino: Sri Lanka";"Não oculta";"Internet";40;0;0;"Inlcuída em 02/ago/2010.";"Geradora";"SECEX12";"Internet";"Macro"
"7688";"SECEX12_X754FOB12";NA;NA;"Ativa";"MDIC/SECEX Países";"Comércio exterior";"Exportações (FOB) - destino: Suazilândia";"Exportações (FOB) - destino: Suazilândia";"Não oculta";"Internet";40;0;0;"Inlcuída em 02/ago/2010.";"Geradora";"SECEX12";"Internet";"Macro"
"7689";"SECEX12_X756FOB12";NA;NA;"Ativa";"MDIC/SECEX Países";"Comércio exterior";"Exportações (FOB) - destino: África do Sul";"Exportações (FOB) - destino: África do Sul";"Não oculta";"Internet";40;0;0;"Inlcuída em 02/ago/2010.";"Geradora";"SECEX12";"Internet";"Macro"
"7690";"SECEX12_X759FOB12";NA;NA;"Ativa";"MDIC/SECEX Países";"Comércio exterior";"Exportações (FOB) - destino: Sudão";"Exportações (FOB) - destino: Sudão";"Não oculta";"Internet";40;0;0;"Inlcuída em 02/ago/2010.";"Geradora";"SECEX12";"Internet";"Macro"
"7691";"SECEX12_X764FOB12";NA;NA;"Ativa";"MDIC/SECEX Países";"Comércio exterior";"Exportações (FOB) - destino: Suécia";"Exportações (FOB) - destino: Suécia";"Não oculta";"Internet";40;0;0;"Inlcuída em 02/ago/2010.";"Geradora";"SECEX12";"Internet";"Macro"
"7692";"SECEX12_X767FOB12";NA;NA;"Ativa";"MDIC/SECEX Países";"Comércio exterior";"Exportações (FOB) - destino: Suíça";"Exportações (FOB) - destino: Suíça";"Não oculta";"Internet";40;0;0;"Inlcuída em 02/ago/2010.";"Geradora";"SECEX12";"Internet";"Macro"
"7693";"SECEX12_X770FOB12";NA;NA;"Ativa";"MDIC/SECEX Países";"Comércio exterior";"Exportações (FOB) - destino: Suriname";"Exportações (FOB) - destino: Suriname";"Não oculta";"Internet";40;0;0;"Inlcuída em 02/ago/2010.";"Geradora";"SECEX12";"Internet";"Macro"
"7694";"SECEX12_X772FOB12";NA;NA;"Ativa";"MDIC/SECEX Países";"Comércio exterior";"Exportações (FOB) - destino: Tadjiquistão";"Exportações (FOB) - destino: Tadjiquistão";"Não oculta";"Internet";40;0;0;"Inlcuída em 02/ago/2010.";"Geradora";"SECEX12";"Internet";"Macro"
"7695";"SECEX12_X776FOB12";NA;NA;"Ativa";"MDIC/SECEX Países";"Comércio exterior";"Exportações (FOB) - destino: Tailândia";"Exportações (FOB) - destino: Tailândia";"Não oculta";"Internet";40;0;0;"Inlcuída em 02/ago/2010.";"Geradora";"SECEX12";"Internet";"Macro"
"7696";"SECEX12_X780FOB12";NA;NA;"Ativa";"MDIC/SECEX Países";"Comércio exterior";"Exportações (FOB) - destino: Tanzânia, República Unida da";"Exportações (FOB) - destino: Tanzânia, República Unida da";"Não oculta";"Internet";40;0;0;"Inlcuída em 02/ago/2010.";"Geradora";"SECEX12";"Internet";"Macro"
"7697";"SECEX12_X782FOB12";NA;NA;"Ativa";"MDIC/SECEX Países";"Comércio exterior";"Exportações (FOB) - destino: Território Britânico do Oceano Índico";"Exportações (FOB) - destino: Território Britânico do Oceano Índico";"Não oculta";"Internet";40;0;0;"Inlcuída em 02/ago/2010.";"Geradora";"SECEX12";"Internet";"Macro"
"7698";"SECEX12_X783FOB12";NA;NA;"Ativa";"MDIC/SECEX Países";"Comércio exterior";"Exportações (FOB) - destino: Djibuti";"Exportações (FOB) - destino: Djibuti";"Não oculta";"Internet";40;0;0;"Inlcuída em 02/ago/2010.";"Geradora";"SECEX12";"Internet";"Macro"
"7699";"SECEX12_X788FOB12";NA;NA;"Ativa";"MDIC/SECEX Países";"Comércio exterior";"Exportações (FOB) - destino: Chade";"Exportações (FOB) - destino: Chade";"Não oculta";"Internet";40;0;0;"Inlcuída em 02/ago/2010.";"Geradora";"SECEX12";"Internet";"Macro"
"7700";"SECEX12_X790FOB12";NA;NA;"Inativa";"MDIC/SECEX Países";"Comércio exterior";"Exportações (FOB) - destino: Tchecoslováquia";"Exportações (FOB) - destino: Tchecoslováquia";"Não oculta";"Internet";40;0;0;"Inlcuída em 02/ago/2010.";"Geradora";"SECEX12";"Internet";"Macro"
"7701";"SECEX12_X791FOB12";NA;NA;"Ativa";"MDIC/SECEX Países";"Comércio exterior";"Exportações (FOB) - destino: Tcheca, República";"Exportações (FOB) - destino: Tcheca, República";"Não oculta";"Internet";40;0;0;"Inlcuída em 02/ago/2010.";"Geradora";"SECEX12";"Internet";"Macro"
"7702";"SECEX12_X795FOB12";NA;NA;"Ativa";"MDIC/SECEX Países";"Comércio exterior";"Exportações (FOB) - destino: Timor Leste";"Exportações (FOB) - destino: Timor Leste";"Não oculta";"Internet";40;0;0;"Inlcuída em 02/ago/2010.";"Geradora";"SECEX12";"Internet";"Macro"
"7703";"SECEX12_X800FOB12";NA;NA;"Ativa";"MDIC/SECEX Países";"Comércio exterior";"Exportações (FOB) - destino: Togo";"Exportações (FOB) - destino: Togo";"Não oculta";"Internet";40;0;0;"Inlcuída em 02/ago/2010.";"Geradora";"SECEX12";"Internet";"Macro"
"7704";"SECEX12_X805FOB12";NA;NA;"Ativa";"MDIC/SECEX Países";"Comércio exterior";"Exportações (FOB) - destino: Toquelau";"Exportações (FOB) - destino: Toquelau";"Não oculta";"Internet";40;0;0;"Inlcuída em 02/ago/2010.";"Geradora";"SECEX12";"Internet";"Macro"
"7705";"SECEX12_X810FOB12";NA;NA;"Ativa";"MDIC/SECEX Países";"Comércio exterior";"Exportações (FOB) - destino: Tonga";"Exportações (FOB) - destino: Tonga";"Não oculta";"Internet";40;0;0;"Inlcuída em 02/ago/2010.";"Geradora";"SECEX12";"Internet";"Macro"
"7706";"SECEX12_X815FOB12";NA;NA;"Ativa";"MDIC/SECEX Países";"Comércio exterior";"Exportações (FOB) - destino: Trinidad e Tobago";"Exportações (FOB) - destino: Trinidad e Tobago";"Não oculta";"Internet";40;0;0;"Inlcuída em 02/ago/2010.";"Geradora";"SECEX12";"Internet";"Macro"
"7707";"SECEX12_X820FOB12";NA;NA;"Ativa";"MDIC/SECEX Países";"Comércio exterior";"Exportações (FOB) - destino: Tunísia";"Exportações (FOB) - destino: Tunísia";"Não oculta";"Internet";40;0;0;"Inlcuída em 02/ago/2010.";"Geradora";"SECEX12";"Internet";"Macro"
"7708";"SECEX12_X823FOB12";NA;NA;"Ativa";"MDIC/SECEX Países";"Comércio exterior";"Exportações (FOB) - destino: Turcas e Caicos, Ilhas";"Exportações (FOB) - destino: Turcas e Caicos, Ilhas";"Não oculta";"Internet";40;0;0;"Inlcuída em 02/ago/2010.";"Geradora";"SECEX12";"Internet";"Macro"
"7709";"SECEX12_X824FOB12";NA;NA;"Ativa";"MDIC/SECEX Países";"Comércio exterior";"Exportações (FOB) - destino: Turcomenistão";"Exportações (FOB) - destino: Turcomenistão";"Não oculta";"Internet";130;0;0;"Inlcuída em 02/ago/2010.";"Geradora";"SECEX12";"Internet";"Macro"
"7710";"SECEX12_X827FOB12";NA;NA;"Ativa";"MDIC/SECEX Países";"Comércio exterior";"Exportações (FOB) - destino: Turquia";"Exportações (FOB) - destino: Turquia";"Não oculta";"Internet";40;0;0;"Inlcuída em 02/ago/2010.";"Geradora";"SECEX12";"Internet";"Macro"
"7711";"SECEX12_X828FOB12";NA;NA;"Ativa";"MDIC/SECEX Países";"Comércio exterior";"Exportações (FOB) - destino: Tuvalu";"Exportações (FOB) - destino: Tuvalu";"Não oculta";"Internet";40;0;0;"Inlcuída em 02/ago/2010.";"Geradora";"SECEX12";"Internet";"Macro"
"7712";"SECEX12_X831FOB12";NA;NA;"Ativa";"MDIC/SECEX Países";"Comércio exterior";"Exportações (FOB) - destino: Ucrânia";"Exportações (FOB) - destino: Ucrânia";"Não oculta";"Internet";40;0;0;"Inlcuída em 02/ago/2010.";"Geradora";"SECEX12";"Internet";"Macro"
"7713";"SECEX12_X833FOB12";NA;NA;"Ativa";"MDIC/SECEX Países";"Comércio exterior";"Exportações (FOB) - destino: Uganda";"Exportações (FOB) - destino: Uganda";"Não oculta";"Internet";40;0;0;"Inlcuída em 02/ago/2010.";"Geradora";"SECEX12";"Internet";"Macro"
"7714";"SECEX12_X840FOB12";NA;NA;"Inativa";"MDIC/SECEX Países";"Comércio exterior";"Exportações (FOB) - destino: União das Repúblicas Socialistas Soviéticas";"Exportações (FOB) - destino: União das Repúblicas Socialistas Soviéticas";"Não oculta";"Internet";40;0;0;"Inlcuída em 02/ago/2010.";"Geradora";"SECEX12";"Internet";"Macro"
"7715";"SECEX12_X845FOB12";NA;NA;"Ativa";"MDIC/SECEX Países";"Comércio exterior";"Exportações (FOB) - destino: Uruguai";"Exportações (FOB) - destino: Uruguai";"Não oculta";"Internet";40;0;0;"Inlcuída em 02/ago/2010.";"Geradora";"SECEX12";"Internet";"Macro"
"7716";"SECEX12_X847FOB12";NA;NA;"Ativa";"MDIC/SECEX Países";"Comércio exterior";"Exportações (FOB) - destino: Uzbequistão";"Exportações (FOB) - destino: Uzbequistão";"Não oculta";"Internet";40;0;0;"Inlcuída em 02/ago/2010.";"Geradora";"SECEX12";"Internet";"Macro"
"7717";"SECEX12_X848FOB12";NA;NA;"Ativa";"MDIC/SECEX Países";"Comércio exterior";"Exportações (FOB) - destino: Vaticano, Estado da Cidade do";"Exportações (FOB) - destino: Vaticano, Estado da Cidade do";"Não oculta";"Internet";40;0;0;"Inlcuída em 02/ago/2010.";"Geradora";"SECEX12";"Internet";"Macro"
"7718";"SECEX12_X850FOB12";NA;NA;"Ativa";"MDIC/SECEX Países";"Comércio exterior";"Exportações (FOB) - destino: Venezuela";"Exportações (FOB) - destino: Venezuela";"Não oculta";"Internet";40;0;0;"Inlcuída em 02/ago/2010.";"Geradora";"SECEX12";"Internet";"Macro"
"7719";"SECEX12_X858FOB12";NA;NA;"Ativa";"MDIC/SECEX Países";"Comércio exterior";"Exportações (FOB) - destino: Vietnã";"Exportações (FOB) - destino: Vietnã";"Não oculta";"Internet";40;0;0;"Inlcuída em 02/ago/2010.";"Geradora";"SECEX12";"Internet";"Macro"
"7720";"SECEX12_X863FOB12";NA;NA;"Ativa";"MDIC/SECEX Países";"Comércio exterior";"Exportações (FOB) - destino: Virgens, Ilhas (Britânicas)";"Exportações (FOB) - destino: Virgens, Ilhas (Britânicas)";"Não oculta";"Internet";40;0;0;"Inlcuída em 02/ago/2010.";"Geradora";"SECEX12";"Internet";"Macro"
"7721";"SECEX12_X866FOB12";NA;NA;"Ativa";"MDIC/SECEX Países";"Comércio exterior";"Exportações (FOB) - destino: Virgens, Ilhas (Americanas)";"Exportações (FOB) - destino: Virgens, Ilhas (Americanas)";"Não oculta";"Internet";40;0;0;"Inlcuída em 02/ago/2010.";"Geradora";"SECEX12";"Internet";"Macro"
"7722";"SECEX12_X870FOB12";NA;NA;"Ativa";"MDIC/SECEX Países";"Comércio exterior";"Exportações (FOB) - destino: Fiji";"Exportações (FOB) - destino: Fiji";"Não oculta";"Internet";40;0;0;"Inlcuída em 02/ago/2010.";"Geradora";"SECEX12";"Internet";"Macro"
"7723";"SECEX12_X873FOB12";NA;NA;"Ativa";"MDIC/SECEX Países";"Comércio exterior";"Exportações (FOB) - destino: Wake, Ilha";"Exportações (FOB) - destino: Wake, Ilha";"Não oculta";"Internet";40;0;0;"Inlcuída em 02/ago/2010.";"Geradora";"SECEX12";"Internet";"Macro"
"7724";"SECEX12_X875FOB12";NA;NA;"Ativa";"MDIC/SECEX Países";"Comércio exterior";"Exportações (FOB) - destino: Wallis e Futuna, Ilhas";"Exportações (FOB) - destino: Wallis e Futuna, Ilhas";"Não oculta";"Internet";40;0;0;"Inlcuída em 02/ago/2010.";"Geradora";"SECEX12";"Internet";"Macro"
"7725";"SECEX12_X888FOB12";NA;NA;"Ativa";"MDIC/SECEX Países";"Comércio exterior";"Exportações (FOB) - destino: Congo, República Democrática do";"Exportações (FOB) - destino: Congo, República Democrática do";"Não oculta";"Internet";40;0;0;"Inlcuída em 02/ago/2010.";"Geradora";"SECEX12";"Internet";"Macro"
"7726";"SECEX12_X890FOB12";NA;NA;"Ativa";"MDIC/SECEX Países";"Comércio exterior";"Exportações (FOB) - destino: Zâmbia";"Exportações (FOB) - destino: Zâmbia";"Não oculta";"Internet";40;0;0;"Inlcuída em 02/ago/2010.";"Geradora";"SECEX12";"Internet";"Macro"
"7727";"SECEX12_X895FOB12";NA;NA;"Ativa";"MDIC/SECEX Países";"Comércio exterior";"Exportações (FOB) - destino: Zona do Canal do Panamá";"Exportações (FOB) - destino: Zona do Canal do Panamá";"Não oculta";"Internet";40;0;0;"Inlcuída em 02/ago/2010.";"Geradora";"SECEX12";"Internet";"Macro"
"7728";"SECEX12_X990FOB12";NA;NA;"Ativa";"MDIC/SECEX Países";"Comércio exterior";"Exportações (FOB) - destino: provisão de navios e aeronaves";"Exportações (FOB) - destino: provisão de navios e aeronaves";"Não oculta";"Internet";40;0;0;"Inlcuída em 02/ago/2010.";"Geradora";"SECEX12";"Internet";"Macro"
"7729";"SECEX12_X994FOB12";NA;NA;"Ativa";"MDIC/SECEX Países";"Comércio exterior";"Exportações (FOB) - destino: país a designar";"Exportações (FOB) - destino: país a designar";"Não oculta";"Internet";40;0;0;"Inlcuída em 02/ago/2010.";"Geradora";"SECEX12";"Internet";"Macro"
"7730";"SECEX12_X995FOB12";NA;NA;"Ativa";"MDIC/SECEX Países";"Comércio exterior";"Exportações (FOB) - destino: bancos centrais";"Exportações (FOB) - destino: bancos centrais";"Não oculta";"Internet";40;0;0;"Inlcuída em 02/ago/2010.";"Geradora";"SECEX12";"Internet";"Macro"
"7731";"DIEST_AEB01t";NA;NA;"Inativa";"IPEA/AEB";"Emprego";"total de vinculos nos serviço público brasileiro temporario";"total de vinculos nos serviço público brasileiro";"Não oculta";"Intranet";40;1;0;"Inlcuída em 17/04/2018 - AEB";"Geradora";"DIEST";"Intranet";"Regional"
"7732";"SECEX12_X999FOB12";NA;NA;"Ativa";"MDIC/SECEX Países";"Comércio exterior";"Exportações (FOB) - destino: países não declarados";"Exportações (FOB) - destino: países não declarados";"Não oculta";"Internet";40;0;0;"Inlcuída em 02/ago/2010.";"Geradora";"SECEX12";"Internet";"Macro"
"7733";"SECEX12_M000FOB12";NA;NA;"Ativa";"MDIC/SECEX Países";"Comércio exterior";"Importações (FOB) - origem: país não definido";"Importações (FOB) - origem: país não definido";"Não oculta";"Internet";40;0;0;"Inlcuída em 02/ago/2010.";"Geradora";"SECEX12";"Internet";"Macro"
"7734";"SECEX12_M013FOB12";NA;NA;"Ativa";"MDIC/SECEX Países";"Comércio exterior";"Importações (FOB) - origem: Afeganistão";"Importações (FOB) - origem: Afeganistão";"Não oculta";"Internet";40;0;0;"Inlcuída em 02/ago/2010.";"Geradora";"SECEX12";"Internet";"Macro"
"7735";"SECEX12_M017FOB12";NA;NA;"Ativa";"MDIC/SECEX Países";"Comércio exterior";"Importações (FOB) - origem: Albânia";"Importações (FOB) - origem: Albânia";"Não oculta";"Internet";40;0;0;"Inlcuída em 02/ago/2010.";"Geradora";"SECEX12";"Internet";"Macro"
"7736";"SECEX12_M020FOB12";NA;NA;"Ativa";"MDIC/SECEX Países";"Comércio exterior";"Importações (FOB) - origem: Alboran-Perejil, Ilhas";"Importações (FOB) - origem: Alboran-Perejil, Ilhas";"Não oculta";"Internet";300;0;0;"Inlcuída em 02/ago/2010.";"Geradora";"SECEX12";"Internet";"Macro"
"7737";"SECEX12_M023FOB12";NA;NA;"Ativa";"MDIC/SECEX Países";"Comércio exterior";"Importações (FOB) - origem: Alemanha";"Importações (FOB) - origem: Alemanha";"Não oculta";"Internet";40;0;0;"Inlcuída em 02/ago/2010.";"Geradora";"SECEX12";"Internet";"Macro"
"7738";"SECEX12_M025FOB12";NA;NA;"Inativa";"MDIC/SECEX Países";"Comércio exterior";"Importações (FOB) - origem: Alemanha, República Democrática da";"Importações (FOB) - origem: Alemanha, República Democrática da";"Não oculta";"Internet";40;0;0;"Inlcuída em 02/ago/2010.";"Geradora";"SECEX12";"Internet";"Macro"
"7739";"SECEX12_M031FOB12";NA;NA;"Ativa";"MDIC/SECEX Países";"Comércio exterior";"Importações (FOB) - origem: Burkina Faso";"Importações (FOB) - origem: Burkina Faso";"Não oculta";"Internet";40;0;0;"Inlcuída em 02/ago/2010.";"Geradora";"SECEX12";"Internet";"Macro"
"7740";"SECEX12_M037FOB12";NA;NA;"Ativa";"MDIC/SECEX Países";"Comércio exterior";"Importações (FOB) - origem: Andorra";"Importações (FOB) - origem: Andorra";"Não oculta";"Internet";40;0;0;"Inlcuída em 02/ago/2010.";"Geradora";"SECEX12";"Internet";"Macro"
"7741";"SECEX12_M040FOB12";NA;NA;"Ativa";"MDIC/SECEX Países";"Comércio exterior";"Importações (FOB) - origem: Angola";"Importações (FOB) - origem: Angola";"Não oculta";"Internet";40;0;0;"Inlcuída em 02/ago/2010.";"Geradora";"SECEX12";"Internet";"Macro"
"7742";"SECEX12_M041FOB12";NA;NA;"Ativa";"MDIC/SECEX Países";"Comércio exterior";"Importações (FOB) - origem: Anguilla";"Importações (FOB) - origem: Anguilla";"Não oculta";"Internet";40;0;0;"Inlcuída em 02/ago/2010.";"Geradora";"SECEX12";"Internet";"Macro"
"7743";"SECEX12_M043FOB12";NA;NA;"Ativa";"MDIC/SECEX Países";"Comércio exterior";"Importações (FOB) - origem: Antigua e Barbuda";"Importações (FOB) - origem: Antigua e Barbuda";"Não oculta";"Internet";40;0;0;"Inlcuída em 02/ago/2010.";"Geradora";"SECEX12";"Internet";"Macro"
"7744";"SECEX12_M047FOB12";NA;NA;"Ativa";"MDIC/SECEX Países";"Comércio exterior";"Importações (FOB) - origem: Antilhas Holandesas";"Importações (FOB) - origem: Antilhas Holandesas";"Não oculta";"Internet";40;0;0;"Inlcuída em 02/ago/2010.";"Geradora";"SECEX12";"Internet";"Macro"
"7745";"SECEX12_M053FOB12";NA;NA;"Ativa";"MDIC/SECEX Países";"Comércio exterior";"Importações (FOB) - origem: Arábia Saudita";"Importações (FOB) - origem: Arábia Saudita";"Não oculta";"Internet";40;0;0;"Inlcuída em 02/ago/2010.";"Geradora";"SECEX12";"Internet";"Macro"
"7746";"SECEX12_M059FOB12";NA;NA;"Ativa";"MDIC/SECEX Países";"Comércio exterior";"Importações (FOB) - origem: Argélia";"Importações (FOB) - origem: Argélia";"Não oculta";"Internet";40;0;0;"Inlcuída em 02/ago/2010.";"Geradora";"SECEX12";"Internet";"Macro"
"7747";"SECEX12_M063FOB12";NA;NA;"Ativa";"MDIC/SECEX Países";"Comércio exterior";"Importações (FOB) - origem: Argentina";"Importações (FOB) - origem: Argentina";"Não oculta";"Internet";40;0;0;"Inlcuída em 02/ago/2010.";"Geradora";"SECEX12";"Internet";"Macro"
"7748";"SECEX12_M064FOB12";NA;NA;"Ativa";"MDIC/SECEX Países";"Comércio exterior";"Importações (FOB) - origem: Armênia";"Importações (FOB) - origem: Armênia";"Não oculta";"Internet";40;0;0;"Inlcuída em 02/ago/2010.";"Geradora";"SECEX12";"Internet";"Macro"
"7749";"SECEX12_M065FOB12";NA;NA;"Ativa";"MDIC/SECEX Países";"Comércio exterior";"Importações (FOB) - origem: Aruba";"Importações (FOB) - origem: Aruba";"Não oculta";"Internet";130;0;0;"Inlcuída em 02/ago/2010.";"Geradora";"SECEX12";"Internet";"Macro"
"7750";"SECEX12_M069FOB12";NA;NA;"Ativa";"MDIC/SECEX Países";"Comércio exterior";"Importações (FOB) - origem: Austrália";"Importações (FOB) - origem: Austrália";"Não oculta";"Internet";40;0;0;"Inlcuída em 02/ago/2010.";"Geradora";"SECEX12";"Internet";"Macro"
"7751";"SECEX12_M072FOB12";NA;NA;"Ativa";"MDIC/SECEX Países";"Comércio exterior";"Importações (FOB) - origem: Áustria";"Importações (FOB) - origem: Áustria";"Não oculta";"Internet";40;0;0;"Inlcuída em 02/ago/2010.";"Geradora";"SECEX12";"Internet";"Macro"
"7752";"SECEX12_M073FOB12";NA;NA;"Ativa";"MDIC/SECEX Países";"Comércio exterior";"Importações (FOB) - origem: Azerbaijão";"Importações (FOB) - origem: Azerbaijão";"Não oculta";"Internet";40;0;0;"Inlcuída em 02/ago/2010.";"Geradora";"SECEX12";"Internet";"Macro"
"7753";"SECEX12_M077FOB12";NA;NA;"Ativa";"MDIC/SECEX Países";"Comércio exterior";"Importações (FOB) - origem: Bahamas";"Importações (FOB) - origem: Bahamas";"Não oculta";"Internet";40;0;0;"Inlcuída em 02/ago/2010.";"Geradora";"SECEX12";"Internet";"Macro"
"7754";"SECEX12_M080FOB12";NA;NA;"Ativa";"MDIC/SECEX Países";"Comércio exterior";"Importações (FOB) - origem: Bahrein";"Importações (FOB) - origem: Bahrein";"Não oculta";"Internet";40;0;0;"Inlcuída em 02/ago/2010.";"Geradora";"SECEX12";"Internet";"Macro"
"7755";"SECEX12_M081FOB12";NA;NA;"Ativa";"MDIC/SECEX Países";"Comércio exterior";"Importações (FOB) - origem: Bangladesh";"Importações (FOB) - origem: Bangladesh";"Não oculta";"Internet";40;0;0;"Inlcuída em 02/ago/2010.";"Geradora";"SECEX12";"Internet";"Macro"
"7756";"SECEX12_M083FOB12";NA;NA;"Ativa";"MDIC/SECEX Países";"Comércio exterior";"Importações (FOB) - origem: Barbados";"Importações (FOB) - origem: Barbados";"Não oculta";"Internet";40;0;0;"Inlcuída em 02/ago/2010.";"Geradora";"SECEX12";"Internet";"Macro"
"7757";"SECEX12_M085FOB12";NA;NA;"Ativa";"MDIC/SECEX Países";"Comércio exterior";"Importações (FOB) - origem: Belarus";"Importações (FOB) - origem: Belarus";"Não oculta";"Internet";40;0;0;"Inlcuída em 02/ago/2010.";"Geradora";"SECEX12";"Internet";"Macro"
"7758";"SECEX12_M087FOB12";NA;NA;"Ativa";"MDIC/SECEX Países";"Comércio exterior";"Importações (FOB) - origem: Bélgica";"Importações (FOB) - origem: Bélgica";"Não oculta";"Internet";40;0;0;"Inlcuída em 02/ago/2010.";"Geradora";"SECEX12";"Internet";"Macro"
"7759";"SECEX12_M088FOB12";NA;NA;"Ativa";"MDIC/SECEX Países";"Comércio exterior";"Importações (FOB) - origem: Belize";"Importações (FOB) - origem: Belize";"Não oculta";"Internet";40;0;0;"Inlcuída em 02/ago/2010.";"Geradora";"SECEX12";"Internet";"Macro"
"7760";"SECEX12_M090FOB12";NA;NA;"Ativa";"MDIC/SECEX Países";"Comércio exterior";"Importações (FOB) - origem: Bermudas";"Importações (FOB) - origem: Bermudas";"Não oculta";"Internet";40;0;0;"Inlcuída em 02/ago/2010.";"Geradora";"SECEX12";"Internet";"Macro"
"7761";"SECEX12_M093FOB12";NA;NA;"Ativa";"MDIC/SECEX Países";"Comércio exterior";"Importações (FOB) - origem: Mianmar (Birmânia)";"Importações (FOB) - origem: Mianmar (Birmânia)";"Não oculta";"Internet";40;0;0;"Inlcuída em 02/ago/2010.";"Geradora";"SECEX12";"Internet";"Macro"
"7762";"SECEX12_M097FOB12";NA;NA;"Ativa";"MDIC/SECEX Países";"Comércio exterior";"Importações (FOB) - origem: Bolívia";"Importações (FOB) - origem: Bolívia";"Não oculta";"Internet";40;0;0;"Inlcuída em 02/ago/2010.";"Geradora";"SECEX12";"Internet";"Macro"
"7763";"SECEX12_M098FOB12";NA;NA;"Ativa";"MDIC/SECEX Países";"Comércio exterior";"Importações (FOB) - origem: Bósnia-Herzegovina";"Importações (FOB) - origem: Bósnia-Herzegovina";"Não oculta";"Internet";40;0;0;"Inlcuída em 02/ago/2010.";"Geradora";"SECEX12";"Internet";"Macro"
"7764";"SECEX12_M100FOB12";NA;NA;"Ativa";"MDIC/SECEX Países";"Comércio exterior";"Importações (FOB) - origem: internação na Zona Franca de Manaus";"Importações (FOB) - origem: internação na Zona Franca de Manaus";"Não oculta";"Internet";100;0;0;"Inlcuída em 02/ago/2010.";"Geradora";"SECEX12";"Internet";"Macro"
"7765";"SECEX12_M101FOB12";NA;NA;"Ativa";"MDIC/SECEX Países";"Comércio exterior";"Importações (FOB) - origem: Botsuana";"Importações (FOB) - origem: Botsuana";"Não oculta";"Internet";40;0;0;"Inlcuída em 02/ago/2010.";"Geradora";"SECEX12";"Internet";"Macro"
"7766";"SECEX12_M105FOB12";NA;NA;"Ativa";"MDIC/SECEX Países";"Comércio exterior";"Importações (FOB) - origem: Brasil";"Importações (FOB) - origem: Brasil";"Não oculta";"Internet";40;0;0;"Inlcuída em 02/ago/2010.";"Geradora";"SECEX12";"Internet";"Macro"
"7767";"SECEX12_M108FOB12";NA;NA;"Ativa";"MDIC/SECEX Países";"Comércio exterior";"Importações (FOB) - origem: Brunei";"Importações (FOB) - origem: Brunei";"Não oculta";"Internet";40;0;0;"Inlcuída em 02/ago/2010.";"Geradora";"SECEX12";"Internet";"Macro"
"7768";"SECEX12_M111FOB12";NA;NA;"Ativa";"MDIC/SECEX Países";"Comércio exterior";"Importações (FOB) - origem: Bulgária";"Importações (FOB) - origem: Bulgária";"Não oculta";"Internet";40;0;0;"Inlcuída em 02/ago/2010.";"Geradora";"SECEX12";"Internet";"Macro"
"7769";"SECEX12_M115FOB12";NA;NA;"Ativa";"MDIC/SECEX Países";"Comércio exterior";"Importações (FOB) - origem: Burundi";"Importações (FOB) - origem: Burundi";"Não oculta";"Internet";40;0;0;"Inlcuída em 02/ago/2010.";"Geradora";"SECEX12";"Internet";"Macro"
"7770";"SECEX12_M119FOB12";NA;NA;"Ativa";"MDIC/SECEX Países";"Comércio exterior";"Importações (FOB) - origem: Butão";"Importações (FOB) - origem: Butão";"Não oculta";"Internet";40;0;0;"Inlcuída em 02/ago/2010.";"Geradora";"SECEX12";"Internet";"Macro"
"7771";"SECEX12_M127FOB12";NA;NA;"Ativa";"MDIC/SECEX Países";"Comércio exterior";"Importações (FOB) - origem: Cabo Verde";"Importações (FOB) - origem: Cabo Verde";"Não oculta";"Internet";40;0;0;"Inlcuída em 02/ago/2010.";"Geradora";"SECEX12";"Internet";"Macro"
"7772";"SECEX12_M137FOB12";NA;NA;"Ativa";"MDIC/SECEX Países";"Comércio exterior";"Importações (FOB) - origem: Cayman, Ilhas";"Importações (FOB) - origem: Cayman, Ilhas";"Não oculta";"Internet";40;0;0;"Inlcuída em 02/ago/2010.";"Geradora";"SECEX12";"Internet";"Macro"
"7773";"SECEX12_M141FOB12";NA;NA;"Ativa";"MDIC/SECEX Países";"Comércio exterior";"Importações (FOB) - origem: Camboja";"Importações (FOB) - origem: Camboja";"Não oculta";"Internet";40;0;0;"Inlcuída em 02/ago/2010.";"Geradora";"SECEX12";"Internet";"Macro"
"7774";"SECEX12_M145FOB12";NA;NA;"Ativa";"MDIC/SECEX Países";"Comércio exterior";"Importações (FOB) - origem: Camarões";"Importações (FOB) - origem: Camarões";"Não oculta";"Internet";40;0;0;"Inlcuída em 02/ago/2010.";"Geradora";"SECEX12";"Internet";"Macro"
"7775";"SECEX12_M149FOB12";NA;NA;"Ativa";"MDIC/SECEX Países";"Comércio exterior";"Importações (FOB) - origem: Canadá";"Importações (FOB) - origem: Canadá";"Não oculta";"Internet";40;0;0;"Inlcuída em 02/ago/2010.";"Geradora";"SECEX12";"Internet";"Macro"
"7776";"SECEX12_M150FOB12";NA;NA;"Ativa";"MDIC/SECEX Países";"Comércio exterior";"Importações (FOB) - origem: Canal, Ilhas do";"Importações (FOB) - origem: Canal, Ilhas do";"Não oculta";"Internet";40;0;0;"Inlcuída em 02/ago/2010.";"Geradora";"SECEX12";"Internet";"Macro"
"7777";"SECEX12_M151FOB12";NA;NA;"Ativa";"MDIC/SECEX Países";"Comércio exterior";"Importações (FOB) - origem: Canárias, Ilhas";"Importações (FOB) - origem: Canárias, Ilhas";"Não oculta";"Internet";40;0;0;"Inlcuída em 02/ago/2010.";"Geradora";"SECEX12";"Internet";"Macro"
"7778";"SECEX12_M152FOB12";NA;NA;"Inativa";"MDIC/SECEX Países";"Comércio exterior";"Importações (FOB) - origem: Canal, Ilhas do";"Importações (FOB) - origem: Canal, Ilhas do";"Oculta";"Internet";9000;0;0;"Inlcuída em 02/ago/2010.";"Geradora";"SECEX12";"Oculta";"Macro"
"7779";"SECEX12_M153FOB12";NA;NA;"Ativa";"MDIC/SECEX Países";"Comércio exterior";"Importações (FOB) - origem: Cazaquistão";"Importações (FOB) - origem: Cazaquistão";"Não oculta";"Internet";40;0;0;"Inlcuída em 02/ago/2010.";"Geradora";"SECEX12";"Internet";"Macro"
"7780";"SECEX12_M154FOB12";NA;NA;"Ativa";"MDIC/SECEX Países";"Comércio exterior";"Importações (FOB) - origem: Catar";"Importações (FOB) - origem: Catar";"Não oculta";"Internet";40;0;0;"Inlcuída em 02/ago/2010.";"Geradora";"SECEX12";"Internet";"Macro"
"7781";"SECEX12_M158FOB12";NA;NA;"Ativa";"MDIC/SECEX Países";"Comércio exterior";"Importações (FOB) - origem: Chile";"Importações (FOB) - origem: Chile";"Não oculta";"Internet";40;0;0;"Inlcuída em 02/ago/2010.";"Geradora";"SECEX12";"Internet";"Macro"
"7782";"SECEX12_M160FOB12";NA;NA;"Ativa";"MDIC/SECEX Países";"Comércio exterior";"Importações (FOB) - origem: China";"Importações (FOB) - origem: China";"Não oculta";"Internet";40;0;0;"Inlcuída em 02/ago/2010.";"Geradora";"SECEX12";"Internet";"Macro"
"7783";"SECEX12_M161FOB12";NA;NA;"Ativa";"MDIC/SECEX Países";"Comércio exterior";"Importações (FOB) - origem: Taiwan (Formosa)";"Importações (FOB) - origem: Taiwan (Formosa)";"Não oculta";"Internet";40;0;0;"Inlcuída em 02/ago/2010.";"Geradora";"SECEX12";"Internet";"Macro"
"7784";"SECEX12_M163FOB12";NA;NA;"Ativa";"MDIC/SECEX Países";"Comércio exterior";"Importações (FOB) - origem: Chipre";"Importações (FOB) - origem: Chipre";"Não oculta";"Internet";40;0;0;"Inlcuída em 02/ago/2010.";"Geradora";"SECEX12";"Internet";"Macro"
"7785";"SECEX12_M165FOB12";NA;NA;"Ativa";"MDIC/SECEX Países";"Comércio exterior";"Importações (FOB) - origem: Cocos (Keeling), Ilhas";"Importações (FOB) - origem: Cocos (Keeling), Ilhas";"Não oculta";"Internet";40;0;0;"Inlcuída em 02/ago/2010.";"Geradora";"SECEX12";"Internet";"Macro"
"7786";"SECEX12_M169FOB12";NA;NA;"Ativa";"MDIC/SECEX Países";"Comércio exterior";"Importações (FOB) - origem: Colômbia";"Importações (FOB) - origem: Colômbia";"Não oculta";"Internet";40;0;0;"Inlcuída em 02/ago/2010.";"Geradora";"SECEX12";"Internet";"Macro"
"7787";"SECEX12_M173FOB12";NA;NA;"Ativa";"MDIC/SECEX Países";"Comércio exterior";"Importações (FOB) - origem: Comores, Ilhas";"Importações (FOB) - origem: Comores, Ilhas";"Não oculta";"Internet";40;0;0;"Inlcuída em 02/ago/2010.";"Geradora";"SECEX12";"Internet";"Macro"
"7788";"SECEX12_M177FOB12";NA;NA;"Ativa";"MDIC/SECEX Países";"Comércio exterior";"Importações (FOB) - origem: Congo";"Importações (FOB) - origem: Congo";"Não oculta";"Internet";40;0;0;"Inlcuída em 02/ago/2010.";"Geradora";"SECEX12";"Internet";"Macro"
"7789";"SECEX12_M183FOB12";NA;NA;"Ativa";"MDIC/SECEX Países";"Comércio exterior";"Importações (FOB) - origem: Cook, Ilhas";"Importações (FOB) - origem: Cook, Ilhas";"Não oculta";"Internet";40;0;0;"Inlcuída em 02/ago/2010.";"Geradora";"SECEX12";"Internet";"Macro"
"7790";"SECEX12_M187FOB12";NA;NA;"Ativa";"MDIC/SECEX Países";"Comércio exterior";"Importações (FOB) - origem: Coreia, República Popular Democrática (Norte)";"Importações (FOB) - origem: Coreia, República Popular Democrática (Norte)";"Não oculta";"Internet";40;0;0;"Inlcuída em 02/ago/2010.";"Geradora";"SECEX12";"Internet";"Macro"
"7791";"SECEX12_M190FOB12";NA;NA;"Ativa";"MDIC/SECEX Países";"Comércio exterior";"Importações (FOB) - origem: Coreia, República da (Sul)";"Importações (FOB) - origem: Coreia, República da (Sul)";"Não oculta";"Internet";40;0;0;"Inlcuída em 02/ago/2010.";"Geradora";"SECEX12";"Internet";"Macro"
"7792";"SECEX12_M193FOB12";NA;NA;"Ativa";"MDIC/SECEX Países";"Comércio exterior";"Importações (FOB) - origem: Costa do Marfim";"Importações (FOB) - origem: Costa do Marfim";"Não oculta";"Internet";40;0;0;"Inlcuída em 02/ago/2010.";"Geradora";"SECEX12";"Internet";"Macro"
"7793";"SECEX12_M195FOB12";NA;NA;"Ativa";"MDIC/SECEX Países";"Comércio exterior";"Importações (FOB) - origem: Croácia";"Importações (FOB) - origem: Croácia";"Não oculta";"Internet";40;0;0;"Inlcuída em 02/ago/2010.";"Geradora";"SECEX12";"Internet";"Macro"
"7794";"SECEX12_M196FOB12";NA;NA;"Ativa";"MDIC/SECEX Países";"Comércio exterior";"Importações (FOB) - origem: Costa Rica";"Importações (FOB) - origem: Costa Rica";"Não oculta";"Internet";40;0;0;"Inlcuída em 02/ago/2010.";"Geradora";"SECEX12";"Internet";"Macro"
"7795";"SECEX12_M198FOB12";NA;NA;"Ativa";"MDIC/SECEX Países";"Comércio exterior";"Importações (FOB) - origem: Coveite (Kuwait)";"Importações (FOB) - origem: Coveite (Kuwait)";"Não oculta";"Internet";40;0;0;"Inlcuída em 02/ago/2010.";"Geradora";"SECEX12";"Internet";"Macro"
"7796";"SECEX12_M199FOB12";NA;NA;"Ativa";"MDIC/SECEX Países";"Comércio exterior";"Importações (FOB) - origem: Cuba";"Importações (FOB) - origem: Cuba";"Não oculta";"Internet";40;0;0;"Inlcuída em 02/ago/2010.";"Geradora";"SECEX12";"Internet";"Macro"
"7797";"SECEX12_M229FOB12";NA;NA;"Ativa";"MDIC/SECEX Países";"Comércio exterior";"Importações (FOB) - origem: Benin";"Importações (FOB) - origem: Benin";"Não oculta";"Internet";40;0;0;"Inlcuída em 02/ago/2010.";"Geradora";"SECEX12";"Internet";"Macro"
"7798";"SECEX12_M232FOB12";NA;NA;"Ativa";"MDIC/SECEX Países";"Comércio exterior";"Importações (FOB) - origem: Dinamarca";"Importações (FOB) - origem: Dinamarca";"Não oculta";"Internet";40;0;0;"Inlcuída em 02/ago/2010.";"Geradora";"SECEX12";"Internet";"Macro"
"7799";"SECEX12_M235FOB12";NA;NA;"Ativa";"MDIC/SECEX Países";"Comércio exterior";"Importações (FOB) - origem: Dominica, Ilha de";"Importações (FOB) - origem: Dominica, Ilha de";"Não oculta";"Internet";40;0;0;"Inlcuída em 02/ago/2010.";"Geradora";"SECEX12";"Internet";"Macro"
"7800";"SECEX12_M237FOB12";NA;NA;"Inativa";"MDIC/SECEX";"Comércio exterior";"Importações (FOB) - origem: Dubai";"Importações (FOB) - origem: Dubai";"Oculta";"Intranet";40;0;0;"Inlcuída em 02/ago/2010.";"Geradora";"SECEX12";"Oculta";"Macro"
"7801";"SECEX12_M239FOB12";NA;NA;"Ativa";"MDIC/SECEX Países";"Comércio exterior";"Importações (FOB) - origem: Equador";"Importações (FOB) - origem: Equador";"Não oculta";"Internet";40;0;0;"Inlcuída em 02/ago/2010.";"Geradora";"SECEX12";"Internet";"Macro"
"7802";"SECEX12_M240FOB12";NA;NA;"Ativa";"MDIC/SECEX Países";"Comércio exterior";"Importações (FOB) - origem: Egito";"Importações (FOB) - origem: Egito";"Não oculta";"Internet";40;0;0;"Inlcuída em 02/ago/2010.";"Geradora";"SECEX12";"Internet";"Macro"
"7803";"SECEX12_M243FOB12";NA;NA;"Ativa";"MDIC/SECEX Países";"Comércio exterior";"Importações (FOB) - origem: Eritreia";"Importações (FOB) - origem: Eritreia";"Não oculta";"Internet";40;0;0;"Inlcuída em 02/ago/2010.";"Geradora";"SECEX12";"Internet";"Macro"
"7804";"SECEX12_M244FOB12";NA;NA;"Ativa";"MDIC/SECEX Países";"Comércio exterior";"Importações (FOB) - origem: Emirados Árabes Unidos";"Importações (FOB) - origem: Emirados Árabes Unidos";"Não oculta";"Internet";40;0;0;"Inlcuída em 02/ago/2010.";"Geradora";"SECEX12";"Internet";"Macro"
"7805";"SECEX12_M245FOB12";NA;NA;"Ativa";"MDIC/SECEX Países";"Comércio exterior";"Importações (FOB) - origem: Espanha";"Importações (FOB) - origem: Espanha";"Não oculta";"Internet";40;0;0;"Inlcuída em 02/ago/2010.";"Geradora";"SECEX12";"Internet";"Macro"
"7806";"SECEX12_M246FOB12";NA;NA;"Ativa";"MDIC/SECEX Países";"Comércio exterior";"Importações (FOB) - origem: Eslovênia";"Importações (FOB) - origem: Eslovênia";"Não oculta";"Internet";40;0;0;"Inlcuída em 02/ago/2010.";"Geradora";"SECEX12";"Internet";"Macro"
"7807";"SECEX12_M247FOB12";NA;NA;"Ativa";"MDIC/SECEX Países";"Comércio exterior";"Importações (FOB) - origem: Eslovaca, República";"Importações (FOB) - origem: Eslovaca, República";"Não oculta";"Internet";40;0;0;"Inlcuída em 02/ago/2010.";"Geradora";"SECEX12";"Internet";"Macro"
"7808";"SECEX12_M249FOB12";NA;NA;"Ativa";"MDIC/SECEX Países";"Comércio exterior";"Importações (FOB) - origem: Estados Unidos";"Importações (FOB) - origem: Estados Unidos";"Não oculta";"Internet";40;0;0;"Inlcuída em 02/ago/2010.";"Geradora";"SECEX12";"Internet";"Macro"
"7809";"SECEX12_M251FOB12";NA;NA;"Ativa";"MDIC/SECEX Países";"Comércio exterior";"Importações (FOB) - origem: Estônia";"Importações (FOB) - origem: Estônia";"Não oculta";"Internet";40;0;0;"Inlcuída em 02/ago/2010.";"Geradora";"SECEX12";"Internet";"Macro"
"7810";"SECEX12_M253FOB12";NA;NA;"Ativa";"MDIC/SECEX Países";"Comércio exterior";"Importações (FOB) - origem: Etiópia";"Importações (FOB) - origem: Etiópia";"Não oculta";"Internet";40;0;0;"Inlcuída em 02/ago/2010.";"Geradora";"SECEX12";"Internet";"Macro"
"7811";"SECEX12_M255FOB12";NA;NA;"Ativa";"MDIC/SECEX Países";"Comércio exterior";"Importações (FOB) - origem: Falkland (Ilhas Malvinas)";"Importações (FOB) - origem: Falkland (Ilhas Malvinas)";"Não oculta";"Internet";40;0;0;"Inlcuída em 02/ago/2010.";"Geradora";"SECEX12";"Internet";"Macro"
"7812";"SECEX12_M259FOB12";NA;NA;"Ativa";"MDIC/SECEX Países";"Comércio exterior";"Importações (FOB) - origem: Feroe, Ilhas";"Importações (FOB) - origem: Feroe, Ilhas";"Não oculta";"Internet";40;0;0;"Inlcuída em 02/ago/2010.";"Geradora";"SECEX12";"Internet";"Macro"
"7813";"SECEX12_M267FOB12";NA;NA;"Ativa";"MDIC/SECEX Países";"Comércio exterior";"Importações (FOB) - origem: Filipinas";"Importações (FOB) - origem: Filipinas";"Não oculta";"Internet";40;0;0;"Inlcuída em 02/ago/2010.";"Geradora";"SECEX12";"Internet";"Macro"
"7814";"SECEX12_M271FOB12";NA;NA;"Ativa";"MDIC/SECEX Países";"Comércio exterior";"Importações (FOB) - origem: Finlândia";"Importações (FOB) - origem: Finlândia";"Não oculta";"Internet";40;0;0;"Inlcuída em 02/ago/2010.";"Geradora";"SECEX12";"Internet";"Macro"
"7815";"SECEX12_M275FOB12";NA;NA;"Ativa";"MDIC/SECEX Países";"Comércio exterior";"Importações (FOB) - origem: França";"Importações (FOB) - origem: França";"Não oculta";"Internet";40;0;0;"Inlcuída em 02/ago/2010.";"Geradora";"SECEX12";"Internet";"Macro"
"7816";"SECEX12_M281FOB12";NA;NA;"Ativa";"MDIC/SECEX Países";"Comércio exterior";"Importações (FOB) - origem: Gabão";"Importações (FOB) - origem: Gabão";"Não oculta";"Internet";40;0;0;"Inlcuída em 02/ago/2010.";"Geradora";"SECEX12";"Internet";"Macro"
"7817";"SECEX12_M285FOB12";NA;NA;"Ativa";"MDIC/SECEX Países";"Comércio exterior";"Importações (FOB) - origem: Gâmbia";"Importações (FOB) - origem: Gâmbia";"Não oculta";"Internet";40;0;0;"Inlcuída em 02/ago/2010.";"Geradora";"SECEX12";"Internet";"Macro"
"7818";"SECEX12_M289FOB12";NA;NA;"Ativa";"MDIC/SECEX Países";"Comércio exterior";"Importações (FOB) - origem: Gana";"Importações (FOB) - origem: Gana";"Não oculta";"Internet";40;0;0;"Inlcuída em 02/ago/2010.";"Geradora";"SECEX12";"Internet";"Macro"
"7819";"SECEX12_M291FOB12";NA;NA;"Ativa";"MDIC/SECEX Países";"Comércio exterior";"Importações (FOB) - origem: Geórgia";"Importações (FOB) - origem: Geórgia";"Não oculta";"Internet";40;0;0;"Inlcuída em 02/ago/2010.";"Geradora";"SECEX12";"Internet";"Macro"
"7820";"SECEX12_M293FOB12";NA;NA;"Ativa";"MDIC/SECEX Países";"Comércio exterior";"Importações (FOB) - origem: Gibraltar";"Importações (FOB) - origem: Gibraltar";"Não oculta";"Internet";40;0;0;"Inlcuída em 02/ago/2010.";"Geradora";"SECEX12";"Internet";"Macro"
"7821";"SECEX12_M297FOB12";NA;NA;"Ativa";"MDIC/SECEX Países";"Comércio exterior";"Importações (FOB) - origem: Granada";"Importações (FOB) - origem: Granada";"Não oculta";"Internet";40;0;0;"Inlcuída em 02/ago/2010.";"Geradora";"SECEX12";"Internet";"Macro"
"7822";"SECEX12_M301FOB12";NA;NA;"Ativa";"MDIC/SECEX Países";"Comércio exterior";"Importações (FOB) - origem: Grécia";"Importações (FOB) - origem: Grécia";"Não oculta";"Internet";40;0;0;"Inlcuída em 02/ago/2010.";"Geradora";"SECEX12";"Internet";"Macro"
"7823";"SECEX12_M305FOB12";NA;NA;"Ativa";"MDIC/SECEX Países";"Comércio exterior";"Importações (FOB) - origem: Groenlândia";"Importações (FOB) - origem: Groenlândia";"Não oculta";"Internet";40;0;0;"Inlcuída em 02/ago/2010.";"Geradora";"SECEX12";"Internet";"Macro"
"7824";"SECEX12_M309FOB12";NA;NA;"Ativa";"MDIC/SECEX Países";"Comércio exterior";"Importações (FOB) - origem: Guadalupe";"Importações (FOB) - origem: Guadalupe";"Não oculta";"Internet";40;0;0;"Inlcuída em 02/ago/2010.";"Geradora";"SECEX12";"Internet";"Macro"
"7825";"SECEX12_M313FOB12";NA;NA;"Ativa";"MDIC/SECEX Países";"Comércio exterior";"Importações (FOB) - origem: Guam";"Importações (FOB) - origem: Guam";"Não oculta";"Internet";40;0;0;"Inlcuída em 02/ago/2010.";"Geradora";"SECEX12";"Internet";"Macro"
"7826";"SECEX12_M317FOB12";NA;NA;"Ativa";"MDIC/SECEX Países";"Comércio exterior";"Importações (FOB) - origem: Guatemala";"Importações (FOB) - origem: Guatemala";"Não oculta";"Internet";40;0;0;"Inlcuída em 02/ago/2010.";"Geradora";"SECEX12";"Internet";"Macro"
"7827";"SECEX12_M325FOB12";NA;NA;"Ativa";"MDIC/SECEX Países";"Comércio exterior";"Importações (FOB) - origem: Guiana Francesa";"Importações (FOB) - origem: Guiana Francesa";"Não oculta";"Internet";40;0;0;"Inlcuída em 02/ago/2010.";"Geradora";"SECEX12";"Internet";"Macro"
"7828";"SECEX12_M329FOB12";NA;NA;"Ativa";"MDIC/SECEX Países";"Comércio exterior";"Importações (FOB) - origem: Guiné";"Importações (FOB) - origem: Guiné";"Não oculta";"Internet";40;0;0;"Inlcuída em 02/ago/2010.";"Geradora";"SECEX12";"Internet";"Macro"
"7829";"SECEX12_M331FOB12";NA;NA;"Ativa";"MDIC/SECEX Países";"Comércio exterior";"Importações (FOB) - origem: Guiné Equatorial";"Importações (FOB) - origem: Guiné Equatorial";"Não oculta";"Internet";40;0;0;"Inlcuída em 02/ago/2010.";"Geradora";"SECEX12";"Internet";"Macro"
"7830";"SECEX12_M334FOB12";NA;NA;"Ativa";"MDIC/SECEX Países";"Comércio exterior";"Importações (FOB) - origem: Guiné-Bissau";"Importações (FOB) - origem: Guiné-Bissau";"Não oculta";"Internet";40;0;0;"Inlcuída em 02/ago/2010.";"Geradora";"SECEX12";"Internet";"Macro"
"7831";"SECEX12_M337FOB12";NA;NA;"Ativa";"MDIC/SECEX Países";"Comércio exterior";"Importações (FOB) - origem: Guiana";"Importações (FOB) - origem: Guiana";"Não oculta";"Internet";40;0;0;"Inlcuída em 02/ago/2010.";"Geradora";"SECEX12";"Internet";"Macro"
"7832";"SECEX12_M341FOB12";NA;NA;"Ativa";"MDIC/SECEX Países";"Comércio exterior";"Importações (FOB) - origem: Haiti";"Importações (FOB) - origem: Haiti";"Não oculta";"Internet";40;0;0;"Inlcuída em 02/ago/2010.";"Geradora";"SECEX12";"Internet";"Macro"
"7833";"SECEX12_M345FOB12";NA;NA;"Ativa";"MDIC/SECEX Países";"Comércio exterior";"Importações (FOB) - origem: Honduras";"Importações (FOB) - origem: Honduras";"Não oculta";"Internet";40;0;0;"Inlcuída em 02/ago/2010.";"Geradora";"SECEX12";"Internet";"Macro"
"7834";"SECEX12_M351FOB12";NA;NA;"Ativa";"MDIC/SECEX Países";"Comércio exterior";"Importações (FOB) - origem: Hong Kong";"Importações (FOB) - origem: Hong Kong";"Não oculta";"Internet";40;0;0;"Inlcuída em 02/ago/2010.";"Geradora";"SECEX12";"Internet";"Macro"
"7835";"SECEX12_M355FOB12";NA;NA;"Ativa";"MDIC/SECEX Países";"Comércio exterior";"Importações (FOB) - origem: Hungria";"Importações (FOB) - origem: Hungria";"Não oculta";"Internet";40;0;0;"Inlcuída em 02/ago/2010.";"Geradora";"SECEX12";"Internet";"Macro"
"7836";"SECEX12_M357FOB12";NA;NA;"Ativa";"MDIC/SECEX Países";"Comércio exterior";"Importações (FOB) - origem: Iêmen";"Importações (FOB) - origem: Iêmen";"Não oculta";"Internet";40;0;0;"Inlcuída em 02/ago/2010.";"Geradora";"SECEX12";"Internet";"Macro"
"7837";"SECEX12_M358FOB12";NA;NA;"Inativa";"MDIC/SECEX";"Comércio exterior";"Importações (FOB) - origem: Iêmen Democrático";"Importações (FOB) - origem: Iêmen Democrático";"Oculta";"Intranet";40;0;0;"Inlcuída em 02/ago/2010.";"Geradora";"SECEX12";"Oculta";"Macro"
"7838";"SECEX12_M359FOB12";NA;NA;"Ativa";"MDIC/SECEX Países";"Comércio exterior";"Importações (FOB) - origem: Man, Ilha de";"Importações (FOB) - origem: Man, Ilha de";"Não oculta";"Internet";40;0;0;"Inlcuída em 02/ago/2010.";"Geradora";"SECEX12";"Internet";"Macro"
"7839";"SECEX12_M361FOB12";NA;NA;"Ativa";"MDIC/SECEX Países";"Comércio exterior";"Importações (FOB) - origem: Índia";"Importações (FOB) - origem: Índia";"Não oculta";"Internet";40;0;0;"Inlcuída em 02/ago/2010.";"Geradora";"SECEX12";"Internet";"Macro"
"7840";"SECEX12_M365FOB12";NA;NA;"Ativa";"MDIC/SECEX Países";"Comércio exterior";"Importações (FOB) - origem: Indonésia";"Importações (FOB) - origem: Indonésia";"Não oculta";"Internet";40;0;0;"Inlcuída em 02/ago/2010.";"Geradora";"SECEX12";"Internet";"Macro"
"7841";"SECEX12_M367FOB12";NA;NA;"Ativa";"MDIC/SECEX Países";"Comércio exterior";"Importações (FOB) - origem: Inglaterra";"Importações (FOB) - origem: Inglaterra";"Não oculta";"Internet";40;0;0;"Inlcuída em 02/ago/2010.";"Geradora";"SECEX12";"Internet";"Macro"
"7842";"SECEX12_M369FOB12";NA;NA;"Ativa";"MDIC/SECEX Países";"Comércio exterior";"Importações (FOB) - origem: Iraque";"Importações (FOB) - origem: Iraque";"Não oculta";"Internet";40;0;0;"Inlcuída em 02/ago/2010.";"Geradora";"SECEX12";"Internet";"Macro"
"7843";"SECEX12_M372FOB12";NA;NA;"Ativa";"MDIC/SECEX Países";"Comércio exterior";"Importações (FOB) - origem: Irã, República Islâmica do";"Importações (FOB) - origem: Irã, República Islâmica do";"Não oculta";"Internet";40;0;0;"Inlcuída em 02/ago/2010.";"Geradora";"SECEX12";"Internet";"Macro"
"7844";"SECEX12_M375FOB12";NA;NA;"Ativa";"MDIC/SECEX Países";"Comércio exterior";"Importações (FOB) - origem: Irlanda";"Importações (FOB) - origem: Irlanda";"Não oculta";"Internet";40;0;0;"Inlcuída em 02/ago/2010.";"Geradora";"SECEX12";"Internet";"Macro"
"7845";"SECEX12_M379FOB12";NA;NA;"Ativa";"MDIC/SECEX Países";"Comércio exterior";"Importações (FOB) - origem: Islândia";"Importações (FOB) - origem: Islândia";"Não oculta";"Internet";40;0;0;"Inlcuída em 02/ago/2010.";"Geradora";"SECEX12";"Internet";"Macro"
"7846";"SECEX12_M383FOB12";NA;NA;"Ativa";"MDIC/SECEX Países";"Comércio exterior";"Importações (FOB) - origem: Israel";"Importações (FOB) - origem: Israel";"Não oculta";"Internet";40;0;0;"Inlcuída em 02/ago/2010.";"Geradora";"SECEX12";"Internet";"Macro"
"7847";"SECEX12_M386FOB12";NA;NA;"Ativa";"MDIC/SECEX Países";"Comércio exterior";"Importações (FOB) - origem: Itália";"Importações (FOB) - origem: Itália";"Não oculta";"Internet";40;0;0;"Inlcuída em 02/ago/2010.";"Geradora";"SECEX12";"Internet";"Macro"
"7848";"SECEX12_M388FOB12";NA;NA;"Ativa";"MDIC/SECEX Países";"Comércio exterior";"Importações (FOB) - origem: Iugoslávia";"Importações (FOB) - origem: Iugoslávia";"Não oculta";"Internet";40;0;0;"Inlcuída em 02/ago/2010.";"Geradora";"SECEX12";"Internet";"Macro"
"7849";"SECEX12_M391FOB12";NA;NA;"Ativa";"MDIC/SECEX Países";"Comércio exterior";"Importações (FOB) - origem: Jamaica";"Importações (FOB) - origem: Jamaica";"Não oculta";"Internet";40;0;0;"Inlcuída em 02/ago/2010.";"Geradora";"SECEX12";"Internet";"Macro"
"7850";"SECEX12_M396FOB12";NA;NA;"Ativa";"MDIC/SECEX Países";"Comércio exterior";"Importações (FOB) - origem: Johnston, Ilha";"Importações (FOB) - origem: Johnston, Ilha";"Não oculta";"Internet";40;0;0;"Inlcuída em 02/ago/2010.";"Geradora";"SECEX12";"Internet";"Macro"
"7851";"SECEX12_M399FOB12";NA;NA;"Ativa";"MDIC/SECEX Países";"Comércio exterior";"Importações (FOB) - origem: Japão";"Importações (FOB) - origem: Japão";"Não oculta";"Internet";40;0;0;"Inlcuída em 02/ago/2010.";"Geradora";"SECEX12";"Internet";"Macro"
"7852";"SECEX12_M403FOB12";NA;NA;"Ativa";"MDIC/SECEX Países";"Comércio exterior";"Importações (FOB) - origem: Jordânia";"Importações (FOB) - origem: Jordânia";"Não oculta";"Internet";40;0;0;"Inlcuída em 02/ago/2010.";"Geradora";"SECEX12";"Internet";"Macro"
"7853";"SECEX12_M411FOB12";NA;NA;"Ativa";"MDIC/SECEX Países";"Comércio exterior";"Importações (FOB) - origem: Kiribati";"Importações (FOB) - origem: Kiribati";"Não oculta";"Internet";40;0;0;"Inlcuída em 02/ago/2010.";"Geradora";"SECEX12";"Internet";"Macro"
"7854";"SECEX12_M420FOB12";NA;NA;"Ativa";"MDIC/SECEX Países";"Comércio exterior";"Importações (FOB) - origem: Laos, República Popular Democrática do";"Importações (FOB) - origem: Laos, República Popular Democrática do";"Não oculta";"Internet";40;0;0;"Inlcuída em 02/ago/2010.";"Geradora";"SECEX12";"Internet";"Macro"
"7855";"SECEX12_M423FOB12";NA;NA;"Ativa";"MDIC/SECEX Países";"Comércio exterior";"Importações (FOB) - origem: Lebuan, Ilhas";"Importações (FOB) - origem: Lebuan, Ilhas";"Não oculta";"Internet";40;0;0;"Inlcuída em 02/ago/2010.";"Geradora";"SECEX12";"Internet";"Macro"
"7856";"SECEX12_M426FOB12";NA;NA;"Ativa";"MDIC/SECEX Países";"Comércio exterior";"Importações (FOB) - origem: Lesoto";"Importações (FOB) - origem: Lesoto";"Não oculta";"Internet";40;0;0;"Inlcuída em 02/ago/2010.";"Geradora";"SECEX12";"Internet";"Macro"
"7857";"SECEX12_M427FOB12";NA;NA;"Ativa";"MDIC/SECEX Países";"Comércio exterior";"Importações (FOB) - origem: Letônia";"Importações (FOB) - origem: Letônia";"Não oculta";"Internet";40;0;0;"Inlcuída em 02/ago/2010.";"Geradora";"SECEX12";"Internet";"Macro"
"7858";"SECEX12_M431FOB12";NA;NA;"Ativa";"MDIC/SECEX Países";"Comércio exterior";"Importações (FOB) - origem: Líbano";"Importações (FOB) - origem: Líbano";"Não oculta";"Internet";40;0;0;"Inlcuída em 02/ago/2010.";"Geradora";"SECEX12";"Internet";"Macro"
"7859";"SECEX12_M434FOB12";NA;NA;"Ativa";"MDIC/SECEX Países";"Comércio exterior";"Importações (FOB) - origem: Libéria";"Importações (FOB) - origem: Libéria";"Não oculta";"Internet";40;0;0;"Inlcuída em 02/ago/2010.";"Geradora";"SECEX12";"Internet";"Macro"
"7860";"SECEX12_M438FOB12";NA;NA;"Ativa";"MDIC/SECEX Países";"Comércio exterior";"Importações (FOB) - origem: Líbia";"Importações (FOB) - origem: Líbia";"Não oculta";"Internet";40;0;0;"Inlcuída em 02/ago/2010.";"Geradora";"SECEX12";"Internet";"Macro"
"7861";"SECEX12_M440FOB12";NA;NA;"Ativa";"MDIC/SECEX Países";"Comércio exterior";"Importações (FOB) - origem: Liechtenstein";"Importações (FOB) - origem: Liechtenstein";"Não oculta";"Internet";40;0;0;"Inlcuída em 02/ago/2010.";"Geradora";"SECEX12";"Internet";"Macro"
"7862";"SECEX12_M442FOB12";NA;NA;"Ativa";"MDIC/SECEX Países";"Comércio exterior";"Importações (FOB) - origem: Lituânia";"Importações (FOB) - origem: Lituânia";"Não oculta";"Internet";40;0;0;"Inlcuída em 02/ago/2010.";"Geradora";"SECEX12";"Internet";"Macro"
"7863";"SECEX12_M445FOB12";NA;NA;"Ativa";"MDIC/SECEX Países";"Comércio exterior";"Importações (FOB) - origem: Luxemburgo";"Importações (FOB) - origem: Luxemburgo";"Não oculta";"Internet";40;0;0;"Inlcuída em 02/ago/2010.";"Geradora";"SECEX12";"Internet";"Macro"
"7864";"SECEX12_M447FOB12";NA;NA;"Ativa";"MDIC/SECEX Países";"Comércio exterior";"Importações (FOB) - origem: Macau";"Importações (FOB) - origem: Macau";"Não oculta";"Internet";40;0;0;"Inlcuída em 02/ago/2010.";"Geradora";"SECEX12";"Internet";"Macro"
"7865";"SECEX12_M449FOB12";NA;NA;"Ativa";"MDIC/SECEX Países";"Comércio exterior";"Importações (FOB) - origem: Macedônia, Antiga República Iugoslava da";"Importações (FOB) - origem: Macedônia, Antiga República Iugoslava da";"Não oculta";"Internet";40;0;0;"Inlcuída em 02/ago/2010.";"Geradora";"SECEX12";"Internet";"Macro"
"7866";"SECEX12_M450FOB12";NA;NA;"Ativa";"MDIC/SECEX Países";"Comércio exterior";"Importações (FOB) - origem: Madagascar";"Importações (FOB) - origem: Madagascar";"Não oculta";"Internet";40;0;0;"Inlcuída em 02/ago/2010.";"Geradora";"SECEX12";"Internet";"Macro"
"7867";"SECEX12_M452FOB12";NA;NA;"Ativa";"MDIC/SECEX Países";"Comércio exterior";"Importações (FOB) - origem: Madeira, Ilha da";"Importações (FOB) - origem: Madeira, Ilha da";"Não oculta";"Internet";40;0;0;"Inlcuída em 02/ago/2010.";"Geradora";"SECEX12";"Internet";"Macro"
"7868";"SECEX12_M455FOB12";NA;NA;"Ativa";"MDIC/SECEX Países";"Comércio exterior";"Importações (FOB) - origem: Malásia";"Importações (FOB) - origem: Malásia";"Não oculta";"Internet";40;0;0;"Inlcuída em 02/ago/2010.";"Geradora";"SECEX12";"Internet";"Macro"
"7869";"SECEX12_M458FOB12";NA;NA;"Ativa";"MDIC/SECEX Países";"Comércio exterior";"Importações (FOB) - origem: Malavi";"Importações (FOB) - origem: Malavi";"Não oculta";"Internet";40;0;0;"Inlcuída em 02/ago/2010.";"Geradora";"SECEX12";"Internet";"Macro"
"7870";"SECEX12_M461FOB12";NA;NA;"Ativa";"MDIC/SECEX Países";"Comércio exterior";"Importações (FOB) - origem: Maldivas";"Importações (FOB) - origem: Maldivas";"Não oculta";"Internet";40;0;0;"Inlcuída em 02/ago/2010.";"Geradora";"SECEX12";"Internet";"Macro"
"7871";"SECEX12_M464FOB12";NA;NA;"Ativa";"MDIC/SECEX Países";"Comércio exterior";"Importações (FOB) - origem: Mali";"Importações (FOB) - origem: Mali";"Não oculta";"Internet";40;0;0;"Inlcuída em 02/ago/2010.";"Geradora";"SECEX12";"Internet";"Macro"
"7872";"SECEX12_M467FOB12";NA;NA;"Ativa";"MDIC/SECEX Países";"Comércio exterior";"Importações (FOB) - origem: Malta";"Importações (FOB) - origem: Malta";"Não oculta";"Internet";40;0;0;"Inlcuída em 02/ago/2010.";"Geradora";"SECEX12";"Internet";"Macro"
"7873";"SECEX12_M472FOB12";NA;NA;"Ativa";"MDIC/SECEX Países";"Comércio exterior";"Importações (FOB) - origem: Marianas do Norte, Ilhas";"Importações (FOB) - origem: Marianas do Norte, Ilhas";"Não oculta";"Internet";40;0;0;"Inlcuída em 02/ago/2010.";"Geradora";"SECEX12";"Internet";"Macro"
"7874";"SECEX12_M474FOB12";NA;NA;"Ativa";"MDIC/SECEX Países";"Comércio exterior";"Importações (FOB) - origem: Marrocos";"Importações (FOB) - origem: Marrocos";"Não oculta";"Internet";40;0;0;"Inlcuída em 02/ago/2010.";"Geradora";"SECEX12";"Internet";"Macro"
"7875";"SECEX12_M476FOB12";NA;NA;"Ativa";"MDIC/SECEX Países";"Comércio exterior";"Importações (FOB) - origem: Marshall, Ilhas";"Importações (FOB) - origem: Marshall, Ilhas";"Não oculta";"Internet";40;0;0;"Inlcuída em 02/ago/2010.";"Geradora";"SECEX12";"Internet";"Macro"
"7876";"SECEX12_M477FOB12";NA;NA;"Ativa";"MDIC/SECEX Países";"Comércio exterior";"Importações (FOB) - origem: Martinica";"Importações (FOB) - origem: Martinica";"Não oculta";"Internet";40;0;0;"Inlcuída em 02/ago/2010.";"Geradora";"SECEX12";"Internet";"Macro"
"7877";"SECEX12_M485FOB12";NA;NA;"Ativa";"MDIC/SECEX Países";"Comércio exterior";"Importações (FOB) - origem: Maurício";"Importações (FOB) - origem: Maurício";"Não oculta";"Internet";40;0;0;"Inlcuída em 02/ago/2010.";"Geradora";"SECEX12";"Internet";"Macro"
"7878";"SECEX12_M488FOB12";NA;NA;"Ativa";"MDIC/SECEX Países";"Comércio exterior";"Importações (FOB) - origem: Mauritânia";"Importações (FOB) - origem: Mauritânia";"Não oculta";"Internet";40;0;0;"Inlcuída em 02/ago/2010.";"Geradora";"SECEX12";"Internet";"Macro"
"7879";"SECEX12_M490FOB12";NA;NA;"Ativa";"MDIC/SECEX Países";"Comércio exterior";"Importações (FOB) - origem: Midway, Ilhas";"Importações (FOB) - origem: Midway, Ilhas";"Não oculta";"Internet";40;0;0;"Inlcuída em 02/ago/2010.";"Geradora";"SECEX12";"Internet";"Macro"
"7880";"SECEX12_M493FOB12";NA;NA;"Ativa";"MDIC/SECEX Países";"Comércio exterior";"Importações (FOB) - origem: México";"Importações (FOB) - origem: México";"Não oculta";"Internet";40;0;0;"Inlcuída em 02/ago/2010.";"Geradora";"SECEX12";"Internet";"Macro"
"7881";"SECEX12_M494FOB12";NA;NA;"Ativa";"MDIC/SECEX Países";"Comércio exterior";"Importações (FOB) - origem: Moldova, República da";"Importações (FOB) - origem: Moldova, República da";"Não oculta";"Internet";40;0;0;"Inlcuída em 02/ago/2010.";"Geradora";"SECEX12";"Internet";"Macro"
"7882";"SECEX12_M495FOB12";NA;NA;"Ativa";"MDIC/SECEX Países";"Comércio exterior";"Importações (FOB) - origem: Mônaco";"Importações (FOB) - origem: Mônaco";"Não oculta";"Internet";40;0;0;"Inlcuída em 02/ago/2010.";"Geradora";"SECEX12";"Internet";"Macro"
"7883";"SECEX12_M497FOB12";NA;NA;"Ativa";"MDIC/SECEX Países";"Comércio exterior";"Importações (FOB) - origem: Mongólia";"Importações (FOB) - origem: Mongólia";"Não oculta";"Internet";130;0;0;"Inlcuída em 02/ago/2010.";"Geradora";"SECEX12";"Internet";"Macro"
"7884";"SECEX12_M498FOB12";NA;NA;"Ativa";"MDIC/SECEX Países";"Comércio exterior";"Importações (FOB) - origem: Montenegro";"Importações (FOB) - origem: Montenegro";"Não oculta";"Internet";130;0;0;"Inlcuída em 02/ago/2010.";"Geradora";"SECEX12";"Internet";"Macro"
"7885";"SECEX12_M499FOB12";NA;NA;"Ativa";"MDIC/SECEX Países";"Comércio exterior";"Importações (FOB) - origem: Micronésia, Estados Federados da";"Importações (FOB) - origem: Micronésia, Estados Federados da";"Não oculta";"Internet";40;0;0;"Inlcuída em 02/ago/2010.";"Geradora";"SECEX12";"Internet";"Macro"
"7886";"SECEX12_M501FOB12";NA;NA;"Ativa";"MDIC/SECEX Países";"Comércio exterior";"Importações (FOB) - origem: Montserrat";"Importações (FOB) - origem: Montserrat";"Não oculta";"Internet";40;0;0;"Inlcuída em 02/ago/2010.";"Geradora";"SECEX12";"Internet";"Macro"
"7887";"SECEX12_M505FOB12";NA;NA;"Ativa";"MDIC/SECEX Países";"Comércio exterior";"Importações (FOB) - origem: Moçambique";"Importações (FOB) - origem: Moçambique";"Não oculta";"Internet";40;0;0;"Inlcuída em 02/ago/2010.";"Geradora";"SECEX12";"Internet";"Macro"
"7888";"SECEX12_M507FOB12";NA;NA;"Ativa";"MDIC/SECEX Países";"Comércio exterior";"Importações (FOB) - origem: Namíbia";"Importações (FOB) - origem: Namíbia";"Não oculta";"Internet";40;0;0;"Inlcuída em 02/ago/2010.";"Geradora";"SECEX12";"Internet";"Macro"
"7889";"SECEX12_M508FOB12";NA;NA;"Ativa";"MDIC/SECEX Países";"Comércio exterior";"Importações (FOB) - origem: Nauru";"Importações (FOB) - origem: Nauru";"Não oculta";"Internet";40;0;0;"Inlcuída em 02/ago/2010.";"Geradora";"SECEX12";"Internet";"Macro"
"7890";"SECEX12_M511FOB12";NA;NA;"Ativa";"MDIC/SECEX Países";"Comércio exterior";"Importações (FOB) - origem: Christmas (Navidad), Ilha";"Importações (FOB) - origem: Christmas (Navidad), Ilha";"Não oculta";"Internet";40;0;0;"Inlcuída em 02/ago/2010.";"Geradora";"SECEX12";"Internet";"Macro"
"7891";"SECEX12_M517FOB12";NA;NA;"Ativa";"MDIC/SECEX Países";"Comércio exterior";"Importações (FOB) - origem: Nepal";"Importações (FOB) - origem: Nepal";"Não oculta";"Internet";40;0;0;"Inlcuída em 02/ago/2010.";"Geradora";"SECEX12";"Internet";"Macro"
"7892";"SECEX12_M521FOB12";NA;NA;"Ativa";"MDIC/SECEX Países";"Comércio exterior";"Importações (FOB) - origem: Nicarágua";"Importações (FOB) - origem: Nicarágua";"Não oculta";"Internet";40;0;0;"Inlcuída em 02/ago/2010.";"Geradora";"SECEX12";"Internet";"Macro"
"7893";"SECEX12_M525FOB12";NA;NA;"Ativa";"MDIC/SECEX Países";"Comércio exterior";"Importações (FOB) - origem: Níger";"Importações (FOB) - origem: Níger";"Não oculta";"Internet";40;0;0;"Inlcuída em 02/ago/2010.";"Geradora";"SECEX12";"Internet";"Macro"
"7894";"SECEX12_M528FOB12";NA;NA;"Ativa";"MDIC/SECEX Países";"Comércio exterior";"Importações (FOB) - origem: Nigéria";"Importações (FOB) - origem: Nigéria";"Não oculta";"Internet";40;0;0;"Inlcuída em 02/ago/2010.";"Geradora";"SECEX12";"Internet";"Macro"
"7895";"SECEX12_M531FOB12";NA;NA;"Ativa";"MDIC/SECEX Países";"Comércio exterior";"Importações (FOB) - origem: Niue";"Importações (FOB) - origem: Niue";"Não oculta";"Internet";40;0;0;"Inlcuída em 02/ago/2010.";"Geradora";"SECEX12";"Internet";"Macro"
"7896";"SECEX12_M535FOB12";NA;NA;"Ativa";"MDIC/SECEX Países";"Comércio exterior";"Importações (FOB) - origem: Norfolk, Ilha";"Importações (FOB) - origem: Norfolk, Ilha";"Não oculta";"Internet";40;0;0;"Inlcuída em 02/ago/2010.";"Geradora";"SECEX12";"Internet";"Macro"
"7897";"SECEX12_M538FOB12";NA;NA;"Ativa";"MDIC/SECEX Países";"Comércio exterior";"Importações (FOB) - origem: Noruega";"Importações (FOB) - origem: Noruega";"Não oculta";"Internet";40;0;0;"Inlcuída em 02/ago/2010.";"Geradora";"SECEX12";"Internet";"Macro"
"7898";"SECEX12_M542FOB12";NA;NA;"Ativa";"MDIC/SECEX Países";"Comércio exterior";"Importações (FOB) - origem: Nova Caledônia";"Importações (FOB) - origem: Nova Caledônia";"Não oculta";"Internet";40;0;0;"Inlcuída em 02/ago/2010.";"Geradora";"SECEX12";"Internet";"Macro"
"7899";"SECEX12_M545FOB12";NA;NA;"Ativa";"MDIC/SECEX Países";"Comércio exterior";"Importações (FOB) - origem: Papua Nova Guiné";"Importações (FOB) - origem: Papua Nova Guiné";"Não oculta";"Internet";40;0;0;"Inlcuída em 02/ago/2010.";"Geradora";"SECEX12";"Internet";"Macro"
"7900";"SECEX12_M548FOB12";NA;NA;"Ativa";"MDIC/SECEX Países";"Comércio exterior";"Importações (FOB) - origem: Nova Zelândia";"Importações (FOB) - origem: Nova Zelândia";"Não oculta";"Internet";40;0;0;"Inlcuída em 02/ago/2010.";"Geradora";"SECEX12";"Internet";"Macro"
"7901";"SECEX12_M551FOB12";NA;NA;"Ativa";"MDIC/SECEX Países";"Comércio exterior";"Importações (FOB) - origem: Vanuatu";"Importações (FOB) - origem: Vanuatu";"Não oculta";"Internet";130;0;0;"Inlcuída em 02/ago/2010.";"Geradora";"SECEX12";"Internet";"Macro"
"7902";"SECEX12_M556FOB12";NA;NA;"Ativa";"MDIC/SECEX Países";"Comércio exterior";"Importações (FOB) - origem: Omã";"Importações (FOB) - origem: Omã";"Não oculta";"Internet";40;0;0;"Inlcuída em 02/ago/2010.";"Geradora";"SECEX12";"Internet";"Macro"
"7903";"SECEX12_M563FOB12";NA;NA;"Inativa";"MDIC/SECEX";"Comércio exterior";"Importações (FOB) - origem: Pacífico, Ilhas do (Administração dos EUA)";"Importações (FOB) - origem: Pacífico, Ilhas do (Administração dos EUA)";"Oculta";"Intranet";40;0;0;"Inlcuída em 02/ago/2010.";"Geradora";"SECEX12";"Oculta";"Macro"
"7904";"SECEX12_M566FOB12";NA;NA;"Ativa";"MDIC/SECEX Países";"Comércio exterior";"Importações (FOB) - origem: Pacífico, Ilhas do (EUA)";"Importações (FOB) - origem: Pacífico, Ilhas do (EUA)";"Não oculta";"Internet";40;0;0;"Inlcuída em 02/ago/2010.";"Geradora";"SECEX12";"Internet";"Macro"
"7905";"SECEX12_M569FOB12";NA;NA;"Inativa";"MDIC/SECEX";"Comércio exterior";"Importações (FOB) - origem: Pacífico, Ilhas do (Território Fideicomisso EUA)";"Importações (FOB) - origem: Pacífico, Ilhas do (Território Fideicomisso EUA)";"Oculta";"Intranet";40;0;0;"Inlcuída em 02/ago/2010.";"Geradora";"SECEX12";"Oculta";"Macro"
"7906";"SECEX12_M573FOB12";NA;NA;"Ativa";"MDIC/SECEX Países";"Comércio exterior";"Importações (FOB) - origem: Países Baixos (Holanda)";"Importações (FOB) - origem: Países Baixos (Holanda)";"Não oculta";"Internet";40;0;0;"Inlcuída em 02/ago/2010.";"Geradora";"SECEX12";"Internet";"Macro"
"7907";"SECEX12_M575FOB12";NA;NA;"Ativa";"MDIC/SECEX Países";"Comércio exterior";"Importações (FOB) - origem: Palau";"Importações (FOB) - origem: Palau";"Não oculta";"Internet";40;0;0;"Inlcuída em 02/ago/2010.";"Geradora";"SECEX12";"Internet";"Macro"
"7908";"SECEX12_M576FOB12";NA;NA;"Ativa";"MDIC/SECEX Países";"Comércio exterior";"Importações (FOB) - origem: Paquistão";"Importações (FOB) - origem: Paquistão";"Não oculta";"Internet";40;0;0;"Inlcuída em 02/ago/2010.";"Geradora";"SECEX12";"Internet";"Macro"
"7909";"SECEX12_M580FOB12";NA;NA;"Ativa";"MDIC/SECEX Países";"Comércio exterior";"Importações (FOB) - origem: Panamá";"Importações (FOB) - origem: Panamá";"Não oculta";"Internet";40;0;0;"Inlcuída em 02/ago/2010.";"Geradora";"SECEX12";"Internet";"Macro"
"7910";"SECEX12_M586FOB12";NA;NA;"Ativa";"MDIC/SECEX Países";"Comércio exterior";"Importações (FOB) - origem: Paraguai";"Importações (FOB) - origem: Paraguai";"Não oculta";"Internet";40;0;0;"Inlcuída em 02/ago/2010.";"Geradora";"SECEX12";"Internet";"Macro"
"7911";"SECEX12_M589FOB12";NA;NA;"Ativa";"MDIC/SECEX Países";"Comércio exterior";"Importações (FOB) - origem: Peru";"Importações (FOB) - origem: Peru";"Não oculta";"Internet";40;0;0;"Inlcuída em 02/ago/2010.";"Geradora";"SECEX12";"Internet";"Macro"
"7912";"SECEX12_M593FOB12";NA;NA;"Ativa";"MDIC/SECEX Países";"Comércio exterior";"Importações (FOB) - origem: Pitcairn";"Importações (FOB) - origem: Pitcairn";"Não oculta";"Internet";130;0;0;"Inlcuída em 02/ago/2010.";"Geradora";"SECEX12";"Internet";"Macro"
"7913";"SECEX12_M599FOB12";NA;NA;"Ativa";"MDIC/SECEX Países";"Comércio exterior";"Importações (FOB) - origem: Polinésia Francesa";"Importações (FOB) - origem: Polinésia Francesa";"Não oculta";"Internet";40;0;0;"Inlcuída em 02/ago/2010.";"Geradora";"SECEX12";"Internet";"Macro"
"7914";"SECEX12_M603FOB12";NA;NA;"Ativa";"MDIC/SECEX Países";"Comércio exterior";"Importações (FOB) - origem: Polônia";"Importações (FOB) - origem: Polônia";"Não oculta";"Internet";40;0;0;"Inlcuída em 02/ago/2010.";"Geradora";"SECEX12";"Internet";"Macro"
"7915";"SECEX12_M607FOB12";NA;NA;"Ativa";"MDIC/SECEX Países";"Comércio exterior";"Importações (FOB) - origem: Portugal";"Importações (FOB) - origem: Portugal";"Não oculta";"Internet";40;0;0;"Inlcuída em 02/ago/2010.";"Geradora";"SECEX12";"Internet";"Macro"
"7916";"SECEX12_M611FOB12";NA;NA;"Ativa";"MDIC/SECEX Países";"Comércio exterior";"Importações (FOB) - origem: Porto Rico";"Importações (FOB) - origem: Porto Rico";"Não oculta";"Internet";40;0;0;"Inlcuída em 02/ago/2010.";"Geradora";"SECEX12";"Internet";"Macro"
"7917";"SECEX12_M623FOB12";NA;NA;"Ativa";"MDIC/SECEX Países";"Comércio exterior";"Importações (FOB) - origem: Quênia";"Importações (FOB) - origem: Quênia";"Não oculta";"Internet";40;0;0;"Inlcuída em 02/ago/2010.";"Geradora";"SECEX12";"Internet";"Macro"
"7918";"SECEX12_M625FOB12";NA;NA;"Ativa";"MDIC/SECEX Países";"Comércio exterior";"Importações (FOB) - origem: Quirguiz, República";"Importações (FOB) - origem: Quirguiz, República";"Não oculta";"Internet";40;0;0;"Inlcuída em 02/ago/2010.";"Geradora";"SECEX12";"Internet";"Macro"
"7919";"SECEX12_M628FOB12";NA;NA;"Ativa";"MDIC/SECEX Países";"Comércio exterior";"Importações (FOB) - origem: Reino Unido";"Importações (FOB) - origem: Reino Unido";"Não oculta";"Internet";40;0;0;"Inlcuída em 02/ago/2010.";"Geradora";"SECEX12";"Internet";"Macro"
"7920";"SECEX12_M640FOB12";NA;NA;"Ativa";"MDIC/SECEX Países";"Comércio exterior";"Importações (FOB) - origem: República Centro-Africana";"Importações (FOB) - origem: República Centro-Africana";"Não oculta";"Internet";40;0;0;"Inlcuída em 02/ago/2010.";"Geradora";"SECEX12";"Internet";"Macro"
"7921";"SECEX12_M647FOB12";NA;NA;"Ativa";"MDIC/SECEX Países";"Comércio exterior";"Importações (FOB) - origem: República Dominicana";"Importações (FOB) - origem: República Dominicana";"Não oculta";"Internet";40;0;0;"Inlcuída em 02/ago/2010.";"Geradora";"SECEX12";"Internet";"Macro"
"7922";"SECEX12_M660FOB12";NA;NA;"Ativa";"MDIC/SECEX Países";"Comércio exterior";"Importações (FOB) - origem: Reunião";"Importações (FOB) - origem: Reunião";"Não oculta";"Internet";130;0;0;"Inlcuída em 02/ago/2010.";"Geradora";"SECEX12";"Internet";"Macro"
"7923";"SECEX12_M665FOB12";NA;NA;"Ativa";"MDIC/SECEX Países";"Comércio exterior";"Importações (FOB) - origem: Zimbábue";"Importações (FOB) - origem: Zimbábue";"Não oculta";"Internet";40;0;0;"Inlcuída em 02/ago/2010.";"Geradora";"SECEX12";"Internet";"Macro"
"7924";"SECEX12_M670FOB12";NA;NA;"Ativa";"MDIC/SECEX Países";"Comércio exterior";"Importações (FOB) - origem: Romênia";"Importações (FOB) - origem: Romênia";"Não oculta";"Internet";40;0;0;"Inlcuída em 02/ago/2010.";"Geradora";"SECEX12";"Internet";"Macro"
"7925";"SECEX12_M675FOB12";NA;NA;"Ativa";"MDIC/SECEX Países";"Comércio exterior";"Importações (FOB) - origem: Ruanda";"Importações (FOB) - origem: Ruanda";"Não oculta";"Internet";40;0;0;"Inlcuída em 02/ago/2010.";"Geradora";"SECEX12";"Internet";"Macro"
"7926";"SECEX12_M676FOB12";NA;NA;"Ativa";"MDIC/SECEX Países";"Comércio exterior";"Importações (FOB) - origem: Rússia, Federação da";"Importações (FOB) - origem: Rússia, Federação da";"Não oculta";"Internet";40;0;0;"Inlcuída em 02/ago/2010.";"Geradora";"SECEX12";"Internet";"Macro"
"7927";"SECEX12_M677FOB12";NA;NA;"Ativa";"MDIC/SECEX Países";"Comércio exterior";"Importações (FOB) - origem: Salomão, Ilhas";"Importações (FOB) - origem: Salomão, Ilhas";"Não oculta";"Internet";40;0;0;"Inlcuída em 02/ago/2010.";"Geradora";"SECEX12";"Internet";"Macro"
"7928";"SECEX12_M678FOB12";NA;NA;"Ativa";"MDIC/SECEX Países";"Comércio exterior";"Importações (FOB) - origem: Saint Kitts e Nevis";"Importações (FOB) - origem: Saint Kitts e Nevis";"Não oculta";"Internet";40;0;0;"Inlcuída em 02/ago/2010.";"Geradora";"SECEX12";"Internet";"Macro"
"7929";"SECEX12_M685FOB12";NA;NA;"Ativa";"MDIC/SECEX Países";"Comércio exterior";"Importações (FOB) - origem: Saara Ocidental";"Importações (FOB) - origem: Saara Ocidental";"Não oculta";"Internet";40;0;0;"Inlcuída em 02/ago/2010.";"Geradora";"SECEX12";"Internet";"Macro"
"7930";"SECEX12_M687FOB12";NA;NA;"Ativa";"MDIC/SECEX Países";"Comércio exterior";"Importações (FOB) - origem: El Salvador";"Importações (FOB) - origem: El Salvador";"Não oculta";"Internet";40;0;0;"Inlcuída em 02/ago/2010.";"Geradora";"SECEX12";"Internet";"Macro"
"7931";"SECEX12_M690FOB12";NA;NA;"Ativa";"MDIC/SECEX Países";"Comércio exterior";"Importações (FOB) - origem: Samoa";"Importações (FOB) - origem: Samoa";"Não oculta";"Internet";40;0;0;"Inlcuída em 02/ago/2010.";"Geradora";"SECEX12";"Internet";"Macro"
"7932";"SECEX12_M691FOB12";NA;NA;"Ativa";"MDIC/SECEX Países";"Comércio exterior";"Importações (FOB) - origem: Samoa Americana";"Importações (FOB) - origem: Samoa Americana";"Não oculta";"Internet";40;0;0;"Inlcuída em 02/ago/2010.";"Geradora";"SECEX12";"Internet";"Macro"
"7933";"SECEX12_M695FOB12";NA;NA;"Ativa";"MDIC/SECEX Países";"Comércio exterior";"Importações (FOB) - origem: São Cristovão e Nevis";"Importações (FOB) - origem: São Cristovão e Nevis";"Não oculta";"Internet";40;0;0;"Inlcuída em 02/ago/2010.";"Geradora";"SECEX12";"Internet";"Macro"
"7934";"SECEX12_M697FOB12";NA;NA;"Ativa";"MDIC/SECEX Países";"Comércio exterior";"Importações (FOB) - origem: San Marino";"Importações (FOB) - origem: San Marino";"Não oculta";"Internet";40;0;0;"Inlcuída em 02/ago/2010.";"Geradora";"SECEX12";"Internet";"Macro"
"7935";"SECEX12_M700FOB12";NA;NA;"Ativa";"MDIC/SECEX Países";"Comércio exterior";"Importações (FOB) - origem: São Pedro e Miquellon";"Importações (FOB) - origem: São Pedro e Miquellon";"Não oculta";"Internet";40;0;0;"Inlcuída em 02/ago/2010.";"Geradora";"SECEX12";"Internet";"Macro"
"7936";"SECEX12_M705FOB12";NA;NA;"Ativa";"MDIC/SECEX Países";"Comércio exterior";"Importações (FOB) - origem: São Vicente e Granadinas";"Importações (FOB) - origem: São Vicente e Granadinas";"Não oculta";"Internet";40;0;0;"Inlcuída em 02/ago/2010.";"Geradora";"SECEX12";"Internet";"Macro"
"7937";"SECEX12_M710FOB12";NA;NA;"Ativa";"MDIC/SECEX Países";"Comércio exterior";"Importações (FOB) - origem: Santa Helena";"Importações (FOB) - origem: Santa Helena";"Não oculta";"Internet";40;0;0;"Inlcuída em 02/ago/2010.";"Geradora";"SECEX12";"Internet";"Macro"
"7938";"SECEX12_M715FOB12";NA;NA;"Ativa";"MDIC/SECEX Países";"Comércio exterior";"Importações (FOB) - origem: Santa Lúcia";"Importações (FOB) - origem: Santa Lúcia";"Não oculta";"Internet";40;0;0;"Inlcuída em 02/ago/2010.";"Geradora";"SECEX12";"Internet";"Macro"
"7939";"SECEX12_M720FOB12";NA;NA;"Ativa";"MDIC/SECEX Países";"Comércio exterior";"Importações (FOB) - origem: São Tomé e Príncipe";"Importações (FOB) - origem: São Tomé e Príncipe";"Não oculta";"Internet";40;0;0;"Inlcuída em 02/ago/2010.";"Geradora";"SECEX12";"Internet";"Macro"
"7940";"SECEX12_M728FOB12";NA;NA;"Ativa";"MDIC/SECEX Países";"Comércio exterior";"Importações (FOB) - origem: Senegal";"Importações (FOB) - origem: Senegal";"Não oculta";"Internet";130;0;0;"Inlcuída em 02/ago/2010.";"Geradora";"SECEX12";"Internet";"Macro"
"7941";"SECEX12_M731FOB12";NA;NA;"Ativa";"MDIC/SECEX Países";"Comércio exterior";"Importações (FOB) - origem: Seychelles";"Importações (FOB) - origem: Seychelles";"Não oculta";"Internet";40;0;0;"Inlcuída em 02/ago/2010.";"Geradora";"SECEX12";"Internet";"Macro"
"7942";"SECEX12_M735FOB12";NA;NA;"Ativa";"MDIC/SECEX Países";"Comércio exterior";"Importações (FOB) - origem: Serra Leoa";"Importações (FOB) - origem: Serra Leoa";"Não oculta";"Internet";40;0;0;"Inlcuída em 02/ago/2010.";"Geradora";"SECEX12";"Internet";"Macro"
"7943";"SECEX12_M737FOB12";NA;NA;"Ativa";"MDIC/SECEX Países";"Comércio exterior";"Importações (FOB) - origem: Sérvia";"Importações (FOB) - origem: Sérvia";"Não oculta";"Internet";40;0;0;"Inlcuída em 02/ago/2010.";"Geradora";"SECEX12";"Internet";"Macro"
"7944";"SECEX12_M741FOB12";NA;NA;"Ativa";"MDIC/SECEX Países";"Comércio exterior";"Importações (FOB) - origem: Cingapura";"Importações (FOB) - origem: Cingapura";"Não oculta";"Internet";40;0;0;"Inlcuída em 02/ago/2010.";"Geradora";"SECEX12";"Internet";"Macro"
"7945";"SECEX12_M744FOB12";NA;NA;"Ativa";"MDIC/SECEX Países";"Comércio exterior";"Importações (FOB) - origem: Síria, República Árabe da";"Importações (FOB) - origem: Síria, República Árabe da";"Não oculta";"Internet";40;0;0;"Inlcuída em 02/ago/2010.";"Geradora";"SECEX12";"Internet";"Macro"
"7946";"SECEX12_M748FOB12";NA;NA;"Ativa";"MDIC/SECEX Países";"Comércio exterior";"Importações (FOB) - origem: Somália";"Importações (FOB) - origem: Somália";"Não oculta";"Internet";40;0;0;"Inlcuída em 02/ago/2010.";"Geradora";"SECEX12";"Internet";"Macro"
"7947";"SECEX12_M750FOB12";NA;NA;"Ativa";"MDIC/SECEX Países";"Comércio exterior";"Importações (FOB) - origem: Sri Lanka";"Importações (FOB) - origem: Sri Lanka";"Não oculta";"Internet";40;0;0;"Inlcuída em 02/ago/2010.";"Geradora";"SECEX12";"Internet";"Macro"
"7948";"SECEX12_M754FOB12";NA;NA;"Ativa";"MDIC/SECEX Países";"Comércio exterior";"Importações (FOB) - origem: Suazilândia";"Importações (FOB) - origem: Suazilândia";"Não oculta";"Internet";40;0;0;"Inlcuída em 02/ago/2010.";"Geradora";"SECEX12";"Internet";"Macro"
"7949";"SECEX12_M756FOB12";NA;NA;"Ativa";"MDIC/SECEX Países";"Comércio exterior";"Importações (FOB) - origem: África do Sul";"Importações (FOB) - origem: África do Sul";"Não oculta";"Internet";40;0;0;"Inlcuída em 02/ago/2010.";"Geradora";"SECEX12";"Internet";"Macro"
"7950";"SECEX12_M759FOB12";NA;NA;"Ativa";"MDIC/SECEX Países";"Comércio exterior";"Importações (FOB) - origem: Sudão";"Importações (FOB) - origem: Sudão";"Não oculta";"Internet";40;0;0;"Inlcuída em 02/ago/2010.";"Geradora";"SECEX12";"Internet";"Macro"
"7951";"SECEX12_M764FOB12";NA;NA;"Ativa";"MDIC/SECEX Países";"Comércio exterior";"Importações (FOB) - origem: Suécia";"Importações (FOB) - origem: Suécia";"Não oculta";"Internet";40;0;0;"Inlcuída em 02/ago/2010.";"Geradora";"SECEX12";"Internet";"Macro"
"7952";"SECEX12_M767FOB12";NA;NA;"Ativa";"MDIC/SECEX Países";"Comércio exterior";"Importações (FOB) - origem: Suíça";"Importações (FOB) - origem: Suíça";"Não oculta";"Internet";40;0;0;"Inlcuída em 02/ago/2010.";"Geradora";"SECEX12";"Internet";"Macro"
"7953";"SECEX12_M770FOB12";NA;NA;"Ativa";"MDIC/SECEX Países";"Comércio exterior";"Importações (FOB) - origem: Suriname";"Importações (FOB) - origem: Suriname";"Não oculta";"Internet";40;0;0;"Inlcuída em 02/ago/2010.";"Geradora";"SECEX12";"Internet";"Macro"
"7954";"SECEX12_M772FOB12";NA;NA;"Ativa";"MDIC/SECEX Países";"Comércio exterior";"Importações (FOB) - origem: Tadjiquistão";"Importações (FOB) - origem: Tadjiquistão";"Não oculta";"Internet";40;0;0;"Inlcuída em 02/ago/2010.";"Geradora";"SECEX12";"Internet";"Macro"
"7955";"SECEX12_M776FOB12";NA;NA;"Ativa";"MDIC/SECEX Países";"Comércio exterior";"Importações (FOB) - origem: Tailândia";"Importações (FOB) - origem: Tailândia";"Não oculta";"Internet";40;0;0;"Inlcuída em 02/ago/2010.";"Geradora";"SECEX12";"Internet";"Macro"
"7956";"SECEX12_M780FOB12";NA;NA;"Ativa";"MDIC/SECEX Países";"Comércio exterior";"Importações (FOB) - origem: Tanzânia, República Unida da";"Importações (FOB) - origem: Tanzânia, República Unida da";"Não oculta";"Internet";40;0;0;"Inlcuída em 02/ago/2010.";"Geradora";"SECEX12";"Internet";"Macro"
"7957";"SECEX12_M782FOB12";NA;NA;"Ativa";"MDIC/SECEX Países";"Comércio exterior";"Importações (FOB) - origem: Território Britânico do Oceano Índico";"Importações (FOB) - origem: Território Britânico do Oceano Índico";"Não oculta";"Internet";40;0;0;"Inlcuída em 02/ago/2010.";"Geradora";"SECEX12";"Internet";"Macro"
"7958";"SECEX12_M783FOB12";NA;NA;"Ativa";"MDIC/SECEX Países";"Comércio exterior";"Importações (FOB) - origem: Djibuti";"Importações (FOB) - origem: Djibuti";"Não oculta";"Internet";40;0;0;"Inlcuída em 02/ago/2010.";"Geradora";"SECEX12";"Internet";"Macro"
"7959";"SECEX12_M788FOB12";NA;NA;"Ativa";"MDIC/SECEX Países";"Comércio exterior";"Importações (FOB) - origem: Chade";"Importações (FOB) - origem: Chade";"Não oculta";"Internet";40;0;0;"Inlcuída em 02/ago/2010.";"Geradora";"SECEX12";"Internet";"Macro"
"7960";"SECEX12_M790FOB12";NA;NA;"Inativa";"MDIC/SECEX Países";"Comércio exterior";"Importações (FOB) - origem: Tchecoslováquia";"Importações (FOB) - origem: Tchecoslováquia";"Não oculta";"Internet";40;0;0;"Inlcuída em 02/ago/2010.";"Geradora";"SECEX12";"Internet";"Macro"
"7961";"SECEX12_M791FOB12";NA;NA;"Ativa";"MDIC/SECEX Países";"Comércio exterior";"Importações (FOB) - origem: Tcheca, República";"Importações (FOB) - origem: Tcheca, República";"Não oculta";"Internet";40;0;0;"Inlcuída em 02/ago/2010.";"Geradora";"SECEX12";"Internet";"Macro"
"7962";"SECEX12_M795FOB12";NA;NA;"Ativa";"MDIC/SECEX Países";"Comércio exterior";"Importações (FOB) - origem: Timor Leste";"Importações (FOB) - origem: Timor Leste";"Não oculta";"Internet";130;0;0;"Inlcuída em 02/ago/2010.";"Geradora";"SECEX12";"Internet";"Macro"
"7963";"SECEX12_M800FOB12";NA;NA;"Ativa";"MDIC/SECEX Países";"Comércio exterior";"Importações (FOB) - origem: Togo";"Importações (FOB) - origem: Togo";"Não oculta";"Internet";130;0;0;"Inlcuída em 02/ago/2010.";"Geradora";"SECEX12";"Internet";"Macro"
"7964";"SECEX12_M805FOB12";NA;NA;"Ativa";"MDIC/SECEX Países";"Comércio exterior";"Importações (FOB) - origem: Toquelau";"Importações (FOB) - origem: Toquelau";"Não oculta";"Internet";40;0;0;"Inlcuída em 02/ago/2010.";"Geradora";"SECEX12";"Internet";"Macro"
"7965";"SECEX12_M810FOB12";NA;NA;"Ativa";"MDIC/SECEX Países";"Comércio exterior";"Importações (FOB) - origem: Tonga";"Importações (FOB) - origem: Tonga";"Não oculta";"Internet";130;0;0;"Inlcuída em 02/ago/2010.";"Geradora";"SECEX12";"Internet";"Macro"
"7966";"SECEX12_M815FOB12";NA;NA;"Ativa";"MDIC/SECEX Países";"Comércio exterior";"Importações (FOB) - origem: Trinidad e Tobago";"Importações (FOB) - origem: Trinidad e Tobago";"Não oculta";"Internet";40;0;0;"Inlcuída em 02/ago/2010.";"Geradora";"SECEX12";"Internet";"Macro"
"7967";"SECEX12_M820FOB12";NA;NA;"Ativa";"MDIC/SECEX Países";"Comércio exterior";"Importações (FOB) - origem: Tunísia";"Importações (FOB) - origem: Tunísia";"Não oculta";"Internet";40;0;0;"Inlcuída em 02/ago/2010.";"Geradora";"SECEX12";"Internet";"Macro"
"7968";"SECEX12_M823FOB12";NA;NA;"Ativa";"MDIC/SECEX Países";"Comércio exterior";"Importações (FOB) - origem: Turcas e Caicos, Ilhas";"Importações (FOB) - origem: Turcas e Caicos, Ilhas";"Não oculta";"Internet";40;0;0;"Inlcuída em 02/ago/2010.";"Geradora";"SECEX12";"Internet";"Macro"
"7969";"SECEX12_M824FOB12";NA;NA;"Ativa";"MDIC/SECEX Países";"Comércio exterior";"Importações (FOB) - origem: Turcomenistão";"Importações (FOB) - origem: Turcomenistão";"Não oculta";"Internet";40;0;0;"Inlcuída em 02/ago/2010.";"Geradora";"SECEX12";"Internet";"Macro"
"7970";"SECEX12_M827FOB12";NA;NA;"Ativa";"MDIC/SECEX Países";"Comércio exterior";"Importações (FOB) - origem: Turquia";"Importações (FOB) - origem: Turquia";"Não oculta";"Internet";40;0;0;"Inlcuída em 02/ago/2010.";"Geradora";"SECEX12";"Internet";"Macro"
"7971";"SECEX12_M828FOB12";NA;NA;"Ativa";"MDIC/SECEX Países";"Comércio exterior";"Importações (FOB) - origem: Tuvalu";"Importações (FOB) - origem: Tuvalu";"Não oculta";"Internet";40;0;0;"Inlcuída em 02/ago/2010.";"Geradora";"SECEX12";"Internet";"Macro"
"7972";"SECEX12_M831FOB12";NA;NA;"Ativa";"MDIC/SECEX Países";"Comércio exterior";"Importações (FOB) - origem: Ucrânia";"Importações (FOB) - origem: Ucrânia";"Não oculta";"Internet";40;0;0;"Inlcuída em 02/ago/2010.";"Geradora";"SECEX12";"Internet";"Macro"
"7973";"SECEX12_M833FOB12";NA;NA;"Ativa";"MDIC/SECEX Países";"Comércio exterior";"Importações (FOB) - origem: Uganda";"Importações (FOB) - origem: Uganda";"Não oculta";"Internet";40;0;0;"Inlcuída em 02/ago/2010.";"Geradora";"SECEX12";"Internet";"Macro"
"7974";"SECEX12_M840FOB12";NA;NA;"Inativa";"MDIC/SECEX Países";"Comércio exterior";"Importações (FOB) - origem: União das Repúblicas Socialistas Soviéticas";"Importações (FOB) - origem: União das Repúblicas Socialistas Soviéticas";"Não oculta";"Internet";40;0;0;"Inlcuída em 02/ago/2010.";"Geradora";"SECEX12";"Internet";"Macro"
"7975";"SECEX12_M845FOB12";NA;NA;"Ativa";"MDIC/SECEX Países";"Comércio exterior";"Importações (FOB) - origem: Uruguai";"Importações (FOB) - origem: Uruguai";"Não oculta";"Internet";40;0;0;"Inlcuída em 02/ago/2010.";"Geradora";"SECEX12";"Internet";"Macro"
"7976";"SECEX12_M847FOB12";NA;NA;"Ativa";"MDIC/SECEX Países";"Comércio exterior";"Importações (FOB) - origem: Uzbequistão";"Importações (FOB) - origem: Uzbequistão";"Não oculta";"Internet";40;0;0;"Inlcuída em 02/ago/2010.";"Geradora";"SECEX12";"Internet";"Macro"
"7977";"SECEX12_M848FOB12";NA;NA;"Ativa";"MDIC/SECEX Países";"Comércio exterior";"Importações (FOB) - origem: Vaticano, Estado da Cidade do";"Importações (FOB) - origem: Vaticano, Estado da Cidade do";"Não oculta";"Internet";130;0;0;"Inlcuída em 02/ago/2010.";"Geradora";"SECEX12";"Internet";"Macro"
"7978";"SECEX12_M850FOB12";NA;NA;"Ativa";"MDIC/SECEX Países";"Comércio exterior";"Importações (FOB) - origem: Venezuela";"Importações (FOB) - origem: Venezuela";"Não oculta";"Internet";40;0;0;"Inlcuída em 02/ago/2010.";"Geradora";"SECEX12";"Internet";"Macro"
"7979";"SECEX12_M858FOB12";NA;NA;"Ativa";"MDIC/SECEX Países";"Comércio exterior";"Importações (FOB) - origem: Vietnã";"Importações (FOB) - origem: Vietnã";"Não oculta";"Internet";40;0;0;"Inlcuída em 02/ago/2010.";"Geradora";"SECEX12";"Internet";"Macro"
"7980";"SECEX12_M863FOB12";NA;NA;"Ativa";"MDIC/SECEX Países";"Comércio exterior";"Importações (FOB) - origem: Virgens, Ilhas (Britânicas)";"Importações (FOB) - origem: Virgens, Ilhas (Britânicas)";"Não oculta";"Internet";40;0;0;"Inlcuída em 02/ago/2010.";"Geradora";"SECEX12";"Internet";"Macro"
"7981";"SECEX12_M866FOB12";NA;NA;"Ativa";"MDIC/SECEX Países";"Comércio exterior";"Importações (FOB) - origem: Virgens, Ilhas (Americanas)";"Importações (FOB) - origem: Virgens, Ilhas (Americanas)";"Não oculta";"Internet";40;0;0;"Inlcuída em 02/ago/2010.";"Geradora";"SECEX12";"Internet";"Macro"
"7982";"SECEX12_M870FOB12";NA;NA;"Ativa";"MDIC/SECEX Países";"Comércio exterior";"Importações (FOB) - origem: Fiji";"Importações (FOB) - origem: Fiji";"Não oculta";"Internet";40;0;0;"Inlcuída em 02/ago/2010.";"Geradora";"SECEX12";"Internet";"Macro"
"7983";"SECEX12_M873FOB12";NA;NA;"Ativa";"MDIC/SECEX Países";"Comércio exterior";"Importações (FOB) - origem: Wake, Ilha";"Importações (FOB) - origem: Wake, Ilha";"Não oculta";"Internet";40;0;0;"Inlcuída em 02/ago/2010.";"Geradora";"SECEX12";"Internet";"Macro"
"7984";"SECEX12_M875FOB12";NA;NA;"Ativa";"MDIC/SECEX Países";"Comércio exterior";"Importações (FOB) - origem: Wallis e Futuna, Ilhas";"Importações (FOB) - origem: Wallis e Futuna, Ilhas";"Não oculta";"Internet";40;0;0;"Inlcuída em 02/ago/2010.";"Geradora";"SECEX12";"Internet";"Macro"
"7985";"SECEX12_M888FOB12";NA;NA;"Ativa";"MDIC/SECEX Países";"Comércio exterior";"Importações (FOB) - origem: Congo, República Democrática do";"Importações (FOB) - origem: Congo, República Democrática do";"Não oculta";"Internet";40;0;0;"Inlcuída em 02/ago/2010.";"Geradora";"SECEX12";"Internet";"Macro"
"7986";"SECEX12_M890FOB12";NA;NA;"Ativa";"MDIC/SECEX Países";"Comércio exterior";"Importações (FOB) - origem: Zâmbia";"Importações (FOB) - origem: Zâmbia";"Não oculta";"Internet";40;0;0;"Inlcuída em 02/ago/2010.";"Geradora";"SECEX12";"Internet";"Macro"
"7987";"SECEX12_M895FOB12";NA;NA;"Ativa";"MDIC/SECEX Países";"Comércio exterior";"Importações (FOB) - origem: Zona do Canal do Panamá";"Importações (FOB) - origem: Zona do Canal do Panamá";"Não oculta";"Internet";40;0;0;"Inlcuída em 02/ago/2010.";"Geradora";"SECEX12";"Internet";"Macro"
"7988";"SECEX12_M990FOB12";NA;NA;"Ativa";"MDIC/SECEX Países";"Comércio exterior";"Importações (FOB) - origem: provisão de navios e aeronaves";"Importações (FOB) - origem: provisão de navios e aeronaves";"Não oculta";"Internet";40;0;0;"Inlcuída em 02/ago/2010.";"Geradora";"SECEX12";"Internet";"Macro"
"7989";"SECEX12_M994FOB12";NA;NA;"Ativa";"MDIC/SECEX Países";"Comércio exterior";"Importações (FOB) - origem: país a designar";"Importações (FOB) - origem: país a designar";"Não oculta";"Internet";40;0;0;"Inlcuída em 02/ago/2010.";"Geradora";"SECEX12";"Internet";"Macro"
"7990";"SECEX12_M995FOB12";NA;NA;"Ativa";"MDIC/SECEX Países";"Comércio exterior";"Importações (FOB) - origem: bancos centrais";"Importações (FOB) - origem: bancos centrais";"Não oculta";"Internet";40;0;0;"Inlcuída em 02/ago/2010.";"Geradora";"SECEX12";"Internet";"Macro"
"7991";"SECEX12_M997FOB12";NA;NA;"Ativa";"MDIC/SECEX Países";"Comércio exterior";"Importações (FOB) - origem: organizações internacionais";"Importações (FOB) - origem: organizações internacionais";"Não oculta";"Internet";40;0;0;"Inlcuída em 02/ago/2010.";"Geradora";"SECEX12";"Internet";"Macro"
"7992";"SECEX12_M999FOB12";NA;NA;"Inativa";"MDIC/SECEX Países";"Comércio exterior";"apagar";"Importações (FOB) - origem: países não declarados";"Oculta";"Internet";40;0;0;"Inlcuída em 02/ago/2010.";"Geradora";"SECEX12";"Oculta";"Macro"
"7993";"SECEX12_EXPORTZE12";NA;NA;"Ativa";"IPEA";"Comércio exterior";"Exportações (FOB) - destino: Zona do Euro";"Exportações (FOB) - destino: Zona do Euro";"Não oculta";"Internet";40;0;0;"Inlcuída em 20/ago/2010.";"Gerada/Geradora";"SECEX12";"Internet";"Macro"
"7994";"SECEX12_EXPORTMERCOSUL12";NA;NA;"Ativa";"IPEA";"Comércio exterior";"Exportações (FOB) - destino: Mercosul";"Exportações (FOB) - destino: Mercosul";"Não oculta";"Internet";40;0;0;"Inlcuída em 20/ago/2010.";"Gerada";"SECEX12";"Internet";"Macro"
"7995";"SECEX12_EXPORTBRIC12";NA;NA;"Inativa";"IPEA";"Comércio exterior";"Exportações (FOB) - destino: Bric";"Exportações (FOB) - destino: Bric";"Oculta";"Intranet";40;0;0;"Inlcuída em 11/ago/2010.";"Gerada";"SECEX12";"Oculta";"Macro"
"7996";"SECEX12_EXPORTAMERICAS12";NA;NA;"Ativa";"IPEA";"Comércio exterior";"Exportações (FOB) - destino: América do Sul, Central e Caribe";"Exportações (FOB) - destino: América do Sul, Central e Caribe";"Não oculta";"Internet";40;0;0;"Inlcuída em 20/ago/2010.";"Gerada";"SECEX12";"Internet";"Macro"
"7997";"SECEX12_EXPORTEUROPA12";NA;NA;"Ativa";"IPEA";"Comércio exterior";"Exportações (FOB) - destino: Europa";"Exportações (FOB) - destino: Europa";"Não oculta";"Internet";40;0;0;"Inlcuída em 20/ago/2010.";"Gerada";"SECEX12";"Internet";"Macro"
"7998";"SECEX12_EXPORTASIA12";NA;NA;"Ativa";"IPEA";"Comércio exterior";"Exportações (FOB) - destino: Ásia e Pacífico";"Exportações (FOB) - destino: Ásia e Pacífico";"Não oculta";"Internet";40;0;0;"Inlcuída em 20/ago/2010.";"Gerada";"SECEX12";"Internet";"Macro"
"7999";"SECEX12_EXPORTAFRICA12";NA;NA;"Ativa";"IPEA";"Comércio exterior";"Exportações (FOB) - destino: África";"Exportações (FOB) - destino: África";"Não oculta";"Internet";40;0;0;"Inlcuída em 20/ago/2010.";"Gerada";"SECEX12";"Internet";"Macro"
"8000";"SECEX12_EXPORTOMEDIO12";NA;NA;"Ativa";"IPEA";"Comércio exterior";"Exportações (FOB) - destino: Oriente Médio";"Exportações (FOB) - destino: Oriente Médio";"Não oculta";"Internet";40;0;0;"Inlcuída em 20/ago/2010.";"Gerada";"SECEX12";"Internet";"Macro"
"8001";"SECEX12_EXPORTOCEANIA12";NA;NA;"Inativa";"IPEA";"Comércio exterior";"Exportações (FOB) - destino: Oceania";"Exportações (FOB) - destino: Oceania";"Oculta";"Intranet";40;0;0;"Inlcuída em 11/ago/2010.";"Gerada";"SECEX12";"Oculta";"Macro"
"8002";"SECEX12_EXPORTETC12";NA;NA;"Ativa";"IPEA";"Comércio exterior";"Exportações (FOB) - destino: outros";"Exportações (FOB) - destino: outros";"Não oculta";"Internet";40;0;0;"Inlcuída em 11/ago/2010.";"Gerada";"SECEX12";"Internet";"Macro"
"8003";"SECEX12_IMPORTZE12";NA;NA;"Ativa";"IPEA";"Comércio exterior";"Importações (FOB) - origem: Zona do Euro";"Importações (FOB) - origem: Zona do Euro";"Não oculta";"Internet";40;0;0;"Inlcuída em 20/ago/2010.";"Gerada/Geradora";"SECEX12";"Internet";"Macro"
"8004";"SECEX12_IMPORTMERCOSUL12";NA;NA;"Ativa";"IPEA";"Comércio exterior";"Importações (FOB) - origem: Mercosul";"Importações (FOB) - origem: Mercosul";"Não oculta";"Internet";40;0;0;"Inlcuída em 20/ago/2010.";"Gerada";"SECEX12";"Internet";"Macro"
"8005";"SECEX12_IMPORTBRIC12";NA;NA;"Inativa";"IPEA";"Comércio exterior";"Importações (FOB) - origem: Bric";"Importações (FOB) - origem: Bric";"Oculta";"Intranet";40;0;0;"Inlcuída em 11/ago/2010.";"Gerada";"SECEX12";"Oculta";"Macro"
"8006";"SECEX12_IMPORTAMERICAS12";NA;NA;"Ativa";"IPEA";"Comércio exterior";"Importações (FOB) - origem: América do Sul, Central e Caribe";"Importações (FOB) - origem: América do Sul, Central e Caribe";"Não oculta";"Internet";40;0;0;"Inlcuída em 20/ago/2010.";"Gerada";"SECEX12";"Internet";"Macro"
"8007";"SECEX12_IMPORTEUROPA12";NA;NA;"Ativa";"IPEA";"Comércio exterior";"Importações (FOB) - origem: Europa";"Importações (FOB) - origem: Europa";"Não oculta";"Internet";40;0;0;"Inlcuída em 20/ago/2010.";"Gerada";"SECEX12";"Internet";"Macro"
"8008";"SECEX12_IMPORTASIA12";NA;NA;"Ativa";"IPEA";"Comércio exterior";"Importações (FOB) - origem: Ásia e Pacífico";"Importações (FOB) - origem: Ásia e Pacífico";"Não oculta";"Internet";40;0;0;"Inlcuída em 20/ago/2010.";"Gerada";"SECEX12";"Internet";"Macro"
"8009";"SECEX12_IMPORTAFRICA12";NA;NA;"Ativa";"IPEA";"Comércio exterior";"Importações (FOB) - origem: África";"Importações (FOB) - origem: África";"Não oculta";"Internet";40;0;0;"Inlcuída em 20/ago/2010.";"Gerada";"SECEX12";"Internet";"Macro"
"8010";"SECEX12_IMPORTOMEDIO12";NA;NA;"Ativa";"IPEA";"Comércio exterior";"Importações (FOB) - origem: Oriente Médio";"Importações (FOB) - origem: Oriente Médio";"Não oculta";"Internet";40;0;0;"Inlcuída em 20/ago/2010.";"Gerada";"SECEX12";"Internet";"Macro"
"8011";"SECEX12_IMPORTOCEANIA12";NA;NA;"Inativa";"IPEA";"Comércio exterior";"Importações (FOB) - origem: Oceania";"Importações (FOB) - origem: Oceania";"Oculta";"Intranet";40;0;0;"Inlcuída em 11/ago/2010.";"Gerada";"SECEX12";"Oculta";"Macro"
"8012";"SECEX12_IMPORTETC12";NA;NA;"Ativa";"IPEA";"Comércio exterior";"Importações (FOB) - origem: outros";"Importações (FOB) - origem: outros";"Não oculta";"Internet";40;0;0;"Inlcuída em 11/ago/2010.";"Gerada";"SECEX12";"Internet";"Macro"
"8013";"SECEX12_EXPORTAMERICAN12";NA;NA;"Ativa";"IPEA";"Comércio exterior";"Exportações (FOB) - destino: América do Norte";"Exportações (FOB) - destino: América do Norte";"Não oculta";"Internet";40;0;0;"Inlcuída em 20/ago/2010.";"Gerada";"SECEX12";"Internet";"Macro"
"8014";"SECEX12_IMPORTAMERICAN12";NA;NA;"Ativa";"IPEA";"Comércio exterior";"Importações (FOB) - origem: América do Norte";"Importações (FOB) - origem: América do Norte";"Não oculta";"Internet";40;0;0;"Inlcuída em 20/ago/2010.";"Gerada";"SECEX12";"Internet";"Macro"
"8015";"DISOC_APOS";NA;NA;"Inativa";"IPEA";"Indicadores sociais";"Aposentados";"Proporção de aposentados na população";"Não oculta";"Internet";360;0;0;"Incluída em 26/ago/2010.";NA;"DISOC";"Internet";"Macro"
"8016";"DISOC_APOSHO";NA;NA;"Inativa";"IPEA";"Indicadores sociais";"Aposentados - homens";"Proporção de aposentados entre a população masculina";"Não oculta";"Internet";360;0;0;"Incluída em 26/ago/2010.";NA;"DISOC";"Internet";"Macro"
"8017";"DISOC_APOSMU";NA;NA;"Inativa";"IPEA";"Indicadores sociais";"Aposentados - mulheres";"Proporção de aposentadas entre a população feminina";"Não oculta";"Internet";360;0;0;"Incluída em 26/ago/2010.";NA;"DISOC";"Internet";"Macro"
"8018";"DISOC_PENS";NA;NA;"Inativa";"IPEA";"Indicadores sociais";"Pensionistas";"Proporção de pensionistas na população";"Não oculta";"Internet";360;0;0;"Incluída em 26/ago/2010.";NA;"DISOC";"Internet";"Macro"
"8019";"DISOC_PENSHO";NA;NA;"Inativa";"IPEA";"Indicadores sociais";"Pensionistas - homens";"Proporção de pensionistas entre a população masculina";"Não oculta";"Internet";360;0;0;"Incluída em 26/ago/2010.";NA;"DISOC";"Internet";"Macro"
"8020";"DISOC_PENSMU";NA;NA;"Inativa";"IPEA";"Indicadores sociais";"Pensionistas - mulheres";"Proporção de pensionistas entre a população feminina";"Não oculta";"Internet";360;0;0;"Incluída em 26/ago/2010.";NA;"DISOC";"Internet";"Macro"
"8021";"DISOC_CONTR";NA;NA;"Inativa";"IPEA";"Indicadores sociais";"Contribuintes da previdência social";"Proporção de contribuintes à previdência social na população";"Não oculta";"Internet";360;0;0;"Incluída em 26/ago/2010.";NA;"DISOC";"Internet";"Macro"
"8022";"DISOC_CONTRHO";NA;NA;"Inativa";"IPEA";"Indicadores sociais";"Contribuintes da previdência social - homens";"Proporção de contribuintes à previdência social entre a população masculina";"Não oculta";"Internet";360;0;0;"Incluída em 26/ago/2010.";NA;"DISOC";"Internet";"Macro"
"8023";"DISOC_CONTRMU";NA;NA;"Inativa";"IPEA";"Indicadores sociais";"Contribuintes da previdência social - mulheres";"Proporção de contribuintes à previdência social entre a população feminina";"Não oculta";"Internet";360;0;0;"Incluída em 26/ago/2010.";NA;"DISOC";"Internet";"Macro"
"8024";"QUANTPRODBOVINOSM";NA;NA;"Ativa";"IBGE";"Agropecuária";"Efetivo - bovinos - qde.";"Efetivo - bovinos - qde.";"Não oculta";"Internet";NA;0;NA;NA;NA;"QUANTPRODBOVINOSM";"Internet";"Regional"
"8025";"QUANTPRODSUINOSM";NA;NA;"Ativa";"IBGE";"Agropecuária";"Efetivo - suinos - qde.";"Efetivo - suinos - qde.";"Não oculta";"Internet";NA;0;NA;NA;NA;"QUANTPRODSUINOSM";"Internet";"Regional"
"8026";"QUANTPRODOVINOSM";NA;NA;"Ativa";"IBGE";"Agropecuária";"Efetivo - ovinos - qde.";"Efetivo - ovinos - qde.";"Não oculta";"Internet";NA;0;NA;NA;NA;"QUANTPRODOVINOSM";"Internet";"Regional"
"8027";"QUANTPRODCAPRINOSM";NA;NA;"Ativa";"IBGE";"Agropecuária";"Efetivo - caprinos - qde.";"Efetivo - caprinos - qde.";"Não oculta";"Internet";NA;0;NA;NA;NA;"QUANTPRODCAPRINOSM";"Internet";"Regional"
"8028";"QUANTPRODLEITEM";NA;NA;"Ativa";"IBGE";"Agropecuária";"Produção - leite - qde.";"Produção - leite - qde.";"Não oculta";"Internet";NA;0;NA;NA;NA;"QUANTPRODLEITEM";"Internet";"Regional"
"8029";"QUANTPRODLAM";NA;NA;"Ativa";"IBGE";"Agropecuária";"Produção - lã - qde.";"Produção - lã - qde.";"Não oculta";"Internet";NA;0;NA;NA;NA;"QUANTPRODLAM";"Internet";"Regional"
"8030";"QUANTPRODOVOSM";NA;NA;"Ativa";"IBGE";"Agropecuária";"Produção - ovos de galinha  - qde.";"Produção - ovos de galinha  - qde.";"Não oculta";"Internet";NA;0;NA;NA;NA;"QUANTPRODOVOSM";"Internet";"Regional"
"8031";"STN_GOVFREC";NA;NA;"Inativa";"Min. Fazenda/STN";"Finanças públicas";"Receita arrecadada - governo federal";"Receita arrecadada - governo federal";"Não oculta";"Internet";360;0;1;"Incluída em 09/jul/2010.";NA;"STN";"Internet";"Macro"
"8032";"STN_GOVFDES";NA;NA;"Inativa";"Min. Fazenda/STN";"Finanças públicas";"Despesa efetuada - governo federal";"Despesa efetuada - governo federal";"Não oculta";"Internet";360;0;1;"Incluída em 09/jul/2010.";NA;"STN";"Internet";"Macro"
"8033";"STN_GOVFSALDO";NA;NA;"Inativa";"Min. Fazenda/STN";"Finanças públicas";"Superávit (+) ou déficit (-) da execução orçamentária - governo federal";"Superávit (+) ou déficit (-) da execução orçamentária - governo federal";"Não oculta";"Internet";360;0;1;"Incluída em 09/jul/2010.";NA;"STN";"Internet";"Macro"
"8034";"STN_GOVEREC";NA;NA;"Inativa";"Min. Fazenda/STN";"Finanças públicas";"Receita arrecadada - governo estadual";"Receita arrecadada - governo estadual";"Não oculta";"Internet";360;0;1;"Incluída em 09/jul/2010.";NA;"STN";"Internet";"Macro"
"8035";"STN_GOVEDES";NA;NA;"Inativa";"Min. Fazenda/STN";"Finanças públicas";"Despesa efetuada - governo estadual";"Despesa efetuada - governo estadual";"Não oculta";"Internet";360;0;1;"Incluída em 09/jul/2010.";NA;"STN";"Internet";"Macro"
"8036";"STN_GOVESALDO";NA;NA;"Inativa";"Min. Fazenda/STN";"Finanças públicas";"Superávit (+) ou déficit (-) da execução orçamentária - governo estadual";"Superávit (+) ou déficit (-) da execução orçamentária - governo estadual";"Não oculta";"Internet";360;0;1;"Incluída em 09/jul/2010.";NA;"STN";"Internet";"Macro"
"8037";"STN_GOVMREC";NA;NA;"Inativa";"Min. Fazenda/STN";"Finanças públicas";"Receita arrecadada - governo estadual";"Receita arrecadada - governo estadual";"Não oculta";"Internet";360;0;1;"Incluída em 09/jul/2010.";NA;"STN";"Internet";"Macro"
"8038";"STN_GOVMDES";NA;NA;"Inativa";"Min. Fazenda/STN";"Finanças públicas";"Despesa efetuada - governo municipal";"Despesa efetuada - governo municipal";"Não oculta";"Internet";360;0;1;"Incluída em 09/jul/2010.";NA;"STN";"Internet";"Macro"
"8039";"STN_GOVMSALDO";NA;NA;"Inativa";"Min. Fazenda/STN";"Finanças públicas";"Superávit (+) ou déficit (-) da execução orçamentária - governo municipal";"Superávit (+) ou déficit (-) da execução orçamentária - governo municipal";"Não oculta";"Internet";360;0;1;"Incluída em 09/jul/2010.";NA;"STN";"Internet";"Macro"
"8040";"STN_GOVFRECIND";NA;NA;"Ativa";"Min. Fazenda/STN";"Finanças públicas";"Receita arrecadada - receita industrial - governo federal";"Receita arrecadada - receita industrial - governo federal";"Não oculta";"Internet";360;0;1;"Incluída em 09/jul/2010.";NA;"STN";"Internet";"Macro"
"8041";"STN_GOVFRECII";NA;NA;"Inativa";"Min. Fazenda/STN";"Finanças públicas";"Receita arrecadada - imposto sobre a importação (II) - governo federal";"Receita arrecadada - imposto sobre a importação (II) - governo federal";"Não oculta";"Internet";360;0;1;"Incluída em 09/jul/2010.";NA;"STN";"Internet";"Macro"
"8042";"STN_GOVFRECIPI";NA;NA;"Inativa";"Min. Fazenda/STN";"Finanças públicas";"Receita arrecadada - imposto sobre produtos industrializados (IPI) - governo federal";"Receita arrecadada - imposto sobre produtos industrializados (IPI) - governo federal";"Não oculta";"Internet";360;0;1;"Incluída em 09/jul/2010.";NA;"STN";"Internet";"Macro"
"8043";"STN_GOVFRECIR";NA;NA;"Inativa";"Min. Fazenda/STN";"Finanças públicas";"Receita arrecadada - imposto sobre a renda de qualquer natureza (IR) - governo federal";"Receita arrecadada - imposto sobre a renda de qualquer natureza (IR) - governo federal";"Não oculta";"Internet";360;0;1;"Incluída em 09/jul/2010.";NA;"STN";"Internet";"Macro"
"8044";"STN_GOVFRECOP";NA;NA;"Inativa";"Min. Fazenda/STN";"Finanças públicas";"Receita arrecadada - imposto sobre op.crédito, câmbio,seguro e títulos mobiliários - governo federal";"Receita arrecadada - imposto sobre operações de crédito, câmbio, seguro e relativo a títulos e valores mobiliários - governo federal";"Não oculta";"Internet";360;0;1;"Incluída em 09/jul/2010.";NA;"STN";"Internet";"Macro"
"8045";"SCN_CFPPNEXC";NA;NA;"Inativa";"IBGE/SCN 2000 Anual";"Contas nacionais";"Consumo final - famílias - exclusive ISFLSF - ref. 2000";"Consumo final - famílias - exclusive instituições sem fins de lucro a serviço das famílias (ISFLSF) - referência 2000";"Oculta";"Internet";720;0;0;"Incluída em 21 / set / 2010.";NA;"SCN";"Oculta";"Macro"
"8046";"ANBIMA366_TJTLN1366";NA;NA;"Ativa";"Anbima";"Financeiras";"Taxa de juros prefixada - estrutura a termo - LTN - 1 mês";"Estrutura a termo da taxa de juros prefixada - LTN - prazo de 1 mês";"Não oculta";"Internet";5;0;0;NA;NA;"ANBIMA366";"Internet";"Macro"
"8047";"ANBIMA366_TJTLN3366";NA;NA;"Ativa";"Anbima";"Financeiras";"Taxa de juros prefixada - estrutura a termo - LTN - 3 meses";"Estrutura a termo da taxa de juros prefixada - LTN - prazo de 3 meses";"Não oculta";"Internet";5;0;0;NA;NA;"ANBIMA366";"Internet";"Macro"
"8048";"ANBIMA366_TJTLN6366";NA;NA;"Ativa";"Anbima";"Financeiras";"Taxa de juros prefixada - estrutura a termo - LTN - 6 meses";"Estrutura a termo da taxa de juros prefixada - LTN - prazo de 6 meses";"Não oculta";"Internet";5;0;0;NA;NA;"ANBIMA366";"Internet";"Macro"
"8049";"ANBIMA366_TJTLN12366";NA;NA;"Ativa";"Anbima";"Financeiras";"Taxa de juros prefixada - estrutura a termo - LTN - 12 meses";"Estrutura a termo da taxa de juros prefixada - LTN - prazo de 12 meses";"Não oculta";"Internet";5;0;0;NA;NA;"ANBIMA366";"Internet";"Macro"
"8050";"DISOC_COBERT";NA;NA;"Inativa";"IPEA";"Indicadores sociais";"Cobertura previdenciária direta ou indireta";"Proporção direta ou indiretamente coberta pela previdência na população";"Não oculta";"Internet";360;0;0;"Incluída em 26/ago/2010.";NA;"DISOC";"Internet";"Macro"
"8051";"DISOC_COBERT00A11";NA;NA;"Inativa";"IPEA";"Indicadores sociais";"Cobertura previdenciária direta ou indireta - 0 a 11 anos de idade";"Proporção direta ou indiretamente coberta pela previdência entre pessoas de 0 a 11 anos de idade";"Não oculta";"Internet";360;0;0;"Incluída em 26/ago/2010.";NA;"DISOC";"Internet";"Macro"
"8052";"DISOC_COBERT12A15";NA;NA;"Inativa";"IPEA";"Indicadores sociais";"Cobertura previdenciária direta ou indireta - 12 a 15 anos de idade";"Proporção direta ou indiretamente coberta pela previdência entre pessoas de 12 a 15 anos de idade";"Não oculta";"Internet";360;0;0;"Incluída em 26/ago/2010.";NA;"DISOC";"Internet";"Macro"
"8053";"DISOC_COBERT16A24";NA;NA;"Inativa";"IPEA";"Indicadores sociais";"Cobertura previdenciária direta ou indireta - 16 a 24 anos de idade";"Proporção direta ou indiretamente coberta pela previdência entre pessoas de 16 a 24 anos de idade";"Não oculta";"Internet";360;0;0;"Incluída em 26/ago/2010.";NA;"DISOC";"Internet";"Macro"
"8054";"DISOC_COBERT25A39";NA;NA;"Inativa";"IPEA";"Indicadores sociais";"Cobertura previdenciária direta ou indireta - 25 a 39 anos de idade";"Proporção direta ou indiretamente coberta pela previdência entre pessoas de 25 a 39 anos de idade";"Não oculta";"Internet";360;0;0;"Incluída em 26/ago/2010.";NA;"DISOC";"Internet";"Macro"
"8055";"DISOC_COBERT40A59";NA;NA;"Inativa";"IPEA";"Indicadores sociais";"Cobertura previdenciária direta ou indireta - 40 a 59 anos de idade";"Proporção direta ou indiretamente coberta pela previdência entre pessoas de 40 a 59 anos de idade";"Não oculta";"Internet";360;0;0;"Incluída em 26/ago/2010.";NA;"DISOC";"Internet";"Macro"
"8056";"DISOC_COBERT60MAIS";NA;NA;"Inativa";"IPEA";"Indicadores sociais";"Cobertura previdenciária direta ou indireta - 60 ou mais anos de idade";"Proporção direta ou indiretamente coberta pela previdência entre pessoas de 60 ou mais anos de idade";"Não oculta";"Internet";360;0;0;"Incluída em 26/ago/2010.";NA;"DISOC";"Internet";"Macro"
"8057";"DISOC_QEMIT";NA;NA;"Ativa";"MPS";"Indicadores sociais";"Benefícios do INSS em dezembro";"Benefícios do INSS em dezembro";"Não oculta";"Internet";60;0;0;"Incluída em 29/set/2010.";NA;"DISOC";"Internet";"Macro"
"8058";"DISOC_QEMITASSIST";NA;NA;"Ativa";"MPS";"Indicadores sociais";"Benefícios do INSS em dezembro - assistenciais";"Benefícios do INSS em dezembro - assistenciais";"Não oculta";"Internet";60;0;0;"Incluída em 29/set/2010.";NA;"DISOC";"Internet";"Macro"
"8059";"DISOC_QEMITEPU";NA;NA;"Ativa";"MPS";"Indicadores sociais";"Benefícios do INSS em dezembro - encargos da União";"Benefícios do INSS em dezembro - encargos da União";"Não oculta";"Internet";60;0;0;"Incluída em 29/set/2010.";NA;"DISOC";"Internet";"Macro"
"8060";"DISOC_QEMITRGPS";NA;NA;"Ativa";"MPS";"Indicadores sociais";"Benefícios do INSS em dezembro - previdenciários e acidentários";"Benefícios do INSS em dezembro - previdenciários e acidentários";"Não oculta";"Internet";60;0;0;"Incluída em 29/set/2010.";NA;"DISOC";"Internet";"Macro"
"8061";"DISOC_QEMITRGPSRUR";NA;NA;"Ativa";"MPS";"Indicadores sociais";"Benefícios do INSS em dezembro - previdenciários e acidentários - rurais";"Benefícios do INSS em dezembro - previdenciários e acidentários - rurais";"Não oculta";"Internet";60;0;0;"Incluída em 29/set/2010.";NA;"DISOC";"Internet";"Macro"
"8062";"DISOC_QEMITRGPSURB";NA;NA;"Ativa";"MPS";"Indicadores sociais";"Benefícios do INSS em dezembro - previdenciários e acidentários - urbanos";"Benefícios do INSS em dezembro - previdenciários e acidentários - urbanos";"Não oculta";"Internet";60;0;0;"Incluída em 29/set/2010.";NA;"DISOC";"Internet";"Macro"
"8063";"DISOC_QCONTRIBPF";NA;NA;"Ativa";"MPS";"Indicadores sociais";"Contribuintes do INSS";"Contribuintes do INSS";"Não oculta";"Internet";420;0;0;"Incluída em 29/set/2010.";NA;"DISOC";"Internet";"Macro"
"8064";"DISOC_VEMIT";NA;NA;"Ativa";"MPS";"Indicadores sociais";"Valor acumulado dos benefícios do INSS";"Valor acumulado dos benefícios do INSS";"Não oculta";"Internet";60;0;0;"Incluída em 29/set/2010.";NA;"DISOC";"Internet";"Macro"
"8065";"DISOC_VEMITASSIST";NA;NA;"Ativa";"MPS";"Indicadores sociais";"Valor acumulado dos benefícios do INSS - assistenciais";"Valor acumulado dos benefícios do INSS - assistenciais";"Não oculta";"Internet";60;0;0;"Incluída em 29/set/2010.";NA;"DISOC";"Internet";"Macro"
"8066";"DISOC_VEMITEPU";NA;NA;"Ativa";"MPS";"Indicadores sociais";"Valor acumulado dos benefícios do INSS - encargos da União";"Valor acumulado dos benefícios do INSS - encargos da União";"Não oculta";"Internet";60;0;0;"Incluída em 29/set/2010.";NA;"DISOC";"Internet";"Macro"
"8067";"DISOC_VEMITRGPS";NA;NA;"Ativa";"MPS";"Indicadores sociais";"Valor acumulado dos benefícios do INSS - previdenciários e acidentários";"Valor acumulado dos benefícios do INSS - previdenciários e acidentários";"Não oculta";"Internet";60;0;0;"Incluída em 29/set/2010.";NA;"DISOC";"Internet";"Macro"
"8068";"DISOC_VEMITRGPSRUR";NA;NA;"Ativa";"MPS";"Indicadores sociais";"Valor acumulado dos benefícios do INSS - previdenciários e acidentários - rurais";"Valor acumulado dos benefícios do INSS - previdenciários e acidentários - rurais";"Não oculta";"Internet";60;0;0;"Incluída em 29/set/2010.";NA;"DISOC";"Internet";"Macro"
"8069";"DISOC_VEMITRGPSURB";NA;NA;"Ativa";"MPS";"Indicadores sociais";"Valor acumulado dos benefícios do INSS - previdenciários e acidentários - urbanos";"Valor acumulado dos benefícios do INSS - previdenciários e acidentários - urbanos";"Não oculta";"Internet";60;0;0;"Incluída em 29/set/2010.";NA;"DISOC";"Internet";"Macro"
"8070";"DISOC_VARREC";NA;NA;"Ativa";"MPS";"Indicadores sociais";"Valor arrecadado pelo INSS";"Valor arrecadado pelo INSS";"Não oculta";"Internet";60;0;0;"Incluída em 29/set/2010.";NA;"DISOC";"Internet";"Macro"
"8071";"DISOC_VMEDIO";NA;NA;"Ativa";"MPS";"Indicadores sociais";"Valor médio dos benefícios do INSS em dezembro";"Valor médio dos benefícios do INSS em dezembro";"Não oculta";"Internet";60;0;0;"Incluída em 29/set/2010.";NA;"DISOC";"Internet";"Macro"
"8072";"DISOC_VMEDIOASSIST";NA;NA;"Ativa";"MPS";"Indicadores sociais";"Valor médio dos benefícios do INSS em dezembro - assistenciais";"Valor médio dos benefícios do INSS em dezembro - assistenciais";"Não oculta";"Internet";60;0;0;"Incluída em 29/set/2010.";NA;"DISOC";"Internet";"Macro"
"8073";"DISOC_VMEDIOEPU";NA;NA;"Ativa";"MPS";"Indicadores sociais";"Valor médio dos benefícios do INSS em dezembro - encargos da União";"Valor médio dos benefícios do INSS em dezembro - encargos da União";"Não oculta";"Internet";60;0;0;"Incluída em 29/set/2010.";NA;"DISOC";"Internet";"Macro"
"8074";"DISOC_VMEDIORGPS";NA;NA;"Ativa";"MPS";"Indicadores sociais";"Valor médio dos benefícios do INSS em dezembro - previdenciários e acidentários";"Valor médio dos benefícios do INSS em dezembro - previdenciários e acidentários";"Não oculta";"Internet";60;0;0;"Incluída em 29/set/2010.";NA;"DISOC";"Internet";"Macro"
"8075";"DISOC_VMEDIORGPSRUR";NA;NA;"Ativa";"MPS";"Indicadores sociais";"Valor médio dos benefícios do INSS em dezembro - previdenciários e acidentários - rurais";"Valor médio dos benefícios do INSS em dezembro - previdenciários e acidentários - rurais";"Não oculta";"Internet";60;0;0;"Incluída em 29/set/2010.";NA;"DISOC";"Internet";"Macro"
"8076";"DISOC_VMEDIORGPSURB";NA;NA;"Ativa";"MPS";"Indicadores sociais";"Valor médio dos benefícios do INSS em dezembro - previdenciários e acidentários - urbanos";"Valor médio dos benefícios do INSS em dezembro - previdenciários e acidentários - urbanos";"Não oculta";"Internet";60;0;0;"Incluída em 29/set/2010.";NA;"DISOC";"Internet";"Macro"
"8077";"SGS366_DIASUTEISPAS366";NA;NA;"Ativa";"IPEA";"Financeiras";"Dias úteis - indicador";"Dias úteis - indicador";"Não oculta";"Internet";0;0;0;"Incluída em 06/out/2010.";NA;"SGS366";"Internet";"Macro"
"8078";"SGS366_DIASUTEIS366";NA;NA;"Ativa";"IPEA";"Financeiras";"Dias úteis - geradora";"Dias úteis - geradora";"Oculta";"Intranet";0;0;0;"Incluída em 06/out/2010.";NA;"SGS366";"Oculta";"Macro"
"8079";"SGS366_DIASUTEISFUT366";NA;NA;"Ativa";"IPEA";"Financeiras";"Dias úteis futuros - indicador";"Dias úteis futuros - indicador";"Não oculta";"Internet";0;0;0;"Incluída em 06/out/2010.";NA;"SGS366";"Internet";"Macro"
"8080";"SGS12_NDIASUTEISPAS12";NA;NA;"Ativa";"IPEA";"Financeiras";"Número de dias úteis";"Número de dias úteis";"Não oculta";"Internet";0;0;0;"Incluída em 06/out/2010.";NA;"SGS12";"Internet";"Macro"
"8081";"SGS12_NDIASUTEISFUT12";NA;NA;"Ativa";"IPEA";"Financeiras";"Número de dias úteis futuros";"Número de dias úteis futuros";"Não oculta";"Internet";0;0;0;"Incluída em 06/out/2010.";NA;"SGS12";"Internet";"Macro"
"8082";"GAMMA_PRODUTIVK";NA;NA;"Inativa";"IPEA";"Contas nacionais";"Produtividade do capital";"Produtividade do capital";"Oculta";"Internet";360;0;0;"Incluída em 13/out/2010.";"Gerada";"GAMMA";"Oculta";"Macro"
"8083";"FRB12_AUSTRALIA";NA;NA;"Ativa";"Federal Reserve Board";"Economia internacional";"taxa de câmbio - US$ / dólar australiano - média";"taxa de câmbio - US$ / dólar australiano - média";"Não oculta";"Intranet";30;0;0;"Incluída em 19/out/2010.";"Geradora";"FRB12";"Intranet";"Macro"
"8084";"FRB12_EURO";NA;NA;"Ativa";"Federal Reserve Board";"Economia internacional";"taxa de câmbio - US$ / euro - média";"taxa de câmbio - US$ / euro - média";"Não oculta";"Intranet";30;0;0;"Incluída em 19/out/2010.";"Geradora";"FRB12";"Intranet";"Macro"
"8085";"FRB12_NZELANDIA";NA;NA;"Ativa";"Federal Reserve Board";"Economia internacional";"taxa de câmbio - US$ / dólar neozelandês - média";"taxa de câmbio - US$ / dólar neozelandês - média";"Não oculta";"Intranet";30;0;0;"Incluída em 19/out/2010.";"Geradora";"FRB12";"Intranet";"Macro"
"8086";"FRB12_RUNIDO";NA;NA;"Ativa";"Federal Reserve Board";"Economia internacional";"taxa de câmbio - US$ / libra esterlina - média";"taxa de câmbio - US$ / libra esterlina - média";"Não oculta";"Intranet";30;0;0;"Incluída em 19/out/2010.";"Geradora";"FRB12";"Intranet";"Macro"
"8087";"FRB12_AFRICASUL";NA;NA;"Inativa";"Federal Reserve Board";"Economia internacional";"taxa de câmbio - US$ / rand - média";"taxa de câmbio - US$ / rand - média";"Não oculta";"Intranet";30;0;0;"Incluída em 19/out/2010.";"Geradora";"FRB12";"Intranet";"Macro"
"8088";"FRB12_BRASIL";NA;NA;"Ativa";"Federal Reserve Board";"Economia internacional";"taxa de câmbio - R$/US$ - média";"taxa de câmbio - R$/US$ - média";"Não oculta";"Intranet";30;0;0;"Incluída em 19/out/2010.";"Geradora";"FRB12";"Intranet";"Macro"
"8089";"FRB12_CANADA";NA;NA;"Ativa";"Federal Reserve Board";"Economia internacional";"taxa de câmbio - dólar canadense / US$ - média";"taxa de câmbio - dólar canadense / US$ - média";"Não oculta";"Intranet";30;0;0;"Incluída em 19/out/2010.";"Geradora";"FRB12";"Intranet";"Macro"
"8090";"FRB12_CHINA";NA;NA;"Ativa";"Federal Reserve Board";"Economia internacional";"taxa de câmbio - yuan / US$ - média";"taxa de câmbio - yuan / US$ - média";"Não oculta";"Intranet";30;0;0;"Incluída em 19/out/2010.";"Geradora";"FRB12";"Intranet";"Macro"
"8091";"FRB12_DINAMARCA";NA;NA;"Ativa";"Federal Reserve Board";"Economia internacional";"taxa de câmbio - coroa dinamarquesa / US$ - média";"taxa de câmbio - coroa dinamarquesa / US$ - média";"Não oculta";"Intranet";30;0;0;"Incluída em 19/out/2010.";"Geradora";"FRB12";"Intranet";"Macro"
"8092";"FRB12_HONGKONG";NA;NA;"Ativa";"Federal Reserve Board";"Economia internacional";"taxa de câmbio - dólar de Hong Kong / US$ - média";"taxa de câmbio - dólar de Hong Kong / US$ - média";"Não oculta";"Intranet";30;0;0;"Incluída em 19/out/2010.";"Geradora";"FRB12";"Intranet";"Macro"
"8093";"FRB12_INDIA";NA;NA;"Ativa";"Federal Reserve Board";"Economia internacional";"taxa de câmbio - rúpia indiana / US$ - média";"taxa de câmbio - rúpia indiana / US$ - média";"Não oculta";"Intranet";30;0;0;"Incluída em 19/out/2010.";"Geradora";"FRB12";"Intranet";"Macro"
"8094";"FRB12_JAPAO";NA;NA;"Ativa";"Federal Reserve Board";"Economia internacional";"taxa de câmbio - iene japonês / US$ - média";"taxa de câmbio - iene japonês / US$ - média";"Não oculta";"Intranet";30;0;0;"Incluída em 19/out/2010.";"Geradora";"FRB12";"Intranet";"Macro"
"8095";"FRB12_MALASIA";NA;NA;"Ativa";"Federal Reserve Board";"Economia internacional";"taxa de câmbio - ringgit malaio / US$ - média";"taxa de câmbio - ringgit malaio / US$ - média";"Não oculta";"Intranet";30;0;0;"Incluída em 19/out/2010.";"Geradora";"FRB12";"Intranet";"Macro"
"8096";"FRB12_MEXICO";NA;NA;"Ativa";"Federal Reserve Board";"Economia internacional";"taxa de câmbio - peso novo mexicano / US$ - média";"taxa de câmbio - peso novo mexicano / US$ - média";"Não oculta";"Intranet";30;0;0;"Incluída em 19/out/2010.";"Geradora";"FRB12";"Intranet";"Macro"
"8097";"FRB12_NORUEGA";NA;NA;"Ativa";"Federal Reserve Board";"Economia internacional";"taxa de câmbio - coroa norueguesa / US$ - média";"taxa de câmbio - coroa norueguesa / US$ - média";"Não oculta";"Intranet";30;0;0;"Incluída em 19/out/2010.";"Geradora";"FRB12";"Intranet";"Macro"
"8098";"FRB12_CINGAPURA";NA;NA;"Ativa";"Federal Reserve Board";"Economia internacional";"taxa de câmbio - dólar cingapurense / US$ - média";"taxa de câmbio - dólar cingapurense / US$ - média";"Não oculta";"Intranet";30;0;0;"Incluída em 19/out/2010.";"Geradora";"FRB12";"Intranet";"Macro"
"8099";"FRB12_COREIASUL";NA;NA;"Ativa";"Federal Reserve Board";"Economia internacional";"taxa de câmbio - won sul-coreano / US$ - média";"taxa de câmbio - won sul-coreano / US$ - média";"Não oculta";"Intranet";30;0;0;"Incluída em 19/out/2010.";"Geradora";"FRB12";"Intranet";"Macro"
"8100";"FRB12_SRILANKA";NA;NA;"Ativa";"Federal Reserve Board";"Economia internacional";"taxa de câmbio - rúpia cingalesa / US$ - média";"taxa de câmbio - rúpia cingalesa / US$ - média";"Não oculta";"Intranet";30;0;0;"Incluída em 19/out/2010.";"Geradora";"FRB12";"Intranet";"Macro"
"8101";"FRB12_SUECIA";NA;NA;"Ativa";"Federal Reserve Board";"Economia internacional";"taxa de câmbio - coroa sueca / US$ - média";"taxa de câmbio - coroa sueca / US$ - média";"Não oculta";"Intranet";30;0;0;"Incluída em 19/out/2010.";"Geradora";"FRB12";"Intranet";"Macro"
"8102";"FRB12_SUICA";NA;NA;"Ativa";"Federal Reserve Board";"Economia internacional";"taxa de câmbio - franco suíço / US$ - média";"taxa de câmbio - franco suíço / US$ - média";"Não oculta";"Intranet";30;0;0;"Incluída em 19/out/2010.";"Geradora";"FRB12";"Intranet";"Macro"
"8103";"FRB12_TAIWAN";NA;NA;"Ativa";"Federal Reserve Board";"Economia internacional";"taxa de câmbio - dólar taiwanês / US$ - média";"taxa de câmbio - dólar taiwanês / US$ - média";"Não oculta";"Intranet";30;0;0;"Incluída em 19/out/2010.";"Geradora";"FRB12";"Intranet";"Macro"
"8104";"FRB12_TAILANDIA";NA;NA;"Ativa";"Federal Reserve Board";"Economia internacional";"taxa de câmbio - baht / US$ - média";"taxa de câmbio - baht / US$ - média";"Não oculta";"Intranet";30;0;0;"Incluída em 19/out/2010.";"Geradora";"FRB12";"Intranet";"Macro"
"8105";"FRB12_VENEZUELA";NA;NA;"Ativa";"Federal Reserve Board";"Economia internacional";"taxa de câmbio - bolívar venezuelano / US$ - média";"taxa de câmbio - bolívar venezuelano / US$ - média";"Não oculta";"Intranet";30;0;0;"Incluída em 19/out/2010.";"Geradora";"FRB12";"Intranet";"Macro"
"8106";"GEM12_EAFRICASUL12";NA;NA;"Ativa";"Banco Mundial/GEM";"Economia internacional";"taxa de câmbio - rand / US$ - média";"taxa de câmbio - rand / US$ - média";"Não oculta";"Intranet";30;0;0;"Incluída em 20/out/2010.";"Geradora";"GEM12";"Intranet";"Macro"
"8107";"GEM12_EANGOLA12";NA;NA;"Ativa";"Banco Mundial/GEM";"Economia internacional";"taxa de câmbio - kuanza / US$ - média";"taxa de câmbio - kuanza / US$ - média";"Não oculta";"Intranet";30;0;0;"Incluída em 20/out/2010.";"Geradora";"GEM12";"Intranet";"Macro"
"8108";"GEM12_EARGENTINA12";NA;NA;"Ativa";"Banco Mundial/GEM";"Economia internacional";"taxa de câmbio - peso argentino / US$ - média";"taxa de câmbio - peso argentino / US$ - média";"Não oculta";"Intranet";30;0;0;"Incluída em 20/out/2010.";"Geradora";"GEM12";"Intranet";"Macro"
"8109";"GEM12_EBELGICA12";NA;NA;"Ativa";"Banco Mundial/GEM";"Economia internacional";"taxa de câmbio - euro / US$ - média";"taxa de câmbio - euro / US$ - média";"Não oculta";"Intranet";30;0;0;"Incluída em 20/out/2010.";"Geradora";"GEM12";"Intranet";"Macro"
"8110";"GEM12_EBOLIVIA12";NA;NA;"Ativa";"Banco Mundial/GEM";"Economia internacional";"taxa de câmbio - peso boliviano / US$ - média";"taxa de câmbio - peso boliviano / US$ - média";"Não oculta";"Intranet";30;0;0;"Incluída em 20/out/2010.";"Geradora";"GEM12";"Intranet";"Macro"
"8111";"GEM12_EBRASIL12";NA;NA;"Ativa";"Banco Mundial/GEM";"Economia internacional";"taxa de câmbio - R$/US$ - média";"taxa de câmbio - R$/US$ - média";"Não oculta";"Intranet";30;0;0;"Incluída em 20/out/2010.";"Geradora";"GEM12";"Intranet";"Macro"
"8112";"GEM12_ECANADA12";NA;NA;"Ativa";"Banco Mundial/GEM";"Economia internacional";"taxa de câmbio - dólar canadense / US$ - média";"taxa de câmbio - dólar canadense / US$ - média";"Não oculta";"Intranet";30;0;0;"Incluída em 20/out/2010.";"Geradora";"GEM12";"Intranet";"Macro"
"8113";"GEM12_ECHILE12";NA;NA;"Ativa";"Banco Mundial/GEM";"Economia internacional";"taxa de câmbio - peso chileno / US$ - média";"taxa de câmbio - peso chileno / US$ - média";"Não oculta";"Intranet";30;0;0;"Incluída em 20/out/2010.";"Geradora";"GEM12";"Intranet";"Macro"
"8114";"GEM12_ECHINA12";NA;NA;"Ativa";"Banco Mundial/GEM";"Economia internacional";"taxa de câmbio - yuan / US$ - média";"taxa de câmbio - yuan / US$ - média";"Não oculta";"Intranet";30;0;0;"Incluída em 20/out/2010.";"Geradora";"GEM12";"Intranet";"Macro"
"8115";"GEM12_ECOLOMBIA12";NA;NA;"Ativa";"Banco Mundial/GEM";"Economia internacional";"taxa de câmbio - peso colombiano / US$ - média";"taxa de câmbio - peso colombiano / US$ - média";"Não oculta";"Intranet";30;0;0;"Incluída em 20/out/2010.";"Geradora";"GEM12";"Intranet";"Macro"
"8116";"GEM12_ECOREIASUL12";NA;NA;"Ativa";"Banco Mundial/GEM";"Economia internacional";"taxa de câmbio - won sul-coreano / US$ - média";"taxa de câmbio - won sul-coreano / US$ - média";"Não oculta";"Intranet";30;0;0;"Incluída em 20/out/2010.";"Geradora";"GEM12";"Intranet";"Macro"
"8117";"GEM12_EHONGKONG12";NA;NA;"Ativa";"Banco Mundial/GEM";"Economia internacional";"taxa de câmbio - dólar de Hong Kong / US$ - média";"taxa de câmbio - dólar de Hong Kong / US$ - média";"Não oculta";"Intranet";30;0;0;"Incluída em 20/out/2010.";"Geradora";"GEM12";"Intranet";"Macro"
"8118";"GEM12_EINDIA12";NA;NA;"Ativa";"Banco Mundial/GEM";"Economia internacional";"taxa de câmbio - rúpia indiana / US$ - média";"taxa de câmbio - rúpia indiana / US$ - média";"Não oculta";"Intranet";30;0;0;"Incluída em 20/out/2010.";"Geradora";"GEM12";"Intranet";"Macro"
"8119";"GEM12_EJAPAO12";NA;NA;"Ativa";"Banco Mundial/GEM";"Economia internacional";"taxa de câmbio - iene japonês / US$ - média";"taxa de câmbio - iene japonês / US$ - média";"Não oculta";"Intranet";30;0;0;"Incluída em 20/out/2010.";"Geradora";"GEM12";"Intranet";"Macro"
"8120";"GEM12_EMEXICO12";NA;NA;"Ativa";"Banco Mundial/GEM";"Economia internacional";"taxa de câmbio - peso novo mexicano / US$ - média";"taxa de câmbio - peso novo mexicano / US$ - média";"Não oculta";"Intranet";30;0;0;"Incluída em 20/out/2010.";"Geradora";"GEM12";"Intranet";"Macro"
"8121";"GEM12_ENIGERIA12";NA;NA;"Ativa";"Banco Mundial/GEM";"Economia internacional";"taxa de câmbio - naira / US$ - média";"taxa de câmbio - naira / US$ - média";"Não oculta";"Intranet";30;0;0;"Incluída em 20/out/2010.";"Geradora";"GEM12";"Intranet";"Macro"
"8122";"GEM12_EPARAGUAI12";NA;NA;"Ativa";"Banco Mundial/GEM";"Economia internacional";"taxa de câmbio - guarani paraguaio / US$ - média";"taxa de câmbio - guarani paraguaio / US$ - média";"Não oculta";"Intranet";30;0;0;"Incluída em 20/out/2010.";"Geradora";"GEM12";"Intranet";"Macro"
"8123";"GEM12_ERUNIDO12";NA;NA;"Ativa";"Banco Mundial/GEM";"Economia internacional";"taxa de câmbio - libra esterlina / US$ - média";"taxa de câmbio - libra esterlina / US$ - média";"Não oculta";"Intranet";30;0;0;"Incluída em 20/out/2010.";"Geradora";"GEM12";"Intranet";"Macro"
"8124";"GEM12_ERUSSIA12";NA;NA;"Ativa";"Banco Mundial/GEM";"Economia internacional";"taxa de câmbio - rublo / US$ - média";"taxa de câmbio - rublo / US$ - média";"Não oculta";"Intranet";30;0;0;"Incluída em 20/out/2010.";"Geradora";"GEM12";"Intranet";"Macro"
"8125";"GEM12_ETAIWAN12";NA;NA;"Inativa";"Banco Mundial/GEM";"Economia internacional";"taxa de câmbio - dólar taiwanês / US$ - média";"taxa de câmbio - dólar taiwanês / US$ - média";"Não oculta";"Intranet";30;0;0;"Incluída em 20/out/2010.";"Geradora";"GEM12";"Intranet";"Macro"
"8126";"GEM12_EURUGUAI12";NA;NA;"Ativa";"Banco Mundial/GEM";"Economia internacional";"taxa de câmbio - peso uruguaio / US$ - média";"taxa de câmbio - peso uruguaio / US$ - média";"Não oculta";"Intranet";30;0;0;"Incluída em 20/out/2010.";"Geradora";"GEM12";"Intranet";"Macro"
"8127";"GEM12_EVENEZUELA12";NA;NA;"Ativa";"Banco Mundial/GEM";"Economia internacional";"taxa de câmbio - bolívar venezuelano / US$ - média";"taxa de câmbio - bolívar venezuelano / US$ - média";"Não oculta";"Intranet";120;0;0;"Incluída em 20/out/2010.";"Geradora";"GEM12";"Intranet";"Macro"
"8128";"GEM12_PAFRICASUL12";NA;NA;"Inativa";"Banco Mundial/GEM";"Economia internacional";"IPC - índice (média 2005 = 100)";"IPC - índice (média 2005 = 100)";"Não oculta";"Intranet";60;0;0;"Incluída em 20/out/2010.";"Geradora";"GEM12";"Intranet";"Macro"
"8129";"GEM12_PALEMANHA12";NA;NA;"Inativa";"Banco Mundial/GEM";"Economia internacional";"IPC - índice (média 2005 = 100)";"IPC - índice (média 2005 = 100)";"Não oculta";"Intranet";30;0;0;"Incluída em 20/out/2010.";"Geradora";"GEM12";"Intranet";"Macro"
"8130";"GEM12_PANGOLA12";NA;NA;"Inativa";"Banco Mundial/GEM";"Economia internacional";"IPC - índice (média 2005 = 100)";"IPC - índice (média 2005 = 100)";"Não oculta";"Intranet";60;0;0;"Incluída em 20/out/2010.";"Geradora";"GEM12";"Intranet";"Macro"
"8131";"GEM12_PARGENTINA12";NA;NA;"Inativa";"Banco Mundial/GEM";"Economia internacional";"IPC - índice (média 2005 = 100)";"IPC - índice (média 2005 = 100)";"Não oculta";"Intranet";30;0;0;"Incluída em 20/out/2010.";"Geradora";"GEM12";"Intranet";"Macro"
"8132";"GEM12_PBELGICA12";NA;NA;"Inativa";"Banco Mundial/GEM";"Economia internacional";"IPC - índice (média 2005 = 100)";"IPC - índice (média 2005 = 100)";"Não oculta";"Intranet";30;0;0;"Incluída em 20/out/2010.";"Geradora";"GEM12";"Intranet";"Macro"
"8133";"GEM12_PBOLIVIA12";NA;NA;"Inativa";"Banco Mundial/GEM";"Economia internacional";"IPC - índice (média 2005 = 100)";"IPC - índice (média 2005 = 100)";"Não oculta";"Intranet";360;0;0;"Incluída em 20/out/2010.";"Geradora";"GEM12";"Intranet";"Macro"
"8134";"GEM12_PBRASIL12";NA;NA;"Inativa";"Banco Mundial/GEM";"Economia internacional";"IPC - índice (média 2005 = 100)";"IPC - índice (média 2005 = 100)";"Não oculta";"Intranet";30;0;0;"Incluída em 20/out/2010.";"Geradora";"GEM12";"Intranet";"Macro"
"8135";"GEM12_PCANADA12";NA;NA;"Inativa";"Banco Mundial/GEM";"Economia internacional";"IPC - índice (média 2005 = 100)";"IPC - índice (média 2005 = 100)";"Não oculta";"Intranet";30;0;0;"Incluída em 20/out/2010.";"Geradora";"GEM12";"Intranet";"Macro"
"8136";"GEM12_PCHILE12";NA;NA;"Inativa";"Banco Mundial/GEM";"Economia internacional";"IPC - índice (média 2005 = 100)";"IPC - índice (média 2005 = 100)";"Não oculta";"Intranet";30;0;0;"Incluída em 20/out/2010.";"Geradora";"GEM12";"Intranet";"Macro"
"8137";"GEM12_PCHINA12";NA;NA;"Inativa";"Banco Mundial/GEM";"Economia internacional";"IPC - índice (média 2005 = 100)";"IPC - índice (média 2005 = 100)";"Não oculta";"Intranet";30;0;0;"Incluída em 20/out/2010.";"Geradora";"GEM12";"Intranet";"Macro"
"8138";"GEM12_PCOLOMBIA12";NA;NA;"Inativa";"Banco Mundial/GEM";"Economia internacional";"IPC - índice (média 2005 = 100)";"IPC - índice (média 2005 = 100)";"Não oculta";"Intranet";30;0;0;"Incluída em 20/out/2010.";"Geradora";"GEM12";"Intranet";"Macro"
"8139";"GEM12_PCOREIASUL12";NA;NA;"Inativa";"Banco Mundial/GEM";"Economia internacional";"IPC - índice (média 2005 = 100)";"IPC - índice (média 2005 = 100)";"Não oculta";"Intranet";30;0;0;"Incluída em 20/out/2010.";"Geradora";"GEM12";"Intranet";"Macro"
"8140";"GEM12_PESPANHA12";NA;NA;"Inativa";"Banco Mundial/GEM";"Economia internacional";"IPC - índice (média 2005 = 100)";"IPC - índice (média 2005 = 100)";"Não oculta";"Intranet";30;0;0;"Incluída em 20/out/2010.";"Geradora";"GEM12";"Intranet";"Macro"
"8141";"GEM12_PEUA12";NA;NA;"Inativa";"Banco Mundial/GEM";"Economia internacional";"IPC - índice (média 2005 = 100)";"IPC - índice (média 2005 = 100)";"Não oculta";"Intranet";30;0;0;"Incluída em 20/out/2010.";"Geradora";"GEM12";"Intranet";"Macro"
"8142";"GEM12_PFRANCA12";NA;NA;"Inativa";"Banco Mundial/GEM";"Economia internacional";"IPC - índice (média 2005 = 100)";"IPC - índice (média 2005 = 100)";"Não oculta";"Intranet";30;0;0;"Incluída em 20/out/2010.";"Geradora";"GEM12";"Intranet";"Macro"
"8143";"GEM12_PHOLANDA12";NA;NA;"Inativa";"Banco Mundial/GEM";"Economia internacional";"IPC - índice (média 2005 = 100)";"IPC - índice (média 2005 = 100)";"Não oculta";"Intranet";30;0;0;"Incluída em 20/out/2010.";"Geradora";"GEM12";"Intranet";"Macro"
"8144";"GEM12_PHONGKONG12";NA;NA;"Inativa";"Banco Mundial/GEM";"Economia internacional";"IPC - índice (média 2005 = 100)";"IPC - índice (média 2005 = 100)";"Não oculta";"Intranet";30;0;0;"Incluída em 20/out/2010.";"Geradora";"GEM12";"Intranet";"Macro"
"8145";"GEM12_PINDIA12";NA;NA;"Inativa";"Banco Mundial/GEM";"Economia internacional";"IPC - índice (média 2005 = 100)";"IPC - índice (média 2005 = 100)";"Não oculta";"Intranet";30;0;0;"Incluída em 20/out/2010.";"Geradora";"GEM12";"Intranet";"Macro"
"8146";"GEM12_PITALIA12";NA;NA;"Inativa";"Banco Mundial/GEM";"Economia internacional";"IPC - índice (média 2005 = 100)";"IPC - índice (média 2005 = 100)";"Não oculta";"Intranet";30;0;0;"Incluída em 20/out/2010.";"Geradora";"GEM12";"Intranet";"Macro"
"8147";"GEM12_PJAPAO12";NA;NA;"Inativa";"Banco Mundial/GEM";"Economia internacional";"IPC - índice (média 2005 = 100)";"IPC - índice (média 2005 = 100)";"Não oculta";"Intranet";360;0;0;"Incluída em 20/out/2010.";"Geradora";"GEM12";"Intranet";"Macro"
"8148";"GEM12_PMEXICO12";NA;NA;"Inativa";"Banco Mundial/GEM";"Economia internacional";"IPC - índice (média 2005 = 100)";"IPC - índice (média 2005 = 100)";"Não oculta";"Intranet";30;0;0;"Incluída em 20/out/2010.";"Geradora";"GEM12";"Intranet";"Macro"
"8149";"GEM12_PNIGERIA12";NA;NA;"Inativa";"Banco Mundial/GEM";"Economia internacional";"IPC - índice (média 2005 = 100)";"IPC - índice (média 2005 = 100)";"Não oculta";"Intranet";360;0;0;"Incluída em 20/out/2010.";"Geradora";"GEM12";"Intranet";"Macro"
"8150";"GEM12_PPARAGUAI12";NA;NA;"Inativa";"Banco Mundial/GEM";"Economia internacional";"IPC - índice (média 2005 = 100)";"IPC - índice (média 2005 = 100)";"Não oculta";"Intranet";360;0;0;"Incluída em 20/out/2010.";"Geradora";"GEM12";"Intranet";"Macro"
"8151";"GEM12_PPORTUGAL12";NA;NA;"Inativa";"Banco Mundial/GEM";"Economia internacional";"IPC - índice (média 2005 = 100)";"IPC - índice (média 2005 = 100)";"Não oculta";"Intranet";30;0;0;"Incluída em 20/out/2010.";"Geradora";"GEM12";"Intranet";"Macro"
"8152";"GEM12_PRUNIDO12";NA;NA;"Inativa";"Banco Mundial/GEM";"Economia internacional";"IPC - índice (média 2005 = 100)";"IPC - índice (média 2005 = 100)";"Não oculta";"Intranet";30;0;0;"Incluída em 20/out/2010.";"Geradora";"GEM12";"Intranet";"Macro"
"8153";"GEM12_PRUSSIA12";NA;NA;"Inativa";"Banco Mundial/GEM";"Economia internacional";"IPC - índice (média 2005 = 100)";"IPC - índice (média 2005 = 100)";"Não oculta";"Intranet";30;0;0;"Incluída em 20/out/2010.";"Geradora";"GEM12";"Intranet";"Macro"
"8154";"GEM12_PTAIWAN12";NA;NA;"Inativa";"Banco Mundial/GEM";"Economia internacional";"IPC - índice (média 2005 = 100)";"IPC - índice (média 2005 = 100)";"Oculta";"Intranet";30;0;0;"Incluída em 20/out/2010.";"Geradora";"GEM12";"Oculta";"Macro"
"8155";"GEM12_PURUGUAI12";NA;NA;"Inativa";"Banco Mundial/GEM";"Economia internacional";"IPC - índice (média 2005 = 100)";"IPC - índice (média 2005 = 100)";"Oculta";"Intranet";30;0;0;"Incluída em 20/out/2010.";"Geradora";"GEM12";"Oculta";"Macro"
"8156";"GEM12_PVENEZUELA12";NA;NA;"Inativa";"Banco Mundial/GEM";"Economia internacional";"IPC - índice (média 2005 = 100)";"IPC - índice (média 2005 = 100)";"Oculta";"Intranet";360;0;0;"Incluída em 20/out/2010.";"Geradora";"GEM12";"Oculta";"Macro"
"8157";"SGS12_IBCBR12";NA;NA;"Ativa";"Bacen Outras/SGS";"Produção";"Índice de Atividade Econômica do Banco Central (IBC-Br) (2002=100)";"Índice de Atividade Econômica do Banco Central (IBC-Br) (2002=100)";"Não oculta";"Internet";60;0;0;"Incluída em 29/out/2010";NA;"SGS12";"Internet";"Macro"
"8158";"SGS12_IBCBRDESSAZ12";NA;NA;"Ativa";"Bacen Outras/SGS";"Produção";"Índice de Atividade Econômica do Banco Central (IBC-Br) - dessazonalizado (2002=100)";"Índice de Atividade Econômica do Banco Central (IBC-Br) - dessazonalizado (2002=100)";"Não oculta";"Internet";60;0;0;"Incluída em 29/out/2010";NA;"SGS12";"Internet";"Macro"
"8159";"NSECOES_ELEICAOFED";NA;NA;"Ativa";NA;"Eleitorado";"Número de seções nas eleições federais";"Número de seções nas eleições federais";"Oculta";"Internet";NA;0;NA;NA;NA;"NSECOES";"Oculta";"Regional"
"8160";"NSECOES_ELEICAOEST";NA;NA;"Ativa";NA;"Eleitorado";"Número de seções nas eleições estaduais";"Número de seções nas eleições estaduais";"Oculta";"Internet";NA;0;NA;NA;NA;"NSECOES";"Oculta";"Regional"
"8161";"NELEITOR_ELEICAOFED";NA;NA;"Ativa";NA;"Eleitorado";"Número de eleitores nas eleições federais";"Número de eleitores nas eleições federais";"Oculta";"Internet";NA;0;NA;NA;NA;"NELEITOR";"Oculta";"Regional"
"8162";"NELEITOR_ELEICAOEST";NA;NA;"Ativa";NA;"Eleitorado";"Número de eleitores nas eleições estaduais";"Número de eleitores nas eleições estaduais";"Oculta";"Internet";NA;0;NA;NA;NA;"NELEITOR";"Oculta";"Regional"
"8163";"GEM12_EARABSAUD12";NA;NA;"Ativa";"Banco Mundial/GEM";"Economia internacional";"taxa de câmbio - rial saudita / US$ - média";"taxa de câmbio - rial saudita / US$ - média";"Não oculta";"Intranet";60;0;0;"Incluída em 05/nov/2010.";"Geradora";"GEM12";"Intranet";"Macro"
"8164";"GEM12_EARGELIA12";NA;NA;"Ativa";"Banco Mundial/GEM";"Economia internacional";"taxa de câmbio - dinar argelino / US$ - média";"taxa de câmbio - dinar argelino / US$ - média";"Não oculta";"Intranet";60;0;0;"Incluída em 05/nov/2010.";"Geradora";"GEM12";"Intranet";"Macro"
"8165";"GEM12_ECINGAPURA12";NA;NA;"Ativa";"Banco Mundial/GEM";"Economia internacional";"taxa de câmbio - dólar cingapurense / US$ - média";"taxa de câmbio - dólar cingapurense / US$ - média";"Não oculta";"Intranet";60;0;0;"Incluída em 05/nov/2010.";"Geradora";"GEM12";"Intranet";"Macro"
"8166";"GEM12_EEGITO12";NA;NA;"Ativa";"Banco Mundial/GEM";"Economia internacional";"taxa de câmbio - libra egípcia / US$ - média";"taxa de câmbio - libra egípcia / US$ - média";"Não oculta";"Intranet";60;0;0;"Incluída em 05/nov/2010.";"Geradora";"GEM12";"Intranet";"Macro"
"8167";"GEM12_EEQUADOR12";NA;NA;"Ativa";"Banco Mundial/GEM";"Economia internacional";"taxa de câmbio - sucre / US$ - média";"taxa de câmbio - sucre / US$ - média";"Não oculta";"Intranet";60;0;0;"Incluída em 05/nov/2010.";"Geradora";"GEM12";"Intranet";"Macro"
"8168";"GEM12_EESLOVENIA12";NA;NA;"Ativa";"Banco Mundial/GEM";"Economia internacional";"taxa de câmbio - tolar / US$ - média";"taxa de câmbio - tolar / US$ - média";"Não oculta";"Intranet";60;0;0;"Incluída em 05/nov/2010.";"Geradora";"GEM12";"Intranet";"Macro"
"8169";"GEM12_EFILIPINAS12";NA;NA;"Ativa";"Banco Mundial/GEM";"Economia internacional";"taxa de câmbio - peso filipino / US$ - média";"taxa de câmbio - peso filipino / US$ - média";"Não oculta";"Intranet";60;0;0;"Incluída em 05/nov/2010.";"Geradora";"GEM12";"Intranet";"Macro"
"8170";"GEM12_EINDONESIA12";NA;NA;"Ativa";"Banco Mundial/GEM";"Economia internacional";"taxa de câmbio - rúpia / US$ - média";"taxa de câmbio - rúpia / US$ - média";"Não oculta";"Intranet";60;0;0;"Incluída em 05/nov/2010.";"Geradora";"GEM12";"Intranet";"Macro"
"8171";"GEM12_EIRA12";NA;NA;"Ativa";"Banco Mundial/GEM";"Economia internacional";"taxa de câmbio - rial iraniano / US$ - média";"taxa de câmbio - rial iraniano / US$ - média";"Não oculta";"Intranet";360;0;0;"Incluída em 05/nov/2010.";"Geradora";"GEM12";"Intranet";"Macro"
"8172";"GEM12_EIRLANDA12";NA;NA;"Ativa";"Banco Mundial/GEM";"Economia internacional";"taxa de câmbio - libra irlandesa / US$ - média";"taxa de câmbio - libra irlandesa / US$ - média";"Não oculta";"Intranet";60;0;0;"Incluída em 05/nov/2010.";"Geradora";"GEM12";"Intranet";"Macro"
"8173";"GEM12_EISRAEL12";NA;NA;"Ativa";"Banco Mundial/GEM";"Economia internacional";"taxa de câmbio - shekel novo / US$ - média";"taxa de câmbio - shekel novo / US$ - média";"Não oculta";"Intranet";60;0;0;"Incluída em 05/nov/2010.";"Geradora";"GEM12";"Intranet";"Macro"
"8174";"GEM12_EMALASIA12";NA;NA;"Ativa";"Banco Mundial/GEM";"Economia internacional";"taxa de câmbio - ringgit malaio / US$ - média";"taxa de câmbio - ringgit malaio / US$ - média";"Não oculta";"Intranet";60;0;0;"Incluída em 05/nov/2010.";"Geradora";"GEM12";"Intranet";"Macro"
"8175";"GEM12_EMARROCOS12";NA;NA;"Ativa";"Banco Mundial/GEM";"Economia internacional";"taxa de câmbio - dirrã marroquino / US$ - média";"taxa de câmbio - dirrã marroquino / US$ - média";"Não oculta";"Intranet";60;0;0;"Incluída em 05/nov/2010.";"Geradora";"GEM12";"Intranet";"Macro"
"8176";"GEM12_ENORUEGA12";NA;NA;"Ativa";"Banco Mundial/GEM";"Economia internacional";"taxa de câmbio - coroa norueguesa / US$ - média";"taxa de câmbio - coroa norueguesa / US$ - média";"Não oculta";"Intranet";60;0;0;"Incluída em 05/nov/2010.";"Geradora";"GEM12";"Intranet";"Macro"
"8177";"GEM12_EPERU12";NA;NA;"Ativa";"Banco Mundial/GEM";"Economia internacional";"taxa de câmbio - sol novo / US$ - média";"taxa de câmbio - sol novo / US$ - média";"Não oculta";"Intranet";60;0;0;"Incluída em 05/nov/2010.";"Geradora";"GEM12";"Intranet";"Macro"
"8178";"GEM12_EPOLONIA12";NA;NA;"Ativa";"Banco Mundial/GEM";"Economia internacional";"taxa de câmbio - zloty / US$ - média";"taxa de câmbio - zloty / US$ - média";"Não oculta";"Intranet";60;0;0;"Incluída em 05/nov/2010.";"Geradora";"GEM12";"Intranet";"Macro"
"8179";"GEM12_EROMENIA12";NA;NA;"Ativa";"Banco Mundial/GEM";"Economia internacional";"taxa de câmbio - leu romeno / US$ - média";"taxa de câmbio - leu romeno / US$ - média";"Não oculta";"Intranet";60;0;0;"Incluída em 05/nov/2010.";"Geradora";"GEM12";"Intranet";"Macro"
"8180";"GEM12_ESUECIA12";NA;NA;"Ativa";"Banco Mundial/GEM";"Economia internacional";"taxa de câmbio - coroa sueca / US$ - média";"taxa de câmbio - coroa sueca / US$ - média";"Não oculta";"Intranet";60;0;0;"Incluída em 05/nov/2010.";"Geradora";"GEM12";"Intranet";"Macro"
"8181";"GEM12_ESUICA12";NA;NA;"Ativa";"Banco Mundial/GEM";"Economia internacional";"taxa de câmbio - franco suíço / US$ - média";"taxa de câmbio - franco suíço / US$ - média";"Não oculta";"Intranet";60;0;0;"Incluída em 05/nov/2010.";"Geradora";"GEM12";"Intranet";"Macro"
"8182";"GEM12_ETAILANDIA12";NA;NA;"Ativa";"Banco Mundial/GEM";"Economia internacional";"taxa de câmbio - baht / US$ - média";"taxa de câmbio - baht / US$ - média";"Não oculta";"Intranet";60;0;0;"Incluída em 05/nov/2010.";"Geradora";"GEM12";"Intranet";"Macro"
"8183";"GEM12_ETRINIDAD12";NA;NA;"Ativa";"Banco Mundial/GEM";"Economia internacional";"taxa de câmbio - dólar de Trindad e Tobago / US$ - média";"taxa de câmbio - dólar de Trindad e Tobago / US$ - média";"Não oculta";"Intranet";60;0;0;"Incluída em 05/nov/2010.";"Geradora";"GEM12";"Intranet";"Macro"
"8184";"GEM12_PARABSAUD12";NA;NA;"Inativa";"Banco Mundial/GEM";"Economia internacional";"IPC - índice (média 2005 = 100)";"IPC - índice (média 2005 = 100)";"Não oculta";"Intranet";360;0;0;"Incluída em 05/nov/2010.";"Geradora";"GEM12";"Intranet";"Macro"
"8185";"GEM12_PARGELIA12";NA;NA;"Inativa";"Banco Mundial/GEM";"Economia internacional";"IPC - índice (média 2005 = 100)";"IPC - índice (média 2005 = 100)";"Não oculta";"Intranet";360;0;0;"Incluída em 05/nov/2010.";"Geradora";"GEM12";"Intranet";"Macro"
"8186";"GEM12_PBAHAMAS12";NA;NA;"Inativa";"Banco Mundial/GEM";"Economia internacional";"IPC - índice (média 2005 = 100)";"IPC - índice (média 2005 = 100)";"Não oculta";"Intranet";360;0;0;"Incluída em 05/nov/2010.";"Geradora";"GEM12";"Intranet";"Macro"
"8187";"GEM12_PCINGAPURA12";NA;NA;"Inativa";"Banco Mundial/GEM";"Economia internacional";"IPC - índice (média 2005 = 100)";"IPC - índice (média 2005 = 100)";"Não oculta";"Intranet";360;0;0;"Incluída em 05/nov/2010.";"Geradora";"GEM12";"Intranet";"Macro"
"8188";"GEM12_PEQUADOR12";NA;NA;"Inativa";"Banco Mundial/GEM";"Economia internacional";"IPC - índice (média 2005 = 100)";"IPC - índice (média 2005 = 100)";"Não oculta";"Intranet";360;0;0;"Incluída em 05/nov/2010.";"Geradora";"GEM12";"Intranet";"Macro"
"8189";"GEM12_PESLOVENIA12";NA;NA;"Inativa";"Banco Mundial/GEM";"Economia internacional";"IPC - índice (média 2005 = 100)";"IPC - índice (média 2005 = 100)";"Não oculta";"Intranet";360;0;0;"Incluída em 05/nov/2010.";"Geradora";"GEM12";"Intranet";"Macro"
"8190";"GEM12_PFILIPINAS12";NA;NA;"Inativa";"Banco Mundial/GEM";"Economia internacional";"IPC - índice (média 2005 = 100)";"IPC - índice (média 2005 = 100)";"Não oculta";"Intranet";360;0;0;"Incluída em 05/nov/2010.";"Geradora";"GEM12";"Intranet";"Macro"
"8191";"GEM12_PINDONESIA12";NA;NA;"Inativa";"Banco Mundial/GEM";"Economia internacional";"IPC - índice (média 2005 = 100)";"IPC - índice (média 2005 = 100)";"Não oculta";"Intranet";360;0;0;"Incluída em 05/nov/2010.";"Geradora";"GEM12";"Intranet";"Macro"
"8192";"GEM12_PIRA12";NA;NA;"Inativa";"Banco Mundial/GEM";"Economia internacional";"IPC - índice (média 2005 = 100)";"IPC - índice (média 2005 = 100)";"Não oculta";"Intranet";360;0;0;"Incluída em 05/nov/2010.";"Geradora";"GEM12";"Intranet";"Macro"
"8193";"GEM12_PIRLANDA12";NA;NA;"Inativa";"Banco Mundial/GEM";"Economia internacional";"IPC - índice (média 2005 = 100)";"IPC - índice (média 2005 = 100)";"Não oculta";"Intranet";360;0;0;"Incluída em 05/nov/2010.";"Geradora";"GEM12";"Intranet";"Macro"
"8194";"GEM12_PISRAEL12";NA;NA;"Inativa";"Banco Mundial/GEM";"Economia internacional";"IPC - índice (média 2005 = 100)";"IPC - índice (média 2005 = 100)";"Não oculta";"Intranet";360;0;0;"Incluída em 05/nov/2010.";"Geradora";"GEM12";"Intranet";"Macro"
"8195";"GEM12_PMALASIA12";NA;NA;"Inativa";"Banco Mundial/GEM";"Economia internacional";"IPC - índice (média 2005 = 100)";"IPC - índice (média 2005 = 100)";"Não oculta";"Intranet";360;0;0;"Incluída em 05/nov/2010.";"Geradora";"GEM12";"Intranet";"Macro"
"8196";"GEM12_PMARROCOS12";NA;NA;"Inativa";"Banco Mundial/GEM";"Economia internacional";"IPC - índice (média 2005 = 100)";"IPC - índice (média 2005 = 100)";"Não oculta";"Intranet";360;0;0;"Incluída em 05/nov/2010.";"Geradora";"GEM12";"Intranet";"Macro"
"8197";"GEM12_PNORUEGA12";NA;NA;"Inativa";"Banco Mundial/GEM";"Economia internacional";"IPC - índice (média 2005 = 100)";"IPC - índice (média 2005 = 100)";"Não oculta";"Intranet";360;0;0;"Incluída em 05/nov/2010.";"Geradora";"GEM12";"Intranet";"Macro"
"8198";"GEM12_PPERU12";NA;NA;"Inativa";"Banco Mundial/GEM";"Economia internacional";"IPC - índice (média 2005 = 100)";"IPC - índice (média 2005 = 100)";"Não oculta";"Intranet";360;0;0;"Incluída em 05/nov/2010.";"Geradora";"GEM12";"Intranet";"Macro"
"8199";"GEM12_PPOLONIA12";NA;NA;"Inativa";"Banco Mundial/GEM";"Economia internacional";"IPC - índice (média 2005 = 100)";"IPC - índice (média 2005 = 100)";"Não oculta";"Intranet";360;0;0;"Incluída em 05/nov/2010.";"Geradora";"GEM12";"Intranet";"Macro"
"8200";"GEM12_PROMENIA12";NA;NA;"Inativa";"Banco Mundial/GEM";"Economia internacional";"IPC - índice (média 2005 = 100)";"IPC - índice (média 2005 = 100)";"Não oculta";"Intranet";360;0;0;"Incluída em 05/nov/2010.";"Geradora";"GEM12";"Intranet";"Macro"
"8201";"GEM12_PSUECIA12";NA;NA;"Inativa";"Banco Mundial/GEM";"Economia internacional";"IPC - índice (média 2005 = 100)";"IPC - índice (média 2005 = 100)";"Oculta";"Intranet";360;0;0;"Incluída em 05/nov/2010.";"Geradora";"GEM12";"Oculta";"Macro"
"8202";"GEM12_PSUICA12";NA;NA;"Inativa";"Banco Mundial/GEM";"Economia internacional";"IPC - índice (média 2005 = 100)";"IPC - índice (média 2005 = 100)";"Oculta";"Intranet";360;0;0;"Incluída em 05/nov/2010.";"Geradora";"GEM12";"Oculta";"Macro"
"8203";"GEM12_PTAILANDIA12";NA;NA;"Inativa";"Banco Mundial/GEM";"Economia internacional";"IPC - índice (média 2005 = 100)";"IPC - índice (média 2005 = 100)";"Oculta";"Intranet";360;0;0;"Incluída em 05/nov/2010.";"Geradora";"GEM12";"Oculta";"Macro"
"8204";"GEM12_PTRINIDAD12";NA;NA;"Inativa";"Banco Mundial/GEM";"Economia internacional";"IPC - índice (média 2005 = 100)";"IPC - índice (média 2005 = 100)";"Oculta";"Intranet";360;0;0;"Incluída em 05/nov/2010.";"Geradora";"GEM12";"Oculta";"Macro"
"8205";"FAMILIAS_ASSENTA";NA;NA;"Ativa";"MDA";"Agropecuária";"Número de famílias assentadas";"Número de famílias assentadas";"Não oculta";"Internet";NA;0;NA;NA;NA;"FAMILIAS";"Internet";"Regional"
"8206";"CAPACIDADE_NFAM";NA;NA;"Ativa";"MDA";"Agropecuária";"Capacidade de assentamentos: números de famílias";"Capacidade de assentamentos: números de famílias";"Não oculta";"Internet";NA;0;NA;NA;NA;"CAPACIDADE";"Internet";"Regional"
"8207";"AREA_ASSENTA";NA;NA;"Ativa";"MDA";"Agropecuária";"Área para assentamento";"Área para assentamento";"Não oculta";"Internet";NA;0;NA;NA;NA;"AREA";"Internet";"Regional"
"8208";"NUN_PROJETOS";NA;NA;"Ativa";"MDA";"Agropecuária";"Número de projetos";"Número de projetos";"Não oculta";"Internet";NA;0;NA;NA;NA;"NUN";"Internet";"Regional"
"8209";"BM12_NFSPNNPS12";NA;NA;"Inativa";"Bacen/Not. Imp./F. Púb.";"Finanças públicas";"NFSP - setor público - nominal - com Petrobras e Eletrobras - s/ desvalorização cambial";"Necessidade de financiamento do setor público (NFSP) - setor público - conceito nominal com Petrobras e Eletrobras - sem desvalorização cambial";"Não oculta";"Internet";30;0;0;"Incluída em 12/11/2010";NA;"BM12";"Internet";"Macro"
"8210";"BM12_NFSPNYPS12";NA;NA;"Inativa";"Bacen/Not. Imp./F. Púb.";"Finanças públicas";"NFSP - setor público - nominal - com Petrobras e Eletrobras - s/ desv. cambial - acum. 12 meses";"Necessidade de financiamento do setor público (NFSP) - setor público - conceito nominal com Petrobras e Eletrobras - sem desvalorização cambial - acum. 12 meses";"Não oculta";"Internet";30;0;0;"Incluída em 12/11/2010";NA;"BM12";"Internet";"Macro"
"8211";"BM12_NFSPNNAPS12";NA;NA;"Inativa";"Bacen/Not. Imp./F. Púb.";"Finanças públicas";"NFSP - setor público - nominal - com Petrobras e Eletrobras - s/ desv. cambial - acum. 12 meses";"Necessidade de financiamento do setor público (NFSP) - setor público - conceito nominal com Petrobras e Eletrobras - sem desvalorização cambial - acum. 12 meses";"Não oculta";"Internet";30;0;0;"Incluída em 12/11/2010";NA;"BM12";"Internet";"Macro"
"8212";"BM12_NFEENNPS12";NA;NA;"Inativa";"Bacen/Not. Imp./F. Púb.";"Finanças públicas";"NFSP - estatais - nominal - com Petrobras e Eletrobras - s/ desvalorização cambial";"Necessidade de financiamento do setor público (NFSP) - empresas estatais - conceito nominal com Petrobras e Eletrobras - sem desvalorização cambial";"Não oculta";"Internet";30;0;0;"Incluída em 12/11/2010";NA;"BM12";"Internet";"Macro"
"8213";"BM12_NFEENNAPS12";NA;NA;"Inativa";"Bacen/Not. Imp./F. Púb.";"Finanças públicas";"NFSP - estatais - nominal - com Petrobras e Eletrobras - s/ desvalorização cambial - acum. 12 meses";"Necessidade de financiamento do setor público (NFSP) - empresas estatais - conceito nominal com Petrobras e Eletrobras - sem desvalorização cambial -  acum. 12 meses";"Não oculta";"Internet";30;0;0;"Incluída em 12/11/2010";NA;"BM12";"Internet";"Macro"
"8214";"BM12_NFEENYPS12";NA;NA;"Inativa";"Bacen/Not. Imp./F. Púb.";"Finanças públicas";"NFSP - estatais - nominal - com Petrobras e Eletrobras - s/ desvalorização cambial - acum. 12 meses";"Necessidade de financiamento do setor público (NFSP) - empresas estatais - conceito nominal com Petrobras e Eletrobras - sem desvalorização cambial - acum. 12 meses";"Não oculta";"Internet";30;0;0;"Incluída em 12/11/2010";NA;"BM12";"Internet";"Macro"
"8215";"BM12_NFSPJNNAPS12";NA;NA;"Inativa";"Bacen/Not. Imp./F. Púb.";"Finanças públicas";"NFSP - setor público - juros nominais - com Petrobras e Eletrobras - s/ desv.cambial - acum.12 meses";"Necessidade de financiamento do setor público (NFSP) - setor público - juros nominais com Petrobras e Eletrobras - sem desvalorização cambial - acum. 12 meses";"Não oculta";"Internet";30;0;0;"Incluída em 12/11/2010";NA;"BM12";"Internet";"Macro"
"8216";"BM12_NFSPJNNPS12";NA;NA;"Inativa";"Bacen/Not. Imp./F. Púb.";"Finanças públicas";"NFSP - setor público - juros nominais - com Petrobras e Eletrobras - s/ desvalorização cambial";"Necessidade de financiamento do setor público (NFSP) - setor público - juros nominais com Petrobras e Eletrobras - sem desvalorização cambial";"Não oculta";"Internet";30;0;0;"Incluída em 12/11/2010";NA;"BM12";"Internet";"Macro"
"8217";"BM12_NFSPJNYPS12";NA;NA;"Inativa";"Bacen/Not. Imp./F. Púb.";"Finanças públicas";"NFSP - setor público - juros nominais - com Petrobras e Eletrobras - s/ desv.cambial - acum.12 meses";"Necessidade de financiamento do setor público (NFSP) - setor público - juros nominais com Petrobras e Eletrobras - sem desvalorização cambial - acum. 12 meses";"Não oculta";"Internet";30;0;0;"Incluída em 12/11/2010";NA;"BM12";"Internet";"Macro"
"8218";"BM12_NFEEJNNAPS12";NA;NA;"Inativa";"Bacen/Not. Imp./F. Púb.";"Finanças públicas";"NFSP - estatais - juros nominais - com Petrobras e Eletrobras - s/ desv. cambial - acum. 12 meses";"Necessidade de financiamento do setor público (NFSP) - empresas estatais - juros nominais com Petrobras e Eletrobras - sem desvalorização cambial - acum. 12 meses";"Não oculta";"Internet";30;0;0;"Incluída em 12/11/2010";NA;"BM12";"Internet";"Macro"
"8219";"BM12_NFEEJNNPS12";NA;NA;"Inativa";"Bacen/Not. Imp./F. Púb.";"Finanças públicas";"NFSP - estatais - juros nominais - com Petrobras e Eletrobras - s/ desvalorização cambial";"Necessidade de financiamento do setor público (NFSP) - empresas estatais - juros nominais com Petrobras e Eletrobras - sem desvalorização cambial";"Não oculta";"Internet";30;0;0;"Incluída em 12/11/2010";NA;"BM12";"Internet";"Macro"
"8220";"BM12_NFEEJNYPS12";NA;NA;"Inativa";"Bacen/Not. Imp./F. Púb.";"Finanças públicas";"NFSP - estatais - juros nominais - com Petrobras e Eletrobras - s/ desv. cambial - acum. 12 meses";"Necessidade de financiamento do setor público (NFSP) - empresas estatais - juros nominais com Petrobras e Eletrobras - sem desvalorização cambial - acum. 12 meses";"Não oculta";"Internet";30;0;0;"Incluída em 12/11/2010";NA;"BM12";"Internet";"Macro"
"8221";"BM12_NFSPJRNAPS12";NA;NA;"Inativa";"Bacen/Not. Imp./F. Púb.";"Finanças públicas";"NFSP - setor público - juros reais - com Petrobras e Eletrobras - s/ desv. cambial - acum. 12 meses";"Necessidade de financiamento do setor público (NFSP) - setor público - juros reais com Petrobras e Eletrobras - sem desvalorização cambial - acum. 12 meses";"Não oculta";"Internet";30;0;0;"Incluída em 12/11/2010";NA;"BM12";"Internet";"Macro"
"8222";"BM12_NFSPJRNPS12";NA;NA;"Inativa";"Bacen/Not. Imp./F. Púb.";"Finanças públicas";"NFSP - setor público - juros reais - com Petrobras e Eletrobras - s/ desvalorização cambial";"Necessidade de financiamento do setor público (NFSP) - setor público - juros reais com Petrobras e Eletrobras - sem desvalorização cambial";"Não oculta";"Internet";30;0;0;"Incluída em 12/11/2010";NA;"BM12";"Internet";"Macro"
"8223";"BM12_NFSPJRYPS12";NA;NA;"Inativa";"Bacen/Not. Imp./F. Púb.";"Finanças públicas";"NFSP - setor público - juros reais - com Petrobras e Eletrobras - s/ desva. cambial - acum. 12 meses";"Necessidade de financiamento do setor público (NFSP) - setor público - juros reais com Petrobras e Eletrobras - sem desvalorização cambial - acum. 12 meses";"Não oculta";"Internet";30;0;0;"Incluída em 12/11/2010";NA;"BM12";"Internet";"Macro"
"8224";"BM12_NFEEJRNAPS12";NA;NA;"Inativa";"Bacen/Not. Imp./F. Púb.";"Finanças públicas";"NFSP - estatais - juros reais - com Petrobras e Eletrobras - s/ desv. cambial - acum. 12 meses";"Necessidade de financiamento do setor público (NFSP) - empresas estatais - juros reais com Petrobras e Eletrobras - sem desvalorização cambial - acum. 12 meses";"Não oculta";"Internet";30;0;0;"Incluída em 12/11/2010";NA;"BM12";"Internet";"Macro"
"8225";"BM12_NFEEJRNPS12";NA;NA;"Inativa";"Bacen/Not. Imp./F. Púb.";"Finanças públicas";"NFSP - estatais - juros reais - com Petrobras e Eletrobras - s/ desvalorização cambial";"Necessidade de financiamento do setor público (NFSP) - empresas estatais - juros reais com Petrobras e Eletrobras - sem desvalorização cambial";"Não oculta";"Internet";30;0;0;"Incluída em 12/11/2010";NA;"BM12";"Internet";"Macro"
"8226";"BM12_NFEEJRYPS12";NA;NA;"Inativa";"Bacen/Not. Imp./F. Púb.";"Finanças públicas";"NFSP - estatais - juros reais - com Petrobras e Eletrobras - s/ desv. cambial - acum. 12 meses";"Necessidade de financiamento do setor público (NFSP) - empresas estatais - juros reais com Petrobras e Eletrobras - sem desvalorização cambial - acum. 12 meses";"Não oculta";"Internet";30;0;0;"Incluída em 12/11/2010";NA;"BM12";"Internet";"Macro"
"8227";"BM12_NFSPONAPS12";NA;NA;"Inativa";"Bacen/Not. Imp./F. Púb.";"Finanças públicas";"NFSP - setor público - operacional - com Petrobras e Eletrobras - s/ desva. cambial - acum. 12 meses";"Necessidade de financiamento do setor público (NFSP) - setor público - conceito operacional com Petrobras e Eletrobras - sem desvalorização cambial - acum. 12 meses";"Não oculta";"Internet";30;0;0;"Incluída em 12/11/2010";NA;"BM12";"Internet";"Macro"
"8228";"BM12_NFSPONPS12";NA;NA;"Inativa";"Bacen/Not. Imp./F. Púb.";"Finanças públicas";"NFSP - setor público - operacional - com Petrobras e Eletrobras - s/ desvalorização cambial";"Necessidade de financiamento do setor público (NFSP) - setor público - conceito operacional com Petrobras e Eletrobras - sem desvalorização cambial";"Não oculta";"Internet";30;0;0;"Incluída em 12/11/2010";NA;"BM12";"Internet";"Macro"
"8229";"BM12_NFSPOYPS12";NA;NA;"Inativa";"Bacen/Not. Imp./F. Púb.";"Finanças públicas";"NFSP - setor público - operacional - com Petrobras e Eletrobras - s/ desv. cambial - acum. 12 meses";"Necessidade de financiamento do setor público (NFSP) - setor público - conceito operacional com Petrobras e Eletrobras - sem desvalorização cambial - acum. 12 meses";"Não oculta";"Internet";30;0;0;"Incluída em 12/11/2010";NA;"BM12";"Internet";"Macro"
"8230";"BM12_NFEEONAPS12";NA;NA;"Inativa";"Bacen/Not. Imp./F. Púb.";"Finanças públicas";"NFSP - estatais - operacional - com Petrobras - s/ desvalorização cambial - acum. 12 meses";"Necessidade de financiamento do setor público (NFSP) - empresas estatais - conceito operacional com Petrobras e Eletrobras - sem desvalorização cambial - acum. 12 meses";"Não oculta";"Internet";30;0;0;"Incluída em 12/11/2010";NA;"BM12";"Internet";"Macro"
"8231";"BM12_NFEEONPS12";NA;NA;"Inativa";"Bacen/Not. Imp./F. Púb.";"Finanças públicas";"NFSP - estatais - operacional - com Petrobras e Eletrobras - s/ desvalorização cambial";"Necessidade de financiamento do setor público (NFSP) - empresas estatais - conceito operacional com Petrobras e Eletrobras - sem desvalorização cambial";"Não oculta";"Internet";30;0;0;"Incluída em 12/11/2010";NA;"BM12";"Internet";"Macro"
"8232";"BM12_NFEEOYPS12";NA;NA;"Inativa";"Bacen/Not. Imp./F. Púb.";"Finanças públicas";"NFSP - estatais - operacional - com Petrobras e Eletrobras - s/ desv. cambial - acum. 12 meses";"Necessidade de financiamento do setor público (NFSP) - empresas estatais - conceito operacional com Petrobras e Eletrobras - sem desvalorização cambial - acum. 12 meses";"Não oculta";"Internet";30;0;0;"Incluída em 12/11/2010";NA;"BM12";"Internet";"Macro"
"8233";"BM12_NFSPPNAPS12";NA;NA;"Inativa";"Bacen/Not. Imp./F. Púb.";"Finanças públicas";"NFSP - setor público - primário - com Petrobras e Eletrobras - s/ desv. cambial - acum. 12 meses";"Necessidade de financiamento do setor público (NFSP) - setor público - conceito primário com Petrobras e Eletrobras - sem desvalorização cambial - acum. 12 meses";"Não oculta";"Internet";30;0;0;"Incluída em 12/11/2010";NA;"BM12";"Internet";"Macro"
"8234";"BM12_NFSPPNPS12";NA;NA;"Inativa";"Bacen/Not. Imp./F. Púb.";"Finanças públicas";"NFSP - setor público - primário - com Petrobras e Eletrobras - s/ desvalorização cambial";"Necessidade de financiamento do setor público (NFSP) - setor público - conceito primário com Petrobras e Eletrobras - sem desvalorização cambial";"Não oculta";"Internet";30;0;0;"Incluída em 12/11/2010";NA;"BM12";"Internet";"Macro"
"8235";"BM12_NFSPPYPS12";NA;NA;"Inativa";"Bacen/Not. Imp./F. Púb.";"Finanças públicas";"NFSP - setor público - primário - com Petrobras e Eletrobras - s/ desv. cambial - acum. 12 meses";"Necessidade de financiamento do setor público (NFSP) - setor público - conceito primário com Petrobras e Eletrobras - sem desvalorização cambial - acum. 12 meses";"Não oculta";"Internet";30;0;0;"Incluída em 12/11/2010";NA;"BM12";"Internet";"Macro"
"8236";"BM12_NFEEPNAPS12";NA;NA;"Inativa";"Bacen/Not. Imp./F. Púb.";"Finanças públicas";"NFSP - estatais - primário - com Petrobras -e Eletrobras s/ desvalorização cambial - acum. 12 meses";"Necessidade de financiamento do setor público (NFSP) - empresas estatais - conceito primário com Petrobras e Eletrobras - sem desvalorização cambial - acum. 12 meses";"Não oculta";"Internet";30;0;0;"Incluída em 12/11/2010";NA;"BM12";"Internet";"Macro"
"8237";"BM12_NFEEPNPS12";NA;NA;"Inativa";"Bacen/Not. Imp./F. Púb.";"Finanças públicas";"NFSP - estatais - primário - com Petrobras e Eletrobras - s/ desvalorização cambial";"Necessidade de financiamento do setor público (NFSP) - empresas estatais - conceito primário com Petrobras e Eletrobras - sem desvalorização cambial";"Não oculta";"Internet";30;0;0;"Incluída em 12/11/2010";NA;"BM12";"Internet";"Macro"
"8238";"BM12_NFEEPYPS12";NA;NA;"Inativa";"Bacen/Not. Imp./F. Púb.";"Finanças públicas";"NFSP - estatais - primário - com Petrobras e Eletrobras - s/ desvalorização cambial - acum. 12 meses";"Necessidade de financiamento do setor público (NFSP) - empresas estatais - conceito primário com Petrobras e Eletrobras - sem desvalorização cambial - acum. 12 meses";"Não oculta";"Internet";30;0;0;"Incluída em 12/11/2010";NA;"BM12";"Internet";"Macro"
"8239";"BM12_DTSPPN12";NA;NA;"Inativa";"Bacen/Not. Imp./F. Púb.";"Finanças públicas";"Dívida - total - setor público - líquida - com Petrobras e Eletrobras";"Dívida total líquida do setor público com Petrobras e Eletrobras";"Não oculta";"Internet";30;0;0;"Incluída em 12/11/2010";NA;"BM12";"Internet";"Macro"
"8240";"BM12_DTSPPY12";NA;NA;"Inativa";"Bacen/Not. Imp./F. Púb.";"Finanças públicas";"Dívida - total - setor público - líquida - com Petrobras e Eletrobras";"Dívida total líquida do setor público com Petrobras e Eletrobras";"Não oculta";"Internet";30;0;0;"Incluída em 12/11/2010";NA;"BM12";"Internet";"Macro"
"8241";"BM12_DTEEPN12";NA;NA;"Inativa";"Bacen/Not. Imp./F. Púb.";"Finanças públicas";"Dívida - total - estatais - líquida - com Petrobras e Eletrobras";"Dívida total líquida das empresas estatais com Petrobras e Eletrobras";"Não oculta";"Internet";30;0;0;"Incluída em 12/11/2010";NA;"BM12";"Internet";"Macro"
"8242";"BM12_DTEEPY12";NA;NA;"Inativa";"Bacen/Not. Imp./F. Púb.";"Finanças públicas";"Dívida - total - estatais - líquida - com Petrobras e Eletrobras";"Dívida total líquida das empresas estatais com Petrobras e Eletrobras";"Não oculta";"Internet";30;0;0;"Incluída em 12/11/2010";NA;"BM12";"Internet";"Macro"
"8243";"BM12_DEXEEPN12";NA;NA;"Inativa";"Bacen/Not. Imp./F. Púb.";"Finanças públicas";"Dívida externa - estatais - líquida - com Petrobras e Eletrobras";"Dívida externa líquida das empresas estatais com Petrobras e Eletrobras";"Não oculta";"Internet";30;0;0;"Incluída em 12/11/2010";NA;"BM12";"Internet";"Macro"
"8244";"BM12_DEXEEPY12";NA;NA;"Inativa";"Bacen/Not. Imp./F. Púb.";"Finanças públicas";"Dívida externa - estatais - líquida - com Petrobras e Eletrobras";"Dívida externa líquida das empresas estatais com Petrobras e Eletrobras";"Não oculta";"Internet";30;0;0;"Incluída em 12/11/2010";NA;"BM12";"Internet";"Macro"
"8245";"BM12_DEXSPPN12";NA;NA;"Inativa";"Bacen/Not. Imp./F. Púb.";"Finanças públicas";"Dívida externa - setor público - líquida - com Petrobras e Eletrobras";"Dívida externa líquida do setor público com Petrobras e Eletrobras";"Não oculta";"Internet";30;0;0;"Incluída em 12/11/2010";NA;"BM12";"Internet";"Macro"
"8246";"BM12_DEXSPPY12";NA;NA;"Inativa";"Bacen/Not. Imp./F. Púb.";"Finanças públicas";"Dívida externa - setor público - líquida - com Petrobras e Eletrobras";"Dívida externa líquida do setor público com Petrobras e Eletrobras";"Não oculta";"Internet";30;0;0;"Incluída em 12/11/2010";NA;"BM12";"Internet";"Macro"
"8247";"BM12_DINEEPN12";NA;NA;"Inativa";"Bacen/Not. Imp./F. Púb.";"Finanças públicas";"Dívida interna - estatais - líquida - com Petrobras e Eletrobras";"Dívida interna líquida das empresas estatais com Petrobras e Eletrobras";"Não oculta";"Internet";30;0;0;"Incluída em 12/11/2010";NA;"BM12";"Internet";"Macro"
"8248";"BM12_DINEEPY12";NA;NA;"Inativa";"Bacen/Not. Imp./F. Púb.";"Finanças públicas";"Dívida interna - estatais - líquida - com Petrobras e Eletrobras";"Dívida interna líquida das empresas estatais com Petrobras e Eletrobras";"Não oculta";"Internet";30;0;0;"Incluída em 12/11/2010";NA;"BM12";"Internet";"Macro"
"8249";"BM12_DINSPPN12";NA;NA;"Inativa";"Bacen/Not. Imp./F. Púb.";"Finanças públicas";"Dívida interna - setor público - líquida - com Petrobras e Eletrobras";"Dívida interna líquida do setor público com Petrobras e Eletrobras";"Não oculta";"Internet";30;0;0;"Incluída em 12/11/2010";NA;"BM12";"Internet";"Macro"
"8250";"BM12_DINSPPY12";NA;NA;"Inativa";"Bacen/Not. Imp./F. Púb.";"Finanças públicas";"Dívida interna - setor público - líquida - com Petrobras e Eletrobras";"Dívida interna líquida do setor público com Petrobras e Eletrobras";"Não oculta";"Internet";30;0;0;"Incluída em 12/11/2010";NA;"BM12";"Internet";"Macro"
"8251";"BM_DTSPPN";NA;NA;"Inativa";"Bacen/Not. Imp./F. Púb.";"Finanças públicas";"Dívida - total - setor público - líquida - com Petrobras e Eletrobras";"Dívida total líquida do setor público com Petrobras e Eletrobras";"Não oculta";"Internet";30;0;0;"Incluída em 12/11/2010";NA;"BM";"Internet";"Macro"
"8252";"BM_DTSPPY";NA;NA;"Inativa";"Bacen/Not. Imp./F. Púb.";"Finanças públicas";"Dívida - total - setor público - líquida - com Petrobras e Eletrobras";"Dívida total líquida do setor público com Petrobras e Eletrobras";"Não oculta";"Internet";30;0;0;"Incluída em 12/11/2011";NA;"BM";"Internet";"Macro"
"8253";"BM_DTEEPN";NA;NA;"Inativa";"Bacen/Not. Imp./F. Púb.";"Finanças públicas";"Dívida - total - estatais - líquida - com Petrobras e Eletrobras";"Dívida total líquida das empresas estatais com Petrobras e Eletrobras";"Não oculta";"Internet";30;0;0;"Incluída em 12/11/2012";NA;"BM";"Internet";"Macro"
"8254";"BM_DTEEPY";NA;NA;"Inativa";"Bacen/Not. Imp./F. Púb.";"Finanças públicas";"Dívida - total - estatais - líquida - com Petrobras e Eletrobras";"Dívida total líquida das empresas estatais com Petrobras e Eletrobras";"Não oculta";"Internet";30;0;0;"Incluída em 12/11/2013";NA;"BM";"Internet";"Macro"
"8255";"BM_DEXEEPN";NA;NA;"Inativa";"Bacen/Not. Imp./F. Púb.";"Finanças públicas";"Dívida externa - estatais - líquida - com Petrobras e Eletrobras";"Dívida externa líquida das empresas estatais com Petrobras e Eletrobras";"Não oculta";"Internet";30;0;0;"Incluída em 12/11/2014";NA;"BM";"Internet";"Macro"
"8256";"BM_DEXEEPY";NA;NA;"Inativa";"Bacen/Not. Imp./F. Púb.";"Finanças públicas";"Dívida externa - estatais - líquida - com Petrobras e Eletrobras";"Dívida externa líquida das empresas estatais com Petrobras e Eletrobras";"Não oculta";"Internet";30;0;0;"Incluída em 12/11/2015";NA;"BM";"Internet";"Macro"
"8257";"BM_DEXSPPN";NA;NA;"Inativa";"Bacen/Not. Imp./F. Púb.";"Finanças públicas";"Dívida externa - setor público - líquida - com Petrobras e Eletrobras";"Dívida externa líquida do setor público com Petrobras e Eletrobras";"Não oculta";"Internet";30;0;0;"Incluída em 12/11/2016";NA;"BM";"Internet";"Macro"
"8258";"BM_DEXSPPY";NA;NA;"Inativa";"Bacen/Not. Imp./F. Púb.";"Finanças públicas";"Dívida externa - setor público - líquida - com Petrobras e Eletrobras";"Dívida externa líquida do setor público com Petrobras e Eletrobras";"Não oculta";"Internet";30;0;0;"Incluída em 12/11/2017";NA;"BM";"Internet";"Macro"
"8259";"BM_DINEEPN";NA;NA;"Inativa";"Bacen/Not. Imp./F. Púb.";"Finanças públicas";"Dívida interna - estatais - líquida - com Petrobras e Eletrobras";"Dívida interna líquida das empresas estatais com Petrobras e Eletrobras";"Não oculta";"Internet";30;0;0;"Incluída em 12/11/2018";NA;"BM";"Internet";"Macro"
"8260";"BM_DINEEPY";NA;NA;"Inativa";"Bacen/Not. Imp./F. Púb.";"Finanças públicas";"Dívida interna - estatais - líquida - com Petrobras e Eletrobras";"Dívida interna líquida das empresas estatais com Petrobras e Eletrobras";"Não oculta";"Internet";30;0;0;"Incluída em 12/11/2019";NA;"BM";"Internet";"Macro"
"8261";"BM_DINSPPN";NA;NA;"Inativa";"Bacen/Not. Imp./F. Púb.";"Finanças públicas";"Dívida interna - setor público - líquida - com Petrobras e Eletrobras";"Dívida interna líquida do setor público com Petrobras e Eletrobras";"Não oculta";"Internet";30;0;0;"Incluída em 12/11/2020";NA;"BM";"Internet";"Macro"
"8262";"BM_DINSPPY";NA;NA;"Inativa";"Bacen/Not. Imp./F. Púb.";"Finanças públicas";"Dívida interna - setor público - líquida - com Petrobras e Eletrobras";"Dívida interna líquida do setor público com Petrobras e Eletrobras";"Não oculta";"Internet";30;0;0;"Incluída em 12/11/2021";NA;"BM";"Internet";"Macro"
"8263";"PopDesocup";NA;NA;"Ativa";"IBGE";"Mercado de trabalho";"População desocupada";"População desocupada";"Não oculta";"Internet";NA;0;NA;NA;NA;"PopDesocup";"Internet";"Social"
"8264";"PopDesocup_Metr";NA;NA;"Ativa";"IBGE";"Mercado de trabalho";"População desocupada - áreas metropolitanas";"População desocupada - áreas metropolitanas";"Não oculta";"Internet";NA;0;NA;NA;NA;"PopDesocup";"Internet";"Social"
"8265";"PopDesocup_Rura";NA;NA;"Ativa";"IBGE";"Mercado de trabalho";"População desocupada - áreas rurais";"População desocupada - áreas rurais";"Não oculta";"Internet";NA;0;NA;NA;NA;"PopDesocup";"Internet";"Social"
"8266";"PopDesocup_Urba";NA;NA;"Ativa";"IBGE";"Mercado de trabalho";"População desocupada - áreas urbanas não-metropolitanas";"População desocupada - áreas urbanas não-metropolitanas";"Não oculta";"Internet";NA;0;NA;NA;NA;"PopDesocup";"Internet";"Social"
"8267";"PopDesocup_NaoM";NA;NA;"Ativa";"IBGE";"Mercado de trabalho";"População desocupada - áreas não-metropolitanas";"População desocupada - áreas não-metropolitanas";"Não oculta";"Internet";NA;0;NA;NA;NA;"PopDesocup";"Internet";"Social"
"8268";"PEAtiva";NA;NA;"Ativa";"IBGE";"Mercado de trabalho";"População economicamente ativa (PEA)";"População economicamente ativa (PEA)";"Não oculta";"Internet";NA;0;NA;NA;NA;"PEAtiva";"Internet";"Social"
"8269";"PEAtiva_Metr";NA;NA;"Ativa";"IBGE";"Mercado de trabalho";"População economicamente ativa (PEA) - áreas metropolitanas";"População economicamente ativa (PEA) - áreas metropolitanas";"Não oculta";"Internet";NA;0;NA;NA;NA;"PEAtiva";"Internet";"Social"
"8270";"PEAtiva_Rura";NA;NA;"Ativa";"IBGE";"Mercado de trabalho";"População economicamente ativa (PEA) - áreas rurais";"População economicamente ativa (PEA) - áreas rurais";"Não oculta";"Internet";NA;0;NA;NA;NA;"PEAtiva";"Internet";"Social"
"8271";"PEAtiva_Urba";NA;NA;"Ativa";"IBGE";"Mercado de trabalho";"População economicamente ativa (PEA) - áreas urbanas não-metropolitanas";"População economicamente ativa (PEA) - áreas urbanas não-metropolitanas";"Não oculta";"Internet";NA;0;NA;NA;NA;"PEAtiva";"Internet";"Social"
"8272";"PEAtiva_NaoM";NA;NA;"Ativa";"IBGE";"Mercado de trabalho";"População economicamente ativa (PEA) - áreas não-metropolitanas";"População economicamente ativa (PEA) - áreas não-metropolitanas";"Não oculta";"Internet";NA;0;NA;NA;NA;"PEAtiva";"Internet";"Social"
"8273";"PIAtiva";NA;NA;"Ativa";"IBGE";"Mercado de trabalho";"População em idade ativa (PIA)";"População em idade ativa (PIA)";"Não oculta";"Internet";NA;0;NA;NA;NA;"PIAtiva";"Internet";"Social"
"8274";"PIAtiva_Metr";NA;NA;"Ativa";"IBGE";"Mercado de trabalho";"População em idade ativa (PIA) - áreas metropolitanas";"População em idade ativa (PIA) - áreas metropolitanas";"Não oculta";"Internet";NA;0;NA;NA;NA;"PIAtiva";"Internet";"Social"
"8275";"PIAtiva_Rura";NA;NA;"Ativa";"IBGE";"Mercado de trabalho";"População em idade ativa (PIA) - áreas rurais";"População em idade ativa (PIA) - áreas rurais";"Não oculta";"Internet";NA;0;NA;NA;NA;"PIAtiva";"Internet";"Social"
"8276";"PIAtiva_Urba";NA;NA;"Ativa";"IBGE";"Mercado de trabalho";"População em idade ativa (PIA) - áreas urbanas não-metropolitanas";"População em idade ativa (PIA) - áreas urbanas não-metropolitanas";"Não oculta";"Internet";NA;0;NA;NA;NA;"PIAtiva";"Internet";"Social"
"8277";"PIAtiva_NaoM";NA;NA;"Ativa";"IBGE";"Mercado de trabalho";"População em idade ativa (PIA) - áreas não-metropolitanas";"População em idade ativa (PIA) - áreas não-metropolitanas";"Não oculta";"Internet";NA;0;NA;NA;NA;"PIAtiva";"Internet";"Social"
"8278";"PopOcup";NA;NA;"Ativa";"IBGE";"Mercado de trabalho";"População ocupada";"População ocupada";"Não oculta";"Internet";NA;0;NA;NA;NA;"PopOcup";"Internet";"Social"
"8279";"PopOcup_Metr";NA;NA;"Ativa";"IBGE";"Mercado de trabalho";"População ocupada - áreas metropolitanas";"População ocupada - áreas metropolitanas";"Não oculta";"Internet";NA;0;NA;NA;NA;"PopOcup";"Internet";"Social"
"8280";"PopOcup_Rura";NA;NA;"Ativa";"IBGE";"Mercado de trabalho";"População ocupada - áreas rurais";"População ocupada - áreas rurais";"Não oculta";"Internet";NA;0;NA;NA;NA;"PopOcup";"Internet";"Social"
"8281";"PopOcup_Urba";NA;NA;"Ativa";"IBGE";"Mercado de trabalho";"População ocupada - áreas urbanas não-metropolitanas";"População ocupada - áreas urbanas não-metropolitanas";"Não oculta";"Internet";NA;0;NA;NA;NA;"PopOcup";"Internet";"Social"
"8282";"PopOcup_NaoM";NA;NA;"Ativa";"IBGE";"Mercado de trabalho";"População ocupada - áreas não-metropolitanas";"População ocupada - áreas não-metropolitanas";"Não oculta";"Internet";NA;0;NA;NA;NA;"PopOcup";"Internet";"Social"
"8283";"RendaTodos";NA;NA;"Ativa";"IBGE";"Mercado de trabalho";"Renda média de todos os trabalhos";"Renda média de todos os trabalhos";"Não oculta";"Internet";NA;0;NA;NA;NA;"RendaTodos";"Internet";"Social"
"8284";"RendaTodos_Metr";NA;NA;"Ativa";"IBGE";"Mercado de trabalho";"Renda média de todos os trabalhos - áreas metropolitanas";"Renda média de todos os trabalhos - áreas metropolitanas";"Não oculta";"Internet";NA;0;NA;NA;NA;"RendaTodos";"Internet";"Social"
"8285";"RendaTodos_Rura";NA;NA;"Ativa";"IBGE";"Mercado de trabalho";"Renda média de todos os trabalhos - áreas rurais";"Renda média de todos os trabalhos - áreas rurais";"Não oculta";"Internet";NA;0;NA;NA;NA;"RendaTodos";"Internet";"Social"
"8286";"RendaTodos_Urba";NA;NA;"Ativa";"IBGE";"Mercado de trabalho";"Renda média de todos os trabalhos - áreas urbanas não-metropolitanas";"Renda média de todos os trabalhos - áreas urbanas não-metropolitanas";"Não oculta";"Internet";NA;0;NA;NA;NA;"RendaTodos";"Internet";"Social"
"8287";"RendaTodos_NaoM";NA;NA;"Ativa";"IBGE";"Mercado de trabalho";"Renda média de todos os trabalhos - áreas não-metropolitanas";"Renda média de todos os trabalhos - áreas não-metropolitanas";"Não oculta";"Internet";NA;0;NA;NA;NA;"RendaTodos";"Internet";"Social"
"8288";"RendaPrinc";NA;NA;"Ativa";"IBGE";"Mercado de trabalho";"Renda média do trabalho principal";"Renda média do trabalho principal";"Não oculta";"Internet";NA;0;NA;NA;NA;"RendaPrinc";"Internet";"Social"
"8289";"RendaPrinc_Metr";NA;NA;"Ativa";"IBGE";"Mercado de trabalho";"Renda média do trabalho principal - áreas metropolitanas";"Renda média do trabalho principal - áreas metropolitanas";"Não oculta";"Internet";NA;0;NA;NA;NA;"RendaPrinc";"Internet";"Social"
"8290";"RendaPrinc_Rura";NA;NA;"Ativa";"IBGE";"Mercado de trabalho";"Renda média do trabalho principal - áreas rurais";"Renda média do trabalho principal - áreas rurais";"Não oculta";"Internet";NA;0;NA;NA;NA;"RendaPrinc";"Internet";"Social"
"8291";"RendaPrinc_Urba";NA;NA;"Ativa";"IBGE";"Mercado de trabalho";"Renda média do trabalho principal - áreas urbanas não-metropolitanas";"Renda média do trabalho principal - áreas urbanas não-metropolitanas";"Não oculta";"Internet";NA;0;NA;NA;NA;"RendaPrinc";"Internet";"Social"
"8292";"RendaPrinc_NaoM";NA;NA;"Ativa";"IBGE";"Mercado de trabalho";"Renda média do trabalho principal - áreas não-metropolitanas";"Renda média do trabalho principal - áreas não-metropolitanas";"Não oculta";"Internet";NA;0;NA;NA;NA;"RendaPrinc";"Internet";"Social"
"8293";"TxParticip";NA;NA;"Ativa";"IBGE";"Mercado de trabalho";"Taxa de participação";"Taxa de participação";"Não oculta";"Internet";NA;0;NA;NA;NA;"TxParticip";"Internet";"Social"
"8294";"TxParticip_Metr";NA;NA;"Ativa";"IBGE";"Mercado de trabalho";"Taxa de participação - áreas metropolitanas";"Taxa de participação - áreas metropolitanas";"Não oculta";"Internet";NA;0;NA;NA;NA;"TxParticip";"Internet";"Social"
"8295";"TxParticip_Rura";NA;NA;"Ativa";"IBGE";"Mercado de trabalho";"Taxa de participação - áreas rurais";"Taxa de participação - áreas rurais";"Não oculta";"Internet";NA;0;NA;NA;NA;"TxParticip";"Internet";"Social"
"8296";"TxParticip_Urba";NA;NA;"Ativa";"IBGE";"Mercado de trabalho";"Taxa de participação - áreas urbanas não-metropolitanas";"Taxa de participação - áreas urbanas não-metropolitanas";"Não oculta";"Internet";NA;0;NA;NA;NA;"TxParticip";"Internet";"Social"
"8297";"TxParticip_NaoM";NA;NA;"Ativa";"IBGE";"Mercado de trabalho";"Taxa de participação - áreas não-metropolitanas";"Taxa de participação - áreas não-metropolitanas";"Não oculta";"Internet";NA;0;NA;NA;NA;"TxParticip";"Internet";"Social"
"8298";"SCN_CFPPEXCG";NA;NA;"Inativa";"IBGE/SCN 2000 Anual";"Contas nacionais";"Consumo final - famílias - exclusive ISFLSF - var. real anual - ref. 2000";"Consumo final das famílias - exclusive instituições sem fins de lucro a serviço das famílias (ISFLSF): var. real anual   - referência 2000";"Oculta";"Internet";720;0;0;"Incluída em 08 / dez / 2010.";NA;"SCN";"Oculta";"Macro"
"8299";"DISOC_INFI";NA;NA;"Inativa";"IPEA";"Emprego";"Grau de informalidade - definição I";"Grau de informalidade - definição I";"Não oculta";"Internet";360;0;0;"Incluída em 10/dez/2010.";NA;"DISOC";"Internet";"Macro"
"8300";"DISOC_INFIMETR";NA;NA;"Inativa";"IPEA";"Emprego";"Grau de informalidade - definição I - áreas metropolitanas";"Grau de informalidade - definição I";"Não oculta";"Internet";360;0;0;"Incluída em 10/dez/2010.";NA;"DISOC";"Internet";"Macro"
"8301";"DISOC_INFINAOM";NA;NA;"Inativa";"IPEA";"Emprego";"Grau de informalidade - definição I - áreas não-metropolitanas";"Grau de informalidade - definição I";"Não oculta";"Internet";360;0;0;"Incluída em 10/dez/2010.";NA;"DISOC";"Internet";"Macro"
"8302";"DISOC_INFIRURA";NA;NA;"Inativa";"IPEA";"Emprego";"Grau de informalidade - definição I - áreas rurais";"Grau de informalidade - definição I";"Não oculta";"Internet";360;0;0;"Incluída em 10/dez/2010.";NA;"DISOC";"Internet";"Macro"
"8303";"DISOC_INFIURBA";NA;NA;"Inativa";"IPEA";"Emprego";"Grau de informalidade - definição I - áreas urbanas não-metropolitanas";"Grau de informalidade - definição I";"Não oculta";"Internet";360;0;0;"Incluída em 10/dez/2010.";NA;"DISOC";"Internet";"Macro"
"8304";"DISOC_INFII";NA;NA;"Inativa";"IPEA";"Emprego";"Grau de informalidade - definição II";"Grau de informalidade - definição II";"Não oculta";"Internet";360;0;0;"Incluída em 10/dez/2010.";NA;"DISOC";"Internet";"Macro"
"8305";"DISOC_INFIIMETR";NA;NA;"Inativa";"IPEA";"Emprego";"Grau de informalidade - definição II - áreas metropolitanas";"Grau de informalidade - definição II";"Não oculta";"Internet";360;0;0;"Incluída em 10/dez/2010.";NA;"DISOC";"Internet";"Macro"
"8306";"DISOC_INFIINAOM";NA;NA;"Inativa";"IPEA";"Emprego";"Grau de informalidade - definição II - áreas não-metropolitanas";"Grau de informalidade - definição II";"Não oculta";"Internet";360;0;0;"Incluída em 10/dez/2010.";NA;"DISOC";"Internet";"Macro"
"8307";"DISOC_INFIIRURA";NA;NA;"Inativa";"IPEA";"Emprego";"Grau de informalidade - definição II - áreas rurais";"Grau de informalidade - definição II";"Não oculta";"Internet";360;0;0;"Incluída em 10/dez/2010.";NA;"DISOC";"Internet";"Macro"
"8308";"DISOC_INFIIURBA";NA;NA;"Inativa";"IPEA";"Emprego";"Grau de informalidade - definição II - áreas urbanas não-metropolitanas";"Grau de informalidade - definição II";"Não oculta";"Internet";360;0;0;"Incluída em 10/dez/2010.";NA;"DISOC";"Internet";"Macro"
"8309";"DISOC_INFIII";NA;NA;"Inativa";"IPEA";"Emprego";"Grau de informalidade - definição III";"Grau de informalidade - definição III";"Não oculta";"Internet";360;0;0;"Incluída em 10/dez/2010.";NA;"DISOC";"Internet";"Macro"
"8310";"DISOC_INFIIIMETR";NA;NA;"Inativa";"IPEA";"Emprego";"Grau de informalidade - definição III - áreas metropolitanas";"Grau de informalidade - definição III";"Não oculta";"Internet";360;0;0;"Incluída em 10/dez/2010.";NA;"DISOC";"Internet";"Macro"
"8311";"DISOC_INFIIINAOM";NA;NA;"Inativa";"IPEA";"Emprego";"Grau de informalidade - definição III - áreas não-metropolitanas";"Grau de informalidade - definição III";"Não oculta";"Internet";360;0;0;"Incluída em 10/dez/2010.";NA;"DISOC";"Internet";"Macro"
"8312";"DISOC_INFIIIRURA";NA;NA;"Inativa";"IPEA";"Emprego";"Grau de informalidade - definição III - áreas rurais";"Grau de informalidade - definição III";"Não oculta";"Internet";360;0;0;"Incluída em 10/dez/2010.";NA;"DISOC";"Internet";"Macro"
"8313";"DISOC_INFIIIURBA";NA;NA;"Inativa";"IPEA";"Emprego";"Grau de informalidade - definição III - áreas urbanas não-metropolitanas";"Grau de informalidade - definição III";"Não oculta";"Internet";360;0;0;"Incluída em 10/dez/2010.";NA;"DISOC";"Internet";"Macro"
"8314";"DISOC_POPDES";NA;NA;"Inativa";"IPEA";"Emprego";"População desocupada";"População desocupada";"Não oculta";"Internet";360;0;0;"Incluída em 10/dez/2010.";NA;"DISOC";"Internet";"Macro"
"8315";"DISOC_POPDESMETR";NA;NA;"Inativa";"IPEA";"Emprego";"População desocupada - áreas metropolitanas";"População desocupada";"Não oculta";"Internet";360;0;0;"Incluída em 10/dez/2010.";NA;"DISOC";"Internet";"Macro"
"8316";"DISOC_POPDESNAOM";NA;NA;"Inativa";"IPEA";"Emprego";"População desocupada - áreas não-metropolitanas";"População desocupada";"Não oculta";"Internet";360;0;0;"Incluída em 10/dez/2010.";NA;"DISOC";"Internet";"Macro"
"8317";"DISOC_POPDESRURA";NA;NA;"Inativa";"IPEA";"Emprego";"População desocupada - áreas rurais";"População desocupada";"Não oculta";"Internet";360;0;0;"Incluída em 10/dez/2010.";NA;"DISOC";"Internet";"Macro"
"8318";"DISOC_POPDESURBA";NA;NA;"Inativa";"IPEA";"Emprego";"População desocupada - áreas urbanas não-metropolitanas";"População desocupada";"Não oculta";"Internet";360;0;0;"Incluída em 10/dez/2010.";NA;"DISOC";"Internet";"Macro"
"8319";"DISOC_PEATIVA";NA;NA;"Inativa";"IPEA";"Emprego";"População economicamente ativa (PEA)";"População economicamente ativa (PEA)";"Não oculta";"Internet";360;0;0;"Incluída em 10/dez/2010.";NA;"DISOC";"Internet";"Macro"
"8320";"DISOC_PEATIVAMETR";NA;NA;"Inativa";"IPEA";"Emprego";"População economicamente ativa (PEA) - áreas metropolitanas";"População economicamente ativa (PEA)";"Não oculta";"Internet";360;0;0;"Incluída em 10/dez/2010.";NA;"DISOC";"Internet";"Macro"
"8321";"DISOC_PEATIVANAOM";NA;NA;"Inativa";"IPEA";"Emprego";"População economicamente ativa (PEA) - áreas não-metropolitanas";"População economicamente ativa (PEA)";"Não oculta";"Internet";360;0;0;"Incluída em 10/dez/2010.";NA;"DISOC";"Internet";"Macro"
"8322";"DISOC_PEATIVARURA";NA;NA;"Inativa";"IPEA";"Emprego";"População economicamente ativa (PEA) - áreas rurais";"População economicamente ativa (PEA)";"Não oculta";"Internet";360;0;0;"Incluída em 10/dez/2010.";NA;"DISOC";"Internet";"Macro"
"8323";"DISOC_PEATIVAURBA";NA;NA;"Inativa";"IPEA";"Emprego";"População economicamente ativa (PEA) - áreas urbanas não-metropolitanas";"População economicamente ativa (PEA)";"Não oculta";"Internet";360;0;0;"Incluída em 10/dez/2010.";NA;"DISOC";"Internet";"Macro"
"8324";"DISOC_PIATIVA";NA;NA;"Inativa";"IPEA";"Emprego";"População em idade ativa (PIA)";"População em idade ativa (PIA)";"Não oculta";"Internet";360;0;0;"Incluída em 10/dez/2010.";NA;"DISOC";"Internet";"Macro"
"8325";"DISOC_PIATIVAMETR";NA;NA;"Inativa";"IPEA";"Emprego";"População em idade ativa (PIA) - áreas metropolitanas";"População em idade ativa (PIA)";"Não oculta";"Internet";360;0;0;"Incluída em 10/dez/2010.";NA;"DISOC";"Internet";"Macro"
"8326";"DISOC_PIATIVANAOM";NA;NA;"Inativa";"IPEA";"Emprego";"População em idade ativa (PIA) - áreas não-metropolitanas";"População em idade ativa (PIA)";"Não oculta";"Internet";360;0;0;"Incluída em 10/dez/2010.";NA;"DISOC";"Internet";"Macro"
"8327";"DISOC_PIATIVARURA";NA;NA;"Inativa";"IPEA";"Emprego";"População em idade ativa (PIA) - áreas rurais";"População em idade ativa (PIA)";"Não oculta";"Internet";360;0;0;"Incluída em 10/dez/2010.";NA;"DISOC";"Internet";"Macro"
"8328";"DISOC_PIATIVAURBA";NA;NA;"Inativa";"IPEA";"Emprego";"População em idade ativa (PIA) - áreas urbanas não-metropolitanas";"População em idade ativa (PIA)";"Não oculta";"Internet";360;0;0;"Incluída em 10/dez/2010.";NA;"DISOC";"Internet";"Macro"
"8329";"DISOC_POPOCUP";NA;NA;"Inativa";"IPEA";"Emprego";"População ocupada";"População ocupada";"Não oculta";"Internet";360;0;0;"Incluída em 10/dez/2010.";NA;"DISOC";"Internet";"Macro"
"8330";"DISOC_POPOCUPMETR";NA;NA;"Inativa";"IPEA";"Emprego";"População ocupada - áreas metropolitanas";"População ocupada";"Não oculta";"Internet";360;0;0;"Incluída em 10/dez/2010.";NA;"DISOC";"Internet";"Macro"
"8331";"DISOC_POPOCUPNAOM";NA;NA;"Inativa";"IPEA";"Emprego";"População ocupada - áreas não-metropolitanas";"População ocupada";"Não oculta";"Internet";360;0;0;"Incluída em 10/dez/2010.";NA;"DISOC";"Internet";"Macro"
"8332";"DISOC_POPOCUPRURA";NA;NA;"Inativa";"IPEA";"Emprego";"População ocupada - áreas rurais";"População ocupada";"Não oculta";"Internet";360;0;0;"Incluída em 10/dez/2010.";NA;"DISOC";"Internet";"Macro"
"8333";"DISOC_POPOCUPURBA";NA;NA;"Inativa";"IPEA";"Emprego";"População ocupada - áreas urbanas não-metropolitanas";"População ocupada";"Não oculta";"Internet";360;0;0;"Incluída em 10/dez/2010.";NA;"DISOC";"Internet";"Macro"
"8334";"DISOC_RENDAT";NA;NA;"Inativa";"IPEA";"Emprego";"Renda média de todos os trabalhos";"Renda média de todos os trabalhos";"Não oculta";"Internet";360;0;0;"Incluída em 10/dez/2010.";NA;"DISOC";"Internet";"Macro"
"8335";"DISOC_RENDATMETR";NA;NA;"Inativa";"IPEA";"Emprego";"Renda média de todos os trabalhos - áreas metropolitanas";"Renda média de todos os trabalhos";"Não oculta";"Internet";360;0;0;"Incluída em 10/dez/2010.";NA;"DISOC";"Internet";"Macro"
"8336";"DISOC_RENDATNAOM";NA;NA;"Inativa";"IPEA";"Emprego";"Renda média de todos os trabalhos - áreas não-metropolitanas";"Renda média de todos os trabalhos";"Não oculta";"Internet";360;0;0;"Incluída em 10/dez/2010.";NA;"DISOC";"Internet";"Macro"
"8337";"DISOC_RENDATRURA";NA;NA;"Inativa";"IPEA";"Emprego";"Renda média de todos os trabalhos - áreas rurais";"Renda média de todos os trabalhos";"Não oculta";"Internet";360;0;0;"Incluída em 10/dez/2010.";NA;"DISOC";"Internet";"Macro"
"8338";"DISOC_RENDATURBA";NA;NA;"Inativa";"IPEA";"Emprego";"Renda média de todos os trabalhos - áreas urbanas não-metropolitanas";"Renda média de todos os trabalhos";"Não oculta";"Internet";360;0;0;"Incluída em 10/dez/2010.";NA;"DISOC";"Internet";"Macro"
"8339";"DISOC_RENDAP";NA;NA;"Inativa";"IPEA";"Emprego";"Renda média do trabalho principal";"Renda média do trabalho principal";"Não oculta";"Internet";360;0;0;"Incluída em 10/dez/2010.";NA;"DISOC";"Internet";"Macro"
"8340";"DISOC_RENDAPMETR";NA;NA;"Inativa";"IPEA";"Emprego";"Renda média do trabalho principal - áreas metropolitanas";"Renda média do trabalho principal";"Não oculta";"Internet";360;0;0;"Incluída em 10/dez/2010.";NA;"DISOC";"Internet";"Macro"
"8341";"DISOC_RENDAPNAOM";NA;NA;"Inativa";"IPEA";"Emprego";"Renda média do trabalho principal - áreas não-metropolitanas";"Renda média do trabalho principal";"Não oculta";"Internet";360;0;0;"Incluída em 10/dez/2010.";NA;"DISOC";"Internet";"Macro"
"8342";"DISOC_RENDAPRURA";NA;NA;"Inativa";"IPEA";"Emprego";"Renda média do trabalho principal - áreas rurais";"Renda média do trabalho principal";"Não oculta";"Internet";360;0;0;"Incluída em 10/dez/2010.";NA;"DISOC";"Internet";"Macro"
"8343";"DISOC_RENDAPURBA";NA;NA;"Inativa";"IPEA";"Emprego";"Renda média do trabalho principal - áreas urbanas não-metropolitanas";"Renda média do trabalho principal";"Não oculta";"Internet";360;0;0;"Incluída em 10/dez/2010.";NA;"DISOC";"Internet";"Macro"
"8344";"DISOC_DESE";NA;NA;"Inativa";"IPEA";"Emprego";"Taxa de desemprego";"Taxa de desemprego";"Não oculta";"Internet";360;0;0;"Incluída em 10/dez/2010.";NA;"DISOC";"Internet";"Macro"
"8345";"DISOC_DESEMETR";NA;NA;"Inativa";"IPEA";"Emprego";"Taxa de desemprego - áreas metropolitanas";"Taxa de desemprego";"Não oculta";"Internet";360;0;0;"Incluída em 10/dez/2010.";NA;"DISOC";"Internet";"Macro"
"8346";"DISOC_DESENAOM";NA;NA;"Inativa";"IPEA";"Emprego";"Taxa de desemprego - áreas não-metropolitanas";"Taxa de desemprego";"Não oculta";"Internet";360;0;0;"Incluída em 10/dez/2010.";NA;"DISOC";"Internet";"Macro"
"8347";"DISOC_DESERURA";NA;NA;"Inativa";"IPEA";"Emprego";"Taxa de desemprego - áreas rurais";"Taxa de desemprego";"Não oculta";"Internet";360;0;0;"Incluída em 10/dez/2010.";NA;"DISOC";"Internet";"Macro"
"8348";"DISOC_DESEURBA";NA;NA;"Inativa";"IPEA";"Emprego";"Taxa de desemprego - áreas urbanas não-metropolitanas";"Taxa de desemprego";"Não oculta";"Internet";360;0;0;"Incluída em 10/dez/2010.";NA;"DISOC";"Internet";"Macro"
"8349";"DISOC_TXPART";NA;NA;"Inativa";"IPEA";"Emprego";"Taxa de participação";"Taxa de participação";"Não oculta";"Internet";360;0;0;"Incluída em 10/dez/2010.";NA;"DISOC";"Internet";"Macro"
"8350";"DISOC_TXPARTMETR";NA;NA;"Inativa";"IPEA";"Emprego";"Taxa de participação - áreas metropolitanas";"Taxa de participação";"Não oculta";"Internet";360;0;0;"Incluída em 10/dez/2010.";NA;"DISOC";"Internet";"Macro"
"8351";"DISOC_TXPARTNAOM";NA;NA;"Inativa";"IPEA";"Emprego";"Taxa de participação - áreas não-metropolitanas";"Taxa de participação";"Não oculta";"Internet";360;0;0;"Incluída em 10/dez/2010.";NA;"DISOC";"Internet";"Macro"
"8352";"DISOC_TXPARTRURA";NA;NA;"Inativa";"IPEA";"Emprego";"Taxa de participação - áreas rurais";"Taxa de participação";"Não oculta";"Internet";360;0;0;"Incluída em 10/dez/2010.";NA;"DISOC";"Internet";"Macro"
"8353";"DISOC_TXPARTURBA";NA;NA;"Inativa";"IPEA";"Emprego";"Taxa de participação - áreas urbanas não-metropolitanas";"Taxa de participação";"Não oculta";"Internet";360;0;0;"Incluída em 10/dez/2010.";NA;"DISOC";"Internet";"Macro"
"8354";"DISOC_PNAOM";NA;NA;"Inativa";"IPEA";"Emprego";"População ocupada - áreas não-metropolitanas";"População ocupada";"Oculta";"Internet";360;0;0;"Incluída em 10/dez/2010.";NA;"DISOC";"Oculta";"Macro"
"8355";"PMEN12_PNAOM";NA;NA;"Inativa";"IPEA";"Emprego";"População ocupada - áreas não-metropolitanas";"População ocupada";"Não oculta";"Internet";360;0;0;"Incluída em 10/dez/2010.";NA;"PMEN12";"Internet";"Macro"
"8356";"DEPIS_POPE";NA;NA;"Ativa";"IBGE/Pop";"População";"População residente - 1º de julho - estimativas";"População residente - 1º de julho - estimativas";"Não oculta";"Internet";120;0;0;"Incluída em 04/012011. Revisada em 06 de novembro de 2013.";NA;"DEPIS";"Internet";"Macro"
"8357";"DEPIS_POPEH";NA;NA;"Ativa";"IBGE/Pop";"População";"População residente - homens - 1º de julho - estimativas";"População residente - homens - 1º de julho - estimativas";"Não oculta";"Internet";120;0;0;"Incluída em 04/012011. Revisada em 06 de novembro de 2013.";NA;"DEPIS";"Internet";"Macro"
"8358";"DEPIS_POPEM";NA;NA;"Ativa";"IBGE/Pop";"População";"População residente - mulheres - 1º de julho - estimativas";"População residente - mulheres - 1º de julho - estimativas";"Não oculta";"Internet";120;0;0;"Incluída em 04/012011. Revisada em 06 de novembro de 2013.";NA;"DEPIS";"Internet";"Macro"
"8359";"FIPE12_VENBR12";NA;NA;"Ativa";"Fipe";"Preços";"Índice FipeZap - imóveis anunciados - vendas - Brasil - índice (ago. 2010 = 100)";"Índice FipeZap - imóveis anunciados - vendas - Brasil - índice (ago. 2010 = 100)";"Não oculta";"Internet";5;0;0;"Incluída em 28/fev/2011.";NA;"FIPE12";"Internet";"Macro"
"8360";"FIPE12_VENSP12";NA;NA;"Ativa";"Fipe";"Preços";"Índice FipeZap - imóveis anunciados - vendas - São Paulo - índice (ago. 2010 = 100)";"Índice FipeZap - imóveis anunciados - vendas - São Paulo - índice (ago. 2010 = 100)";"Não oculta";"Internet";5;0;0;"Incluída em 28/fev/2011.";NA;"FIPE12";"Internet";"Macro"
"8361";"FIPE12_VENRJ12";NA;NA;"Ativa";"Fipe";"Preços";"Índice FipeZap - imóveis anunciados - vendas - Rio de Janeiro - índice (ago. 2010 = 100)";"Índice FipeZap - imóveis anunciados - vendas - Rio de Janeiro - índice (ago. 2010 = 100)";"Não oculta";"Internet";5;0;0;"Incluída em 28/fev/2011.";NA;"FIPE12";"Internet";"Macro"
"8362";"FIPE12_VENBH12";NA;NA;"Ativa";"Fipe";"Preços";"Índice FipeZap - imóveis anunciados - vendas - Belo Horizonte - índice (ago. 2010 = 100)";"Índice FipeZap - imóveis anunciados - vendas - Belo Horizonte - índice (ago. 2010 = 100)";"Não oculta";"Internet";5;0;0;"Incluída em 28/fev/2011.";NA;"FIPE12";"Internet";"Macro"
"8363";"FIPE12_VENDF12";NA;NA;"Ativa";"Fipe";"Preços";"Índice FipeZap - imóveis anunciados - vendas - Distrito Federal - índice (ago. 2010 = 100)";"Índice FipeZap - imóveis anunciados - vendas - Distrito Federal - índice (ago. 2010 = 100)";"Não oculta";"Internet";5;0;0;"Incluída em 28/fev/2011.";NA;"FIPE12";"Internet";"Macro"
"8364";"FIPE12_VENRE12";NA;NA;"Ativa";"Fipe";"Preços";"Índice FipeZap - imóveis anunciados - vendas - Recife - índice (ago. 2010 = 100)";"Índice FipeZap - imóveis anunciados - vendas - Recife - índice (ago. 2010 = 100)";"Não oculta";"Internet";5;0;0;"Incluída em 28/fev/2011.";NA;"FIPE12";"Internet";"Macro"
"8365";"FIPE12_VENFO12";NA;NA;"Ativa";"Fipe";"Preços";"Índice FipeZap - imóveis anunciados - vendas - Fortaleza - índice (ago. 2010 = 100)";"Índice FipeZap - imóveis anunciados - vendas - Fortaleza - índice (ago. 2010 = 100)";"Não oculta";"Internet";5;0;0;"Incluída em 28/fev/2011.";NA;"FIPE12";"Internet";"Macro"
"8366";"FIPE12_VENSA12";NA;NA;"Ativa";"Fipe";"Preços";"Índice FipeZap - imóveis anunciados - vendas - Salvador - índice (ago. 2010 = 100)";"Índice FipeZap - imóveis anunciados - vendas - Salvador - índice (ago. 2010 = 100)";"Não oculta";"Internet";35;0;0;"Incluída em 28/fev/2011.";NA;"FIPE12";"Internet";"Macro"
"8367";"FIPE12_ALUSP12";NA;NA;"Ativa";"Fipe";"Preços";"Índice FipeZap - imóveis anunciados - aluguéis - São Paulo - índice (ago. 2010 = 100)";"Índice FipeZap - imóveis anunciados - aluguéis - São Paulo - índice (ago. 2010 = 100)";"Não oculta";"Internet";20;0;0;"Incluída em 28/fev/2011.";NA;"FIPE12";"Internet";"Macro"
"8368";"FIPE12_ALURJ12";NA;NA;"Ativa";"Fipe";"Preços";"Índice FipeZap - imóveis anunciados - aluguéis - Rio de Janeiro - índice (ago. 2010 = 100)";"Índice FipeZap - imóveis anunciados - aluguéis - Rio de Janeiro - índice (ago. 2010 = 100)";"Não oculta";"Internet";20;0;0;"Incluída em 28/fev/2011.";NA;"FIPE12";"Internet";"Macro"
"8369";"FIPE12_TXASP12";NA;NA;"Ativa";"Fipe";"Preços";"Índice FipeZap - imóveis anunciados - taxa de aluguel - São Paulo - índice (ago. 2010 = 100)";"Índice FipeZap - imóveis anunciados - taxa de aluguel - São Paulo - índice (ago. 2010 = 100)";"Não oculta";"Internet";20;0;0;"Incluída em 28/fev/2011.";NA;"FIPE12";"Internet";"Macro"
"8370";"FIPE12_TXARJ12";NA;NA;"Ativa";"Fipe";"Preços";"Índice FipeZap - imóveis anunciados - taxa de aluguel - Rio de Janeiro - índice (ago. 2010 = 100)";"Índice FipeZap - imóveis anunciados - taxa de aluguel - Rio de Janeiro - índice (ago. 2010 = 100)";"Não oculta";"Internet";20;0;0;"Incluída em 28/fev/2011.";NA;"FIPE12";"Internet";"Macro"
"8371";"BM12_PIB12";NA;NA;"Ativa";"Bacen/Boletim/Ativ. Ec.";"Contas nacionais";"PIB";"Produto interno bruto (PIB)";"Não oculta";"Internet";50;0;0;"Incluída em 28 / fev / 2011.";NA;"BM12";"Internet";"Macro"
"8372";"BM12_DEICN12";NA;NA;"Inativa";"Bacen/Not. Imp./Moeda";"Moeda e crédito";"M2 - depósitos para investimentos - fim período - novo conceito";"M2 - depósitos para investimentos - fim período - novo conceito";"Oculta";"Internet";30;0;0;NA;"Geradora";"BM12";"Oculta";"Macro"
"8373";"WDI_PIBPPCCAPAGO";NA;NA;"Ativa";"Banco Mundial/WDI";"Economia internacional";"PIB - paridade do poder de compra (PPC) - per capita";"Produto interno bruto (PIB): conceito de paridade do poder de compra (PPC) per capita";"Não oculta";"Internet";270;0;0;"Incluída em 22/mar/2011.";NA;"WDI";"Internet";"Macro"
"8374";"WDI_PIBPPCCAPARE";NA;NA;"Ativa";"Banco Mundial/WDI";"Economia internacional";"PIB - paridade do poder de compra (PPC) - per capita";"Produto interno bruto (PIB): conceito de paridade do poder de compra (PPC) per capita";"Não oculta";"Internet";630;0;0;"Incluída em 22/mar/2011.";NA;"WDI";"Internet";"Macro"
"8375";"WDI_PIBPPCCAPARG";NA;NA;"Ativa";"Banco Mundial/WDI";"Economia internacional";"PIB - paridade do poder de compra (PPC) - per capita";"Produto interno bruto (PIB): conceito de paridade do poder de compra (PPC) per capita";"Não oculta";"Internet";270;0;0;"Incluída em 22/mar/2011.";NA;"WDI";"Internet";"Macro"
"8376";"WDI_PIBPPCCAPAUS";NA;NA;"Ativa";"Banco Mundial/WDI";"Economia internacional";"PIB - paridade do poder de compra (PPC) - per capita";"Produto interno bruto (PIB): conceito de paridade do poder de compra (PPC) per capita";"Não oculta";"Internet";630;0;0;"Incluída em 22/mar/2011.";NA;"WDI";"Internet";"Macro"
"8377";"WDI_PIBPPCCAPAUT";NA;NA;"Ativa";"Banco Mundial/WDI";"Economia internacional";"PIB - paridade do poder de compra (PPC) - per capita";"Produto interno bruto (PIB): conceito de paridade do poder de compra (PPC) per capita";"Não oculta";"Internet";270;0;0;"Incluída em 22/mar/2011.";NA;"WDI";"Internet";"Macro"
"8378";"WDI_PIBPPCCAPBEL";NA;NA;"Ativa";"Banco Mundial/WDI";"Economia internacional";"PIB - paridade do poder de compra (PPC) - per capita";"Produto interno bruto (PIB): conceito de paridade do poder de compra (PPC) per capita";"Não oculta";"Internet";270;0;0;"Incluída em 22/mar/2011.";NA;"WDI";"Internet";"Macro"
"8379";"WDI_PIBPPCCAPBOL";NA;NA;"Ativa";"Banco Mundial/WDI";"Economia internacional";"PIB - paridade do poder de compra (PPC) - per capita";"Produto interno bruto (PIB): conceito de paridade do poder de compra (PPC) per capita";"Não oculta";"Internet";270;0;0;"Incluída em 22/mar/2011.";NA;"WDI";"Internet";"Macro"
"8380";"WDI_PIBPPCCAPCAN";NA;NA;"Ativa";"Banco Mundial/WDI";"Economia internacional";"PIB - paridade do poder de compra (PPC) - per capita";"Produto interno bruto (PIB): conceito de paridade do poder de compra (PPC) per capita";"Não oculta";"Internet";270;0;0;"Incluída em 22/mar/2011.";NA;"WDI";"Internet";"Macro"
"8381";"WDI_PIBPPCCAPCHE";NA;NA;"Ativa";"Banco Mundial/WDI";"Economia internacional";"PIB - paridade do poder de compra (PPC) - per capita";"Produto interno bruto (PIB): conceito de paridade do poder de compra (PPC) per capita";"Não oculta";"Internet";270;0;0;"Incluída em 22/mar/2011.";NA;"WDI";"Internet";"Macro"
"8382";"WDI_PIBPPCCAPCHL";NA;NA;"Ativa";"Banco Mundial/WDI";"Economia internacional";"PIB - paridade do poder de compra (PPC) - per capita";"Produto interno bruto (PIB): conceito de paridade do poder de compra (PPC) per capita";"Não oculta";"Internet";270;0;0;"Incluída em 22/mar/2011.";NA;"WDI";"Internet";"Macro"
"8383";"WDI_PIBPPCCAPCHN";NA;NA;"Ativa";"Banco Mundial/WDI";"Economia internacional";"PIB - paridade do poder de compra (PPC) - per capita";"Produto interno bruto (PIB): conceito de paridade do poder de compra (PPC) per capita";"Não oculta";"Internet";270;0;0;"Incluída em 22/mar/2011.";NA;"WDI";"Internet";"Macro"
"8384";"WDI_PIBPPCCAPCOD";NA;NA;"Ativa";"Banco Mundial/WDI";"Economia internacional";"PIB - paridade do poder de compra (PPC) - per capita";"Produto interno bruto (PIB): conceito de paridade do poder de compra (PPC) per capita";"Não oculta";"Internet";270;0;0;"Incluída em 22/mar/2011.";NA;"WDI";"Internet";"Macro"
"8385";"WDI_PIBPPCCAPCOL";NA;NA;"Ativa";"Banco Mundial/WDI";"Economia internacional";"PIB - paridade do poder de compra (PPC) - per capita";"Produto interno bruto (PIB): conceito de paridade do poder de compra (PPC) per capita";"Não oculta";"Internet";270;0;0;"Incluída em 22/mar/2011.";NA;"WDI";"Internet";"Macro"
"8386";"WDI_PIBPPCCAPCPV";NA;NA;"Ativa";"Banco Mundial/WDI";"Economia internacional";"PIB - paridade do poder de compra (PPC) - per capita";"Produto interno bruto (PIB): conceito de paridade do poder de compra (PPC) per capita";"Não oculta";"Internet";270;0;0;"Incluída em 22/mar/2011.";NA;"WDI";"Internet";"Macro"
"8387";"WDI_PIBPPCCAPDEU";NA;NA;"Ativa";"Banco Mundial/WDI";"Economia internacional";"PIB - paridade do poder de compra (PPC) - per capita";"Produto interno bruto (PIB): conceito de paridade do poder de compra (PPC) per capita";"Não oculta";"Internet";270;0;0;"Incluída em 22/mar/2011.";NA;"WDI";"Internet";"Macro"
"8388";"WDI_PIBPPCCAPDNK";NA;NA;"Ativa";"Banco Mundial/WDI";"Economia internacional";"PIB - paridade do poder de compra (PPC) - per capita";"Produto interno bruto (PIB): conceito de paridade do poder de compra (PPC) per capita";"Não oculta";"Internet";270;0;0;"Incluída em 22/mar/2011.";NA;"WDI";"Internet";"Macro"
"8389";"WDI_PIBPPCCAPECU";NA;NA;"Ativa";"Banco Mundial/WDI";"Economia internacional";"PIB - paridade do poder de compra (PPC) - per capita";"Produto interno bruto (PIB): conceito de paridade do poder de compra (PPC) per capita";"Não oculta";"Internet";270;0;0;"Incluída em 22/mar/2011.";NA;"WDI";"Internet";"Macro"
"8390";"WDI_PIBPPCCAPEMU";NA;NA;"Ativa";"Banco Mundial/WDI";"Economia internacional";"PIB - paridade do poder de compra (PPC) - per capita";"Produto interno bruto (PIB): conceito de paridade do poder de compra (PPC) per capita";"Não oculta";"Internet";270;0;0;"Incluída em 22/mar/2011.";NA;"WDI";"Internet";"Macro"
"8391";"WDI_PIBPPCCAPESP";NA;NA;"Ativa";"Banco Mundial/WDI";"Economia internacional";"PIB - paridade do poder de compra (PPC) - per capita";"Produto interno bruto (PIB): conceito de paridade do poder de compra (PPC) per capita";"Não oculta";"Internet";270;0;0;"Incluída em 22/mar/2011.";NA;"WDI";"Internet";"Macro"
"8392";"WDI_PIBPPCCAPFIN";NA;NA;"Ativa";"Banco Mundial/WDI";"Economia internacional";"PIB - paridade do poder de compra (PPC) - per capita";"Produto interno bruto (PIB): conceito de paridade do poder de compra (PPC) per capita";"Não oculta";"Internet";270;0;0;"Incluída em 22/mar/2011.";NA;"WDI";"Internet";"Macro"
"8393";"WDI_PIBPPCCAPFRA";NA;NA;"Ativa";"Banco Mundial/WDI";"Economia internacional";"PIB - paridade do poder de compra (PPC) - per capita";"Produto interno bruto (PIB): conceito de paridade do poder de compra (PPC) per capita";"Não oculta";"Internet";270;0;0;"Incluída em 22/mar/2011.";NA;"WDI";"Internet";"Macro"
"8394";"WDI_PIBPPCCAPGBR";NA;NA;"Ativa";"Banco Mundial/WDI";"Economia internacional";"PIB - paridade do poder de compra (PPC) - per capita";"Produto interno bruto (PIB): conceito de paridade do poder de compra (PPC) per capita";"Não oculta";"Internet";270;0;0;"Incluída em 22/mar/2011.";NA;"WDI";"Internet";"Macro"
"8395";"WDI_PIBPPCCAPGNB";NA;NA;"Ativa";"Banco Mundial/WDI";"Economia internacional";"PIB - paridade do poder de compra (PPC) - per capita";"Produto interno bruto (PIB): conceito de paridade do poder de compra (PPC) per capita";"Não oculta";"Internet";270;0;0;"Incluída em 22/mar/2011.";NA;"WDI";"Internet";"Macro"
"8396";"WDI_PIBPPCCAPGRC";NA;NA;"Ativa";"Banco Mundial/WDI";"Economia internacional";"PIB - paridade do poder de compra (PPC) - per capita";"Produto interno bruto (PIB): conceito de paridade do poder de compra (PPC) per capita";"Não oculta";"Internet";270;0;0;"Incluída em 22/mar/2011.";NA;"WDI";"Internet";"Macro"
"8397";"WDI_PIBPPCCAPHTI";NA;NA;"Ativa";"Banco Mundial/WDI";"Economia internacional";"PIB - paridade do poder de compra (PPC) - per capita";"Produto interno bruto (PIB): conceito de paridade do poder de compra (PPC) per capita";"Não oculta";"Internet";270;0;0;"Incluída em 22/mar/2011.";NA;"WDI";"Internet";"Macro"
"8398";"WDI_PIBPPCCAPIND";NA;NA;"Ativa";"Banco Mundial/WDI";"Economia internacional";"PIB - paridade do poder de compra (PPC) - per capita";"Produto interno bruto (PIB): conceito de paridade do poder de compra (PPC) per capita";"Não oculta";"Internet";270;0;0;"Incluída em 22/mar/2011.";NA;"WDI";"Internet";"Macro"
"8399";"WDI_PIBPPCCAPIRL";NA;NA;"Ativa";"Banco Mundial/WDI";"Economia internacional";"PIB - paridade do poder de compra (PPC) - per capita";"Produto interno bruto (PIB): conceito de paridade do poder de compra (PPC) per capita";"Não oculta";"Internet";270;0;0;"Incluída em 22/mar/2011.";NA;"WDI";"Internet";"Macro"
"8400";"WDI_PIBPPCCAPIRN";NA;NA;"Ativa";"Banco Mundial/WDI";"Economia internacional";"PIB - paridade do poder de compra (PPC) - per capita";"Produto interno bruto (PIB): conceito de paridade do poder de compra (PPC) per capita";"Não oculta";"Internet";630;0;0;"Incluída em 22/mar/2011.";NA;"WDI";"Internet";"Macro"
"8401";"WDI_PIBPPCCAPISL";NA;NA;"Ativa";"Banco Mundial/WDI";"Economia internacional";"PIB - paridade do poder de compra (PPC) - per capita";"Produto interno bruto (PIB): conceito de paridade do poder de compra (PPC) per capita";"Não oculta";"Internet";270;0;0;"Incluída em 22/mar/2011.";NA;"WDI";"Internet";"Macro"
"8402";"WDI_PIBPPCCAPISR";NA;NA;"Ativa";"Banco Mundial/WDI";"Economia internacional";"PIB - paridade do poder de compra (PPC) - per capita";"Produto interno bruto (PIB): conceito de paridade do poder de compra (PPC) per capita";"Não oculta";"Internet";270;0;0;"Incluída em 22/mar/2011.";NA;"WDI";"Internet";"Macro"
"8403";"WDI_PIBPPCCAPITA";NA;NA;"Ativa";"Banco Mundial/WDI";"Economia internacional";"PIB - paridade do poder de compra (PPC) - per capita";"Produto interno bruto (PIB): conceito de paridade do poder de compra (PPC) per capita";"Não oculta";"Internet";270;0;0;"Incluída em 22/mar/2011.";NA;"WDI";"Internet";"Macro"
"8404";"WDI_PIBPPCCAPJPN";NA;NA;"Ativa";"Banco Mundial/WDI";"Economia internacional";"PIB - paridade do poder de compra (PPC) - per capita";"Produto interno bruto (PIB): conceito de paridade do poder de compra (PPC) per capita";"Não oculta";"Internet";270;0;0;"Incluída em 22/mar/2011.";NA;"WDI";"Internet";"Macro"
"8405";"WDI_PIBPPCCAPKOR";NA;NA;"Ativa";"Banco Mundial/WDI";"Economia internacional";"PIB - paridade do poder de compra (PPC) - per capita";"Produto interno bruto (PIB): conceito de paridade do poder de compra (PPC) per capita";"Não oculta";"Internet";270;0;0;"Incluída em 22/mar/2011.";NA;"WDI";"Internet";"Macro"
"8406";"WDI_PIBPPCCAPLCN";NA;NA;"Ativa";"Banco Mundial/WDI";"Economia internacional";"PIB - paridade do poder de compra (PPC) - per capita";"Produto interno bruto (PIB): conceito de paridade do poder de compra (PPC) per capita";"Não oculta";"Internet";270;0;0;"Incluída em 22/mar/2011.";NA;"WDI";"Internet";"Macro"
"8407";"WDI_PIBPPCCAPLUX";NA;NA;"Ativa";"Banco Mundial/WDI";"Economia internacional";"PIB - paridade do poder de compra (PPC) - per capita";"Produto interno bruto (PIB): conceito de paridade do poder de compra (PPC) per capita";"Não oculta";"Internet";270;0;0;"Incluída em 22/mar/2011.";NA;"WDI";"Internet";"Macro"
"8408";"WDI_PIBPPCCAPMAR";NA;NA;"Ativa";"Banco Mundial/WDI";"Economia internacional";"PIB - paridade do poder de compra (PPC) - per capita";"Produto interno bruto (PIB): conceito de paridade do poder de compra (PPC) per capita";"Não oculta";"Internet";270;0;0;"Incluída em 22/mar/2011.";NA;"WDI";"Internet";"Macro"
"8409";"WDI_PIBPPCCAPMEX";NA;NA;"Ativa";"Banco Mundial/WDI";"Economia internacional";"PIB - paridade do poder de compra (PPC) - per capita";"Produto interno bruto (PIB): conceito de paridade do poder de compra (PPC) per capita";"Não oculta";"Internet";270;0;0;"Incluída em 22/mar/2011.";NA;"WDI";"Internet";"Macro"
"8410";"WDI_PIBPPCCAPMOZ";NA;NA;"Ativa";"Banco Mundial/WDI";"Economia internacional";"PIB - paridade do poder de compra (PPC) - per capita";"Produto interno bruto (PIB): conceito de paridade do poder de compra (PPC) per capita";"Não oculta";"Internet";270;0;0;"Incluída em 22/mar/2011.";NA;"WDI";"Internet";"Macro"
"8411";"WDI_PIBPPCCAPMYS";NA;NA;"Ativa";"Banco Mundial/WDI";"Economia internacional";"PIB - paridade do poder de compra (PPC) - per capita";"Produto interno bruto (PIB): conceito de paridade do poder de compra (PPC) per capita";"Não oculta";"Internet";270;0;0;"Incluída em 22/mar/2011.";NA;"WDI";"Internet";"Macro"
"8412";"WDI_PIBPPCCAPNGA";NA;NA;"Ativa";"Banco Mundial/WDI";"Economia internacional";"PIB - paridade do poder de compra (PPC) - per capita";"Produto interno bruto (PIB): conceito de paridade do poder de compra (PPC) per capita";"Não oculta";"Internet";270;0;0;"Incluída em 22/mar/2011.";NA;"WDI";"Internet";"Macro"
"8413";"WDI_PIBPPCCAPNLD";NA;NA;"Ativa";"Banco Mundial/WDI";"Economia internacional";"PIB - paridade do poder de compra (PPC) - per capita";"Produto interno bruto (PIB): conceito de paridade do poder de compra (PPC) per capita";"Não oculta";"Internet";270;0;0;"Incluída em 22/mar/2011.";NA;"WDI";"Internet";"Macro"
"8414";"WDI_PIBPPCCAPNOR";NA;NA;"Ativa";"Banco Mundial/WDI";"Economia internacional";"PIB - paridade do poder de compra (PPC) - per capita";"Produto interno bruto (PIB): conceito de paridade do poder de compra (PPC) per capita";"Não oculta";"Internet";270;0;0;"Incluída em 22/mar/2011.";NA;"WDI";"Internet";"Macro"
"8415";"WDI_PIBPPCCAPNZL";NA;NA;"Ativa";"Banco Mundial/WDI";"Economia internacional";"PIB - paridade do poder de compra (PPC) - per capita";"Produto interno bruto (PIB): conceito de paridade do poder de compra (PPC) per capita";"Não oculta";"Internet";270;0;0;"Incluída em 22/mar/2011.";NA;"WDI";"Internet";"Macro"
"8416";"WDI_PIBPPCCAPPER";NA;NA;"Ativa";"Banco Mundial/WDI";"Economia internacional";"PIB - paridade do poder de compra (PPC) - per capita";"Produto interno bruto (PIB): conceito de paridade do poder de compra (PPC) per capita";"Não oculta";"Internet";270;0;0;"Incluída em 22/mar/2011.";NA;"WDI";"Internet";"Macro"
"8417";"WDI_PIBPPCCAPPRT";NA;NA;"Ativa";"Banco Mundial/WDI";"Economia internacional";"PIB - paridade do poder de compra (PPC) - per capita";"Produto interno bruto (PIB): conceito de paridade do poder de compra (PPC) per capita";"Não oculta";"Internet";270;0;0;"Incluída em 22/mar/2011.";NA;"WDI";"Internet";"Macro"
"8418";"WDI_PIBPPCCAPPRY";NA;NA;"Ativa";"Banco Mundial/WDI";"Economia internacional";"PIB - paridade do poder de compra (PPC) - per capita";"Produto interno bruto (PIB): conceito de paridade do poder de compra (PPC) per capita";"Não oculta";"Internet";270;0;0;"Incluída em 22/mar/2011.";NA;"WDI";"Internet";"Macro"
"8419";"WDI_PIBPPCCAPQAT";NA;NA;"Ativa";"Banco Mundial/WDI";"Economia internacional";"PIB - paridade do poder de compra (PPC) - per capita";"Produto interno bruto (PIB): conceito de paridade do poder de compra (PPC) per capita";"Não oculta";"Internet";630;0;0;"Incluída em 22/mar/2011.";NA;"WDI";"Internet";"Macro"
"8420";"WDI_PIBPPCCAPRUS";NA;NA;"Ativa";"Banco Mundial/WDI";"Economia internacional";"PIB - paridade do poder de compra (PPC) - per capita";"Produto interno bruto (PIB): conceito de paridade do poder de compra (PPC) per capita";"Não oculta";"Internet";270;0;0;"Incluída em 22/mar/2011.";NA;"WDI";"Internet";"Macro"
"8421";"WDI_PIBPPCCAPSGP";NA;NA;"Ativa";"Banco Mundial/WDI";"Economia internacional";"PIB - paridade do poder de compra (PPC) - per capita";"Produto interno bruto (PIB): conceito de paridade do poder de compra (PPC) per capita";"Não oculta";"Internet";270;0;0;"Incluída em 22/mar/2011.";NA;"WDI";"Internet";"Macro"
"8422";"WDI_PIBPPCCAPSTP";NA;NA;"Ativa";"Banco Mundial/WDI";"Economia internacional";"PIB - paridade do poder de compra (PPC) - per capita";"Produto interno bruto (PIB): conceito de paridade do poder de compra (PPC) per capita";"Não oculta";"Internet";270;0;0;"Incluída em 22/mar/2011.";NA;"WDI";"Internet";"Macro"
"8423";"WDI_PIBPPCCAPSWE";NA;NA;"Ativa";"Banco Mundial/WDI";"Economia internacional";"PIB - paridade do poder de compra (PPC) - per capita";"Produto interno bruto (PIB): conceito de paridade do poder de compra (PPC) per capita";"Não oculta";"Internet";270;0;0;"Incluída em 22/mar/2011.";NA;"WDI";"Internet";"Macro"
"8424";"WDI_PIBPPCCAPTLS";NA;NA;"Ativa";"Banco Mundial/WDI";"Economia internacional";"PIB - paridade do poder de compra (PPC) - per capita";"Produto interno bruto (PIB): conceito de paridade do poder de compra (PPC) per capita";"Não oculta";"Internet";360;0;0;"Incluída em 22/mar/2011.";NA;"WDI";"Internet";"Macro"
"8425";"WDI_PIBPPCCAPURY";NA;NA;"Ativa";"Banco Mundial/WDI";"Economia internacional";"PIB - paridade do poder de compra (PPC) - per capita";"Produto interno bruto (PIB): conceito de paridade do poder de compra (PPC) per capita";"Não oculta";"Internet";270;0;0;"Incluída em 22/mar/2011.";NA;"WDI";"Internet";"Macro"
"8426";"WDI_PIBPPCCAPUSA";NA;NA;"Ativa";"Banco Mundial/WDI";"Economia internacional";"PIB - paridade do poder de compra (PPC) - per capita";"Produto interno bruto (PIB): conceito de paridade do poder de compra (PPC) per capita";"Não oculta";"Internet";270;0;0;"Incluída em 22/mar/2011.";NA;"WDI";"Internet";"Macro"
"8427";"WDI_PIBPPCCAPVEN";NA;NA;"Ativa";"Banco Mundial/WDI";"Economia internacional";"PIB - paridade do poder de compra (PPC) - per capita";"Produto interno bruto (PIB): conceito de paridade do poder de compra (PPC) per capita";"Não oculta";"Internet";1500;0;0;"Incluída em 22/mar/2011.";NA;"WDI";"Internet";"Macro"
"8428";"WDI_PIBPPCCAPWLD";NA;NA;"Ativa";"Banco Mundial/WDI";"Economia internacional";"PIB - paridade do poder de compra (PPC) - per capita";"Produto interno bruto (PIB): conceito de paridade do poder de compra (PPC) per capita";"Não oculta";"Internet";270;0;0;"Incluída em 22/mar/2011.";NA;"WDI";"Internet";"Macro"
"8429";"WDI_PIBPPCCAPZAF";NA;NA;"Ativa";"Banco Mundial/WDI";"Economia internacional";"PIB - paridade do poder de compra (PPC) - per capita";"Produto interno bruto (PIB): conceito de paridade do poder de compra (PPC) per capita";"Não oculta";"Internet";270;0;0;"Incluída em 22/mar/2011.";NA;"WDI";"Internet";"Macro"
"8430";"WDI_PIBPPCAGO";NA;NA;"Ativa";"Banco Mundial/WDI";"Economia internacional";"PIB - paridade do poder de compra (PPC)";"Produto interno bruto (PIB): conceito de paridade do poder de compra (PPC)";"Não oculta";"Internet";270;0;0;"Incluída em 22/mar/2011.";NA;"WDI";"Internet";"Macro"
"8431";"WDI_PIBPPCARE";NA;NA;"Ativa";"Banco Mundial/WDI";"Economia internacional";"PIB - paridade do poder de compra (PPC)";"Produto interno bruto (PIB): conceito de paridade do poder de compra (PPC)";"Não oculta";"Internet";630;0;0;"Incluída em 22/mar/2011.";NA;"WDI";"Internet";"Macro"
"8432";"WDI_PIBPPCARG";NA;NA;"Ativa";"Banco Mundial/WDI";"Economia internacional";"PIB - paridade do poder de compra (PPC)";"Produto interno bruto (PIB): conceito de paridade do poder de compra (PPC)";"Não oculta";"Internet";270;0;0;"Incluída em 22/mar/2011.";NA;"WDI";"Internet";"Macro"
"8433";"WDI_PIBPPCAUS";NA;NA;"Ativa";"Banco Mundial/WDI";"Economia internacional";"PIB - paridade do poder de compra (PPC)";"Produto interno bruto (PIB): conceito de paridade do poder de compra (PPC)";"Não oculta";"Internet";630;0;0;"Incluída em 22/mar/2011.";NA;"WDI";"Internet";"Macro"
"8434";"WDI_PIBPPCAUT";NA;NA;"Ativa";"Banco Mundial/WDI";"Economia internacional";"PIB - paridade do poder de compra (PPC)";"Produto interno bruto (PIB): conceito de paridade do poder de compra (PPC)";"Não oculta";"Internet";270;0;0;"Incluída em 22/mar/2011.";NA;"WDI";"Internet";"Macro"
"8435";"WDI_PIBPPCBEL";NA;NA;"Ativa";"Banco Mundial/WDI";"Economia internacional";"PIB - paridade do poder de compra (PPC)";"Produto interno bruto (PIB): conceito de paridade do poder de compra (PPC)";"Não oculta";"Internet";270;0;0;"Incluída em 22/mar/2011.";NA;"WDI";"Internet";"Macro"
"8436";"WDI_PIBPPCBOL";NA;NA;"Ativa";"Banco Mundial/WDI";"Economia internacional";"PIB - paridade do poder de compra (PPC)";"Produto interno bruto (PIB): conceito de paridade do poder de compra (PPC)";"Não oculta";"Internet";270;0;0;"Incluída em 22/mar/2011.";NA;"WDI";"Internet";"Macro"
"8437";"WDI_PIBPPCCAN";NA;NA;"Ativa";"Banco Mundial/WDI";"Economia internacional";"PIB - paridade do poder de compra (PPC)";"Produto interno bruto (PIB): conceito de paridade do poder de compra (PPC)";"Não oculta";"Internet";270;0;0;"Incluída em 22/mar/2011.";NA;"WDI";"Internet";"Macro"
"8438";"WDI_PIBPPCCHE";NA;NA;"Ativa";"Banco Mundial/WDI";"Economia internacional";"PIB - paridade do poder de compra (PPC)";"Produto interno bruto (PIB): conceito de paridade do poder de compra (PPC)";"Não oculta";"Internet";270;0;0;"Incluída em 22/mar/2011.";NA;"WDI";"Internet";"Macro"
"8439";"WDI_PIBPPCCHL";NA;NA;"Ativa";"Banco Mundial/WDI";"Economia internacional";"PIB - paridade do poder de compra (PPC)";"Produto interno bruto (PIB): conceito de paridade do poder de compra (PPC)";"Não oculta";"Internet";270;0;0;"Incluída em 22/mar/2011.";NA;"WDI";"Internet";"Macro"
"8440";"WDI_PIBPPCCHN";NA;NA;"Ativa";"Banco Mundial/WDI";"Economia internacional";"PIB - paridade do poder de compra (PPC)";"Produto interno bruto (PIB): conceito de paridade do poder de compra (PPC)";"Não oculta";"Internet";270;0;0;"Incluída em 22/mar/2011.";NA;"WDI";"Internet";"Macro"
"8441";"WDI_PIBPPCCOD";NA;NA;"Ativa";"Banco Mundial/WDI";"Economia internacional";"PIB - paridade do poder de compra (PPC)";"Produto interno bruto (PIB): conceito de paridade do poder de compra (PPC)";"Não oculta";"Internet";270;0;0;"Incluída em 22/mar/2011.";NA;"WDI";"Internet";"Macro"
"8442";"WDI_PIBPPCCOL";NA;NA;"Ativa";"Banco Mundial/WDI";"Economia internacional";"PIB - paridade do poder de compra (PPC)";"Produto interno bruto (PIB): conceito de paridade do poder de compra (PPC)";"Não oculta";"Internet";270;0;0;"Incluída em 22/mar/2011.";NA;"WDI";"Internet";"Macro"
"8443";"WDI_PIBPPCCPV";NA;NA;"Ativa";"Banco Mundial/WDI";"Economia internacional";"PIB - paridade do poder de compra (PPC)";"Produto interno bruto (PIB): conceito de paridade do poder de compra (PPC)";"Não oculta";"Internet";270;0;0;"Incluída em 22/mar/2011.";NA;"WDI";"Internet";"Macro"
"8444";"WDI_PIBPPCDEU";NA;NA;"Ativa";"Banco Mundial/WDI";"Economia internacional";"PIB - paridade do poder de compra (PPC)";"Produto interno bruto (PIB): conceito de paridade do poder de compra (PPC)";"Não oculta";"Internet";270;0;0;"Incluída em 22/mar/2011.";NA;"WDI";"Internet";"Macro"
"8445";"WDI_PIBPPCDNK";NA;NA;"Ativa";"Banco Mundial/WDI";"Economia internacional";"PIB - paridade do poder de compra (PPC)";"Produto interno bruto (PIB): conceito de paridade do poder de compra (PPC)";"Não oculta";"Internet";270;0;0;"Incluída em 22/mar/2011.";NA;"WDI";"Internet";"Macro"
"8446";"WDI_PIBPPCECU";NA;NA;"Ativa";"Banco Mundial/WDI";"Economia internacional";"PIB - paridade do poder de compra (PPC)";"Produto interno bruto (PIB): conceito de paridade do poder de compra (PPC)";"Não oculta";"Internet";270;0;0;"Incluída em 22/mar/2011.";NA;"WDI";"Internet";"Macro"
"8447";"WDI_PIBPPCEMU";NA;NA;"Ativa";"Banco Mundial/WDI";"Economia internacional";"PIB - paridade do poder de compra (PPC)";"Produto interno bruto (PIB): conceito de paridade do poder de compra (PPC)";"Não oculta";"Internet";270;0;0;"Incluída em 22/mar/2011.";NA;"WDI";"Internet";"Macro"
"8448";"WDI_PIBPPCESP";NA;NA;"Ativa";"Banco Mundial/WDI";"Economia internacional";"PIB - paridade do poder de compra (PPC)";"Produto interno bruto (PIB): conceito de paridade do poder de compra (PPC)";"Não oculta";"Internet";270;0;0;"Incluída em 22/mar/2011.";NA;"WDI";"Internet";"Macro"
"8449";"WDI_PIBPPCFIN";NA;NA;"Ativa";"Banco Mundial/WDI";"Economia internacional";"PIB - paridade do poder de compra (PPC)";"Produto interno bruto (PIB): conceito de paridade do poder de compra (PPC)";"Não oculta";"Internet";270;0;0;"Incluída em 22/mar/2011.";NA;"WDI";"Internet";"Macro"
"8450";"WDI_PIBPPCFRA";NA;NA;"Ativa";"Banco Mundial/WDI";"Economia internacional";"PIB - paridade do poder de compra (PPC)";"Produto interno bruto (PIB): conceito de paridade do poder de compra (PPC)";"Não oculta";"Internet";270;0;0;"Incluída em 22/mar/2011.";NA;"WDI";"Internet";"Macro"
"8451";"WDI_PIBPPCGBR";NA;NA;"Ativa";"Banco Mundial/WDI";"Economia internacional";"PIB - paridade do poder de compra (PPC)";"Produto interno bruto (PIB): conceito de paridade do poder de compra (PPC)";"Não oculta";"Internet";270;0;0;"Incluída em 22/mar/2011.";NA;"WDI";"Internet";"Macro"
"8452";"WDI_PIBPPCGNB";NA;NA;"Ativa";"Banco Mundial/WDI";"Economia internacional";"PIB - paridade do poder de compra (PPC)";"Produto interno bruto (PIB): conceito de paridade do poder de compra (PPC)";"Não oculta";"Internet";270;0;0;"Incluída em 22/mar/2011.";NA;"WDI";"Internet";"Macro"
"8453";"WDI_PIBPPCGRC";NA;NA;"Ativa";"Banco Mundial/WDI";"Economia internacional";"PIB - paridade do poder de compra (PPC)";"Produto interno bruto (PIB): conceito de paridade do poder de compra (PPC)";"Não oculta";"Internet";270;0;0;"Incluída em 22/mar/2011.";NA;"WDI";"Internet";"Macro"
"8454";"WDI_PIBPPCHTI";NA;NA;"Ativa";"Banco Mundial/WDI";"Economia internacional";"PIB - paridade do poder de compra (PPC)";"Produto interno bruto (PIB): conceito de paridade do poder de compra (PPC)";"Não oculta";"Internet";270;0;0;"Incluída em 22/mar/2011.";NA;"WDI";"Internet";"Macro"
"8455";"WDI_PIBPPCIND";NA;NA;"Ativa";"Banco Mundial/WDI";"Economia internacional";"PIB - paridade do poder de compra (PPC)";"Produto interno bruto (PIB): conceito de paridade do poder de compra (PPC)";"Não oculta";"Internet";270;0;0;"Incluída em 22/mar/2011.";NA;"WDI";"Internet";"Macro"
"8456";"WDI_PIBPPCIRL";NA;NA;"Ativa";"Banco Mundial/WDI";"Economia internacional";"PIB - paridade do poder de compra (PPC)";"Produto interno bruto (PIB): conceito de paridade do poder de compra (PPC)";"Não oculta";"Internet";270;0;0;"Incluída em 22/mar/2011.";NA;"WDI";"Internet";"Macro"
"8457";"WDI_PIBPPCIRN";NA;NA;"Ativa";"Banco Mundial/WDI";"Economia internacional";"PIB - paridade do poder de compra (PPC)";"Produto interno bruto (PIB): conceito de paridade do poder de compra (PPC)";"Não oculta";"Internet";630;0;0;"Incluída em 22/mar/2011.";NA;"WDI";"Internet";"Macro"
"8458";"WDI_PIBPPCISL";NA;NA;"Ativa";"Banco Mundial/WDI";"Economia internacional";"PIB - paridade do poder de compra (PPC)";"Produto interno bruto (PIB): conceito de paridade do poder de compra (PPC)";"Não oculta";"Internet";270;0;0;"Incluída em 22/mar/2011.";NA;"WDI";"Internet";"Macro"
"8459";"WDI_PIBPPCISR";NA;NA;"Ativa";"Banco Mundial/WDI";"Economia internacional";"PIB - paridade do poder de compra (PPC)";"Produto interno bruto (PIB): conceito de paridade do poder de compra (PPC)";"Não oculta";"Internet";270;0;0;"Incluída em 22/mar/2011.";NA;"WDI";"Internet";"Macro"
"8460";"WDI_PIBPPCITA";NA;NA;"Ativa";"Banco Mundial/WDI";"Economia internacional";"PIB - paridade do poder de compra (PPC)";"Produto interno bruto (PIB): conceito de paridade do poder de compra (PPC)";"Não oculta";"Internet";270;0;0;"Incluída em 22/mar/2011.";NA;"WDI";"Internet";"Macro"
"8461";"WDI_PIBPPCJPN";NA;NA;"Ativa";"Banco Mundial/WDI";"Economia internacional";"PIB - paridade do poder de compra (PPC)";"Produto interno bruto (PIB): conceito de paridade do poder de compra (PPC)";"Não oculta";"Internet";270;0;0;"Incluída em 22/mar/2011.";NA;"WDI";"Internet";"Macro"
"8462";"WDI_PIBPPCKOR";NA;NA;"Ativa";"Banco Mundial/WDI";"Economia internacional";"PIB - paridade do poder de compra (PPC)";"Produto interno bruto (PIB): conceito de paridade do poder de compra (PPC)";"Não oculta";"Internet";270;0;0;"Incluída em 22/mar/2011.";NA;"WDI";"Internet";"Macro"
"8463";"WDI_PIBPPCLCN";NA;NA;"Ativa";"Banco Mundial/WDI";"Economia internacional";"PIB - paridade do poder de compra (PPC)";"Produto interno bruto (PIB): conceito de paridade do poder de compra (PPC)";"Não oculta";"Internet";270;0;0;"Incluída em 22/mar/2011.";NA;"WDI";"Internet";"Macro"
"8464";"WDI_PIBPPCLUX";NA;NA;"Ativa";"Banco Mundial/WDI";"Economia internacional";"PIB - paridade do poder de compra (PPC)";"Produto interno bruto (PIB): conceito de paridade do poder de compra (PPC)";"Não oculta";"Internet";270;0;0;"Incluída em 22/mar/2011.";NA;"WDI";"Internet";"Macro"
"8465";"WDI_PIBPPCMAR";NA;NA;"Ativa";"Banco Mundial/WDI";"Economia internacional";"PIB - paridade do poder de compra (PPC)";"Produto interno bruto (PIB): conceito de paridade do poder de compra (PPC)";"Não oculta";"Internet";270;0;0;"Incluída em 22/mar/2011.";NA;"WDI";"Internet";"Macro"
"8466";"WDI_PIBPPCMEX";NA;NA;"Ativa";"Banco Mundial/WDI";"Economia internacional";"PIB - paridade do poder de compra (PPC)";"Produto interno bruto (PIB): conceito de paridade do poder de compra (PPC)";"Não oculta";"Internet";270;0;0;"Incluída em 22/mar/2011.";NA;"WDI";"Internet";"Macro"
"8467";"WDI_PIBPPCMOZ";NA;NA;"Ativa";"Banco Mundial/WDI";"Economia internacional";"PIB - paridade do poder de compra (PPC)";"Produto interno bruto (PIB): conceito de paridade do poder de compra (PPC)";"Não oculta";"Internet";270;0;0;"Incluída em 22/mar/2011.";NA;"WDI";"Internet";"Macro"
"8468";"WDI_PIBPPCMYS";NA;NA;"Ativa";"Banco Mundial/WDI";"Economia internacional";"PIB - paridade do poder de compra (PPC)";"Produto interno bruto (PIB): conceito de paridade do poder de compra (PPC)";"Não oculta";"Internet";270;0;0;"Incluída em 22/mar/2011.";NA;"WDI";"Internet";"Macro"
"8469";"WDI_PIBPPCNGA";NA;NA;"Ativa";"Banco Mundial/WDI";"Economia internacional";"PIB - paridade do poder de compra (PPC)";"Produto interno bruto (PIB): conceito de paridade do poder de compra (PPC)";"Não oculta";"Internet";270;0;0;"Incluída em 22/mar/2011.";NA;"WDI";"Internet";"Macro"
"8470";"WDI_PIBPPCNLD";NA;NA;"Ativa";"Banco Mundial/WDI";"Economia internacional";"PIB - paridade do poder de compra (PPC)";"Produto interno bruto (PIB): conceito de paridade do poder de compra (PPC)";"Não oculta";"Internet";270;0;0;"Incluída em 22/mar/2011.";NA;"WDI";"Internet";"Macro"
"8471";"WDI_PIBPPCNOR";NA;NA;"Ativa";"Banco Mundial/WDI";"Economia internacional";"PIB - paridade do poder de compra (PPC)";"Produto interno bruto (PIB): conceito de paridade do poder de compra (PPC)";"Não oculta";"Internet";270;0;0;"Incluída em 22/mar/2011.";NA;"WDI";"Internet";"Macro"
"8472";"WDI_PIBPPCNZL";NA;NA;"Ativa";"Banco Mundial/WDI";"Economia internacional";"PIB - paridade do poder de compra (PPC)";"Produto interno bruto (PIB): conceito de paridade do poder de compra (PPC)";"Não oculta";"Internet";270;0;0;"Incluída em 22/mar/2011.";NA;"WDI";"Internet";"Macro"
"8473";"WDI_PIBPPCPER";NA;NA;"Ativa";"Banco Mundial/WDI";"Economia internacional";"PIB - paridade do poder de compra (PPC)";"Produto interno bruto (PIB): conceito de paridade do poder de compra (PPC)";"Não oculta";"Internet";270;0;0;"Incluída em 22/mar/2011.";NA;"WDI";"Internet";"Macro"
"8474";"WDI_PIBPPCPRT";NA;NA;"Ativa";"Banco Mundial/WDI";"Economia internacional";"PIB - paridade do poder de compra (PPC)";"Produto interno bruto (PIB): conceito de paridade do poder de compra (PPC)";"Não oculta";"Internet";270;0;0;"Incluída em 22/mar/2011.";NA;"WDI";"Internet";"Macro"
"8475";"WDI_PIBPPCPRY";NA;NA;"Ativa";"Banco Mundial/WDI";"Economia internacional";"PIB - paridade do poder de compra (PPC)";"Produto interno bruto (PIB): conceito de paridade do poder de compra (PPC)";"Não oculta";"Internet";270;0;0;"Incluída em 22/mar/2011.";NA;"WDI";"Internet";"Macro"
"8476";"WDI_PIBPPCQAT";NA;NA;"Ativa";"Banco Mundial/WDI";"Economia internacional";"PIB - paridade do poder de compra (PPC)";"Produto interno bruto (PIB): conceito de paridade do poder de compra (PPC)";"Não oculta";"Internet";630;0;0;"Incluída em 22/mar/2011.";NA;"WDI";"Internet";"Macro"
"8477";"WDI_PIBPPCRUS";NA;NA;"Ativa";"Banco Mundial/WDI";"Economia internacional";"PIB - paridade do poder de compra (PPC)";"Produto interno bruto (PIB): conceito de paridade do poder de compra (PPC)";"Não oculta";"Internet";270;0;0;"Incluída em 22/mar/2011.";NA;"WDI";"Internet";"Macro"
"8478";"WDI_PIBPPCSGP";NA;NA;"Ativa";"Banco Mundial/WDI";"Economia internacional";"PIB - paridade do poder de compra (PPC)";"Produto interno bruto (PIB): conceito de paridade do poder de compra (PPC)";"Não oculta";"Internet";270;0;0;"Incluída em 22/mar/2011.";NA;"WDI";"Internet";"Macro"
"8479";"WDI_PIBPPCSTP";NA;NA;"Ativa";"Banco Mundial/WDI";"Economia internacional";"PIB - paridade do poder de compra (PPC)";"Produto interno bruto (PIB): conceito de paridade do poder de compra (PPC)";"Não oculta";"Internet";270;0;0;"Incluída em 22/mar/2011.";NA;"WDI";"Internet";"Macro"
"8480";"WDI_PIBPPCSWE";NA;NA;"Ativa";"Banco Mundial/WDI";"Economia internacional";"PIB - paridade do poder de compra (PPC)";"Produto interno bruto (PIB): conceito de paridade do poder de compra (PPC)";"Não oculta";"Internet";270;0;0;"Incluída em 22/mar/2011.";NA;"WDI";"Internet";"Macro"
"8481";"WDI_PIBPPCTLS";NA;NA;"Ativa";"Banco Mundial/WDI";"Economia internacional";"PIB - paridade do poder de compra (PPC)";"Produto interno bruto (PIB): conceito de paridade do poder de compra (PPC)";"Não oculta";"Internet";360;0;0;"Incluída em 22/mar/2011.";NA;"WDI";"Internet";"Macro"
"8482";"WDI_PIBPPCURY";NA;NA;"Ativa";"Banco Mundial/WDI";"Economia internacional";"PIB - paridade do poder de compra (PPC)";"Produto interno bruto (PIB): conceito de paridade do poder de compra (PPC)";"Não oculta";"Internet";270;0;0;"Incluída em 22/mar/2011.";NA;"WDI";"Internet";"Macro"
"8483";"WDI_PIBPPCUSA";NA;NA;"Ativa";"Banco Mundial/WDI";"Economia internacional";"PIB - paridade do poder de compra (PPC)";"Produto interno bruto (PIB): conceito de paridade do poder de compra (PPC)";"Não oculta";"Internet";270;0;0;"Incluída em 22/mar/2011.";NA;"WDI";"Internet";"Macro"
"8484";"WDI_PIBPPCVEN";NA;NA;"Ativa";"Banco Mundial/WDI";"Economia internacional";"PIB - paridade do poder de compra (PPC)";"Produto interno bruto (PIB): conceito de paridade do poder de compra (PPC)";"Não oculta";"Internet";1500;0;0;"Incluída em 22/mar/2011.";NA;"WDI";"Internet";"Macro"
"8485";"WDI_PIBPPCWLD";NA;NA;"Ativa";"Banco Mundial/WDI";"Economia internacional";"PIB - paridade do poder de compra (PPC)";"Produto interno bruto (PIB): conceito de paridade do poder de compra (PPC)";"Não oculta";"Internet";270;0;0;"Incluída em 22/mar/2011.";NA;"WDI";"Internet";"Macro"
"8486";"WDI_PIBPPCZAF";NA;NA;"Ativa";"Banco Mundial/WDI";"Economia internacional";"PIB - paridade do poder de compra (PPC)";"Produto interno bruto (PIB): conceito de paridade do poder de compra (PPC)";"Não oculta";"Internet";270;0;0;"Incluída em 22/mar/2011.";NA;"WDI";"Internet";"Macro"
"8487";"WDI_PIBPPCCAPHKG";NA;NA;"Ativa";"Banco Mundial/WDI";"Economia internacional";"PIB - paridade do poder de compra (PPC) - per capita";"Produto interno bruto (PIB): conceito de paridade do poder de compra (PPC) per capita";"Não oculta";"Internet";630;0;0;"Incluída em 22/mar/2011.";NA;"WDI";"Internet";"Macro"
"8488";"WDI_PIBPPCCAPMAC";NA;NA;"Ativa";"Banco Mundial/WDI";"Economia internacional";"PIB - paridade do poder de compra (PPC) - per capita";"Produto interno bruto (PIB): conceito de paridade do poder de compra (PPC) per capita";"Não oculta";"Internet";630;0;0;"Incluída em 22/mar/2011.";NA;"WDI";"Internet";"Macro"
"8489";"WDI_PIBPPCHKG";NA;NA;"Ativa";"Banco Mundial/WDI";"Economia internacional";"PIB - paridade do poder de compra (PPC)";"Produto interno bruto (PIB): conceito de paridade do poder de compra (PPC)";"Não oculta";"Internet";630;0;0;"Incluída em 22/mar/2011.";NA;"WDI";"Internet";"Macro"
"8490";"WDI_PIBPPCMAC";NA;NA;"Ativa";"Banco Mundial/WDI";"Economia internacional";"PIB - paridade do poder de compra (PPC)";"Produto interno bruto (PIB): conceito de paridade do poder de compra (PPC)";"Não oculta";"Internet";630;0;0;"Incluída em 22/mar/2011.";NA;"WDI";"Internet";"Macro"
"8491";"KOF_KOFBEL";NA;NA;"Ativa";"KOF";"Economia internacional";"índice de globalização";"índice de globalização";"Não oculta";"Internet";1080;0;0;"Incluída em 25/mar/2011.";NA;"KOF";"Internet";"Macro"
"8492";"KOF_KOFAUT";NA;NA;"Ativa";"KOF";"Economia internacional";"índice de globalização";"índice de globalização";"Não oculta";"Internet";1080;0;0;"Incluída em 25/mar/2011.";NA;"KOF";"Internet";"Macro"
"8493";"KOF_KOFNLD";NA;NA;"Ativa";"KOF";"Economia internacional";"índice de globalização";"índice de globalização";"Não oculta";"Internet";1080;0;0;"Incluída em 25/mar/2011.";NA;"KOF";"Internet";"Macro"
"8494";"KOF_KOFSWE";NA;NA;"Ativa";"KOF";"Economia internacional";"índice de globalização";"índice de globalização";"Não oculta";"Internet";1080;0;0;"Incluída em 25/mar/2011.";NA;"KOF";"Internet";"Macro"
"8495";"KOF_KOFCHE";NA;NA;"Ativa";"KOF";"Economia internacional";"índice de globalização";"índice de globalização";"Não oculta";"Internet";1080;0;0;"Incluída em 25/mar/2011.";NA;"KOF";"Internet";"Macro"
"8496";"KOF_KOFDNK";NA;NA;"Ativa";"KOF";"Economia internacional";"índice de globalização";"índice de globalização";"Não oculta";"Internet";1080;0;0;"Incluída em 25/mar/2011.";NA;"KOF";"Internet";"Macro"
"8497";"KOF_KOFFRA";NA;NA;"Ativa";"KOF";"Economia internacional";"índice de globalização";"índice de globalização";"Não oculta";"Internet";1080;0;0;"Incluída em 25/mar/2011.";NA;"KOF";"Internet";"Macro"
"8498";"KOF_KOFHUN";NA;NA;"Ativa";"KOF";"Economia internacional";"índice de globalização";"índice de globalização";"Não oculta";"Internet";1080;0;0;"Incluída em 25/mar/2011.";NA;"KOF";"Internet";"Macro"
"8499";"KOF_KOFPRT";NA;NA;"Ativa";"KOF";"Economia internacional";"índice de globalização";"índice de globalização";"Não oculta";"Internet";1080;0;0;"Incluída em 25/mar/2011.";NA;"KOF";"Internet";"Macro"
"8500";"KOF_KOFIRL";NA;NA;"Ativa";"KOF";"Economia internacional";"índice de globalização";"índice de globalização";"Não oculta";"Internet";1080;0;0;"Incluída em 25/mar/2011.";NA;"KOF";"Internet";"Macro"
"8501";"KOF_KOFFIN";NA;NA;"Ativa";"KOF";"Economia internacional";"índice de globalização";"índice de globalização";"Não oculta";"Internet";1080;0;0;"Incluída em 25/mar/2011.";NA;"KOF";"Internet";"Macro"
"8502";"KOF_KOFCZE";NA;NA;"Ativa";"KOF";"Economia internacional";"índice de globalização";"índice de globalização";"Não oculta";"Internet";1080;0;0;"Incluída em 25/mar/2011.";NA;"KOF";"Internet";"Macro"
"8503";"KOF_KOFCAN";NA;NA;"Ativa";"KOF";"Economia internacional";"índice de globalização";"índice de globalização";"Não oculta";"Internet";1080;0;0;"Incluída em 25/mar/2011.";NA;"KOF";"Internet";"Macro"
"8504";"KOF_KOFDEU";NA;NA;"Ativa";"KOF";"Economia internacional";"índice de globalização";"índice de globalização";"Não oculta";"Internet";1080;0;0;"Incluída em 25/mar/2011.";NA;"KOF";"Internet";"Macro"
"8505";"KOF_KOFESP";NA;NA;"Ativa";"KOF";"Economia internacional";"índice de globalização";"índice de globalização";"Não oculta";"Internet";1080;0;0;"Incluída em 25/mar/2011.";NA;"KOF";"Internet";"Macro"
"8506";"KOF_KOFSGP";NA;NA;"Ativa";"KOF";"Economia internacional";"índice de globalização";"índice de globalização";"Não oculta";"Internet";1080;0;0;"Incluída em 25/mar/2011.";NA;"KOF";"Internet";"Macro"
"8507";"KOF_KOFNOR";NA;NA;"Ativa";"KOF";"Economia internacional";"índice de globalização";"índice de globalização";"Não oculta";"Internet";1080;0;0;"Incluída em 25/mar/2011.";NA;"KOF";"Internet";"Macro"
"8508";"KOF_KOFGBR";NA;NA;"Ativa";"KOF";"Economia internacional";"índice de globalização";"índice de globalização";"Não oculta";"Internet";1080;0;0;"Incluída em 25/mar/2011.";NA;"KOF";"Internet";"Macro"
"8509";"KOF_KOFAUS";NA;NA;"Ativa";"KOF";"Economia internacional";"índice de globalização";"índice de globalização";"Não oculta";"Internet";1080;0;0;"Incluída em 25/mar/2011.";NA;"KOF";"Internet";"Macro"
"8510";"KOF_KOFITA";NA;NA;"Ativa";"KOF";"Economia internacional";"índice de globalização";"índice de globalização";"Não oculta";"Internet";1080;0;0;"Incluída em 25/mar/2011.";NA;"KOF";"Internet";"Macro"
"8511";"KOF_KOFNZL";NA;NA;"Ativa";"KOF";"Economia internacional";"índice de globalização";"índice de globalização";"Não oculta";"Internet";1080;0;0;"Incluída em 25/mar/2011.";NA;"KOF";"Internet";"Macro"
"8512";"KOF_KOFUSA";NA;NA;"Ativa";"KOF";"Economia internacional";"índice de globalização";"índice de globalização";"Não oculta";"Internet";1080;0;0;"Incluída em 25/mar/2011.";NA;"KOF";"Internet";"Macro"
"8513";"KOF_KOFCHL";NA;NA;"Ativa";"KOF";"Economia internacional";"índice de globalização";"índice de globalização";"Não oculta";"Internet";1080;0;0;"Incluída em 25/mar/2011.";NA;"KOF";"Internet";"Macro"
"8514";"KOF_KOFMYS";NA;NA;"Ativa";"KOF";"Economia internacional";"índice de globalização";"índice de globalização";"Não oculta";"Internet";1080;0;0;"Incluída em 25/mar/2011.";NA;"KOF";"Internet";"Macro"
"8515";"KOF_KOFJPN";NA;NA;"Ativa";"KOF";"Economia internacional";"índice de globalização";"índice de globalização";"Não oculta";"Internet";1080;0;0;"Incluída em 25/mar/2011.";NA;"KOF";"Internet";"Macro"
"8516";"KOF_KOFURY";NA;NA;"Ativa";"KOF";"Economia internacional";"índice de globalização";"índice de globalização";"Não oculta";"Internet";1080;0;0;"Incluída em 25/mar/2011.";NA;"KOF";"Internet";"Macro"
"8517";"KOF_KOFZAF";NA;NA;"Ativa";"KOF";"Economia internacional";"índice de globalização";"índice de globalização";"Não oculta";"Internet";1080;0;0;"Incluída em 25/mar/2011.";NA;"KOF";"Internet";"Macro"
"8518";"KOF_KOFRUS";NA;NA;"Ativa";"KOF";"Economia internacional";"índice de globalização";"índice de globalização";"Não oculta";"Internet";1080;0;0;"Incluída em 25/mar/2011.";NA;"KOF";"Internet";"Macro"
"8519";"KOF_KOFKOR";NA;NA;"Ativa";"KOF";"Economia internacional";"índice de globalização";"índice de globalização";"Não oculta";"Internet";1080;0;0;"Incluída em 25/mar/2011.";NA;"KOF";"Internet";"Macro"
"8520";"KOF_KOFPER";NA;NA;"Ativa";"KOF";"Economia internacional";"índice de globalização";"índice de globalização";"Não oculta";"Internet";1080;0;0;"Incluída em 25/mar/2011.";NA;"KOF";"Internet";"Macro"
"8521";"KOF_KOFTHA";NA;NA;"Ativa";"KOF";"Economia internacional";"índice de globalização";"índice de globalização";"Não oculta";"Internet";1080;0;0;"Incluída em 25/mar/2011.";NA;"KOF";"Internet";"Macro"
"8522";"KOF_KOFSAU";NA;NA;"Ativa";"KOF";"Economia internacional";"índice de globalização";"índice de globalização";"Não oculta";"Internet";1080;0;0;"Incluída em 25/mar/2011.";NA;"KOF";"Internet";"Macro"
"8523";"KOF_KOFARG";NA;NA;"Ativa";"KOF";"Economia internacional";"índice de globalização";"índice de globalização";"Não oculta";"Internet";1080;0;0;"Incluída em 25/mar/2011.";NA;"KOF";"Internet";"Macro"
"8524";"KOF_KOFMEX";NA;NA;"Ativa";"KOF";"Economia internacional";"índice de globalização";"índice de globalização";"Não oculta";"Internet";1080;0;0;"Incluída em 25/mar/2011.";NA;"KOF";"Internet";"Macro"
"8525";"KOF_KOFBRA";NA;NA;"Ativa";"KOF";"Economia internacional";"Brasil - índice de globalização";"Brasil - índice de globalização";"Não oculta";"Internet";1080;0;0;"Incluída em 25/mar/2011.";NA;"KOF";"Internet";"Macro"
"8526";"KOF_KOFCOL";NA;NA;"Ativa";"KOF";"Economia internacional";"índice de globalização";"índice de globalização";"Não oculta";"Internet";1080;0;0;"Incluída em 25/mar/2011.";NA;"KOF";"Internet";"Macro"
"8527";"KOF_KOFPRY";NA;NA;"Ativa";"KOF";"Economia internacional";"índice de globalização";"índice de globalização";"Não oculta";"Internet";1080;0;0;"Incluída em 25/mar/2011.";NA;"KOF";"Internet";"Macro"
"8528";"KOF_KOFNGA";NA;NA;"Ativa";"KOF";"Economia internacional";"índice de globalização";"índice de globalização";"Não oculta";"Internet";1080;0;0;"Incluída em 25/mar/2011.";NA;"KOF";"Internet";"Macro"
"8529";"KOF_KOFCHN";NA;NA;"Ativa";"KOF";"Economia internacional";"índice de globalização";"índice de globalização";"Não oculta";"Internet";1080;0;0;"Incluída em 25/mar/2011.";NA;"KOF";"Internet";"Macro"
"8530";"KOF_KOFBOL";NA;NA;"Ativa";"KOF";"Economia internacional";"índice de globalização";"índice de globalização";"Não oculta";"Internet";1080;0;0;"Incluída em 25/mar/2011.";NA;"KOF";"Internet";"Macro"
"8531";"KOF_KOFVEN";NA;NA;"Ativa";"KOF";"Economia internacional";"índice de globalização";"índice de globalização";"Não oculta";"Internet";1080;0;0;"Incluída em 25/mar/2011.";NA;"KOF";"Internet";"Macro"
"8532";"KOF_KOFDZA";NA;NA;"Ativa";"KOF";"Economia internacional";"índice de globalização";"índice de globalização";"Não oculta";"Internet";1080;0;0;"Incluída em 25/mar/2011.";NA;"KOF";"Internet";"Macro"
"8533";"KOF_KOFIND";NA;NA;"Ativa";"KOF";"Economia internacional";"índice de globalização";"índice de globalização";"Não oculta";"Internet";1080;0;0;"Incluída em 25/mar/2011.";NA;"KOF";"Internet";"Macro"
"8534";"KOF_KOFMOZ";NA;NA;"Ativa";"KOF";"Economia internacional";"índice de globalização";"índice de globalização";"Não oculta";"Internet";1080;0;0;"Incluída em 25/mar/2011.";NA;"KOF";"Internet";"Macro"
"8535";"KOF_KOFAGO";NA;NA;"Ativa";"KOF";"Economia internacional";"índice de globalização";"índice de globalização";"Não oculta";"Internet";1080;0;0;"Incluída em 25/mar/2011.";NA;"KOF";"Internet";"Macro"
"8536";"KOF_KOFCPV";NA;NA;"Ativa";"KOF";"Economia internacional";"índice de globalização";"índice de globalização";"Não oculta";"Internet";1080;0;0;"Incluída em 25/mar/2011.";NA;"KOF";"Internet";"Macro"
"8537";"KOF_KOFMAC";NA;NA;"Ativa";"KOF";"Economia internacional";"índice de globalização";"índice de globalização";"Não oculta";"Internet";1080;0;0;"Incluída em 25/mar/2011.";NA;"KOF";"Internet";"Macro"
"8538";"KOF_KOFIRN";NA;NA;"Ativa";"KOF";"Economia internacional";"índice de globalização";"índice de globalização";"Não oculta";"Internet";1080;0;0;"Incluída em 25/mar/2011.";NA;"KOF";"Internet";"Macro"
"8539";"KOF_KOFGNB";NA;NA;"Ativa";"KOF";"Economia internacional";"índice de globalização";"índice de globalização";"Não oculta";"Internet";1080;0;0;"Incluída em 25/mar/2011.";NA;"KOF";"Internet";"Macro"
"8540";"KOF_KOFHTI";NA;NA;"Ativa";"KOF";"Economia internacional";"índice de globalização";"índice de globalização";"Não oculta";"Internet";1080;0;0;"Incluída em 25/mar/2011.";NA;"KOF";"Internet";"Macro"
"8541";"KOF_KOFSTP";NA;NA;"Ativa";"KOF";"Economia internacional";"índice de globalização";"índice de globalização";"Não oculta";"Internet";1080;0;0;"Incluída em 25/mar/2011.";NA;"KOF";"Internet";"Macro"
"8542";"KOF_KOFZAR";NA;NA;"Ativa";"KOF";"Economia internacional";"índice de globalização";"índice de globalização";"Não oculta";"Internet";1080;0;0;"Incluída em 25/mar/2011.";NA;"KOF";"Internet";"Macro"
"8543";"KOF_KOFMMR";NA;NA;"Ativa";"KOF";"Economia internacional";"índice de globalização";"índice de globalização";"Não oculta";"Internet";1080;0;0;"Incluída em 25/mar/2011.";NA;"KOF";"Internet";"Macro"
"8544";"WDI_PIBPPCRBRA";NA;NA;"Ativa";"Banco Mundial/WDI";"Economia internacional";"Brasil - PIB - paridade do poder de compra (PPC)";"Brasil - Produto interno bruto (PIB): conceito de paridade do poder de compra (PPC)";"Não oculta";"Internet";270;0;0;"Incluída em 28/mar/2011.";NA;"WDI";"Internet";"Macro"
"8545";"WDI_PIBPPCRAGO";NA;NA;"Ativa";"Banco Mundial/WDI";"Economia internacional";"PIB - paridade do poder de compra (PPC)";"Produto interno bruto (PIB): conceito de paridade do poder de compra (PPC)";"Não oculta";"Internet";270;0;0;"Incluída em 28/mar/2011.";NA;"WDI";"Internet";"Macro"
"8546";"WDI_PIBPPCRARE";NA;NA;"Ativa";"Banco Mundial/WDI";"Economia internacional";"PIB - paridade do poder de compra (PPC)";"Produto interno bruto (PIB): conceito de paridade do poder de compra (PPC)";"Não oculta";"Internet";630;0;0;"Incluída em 28/mar/2011.";NA;"WDI";"Internet";"Macro"
"8547";"WDI_PIBPPCRARG";NA;NA;"Ativa";"Banco Mundial/WDI";"Economia internacional";"PIB - paridade do poder de compra (PPC)";"Produto interno bruto (PIB): conceito de paridade do poder de compra (PPC)";"Não oculta";"Internet";270;0;0;"Incluída em 28/mar/2011.";NA;"WDI";"Internet";"Macro"
"8548";"WDI_PIBPPCRAUS";NA;NA;"Ativa";"Banco Mundial/WDI";"Economia internacional";"PIB - paridade do poder de compra (PPC)";"Produto interno bruto (PIB): conceito de paridade do poder de compra (PPC)";"Não oculta";"Internet";630;0;0;"Incluída em 28/mar/2011.";NA;"WDI";"Internet";"Macro"
"8549";"WDI_PIBPPCRAUT";NA;NA;"Ativa";"Banco Mundial/WDI";"Economia internacional";"PIB - paridade do poder de compra (PPC)";"Produto interno bruto (PIB): conceito de paridade do poder de compra (PPC)";"Não oculta";"Internet";270;0;0;"Incluída em 28/mar/2011.";NA;"WDI";"Internet";"Macro"
"8550";"WDI_PIBPPCRBEL";NA;NA;"Ativa";"Banco Mundial/WDI";"Economia internacional";"PIB - paridade do poder de compra (PPC)";"Produto interno bruto (PIB): conceito de paridade do poder de compra (PPC)";"Não oculta";"Internet";270;0;0;"Incluída em 28/mar/2011.";NA;"WDI";"Internet";"Macro"
"8551";"WDI_PIBPPCRBOL";NA;NA;"Ativa";"Banco Mundial/WDI";"Economia internacional";"PIB - paridade do poder de compra (PPC)";"Produto interno bruto (PIB): conceito de paridade do poder de compra (PPC)";"Não oculta";"Internet";270;0;0;"Incluída em 28/mar/2011.";NA;"WDI";"Internet";"Macro"
"8552";"WDI_PIBPPCRCAN";NA;NA;"Ativa";"Banco Mundial/WDI";"Economia internacional";"PIB - paridade do poder de compra (PPC)";"Produto interno bruto (PIB): conceito de paridade do poder de compra (PPC)";"Não oculta";"Internet";270;0;0;"Incluída em 28/mar/2011.";NA;"WDI";"Internet";"Macro"
"8553";"WDI_PIBPPCRCHE";NA;NA;"Ativa";"Banco Mundial/WDI";"Economia internacional";"PIB - paridade do poder de compra (PPC)";"Produto interno bruto (PIB): conceito de paridade do poder de compra (PPC)";"Não oculta";"Internet";270;0;0;"Incluída em 28/mar/2011.";NA;"WDI";"Internet";"Macro"
"8554";"WDI_PIBPPCRCHL";NA;NA;"Ativa";"Banco Mundial/WDI";"Economia internacional";"PIB - paridade do poder de compra (PPC)";"Produto interno bruto (PIB): conceito de paridade do poder de compra (PPC)";"Não oculta";"Internet";270;0;0;"Incluída em 28/mar/2011.";NA;"WDI";"Internet";"Macro"
"8555";"WDI_PIBPPCRCHN";NA;NA;"Ativa";"Banco Mundial/WDI";"Economia internacional";"PIB - paridade do poder de compra (PPC)";"Produto interno bruto (PIB): conceito de paridade do poder de compra (PPC)";"Não oculta";"Internet";270;0;0;"Incluída em 28/mar/2011.";NA;"WDI";"Internet";"Macro"
"8556";"WDI_PIBPPCRCOD";NA;NA;"Ativa";"Banco Mundial/WDI";"Economia internacional";"PIB - paridade do poder de compra (PPC)";"Produto interno bruto (PIB): conceito de paridade do poder de compra (PPC)";"Não oculta";"Internet";270;0;0;"Incluída em 28/mar/2011.";NA;"WDI";"Internet";"Macro"
"8557";"WDI_PIBPPCRCOL";NA;NA;"Ativa";"Banco Mundial/WDI";"Economia internacional";"PIB - paridade do poder de compra (PPC)";"Produto interno bruto (PIB): conceito de paridade do poder de compra (PPC)";"Não oculta";"Internet";270;0;0;"Incluída em 28/mar/2011.";NA;"WDI";"Internet";"Macro"
"8558";"WDI_PIBPPCRCPV";NA;NA;"Ativa";"Banco Mundial/WDI";"Economia internacional";"PIB - paridade do poder de compra (PPC)";"Produto interno bruto (PIB): conceito de paridade do poder de compra (PPC)";"Não oculta";"Internet";270;0;0;"Incluída em 28/mar/2011.";NA;"WDI";"Internet";"Macro"
"8559";"WDI_PIBPPCRDEU";NA;NA;"Ativa";"Banco Mundial/WDI";"Economia internacional";"PIB - paridade do poder de compra (PPC)";"Produto interno bruto (PIB): conceito de paridade do poder de compra (PPC)";"Não oculta";"Internet";270;0;0;"Incluída em 28/mar/2011.";NA;"WDI";"Internet";"Macro"
"8560";"WDI_PIBPPCRDNK";NA;NA;"Ativa";"Banco Mundial/WDI";"Economia internacional";"PIB - paridade do poder de compra (PPC)";"Produto interno bruto (PIB): conceito de paridade do poder de compra (PPC)";"Não oculta";"Internet";270;0;0;"Incluída em 28/mar/2011.";NA;"WDI";"Internet";"Macro"
"8561";"WDI_PIBPPCRECU";NA;NA;"Ativa";"Banco Mundial/WDI";"Economia internacional";"PIB - paridade do poder de compra (PPC)";"Produto interno bruto (PIB): conceito de paridade do poder de compra (PPC)";"Não oculta";"Internet";270;0;0;"Incluída em 28/mar/2011.";NA;"WDI";"Internet";"Macro"
"8562";"WDI_PIBPPCREMU";NA;NA;"Ativa";"Banco Mundial/WDI";"Economia internacional";"PIB - paridade do poder de compra (PPC)";"Produto interno bruto (PIB): conceito de paridade do poder de compra (PPC)";"Não oculta";"Internet";270;0;0;"Incluída em 28/mar/2011.";NA;"WDI";"Internet";"Macro"
"8563";"WDI_PIBPPCRESP";NA;NA;"Ativa";"Banco Mundial/WDI";"Economia internacional";"PIB - paridade do poder de compra (PPC)";"Produto interno bruto (PIB): conceito de paridade do poder de compra (PPC)";"Não oculta";"Internet";270;0;0;"Incluída em 28/mar/2011.";NA;"WDI";"Internet";"Macro"
"8564";"WDI_PIBPPCRFIN";NA;NA;"Ativa";"Banco Mundial/WDI";"Economia internacional";"PIB - paridade do poder de compra (PPC)";"Produto interno bruto (PIB): conceito de paridade do poder de compra (PPC)";"Não oculta";"Internet";270;0;0;"Incluída em 28/mar/2011.";NA;"WDI";"Internet";"Macro"
"8565";"WDI_PIBPPCRFRA";NA;NA;"Ativa";"Banco Mundial/WDI";"Economia internacional";"PIB - paridade do poder de compra (PPC)";"Produto interno bruto (PIB): conceito de paridade do poder de compra (PPC)";"Não oculta";"Internet";270;0;0;"Incluída em 28/mar/2011.";NA;"WDI";"Internet";"Macro"
"8566";"WDI_PIBPPCRGBR";NA;NA;"Ativa";"Banco Mundial/WDI";"Economia internacional";"PIB - paridade do poder de compra (PPC)";"Produto interno bruto (PIB): conceito de paridade do poder de compra (PPC)";"Não oculta";"Internet";270;0;0;"Incluída em 28/mar/2011.";NA;"WDI";"Internet";"Macro"
"8567";"WDI_PIBPPCRGNB";NA;NA;"Ativa";"Banco Mundial/WDI";"Economia internacional";"PIB - paridade do poder de compra (PPC)";"Produto interno bruto (PIB): conceito de paridade do poder de compra (PPC)";"Não oculta";"Internet";270;0;0;"Incluída em 28/mar/2011.";NA;"WDI";"Internet";"Macro"
"8568";"WDI_PIBPPCRGRC";NA;NA;"Ativa";"Banco Mundial/WDI";"Economia internacional";"PIB - paridade do poder de compra (PPC)";"Produto interno bruto (PIB): conceito de paridade do poder de compra (PPC)";"Não oculta";"Internet";270;0;0;"Incluída em 28/mar/2011.";NA;"WDI";"Internet";"Macro"
"8569";"WDI_PIBPPCRHKG";NA;NA;"Ativa";"Banco Mundial/WDI";"Economia internacional";"PIB - paridade do poder de compra (PPC)";"Produto interno bruto (PIB): conceito de paridade do poder de compra (PPC)";"Não oculta";"Internet";630;0;0;"Incluída em 28/mar/2011.";NA;"WDI";"Internet";"Macro"
"8570";"WDI_PIBPPCRHTI";NA;NA;"Ativa";"Banco Mundial/WDI";"Economia internacional";"PIB - paridade do poder de compra (PPC)";"Produto interno bruto (PIB): conceito de paridade do poder de compra (PPC)";"Não oculta";"Internet";270;0;0;"Incluída em 28/mar/2011.";NA;"WDI";"Internet";"Macro"
"8571";"WDI_PIBPPCRIND";NA;NA;"Ativa";"Banco Mundial/WDI";"Economia internacional";"PIB - paridade do poder de compra (PPC)";"Produto interno bruto (PIB): conceito de paridade do poder de compra (PPC)";"Não oculta";"Internet";270;0;0;"Incluída em 28/mar/2011.";NA;"WDI";"Internet";"Macro"
"8572";"WDI_PIBPPCRIRL";NA;NA;"Ativa";"Banco Mundial/WDI";"Economia internacional";"PIB - paridade do poder de compra (PPC)";"Produto interno bruto (PIB): conceito de paridade do poder de compra (PPC)";"Não oculta";"Internet";270;0;0;"Incluída em 28/mar/2011.";NA;"WDI";"Internet";"Macro"
"8573";"WDI_PIBPPCRIRN";NA;NA;"Ativa";"Banco Mundial/WDI";"Economia internacional";"PIB - paridade do poder de compra (PPC)";"Produto interno bruto (PIB): conceito de paridade do poder de compra (PPC)";"Não oculta";"Internet";630;0;0;"Incluída em 28/mar/2011.";NA;"WDI";"Internet";"Macro"
"8574";"WDI_PIBPPCRISL";NA;NA;"Ativa";"Banco Mundial/WDI";"Economia internacional";"PIB - paridade do poder de compra (PPC)";"Produto interno bruto (PIB): conceito de paridade do poder de compra (PPC)";"Não oculta";"Internet";270;0;0;"Incluída em 28/mar/2011.";NA;"WDI";"Internet";"Macro"
"8575";"WDI_PIBPPCRISR";NA;NA;"Ativa";"Banco Mundial/WDI";"Economia internacional";"PIB - paridade do poder de compra (PPC)";"Produto interno bruto (PIB): conceito de paridade do poder de compra (PPC)";"Não oculta";"Internet";270;0;0;"Incluída em 28/mar/2011.";NA;"WDI";"Internet";"Macro"
"8576";"WDI_PIBPPCRITA";NA;NA;"Ativa";"Banco Mundial/WDI";"Economia internacional";"PIB - paridade do poder de compra (PPC)";"Produto interno bruto (PIB): conceito de paridade do poder de compra (PPC)";"Não oculta";"Internet";270;0;0;"Incluída em 28/mar/2011.";NA;"WDI";"Internet";"Macro"
"8577";"WDI_PIBPPCRJPN";NA;NA;"Ativa";"Banco Mundial/WDI";"Economia internacional";"PIB - paridade do poder de compra (PPC)";"Produto interno bruto (PIB): conceito de paridade do poder de compra (PPC)";"Não oculta";"Internet";270;0;0;"Incluída em 28/mar/2011.";NA;"WDI";"Internet";"Macro"
"8578";"WDI_PIBPPCRKOR";NA;NA;"Ativa";"Banco Mundial/WDI";"Economia internacional";"PIB - paridade do poder de compra (PPC)";"Produto interno bruto (PIB): conceito de paridade do poder de compra (PPC)";"Não oculta";"Internet";270;0;0;"Incluída em 28/mar/2011.";NA;"WDI";"Internet";"Macro"
"8579";"WDI_PIBPPCRLCN";NA;NA;"Ativa";"Banco Mundial/WDI";"Economia internacional";"PIB - paridade do poder de compra (PPC)";"Produto interno bruto (PIB): conceito de paridade do poder de compra (PPC)";"Não oculta";"Internet";270;0;0;"Incluída em 28/mar/2011.";NA;"WDI";"Internet";"Macro"
"8580";"WDI_PIBPPCRLUX";NA;NA;"Ativa";"Banco Mundial/WDI";"Economia internacional";"PIB - paridade do poder de compra (PPC)";"Produto interno bruto (PIB): conceito de paridade do poder de compra (PPC)";"Não oculta";"Internet";270;0;0;"Incluída em 28/mar/2011.";NA;"WDI";"Internet";"Macro"
"8581";"WDI_PIBPPCRMAC";NA;NA;"Ativa";"Banco Mundial/WDI";"Economia internacional";"PIB - paridade do poder de compra (PPC)";"Produto interno bruto (PIB): conceito de paridade do poder de compra (PPC)";"Não oculta";"Internet";630;0;0;"Incluída em 28/mar/2011.";NA;"WDI";"Internet";"Macro"
"8582";"WDI_PIBPPCRMAR";NA;NA;"Ativa";"Banco Mundial/WDI";"Economia internacional";"PIB - paridade do poder de compra (PPC)";"Produto interno bruto (PIB): conceito de paridade do poder de compra (PPC)";"Não oculta";"Internet";270;0;0;"Incluída em 28/mar/2011.";NA;"WDI";"Internet";"Macro"
"8583";"WDI_PIBPPCRMEX";NA;NA;"Ativa";"Banco Mundial/WDI";"Economia internacional";"PIB - paridade do poder de compra (PPC)";"Produto interno bruto (PIB): conceito de paridade do poder de compra (PPC)";"Não oculta";"Internet";270;0;0;"Incluída em 28/mar/2011.";NA;"WDI";"Internet";"Macro"
"8584";"WDI_PIBPPCRMOZ";NA;NA;"Ativa";"Banco Mundial/WDI";"Economia internacional";"PIB - paridade do poder de compra (PPC)";"Produto interno bruto (PIB): conceito de paridade do poder de compra (PPC)";"Não oculta";"Internet";270;0;0;"Incluída em 28/mar/2011.";NA;"WDI";"Internet";"Macro"
"8585";"WDI_PIBPPCRMYS";NA;NA;"Ativa";"Banco Mundial/WDI";"Economia internacional";"PIB - paridade do poder de compra (PPC)";"Produto interno bruto (PIB): conceito de paridade do poder de compra (PPC)";"Não oculta";"Internet";270;0;0;"Incluída em 28/mar/2011.";NA;"WDI";"Internet";"Macro"
"8586";"WDI_PIBPPCRNGA";NA;NA;"Ativa";"Banco Mundial/WDI";"Economia internacional";"PIB - paridade do poder de compra (PPC)";"Produto interno bruto (PIB): conceito de paridade do poder de compra (PPC)";"Não oculta";"Internet";270;0;0;"Incluída em 28/mar/2011.";NA;"WDI";"Internet";"Macro"
"8587";"WDI_PIBPPCRNLD";NA;NA;"Ativa";"Banco Mundial/WDI";"Economia internacional";"PIB - paridade do poder de compra (PPC)";"Produto interno bruto (PIB): conceito de paridade do poder de compra (PPC)";"Não oculta";"Internet";270;0;0;"Incluída em 28/mar/2011.";NA;"WDI";"Internet";"Macro"
"8588";"WDI_PIBPPCRNOR";NA;NA;"Ativa";"Banco Mundial/WDI";"Economia internacional";"PIB - paridade do poder de compra (PPC)";"Produto interno bruto (PIB): conceito de paridade do poder de compra (PPC)";"Não oculta";"Internet";270;0;0;"Incluída em 28/mar/2011.";NA;"WDI";"Internet";"Macro"
"8589";"WDI_PIBPPCRNZL";NA;NA;"Ativa";"Banco Mundial/WDI";"Economia internacional";"PIB - paridade do poder de compra (PPC)";"Produto interno bruto (PIB): conceito de paridade do poder de compra (PPC)";"Não oculta";"Internet";630;0;0;"Incluída em 28/mar/2011.";NA;"WDI";"Internet";"Macro"
"8590";"WDI_PIBPPCRPER";NA;NA;"Ativa";"Banco Mundial/WDI";"Economia internacional";"PIB - paridade do poder de compra (PPC)";"Produto interno bruto (PIB): conceito de paridade do poder de compra (PPC)";"Não oculta";"Internet";270;0;0;"Incluída em 28/mar/2011.";NA;"WDI";"Internet";"Macro"
"8591";"WDI_PIBPPCRPRT";NA;NA;"Ativa";"Banco Mundial/WDI";"Economia internacional";"PIB - paridade do poder de compra (PPC)";"Produto interno bruto (PIB): conceito de paridade do poder de compra (PPC)";"Não oculta";"Internet";270;0;0;"Incluída em 28/mar/2011.";NA;"WDI";"Internet";"Macro"
"8592";"WDI_PIBPPCRPRY";NA;NA;"Ativa";"Banco Mundial/WDI";"Economia internacional";"PIB - paridade do poder de compra (PPC)";"Produto interno bruto (PIB): conceito de paridade do poder de compra (PPC)";"Não oculta";"Internet";270;0;0;"Incluída em 28/mar/2011.";NA;"WDI";"Internet";"Macro"
"8593";"WDI_PIBPPCRQAT";NA;NA;"Ativa";"Banco Mundial/WDI";"Economia internacional";"PIB - paridade do poder de compra (PPC)";"Produto interno bruto (PIB): conceito de paridade do poder de compra (PPC)";"Não oculta";"Internet";630;0;0;"Incluída em 28/mar/2011.";NA;"WDI";"Internet";"Macro"
"8594";"WDI_PIBPPCRRUS";NA;NA;"Ativa";"Banco Mundial/WDI";"Economia internacional";"PIB - paridade do poder de compra (PPC)";"Produto interno bruto (PIB): conceito de paridade do poder de compra (PPC)";"Não oculta";"Internet";270;0;0;"Incluída em 28/mar/2011.";NA;"WDI";"Internet";"Macro"
"8595";"WDI_PIBPPCRSGP";NA;NA;"Ativa";"Banco Mundial/WDI";"Economia internacional";"PIB - paridade do poder de compra (PPC)";"Produto interno bruto (PIB): conceito de paridade do poder de compra (PPC)";"Não oculta";"Internet";270;0;0;"Incluída em 28/mar/2011.";NA;"WDI";"Internet";"Macro"
"8596";"WDI_PIBPPCRSTP";NA;NA;"Ativa";"Banco Mundial/WDI";"Economia internacional";"PIB - paridade do poder de compra (PPC)";"Produto interno bruto (PIB): conceito de paridade do poder de compra (PPC)";"Não oculta";"Internet";270;0;0;"Incluída em 28/mar/2011.";NA;"WDI";"Internet";"Macro"
"8597";"WDI_PIBPPCRSWE";NA;NA;"Ativa";"Banco Mundial/WDI";"Economia internacional";"PIB - paridade do poder de compra (PPC)";"Produto interno bruto (PIB): conceito de paridade do poder de compra (PPC)";"Não oculta";"Internet";270;0;0;"Incluída em 28/mar/2011.";NA;"WDI";"Internet";"Macro"
"8598";"WDI_PIBPPCRTLS";NA;NA;"Ativa";"Banco Mundial/WDI";"Economia internacional";"PIB - paridade do poder de compra (PPC)";"Produto interno bruto (PIB): conceito de paridade do poder de compra (PPC)";"Não oculta";"Internet";360;0;0;"Incluída em 28/mar/2011.";NA;"WDI";"Internet";"Macro"
"8599";"WDI_PIBPPCRURY";NA;NA;"Ativa";"Banco Mundial/WDI";"Economia internacional";"PIB - paridade do poder de compra (PPC)";"Produto interno bruto (PIB): conceito de paridade do poder de compra (PPC)";"Não oculta";"Internet";270;0;0;"Incluída em 28/mar/2011.";NA;"WDI";"Internet";"Macro"
"8600";"WDI_PIBPPCRUSA";NA;NA;"Ativa";"Banco Mundial/WDI";"Economia internacional";"PIB - paridade do poder de compra (PPC)";"Produto interno bruto (PIB): conceito de paridade do poder de compra (PPC)";"Não oculta";"Internet";270;0;0;"Incluída em 28/mar/2011.";NA;"WDI";"Internet";"Macro"
"8601";"WDI_PIBPPCRVEN";NA;NA;"Ativa";"Banco Mundial/WDI";"Economia internacional";"PIB - paridade do poder de compra (PPC)";"Produto interno bruto (PIB): conceito de paridade do poder de compra (PPC)";"Não oculta";"Internet";900;0;0;"Incluída em 28/mar/2011.";NA;"WDI";"Internet";"Macro"
"8602";"WDI_PIBPPCRWLD";NA;NA;"Ativa";"Banco Mundial/WDI";"Economia internacional";"PIB - paridade do poder de compra (PPC)";"Produto interno bruto (PIB): conceito de paridade do poder de compra (PPC)";"Não oculta";"Internet";270;0;0;"Incluída em 28/mar/2011.";NA;"WDI";"Internet";"Macro"
"8603";"WDI_PIBPPCRZAF";NA;NA;"Ativa";"Banco Mundial/WDI";"Economia internacional";"PIB - paridade do poder de compra (PPC)";"Produto interno bruto (PIB): conceito de paridade do poder de compra (PPC)";"Não oculta";"Internet";270;0;0;"Incluída em 28/mar/2011.";NA;"WDI";"Internet";"Macro"
"8604";"WDI_PIBPPCCAPRBRA";NA;NA;"Ativa";"Banco Mundial/WDI";"Economia internacional";"Brasil - PIB - paridade do poder de compra (PPC) - per capita";"Brasil - Produto interno bruto (PIB): conceito de paridade do poder de compra (PPC) per capita";"Não oculta";"Internet";270;0;0;"Incluída em 28/mar/2011.";NA;"WDI";"Internet";"Macro"
"8605";"WDI_PIBPPCCAPRAGO";NA;NA;"Ativa";"Banco Mundial/WDI";"Economia internacional";"PIB - paridade do poder de compra (PPC) - per capita";"Produto interno bruto (PIB): conceito de paridade do poder de compra (PPC) per capita";"Não oculta";"Internet";270;0;0;"Incluída em 28/mar/2011.";NA;"WDI";"Internet";"Macro"
"8606";"WDI_PIBPPCCAPRARE";NA;NA;"Ativa";"Banco Mundial/WDI";"Economia internacional";"PIB - paridade do poder de compra (PPC) - per capita";"Produto interno bruto (PIB): conceito de paridade do poder de compra (PPC) per capita";"Não oculta";"Internet";630;0;0;"Incluída em 28/mar/2011.";NA;"WDI";"Internet";"Macro"
"8607";"WDI_PIBPPCCAPRARG";NA;NA;"Ativa";"Banco Mundial/WDI";"Economia internacional";"PIB - paridade do poder de compra (PPC) - per capita";"Produto interno bruto (PIB): conceito de paridade do poder de compra (PPC) per capita";"Não oculta";"Internet";270;0;0;"Incluída em 28/mar/2011.";NA;"WDI";"Internet";"Macro"
"8608";"WDI_PIBPPCCAPRAUS";NA;NA;"Ativa";"Banco Mundial/WDI";"Economia internacional";"PIB - paridade do poder de compra (PPC) - per capita";"Produto interno bruto (PIB): conceito de paridade do poder de compra (PPC) per capita";"Não oculta";"Internet";630;0;0;"Incluída em 28/mar/2011.";NA;"WDI";"Internet";"Macro"
"8609";"WDI_PIBPPCCAPRAUT";NA;NA;"Ativa";"Banco Mundial/WDI";"Economia internacional";"PIB - paridade do poder de compra (PPC) - per capita";"Produto interno bruto (PIB): conceito de paridade do poder de compra (PPC) per capita";"Não oculta";"Internet";270;0;0;"Incluída em 28/mar/2011.";NA;"WDI";"Internet";"Macro"
"8610";"WDI_PIBPPCCAPRBEL";NA;NA;"Ativa";"Banco Mundial/WDI";"Economia internacional";"PIB - paridade do poder de compra (PPC) - per capita";"Produto interno bruto (PIB): conceito de paridade do poder de compra (PPC) per capita";"Não oculta";"Internet";270;0;0;"Incluída em 28/mar/2011.";NA;"WDI";"Internet";"Macro"
"8611";"WDI_PIBPPCCAPRBOL";NA;NA;"Ativa";"Banco Mundial/WDI";"Economia internacional";"PIB - paridade do poder de compra (PPC) - per capita";"Produto interno bruto (PIB): conceito de paridade do poder de compra (PPC) per capita";"Não oculta";"Internet";270;0;0;"Incluída em 28/mar/2011.";NA;"WDI";"Internet";"Macro"
"8612";"WDI_PIBPPCCAPRCAN";NA;NA;"Ativa";"Banco Mundial/WDI";"Economia internacional";"PIB - paridade do poder de compra (PPC) - per capita";"Produto interno bruto (PIB): conceito de paridade do poder de compra (PPC) per capita";"Não oculta";"Internet";270;0;0;"Incluída em 28/mar/2011.";NA;"WDI";"Internet";"Macro"
"8613";"WDI_PIBPPCCAPRCHE";NA;NA;"Ativa";"Banco Mundial/WDI";"Economia internacional";"PIB - paridade do poder de compra (PPC) - per capita";"Produto interno bruto (PIB): conceito de paridade do poder de compra (PPC) per capita";"Não oculta";"Internet";270;0;0;"Incluída em 28/mar/2011.";NA;"WDI";"Internet";"Macro"
"8614";"WDI_PIBPPCCAPRCHL";NA;NA;"Ativa";"Banco Mundial/WDI";"Economia internacional";"PIB - paridade do poder de compra (PPC) - per capita";"Produto interno bruto (PIB): conceito de paridade do poder de compra (PPC) per capita";"Não oculta";"Internet";270;0;0;"Incluída em 28/mar/2011.";NA;"WDI";"Internet";"Macro"
"8615";"WDI_PIBPPCCAPRCHN";NA;NA;"Ativa";"Banco Mundial/WDI";"Economia internacional";"PIB - paridade do poder de compra (PPC) - per capita";"Produto interno bruto (PIB): conceito de paridade do poder de compra (PPC) per capita";"Não oculta";"Internet";270;0;0;"Incluída em 28/mar/2011.";NA;"WDI";"Internet";"Macro"
"8616";"WDI_PIBPPCCAPRCOD";NA;NA;"Ativa";"Banco Mundial/WDI";"Economia internacional";"PIB - paridade do poder de compra (PPC) - per capita";"Produto interno bruto (PIB): conceito de paridade do poder de compra (PPC) per capita";"Não oculta";"Internet";270;0;0;"Incluída em 28/mar/2011.";NA;"WDI";"Internet";"Macro"
"8617";"WDI_PIBPPCCAPRCOL";NA;NA;"Ativa";"Banco Mundial/WDI";"Economia internacional";"PIB - paridade do poder de compra (PPC) - per capita";"Produto interno bruto (PIB): conceito de paridade do poder de compra (PPC) per capita";"Não oculta";"Internet";270;0;0;"Incluída em 28/mar/2011.";NA;"WDI";"Internet";"Macro"
"8618";"WDI_PIBPPCCAPRCPV";NA;NA;"Ativa";"Banco Mundial/WDI";"Economia internacional";"PIB - paridade do poder de compra (PPC) - per capita";"Produto interno bruto (PIB): conceito de paridade do poder de compra (PPC) per capita";"Não oculta";"Internet";270;0;0;"Incluída em 28/mar/2011.";NA;"WDI";"Internet";"Macro"
"8619";"WDI_PIBPPCCAPRDEU";NA;NA;"Ativa";"Banco Mundial/WDI";"Economia internacional";"PIB - paridade do poder de compra (PPC) - per capita";"Produto interno bruto (PIB): conceito de paridade do poder de compra (PPC) per capita";"Não oculta";"Internet";270;0;0;"Incluída em 28/mar/2011.";NA;"WDI";"Internet";"Macro"
"8620";"WDI_PIBPPCCAPRDNK";NA;NA;"Ativa";"Banco Mundial/WDI";"Economia internacional";"PIB - paridade do poder de compra (PPC) - per capita";"Produto interno bruto (PIB): conceito de paridade do poder de compra (PPC) per capita";"Não oculta";"Internet";270;0;0;"Incluída em 28/mar/2011.";NA;"WDI";"Internet";"Macro"
"8621";"WDI_PIBPPCCAPRECU";NA;NA;"Ativa";"Banco Mundial/WDI";"Economia internacional";"PIB - paridade do poder de compra (PPC) - per capita";"Produto interno bruto (PIB): conceito de paridade do poder de compra (PPC) per capita";"Não oculta";"Internet";270;0;0;"Incluída em 28/mar/2011.";NA;"WDI";"Internet";"Macro"
"8622";"WDI_PIBPPCCAPREMU";NA;NA;"Ativa";"Banco Mundial/WDI";"Economia internacional";"PIB - paridade do poder de compra (PPC) - per capita";"Produto interno bruto (PIB): conceito de paridade do poder de compra (PPC) per capita";"Não oculta";"Internet";270;0;0;"Incluída em 28/mar/2011.";NA;"WDI";"Internet";"Macro"
"8623";"WDI_PIBPPCCAPRESP";NA;NA;"Ativa";"Banco Mundial/WDI";"Economia internacional";"PIB - paridade do poder de compra (PPC) - per capita";"Produto interno bruto (PIB): conceito de paridade do poder de compra (PPC) per capita";"Não oculta";"Internet";270;0;0;"Incluída em 28/mar/2011.";NA;"WDI";"Internet";"Macro"
"8624";"WDI_PIBPPCCAPRFIN";NA;NA;"Ativa";"Banco Mundial/WDI";"Economia internacional";"PIB - paridade do poder de compra (PPC) - per capita";"Produto interno bruto (PIB): conceito de paridade do poder de compra (PPC) per capita";"Não oculta";"Internet";270;0;0;"Incluída em 28/mar/2011.";NA;"WDI";"Internet";"Macro"
"8625";"WDI_PIBPPCCAPRFRA";NA;NA;"Ativa";"Banco Mundial/WDI";"Economia internacional";"PIB - paridade do poder de compra (PPC) - per capita";"Produto interno bruto (PIB): conceito de paridade do poder de compra (PPC) per capita";"Não oculta";"Internet";270;0;0;"Incluída em 28/mar/2011.";NA;"WDI";"Internet";"Macro"
"8626";"WDI_PIBPPCCAPRGBR";NA;NA;"Ativa";"Banco Mundial/WDI";"Economia internacional";"PIB - paridade do poder de compra (PPC) - per capita";"Produto interno bruto (PIB): conceito de paridade do poder de compra (PPC) per capita";"Não oculta";"Internet";270;0;0;"Incluída em 28/mar/2011.";NA;"WDI";"Internet";"Macro"
"8627";"WDI_PIBPPCCAPRGNB";NA;NA;"Ativa";"Banco Mundial/WDI";"Economia internacional";"PIB - paridade do poder de compra (PPC) - per capita";"Produto interno bruto (PIB): conceito de paridade do poder de compra (PPC) per capita";"Não oculta";"Internet";270;0;0;"Incluída em 28/mar/2011.";NA;"WDI";"Internet";"Macro"
"8628";"WDI_PIBPPCCAPRGRC";NA;NA;"Ativa";"Banco Mundial/WDI";"Economia internacional";"PIB - paridade do poder de compra (PPC) - per capita";"Produto interno bruto (PIB): conceito de paridade do poder de compra (PPC) per capita";"Não oculta";"Internet";270;0;0;"Incluída em 28/mar/2011.";NA;"WDI";"Internet";"Macro"
"8629";"WDI_PIBPPCCAPRHKG";NA;NA;"Ativa";"Banco Mundial/WDI";"Economia internacional";"PIB - paridade do poder de compra (PPC) - per capita";"Produto interno bruto (PIB): conceito de paridade do poder de compra (PPC) per capita";"Não oculta";"Internet";630;0;0;"Incluída em 28/mar/2011.";NA;"WDI";"Internet";"Macro"
"8630";"WDI_PIBPPCCAPRHTI";NA;NA;"Ativa";"Banco Mundial/WDI";"Economia internacional";"PIB - paridade do poder de compra (PPC) - per capita";"Produto interno bruto (PIB): conceito de paridade do poder de compra (PPC) per capita";"Não oculta";"Internet";270;0;0;"Incluída em 28/mar/2011.";NA;"WDI";"Internet";"Macro"
"8631";"WDI_PIBPPCCAPRIND";NA;NA;"Ativa";"Banco Mundial/WDI";"Economia internacional";"PIB - paridade do poder de compra (PPC) - per capita";"Produto interno bruto (PIB): conceito de paridade do poder de compra (PPC) per capita";"Não oculta";"Internet";270;0;0;"Incluída em 28/mar/2011.";NA;"WDI";"Internet";"Macro"
"8632";"WDI_PIBPPCCAPRIRL";NA;NA;"Ativa";"Banco Mundial/WDI";"Economia internacional";"PIB - paridade do poder de compra (PPC) - per capita";"Produto interno bruto (PIB): conceito de paridade do poder de compra (PPC) per capita";"Não oculta";"Internet";270;0;0;"Incluída em 28/mar/2011.";NA;"WDI";"Internet";"Macro"
"8633";"WDI_PIBPPCCAPRIRN";NA;NA;"Ativa";"Banco Mundial/WDI";"Economia internacional";"PIB - paridade do poder de compra (PPC) - per capita";"Produto interno bruto (PIB): conceito de paridade do poder de compra (PPC) per capita";"Não oculta";"Internet";630;0;0;"Incluída em 28/mar/2011.";NA;"WDI";"Internet";"Macro"
"8634";"WDI_PIBPPCCAPRISL";NA;NA;"Ativa";"Banco Mundial/WDI";"Economia internacional";"PIB - paridade do poder de compra (PPC) - per capita";"Produto interno bruto (PIB): conceito de paridade do poder de compra (PPC) per capita";"Não oculta";"Internet";270;0;0;"Incluída em 28/mar/2011.";NA;"WDI";"Internet";"Macro"
"8635";"WDI_PIBPPCCAPRISR";NA;NA;"Ativa";"Banco Mundial/WDI";"Economia internacional";"PIB - paridade do poder de compra (PPC) - per capita";"Produto interno bruto (PIB): conceito de paridade do poder de compra (PPC) per capita";"Não oculta";"Internet";270;0;0;"Incluída em 28/mar/2011.";NA;"WDI";"Internet";"Macro"
"8636";"WDI_PIBPPCCAPRITA";NA;NA;"Ativa";"Banco Mundial/WDI";"Economia internacional";"PIB - paridade do poder de compra (PPC) - per capita";"Produto interno bruto (PIB): conceito de paridade do poder de compra (PPC) per capita";"Não oculta";"Internet";270;0;0;"Incluída em 28/mar/2011.";NA;"WDI";"Internet";"Macro"
"8637";"WDI_PIBPPCCAPRJPN";NA;NA;"Ativa";"Banco Mundial/WDI";"Economia internacional";"PIB - paridade do poder de compra (PPC) - per capita";"Produto interno bruto (PIB): conceito de paridade do poder de compra (PPC) per capita";"Não oculta";"Internet";270;0;0;"Incluída em 28/mar/2011.";NA;"WDI";"Internet";"Macro"
"8638";"WDI_PIBPPCCAPRKOR";NA;NA;"Ativa";"Banco Mundial/WDI";"Economia internacional";"PIB - paridade do poder de compra (PPC) - per capita";"Produto interno bruto (PIB): conceito de paridade do poder de compra (PPC) per capita";"Não oculta";"Internet";270;0;0;"Incluída em 28/mar/2011.";NA;"WDI";"Internet";"Macro"
"8639";"WDI_PIBPPCCAPRLCN";NA;NA;"Ativa";"Banco Mundial/WDI";"Economia internacional";"PIB - paridade do poder de compra (PPC) - per capita";"Produto interno bruto (PIB): conceito de paridade do poder de compra (PPC) per capita";"Não oculta";"Internet";270;0;0;"Incluída em 28/mar/2011.";NA;"WDI";"Internet";"Macro"
"8640";"WDI_PIBPPCCAPRLUX";NA;NA;"Ativa";"Banco Mundial/WDI";"Economia internacional";"PIB - paridade do poder de compra (PPC) - per capita";"Produto interno bruto (PIB): conceito de paridade do poder de compra (PPC) per capita";"Não oculta";"Internet";270;0;0;"Incluída em 28/mar/2011.";NA;"WDI";"Internet";"Macro"
"8641";"WDI_PIBPPCCAPRMAC";NA;NA;"Ativa";"Banco Mundial/WDI";"Economia internacional";"PIB - paridade do poder de compra (PPC) - per capita";"Produto interno bruto (PIB): conceito de paridade do poder de compra (PPC) per capita";"Não oculta";"Internet";630;0;0;"Incluída em 28/mar/2011.";NA;"WDI";"Internet";"Macro"
"8642";"WDI_PIBPPCCAPRMAR";NA;NA;"Ativa";"Banco Mundial/WDI";"Economia internacional";"PIB - paridade do poder de compra (PPC) - per capita";"Produto interno bruto (PIB): conceito de paridade do poder de compra (PPC) per capita";"Não oculta";"Internet";270;0;0;"Incluída em 28/mar/2011.";NA;"WDI";"Internet";"Macro"
"8643";"WDI_PIBPPCCAPRMEX";NA;NA;"Ativa";"Banco Mundial/WDI";"Economia internacional";"PIB - paridade do poder de compra (PPC) - per capita";"Produto interno bruto (PIB): conceito de paridade do poder de compra (PPC) per capita";"Não oculta";"Internet";270;0;0;"Incluída em 28/mar/2011.";NA;"WDI";"Internet";"Macro"
"8644";"WDI_PIBPPCCAPRMOZ";NA;NA;"Ativa";"Banco Mundial/WDI";"Economia internacional";"PIB - paridade do poder de compra (PPC) - per capita";"Produto interno bruto (PIB): conceito de paridade do poder de compra (PPC) per capita";"Não oculta";"Internet";270;0;0;"Incluída em 28/mar/2011.";NA;"WDI";"Internet";"Macro"
"8645";"WDI_PIBPPCCAPRMYS";NA;NA;"Ativa";"Banco Mundial/WDI";"Economia internacional";"PIB - paridade do poder de compra (PPC) - per capita";"Produto interno bruto (PIB): conceito de paridade do poder de compra (PPC) per capita";"Não oculta";"Internet";270;0;0;"Incluída em 28/mar/2011.";NA;"WDI";"Internet";"Macro"
"8646";"WDI_PIBPPCCAPRNGA";NA;NA;"Ativa";"Banco Mundial/WDI";"Economia internacional";"PIB - paridade do poder de compra (PPC) - per capita";"Produto interno bruto (PIB): conceito de paridade do poder de compra (PPC) per capita";"Não oculta";"Internet";270;0;0;"Incluída em 28/mar/2011.";NA;"WDI";"Internet";"Macro"
"8647";"WDI_PIBPPCCAPRNLD";NA;NA;"Ativa";"Banco Mundial/WDI";"Economia internacional";"PIB - paridade do poder de compra (PPC) - per capita";"Produto interno bruto (PIB): conceito de paridade do poder de compra (PPC) per capita";"Não oculta";"Internet";270;0;0;"Incluída em 28/mar/2011.";NA;"WDI";"Internet";"Macro"
"8648";"WDI_PIBPPCCAPRNOR";NA;NA;"Ativa";"Banco Mundial/WDI";"Economia internacional";"PIB - paridade do poder de compra (PPC) - per capita";"Produto interno bruto (PIB): conceito de paridade do poder de compra (PPC) per capita";"Não oculta";"Internet";270;0;0;"Incluída em 28/mar/2011.";NA;"WDI";"Internet";"Macro"
"8649";"WDI_PIBPPCCAPRNZL";NA;NA;"Ativa";"Banco Mundial/WDI";"Economia internacional";"PIB - paridade do poder de compra (PPC) - per capita";"Produto interno bruto (PIB): conceito de paridade do poder de compra (PPC) per capita";"Não oculta";"Internet";630;0;0;"Incluída em 28/mar/2011.";NA;"WDI";"Internet";"Macro"
"8650";"WDI_PIBPPCCAPRPER";NA;NA;"Ativa";"Banco Mundial/WDI";"Economia internacional";"PIB - paridade do poder de compra (PPC) - per capita";"Produto interno bruto (PIB): conceito de paridade do poder de compra (PPC) per capita";"Não oculta";"Internet";270;0;0;"Incluída em 28/mar/2011.";NA;"WDI";"Internet";"Macro"
"8651";"WDI_PIBPPCCAPRPRT";NA;NA;"Ativa";"Banco Mundial/WDI";"Economia internacional";"PIB - paridade do poder de compra (PPC) - per capita";"Produto interno bruto (PIB): conceito de paridade do poder de compra (PPC) per capita";"Não oculta";"Internet";270;0;0;"Incluída em 28/mar/2011.";NA;"WDI";"Internet";"Macro"
"8652";"WDI_PIBPPCCAPRPRY";NA;NA;"Ativa";"Banco Mundial/WDI";"Economia internacional";"PIB - paridade do poder de compra (PPC) - per capita";"Produto interno bruto (PIB): conceito de paridade do poder de compra (PPC) per capita";"Não oculta";"Internet";270;0;0;"Incluída em 28/mar/2011.";NA;"WDI";"Internet";"Macro"
"8653";"WDI_PIBPPCCAPRQAT";NA;NA;"Ativa";"Banco Mundial/WDI";"Economia internacional";"PIB - paridade do poder de compra (PPC) - per capita";"Produto interno bruto (PIB): conceito de paridade do poder de compra (PPC) per capita";"Não oculta";"Internet";630;0;0;"Incluída em 28/mar/2011.";NA;"WDI";"Internet";"Macro"
"8654";"WDI_PIBPPCCAPRRUS";NA;NA;"Ativa";"Banco Mundial/WDI";"Economia internacional";"PIB - paridade do poder de compra (PPC) - per capita";"Produto interno bruto (PIB): conceito de paridade do poder de compra (PPC) per capita";"Não oculta";"Internet";270;0;0;"Incluída em 28/mar/2011.";NA;"WDI";"Internet";"Macro"
"8655";"WDI_PIBPPCCAPRSGP";NA;NA;"Ativa";"Banco Mundial/WDI";"Economia internacional";"PIB - paridade do poder de compra (PPC) - per capita";"Produto interno bruto (PIB): conceito de paridade do poder de compra (PPC) per capita";"Não oculta";"Internet";270;0;0;"Incluída em 28/mar/2011.";NA;"WDI";"Internet";"Macro"
"8656";"WDI_PIBPPCCAPRSTP";NA;NA;"Ativa";"Banco Mundial/WDI";"Economia internacional";"PIB - paridade do poder de compra (PPC) - per capita";"Produto interno bruto (PIB): conceito de paridade do poder de compra (PPC) per capita";"Não oculta";"Internet";270;0;0;"Incluída em 28/mar/2011.";NA;"WDI";"Internet";"Macro"
"8657";"WDI_PIBPPCCAPRSWE";NA;NA;"Ativa";"Banco Mundial/WDI";"Economia internacional";"PIB - paridade do poder de compra (PPC) - per capita";"Produto interno bruto (PIB): conceito de paridade do poder de compra (PPC) per capita";"Não oculta";"Internet";270;0;0;"Incluída em 28/mar/2011.";NA;"WDI";"Internet";"Macro"
"8658";"WDI_PIBPPCCAPRTLS";NA;NA;"Ativa";"Banco Mundial/WDI";"Economia internacional";"PIB - paridade do poder de compra (PPC) - per capita";"Produto interno bruto (PIB): conceito de paridade do poder de compra (PPC) per capita";"Não oculta";"Internet";360;0;0;"Incluída em 28/mar/2011.";NA;"WDI";"Internet";"Macro"
"8659";"WDI_PIBPPCCAPRURY";NA;NA;"Ativa";"Banco Mundial/WDI";"Economia internacional";"PIB - paridade do poder de compra (PPC) - per capita";"Produto interno bruto (PIB): conceito de paridade do poder de compra (PPC) per capita";"Não oculta";"Internet";270;0;0;"Incluída em 28/mar/2011.";NA;"WDI";"Internet";"Macro"
"8660";"WDI_PIBPPCCAPRUSA";NA;NA;"Ativa";"Banco Mundial/WDI";"Economia internacional";"PIB - paridade do poder de compra (PPC) - per capita";"Produto interno bruto (PIB): conceito de paridade do poder de compra (PPC) per capita";"Não oculta";"Internet";270;0;0;"Incluída em 28/mar/2011.";NA;"WDI";"Internet";"Macro"
"8661";"WDI_PIBPPCCAPRVEN";NA;NA;"Ativa";"Banco Mundial/WDI";"Economia internacional";"PIB - paridade do poder de compra (PPC) - per capita";"Produto interno bruto (PIB): conceito de paridade do poder de compra (PPC) per capita";"Não oculta";"Internet";900;0;0;"Incluída em 28/mar/2011.";NA;"WDI";"Internet";"Macro"
"8662";"WDI_PIBPPCCAPRWLD";NA;NA;"Ativa";"Banco Mundial/WDI";"Economia internacional";"PIB - paridade do poder de compra (PPC) - per capita";"Produto interno bruto (PIB): conceito de paridade do poder de compra (PPC) per capita";"Não oculta";"Internet";270;0;0;"Incluída em 28/mar/2011.";NA;"WDI";"Internet";"Macro"
"8663";"WDI_PIBPPCCAPRZAF";NA;NA;"Ativa";"Banco Mundial/WDI";"Economia internacional";"PIB - paridade do poder de compra (PPC) - per capita";"Produto interno bruto (PIB): conceito de paridade do poder de compra (PPC) per capita";"Não oculta";"Internet";270;0;0;"Incluída em 28/mar/2011.";NA;"WDI";"Internet";"Macro"
"8664";"PAN4_NFSPNYS4";NA;NA;"Ativa";"Bacen/Not. Imp./F. Púb.";"Sinopse macroeconômica";"Nec. financiamento - conceito nominal";"Necessidades de financiamento - conceito nominal";"Não oculta";"Internet";30;0;0;"Incluída em 28/mar/2010.";"Gerada";"PAN4";"Internet";"Macro"
"8665";"PAN4_NFSPPYS4";NA;NA;"Ativa";"Bacen/Not. Imp./F. Púb.";"Sinopse macroeconômica";"Nec. financiamento - conceito primário";"Necessidades de financiamento - conceito primário";"Não oculta";"Internet";30;0;0;"Incluída em 28/mar/2010.";"Gerada";"PAN4";"Internet";"Macro"
"8666";"PAN12_NFSPNYS12";NA;NA;"Ativa";"Bacen/Not. Imp./F. Púb.";"Sinopse macroeconômica";"Nec. financiamento - conceito nominal";"Necessidades de financiamento - conceito nominal";"Não oculta";"Internet";60;0;0;"Incluída em 28/mar/2010.";"Gerada";"PAN12";"Internet";"Macro"
"8667";"PAN12_NFSPPYS12";NA;NA;"Ativa";"Bacen/Not. Imp./F. Púb.";"Sinopse macroeconômica";"Nec. financiamento - conceito primário";"Necessidades de financiamento - conceito primário";"Não oculta";"Internet";60;0;0;"Incluída em 28/mar/2010.";"Gerada";"PAN12";"Internet";"Macro"
"8668";"PAN_NFSPNYS";NA;NA;"Ativa";"Bacen/Not. Imp./F. Púb.";"Sinopse macroeconômica";"Nec. financiamento - conceito nominal";"Necessidades de financiamento - conceito nominal";"Não oculta";"Internet";30;0;0;"Incluída em 28/mar/2010.";"Gerada";"PAN";"Internet";"Macro"
"8669";"PAN_NFSPPYS";NA;NA;"Ativa";"Bacen/Not. Imp./F. Púb.";"Sinopse macroeconômica";"Nec. financiamento - conceito primário";"Necessidades de financiamento - conceito primário";"Não oculta";"Internet";30;0;0;"Incluída em 28/mar/2010.";"Gerada";"PAN";"Internet";"Macro"
"8670";"BPCVAL_defi";NA;NA;"Ativa";"MDS";"Assistência social";"Benefício de Prestação Continuada (BPC) para deficientes - valor total dos benefícios em dezembro";"Benefício de Prestação Continuada (BPC) para deficientes - valor total dos benefícios em dezembro";"Não oculta";"Internet";NA;0;NA;NA;NA;"BPCVAL";"Internet";"Social"
"8671";"BPCVAL_idos";NA;NA;"Ativa";"MDS";"Assistência social";"Benefício de Prestação Continuada (BPC) para idosos - valor total dos benefícios em dezembro";"Benefício de Prestação Continuada (BPC) para idosos - valor total dos benefícios em dezembro";"Não oculta";"Internet";NA;0;NA;NA;NA;"BPCVAL";"Internet";"Social"
"8672";"RMVVAL_defi";NA;NA;"Ativa";"MDS";"Assistência social";"Renda Mensal Vitalícia (RMV) para deficientes - valor total dos benefícios em dezembro";"Renda Mensal Vitalícia (RMV) para deficientes - valor total dos benefícios em dezembro";"Não oculta";"Internet";NA;0;NA;NA;NA;"RMVVAL";"Internet";"Social"
"8673";"RMVVAL_idos";NA;NA;"Ativa";"MDS";"Assistência social";"Renda Mensal Vitalícia (RMV) para idosos - valor total dos benefícios em dezembro";"Renda Mensal Vitalícia (RMV) para idosos - valor total dos benefícios em dezembro";"Não oculta";"Internet";NA;0;NA;NA;NA;"RMVVAL";"Internet";"Social"
"8674";"IPP12_IPPC12";NA;NA;"Ativa";"IBGE/IPP";"Preços";"IPP - indústrias de transformação -  índice (dez. 2013 = 100)";"IPP - indústrias de transformação -  índice (dez. 2013 = 100)";"Não oculta";"Internet";40;0;0;"Incluída em 11/abr/2011. Revisada em 19/abr/2016";"Geradora";"IPP12";"Internet";"Macro"
"8675";"IPP12_IPPC10ATIV12";NA;NA;"Ativa";"IBGE/IPP";"Preços";"IPP - ind. transf. - alimentos - índice (dez. 2013 = 100)";"IPP - ind. transf. - alimentos - índice (dez. 2013 = 100)";"Não oculta";"Internet";40;0;0;"Incluída em 11/abr/2011. Revisada em 19/abr/2016";NA;"IPP12";"Internet";"Macro"
"8676";"IPP12_IPPC11ATIV12";NA;NA;"Ativa";"IBGE/IPP";"Preços";"IPP - ind. transf. - bebidas - índice (dez. 2013 = 100)";"IPP - ind. transf. - bebidas - índice (dez. 2013 = 100)";"Não oculta";"Internet";40;0;0;"Incluída em 11/abr/2011. Revisada em 19/abr/2016";NA;"IPP12";"Internet";"Macro"
"8677";"IPP12_IPPC12ATIV12";NA;NA;"Ativa";"IBGE/IPP";"Preços";"IPP - ind. transf. - fumo - índice (dez. 2013 = 100)";"IPP - ind. transf. - fumo - índice (dez. 2013 = 100)";"Não oculta";"Internet";40;0;0;"Incluída em 11/abr/2011. Revisada em 19/abr/2016";NA;"IPP12";"Internet";"Macro"
"8678";"IPP12_IPPC13ATIV12";NA;NA;"Ativa";"IBGE/IPP";"Preços";"IPP - ind. transf. - têxtil - índice (dez. 2013 = 100)";"IPP - ind. transf. - têxtil - índice (dez. 2013 = 100)";"Não oculta";"Internet";40;0;0;"Incluída em 11/abr/2011. Revisada em 19/abr/2016";NA;"IPP12";"Internet";"Macro"
"8679";"IPP12_IPPC14ATIV12";NA;NA;"Ativa";"IBGE/IPP";"Preços";"IPP - ind. transf. - vestuário - índice (dez. 2013 = 100)";"IPP - ind. transf. - vestuário - índice (dez. 2013 = 100)";"Não oculta";"Internet";40;0;0;"Incluída em 11/abr/2011. Revisada em 19/abr/2016";NA;"IPP12";"Internet";"Macro"
"8680";"IPP12_IPPC15ATIV12";NA;NA;"Ativa";"IBGE/IPP";"Preços";"IPP - ind. transf. - calçados e artigos de couro - índice (dez. 2013 = 100)";"IPP - ind. transf. - calçados e artigos de couro - índice (dez. 2013 = 100)";"Não oculta";"Internet";40;0;0;"Incluída em 11/abr/2011. Revisada em 19/abr/2016";NA;"IPP12";"Internet";"Macro"
"8681";"IPP12_IPPC16ATIV12";NA;NA;"Ativa";"IBGE/IPP";"Preços";"IPP - ind. transf. - madeira - índice (dez. 2013 = 100)";"IPP - ind. transf. - madeira - índice (dez. 2013 = 100)";"Não oculta";"Internet";40;0;0;"Incluída em 11/abr/2011. Revisada em 19/abr/2016";NA;"IPP12";"Internet";"Macro"
"8682";"IPP12_IPPC17ATIV12";NA;NA;"Ativa";"IBGE/IPP";"Preços";"IPP - ind. transf. - papel e celulose - índice (dez. 2013 = 100)";"IPP - ind. transf. - papel e celulose - índice (dez. 2013 = 100)";"Não oculta";"Internet";40;0;0;"Incluída em 11/abr/2011. Revisada em 19/abr/2016";NA;"IPP12";"Internet";"Macro"
"8683";"IPP12_IPPC18ATIV12";NA;NA;"Ativa";"IBGE/IPP";"Preços";"IPP - ind. transf. - impressão - índice (dez. 2013 = 100)";"IPP - ind. transf. - impressão - índice (dez. 2013 = 100)";"Não oculta";"Internet";40;0;0;"Incluída em 11/abr/2011. Revisada em 19/abr/2016";NA;"IPP12";"Internet";"Macro"
"8684";"IPP12_IPPC19ATIV12";NA;NA;"Ativa";"IBGE/IPP";"Preços";"IPP - ind. transf. - petróleo e produtos de álcool - índice (dez. 2013 = 100)";"IPP - ind. transf. - petróleo e produtos de álcool - índice (dez. 2013 = 100)";"Não oculta";"Internet";40;0;0;"Incluída em 11/abr/2011. Revisada em 19/abr/2016";NA;"IPP12";"Internet";"Macro"
"8685";"IPP12_IPPC20BATIV12";NA;NA;"Ativa";"IBGE/IPP";"Preços";"IPP - ind. transf. - perfumaria, sabões e produtos de limpeza - índice (dez. 2013 = 100)";"IPP - ind. transf. - perfumaria, sabões e produtos de limpeza - índice (dez. 2013 = 100)";"Não oculta";"Internet";40;0;0;"Incluída em 11/abr/2011. Revisada em 19/abr/2016";NA;"IPP12";"Internet";"Macro"
"8686";"IPP12_IPPC20CATIV12";NA;NA;"Ativa";"IBGE/IPP";"Preços";"IPP - ind. transf. - outros produtos químicos - índice (dez. 2013 = 100)";"IPP - ind. transf. - outros produtos químicos - índice (dez. 2013 = 100)";"Não oculta";"Internet";40;0;0;"Incluída em 11/abr/2011. Revisada em 19/abr/2016";NA;"IPP12";"Internet";"Macro"
"8687";"IPP12_IPPC21ATIV12";NA;NA;"Ativa";"IBGE/IPP";"Preços";"IPP - ind. transf. - farmacêutica - índice (dez. 2013 = 100)";"IPP - ind. transf. - farmacêutica - índice (dez. 2013 = 100)";"Não oculta";"Internet";40;0;0;"Incluída em 11/abr/2011. Revisada em 19/abr/2016";NA;"IPP12";"Internet";"Macro"
"8688";"IPP12_IPPC22ATIV12";NA;NA;"Ativa";"IBGE/IPP";"Preços";"IPP - ind. transf. - borracha e plástico - índice (dez. 2013 = 100)";"IPP - ind. transf. - borracha e plástico - índice (dez. 2013 = 100)";"Não oculta";"Internet";40;0;0;"Incluída em 11/abr/2011. Revisada em 19/abr/2016";NA;"IPP12";"Internet";"Macro"
"8689";"IPP12_IPPC23ATIV12";NA;NA;"Ativa";"IBGE/IPP";"Preços";"IPP - ind. transf. - minerais não-metálicos - índice (dez. 2013 = 100)";"IPP - ind. transf. - minerais não-metálicos - índice (dez. 2013 = 100)";"Não oculta";"Internet";40;0;0;"Incluída em 11/abr/2011. Revisada em 19/abr/2016";NA;"IPP12";"Internet";"Macro"
"8690";"IPP12_IPPC24ATIV12";NA;NA;"Ativa";"IBGE/IPP";"Preços";"IPP - ind. transf. - metalurgia - índice (dez. 2013 = 100)";"IPP - ind. transf. - metalurgia - índice (dez. 2013 = 100)";"Não oculta";"Internet";40;0;0;"Incluída em 11/abr/2011. Revisada em 19/abr/2016";NA;"IPP12";"Internet";"Macro"
"8691";"IPP12_IPPC25ATIV12";NA;NA;"Ativa";"IBGE/IPP";"Preços";"IPP - ind. transf. - produtos de metal - índice (dez. 2013 = 100)";"IPP - ind. transf. - produtos de metal - índice (dez. 2013 = 100)";"Não oculta";"Internet";40;0;0;"Incluída em 11/abr/2011. Revisada em 19/abr/2016";NA;"IPP12";"Internet";"Macro"
"8692";"IPP12_IPPC26ATIV12";NA;NA;"Ativa";"IBGE/IPP";"Preços";"IPP - ind. transf. - equipamentos de informática - índice (dez. 2013 = 100)";"IPP - ind. transf. - equipamentos de informática - índice (dez. 2013 = 100)";"Não oculta";"Internet";40;0;0;"Incluída em 11/abr/2011. Revisada em 19/abr/2016";NA;"IPP12";"Internet";"Macro"
"8693";"IPP12_IPPC27ATIV12";NA;NA;"Ativa";"IBGE/IPP";"Preços";"IPP - ind. transf. - máquinas, aparelhos e materiais elétricos - índice (dez. 2013 = 100)";"IPP - ind. transf. - máquinas, aparelhos e materiais elétricos - índice (dez. 2013 = 100)";"Não oculta";"Internet";40;0;0;"Incluída em 11/abr/2011. Revisada em 19/abr/2016";NA;"IPP12";"Internet";"Macro"
"8694";"IPP12_IPPC28ATIV12";NA;NA;"Ativa";"IBGE/IPP";"Preços";"IPP - ind. transf. - máquinas e equipamentos - índice (dez. 2013 = 100)";"IPP - ind. transf. - máquinas e equipamentos - índice (dez. 2013 = 100)";"Não oculta";"Internet";40;0;0;"Incluída em 11/abr/2011. Revisada em 19/abr/2016";NA;"IPP12";"Internet";"Macro"
"8695";"IPP12_IPPC29ATIV12";NA;NA;"Ativa";"IBGE/IPP";"Preços";"IPP - ind. transf. - veículos automotores - índice (dez. 2013 = 100)";"IPP - ind. transf. - veículos automotores - índice (dez. 2013 = 100)";"Não oculta";"Internet";40;0;0;"Incluída em 11/abr/2011. Revisada em 19/abr/2016";NA;"IPP12";"Internet";"Macro"
"8696";"IPP12_IPPC30ATIV12";NA;NA;"Ativa";"IBGE/IPP";"Preços";"IPP - ind. transf. - outros equipamentos de transporte - índice (dez. 2013 = 100)";"IPP - ind. transf. - outros equipamentos de transporte - índice (dez. 2013 = 100)";"Não oculta";"Internet";40;0;0;"Incluída em 11/abr/2011. Revisada em 19/abr/2016";NA;"IPP12";"Internet";"Macro"
"8697";"IPP12_IPPC31ATIV12";NA;NA;"Ativa";"IBGE/IPP";"Preços";"IPP - ind. transf. - móveis - índice (dez. 2013 = 100)";"IPP - ind. transf. - móveis - índice (dez. 2013 = 100)";"Não oculta";"Internet";40;0;0;"Incluída em 11/abr/2011. Revisada em 19/abr/2016";NA;"IPP12";"Internet";"Macro"
"8698";"IPP12_IPPCG12";NA;NA;"Ativa";"IBGE/IPP";"Preços";"Inflação - IPP -  indústrias de transformação";"Inflação - IPP -  indústrias de transformação";"Não oculta";"Internet";40;0;0;"Incluída em 11/abr/2011. Revisada em 19/abr/2016";"Gerada";"IPP12";"Internet";"Macro"
"8699";"CNI12_GOVOTIMOBOM12";NA;NA;"Ativa";"CNI";"Percepção e expectativa";"Avaliação do governo - ótimo/bom";"Avaliação do governo - ótimo/bom";"Não oculta";"Internet";160;0;0;"Incluída em 15/abr/2011.";NA;"CNI12";"Internet";"Macro"
"8700";"CNI12_GOVREGULAR12";NA;NA;"Ativa";"CNI";"Percepção e expectativa";"Avaliação do governo - regular";"Avaliação do governo - regular";"Não oculta";"Internet";160;0;0;"Incluída em 15/abr/2011.";NA;"CNI12";"Internet";"Macro"
"8701";"CNI12_GOVRUIMPESS12";NA;NA;"Ativa";"CNI";"Percepção e expectativa";"Avaliação do governo - ruim/péssimo";"Avaliação do governo - ruim/péssimo";"Não oculta";"Internet";160;0;0;"Incluída em 15/abr/2011.";NA;"CNI12";"Internet";"Macro"
"8702";"CNI12_GOVNSNR12";NA;NA;"Ativa";"CNI";"Percepção e expectativa";"Avaliação do governo - não sabe/não respondeu";"Avaliação do governo - não sabe/não respondeu";"Não oculta";"Internet";160;0;0;"Incluída em 15/abr/2011.";NA;"CNI12";"Internet";"Macro"
"8703";"CNI12_APROVSIM12";NA;NA;"Ativa";"CNI";"Percepção e expectativa";"Maneira de governar - aprova";"Maneira de governar - aprova";"Não oculta";"Internet";160;0;0;"Incluída em 15/abr/2011.";NA;"CNI12";"Internet";"Macro"
"8704";"CNI12_APROVNAO12";NA;NA;"Ativa";"CNI";"Percepção e expectativa";"Maneira de governar - desaprova";"Maneira de governar - desaprova";"Não oculta";"Internet";160;0;0;"Incluída em 15/abr/2011.";NA;"CNI12";"Internet";"Macro"
"8705";"CNI12_APROVNSNR12";NA;NA;"Ativa";"CNI";"Percepção e expectativa";"Maneira de governar - não sabe/não respondeu";"Maneira de governar - não sabe/não respondeu";"Não oculta";"Internet";160;0;0;"Incluída em 15/abr/2011.";NA;"CNI12";"Internet";"Macro"
"8706";"CNI12_CONFIASIM12";NA;NA;"Ativa";"CNI";"Percepção e expectativa";"Confiança no(a) presidente - confia";"Confiança no(a) presidente - confia";"Não oculta";"Internet";160;0;0;"Incluída em 15/abr/2011.";NA;"CNI12";"Internet";"Macro"
"8707";"CNI12_CONFIANAO12";NA;NA;"Ativa";"CNI";"Percepção e expectativa";"Confiança no(a) presidente - não confia";"Confiança no(a) presidente - não confia";"Não oculta";"Internet";160;0;0;"Incluída em 15/abr/2011.";NA;"CNI12";"Internet";"Macro"
"8708";"CNI12_CONFIANSNR12";NA;NA;"Ativa";"CNI";"Percepção e expectativa";"Confiança no(a) presidente - não sabe/não respondeu";"Confiança no(a) presidente - não sabe/não respondeu";"Não oculta";"Internet";160;0;0;"Incluída em 15/abr/2011.";NA;"CNI12";"Internet";"Macro"
"8709";"CNI12_JUROSAPROV12";NA;NA;"Ativa";"CNI";"Percepção e expectativa";"Taxa de juros - aprova";"Taxa de juros - aprova";"Não oculta";"Intranet";160;0;0;"Incluída em 15/abr/2011.";NA;"CNI12";"Intranet";"Macro"
"8710";"CNI12_JUROSDESAPR12";NA;NA;"Ativa";"CNI";"Percepção e expectativa";"Taxa de juros - desaprova";"Taxa de juros - desaprova";"Não oculta";"Intranet";160;0;0;"Incluída em 15/abr/2011.";NA;"CNI12";"Intranet";"Macro"
"8711";"CNI12_JUROSNSNR12";NA;NA;"Ativa";"CNI";"Percepção e expectativa";"Taxa de juros - não sabe/não respondeu";"Taxa de juros - não sabe/não respondeu";"Não oculta";"Intranet";160;0;0;"Incluída em 15/abr/2011.";NA;"CNI12";"Intranet";"Macro"
"8712";"CNI12_EMPREAPROV12";NA;NA;"Ativa";"CNI";"Percepção e expectativa";"Combate ao desemprego - aprova";"Combate ao desemprego - aprova";"Não oculta";"Intranet";160;0;0;"Incluída em 15/abr/2011.";NA;"CNI12";"Intranet";"Macro"
"8713";"CNI12_EMPREDESAPR12";NA;NA;"Ativa";"CNI";"Percepção e expectativa";"Combate ao desemprego - desaprova";"Combate ao desemprego - desaprova";"Não oculta";"Intranet";160;0;0;"Incluída em 15/abr/2011.";NA;"CNI12";"Intranet";"Macro"
"8714";"CNI12_EMPRNSNR12";NA;NA;"Ativa";"CNI";"Percepção e expectativa";"Combate ao desemprego - não sabe/não respondeu";"Combate ao desemprego - não sabe/não respondeu";"Não oculta";"Intranet";160;0;0;"Incluída em 15/abr/2011.";NA;"CNI12";"Intranet";"Macro"
"8715";"CNI12_SEGURAPROV12";NA;NA;"Ativa";"CNI";"Percepção e expectativa";"Segurança pública - aprova";"Segurança pública - aprova";"Não oculta";"Intranet";160;0;0;"Incluída em 15/abr/2011.";NA;"CNI12";"Intranet";"Macro"
"8716";"CNI12_SEGURDESAPR12";NA;NA;"Ativa";"CNI";"Percepção e expectativa";"Segurança pública - desaprova";"Segurança pública - desaprova";"Não oculta";"Intranet";160;0;0;"Incluída em 15/abr/2011.";NA;"CNI12";"Intranet";"Macro"
"8717";"CNI12_SEGURNSNR12";NA;NA;"Ativa";"CNI";"Percepção e expectativa";"Segurança pública - não sabe/não respondeu";"Segurança pública - não sabe/não respondeu";"Não oculta";"Intranet";160;0;0;"Incluída em 15/abr/2011.";NA;"CNI12";"Intranet";"Macro"
"8718";"CNI12_INFLAAPROV12";NA;NA;"Ativa";"CNI";"Percepção e expectativa";"Combate à inflação - aprova";"Combate à inflação - aprova";"Não oculta";"Intranet";160;0;0;"Incluída em 15/abr/2011.";NA;"CNI12";"Intranet";"Macro"
"8719";"CNI12_INFLADESAPR12";NA;NA;"Ativa";"CNI";"Percepção e expectativa";"Combate à inflação - desaprova";"Combate à inflação - desaprova";"Não oculta";"Intranet";160;0;0;"Incluída em 15/abr/2011.";NA;"CNI12";"Intranet";"Macro"
"8720";"CNI12_INFLANSNR12";NA;NA;"Ativa";"CNI";"Percepção e expectativa";"Combate à inflação - não sabe/não respondeu";"Combate à inflação - não sabe/não respondeu";"Não oculta";"Intranet";160;0;0;"Incluída em 15/abr/2011.";NA;"CNI12";"Intranet";"Macro"
"8721";"CNI12_POBREAPROV12";NA;NA;"Ativa";"CNI";"Percepção e expectativa";"Combate à fome e à pobreza - aprova";"Combate à fome e à pobreza - aprova";"Não oculta";"Intranet";160;0;0;"Incluída em 15/abr/2011.";NA;"CNI12";"Intranet";"Macro"
"8722";"CNI12_POBREDESAPR12";NA;NA;"Ativa";"CNI";"Percepção e expectativa";"Combate à fome e à pobreza - desaprova";"Combate à fome e à pobreza - desaprova";"Não oculta";"Intranet";160;0;0;"Incluída em 15/abr/2011.";NA;"CNI12";"Intranet";"Macro"
"8723";"CNI12_POBRENSNR12";NA;NA;"Ativa";"CNI";"Percepção e expectativa";"Combate à fome e à pobreza - não sabe/não respondeu";"Combate à fome e à pobreza - não sabe/não respondeu";"Não oculta";"Intranet";160;0;0;"Incluída em 15/abr/2011.";NA;"CNI12";"Intranet";"Macro"
"8724";"CNI12_IMPOSAPROV12";NA;NA;"Ativa";"CNI";"Percepção e expectativa";"Impostos - aprova";"Impostos - aprova";"Não oculta";"Intranet";160;0;0;"Incluída em 15/abr/2011.";NA;"CNI12";"Intranet";"Macro"
"8725";"CNI12_IMPOSDESAPR12";NA;NA;"Ativa";"CNI";"Percepção e expectativa";"Impostos - desaprova";"Impostos - desaprova";"Não oculta";"Intranet";160;0;0;"Incluída em 15/abr/2011.";NA;"CNI12";"Intranet";"Macro"
"8726";"CNI12_IMPOSNSNR12";NA;NA;"Ativa";"CNI";"Percepção e expectativa";"Impostos - não sabe/não respondeu";"Impostos - não sabe/não respondeu";"Não oculta";"Intranet";160;0;0;"Incluída em 15/abr/2011.";NA;"CNI12";"Intranet";"Macro"
"8727";"CNI12_AMBIEAPROV12";NA;NA;"Ativa";"CNI";"Percepção e expectativa";"Meio ambiente - aprova";"Meio ambiente - aprova";"Não oculta";"Intranet";160;0;0;"Incluída em 15/abr/2011.";NA;"CNI12";"Intranet";"Macro"
"8728";"CNI12_AMBIEDESAPR12";NA;NA;"Ativa";"CNI";"Percepção e expectativa";"Meio ambiente - desaprova";"Meio ambiente - desaprova";"Não oculta";"Intranet";160;0;0;"Incluída em 15/abr/2011.";NA;"CNI12";"Intranet";"Macro"
"8729";"CNI12_AMBIENSNR12";NA;NA;"Ativa";"CNI";"Percepção e expectativa";"Meio ambiente - não sabe/não respondeu";"Meio ambiente - não sabe/não respondeu";"Não oculta";"Intranet";160;0;0;"Incluída em 15/abr/2011.";NA;"CNI12";"Intranet";"Macro"
"8730";"CNI12_SAUDEAPROV12";NA;NA;"Ativa";"CNI";"Percepção e expectativa";"Saúde - aprova";"Saúde - aprova";"Não oculta";"Intranet";160;0;0;"Incluída em 15/abr/2011.";NA;"CNI12";"Intranet";"Macro"
"8731";"CNI12_SAUDEDESAPR12";NA;NA;"Ativa";"CNI";"Percepção e expectativa";"Saúde - desaprova";"Saúde - desaprova";"Não oculta";"Intranet";160;0;0;"Incluída em 15/abr/2011.";NA;"CNI12";"Intranet";"Macro"
"8732";"CNI12_SAUDENSNR12";NA;NA;"Ativa";"CNI";"Percepção e expectativa";"Saúde - não sabe/não respondeu";"Saúde - não sabe/não respondeu";"Não oculta";"Intranet";160;0;0;"Incluída em 15/abr/2011.";NA;"CNI12";"Intranet";"Macro"
"8733";"CNI12_EDUCAAPROV12";NA;NA;"Ativa";"CNI";"Percepção e expectativa";"Educação - aprova";"Educação - aprova";"Não oculta";"Intranet";160;0;0;"Incluída em 15/abr/2011.";NA;"CNI12";"Intranet";"Macro"
"8734";"CNI12_EDUCADESAPR12";NA;NA;"Ativa";"CNI";"Percepção e expectativa";"Educação - desaprova";"Educação - desaprova";"Não oculta";"Intranet";160;0;0;"Incluída em 15/abr/2011.";NA;"CNI12";"Intranet";"Macro"
"8735";"CNI12_EDUCANSNR12";NA;NA;"Ativa";"CNI";"Percepção e expectativa";"Educação - não sabe/não respondeu";"Educação - não sabe/não respondeu";"Não oculta";"Intranet";160;0;0;"Incluída em 15/abr/2011.";NA;"CNI12";"Intranet";"Macro"
"8736";"CNI12_NOTICFAV12";NA;NA;"Ativa";"CNI";"Percepção e expectativa";"Noticiário sobre o governo - mais favorável";"Noticiário sobre o governo - mais favorável";"Não oculta";"Intranet";160;0;0;"Incluída em 15/abr/2011.";NA;"CNI12";"Intranet";"Macro"
"8737";"CNI12_NOTICNEUTR12";NA;NA;"Ativa";"CNI";"Percepção e expectativa";"Noticiário sobre o governo - nem favorável nem desfavorável";"Noticiário sobre o governo - nem favorável nem desfavorável";"Não oculta";"Intranet";160;0;0;"Incluída em 15/abr/2011.";NA;"CNI12";"Intranet";"Macro"
"8738";"CNI12_NOTICDESFAV12";NA;NA;"Ativa";"CNI";"Percepção e expectativa";"Noticiário sobre o governo - mais desfavorável";"Noticiário sobre o governo - mais desfavorável";"Não oculta";"Intranet";160;0;0;"Incluída em 15/abr/2011.";NA;"CNI12";"Intranet";"Macro"
"8739";"CNI12_NOTICNSNR12";NA;NA;"Ativa";"CNI";"Percepção e expectativa";"Noticiário sobre o governo - não sabe/não respondeu";"Noticiário sobre o governo - não sabe/não respondeu";"Não oculta";"Intranet";160;0;0;"Incluída em 15/abr/2011.";NA;"CNI12";"Intranet";"Macro"
"8740";"WDI_PPCTAXAPIB";NA;NA;"Inativa";"Banco Mundial/WDI";"Câmbio";"Taxa de paridade do poder de compra (PPC) - PIB";"Taxa de paridade do poder de compra (PPC) para o PIB";"Não oculta";"Internet";270;0;0;NA;NA;"WDI";"Internet";"Macro"
"8741";"WDI_PPCTAXAC";NA;NA;"Inativa";"Banco Mundial/WDI";"Câmbio";"Taxa de paridade do poder de compra (PPC) - consumo das famílias";"Taxa de paridade do poder de compra (PPC) para o consumo das famílias";"Não oculta";"Internet";270;0;0;NA;NA;"WDI";"Internet";"Macro"
"8742";"GAC12_PPCTAXAC12";NA;NA;"Ativa";"IPEA";"Câmbio";"Taxa de paridade do poder de compra (PPC) - consumo das famílias";"Taxa de paridade do poder de compra (PPC) para o consumo das famílias";"Não oculta";"Internet";40;0;0;"Incluída em 29/abr/2010.";NA;"GAC12";"Internet";"Macro"
"8743";"NEOSM";NA;NA;"Ativa";"IBGE";"Produção";"Número total de Estabelecimentos ou Unidades Locais - Serviços";"Número total de Estabelecimentos ou Unidades Locais - Serviços";"Não oculta";"Internet";NA;0;NA;NA;NA;"NEOSM";"Internet";"Regional"
"8744";"CAPAPLIC_OSM";NA;NA;"Ativa";"IBGE";"Estoque de capital";"Capital aplicado - Serviços";"Capital aplicado - Serviços";"Não oculta";"Internet";NA;0;NA;NA;NA;"CAPAPLIC";"Internet";"Regional"
"8745";"EMPOSM";NA;NA;"Ativa";"IBGE";"Emprego";"Pessoal ocupado - Serviços";"Pessoal ocupado - Serviços";"Não oculta";"Internet";NA;0;NA;NA;NA;"EMPOSM";"Internet";"Regional"
"8746";"EMPPSOC_OSM";NA;NA;"Ativa";"IBGE";"Emprego";"Pessoal ocupado-proprietários e sócios - Serviços";"Pessoal ocupado-proprietários e sócios - Serviços";"Não oculta";"Internet";NA;0;NA;NA;NA;"EMPPSOC";"Internet";"Regional"
"8747";"EMPEMP_OSM";NA;NA;"Ativa";"IBGE";"Emprego";"Pessoal ocupado-empregados - Serviços";"Pessoal ocupado-empregados - Serviços";"Não oculta";"Internet";NA;0;NA;NA;NA;"EMPEMP";"Internet";"Regional"
"8748";"CS_AM";NA;NA;"Ativa";"IBGE";"Produção";"Despesas nas atividades de Serviços";"Despesas nas atividades de Serviços";"Não oculta";"Internet";NA;0;NA;NA;NA;"CS";"Internet";"Regional"
"8749";"CS_OM";NA;NA;"Ativa";"IBGE";"Emprego";"Despesas com salários nas atividades de Serviços";"Despesas com salários nas atividades de Serviços";"Não oculta";"Internet";NA;0;NA;NA;NA;"CS";"Internet";"Regional"
"8750";"RECATIV_OSM";NA;NA;"Ativa";"IBGE";"Produção";"Receitas nas atividades de Serviços";"Receitas nas atividades de Serviços";"Não oculta";"Internet";NA;0;NA;NA;NA;"RECATIV";"Internet";"Regional"
"8751";"ESTOQATIV_OSM";NA;NA;"Ativa";"IBGE";"Estoque de capital";"Estoques nas atividades de Serviços";"Estoques nas atividades de Serviços";"Não oculta";"Internet";NA;0;NA;NA;NA;"ESTOQATIV";"Internet";"Regional"
"8752";"CO_OM";NA;NA;"Ativa";"IBGE";"Emprego";"Despesas com salários nas atividades de comércio";"Despesas com salários nas atividades de comércio";"Não oculta";"Internet";NA;0;NA;NA;NA;"CO";"Internet";"Regional"
"8753";"CO_AM";NA;NA;"Ativa";"IBGE";"Produção";"Despesas nas atividades de comércio";"Despesas nas atividades de comércio";"Não oculta";"Internet";NA;0;NA;NA;NA;"CO";"Internet";"Regional"
"8754";"RVENDATIV_COM";NA;NA;"Ativa";"IBGE";"Vendas";"Receitas de vendas nas atividades de comércio";"Receitas de vendas nas atividades de comércio";"Não oculta";"Internet";NA;0;NA;NA;NA;"RVENDATIV";"Internet";"Regional"
"8755";"NECOM";NA;NA;"Ativa";"IBGE";"Produção";"Número total de Estabelecimentos ou Unidades Locais - Comércio";"Número total de Estabelecimentos ou Unidades Locais - Comércio";"Não oculta";"Internet";NA;0;NA;NA;NA;"NECOM";"Internet";"Regional"
"8756";"CAPAPLIC_COM";NA;NA;"Ativa";"IBGE";"Estoque de capital";"Capital aplicado - comércio";"Capital aplicado - comércio";"Não oculta";"Internet";NA;0;NA;NA;NA;"CAPAPLIC";"Internet";"Regional"
"8757";"EMPCOM";NA;NA;"Ativa";"IBGE";"Emprego";"Pessoal ocupado - Comércio";"Pessoal ocupado - Comércio";"Não oculta";"Internet";NA;0;NA;NA;NA;"EMPCOM";"Internet";"Regional"
"8758";"EMPPSOC_COM";NA;NA;"Ativa";"IBGE";"Emprego";"Pessoal ocupado-proprietários e sócios - comercio";"Pessoal ocupado-proprietários e sócios - comercio";"Não oculta";"Internet";NA;0;NA;NA;NA;"EMPPSOC";"Internet";"Regional"
"8759";"EMPEMP_COM";NA;NA;"Ativa";"IBGE";"Emprego";"Pessoal ocupado-empregados - comercio";"Pessoal ocupado-empregados - comercio";"Não oculta";"Internet";NA;0;NA;NA;NA;"EMPEMP";"Internet";"Regional"
"8760";"RECATIV_COM";NA;NA;"Ativa";"IBGE";"Produção";"Receitas nas atividades de comércio";"Receitas nas atividades de comércio";"Não oculta";"Internet";NA;0;NA;NA;NA;"RECATIV";"Internet";"Regional"
"8761";"ESTOQATIV_COM";NA;NA;"Ativa";"IBGE";"Estoque de capital";"Estoques nas atividades de comércio";"Estoques nas atividades de comércio";"Não oculta";"Internet";NA;0;NA;NA;NA;"ESTOQATIV";"Internet";"Regional"
"8762";"GINI";NA;NA;"Ativa";"IPEA";"Renda";"Renda - desigualdade - índice de Gini";"Renda - desigualdade - índice de Gini";"Oculta";"Internet";NA;0;NA;NA;NA;"GINI";"Oculta";"Social"
"8763";"ANAC_AKUPAGDOM";NA;NA;"Inativa";"Anac";"Transporte";"Transporte aéreo - assentos-quilômetros utilizados pagos - voos domésticos";"Assentos-quilômetros utilizados pagos em voos regulares domésticos";"Não oculta";"Internet";360;0;0;"Incluída em 28/jun/2011";NA;"ANAC";"Internet";"Macro"
"8764";"ANAC_AKUPAGINT";NA;NA;"Inativa";"Anac";"Transporte";"Transporte aéreo - assentos-quilômetros utilizados pagos - voos internacionais";"Assentos-quilômetros utilizados pagos em voos regulares internacionais";"Não oculta";"Internet";360;0;0;"Incluída em 28/jun/2011";NA;"ANAC";"Internet";"Macro"
"8765";"FIPE12_FIPE0589";NA;NA;"Ativa";"Fipe";"Preços";"IPC - carvão vegetal - RMSP - var.";"IPC - carvão vegetal - RMSP - var.";"Não oculta";"Intranet";5;0;0;"Criada pela Fipe e incluída no Ipedata em ago/2011.";NA;"FIPE12";"Intranet";"Macro"
"8766";"FIPE12_FIPE0590";NA;NA;"Ativa";"Fipe";"Preços";"IPC - grupo: habitação - manutenção do domicílio - reparo no domicílio (serviço) - RMSP - var.";"IPC - grupo: habitação - manutenção do domicílio - reparo no domicílio (serviço) - RMSP - var.";"Não oculta";"Intranet";5;0;0;"Criada pela Fipe e incluída no Ipedata em ago/2011.";NA;"FIPE12";"Intranet";"Macro"
"8767";"FIPE12_FIPE0591";NA;NA;"Ativa";"Fipe";"Preços";"IPC - pedreiro - RMSP - var.";"IPC - pedreiro - RMSP - var.";"Não oculta";"Intranet";5;0;0;"Criada pela Fipe e incluída no Ipedata em ago/2011.";NA;"FIPE12";"Intranet";"Macro"
"8768";"FIPE12_FIPE0592";NA;NA;"Ativa";"Fipe";"Preços";"IPC - pintor - RMSP - var.";"IPC - pintor - RMSP - var.";"Não oculta";"Intranet";5;0;0;"Criada pela Fipe e incluída no Ipedata em ago/2011.";NA;"FIPE12";"Intranet";"Macro"
"8769";"FIPE12_FIPE0593";NA;NA;"Ativa";"Fipe";"Preços";"IPC - eletricista - RMSP - var.";"IPC - eletricista - RMSP - var.";"Não oculta";"Intranet";5;0;0;"Criada pela Fipe e incluída no Ipedata em ago/2011.";NA;"FIPE12";"Intranet";"Macro"
"8770";"FIPE12_FIPE0594";NA;NA;"Ativa";"Fipe";"Preços";"IPC - encanador - RMSP - var.";"IPC - encanador - RMSP - var.";"Não oculta";"Intranet";5;0;0;"Criada pela Fipe e incluída no Ipedata em ago/2011.";NA;"FIPE12";"Intranet";"Macro"
"8771";"FIPE12_FIPE0595";NA;NA;"Ativa";"Fipe";"Preços";"IPC - grupo: habitação - manutenção do domicílio - reparo no domicílio (material) - RMSP - var.";"IPC - grupo: habitação - manutenção do domicílio - reparo no domicílio (material) - RMSP - var.";"Não oculta";"Intranet";5;0;0;"Criada pela Fipe e incluída no Ipedata em ago/2011.";NA;"FIPE12";"Intranet";"Macro"
"8772";"FIPE12_FIPE0596";NA;NA;"Ativa";"Fipe";"Preços";"IPC - tinta - RMSP - var.";"IPC - tinta - RMSP - var.";"Não oculta";"Intranet";5;0;0;"Criada pela Fipe e incluída no Ipedata em ago/2011.";NA;"FIPE12";"Intranet";"Macro"
"8773";"FIPE12_FIPE0597";NA;NA;"Ativa";"Fipe";"Preços";"IPC - piso - RMSP - var.";"IPC - piso - RMSP - var.";"Não oculta";"Intranet";5;0;0;"Criada pela Fipe e incluída no Ipedata em ago/2011.";NA;"FIPE12";"Intranet";"Macro"
"8774";"FIPE12_FIPE0598";NA;NA;"Ativa";"Fipe";"Preços";"IPC - cimento - RMSP - var.";"IPC - cimento - RMSP - var.";"Não oculta";"Intranet";5;0;0;"Criada pela Fipe e incluída no Ipedata em ago/2011.";NA;"FIPE12";"Intranet";"Macro"
"8775";"FIPE12_FIPE0599";NA;NA;"Ativa";"Fipe";"Preços";"IPC - areia - RMSP - var.";"IPC - areia - RMSP - var.";"Não oculta";"Intranet";5;0;0;"Criada pela Fipe e incluída no Ipedata em ago/2011.";NA;"FIPE12";"Intranet";"Macro"
"8776";"FIPE12_FIPE0600";NA;NA;"Ativa";"Fipe";"Preços";"IPC - argamassa - RMSP - var.";"IPC - argamassa - RMSP - var.";"Não oculta";"Intranet";5;0;0;"Criada pela Fipe e incluída no Ipedata em ago/2011.";NA;"FIPE12";"Intranet";"Macro"
"8777";"FIPE12_FIPE0601";NA;NA;"Inativa";"Fipe";"Preços";"IPC - cal - RMSP - var.";"IPC - cal - RMSP - var.";"Não oculta";"Intranet";5;0;0;"Criada pela Fipe e incluída no Ipedata em ago/2011.";NA;"FIPE12";"Intranet";"Macro"
"8778";"FIPE12_FIPE0602";NA;NA;"Ativa";"Fipe";"Preços";"IPC - tubo - RMSP - var.";"IPC - tubo - RMSP - var.";"Não oculta";"Intranet";5;0;0;"Criada pela Fipe e incluída no Ipedata em ago/2011.";NA;"FIPE12";"Intranet";"Macro"
"8779";"FIPE12_FIPE0603";NA;NA;"Ativa";"Fipe";"Preços";"IPC - aluguel - casa 1 dormitório - RMSP - var.";"IPC - aluguel - casa 1 dormitório - RMSP - var.";"Não oculta";"Intranet";5;0;0;"Criada pela Fipe e incluída no Ipedata em ago/2011.";NA;"FIPE12";"Intranet";"Macro"
"8780";"FIPE12_FIPE0604";NA;NA;"Ativa";"Fipe";"Preços";"IPC - aluguel - casa 2 dormitórios - RMSP - var.";"IPC - aluguel - casa 2 dormitórios - RMSP - var.";"Não oculta";"Intranet";5;0;0;"Criada pela Fipe e incluída no Ipedata em ago/2011.";NA;"FIPE12";"Intranet";"Macro"
"8781";"FIPE12_FIPE0605";NA;NA;"Ativa";"Fipe";"Preços";"IPC - aluguel - casa 3 dormitórios - RMSP - var.";"IPC - aluguel - casa 3 dormitórios - RMSP - var.";"Não oculta";"Intranet";5;0;0;"Criada pela Fipe e incluída no Ipedata em ago/2011.";NA;"FIPE12";"Intranet";"Macro"
"8782";"FIPE12_FIPE0606";NA;NA;"Ativa";"Fipe";"Preços";"IPC - aluguel - apartamento 1 dormitório - RMSP - var.";"IPC - aluguel - apartamento 1 dormitório - RMSP - var.";"Não oculta";"Intranet";5;0;0;"Criada pela Fipe e incluída no Ipedata em ago/2011.";NA;"FIPE12";"Intranet";"Macro"
"8783";"FIPE12_FIPE0607";NA;NA;"Ativa";"Fipe";"Preços";"IPC - aluguel - apartamento 2 dormitórios - RMSP - var.";"IPC - aluguel - apartamento 2 dormitórios - RMSP - var.";"Não oculta";"Intranet";5;0;0;"Criada pela Fipe e incluída no Ipedata em ago/2011.";NA;"FIPE12";"Intranet";"Macro"
"8784";"FIPE12_FIPE0608";NA;NA;"Ativa";"Fipe";"Preços";"IPC - ventilador/aquecedor - RMSP - var.";"IPC - ventilador/aquecedor - RMSP - var.";"Não oculta";"Intranet";5;0;0;"Criada pela Fipe e incluída no Ipedata em ago/2011.";NA;"FIPE12";"Intranet";"Macro"
"8785";"FIPE12_FIPE0609";NA;NA;"Ativa";"Fipe";"Preços";"IPC - cafeteira elétrica - RMSP - var.";"IPC - cafeteira elétrica - RMSP - var.";"Não oculta";"Intranet";5;0;0;"Criada pela Fipe e incluída no Ipedata em ago/2011.";NA;"FIPE12";"Intranet";"Macro"
"8786";"FIPE12_FIPE0610";NA;NA;"Ativa";"Fipe";"Preços";"IPC - notebook - RMSP - var.";"IPC - notebook - RMSP - var.";"Não oculta";"Intranet";5;0;0;"Criada pela Fipe e incluída no Ipedata em ago/2011.";NA;"FIPE12";"Intranet";"Macro"
"8787";"FIPE12_FIPE0611";NA;NA;"Ativa";"Fipe";"Preços";"IPC - mídia p/ gravação - RMSP - var.";"IPC - mídia p/ gravação - RMSP - var.";"Não oculta";"Intranet";5;0;0;"Criada pela Fipe e incluída no Ipedata em ago/2011.";NA;"FIPE12";"Intranet";"Macro"
"8788";"FIPE12_FIPE0612";NA;NA;"Ativa";"Fipe";"Preços";"IPC - jogo de cama - RMSP - var.";"IPC - jogo de cama - RMSP - var.";"Não oculta";"Intranet";5;0;0;"Criada pela Fipe e incluída no Ipedata em ago/2011.";NA;"FIPE12";"Intranet";"Macro"
"8789";"FIPE12_FIPE0613";NA;NA;"Ativa";"Fipe";"Preços";"IPC - edredom - RMSP - var.";"IPC - edredom - RMSP - var.";"Não oculta";"Intranet";5;0;0;"Incluída em ago/2011 no Ipeadata, embora criada anteriormente pela Fipe.";NA;"FIPE12";"Intranet";"Macro"
"8790";"FIPE12_FIPE0614";NA;NA;"Ativa";"Fipe";"Preços";"IPC - travesseiro - RMSP - var.";"IPC - travesseiro - RMSP - var.";"Não oculta";"Intranet";5;0;0;"Incluída em ago/2011 no Ipeadata, embora criada anteriormente pela Fipe.";NA;"FIPE12";"Intranet";"Macro"
"8791";"FIPE12_FIPE0615";NA;NA;"Ativa";"Fipe";"Preços";"IPC - pano de prato - RMSP - var.";"IPC - pano de prato - RMSP - var.";"Não oculta";"Intranet";5;0;0;"Incluída em ago/2011 no Ipeadata, embora criada anteriormente pela Fipe.";NA;"FIPE12";"Intranet";"Macro"
"8792";"FIPE12_FIPE0616";NA;NA;"Ativa";"Fipe";"Preços";"IPC - combo (tv + internet + tel) - RMSP - var.";"IPC - combo (tv + internet + tel) - RMSP - var.";"Não oculta";"Intranet";5;0;0;"Criada pela Fipe e incluída no Ipedata em ago/2011.";NA;"FIPE12";"Intranet";"Macro"
"8793";"FIPE12_FIPE0617";NA;NA;"Ativa";"Fipe";"Preços";"IPC - bebida láctea - RMSP - var.";"IPC - bebida láctea - RMSP - var.";"Não oculta";"Intranet";5;0;0;"Criada pela Fipe e incluída no Ipedata em ago/2011.";NA;"FIPE12";"Intranet";"Macro"
"8794";"FIPE12_FIPE0618";NA;NA;"Ativa";"Fipe";"Preços";"IPC - sobremesa láctea - RMSP - var.";"IPC - sobremesa láctea - RMSP - var.";"Não oculta";"Intranet";5;0;0;"Criada pela Fipe e incluída no Ipedata em ago/2011.";NA;"FIPE12";"Intranet";"Macro"
"8795";"FIPE12_FIPE0619";NA;NA;"Ativa";"Fipe";"Preços";"IPC - pão doce - RMSP - var.";"IPC - pão doce - RMSP - var.";"Não oculta";"Intranet";5;0;0;"Incluída em ago/2011 no Ipeadata, embora criada anteriormente pela Fipe.";NA;"FIPE12";"Intranet";"Macro"
"8796";"FIPE12_FIPE0620";NA;NA;"Ativa";"Fipe";"Preços";"IPC - biscoito aperitivo - RMSP - var.";"IPC - biscoito aperitivo - RMSP - var.";"Não oculta";"Intranet";5;0;0;"Criada pela Fipe e incluída no Ipedata em ago/2011.";NA;"FIPE12";"Intranet";"Macro"
"8797";"FIPE12_FIPE0621";NA;NA;"Ativa";"Fipe";"Preços";"IPC - óleo composto - RMSP - var.";"IPC - óleo composto - RMSP - var.";"Não oculta";"Intranet";5;0;0;"Criada pela Fipe e incluída no Ipedata em ago/2011.";NA;"FIPE12";"Intranet";"Macro"
"8798";"FIPE12_FIPE0622";NA;NA;"Ativa";"Fipe";"Preços";"IPC - fraldinha - RMSP - var.";"IPC - fraldinha - RMSP - var.";"Não oculta";"Intranet";5;0;0;"Criada pela Fipe e incluída no Ipedata em ago/2011.";NA;"FIPE12";"Intranet";"Macro"
"8799";"FIPE12_FIPE0623";NA;NA;"Ativa";"Fipe";"Preços";"IPC - gás natural veicular - RMSP - var.";"IPC - gás natural veicular - RMSP - var.";"Não oculta";"Intranet";5;0;0;"Criada pela Fipe e incluída no Ipedata em ago/2011.";NA;"FIPE12";"Intranet";"Macro"
"8800";"FIPE12_FIPE0624";NA;NA;"Ativa";"Fipe";"Preços";"IPC - grupo: transportes - veículo próprio - reparo no veículo (serviço) - RMSP - var.";"IPC - grupo: transportes - veículo próprio - reparo no veículo (serviço) - RMSP - var.";"Não oculta";"Intranet";5;0;0;"Criada pela Fipe e incluída no Ipedata em ago/2011.";NA;"FIPE12";"Intranet";"Macro"
"8801";"FIPE12_FIPE0625";NA;NA;"Ativa";"Fipe";"Preços";"IPC - mecânico - RMSP - var.";"IPC - mecânico - RMSP - var.";"Não oculta";"Intranet";5;0;0;"Criada pela Fipe e incluída no Ipedata em ago/2011.";NA;"FIPE12";"Intranet";"Macro"
"8802";"FIPE12_FIPE0626";NA;NA;"Ativa";"Fipe";"Preços";"IPC - funilaria e pintura - RMSP - var.";"IPC - funilaria e pintura - RMSP - var.";"Não oculta";"Intranet";5;0;0;"Criada pela Fipe e incluída no Ipedata em ago/2011.";NA;"FIPE12";"Intranet";"Macro"
"8803";"FIPE12_FIPE0627";NA;NA;"Ativa";"Fipe";"Preços";"IPC - autoelétrico - RMSP - var.";"IPC - autoelétrico - RMSP - var.";"Não oculta";"Intranet";5;0;0;"Criada pela Fipe e incluída no Ipedata em ago/2011.";NA;"FIPE12";"Intranet";"Macro"
"8804";"FIPE12_FIPE0628";NA;NA;"Ativa";"Fipe";"Preços";"IPC - grupo: transportes - veículo próprio - reparo no veículo (peças) - RMSP - var.";"IPC - grupo: transportes - veículo próprio - reparo no veículo (peças) - RMSP - var.";"Não oculta";"Intranet";5;0;0;"Criada pela Fipe e incluída no Ipedata em ago/2011.";NA;"FIPE12";"Intranet";"Macro"
"8805";"FIPE12_FIPE0629";NA;NA;"Ativa";"Fipe";"Preços";"IPC - amortecedor - RMSP - var.";"IPC - amortecedor - RMSP - var.";"Não oculta";"Intranet";5;0;0;"Criada pela Fipe e incluída no Ipedata em ago/2011.";NA;"FIPE12";"Intranet";"Macro"
"8806";"FIPE12_FIPE0630";NA;NA;"Ativa";"Fipe";"Preços";"IPC - escapamento - RMSP - var.";"IPC - escapamento - RMSP - var.";"Não oculta";"Intranet";5;0;0;"Criada pela Fipe e incluída no Ipedata em ago/2011.";NA;"FIPE12";"Intranet";"Macro"
"8807";"FIPE12_FIPE0631";NA;NA;"Ativa";"Fipe";"Preços";"IPC - pneu - RMSP - var.";"IPC - pneu - RMSP - var.";"Não oculta";"Intranet";5;0;0;"Criada pela Fipe e incluída no Ipedata em ago/2011.";NA;"FIPE12";"Intranet";"Macro"
"8808";"FIPE12_FIPE0632";NA;NA;"Ativa";"Fipe";"Preços";"IPC - bateria p/ veículo - RMSP - var.";"IPC - bateria p/ veículo - RMSP - var.";"Não oculta";"Intranet";5;0;0;"Criada pela Fipe e incluída no Ipedata em ago/2011.";NA;"FIPE12";"Intranet";"Macro"
"8809";"FIPE12_FIPE0633";NA;NA;"Ativa";"Fipe";"Preços";"IPC - velas p/ veículo - RMSP - var.";"IPC - velas p/ veículo - RMSP - var.";"Não oculta";"Intranet";5;0;0;"Criada pela Fipe e incluída no Ipedata em ago/2011.";NA;"FIPE12";"Intranet";"Macro"
"8810";"FIPE12_FIPE0634";NA;NA;"Ativa";"Fipe";"Preços";"IPC - filtro de óleo - RMSP - var.";"IPC - filtro de óleo - RMSP - var.";"Não oculta";"Intranet";5;0;0;"Criada pela Fipe e incluída no Ipedata em ago/2011.";NA;"FIPE12";"Intranet";"Macro"
"8811";"FIPE12_FIPE0635";NA;NA;"Ativa";"Fipe";"Preços";"IPC - bebida à base de soja - RMSP - var.";"IPC - bebida à base de soja - RMSP - var.";"Não oculta";"Intranet";5;0;0;"Criada pela Fipe e incluída no Ipedata em ago/2011.";NA;"FIPE12";"Intranet";"Macro"
"8812";"FIPE12_FIPE0636";NA;NA;"Ativa";"Fipe";"Preços";"IPC - cd(música) / dvd(filme/show) - RMSP - var.";"IPC - cd(música) / dvd(filme/show) - RMSP - var.";"Não oculta";"Intranet";5;0;0;"Criada pela Fipe e incluída no Ipedata em ago/2011.";NA;"FIPE12";"Intranet";"Macro"
"8813";"FIPE12_FIPE0637";NA;NA;"Inativa";"Fipe";"Preços";"IPC - lan house - RMSP - var.";"IPC - lan house - RMSP - var.";"Não oculta";"Intranet";5;0;0;"Criada pela Fipe e incluída no Ipedata em ago/2011.";NA;"FIPE12";"Intranet";"Macro"
"8814";"FIPE12_FIPE0638";NA;NA;"Ativa";"Fipe";"Preços";"IPC - passagem aérea - RMSP - var.";"IPC - passagem aérea - RMSP - var.";"Não oculta";"Intranet";5;0;0;"Criada pela Fipe e incluída no Ipedata em ago/2011.";NA;"FIPE12";"Intranet";"Macro"
"8815";"FIPE12_FIPE0639";NA;NA;"Ativa";"Fipe";"Preços";"IPC - passagem rodoviária - RMSP - var.";"IPC - passagem rodoviária - RMSP - var.";"Não oculta";"Intranet";5;0;0;"Criada pela Fipe e incluída no Ipedata em ago/2011.";NA;"FIPE12";"Intranet";"Macro"
"8816";"FIPE12_FIPE0640";NA;NA;"Ativa";"Fipe";"Preços";"IPC - videogame - RMSP - var.";"IPC - videogame - RMSP - var.";"Não oculta";"Intranet";5;0;0;"Criada pela Fipe e incluída no Ipedata em ago/2011.";NA;"FIPE12";"Intranet";"Macro"
"8817";"FIPE12_FIPE0641";NA;NA;"Ativa";"Fipe";"Preços";"IPC - boneca - RMSP - var.";"IPC - boneca - RMSP - var.";"Não oculta";"Intranet";5;0;0;"Criada pela Fipe e incluída no Ipedata em ago/2011.";NA;"FIPE12";"Intranet";"Macro"
"8818";"FIPE12_FIPE0642";NA;NA;"Ativa";"Fipe";"Preços";"IPC - bicicleta - RMSP - var.";"IPC - bicicleta - RMSP - var.";"Não oculta";"Intranet";5;0;0;"Criada pela Fipe e incluída no Ipedata em ago/2011.";NA;"FIPE12";"Intranet";"Macro"
"8819";"FIPE12_FIPE0643";NA;NA;"Ativa";"Fipe";"Preços";"IPC - bola - RMSP - var.";"IPC - bola - RMSP - var.";"Não oculta";"Intranet";5;0;0;"Criada pela Fipe e incluída no Ipedata em ago/2011.";NA;"FIPE12";"Intranet";"Macro"
"8820";"FIPE12_FIPE0644";NA;NA;"Ativa";"Fipe";"Preços";"IPC - ração - RMSP - var.";"IPC - ração - RMSP - var.";"Não oculta";"Intranet";5;0;0;"Criada pela Fipe e incluída no Ipedata em ago/2011.";NA;"FIPE12";"Intranet";"Macro"
"8821";"FIPE12_FIPE0645";NA;NA;"Ativa";"Fipe";"Preços";"IPC - veterinário - RMSP - var.";"IPC - veterinário - RMSP - var.";"Não oculta";"Intranet";5;0;0;"Criada pela Fipe e incluída no Ipedata em ago/2011.";NA;"FIPE12";"Intranet";"Macro"
"8822";"FIPE12_FIPE0646";NA;NA;"Ativa";"Fipe";"Preços";"IPC - banho e tosa - RMSP - var.";"IPC - banho e tosa - RMSP - var.";"Não oculta";"Intranet";5;0;0;"Criada pela Fipe e incluída no Ipedata em ago/2011.";NA;"FIPE12";"Intranet";"Macro"
"8823";"FIPE12_FIPE0647";NA;NA;"Ativa";"Fipe";"Preços";"IPC - medicamento veterinário - RMSP - var.";"IPC - medicamento veterinário - RMSP - var.";"Não oculta";"Intranet";5;0;0;"Criada pela Fipe e incluída no Ipedata em ago/2011.";NA;"FIPE12";"Intranet";"Macro"
"8824";"FIPE12_FIPE0648";NA;NA;"Ativa";"Fipe";"Preços";"IPC - enxague bucal - RMSP - var.";"IPC - enxague bucal - RMSP - var.";"Não oculta";"Intranet";5;0;0;"Criada pela Fipe e incluída no Ipedata em ago/2011.";NA;"FIPE12";"Intranet";"Macro"
"8825";"FIPE12_FIPE0649";NA;NA;"Ativa";"Fipe";"Preços";"IPC - creme p/ cabelo - RMSP - var.";"IPC - creme p/ cabelo - RMSP - var.";"Não oculta";"Intranet";5;0;0;"Criada pela Fipe e incluída no Ipedata em ago/2011.";NA;"FIPE12";"Intranet";"Macro"
"8826";"FIPE12_FIPE0650";NA;NA;"Ativa";"Fipe";"Preços";"IPC - seguros e entidades de classe - RMSP - var.";"IPC - seguros e entidades de classe - RMSP - var.";"Não oculta";"Intranet";5;0;0;"Criada pela Fipe e incluída no Ipedata em ago/2011.";NA;"FIPE12";"Intranet";"Macro"
"8827";"FIPE12_FIPE0651";NA;NA;"Ativa";"Fipe";"Preços";"IPC - pele e mucosas - RMSP - var.";"IPC - pele e mucosas - RMSP - var.";"Não oculta";"Intranet";5;0;0;"Criada pela Fipe e incluída no Ipedata em ago/2011.";NA;"FIPE12";"Intranet";"Macro"
"8828";"FIPE12_FIPE0652";NA;NA;"Inativa";"Fipe";"Preços";"IPC - soro fisiológico - RMSP - var.";"IPC - soro fisiológico - RMSP - var.";"Não oculta";"Intranet";5;0;0;"Criada pela Fipe e incluída no Ipedata em ago/2011.";NA;"FIPE12";"Intranet";"Macro"
"8829";"FIPE12_FIPE0653";NA;NA;"Inativa";"Fipe";"Preços";"IPC - emplastro - RMSP - var.";"IPC - emplastro - RMSP - var.";"Não oculta";"Intranet";5;0;0;"Criada pela Fipe e incluída no Ipedata em ago/2011.";NA;"FIPE12";"Intranet";"Macro"
"8830";"FIPE12_FIPE0654";NA;NA;"Ativa";"Fipe";"Preços";"IPC - grupo: saúde - aparelhos corretivos e medidores - RMSP - var.";"IPC - grupo: saúde - aparelhos corretivos e medidores - RMSP - var.";"Não oculta";"Intranet";5;0;0;"Criada pela Fipe e incluída no Ipedata em ago/2011.";NA;"FIPE12";"Intranet";"Macro"
"8831";"FIPE12_FIPE0655";NA;NA;"Ativa";"Fipe";"Preços";"IPC - aparelho dentário - RMSP - var.";"IPC - aparelho dentário - RMSP - var.";"Não oculta";"Intranet";5;0;0;"Criada pela Fipe e incluída no Ipedata em ago/2011.";NA;"FIPE12";"Intranet";"Macro"
"8832";"FIPE12_FIPE0656";NA;NA;"Ativa";"Fipe";"Preços";"IPC - grupo: saúde - aparelhos corretivos e medidores - medidores - RMSP - var.";"IPC - grupo: saúde - aparelhos corretivos e medidores - medidores - RMSP - var.";"Não oculta";"Intranet";5;0;0;"Criada pela Fipe e incluída no Ipedata em ago/2011.";NA;"FIPE12";"Intranet";"Macro"
"8833";"FIPE12_FIPE0657";NA;NA;"Ativa";"Fipe";"Preços";"IPC - inalador - RMSP - var.";"IPC - inalador - RMSP - var.";"Não oculta";"Intranet";5;0;0;"Criada pela Fipe e incluída no Ipedata em ago/2011.";NA;"FIPE12";"Intranet";"Macro"
"8834";"FIPE12_FIPE0658";NA;NA;"Ativa";"Fipe";"Preços";"IPC - medidor de pressão - RMSP - var.";"IPC - medidor de pressão - RMSP - var.";"Não oculta";"Intranet";5;0;0;"Criada pela Fipe e incluída no Ipedata em ago/2011.";NA;"FIPE12";"Intranet";"Macro"
"8835";"FIPE12_FIPE0659";NA;NA;"Ativa";"Fipe";"Preços";"IPC - blazer/jaqueta feminina - RMSP - var.";"IPC - blazer/jaqueta feminina - RMSP - var.";"Não oculta";"Intranet";5;0;0;"Incluída em ago/2011 no Ipeadata, embora criada anteriormente pela Fipe.";NA;"FIPE12";"Intranet";"Macro"
"8836";"FIPE12_FIPE0660";NA;NA;"Ativa";"Fipe";"Preços";"IPC - maiô/biquíni - RMSP - var.";"IPC - maiô/biquíni - RMSP - var.";"Não oculta";"Intranet";5;0;0;"Incluída em ago/2011 no Ipeadata, embora criada anteriormente pela Fipe.";NA;"FIPE12";"Intranet";"Macro"
"8837";"FIPE12_FIPE0661";NA;NA;"Ativa";"Fipe";"Preços";"IPC - blazer/jaqueta masculina - RMSP - var.";"IPC - blazer/jaqueta masculina - RMSP - var.";"Não oculta";"Intranet";5;0;0;"Incluída em ago/2011 no Ipeadata, embora criada anteriormente pela Fipe.";NA;"FIPE12";"Intranet";"Macro"
"8838";"FIPE12_FIPE0662";NA;NA;"Ativa";"Fipe";"Preços";"IPC - blusa/camisa infantil - RMSP - var.";"IPC - blusa/camisa infantil - RMSP - var.";"Não oculta";"Intranet";5;0;0;"Incluída em ago/2011 no Ipeadata, embora criada anteriormente pela Fipe.";NA;"FIPE12";"Intranet";"Macro"
"8839";"FIPE12_FIPE0663";NA;NA;"Ativa";"Fipe";"Preços";"IPC - meia infantil - RMSP - var.";"IPC - meia infantil - RMSP - var.";"Não oculta";"Intranet";5;0;0;"Incluída em ago/2011 no Ipeadata, embora criada anteriormente pela Fipe.";NA;"FIPE12";"Intranet";"Macro"
"8840";"FIPE12_FIPE0664";NA;NA;"Ativa";"Fipe";"Preços";"IPC - macacão de bebê - RMSP - var.";"IPC - macacão de bebê - RMSP - var.";"Não oculta";"Intranet";5;0;0;"Incluída em ago/2011 no Ipeadata, embora criada anteriormente pela Fipe.";NA;"FIPE12";"Intranet";"Macro"
"8841";"FIPE12_FIPE0665";NA;NA;"Ativa";"Fipe";"Preços";"IPC - calçado infantil - RMSP - var.";"IPC - calçado infantil - RMSP - var.";"Não oculta";"Intranet";5;0;0;"Incluída em ago/2011 no Ipeadata, embora criada anteriormente pela Fipe.";NA;"FIPE12";"Intranet";"Macro"
"8842";"FIPE12_FIPE0666";NA;NA;"Ativa";"Fipe";"Preços";"IPC - pós-graduação/mba - RMSP - var.";"IPC - pós-graduação/mba - RMSP - var.";"Não oculta";"Intranet";5;0;0;"Criada pela Fipe e incluída no Ipedata em ago/2011.";NA;"FIPE12";"Intranet";"Macro"
"8843";"ANFAVE12_QCAMINM12";NA;NA;"Ativa";"Anfavea";"Produção";"Produção - caminhões - montados - qde.";"Produção - caminhões - montados - qde.";"Não oculta";"Internet";5;0;0;NA;NA;"ANFAVE12";"Internet";"Macro"
"8844";"ANFAVE12_QONIBUM12";NA;NA;"Ativa";"Anfavea";"Produção";"Produção - ônibus - montados - qde.";"Produção - ônibus - montados - qde.";"Não oculta";"Internet";5;0;0;NA;NA;"ANFAVE12";"Internet";"Macro"
"8845";"ANFAVE12_QPASSAM12";NA;NA;"Ativa";"Anfavea";"Produção";"Produção - automóveis - montados - qde.";"Produção - automóveis - montados - qde.";"Não oculta";"Internet";5;0;0;NA;NA;"ANFAVE12";"Internet";"Macro"
"8846";"ANFAVE12_QVEICLM12";NA;NA;"Ativa";"Anfavea";"Produção";"Produção - veículos comerciais leves - montados - qde.";"Produção - veículos comerciais leves - montados - qde.";"Não oculta";"Internet";5;0;0;NA;NA;"ANFAVE12";"Internet";"Macro"
"8847";"ANFAVE12_QVETOTM12";NA;NA;"Ativa";"Anfavea";"Produção";"Produção - autoveículos - montados - qde.";"Produção - autoveículos - montados - qde.";"Não oculta";"Internet";5;0;0;NA;NA;"ANFAVE12";"Internet";"Macro"
"8848";"ANFAVE12_XCAMINM12";NA;NA;"Ativa";"Anfavea";"Comércio exterior";"Exportações - caminhões - montados - qde.";"Exportações - caminhões - montados - qde.";"Não oculta";"Internet";5;0;0;NA;NA;"ANFAVE12";"Internet";"Macro"
"8849";"ANFAVE12_XONIBUM12";NA;NA;"Ativa";"Anfavea";"Comércio exterior";"Exportações - ônibus - montados - qde.";"Exportações - ônibus - montados - qde.";"Não oculta";"Internet";5;0;0;NA;NA;"ANFAVE12";"Internet";"Macro"
"8850";"ANFAVE12_XPASSAM12";NA;NA;"Ativa";"Anfavea";"Comércio exterior";"Exportações - automóveis - montados - qde.";"Exportações - automóveis - montados - qde.";"Não oculta";"Internet";5;0;0;NA;NA;"ANFAVE12";"Internet";"Macro"
"8851";"ANFAVE12_XVEICLM12";NA;NA;"Ativa";"Anfavea";"Comércio exterior";"Exportações - veículos comerciais leves - montados - qde.";"Exportações - veículos comerciais leves - montados - qde.";"Não oculta";"Internet";5;0;0;NA;NA;"ANFAVE12";"Internet";"Macro"
"8852";"ANFAVE12_XVETOTM12";NA;NA;"Ativa";"Anfavea";"Comércio exterior";"Exportações - autoveículos - montados - qde.";"Exportações - autoveículos - montados - qde.";"Não oculta";"Internet";5;0;0;NA;NA;"ANFAVE12";"Internet";"Macro"
"8853";"SGS366_NASDAQ366";NA;NA;"Ativa";"Nasdaq";"Economia internacional";"Índice de ações - NASDAQ - fechamento";"Índice de ações: NASDAQ - fechamento";"Não oculta";"Internet";1;0;0;"Incluída em 01/set/2011.";NA;"SGS366";"Internet";"Macro"
"8854";"IEF12_IEF12";NA;NA;"Inativa";"IPEA";"Percepção e expectativa";"Índice de expectativas das famílias (IEF)";"Índice de expectativas das famílias (IEF)";"Não oculta";"Internet";20;1;0;NA;NA;"IEF12";"Internet";"Macro"
"8855";"DEPIS_PRINT";NA;NA;"Ativa";"IBGE/Pop";"Projeções";"População - nascimentos - projeção";"População - nascimentos - projeção";"Oculta";"Internet";120;0;0;"Incluída em 10/jul/2001. Revisada em 23/jul/2001. Revisada em 06 de novembro de 2013.";NA;"DEPIS";"Oculta";"Macro"
"8856";"CNI4_CP4";NA;NA;"Inativa";"CNI";"Comércio exterior";"Coeficiente de penetração";"Coeficiente de penetração";"Não oculta";"Internet";90;0;0;"Incluída em 13/fev/2012.";NA;"CNI4";"Internet";"Macro"
"8857";"CNI4_CPEXTR4";NA;NA;"Inativa";"CNI";"Comércio exterior";"Coeficiente de penetração - indústrias extrativas";"Coeficiente de penetração - indústrias extrativas";"Não oculta";"Internet";90;0;0;"Incluída em 13/fev/2012.";NA;"CNI4";"Internet";"Macro"
"8858";"CNI4_CPEXTRCARV4";NA;NA;"Inativa";"CNI";"Comércio exterior";"Coeficiente de penetração - indústrias extrativas - carvão mineral";"Coeficiente de penetração - indústrias extrativas - carvão mineral";"Não oculta";"Internet";90;0;0;"Incluída em 13/fev/2012.";NA;"CNI4";"Internet";"Macro"
"8859";"CNI4_CPEXTRPETR4";NA;NA;"Inativa";"CNI";"Comércio exterior";"Coeficiente de penetração - indústrias extrativas - petróleo e gás natural";"Coeficiente de penetração - indústrias extrativas - petróleo e gás natural";"Não oculta";"Internet";90;0;0;"Incluída em 13/fev/2012.";NA;"CNI4";"Internet";"Macro"
"8860";"CNI4_CPEXTRMETA4";NA;NA;"Inativa";"CNI";"Comércio exterior";"Coeficiente de penetração - indústrias extrativas - minerais metálicos";"Coeficiente de penetração - indústrias extrativas - minerais metálicos";"Não oculta";"Internet";90;0;0;"Incluída em 13/fev/2012.";NA;"CNI4";"Internet";"Macro"
"8861";"CNI4_CPEXTRNAOM4";NA;NA;"Inativa";"CNI";"Comércio exterior";"Coeficiente de penetração - indústrias extrativas - minerais não metálicos";"Coeficiente de penetração - indústrias extrativas - minerais não metálicos";"Não oculta";"Internet";90;0;0;"Incluída em 13/fev/2012.";NA;"CNI4";"Internet";"Macro"
"8862";"CNI4_CPTRANSFOR4";NA;NA;"Inativa";"CNI";"Comércio exterior";"Coeficiente de penetração - indústrias de transformação";"Coeficiente de penetração - indústrias de transformação";"Não oculta";"Internet";90;0;0;"Incluída em 13/fev/2012.";NA;"CNI4";"Internet";"Macro"
"8863";"CNI4_CPALIMENT4";NA;NA;"Inativa";"CNI";"Comércio exterior";"Coeficiente de penetração - produtos alimentícios";"Coeficiente de penetração - produtos alimentícios";"Não oculta";"Internet";90;0;0;"Incluída em 13/fev/2012.";NA;"CNI4";"Internet";"Macro"
"8864";"CNI4_CPBEBIDAS4";NA;NA;"Inativa";"CNI";"Comércio exterior";"Coeficiente de penetração - bebidas";"Coeficiente de penetração - bebidas";"Não oculta";"Internet";90;0;0;"Incluída em 13/fev/2012.";NA;"CNI4";"Internet";"Macro"
"8865";"CNI4_CPFUMO4";NA;NA;"Inativa";"CNI";"Comércio exterior";"Coeficiente de penetração - produtos do fumo";"Coeficiente de penetração - produtos do fumo";"Não oculta";"Internet";90;0;0;"Incluída em 13/fev/2012.";NA;"CNI4";"Internet";"Macro"
"8866";"CNI4_CPTEXTEIS4";NA;NA;"Inativa";"CNI";"Comércio exterior";"Coeficiente de penetração - têxteis";"Coeficiente de penetração - têxteis";"Não oculta";"Internet";90;0;0;"Incluída em 13/fev/2012.";NA;"CNI4";"Internet";"Macro"
"8867";"CNI4_CPVESTUAR4";NA;NA;"Inativa";"CNI";"Comércio exterior";"Coeficiente de penetração - vestuário e acessórios";"Coeficiente de penetração - vestuário e acessórios";"Não oculta";"Internet";90;0;0;"Incluída em 13/fev/2012.";NA;"CNI4";"Internet";"Macro"
"8868";"CNI4_CPCOURO4";NA;NA;"Inativa";"CNI";"Comércio exterior";"Coeficiente de penetração - couros e artefatos";"Coeficiente de penetração - couros e artefatos";"Não oculta";"Internet";90;0;0;"Incluída em 13/fev/2012.";NA;"CNI4";"Internet";"Macro"
"8869";"CNI4_CPARTVIAGE4";NA;NA;"Inativa";"CNI";"Comércio exterior";"Coeficiente de penetração - couros e artefatos - artigos para viagem e diversos";"Coeficiente de penetração - couros e artefatos - artigos para viagem e diversos";"Não oculta";"Internet";90;0;0;"Incluída em 13/fev/2012.";NA;"CNI4";"Internet";"Macro"
"8870";"CNI4_CPCALCADOS4";NA;NA;"Inativa";"CNI";"Comércio exterior";"Coeficiente de penetração - couros e artefatos - calçados";"Coeficiente de penetração - couros e artefatos - calçados";"Não oculta";"Internet";90;0;0;"Incluída em 13/fev/2012.";NA;"CNI4";"Internet";"Macro"
"8871";"CNI4_CPMADEIRA4";NA;NA;"Inativa";"CNI";"Comércio exterior";"Coeficiente de penetração - produtos de madeira";"Coeficiente de penetração - produtos de madeira";"Não oculta";"Internet";90;0;0;"Incluída em 13/fev/2012.";NA;"CNI4";"Internet";"Macro"
"8872";"CNI4_CPPAPELCEL4";NA;NA;"Inativa";"CNI";"Comércio exterior";"Coeficiente de penetração - celulose, papel e produtos de papel";"Coeficiente de penetração - celulose, papel e produtos de papel";"Não oculta";"Internet";90;0;0;"Incluída em 13/fev/2012.";NA;"CNI4";"Internet";"Macro"
"8873";"CNI4_CPCELULOSE4";NA;NA;"Inativa";"CNI";"Comércio exterior";"Coeficiente de penetração - celulose, papel e produtos de papel - celulose e outras pastas";"Coeficiente de penetração - celulose, papel e produtos de papel - celulose e outras pastas";"Não oculta";"Internet";90;0;0;"Incluída em 13/fev/2012.";NA;"CNI4";"Internet";"Macro"
"8874";"CNI4_CPIMPRGRAV4";NA;NA;"Inativa";"CNI";"Comércio exterior";"Coeficiente de penetração - impressão e reprodução de gravações";"Coeficiente de penetração - impressão e reprodução de gravações";"Não oculta";"Internet";90;0;0;"Incluída em 13/fev/2012.";NA;"CNI4";"Internet";"Macro"
"8875";"CNI4_CPCOQUE4";NA;NA;"Inativa";"CNI";"Comércio exterior";"Coeficiente de penetração - coque, derivados do petróleo e biocombustíveis";"Coeficiente de penetração - coque, derivados do petróleo e biocombustíveis";"Não oculta";"Internet";90;0;0;"Incluída em 13/fev/2012.";NA;"CNI4";"Internet";"Macro"
"8876";"CNI4_CPDERIVPET4";NA;NA;"Inativa";"CNI";"Comércio exterior";"Coeficiente de penetração - coque, derivados do petróleo e biocombustíveis - derivados";"Coeficiente de penetração - coque, derivados do petróleo e biocombustíveis - derivados";"Não oculta";"Internet";90;0;0;"Incluída em 13/fev/2012.";NA;"CNI4";"Internet";"Macro"
"8877";"CNI4_CPBIOCOMB4";NA;NA;"Inativa";"CNI";"Comércio exterior";"Coeficiente de penetração - coque, derivados do petróleo e biocombustíveis - biocombustíveis";"Coeficiente de penetração - coque, derivados do petróleo e biocombustíveis - biocombustíveis";"Não oculta";"Internet";90;0;0;"Incluída em 13/fev/2012.";NA;"CNI4";"Internet";"Macro"
"8878";"CNI4_CPQUIMICOS4";NA;NA;"Inativa";"CNI";"Comércio exterior";"Coeficiente de penetração - químicos";"Coeficiente de penetração - químicos";"Não oculta";"Internet";90;0;0;"Incluída em 13/fev/2012.";NA;"CNI4";"Internet";"Macro"
"8879";"CNI4_CPLIMPEZA4";NA;NA;"Inativa";"CNI";"Comércio exterior";"Coeficiente de penetração - químicos - perfumaria, sabões e produtos de limpeza";"Coeficiente de penetração - químicos - perfumaria, sabões e produtos de limpeza";"Não oculta";"Internet";90;0;0;"Incluída em 13/fev/2012.";NA;"CNI4";"Internet";"Macro"
"8880";"CNI4_CPFARMOQUI4";NA;NA;"Inativa";"CNI";"Comércio exterior";"Coeficiente de penetração - farmoquímicos e farmacêuticos";"Coeficiente de penetração - farmoquímicos e farmacêuticos";"Não oculta";"Internet";90;0;0;"Incluída em 13/fev/2012.";NA;"CNI4";"Internet";"Macro"
"8881";"CNI4_CPFARMACEU4";NA;NA;"Inativa";"CNI";"Comércio exterior";"Coeficiente de penetração - farmoquímicos e farmacêuticos - farmacêuticos";"Coeficiente de penetração - farmoquímicos e farmacêuticos - farmacêuticos";"Não oculta";"Internet";90;0;0;"Incluída em 13/fev/2012.";NA;"CNI4";"Internet";"Macro"
"8882";"CNI4_CPBORPLAST4";NA;NA;"Inativa";"CNI";"Comércio exterior";"Coeficiente de penetração - produtos de borracha e plástico";"Coeficiente de penetração - produtos de borracha e plástico";"Não oculta";"Internet";90;0;0;"Incluída em 13/fev/2012.";NA;"CNI4";"Internet";"Macro"
"8883";"CNI4_CPBORRACHA4";NA;NA;"Inativa";"CNI";"Comércio exterior";"Coeficiente de penetração - produtos de borracha e plástico - borracha";"Coeficiente de penetração - produtos de borracha e plástico - borracha";"Não oculta";"Internet";90;0;0;"Incluída em 13/fev/2012.";NA;"CNI4";"Internet";"Macro"
"8884";"CNI4_CPPLASTICO4";NA;NA;"Inativa";"CNI";"Comércio exterior";"Coeficiente de penetração - produtos de borracha e plástico - plástico";"Coeficiente de penetração - produtos de borracha e plástico - plástico";"Não oculta";"Internet";90;0;0;"Incluída em 13/fev/2012.";NA;"CNI4";"Internet";"Macro"
"8885";"CNI4_CPPRODNAOM4";NA;NA;"Inativa";"CNI";"Comércio exterior";"Coeficiente de penetração - produtos de minerais não metálicos";"Coeficiente de penetração - produtos de minerais não metálicos";"Não oculta";"Internet";90;0;0;"Incluída em 13/fev/2012.";NA;"CNI4";"Internet";"Macro"
"8886";"CNI4_CPMETALURG4";NA;NA;"Inativa";"CNI";"Comércio exterior";"Coeficiente de penetração - metalurgia";"Coeficiente de penetração - metalurgia";"Não oculta";"Internet";90;0;0;"Incluída em 13/fev/2012.";NA;"CNI4";"Internet";"Macro"
"8887";"CNI4_CPPRODMETA4";NA;NA;"Inativa";"CNI";"Comércio exterior";"Coeficiente de penetração - produtos de metal, exceto máquinas e equipamentos";"Coeficiente de penetração - produtos de metal, exceto máquinas e equipamentos";"Não oculta";"Internet";90;0;0;"Incluída em 13/fev/2012.";NA;"CNI4";"Internet";"Macro"
"8888";"CNI4_CPINFELETR4";NA;NA;"Inativa";"CNI";"Comércio exterior";"Coeficiente de penetração - informática, eletrônicos e ópticos";"Coeficiente de penetração - informática, eletrônicos e ópticos";"Não oculta";"Internet";90;0;0;"Incluída em 13/fev/2012.";NA;"CNI4";"Internet";"Macro"
"8889";"CNI4_CPELETRON4";NA;NA;"Inativa";"CNI";"Comércio exterior";"Coeficiente de penetração - informática, eletrônicos e ópticos - compon. eletrônicos";"Coeficiente de penetração - informática, eletrônicos e ópticos - compon. eletrônicos";"Não oculta";"Internet";90;0;0;"Incluída em 13/fev/2012.";NA;"CNI4";"Internet";"Macro"
"8890";"CNI4_CPINFORMAT4";NA;NA;"Inativa";"CNI";"Comércio exterior";"Coeficiente de penetração - informática, eletrônicos e ópticos - informática";"Coeficiente de penetração - informática, eletrônicos e ópticos - informática";"Não oculta";"Internet";90;0;0;"Incluída em 13/fev/2012.";NA;"CNI4";"Internet";"Macro"
"8891";"CNI4_CPCOMUNIC4";NA;NA;"Inativa";"CNI";"Comércio exterior";"Coeficiente de penetração - informática, eletrônicos e ópticos - equip. comunicação";"Coeficiente de penetração - informática, eletrônicos e ópticos - equip. comunicação";"Não oculta";"Internet";90;0;0;"Incluída em 13/fev/2012.";NA;"CNI4";"Internet";"Macro"
"8892";"CNI4_CPAUDIOVID4";NA;NA;"Inativa";"CNI";"Comércio exterior";"Coeficiente de penetração - informática, eletrônicos e ópticos - áudio e vídeo";"Coeficiente de penetração - informática, eletrônicos e ópticos - áudio e vídeo";"Não oculta";"Internet";90;0;0;"Incluída em 13/fev/2012.";NA;"CNI4";"Internet";"Macro"
"8893";"CNI4_CPELETRIC4";NA;NA;"Inativa";"CNI";"Comércio exterior";"Coeficiente de penetração - elétricos";"Coeficiente de penetração - elétricos";"Não oculta";"Internet";90;0;0;"Incluída em 13/fev/2012.";NA;"CNI4";"Internet";"Macro"
"8894";"CNI4_CPGTMELETR4";NA;NA;"Inativa";"CNI";"Comércio exterior";"Coeficiente de penetração - elétricos - geradores, transformadores e motores";"Coeficiente de penetração - elétricos - geradores, transformadores e motores";"Não oculta";"Internet";90;0;0;"Incluída em 13/fev/2012.";NA;"CNI4";"Internet";"Macro"
"8895";"CNI4_CPELETRODO4";NA;NA;"Inativa";"CNI";"Comércio exterior";"Coeficiente de penetração - elétricos - eletrodomésticos";"Coeficiente de penetração - elétricos - eletrodomésticos";"Não oculta";"Internet";90;0;0;"Incluída em 13/fev/2012.";NA;"CNI4";"Internet";"Macro"
"8896";"CNI4_CPMAQEQUIP4";NA;NA;"Inativa";"CNI";"Comércio exterior";"Coeficiente de penetração - máquinas e equipamentos";"Coeficiente de penetração - máquinas e equipamentos";"Não oculta";"Internet";90;0;0;"Incluída em 13/fev/2012.";NA;"CNI4";"Internet";"Macro"
"8897";"CNI4_CPVEICULOS4";NA;NA;"Inativa";"CNI";"Comércio exterior";"Coeficiente de penetração - veículos automotores, reboques e carrocerias";"Coeficiente de penetração - veículos automotores, reboques e carrocerias";"Não oculta";"Internet";90;0;0;"Incluída em 13/fev/2012.";NA;"CNI4";"Internet";"Macro"
"8898";"CNI4_CPAUTOPECA4";NA;NA;"Inativa";"CNI";"Comércio exterior";"Coeficiente de penetração - veículos automotores, reboques e carrocerias - peças";"Coeficiente de penetração - veículos automotores, reboques e carrocerias - peças";"Não oculta";"Internet";90;0;0;"Incluída em 13/fev/2012.";NA;"CNI4";"Internet";"Macro"
"8899";"CNI4_CPTRANSP4";NA;NA;"Inativa";"CNI";"Comércio exterior";"Coeficiente de penetração - outros de transporte";"Coeficiente de penetração - outros de transporte";"Não oculta";"Internet";90;0;0;"Incluída em 13/fev/2012.";NA;"CNI4";"Internet";"Macro"
"8900";"CNI4_CPEMBARC4";NA;NA;"Inativa";"CNI";"Comércio exterior";"Coeficiente de penetração - outros de transporte - embarcações";"Coeficiente de penetração - outros de transporte - embarcações";"Não oculta";"Internet";90;0;0;"Incluída em 13/fev/2012.";NA;"CNI4";"Internet";"Macro"
"8901";"CNI4_CPAERONAVE4";NA;NA;"Inativa";"CNI";"Comércio exterior";"Coeficiente de penetração - outros de transporte - aeronaves";"Coeficiente de penetração - outros de transporte - aeronaves";"Não oculta";"Internet";90;0;0;"Incluída em 13/fev/2012.";NA;"CNI4";"Internet";"Macro"
"8902";"CNI4_CPMOVEIS4";NA;NA;"Inativa";"CNI";"Comércio exterior";"Coeficiente de penetração - móveis";"Coeficiente de penetração - móveis";"Não oculta";"Internet";90;0;0;"Incluída em 13/fev/2012.";NA;"CNI4";"Internet";"Macro"
"8903";"CNI4_CPDIVERSOS4";NA;NA;"Inativa";"CNI";"Comércio exterior";"Coeficiente de penetração - diversos";"Coeficiente de penetração - diversos";"Não oculta";"Internet";90;0;0;"Incluída em 13/fev/2012.";NA;"CNI4";"Internet";"Macro"
"8904";"CNI4_CE4";NA;NA;"Inativa";"CNI";"Comércio exterior";"Coeficiente de exportação";"Coeficiente de exportação";"Não oculta";"Internet";90;0;0;"Incluída em 13/fev/2012.";NA;"CNI4";"Internet";"Macro"
"8905";"CNI4_CEEXTR4";NA;NA;"Inativa";"CNI";"Comércio exterior";"Coeficiente de exportação - indústrias extrativas";"Coeficiente de exportação - indústrias extrativas";"Não oculta";"Internet";90;0;0;"Incluída em 13/fev/2012.";NA;"CNI4";"Internet";"Macro"
"8906";"CNI4_CEEXTRCARV4";NA;NA;"Inativa";"CNI";"Comércio exterior";"Coeficiente de exportação - indústrias extrativas - carvão mineral";"Coeficiente de exportação - indústrias extrativas - carvão mineral";"Não oculta";"Internet";90;0;0;"Incluída em 13/fev/2012.";NA;"CNI4";"Internet";"Macro"
"8907";"CNI4_CEEXTRPETR4";NA;NA;"Inativa";"CNI";"Comércio exterior";"Coeficiente de exportação - indústrias extrativas - petróleo e gás natural";"Coeficiente de exportação - indústrias extrativas - petróleo e gás natural";"Não oculta";"Internet";90;0;0;"Incluída em 13/fev/2012.";NA;"CNI4";"Internet";"Macro"
"8908";"CNI4_CEEXTRMETA4";NA;NA;"Inativa";"CNI";"Comércio exterior";"Coeficiente de exportação - indústrias extrativas - minerais metálicos";"Coeficiente de exportação - indústrias extrativas - minerais metálicos";"Não oculta";"Internet";90;0;0;"Incluída em 13/fev/2012.";NA;"CNI4";"Internet";"Macro"
"8909";"CNI4_CEEXTRNAOM4";NA;NA;"Inativa";"CNI";"Comércio exterior";"Coeficiente de exportação - indústrias extrativas - minerais não metálicos";"Coeficiente de exportação - indústrias extrativas - minerais não metálicos";"Não oculta";"Internet";90;0;0;"Incluída em 13/fev/2012.";NA;"CNI4";"Internet";"Macro"
"8910";"CNI4_CETRANSFOR4";NA;NA;"Inativa";"CNI";"Comércio exterior";"Coeficiente de exportação - indústrias de transformação";"Coeficiente de exportação - indústrias de transformação";"Não oculta";"Internet";90;0;0;"Incluída em 13/fev/2012.";NA;"CNI4";"Internet";"Macro"
"8911";"CNI4_CEALIMENT4";NA;NA;"Inativa";"CNI";"Comércio exterior";"Coeficiente de exportação - produtos alimentícios";"Coeficiente de exportação - produtos alimentícios";"Não oculta";"Internet";90;0;0;"Incluída em 13/fev/2012.";NA;"CNI4";"Internet";"Macro"
"8912";"CNI4_CEBEBIDAS4";NA;NA;"Inativa";"CNI";"Comércio exterior";"Coeficiente de exportação - bebidas";"Coeficiente de exportação - bebidas";"Não oculta";"Internet";90;0;0;"Incluída em 13/fev/2012.";NA;"CNI4";"Internet";"Macro"
"8913";"CNI4_CEFUMO4";NA;NA;"Inativa";"CNI";"Comércio exterior";"Coeficiente de exportação - produtos do fumo";"Coeficiente de exportação - produtos do fumo";"Não oculta";"Internet";90;0;0;"Incluída em 13/fev/2012.";NA;"CNI4";"Internet";"Macro"
"8914";"CNI4_CETEXTEIS4";NA;NA;"Inativa";"CNI";"Comércio exterior";"Coeficiente de exportação - têxteis";"Coeficiente de exportação - têxteis";"Não oculta";"Internet";90;0;0;"Incluída em 13/fev/2012.";NA;"CNI4";"Internet";"Macro"
"8915";"CNI4_CEVESTUAR4";NA;NA;"Inativa";"CNI";"Comércio exterior";"Coeficiente de exportação - vestuário e acessórios";"Coeficiente de exportação - vestuário e acessórios";"Não oculta";"Internet";90;0;0;"Incluída em 13/fev/2012.";NA;"CNI4";"Internet";"Macro"
"8916";"CNI4_CECOURO4";NA;NA;"Inativa";"CNI";"Comércio exterior";"Coeficiente de exportação - couros e artefatos";"Coeficiente de exportação - couros e artefatos";"Não oculta";"Internet";90;0;0;"Incluída em 13/fev/2012.";NA;"CNI4";"Internet";"Macro"
"8917";"CNI4_CEARTVIAGE4";NA;NA;"Inativa";"CNI";"Comércio exterior";"Coeficiente de exportação - couros e artefatos - artigos para viagem e diversos";"Coeficiente de exportação - couros e artefatos - artigos para viagem e diversos";"Não oculta";"Internet";90;0;0;"Incluída em 13/fev/2012.";NA;"CNI4";"Internet";"Macro"
"8918";"CNI4_CECALCADOS4";NA;NA;"Inativa";"CNI";"Comércio exterior";"Coeficiente de exportação - couros e artefatos - calçados";"Coeficiente de exportação - couros e artefatos - calçados";"Não oculta";"Internet";90;0;0;"Incluída em 13/fev/2012.";NA;"CNI4";"Internet";"Macro"
"8919";"CNI4_CEMADEIRA4";NA;NA;"Inativa";"CNI";"Comércio exterior";"Coeficiente de exportação - produtos de madeira";"Coeficiente de exportação - produtos de madeira";"Não oculta";"Internet";90;0;0;"Incluída em 13/fev/2012.";NA;"CNI4";"Internet";"Macro"
"8920";"CNI4_CEPAPELCEL4";NA;NA;"Inativa";"CNI";"Comércio exterior";"Coeficiente de exportação - celulose, papel e produtos de papel";"Coeficiente de exportação - celulose, papel e produtos de papel";"Não oculta";"Internet";90;0;0;"Incluída em 13/fev/2012.";NA;"CNI4";"Internet";"Macro"
"8921";"CNI4_CECELULOSE4";NA;NA;"Inativa";"CNI";"Comércio exterior";"Coeficiente de exportação - celulose, papel e produtos de papel - celulose e outras pastas";"Coeficiente de exportação - celulose, papel e produtos de papel - celulose e outras pastas";"Não oculta";"Internet";90;0;0;"Incluída em 13/fev/2012.";NA;"CNI4";"Internet";"Macro"
"8922";"CNI4_CEIMPRGRAV4";NA;NA;"Inativa";"CNI";"Comércio exterior";"Coeficiente de exportação - impressão e reprodução de gravações";"Coeficiente de exportação - impressão e reprodução de gravações";"Não oculta";"Internet";90;0;0;"Incluída em 13/fev/2012.";NA;"CNI4";"Internet";"Macro"
"8923";"CNI4_CECOQUE4";NA;NA;"Inativa";"CNI";"Comércio exterior";"Coeficiente de exportação - coque, derivados do petróleo e biocombustíveis";"Coeficiente de exportação - coque, derivados do petróleo e biocombustíveis";"Não oculta";"Internet";90;0;0;"Incluída em 13/fev/2012.";NA;"CNI4";"Internet";"Macro"
"8924";"CNI4_CEDERIVPET4";NA;NA;"Inativa";"CNI";"Comércio exterior";"Coeficiente de exportação - coque, derivados do petróleo e biocombustíveis - derivados";"Coeficiente de exportação - coque, derivados do petróleo e biocombustíveis - derivados";"Não oculta";"Internet";90;0;0;"Incluída em 13/fev/2012.";NA;"CNI4";"Internet";"Macro"
"8925";"CNI4_CEBIOCOMB4";NA;NA;"Inativa";"CNI";"Comércio exterior";"Coeficiente de exportação - coque, derivados do petróleo e biocombustíveis - biocombustíveis";"Coeficiente de exportação - coque, derivados do petróleo e biocombustíveis - biocombustíveis";"Não oculta";"Internet";90;0;0;"Incluída em 13/fev/2012.";NA;"CNI4";"Internet";"Macro"
"8926";"CNI4_CEQUIMICOS4";NA;NA;"Inativa";"CNI";"Comércio exterior";"Coeficiente de exportação - químicos";"Coeficiente de exportação - químicos";"Não oculta";"Internet";90;0;0;"Incluída em 13/fev/2012.";NA;"CNI4";"Internet";"Macro"
"8927";"CNI4_CELIMPEZA4";NA;NA;"Inativa";"CNI";"Comércio exterior";"Coeficiente de exportação - químicos - perfumaria, sabões e produtos de limpeza";"Coeficiente de exportação - químicos - perfumaria, sabões e produtos de limpeza";"Não oculta";"Internet";90;0;0;"Incluída em 13/fev/2012.";NA;"CNI4";"Internet";"Macro"
"8928";"CNI4_CEFARMOQUI4";NA;NA;"Inativa";"CNI";"Comércio exterior";"Coeficiente de exportação - farmoquímicos e farmacêuticos";"Coeficiente de exportação - farmoquímicos e farmacêuticos";"Não oculta";"Internet";90;0;0;"Incluída em 13/fev/2012.";NA;"CNI4";"Internet";"Macro"
"8929";"CNI4_CEFARMACEU4";NA;NA;"Inativa";"CNI";"Comércio exterior";"Coeficiente de exportação - farmoquímicos e farmacêuticos - farmacêuticos";"Coeficiente de exportação - farmoquímicos e farmacêuticos - farmacêuticos";"Não oculta";"Internet";90;0;0;"Incluída em 13/fev/2012.";NA;"CNI4";"Internet";"Macro"
"8930";"CNI4_CEBORPLAST4";NA;NA;"Inativa";"CNI";"Comércio exterior";"Coeficiente de exportação - produtos de borracha e plástico";"Coeficiente de exportação - produtos de borracha e plástico";"Não oculta";"Internet";90;0;0;"Incluída em 13/fev/2012.";NA;"CNI4";"Internet";"Macro"
"8931";"CNI4_CEBORRACHA4";NA;NA;"Inativa";"CNI";"Comércio exterior";"Coeficiente de exportação - produtos de borracha e plástico - borracha";"Coeficiente de exportação - produtos de borracha e plástico - borracha";"Não oculta";"Internet";90;0;0;"Incluída em 13/fev/2012.";NA;"CNI4";"Internet";"Macro"
"8932";"CNI4_CEPLASTICO4";NA;NA;"Inativa";"CNI";"Comércio exterior";"Coeficiente de exportação - produtos de borracha e plástico - plástico";"Coeficiente de exportação - produtos de borracha e plástico - plástico";"Não oculta";"Internet";90;0;0;"Incluída em 13/fev/2012.";NA;"CNI4";"Internet";"Macro"
"8933";"CNI4_CEPRODNAOM4";NA;NA;"Inativa";"CNI";"Comércio exterior";"Coeficiente de exportação - produtos de minerais não metálicos";"Coeficiente de exportação - produtos de minerais não metálicos";"Não oculta";"Internet";90;0;0;"Incluída em 13/fev/2012.";NA;"CNI4";"Internet";"Macro"
"8934";"CNI4_CEMETALURG4";NA;NA;"Inativa";"CNI";"Comércio exterior";"Coeficiente de exportação - metalurgia";"Coeficiente de exportação - metalurgia";"Não oculta";"Internet";90;0;0;"Incluída em 13/fev/2012.";NA;"CNI4";"Internet";"Macro"
"8935";"CNI4_CEPRODMETA4";NA;NA;"Inativa";"CNI";"Comércio exterior";"Coeficiente de exportação - produtos de metal, exceto máquinas e equipamentos";"Coeficiente de exportação - produtos de metal, exceto máquinas e equipamentos";"Não oculta";"Internet";90;0;0;"Incluída em 13/fev/2012.";NA;"CNI4";"Internet";"Macro"
"8936";"CNI4_CEINFELETR4";NA;NA;"Inativa";"CNI";"Comércio exterior";"Coeficiente de exportação - informática, eletrônicos e ópticos";"Coeficiente de exportação - informática, eletrônicos e ópticos";"Não oculta";"Internet";90;0;0;"Incluída em 13/fev/2012.";NA;"CNI4";"Internet";"Macro"
"8937";"CNI4_CEELETRON4";NA;NA;"Inativa";"CNI";"Comércio exterior";"Coeficiente de exportação - informática, eletrônicos e ópticos - compon. eletrônicos";"Coeficiente de exportação - informática, eletrônicos e ópticos - compon. eletrônicos";"Não oculta";"Internet";90;0;0;"Incluída em 13/fev/2012.";NA;"CNI4";"Internet";"Macro"
"8938";"CNI4_CEINFORMAT4";NA;NA;"Inativa";"CNI";"Comércio exterior";"Coeficiente de exportação - informática, eletrônicos e ópticos - informática";"Coeficiente de exportação - informática, eletrônicos e ópticos - informática";"Não oculta";"Internet";90;0;0;"Incluída em 13/fev/2012.";NA;"CNI4";"Internet";"Macro"
"8939";"CNI4_CECOMUNIC4";NA;NA;"Inativa";"CNI";"Comércio exterior";"Coeficiente de exportação - informática, eletrônicos e ópticos - equip. comunicação";"Coeficiente de exportação - informática, eletrônicos e ópticos - equip. comunicação";"Não oculta";"Internet";90;0;0;"Incluída em 13/fev/2012.";NA;"CNI4";"Internet";"Macro"
"8940";"CNI4_CEAUDIOVID4";NA;NA;"Inativa";"CNI";"Comércio exterior";"Coeficiente de exportação - informática, eletrônicos e ópticos - áudio e vídeo";"Coeficiente de exportação - informática, eletrônicos e ópticos - áudio e vídeo";"Não oculta";"Internet";90;0;0;"Incluída em 13/fev/2012.";NA;"CNI4";"Internet";"Macro"
"8941";"CNI4_CEELETRIC4";NA;NA;"Inativa";"CNI";"Comércio exterior";"Coeficiente de exportação - elétricos";"Coeficiente de exportação - elétricos";"Não oculta";"Internet";90;0;0;"Incluída em 13/fev/2012.";NA;"CNI4";"Internet";"Macro"
"8942";"CNI4_CEGTMELETR4";NA;NA;"Inativa";"CNI";"Comércio exterior";"Coeficiente de exportação - elétricos - geradores, transformadores e motores";"Coeficiente de exportação - elétricos - geradores, transformadores e motores";"Não oculta";"Internet";90;0;0;"Incluída em 13/fev/2012.";NA;"CNI4";"Internet";"Macro"
"8943";"CNI4_CEELETRODO4";NA;NA;"Inativa";"CNI";"Comércio exterior";"Coeficiente de exportação - elétricos - eletrodomésticos";"Coeficiente de exportação - elétricos - eletrodomésticos";"Não oculta";"Internet";90;0;0;"Incluída em 13/fev/2012.";NA;"CNI4";"Internet";"Macro"
"8944";"CNI4_CEMAQEQUIP4";NA;NA;"Inativa";"CNI";"Comércio exterior";"Coeficiente de exportação - máquinas e equipamentos";"Coeficiente de exportação - máquinas e equipamentos";"Não oculta";"Internet";90;0;0;"Incluída em 13/fev/2012.";NA;"CNI4";"Internet";"Macro"
"8945";"CNI4_CEVEICULOS4";NA;NA;"Inativa";"CNI";"Comércio exterior";"Coeficiente de exportação - veículos automotores, reboques e carrocerias";"Coeficiente de exportação - veículos automotores, reboques e carrocerias";"Não oculta";"Internet";90;0;0;"Incluída em 13/fev/2012.";NA;"CNI4";"Internet";"Macro"
"8946";"CNI4_CEAUTOPECA4";NA;NA;"Inativa";"CNI";"Comércio exterior";"Coeficiente de exportação - veículos automotores, reboques e carrocerias - peças";"Coeficiente de exportação - veículos automotores, reboques e carrocerias - peças";"Não oculta";"Internet";90;0;0;"Incluída em 13/fev/2012.";NA;"CNI4";"Internet";"Macro"
"8947";"CNI4_CETRANSP4";NA;NA;"Inativa";"CNI";"Comércio exterior";"Coeficiente de exportação - outros de transporte";"Coeficiente de exportação - outros de transporte";"Não oculta";"Internet";90;0;0;"Incluída em 13/fev/2012.";NA;"CNI4";"Internet";"Macro"
"8948";"CNI4_CEEMBARC4";NA;NA;"Inativa";"CNI";"Comércio exterior";"Coeficiente de exportação - outros de transporte - embarcações";"Coeficiente de exportação - outros de transporte - embarcações";"Não oculta";"Internet";90;0;0;"Incluída em 13/fev/2012.";NA;"CNI4";"Internet";"Macro"
"8949";"CNI4_CEAERONAVE4";NA;NA;"Inativa";"CNI";"Comércio exterior";"Coeficiente de exportação - outros de transporte - aeronaves";"Coeficiente de exportação - outros de transporte - aeronaves";"Não oculta";"Internet";90;0;0;"Incluída em 13/fev/2012.";NA;"CNI4";"Internet";"Macro"
"8950";"CNI4_CEMOVEIS4";NA;NA;"Inativa";"CNI";"Comércio exterior";"Coeficiente de exportação - móveis";"Coeficiente de exportação - móveis";"Não oculta";"Internet";90;0;0;"Incluída em 13/fev/2012.";NA;"CNI4";"Internet";"Macro"
"8951";"CNI4_CEDIVERSOS4";NA;NA;"Inativa";"CNI";"Comércio exterior";"Coeficiente de exportação - diversos";"Coeficiente de exportação - diversos";"Não oculta";"Internet";90;0;0;"Incluída em 13/fev/2012.";NA;"CNI4";"Internet";"Macro"
"8952";"CNI12_RENDR12";NA;NA;"Ativa";"CNI";"Salário e renda";"Rendimento médio real - indústria - índice (média 2006 = 100)";"Rendimento médio real - indústria - índice (média 2006 = 100)";"Não oculta";"Internet";40;0;0;"Incluída em 13/fev/2012.";NA;"CNI12";"Internet";"Macro"
"8953";"SGS366_ERC366";NA;NA;"Inativa";"Bacen Outras/SGS";"Câmbio";"Taxa de câmbio - R$ / US$ - comercial - compra - média";"Taxa de câmbio comercial para compra: real (R$) / dólar americano (US$) - média";"Oculta";"Internet";1;0;0;"Incluída em 27/fev/2012.";NA;"SGS366";"Oculta";"Macro"
"8954";"SGS366_ERV366";NA;NA;"Inativa";"Bacen Outras/SGS";"Câmbio";"Taxa de câmbio - R$ / US$ - comercial - venda - média";"Taxa de câmbio comercial para venda: real (R$) / dólar americano (US$) - média";"Oculta";"Internet";1;0;0;"Incluída em 27/fev/2012.";NA;"SGS366";"Oculta";"Macro"
"8955";"SGS366_TJOVER366";NA;NA;"Inativa";"Bacen Outras/SGS";"Financeiras";"Taxa de juros - Over / Selic";"Taxa de juros: Overnight / Selic";"Oculta";"Internet";1;0;0;"Incluída em 27/fev/2012.";NA;"SGS366";"Oculta";"Macro"
"8956";"SGS366_TJTR366";NA;NA;"Inativa";"Bacen Outras/SGS";"Financeiras";"Taxa de juros - TR";"Taxa de juros: TR";"Oculta";"Internet";1;0;0;"Incluída em 27/fev/2012.";NA;"SGS366";"Oculta";"Macro"
"8957";"BM4_DEXTY4";NA;NA;"Ativa";"Bacen/Boletim/BP";"Balanço de pagamentos";"Dívida externa (exclui empréstimos intercompanhias)";"Dívida externa (exclui empréstimos intercompanhias)";"Oculta";"Internet";60;0;0;"Incluída em 19/03/2012";NA;"BM4";"Oculta";"Macro"
"8958";"BM_DEXTY";NA;NA;"Ativa";"Bacen/Boletim/BP";"Balanço de pagamentos";"Dívida externa (exclui empréstimos intercompanhias)";"Dívida externa (exclui empréstimos intercompanhias)";"Não oculta";"Internet";360;0;0;"Incluída em 19/03/2012";NA;"BM";"Internet";"Macro"
"8959";"EIA366_&";NA;NA;"Inativa";"EIA";"Economia internacional";"Preço - pétroleo bruto - WTI (FOB)";"Preço por barril do pétroleo bruto WTI (Fob).";"Oculta";"Internet";15;0;0;"Incluída em 08/mar/2005";NA;"EIA366";"Oculta";"Macro"
"8960";"FUNCEX12_MPAGP2N12";NA;NA;"Ativa";"Funcex";"Comércio exterior";"Importações - setor: agricultura e pecuária - preços - índice (média 2006 = 100)";"Importações - setor: agricultura e pecuária - preços - índice (média 2006 = 100)";"Não oculta";"Internet";51;0;0;"Incluida em 10/Jul/2012.";NA;"FUNCEX12";"Internet";"Macro"
"8961";"FUNCEX12_MPAL2N12";NA;NA;"Ativa";"Funcex";"Comércio exterior";"Importações - setor: produtos alimentícios - preços - índice (média 2006 = 100)";"Importações - setor: produtos alimentícios - preços - índice (média 2006 = 100)";"Não oculta";"Internet";51;0;0;"Incluida em 10/Jul/2012.";NA;"FUNCEX12";"Internet";"Macro"
"8962";"FUNCEX12_MPBEB2N12";NA;NA;"Ativa";"Funcex";"Comércio exterior";"Importações - setor: bebidas - preços - índice (média 2006 = 100)";"Importações - setor: bebidas - preços - índice (média 2006 = 100)";"Não oculta";"Internet";51;0;0;"Incluida em 10/Jul/2012.";NA;"FUNCEX12";"Internet";"Macro"
"8963";"FUNCEX12_MPCAL2N12";NA;NA;"Ativa";"Funcex";"Comércio exterior";"Importações - setor: couros, artefatos de couro e calçados - preços - índice (média 2006 = 100)";"Importações - setor: couros, artefatos de couro, artigos para viagem e calçados - preços - índice (média 2006 = 100)";"Não oculta";"Internet";51;0;0;"Incluida em 10/Jul/2012.";NA;"FUNCEX12";"Internet";"Macro"
"8964";"FUNCEX12_MPEMM2N12";NA;NA;"Ativa";"Funcex";"Comércio exterior";"Importações - setor: extração de minerais metálicos - preços - índice (média 2006 = 100)";"Importações - setor: extração de minerais metálicos - preços - índice (média 2006 = 100)";"Não oculta";"Internet";51;0;0;"Incluida em 10/Jul/2012.";NA;"FUNCEX12";"Internet";"Macro"
"8965";"FUNCEX12_MPEMNM2N12";NA;NA;"Ativa";"Funcex";"Comércio exterior";"Importações - setor: extração de minerais não-metálicos - preços - índice (média 2006 = 100)";"Importações - setor: extração de minerais não-metálicos - preços - índice (média 2006 = 100)";"Não oculta";"Internet";51;0;0;"Incluida em 10/Jul/2012.";NA;"FUNCEX12";"Internet";"Macro"
"8966";"FUNCEX12_MPEPET2N12";NA;NA;"Ativa";"Funcex";"Comércio exterior";"Importações - setor: extração de petróleo e gás natural - preços - índice (média 2006 = 100)";"Importações - setor: extração de petróleo e gás natural - preços - índice (média 2006 = 100)";"Não oculta";"Internet";51;0;0;"Incluida em 10/Jul/2012.";NA;"FUNCEX12";"Internet";"Macro"
"8967";"FUNCEX12_MPMAD2N12";NA;NA;"Ativa";"Funcex";"Comércio exterior";"Importações - setor: produtos de madeira - preços - índice (média 2006 = 100)";"Importações - setor: produtos de madeira - preços - índice (média 2006 = 100)";"Não oculta";"Internet";51;0;0;"Incluida em 10/Jul/2012.";NA;"FUNCEX12";"Internet";"Macro"
"8968";"FUNCEX12_MPMAQELET2N12";NA;NA;"Ativa";"Funcex";"Comércio exterior";"Importações - setor: máquinas, aparelhos e materiais elétricos - preços - índice (média 2006 = 100)";"Importações - setor: máquinas, aparelhos e materiais elétricos - preços - índice (média 2006 = 100)";"Não oculta";"Internet";51;0;0;"Incluida em 10/Jul/2012.";NA;"FUNCEX12";"Internet";"Macro"
"8969";"FUNCEX12_MPMAQEQU2N12";NA;NA;"Ativa";"Funcex";"Comércio exterior";"Importações - setor: máquinas e equipamentos - preços - índice (média 2006 = 100)";"Importações - setor: máquinas e equipamentos - preços - índice (média 2006 = 100)";"Não oculta";"Internet";51;0;0;"Incluida em 10/Jul/2012.";NA;"FUNCEX12";"Internet";"Macro"
"8970";"FUNCEX12_MPMAQINF2N12";NA;NA;"Ativa";"Funcex";"Comércio exterior";"Importações - setor: eq. de informática, eletrônicos e ópticos - preços - índice (média 2006 = 100)";"Importações - setor: equipamentos de informática, produtos eletrônicos e ópticos - preços - índice (média 2006 = 100)";"Não oculta";"Internet";51;0;0;"Incluida em 10/Jul/2012.";NA;"FUNCEX12";"Internet";"Macro"
"8971";"FUNCEX12_MPMETBAS2N12";NA;NA;"Ativa";"Funcex";"Comércio exterior";"Importações - setor: metalurgia - preços - índice (média 2006 = 100)";"Importações - setor: metalurgia - preços - índice (média 2006 = 100)";"Não oculta";"Internet";51;0;0;"Incluida em 10/Jul/2012.";NA;"FUNCEX12";"Internet";"Macro"
"8972";"FUNCEX12_MPMET2N12";NA;NA;"Ativa";"Funcex";"Comércio exterior";"Importações - setor: produtos de metal - preços - índice (média 2006 = 100)";"Importações - setor: produtos de metal, exceto  máquinas e equipamentos - preços - índice (média 2006 = 100)";"Não oculta";"Internet";51;0;0;"Incluida em 10/Jul/2012.";NA;"FUNCEX12";"Internet";"Macro"
"8973";"FUNCEX12_MPMNM2N12";NA;NA;"Ativa";"Funcex";"Comércio exterior";"Importações - setor: produtos de minerais não-metálicos - preços - índice (média 2006 = 100)";"Importações - setor: produtos de minerais não-metálicos - preços - índice (média 2006 = 100)";"Não oculta";"Internet";51;0;0;"Incluida em 10/Jul/2012.";NA;"FUNCEX12";"Internet";"Macro"
"8974";"FUNCEX12_MPMOV2N12";NA;NA;"Ativa";"Funcex";"Comércio exterior";"Importações - setor: móveis - preços - índice (média 2006 = 100)";"Importações - setor: móveis - preços - índice (média 2006 = 100)";"Não oculta";"Internet";51;0;0;"Incluida em 10/Jul/2012.";NA;"FUNCEX12";"Internet";"Macro"
"8975";"FUNCEX12_MPOUTTRANS2N12";NA;NA;"Ativa";"Funcex";"Comércio exterior";"Importações - setor: outros equipamentos de transporte - preços - índice (média 2006 = 100)";"Importações - setor: outros equipamentos de transporte, exceto veículos automotores - preços - índice (média 2006 = 100)";"Não oculta";"Internet";51;0;0;"Incluida em 10/Jul/2012.";NA;"FUNCEX12";"Internet";"Macro"
"8976";"FUNCEX12_MPPAP2N12";NA;NA;"Ativa";"Funcex";"Comércio exterior";"Importações - setor: celulose, papel e produtos de papel - preços - índice (média 2006 = 100)";"Importações - setor: celulose, papel e produtos de papel - preços - índice (média 2006 = 100)";"Não oculta";"Internet";51;0;0;"Incluida em 10/Jul/2012.";NA;"FUNCEX12";"Internet";"Macro"
"8977";"FUNCEX12_MPPETCOMB2N12";NA;NA;"Ativa";"Funcex";"Comércio exterior";"Importações - setor: derivados do petróleo - preços - índice (média 2006 = 100)";"Importações - setor: derivados do petróleo, biocombustíveis e coque - preços - índice (média 2006 = 100)";"Não oculta";"Internet";51;0;0;"Incluida em 10/Jul/2012.";NA;"FUNCEX12";"Internet";"Macro"
"8978";"FUNCEX12_MPPLAS2N12";NA;NA;"Ativa";"Funcex";"Comércio exterior";"Importações - setor: produtos de borracha e material plástico - preços - índice (média 2006 = 100)";"Importações - setor: produtos de borracha e de material plástico - preços - índice (média 2006 = 100)";"Não oculta";"Internet";51;0;0;"Incluida em 10/Jul/2012.";NA;"FUNCEX12";"Internet";"Macro"
"8979";"FUNCEX12_MPQUIM2N12";NA;NA;"Ativa";"Funcex";"Comércio exterior";"Importações - setor: produtos químicos - preços - índice (média 2006 = 100)";"Importações - setor: produtos químicos - preços - índice (média 2006 = 100)";"Não oculta";"Internet";51;0;0;"Incluida em 10/Jul/2012.";NA;"FUNCEX12";"Internet";"Macro"
"8980";"FUNCEX12_MPTEXT2N12";NA;NA;"Ativa";"Funcex";"Comércio exterior";"Importações - setor: produtos têxteis - preços - índice (média 2006 = 100)";"Importações - setor: produtos têxteis - preços - índice (média 2006 = 100)";"Não oculta";"Internet";51;0;0;"Incluida em 10/Jul/2012.";NA;"FUNCEX12";"Internet";"Macro"
"8981";"FUNCEX12_MPVEIC2N12";NA;NA;"Ativa";"Funcex";"Comércio exterior";"Importações - setor: veículos automotores, reboques, carrocerias - preços - índice(média 2006 = 100)";"Importações - setor: veículos automotores, reboques, carrocerias - preços - índice (média 2006 = 100)";"Não oculta";"Internet";51;0;0;"Incluida em 10/Jul/2012.";NA;"FUNCEX12";"Internet";"Macro"
"8982";"FUNCEX12_MPVEST2N12";NA;NA;"Ativa";"Funcex";"Comércio exterior";"Importações - setor: artigos de vestuário e acessórios - preços - índice (média 2006 = 100)";"Importações - setor: confecção de artigos do  vestuário e acessórios - preços - índice (média 2006 = 100)";"Não oculta";"Internet";51;0;0;"Incluida em 10/Jul/2012.";NA;"FUNCEX12";"Internet";"Macro"
"8983";"FUNCEX12_MPDIV2N12";NA;NA;"Ativa";"Funcex";"Comércio exterior";"Importações - setor: indústrias diversas - preços - índice (média 2006 = 100)";"Importações - setor: indústrias diversas - preços - índice (média 2006 = 100)";"Não oculta";"Internet";51;0;0;"Incluida em 10/Jul/2012.";NA;"FUNCEX12";"Internet";"Macro"
"8984";"FUNCEX12_MPPRF2N12";NA;NA;"Ativa";"Funcex";"Comércio exterior";"Importações - setor: produção florestal - preços - índice (média 2006 = 100)";"Importações - setor: produção florestal - preços - índice (média 2006 = 100)";"Não oculta";"Internet";51;0;0;"Incluida em 10/Jul/2012.";NA;"FUNCEX12";"Internet";"Macro"
"8985";"FUNCEX12_MPPES2N12";NA;NA;"Ativa";"Funcex";"Comércio exterior";"Importações - setor: pesca e aqüicultura - preços - índice (média 2006 = 100)";"Importações - setor: pesca e aqüicultura - preços - índice (média 2006 = 100)";"Não oculta";"Internet";51;0;0;"Incluida em 10/Jul/2012.";NA;"FUNCEX12";"Internet";"Macro"
"8986";"FUNCEX12_MPFUMO2N12";NA;NA;"Ativa";"Funcex";"Comércio exterior";"Importações - setor: produtos do fumo - preços - índice (média 2006 = 100)";"Importações - setor: produtos do fumo - preços - índice (média 2006 = 100)";"Não oculta";"Internet";51;0;0;"Incluida em 10/Jul/2012.";NA;"FUNCEX12";"Internet";"Macro"
"8987";"FUNCEX12_MPIMPG2N12";NA;NA;"Ativa";"Funcex";"Comércio exterior";"Importações - setor: impressão e reprodução de gravações - preços - índice (média 2006 = 100)";"Importações - setor: impressão e reprodução de gravações - preços - índice (média 2006 = 100)";"Não oculta";"Internet";51;0;0;"Incluida em 10/Jul/2012.";NA;"FUNCEX12";"Internet";"Macro"
"8988";"FUNCEX12_MPFARM2N12";NA;NA;"Ativa";"Funcex";"Comércio exterior";"Importações - setor: produtos farmoquímicos farmacêuticos - preços - índice (média 2006 = 100)";"Importações - setor: produtos farmoquímicos farmacêuticos - preços - índice (média 2006 = 100)";"Não oculta";"Internet";51;0;0;"Incluida em 10/Jul/2012.";NA;"FUNCEX12";"Internet";"Macro"
"8989";"FUNCEX12_XPAGP2N12";NA;NA;"Ativa";"Funcex";"Comércio exterior";"Exportações - setor: agricultura e pecuária - preços - índice (média 2006 = 100)";"Exportações - setor: agricultura e pecuária - preços - índice (média 2006 = 100)";"Não oculta";"Internet";51;0;0;"Incluida em 10/Jul/2012.";NA;"FUNCEX12";"Internet";"Macro"
"8990";"FUNCEX12_XPAL2N12";NA;NA;"Ativa";"Funcex";"Comércio exterior";"Exportações - setor: produtos alimentícios - preços - índice (média 2006 = 100)";"Exportações - setor: produtos alimentícios - preços - índice (média 2006 = 100)";"Não oculta";"Internet";51;0;0;"Incluida em 10/Jul/2012.";NA;"FUNCEX12";"Internet";"Macro"
"8991";"FUNCEX12_XPBEB2N12";NA;NA;"Ativa";"Funcex";"Comércio exterior";"Exportações - setor: bebidas - preços - índice (média 2006 = 100)";"Exportações - setor: bebidas - preços - índice (média 2006 = 100)";"Não oculta";"Internet";51;0;0;"Incluida em 10/Jul/2012.";NA;"FUNCEX12";"Internet";"Macro"
"8992";"FUNCEX12_XPCAL2N12";NA;NA;"Ativa";"Funcex";"Comércio exterior";"Exportações - setor: couros, artefatos de couro e calçados - preços - índice (média 2006 = 100)";"Exportações - setor: couros, artefatos de couro, artigos para viagem e calçados - preços - índice (média 2006 = 100)";"Não oculta";"Internet";51;0;0;"Incluida em 10/Jul/2012.";NA;"FUNCEX12";"Internet";"Macro"
"8993";"FUNCEX12_XPEMM2N12";NA;NA;"Ativa";"Funcex";"Comércio exterior";"Exportações - setor: extração de minerais metálicos - preços - índice (média 2006 = 100)";"Exportações - setor: extração de minerais metálicos - preços - índice (média 2006 = 100)";"Não oculta";"Internet";51;0;0;"Incluida em 10/Jul/2012.";NA;"FUNCEX12";"Internet";"Macro"
"8994";"FUNCEX12_XPEMNM2N12";NA;NA;"Ativa";"Funcex";"Comércio exterior";"Exportações - setor: extração de minerais não-metálicos - preços - índice (média 2006 = 100)";"Exportações - setor: extração de minerais não-metálicos - preços - índice (média 2006 = 100)";"Não oculta";"Internet";51;0;0;"Incluida em 10/Jul/2012.";NA;"FUNCEX12";"Internet";"Macro"
"8995";"FUNCEX12_XPEPET2N12";NA;NA;"Ativa";"Funcex";"Comércio exterior";"Exportações - setor: extração de petróleo e gás natural - preços - índice (média 2006 = 100)";"Exportações - setor: extração de petróleo e gás natural - preços - índice (média 2006 = 100)";"Não oculta";"Internet";51;0;0;"Incluida em 10/Jul/2012.";NA;"FUNCEX12";"Internet";"Macro"
"8996";"FUNCEX12_XPMAD2N12";NA;NA;"Ativa";"Funcex";"Comércio exterior";"Exportações - setor: produtos de madeira - preços - índice (média 2006 = 100)";"Exportações - setor: produtos de madeira - preços - índice (média 2006 = 100)";"Não oculta";"Internet";51;0;0;"Incluida em 10/Jul/2012.";NA;"FUNCEX12";"Internet";"Macro"
"8997";"FUNCEX12_XPMAQELET2N12";NA;NA;"Ativa";"Funcex";"Comércio exterior";"Exportações - setor: máquinas, aparelhos e materiais elétricos - preços - índice (média 2006 = 100)";"Exportações - setor: máquinas, aparelhos e materiais elétricos - preços - índice (média 2006 = 100)";"Não oculta";"Internet";51;0;0;"Incluida em 10/Jul/2012.";NA;"FUNCEX12";"Internet";"Macro"
"8998";"FUNCEX12_XPMAQEQU2N12";NA;NA;"Ativa";"Funcex";"Comércio exterior";"Exportações - setor: máquinas e equipamentos - preços - índice (média 2006 = 100)";"Exportações - setor: máquinas e equipamentos - preços - índice (média 2006 = 100)";"Não oculta";"Internet";51;0;0;"Incluida em 10/Jul/2012.";NA;"FUNCEX12";"Internet";"Macro"
"8999";"FUNCEX12_XPMAQINF2N12";NA;NA;"Ativa";"Funcex";"Comércio exterior";"Exportações - setor: eq. de informática, eletrônicos e ópticos - preços - índice (média 2006 = 100)";"Exportações - setor: equipamentos de informática, produtos eletrônicos e ópticos - preços - índice (média 2006 = 100)";"Não oculta";"Internet";51;0;0;"Incluida em 10/Jul/2012.";NA;"FUNCEX12";"Internet";"Macro"
"9000";"FUNCEX12_XPMETBAS2N12";NA;NA;"Ativa";"Funcex";"Comércio exterior";"Exportações - setor: metalurgia - preços - índice (média 2006 = 100)";"Exportações - setor: metalurgia - preços - índice (média 2006 = 100)";"Não oculta";"Internet";51;0;0;"Incluida em 10/Jul/2012.";NA;"FUNCEX12";"Internet";"Macro"
"9001";"FUNCEX12_XPMET2N12";NA;NA;"Ativa";"Funcex";"Comércio exterior";"Exportações - setor: produtos de metal - preços - índice (média 2006 = 100)";"Exportações - setor: produtos de metal, exceto  máquinas e equipamentos - preços - índice (média 2006 = 100)";"Não oculta";"Internet";51;0;0;"Incluida em 10/Jul/2012.";NA;"FUNCEX12";"Internet";"Macro"
"9002";"FUNCEX12_XPMNM2N12";NA;NA;"Ativa";"Funcex";"Comércio exterior";"Exportações - setor: produtos de minerais não-metálicos - preços - índice (média 2006 = 100)";"Exportações - setor: produtos de minerais não-metálicos - preços - índice (média 2006 = 100)";"Não oculta";"Internet";51;0;0;"Incluida em 10/Jul/2012.";NA;"FUNCEX12";"Internet";"Macro"
"9003";"FUNCEX12_XPMOV2N12";NA;NA;"Ativa";"Funcex";"Comércio exterior";"Exportações - setor: móveis - preços - índice (média 2006 = 100)";"Exportações - setor: móveis - preços - índice (média 2006 = 100)";"Não oculta";"Internet";51;0;0;"Incluida em 10/Jul/2012.";NA;"FUNCEX12";"Internet";"Macro"
"9004";"FUNCEX12_XPOUTTRANS2N12";NA;NA;"Ativa";"Funcex";"Comércio exterior";"Exportações - setor: outros equipamentos de transporte - preços - índice (média 2006 = 100)";"Exportações - setor: outros equipamentos de transporte, exceto veículos automotores - preços - índice (média 2006 = 100)";"Não oculta";"Internet";51;0;0;"Incluida em 10/Jul/2012.";NA;"FUNCEX12";"Internet";"Macro"
"9005";"FUNCEX12_XPPAP2N12";NA;NA;"Ativa";"Funcex";"Comércio exterior";"Exportações - setor: celulose, papel e produtos de papel - preços - índice (média 2006 = 100)";"Exportações - setor: celulose, papel e produtos de papel - preços - índice (média 2006 = 100)";"Não oculta";"Internet";51;0;0;"Incluida em 10/Jul/2012.";NA;"FUNCEX12";"Internet";"Macro"
"9006";"FUNCEX12_XPPETCOMB2N12";NA;NA;"Ativa";"Funcex";"Comércio exterior";"Exportações - setor: derivados do petróleo - preços - índice (média 2006 = 100)";"Exportações - setor: derivados do petróleo biocombustíveis e coque - preços - índice (média 2006 = 100)";"Não oculta";"Internet";51;0;0;"Incluida em 10/Jul/2012.";NA;"FUNCEX12";"Internet";"Macro"
"9007";"FUNCEX12_XPPLAS2N12";NA;NA;"Ativa";"Funcex";"Comércio exterior";"Exportações - setor: produtos de borracha e material plástico - preços - índice (média 2006 = 100)";"Exportações - setor: produtos de borracha e de material plástico - preços - índice (média 2006 = 100)";"Não oculta";"Internet";51;0;0;"Incluida em 10/Jul/2012.";NA;"FUNCEX12";"Internet";"Macro"
"9008";"FUNCEX12_XPQUIM2N12";NA;NA;"Ativa";"Funcex";"Comércio exterior";"Exportações - setor: produtos químicos - preços - índice (média 2006 = 100)";"Exportações - setor: produtos químicos - preços - índice (média 2006 = 100)";"Não oculta";"Internet";51;0;0;"Incluida em 10/Jul/2012.";NA;"FUNCEX12";"Internet";"Macro"
"9009";"FUNCEX12_XPTEXT2N12";NA;NA;"Ativa";"Funcex";"Comércio exterior";"Exportações - setor: produtos têxteis - preços - índice (média 2006 = 100)";"Exportações - setor: produtos têxteis - preços - índice (média 2006 = 100)";"Não oculta";"Internet";51;0;0;"Incluida em 10/Jul/2012.";NA;"FUNCEX12";"Internet";"Macro"
"9010";"FUNCEX12_XPVEIC2N12";NA;NA;"Ativa";"Funcex";"Comércio exterior";"Exportações - setor: veículos automotores, reboques, carrocerias - preços - índice(média 2006 = 100)";"Exportações - setor: veículos automotores, reboques, carrocerias - preços - índice (média 2006 = 100)";"Não oculta";"Internet";51;0;0;"Incluida em 10/Jul/2012.";NA;"FUNCEX12";"Internet";"Macro"
"9011";"FUNCEX12_XPVEST2N12";NA;NA;"Ativa";"Funcex";"Comércio exterior";"Exportações - setor: artigos de vestuário e acessórios - preços - índice (média 2006 = 100)";"Exportações - setor: confecção de artigos do  vestuário e acessórios - preços - índice (média 2006 = 100)";"Não oculta";"Internet";51;0;0;"Incluida em 10/Jul/2012.";NA;"FUNCEX12";"Internet";"Macro"
"9012";"FUNCEX12_XPDIV2N12";NA;NA;"Ativa";"Funcex";"Comércio exterior";"Exportações - setor: indústrias diversas - preços - índice (média 2006 = 100)";"Exportações - setor: indústrias diversas - preços - índice (média 2006 = 100)";"Não oculta";"Internet";51;0;0;"Incluida em 10/Jul/2012.";NA;"FUNCEX12";"Internet";"Macro"
"9013";"FUNCEX12_XPPRF2N12";NA;NA;"Ativa";"Funcex";"Comércio exterior";"Exportações - setor: produção florestal - preços - índice (média 2006 = 100)";"Exportações - setor: produção florestal - preços - índice (média 2006 = 100)";"Não oculta";"Internet";51;0;0;"Incluida em 10/Jul/2012.";NA;"FUNCEX12";"Internet";"Macro"
"9014";"FUNCEX12_XPPES2N12";NA;NA;"Ativa";"Funcex";"Comércio exterior";"Exportações - setor: pesca e aqüicultura - preços - índice (média 2006 = 100)";"Exportações - setor: pesca e aqüicultura - preços - índice (média 2006 = 100)";"Não oculta";"Internet";51;0;0;"Incluida em 10/Jul/2012.";NA;"FUNCEX12";"Internet";"Macro"
"9015";"FUNCEX12_XPFUMO2N12";NA;NA;"Ativa";"Funcex";"Comércio exterior";"Exportações - setor: produtos do fumo - preços - índice (média 2006 = 100)";"Exportações - setor: produtos do fumo - preços - índice (média 2006 = 100)";"Não oculta";"Internet";51;0;0;"Incluida em 10/Jul/2012.";NA;"FUNCEX12";"Internet";"Macro"
"9016";"FUNCEX12_XPIXPG2N12";NA;NA;"Ativa";"Funcex";"Comércio exterior";"Exportações - setor: impressão e reprodução de gravações - preços - índice (média 2006 = 100)";"Exportações - setor: impressão e reprodução de gravações - preços - índice (média 2006 = 100)";"Não oculta";"Internet";51;0;0;"Incluida em 10/Jul/2012.";NA;"FUNCEX12";"Internet";"Macro"
"9017";"FUNCEX12_XPFARM2N12";NA;NA;"Ativa";"Funcex";"Comércio exterior";"Exportações - setor: produtos farmoquímicos farmacêuticos - preços - índice (média 2006 = 100)";"Exportações - setor: produtos farmoquímicos farmacêuticos - preços - índice (média 2006 = 100)";"Não oculta";"Internet";51;0;0;"Incluida em 10/Jul/2012.";NA;"FUNCEX12";"Internet";"Macro"
"9018";"FUNCEX12_XQAGP2N12";NA;NA;"Ativa";"Funcex";"Comércio exterior";"Exportações - setor: agricultura e pecuária - quantum - índice (média 2006 = 100)";"Exportações - setor: agricultura e pecuária - quantum - índice (média 2006 = 100)";"Não oculta";"Internet";51;0;0;"Incluida em 10/Jul/2012.";NA;"FUNCEX12";"Internet";"Macro"
"9019";"FUNCEX12_XQAL2N12";NA;NA;"Ativa";"Funcex";"Comércio exterior";"Exportações - setor: produtos alimentícios - quantum - índice (média 2006 = 100)";"Exportações - setor: produtos alimentícios - quantum - índice (média 2006 = 100)";"Não oculta";"Internet";51;0;0;"Incluida em 10/Jul/2012.";NA;"FUNCEX12";"Internet";"Macro"
"9020";"FUNCEX12_XQBEB2N12";NA;NA;"Ativa";"Funcex";"Comércio exterior";"Exportações - setor: bebidas - quantum - índice (média 2006 = 100)";"Exportações - setor: bebidas - quantum - índice (média 2006 = 100)";"Não oculta";"Internet";51;0;0;"Incluida em 10/Jul/2012.";NA;"FUNCEX12";"Internet";"Macro"
"9021";"FUNCEX12_XQCAL2N12";NA;NA;"Ativa";"Funcex";"Comércio exterior";"Exportações - setor: couros, artefatos de couro e calçados - quantum - índice (média 2006 = 100)";"Exportações - setor: couros, artefatos de couro, artigos para viagem e calçados - quantum - índice (média 2006 = 100)";"Não oculta";"Internet";51;0;0;"Incluida em 10/Jul/2012.";NA;"FUNCEX12";"Internet";"Macro"
"9022";"FUNCEX12_XQEMM2N12";NA;NA;"Ativa";"Funcex";"Comércio exterior";"Exportações - setor: extração de minerais metálicos - quantum - índice (média 2006 = 100)";"Exportações - setor: extração de minerais metálicos - quantum - índice (média 2006 = 100)";"Não oculta";"Internet";51;0;0;"Incluida em 10/Jul/2012.";NA;"FUNCEX12";"Internet";"Macro"
"9023";"FUNCEX12_XQEMNM2N12";NA;NA;"Ativa";"Funcex";"Comércio exterior";"Exportações - setor: extração de minerais não-metálicos - quantum - índice (média 2006 = 100)";"Exportações - setor: extração de minerais não-metálicos - quantum - índice (média 2006 = 100)";"Não oculta";"Internet";51;0;0;"Incluida em 10/Jul/2012.";NA;"FUNCEX12";"Internet";"Macro"
"9024";"FUNCEX12_XQEPET2N12";NA;NA;"Ativa";"Funcex";"Comércio exterior";"Exportações - setor: extração de petróleo e gás natural - quantum - índice (média 2006 = 100)";"Exportações - setor: extração de petróleo e gás natural - quantum - índice (média 2006 = 100)";"Não oculta";"Internet";51;0;0;"Incluida em 10/Jul/2012.";NA;"FUNCEX12";"Internet";"Macro"
"9025";"FUNCEX12_XQMAD2N12";NA;NA;"Ativa";"Funcex";"Comércio exterior";"Exportações - setor: produtos de madeira - quantum - índice (média 2006 = 100)";"Exportações - setor: produtos de madeira - quantum - índice (média 2006 = 100)";"Não oculta";"Internet";51;0;0;"Incluida em 10/Jul/2012.";NA;"FUNCEX12";"Internet";"Macro"
"9026";"FUNCEX12_XQMAQELET2N12";NA;NA;"Ativa";"Funcex";"Comércio exterior";"Exportações - setor: máquinas, aparelhos e materiais elétricos - quantum - índice (média 2006 = 100)";"Exportações - setor: máquinas, aparelhos e materiais elétricos - quantum - índice (média 2006 = 100)";"Não oculta";"Internet";51;0;0;"Incluida em 10/Jul/2012.";NA;"FUNCEX12";"Internet";"Macro"
"9027";"FUNCEX12_XQMAQEQU2N12";NA;NA;"Ativa";"Funcex";"Comércio exterior";"Exportações - setor: máquinas e equipamentos - quantum - índice (média 2006 = 100)";"Exportações - setor: máquinas e equipamentos - quantum - índice (média 2006 = 100)";"Não oculta";"Internet";51;0;0;"Incluida em 10/Jul/2012.";NA;"FUNCEX12";"Internet";"Macro"
"9028";"FUNCEX12_XQMAQINF2N12";NA;NA;"Ativa";"Funcex";"Comércio exterior";"Exportações - setor: eq. de informática, eletrônicos e ópticos - quantum - índice (média 2006 = 100)";"Exportações - setor: equipamentos de informática, produtos eletrônicos e ópticos - quantum - índice (média 2006 = 100)";"Não oculta";"Internet";51;0;0;"Incluida em 10/Jul/2012.";NA;"FUNCEX12";"Internet";"Macro"
"9029";"FUNCEX12_XQMETBAS2N12";NA;NA;"Ativa";"Funcex";"Comércio exterior";"Exportações - setor: metalurgia - quantum - índice (média 2006 = 100)";"Exportações - setor: metalurgia - quantum - índice (média 2006 = 100)";"Não oculta";"Internet";51;0;0;"Incluida em 10/Jul/2012.";NA;"FUNCEX12";"Internet";"Macro"
"9030";"FUNCEX12_XQMET2N12";NA;NA;"Ativa";"Funcex";"Comércio exterior";"Exportações - setor: produtos de metal - quantum - índice (média 2006 = 100)";"Exportações - setor: produtos de metal, exceto  máquinas e equipamentos - quantum - índice (média 2006 = 100)";"Não oculta";"Internet";51;0;0;"Incluida em 10/Jul/2012.";NA;"FUNCEX12";"Internet";"Macro"
"9031";"FUNCEX12_XQMNM2N12";NA;NA;"Ativa";"Funcex";"Comércio exterior";"Exportações - setor: produtos de minerais não-metálicos - quantum - índice (média 2006 = 100)";"Exportações - setor: produtos de minerais não-metálicos - quantum - índice (média 2006 = 100)";"Não oculta";"Internet";51;0;0;"Incluida em 10/Jul/2012.";NA;"FUNCEX12";"Internet";"Macro"
"9032";"FUNCEX12_XQMOV2N12";NA;NA;"Ativa";"Funcex";"Comércio exterior";"Exportações - setor: móveis - quantum - índice (média 2006 = 100)";"Exportações - setor: móveis - quantum - índice (média 2006 = 100)";"Não oculta";"Internet";51;0;0;"Incluida em 10/Jul/2012.";NA;"FUNCEX12";"Internet";"Macro"
"9033";"FUNCEX12_XQOUTTRANS2N12";NA;NA;"Ativa";"Funcex";"Comércio exterior";"Exportações - setor: outros equipamentos de transporte - quantum - índice (média 2006 = 100)";"Exportações - setor: outros equipamentos de transporte, exceto veículos automotores - quantum - índice (média 2006 = 100)";"Não oculta";"Internet";51;0;0;"Incluida em 10/Jul/2012.";NA;"FUNCEX12";"Internet";"Macro"
"9034";"FUNCEX12_XQPAP2N12";NA;NA;"Ativa";"Funcex";"Comércio exterior";"Exportações - setor: celulose, papel e produtos de papel - quantum - índice (média 2006 = 100)";"Exportações - setor: celulose, papel e produtos de papel - quantum - índice (média 2006 = 100)";"Não oculta";"Internet";51;0;0;"Incluida em 10/Jul/2012.";NA;"FUNCEX12";"Internet";"Macro"
"9035";"FUNCEX12_XQPETCOMB2N12";NA;NA;"Ativa";"Funcex";"Comércio exterior";"Exportações - setor: derivados do petróleo - quantum - índice (média 2006 = 100)";"Exportações - setor: derivados do petróleo biocombustíveis e coque - quantum - índice (média 2006 = 100)";"Não oculta";"Internet";51;0;0;"Incluida em 10/Jul/2012.";NA;"FUNCEX12";"Internet";"Macro"
"9036";"FUNCEX12_XQPLAS2N12";NA;NA;"Ativa";"Funcex";"Comércio exterior";"Exportações - setor: produtos de borracha e material plástico - quantum - índice (média 2006 = 100)";"Exportações - setor: produtos de borracha e de material plástico - quantum - índice (média 2006 = 100)";"Não oculta";"Internet";51;0;0;"Incluida em 10/Jul/2012.";NA;"FUNCEX12";"Internet";"Macro"
"9037";"FUNCEX12_XQQUIM2N12";NA;NA;"Ativa";"Funcex";"Comércio exterior";"Exportações - setor: produtos químicos - quantum - índice (média 2006 = 100)";"Exportações - setor: produtos químicos - quantum - índice (média 2006 = 100)";"Não oculta";"Internet";51;0;0;"Incluida em 10/Jul/2012.";NA;"FUNCEX12";"Internet";"Macro"
"9038";"FUNCEX12_XQTEXT2N12";NA;NA;"Ativa";"Funcex";"Comércio exterior";"Exportações - setor: produtos têxteis - quantum - índice (média 2006 = 100)";"Exportações - setor: produtos têxteis - quantum - índice (média 2006 = 100)";"Não oculta";"Internet";51;0;0;"Incluida em 10/Jul/2012.";NA;"FUNCEX12";"Internet";"Macro"
"9039";"FUNCEX12_XQVEIC2N12";NA;NA;"Ativa";"Funcex";"Comércio exterior";"Exportações - setor: veículos automotores, reboques,carrocerias - quantum - índice(média 2006 = 100)";"Exportações - setor: veículos automotores, reboques, carrocerias - quantum - índice (média 2006 = 100)";"Não oculta";"Internet";51;0;0;"Incluida em 10/Jul/2012.";NA;"FUNCEX12";"Internet";"Macro"
"9040";"FUNCEX12_XQVEST2N12";NA;NA;"Ativa";"Funcex";"Comércio exterior";"Exportações - setor: artigos de vestuário e acessórios - quantum - índice (média 2006 = 100)";"Exportações - setor: confecção de artigos do  vestuário e acessórios - quantum - índice (média 2006 = 100)";"Não oculta";"Internet";51;0;0;"Incluida em 10/Jul/2012.";NA;"FUNCEX12";"Internet";"Macro"
"9041";"FUNCEX12_XQDIV2N12";NA;NA;"Ativa";"Funcex";"Comércio exterior";"Exportações - setor: indústrias diversas - quantum - índice (média 2006 = 100)";"Exportações - setor: indústrias diversas - quantum - índice (média 2006 = 100)";"Não oculta";"Internet";51;0;0;"Incluida em 10/Jul/2012.";NA;"FUNCEX12";"Internet";"Macro"
"9042";"FUNCEX12_XQPRF2N12";NA;NA;"Ativa";"Funcex";"Comércio exterior";"Exportações - setor: produção florestal - quantum - índice (média 2006 = 100)";"Exportações - setor: produção florestal - quantum - índice (média 2006 = 100)";"Não oculta";"Internet";51;0;0;"Incluida em 10/Jul/2012.";NA;"FUNCEX12";"Internet";"Macro"
"9043";"FUNCEX12_XQPES2N12";NA;NA;"Ativa";"Funcex";"Comércio exterior";"Exportações - setor: pesca e aqüicultura - quantum - índice (média 2006 = 100)";"Exportações - setor: pesca e aqüicultura - quantum - índice (média 2006 = 100)";"Não oculta";"Internet";51;0;0;"Incluida em 10/Jul/2012.";NA;"FUNCEX12";"Internet";"Macro"
"9044";"FUNCEX12_XQFUMO2N12";NA;NA;"Ativa";"Funcex";"Comércio exterior";"Exportações - setor: produtos do fumo - quantum - índice (média 2006 = 100)";"Exportações - setor: produtos do fumo - quantum - índice (média 2006 = 100)";"Não oculta";"Internet";51;0;0;"Incluida em 10/Jul/2012.";NA;"FUNCEX12";"Internet";"Macro"
"9045";"FUNCEX12_XQIXQG2N12";NA;NA;"Ativa";"Funcex";"Comércio exterior";"Exportações - setor: impressão e reprodução de gravações - quantum - índice (média 2006 = 100)";"Exportações - setor: impressão e reprodução de gravações - quantum - índice (média 2006 = 100)";"Não oculta";"Internet";51;0;0;"Incluida em 10/Jul/2012.";NA;"FUNCEX12";"Internet";"Macro"
"9046";"FUNCEX12_XQFARM2N12";NA;NA;"Ativa";"Funcex";"Comércio exterior";"Exportações - setor: produtos farmoquímicos farmacêuticos - quantum - índice (média 2006 = 100)";"Exportações - setor: produtos farmoquímicos farmacêuticos - quantum - índice (média 2006 = 100)";"Não oculta";"Internet";51;0;0;"Incluida em 10/Jul/2012.";NA;"FUNCEX12";"Internet";"Macro"
"9047";"FUNCEX12_MQAGP2N12";NA;NA;"Ativa";"Funcex";"Comércio exterior";"Importações - setor: agricultura e pecuária - quantum - índice (média 2006 = 100)";"Importações - setor: agricultura e pecuária - quantum - índice (média 2006 = 100)";"Não oculta";"Internet";51;0;0;"Incluida em 10/Jul/2012.";NA;"FUNCEX12";"Internet";"Macro"
"9048";"FUNCEX12_MQAL2N12";NA;NA;"Ativa";"Funcex";"Comércio exterior";"Importações - setor: produtos alimentícios - quantum - índice (média 2006 = 100)";"Importações - setor: produtos alimentícios - quantum - índice (média 2006 = 100)";"Não oculta";"Internet";51;0;0;"Incluida em 10/Jul/2012.";NA;"FUNCEX12";"Internet";"Macro"
"9049";"FUNCEX12_MQBEB2N12";NA;NA;"Ativa";"Funcex";"Comércio exterior";"Importações - setor: bebidas - quantum - índice (média 2006 = 100)";"Importações - setor: bebidas - quantum - índice (média 2006 = 100)";"Não oculta";"Internet";51;0;0;"Incluida em 10/Jul/2012.";NA;"FUNCEX12";"Internet";"Macro"
"9050";"FUNCEX12_MQCAL2N12";NA;NA;"Ativa";"Funcex";"Comércio exterior";"Importações - setor: couros, artefatos de couro e calçados - quantum - índice (média 2006 = 100)";"Importações - setor: couros, artefatos de couro, artigos para viagem e calçados - quantum - índice (média 2006 = 100)";"Não oculta";"Internet";51;0;0;"Incluida em 10/Jul/2012.";NA;"FUNCEX12";"Internet";"Macro"
"9051";"FUNCEX12_MQEMM2N12";NA;NA;"Ativa";"Funcex";"Comércio exterior";"Importações - setor: extração de minerais metálicos - quantum - índice (média 2006 = 100)";"Importações - setor: extração de minerais metálicos - quantum - índice (média 2006 = 100)";"Não oculta";"Internet";51;0;0;"Incluida em 10/Jul/2012.";NA;"FUNCEX12";"Internet";"Macro"
"9052";"FUNCEX12_MQEMNM2N12";NA;NA;"Ativa";"Funcex";"Comércio exterior";"Importações - setor: extração de minerais não-metálicos - quantum - índice (média 2006 = 100)";"Importações - setor: extração de minerais não-metálicos - quantum - índice (média 2006 = 100)";"Não oculta";"Internet";51;0;0;"Incluida em 10/Jul/2012.";NA;"FUNCEX12";"Internet";"Macro"
"9053";"FUNCEX12_MQEPET2N12";NA;NA;"Ativa";"Funcex";"Comércio exterior";"Importações - setor: extração de petróleo e gás natural - quantum - índice (média 2006 = 100)";"Importações - setor: extração de petróleo e gás natural - quantum - índice (média 2006 = 100)";"Não oculta";"Internet";51;0;0;"Incluida em 10/Jul/2012.";NA;"FUNCEX12";"Internet";"Macro"
"9054";"FUNCEX12_MQMAD2N12";NA;NA;"Ativa";"Funcex";"Comércio exterior";"Importações - setor: produtos de madeira - quantum - índice (média 2006 = 100)";"Importações - setor: produtos de madeira - quantum - índice (média 2006 = 100)";"Não oculta";"Internet";51;0;0;"Incluida em 10/Jul/2012.";NA;"FUNCEX12";"Internet";"Macro"
"9055";"FUNCEX12_MQMAQELET2N12";NA;NA;"Ativa";"Funcex";"Comércio exterior";"Importações - setor: máquinas, aparelhos e materiais elétricos - quantum - índice (média 2006 = 100)";"Importações - setor: máquinas, aparelhos e materiais elétricos - quantum - índice (média 2006 = 100)";"Não oculta";"Internet";51;0;0;"Incluida em 10/Jul/2012.";NA;"FUNCEX12";"Internet";"Macro"
"9056";"FUNCEX12_MQMAQEQU2N12";NA;NA;"Ativa";"Funcex";"Comércio exterior";"Importações - setor: máquinas e equipamentos - quantum - índice (média 2006 = 100)";"Importações - setor: máquinas e equipamentos - quantum - índice (média 2006 = 100)";"Não oculta";"Internet";51;0;0;"Incluida em 10/Jul/2012.";NA;"FUNCEX12";"Internet";"Macro"
"9057";"FUNCEX12_MQMAQINF2N12";NA;NA;"Ativa";"Funcex";"Comércio exterior";"Importações - setor: eq. de informática, eletrônicos e ópticos - quantum - índice (média 2006 = 100)";"Importações - setor: equipamentos de informática, produtos eletrônicos e ópticos - quantum - índice (média 2006 = 100)";"Não oculta";"Internet";51;0;0;"Incluida em 10/Jul/2012.";NA;"FUNCEX12";"Internet";"Macro"
"9058";"FUNCEX12_MQMETBAS2N12";NA;NA;"Ativa";"Funcex";"Comércio exterior";"Importações - setor: metalurgia - quantum - índice (média 2006 = 100)";"Importações - setor: metalurgia - quantum - índice (média 2006 = 100)";"Não oculta";"Internet";51;0;0;"Incluida em 10/Jul/2012.";NA;"FUNCEX12";"Internet";"Macro"
"9059";"FUNCEX12_MQMET2N12";NA;NA;"Ativa";"Funcex";"Comércio exterior";"Importações - setor: produtos de metal - quantum - índice (média 2006 = 100)";"Importações - setor: produtos de metal, exceto  máquinas e equipamentos - quantum - índice (média 2006 = 100)";"Não oculta";"Internet";51;0;0;"Incluida em 10/Jul/2012.";NA;"FUNCEX12";"Internet";"Macro"
"9060";"FUNCEX12_MQMNM2N12";NA;NA;"Ativa";"Funcex";"Comércio exterior";"Importações - setor: produtos de minerais não-metálicos - quantum - índice (média 2006 = 100)";"Importações - setor: produtos de minerais não-metálicos - quantum - índice (média 2006 = 100)";"Não oculta";"Internet";51;0;0;"Incluida em 10/Jul/2012.";NA;"FUNCEX12";"Internet";"Macro"
"9061";"FUNCEX12_MQMOV2N12";NA;NA;"Ativa";"Funcex";"Comércio exterior";"Importações - setor: móveis - quantum - índice (média 2006 = 100)";"Importações - setor: móveis - quantum - índice (média 2006 = 100)";"Não oculta";"Internet";51;0;0;"Incluida em 10/Jul/2012.";NA;"FUNCEX12";"Internet";"Macro"
"9062";"FUNCEX12_MQOUTTRANS2N12";NA;NA;"Ativa";"Funcex";"Comércio exterior";"Importações - setor: outros equipamentos de transporte - quantum - índice (média 2006 = 100)";"Importações - setor: outros equipamentos de transporte, exceto veículos automotores - quantum - índice (média 2006 = 100)";"Não oculta";"Internet";51;0;0;"Incluida em 10/Jul/2012.";NA;"FUNCEX12";"Internet";"Macro"
"9063";"FUNCEX12_MQPAP2N12";NA;NA;"Ativa";"Funcex";"Comércio exterior";"Importações - setor: celulose, papel e produtos de papel - quantum - índice (média 2006 = 100)";"Importações - setor: celulose, papel e produtos de papel - quantum - índice (média 2006 = 100)";"Não oculta";"Internet";51;0;0;"Incluida em 10/Jul/2012.";NA;"FUNCEX12";"Internet";"Macro"
"9064";"FUNCEX12_MQPETCOMB2N12";NA;NA;"Ativa";"Funcex";"Comércio exterior";"Importações - setor: derivados do petróleo - quantum - índice (média 2006 = 100)";"Importações - setor: derivados do petróleo biocombustíveis e coque - quantum - índice (média 2006 = 100)";"Não oculta";"Internet";51;0;0;"Incluida em 10/Jul/2012.";NA;"FUNCEX12";"Internet";"Macro"
"9065";"FUNCEX12_MQPLAS2N12";NA;NA;"Ativa";"Funcex";"Comércio exterior";"Importações - setor: produtos de borracha e material plástico - quantum - índice (média 2006 = 100)";"Importações - setor: produtos de borracha e de material plástico - quantum - índice (média 2006 = 100)";"Não oculta";"Internet";51;0;0;"Incluida em 10/Jul/2012.";NA;"FUNCEX12";"Internet";"Macro"
"9066";"FUNCEX12_MQQUIM2N12";NA;NA;"Ativa";"Funcex";"Comércio exterior";"Importações - setor: produtos químicos - quantum - índice (média 2006 = 100)";"Importações - setor: produtos químicos - quantum - índice (média 2006 = 100)";"Não oculta";"Internet";51;0;0;"Incluida em 10/Jul/2012.";NA;"FUNCEX12";"Internet";"Macro"
"9067";"FUNCEX12_MQTEXT2N12";NA;NA;"Ativa";"Funcex";"Comércio exterior";"Importações - setor: produtos têxteis - quantum - índice (média 2006 = 100)";"Importações - setor: produtos têxteis - quantum - índice (média 2006 = 100)";"Não oculta";"Internet";51;0;0;"Incluida em 10/Jul/2012.";NA;"FUNCEX12";"Internet";"Macro"
"9068";"FUNCEX12_MQVEIC2N12";NA;NA;"Ativa";"Funcex";"Comércio exterior";"Importações - setor: veículos automotores, reboques,carrocerias - quantum - índice(média 2006 = 100)";"Importações - setor: veículos automotores, reboques, carrocerias - quantum - índice(média 2006 = 100)";"Não oculta";"Internet";51;0;0;"Incluida em 10/Jul/2012.";NA;"FUNCEX12";"Internet";"Macro"
"9069";"FUNCEX12_MQVEST2N12";NA;NA;"Ativa";"Funcex";"Comércio exterior";"Importações - setor: artigos de vestuário e acessórios - quantum - índice (média 2006 = 100)";"Importações - setor: confecção de artigos do  vestuário e acessórios - quantum - índice (média 2006 = 100)";"Não oculta";"Internet";51;0;0;"Incluida em 10/Jul/2012.";NA;"FUNCEX12";"Internet";"Macro"
"9070";"FUNCEX12_MQDIV2N12";NA;NA;"Ativa";"Funcex";"Comércio exterior";"Importações - setor: indústrias diversas - quantum - índice (média 2006 = 100)";"Importações - setor: indústrias diversas - quantum - índice (média 2006 = 100)";"Não oculta";"Internet";51;0;0;"Incluida em 10/Jul/2012.";NA;"FUNCEX12";"Internet";"Macro"
"9071";"FUNCEX12_MQPRF2N12";NA;NA;"Ativa";"Funcex";"Comércio exterior";"Importações - setor: produção florestal - quantum - índice (média 2006 = 100)";"Importações - setor: produção florestal - quantum - índice (média 2006 = 100)";"Não oculta";"Internet";51;0;0;"Incluida em 10/Jul/2012.";NA;"FUNCEX12";"Internet";"Macro"
"9072";"FUNCEX12_MQPES2N12";NA;NA;"Ativa";"Funcex";"Comércio exterior";"Importações - setor: pesca e aqüicultura - quantum - índice (média 2006 = 100)";"Importações - setor: pesca e aqüicultura - quantum - índice (média 2006 = 100)";"Não oculta";"Internet";51;0;0;"Incluida em 10/Jul/2012.";NA;"FUNCEX12";"Internet";"Macro"
"9073";"FUNCEX12_MQFUMO2N12";NA;NA;"Ativa";"Funcex";"Comércio exterior";"Importações - setor: produtos do fumo - quantum - índice (média 2006 = 100)";"Importações - setor: produtos do fumo - quantum - índice (média 2006 = 100)";"Não oculta";"Internet";51;0;0;"Incluida em 10/Jul/2012.";NA;"FUNCEX12";"Internet";"Macro"
"9074";"FUNCEX12_MQIMQG2N12";NA;NA;"Ativa";"Funcex";"Comércio exterior";"Importações - setor: impressão e reprodução de gravações - quantum - índice (média 2006 = 100)";"Importações - setor: impressão e reprodução de gravações - quantum - índice (média 2006 = 100)";"Não oculta";"Internet";51;0;0;"Incluida em 10/Jul/2012.";NA;"FUNCEX12";"Internet";"Macro"
"9075";"FUNCEX12_MQFARM2N12";NA;NA;"Ativa";"Funcex";"Comércio exterior";"Importações - setor: produtos farmoquímicos farmacêuticos - quantum - índice (média 2006 = 100)";"Importações - setor: produtos farmoquímicos farmacêuticos - quantum - índice (média 2006 = 100)";"Não oculta";"Internet";51;0;0;"Incluida em 10/Jul/2012.";NA;"FUNCEX12";"Internet";"Macro"
"9076";"FUNCEX12_MVAGP2N12";NA;NA;"Ativa";"Funcex";"Comércio exterior";"Importações - setor: agricultura e pecuária - (FOB)";"Importações - setor: agricultura e pecuária - (FOB)";"Não oculta";"Internet";51;0;0;"Incluida em 10/Jul/2012.";NA;"FUNCEX12";"Internet";"Macro"
"9077";"FUNCEX12_MVAL2N12";NA;NA;"Ativa";"Funcex";"Comércio exterior";"Importações - setor: produtos alimentícios - (FOB)";"Importações - setor: produtos alimentícios - (FOB)";"Não oculta";"Internet";51;0;0;"Incluida em 10/Jul/2012.";NA;"FUNCEX12";"Internet";"Macro"
"9078";"FUNCEX12_MVBEB2N12";NA;NA;"Ativa";"Funcex";"Comércio exterior";"Importações - setor: bebidas - (FOB)";"Importações - setor: bebidas - (FOB)";"Não oculta";"Internet";51;0;0;"Incluida em 10/Jul/2012.";NA;"FUNCEX12";"Internet";"Macro"
"9079";"FUNCEX12_MVCAL2N12";NA;NA;"Ativa";"Funcex";"Comércio exterior";"Importações - setor: couros, artefatos de couro e calçados - (FOB)";"Importações - setor: couros, artefatos de couro, artigos para viagem e calçados - (FOB)";"Não oculta";"Internet";51;0;0;"Incluida em 10/Jul/2012.";NA;"FUNCEX12";"Internet";"Macro"
"9080";"FUNCEX12_MVEMM2N12";NA;NA;"Ativa";"Funcex";"Comércio exterior";"Importações - setor: extração de minerais metálicos - (FOB)";"Importações - setor: extração de minerais metálicos - (FOB)";"Não oculta";"Internet";51;0;0;"Incluida em 10/Jul/2012.";NA;"FUNCEX12";"Internet";"Macro"
"9081";"FUNCEX12_MVEMNM2N12";NA;NA;"Ativa";"Funcex";"Comércio exterior";"Importações - setor: extração de minerais não-metálicos - (FOB)";"Importações - setor: extração de minerais não-metálicos - (FOB)";"Não oculta";"Internet";51;0;0;"Incluida em 10/Jul/2012.";NA;"FUNCEX12";"Internet";"Macro"
"9082";"FUNCEX12_MVEPET2N12";NA;NA;"Ativa";"Funcex";"Comércio exterior";"Importações - setor: extração de petróleo e gás natural - (FOB)";"Importações - setor: extração de petróleo e gás natural - (FOB)";"Não oculta";"Internet";51;0;0;"Incluida em 10/Jul/2012.";NA;"FUNCEX12";"Internet";"Macro"
"9083";"FUNCEX12_MVMAD2N12";NA;NA;"Ativa";"Funcex";"Comércio exterior";"Importações - setor: produtos de madeira - (FOB)";"Importações - setor: produtos de madeira - (FOB)";"Não oculta";"Internet";51;0;0;"Incluida em 10/Jul/2012.";NA;"FUNCEX12";"Internet";"Macro"
"9084";"FUNCEX12_MVMAQELET2N12";NA;NA;"Ativa";"Funcex";"Comércio exterior";"Importações - setor: máquinas, aparelhos e materiais elétricos - (FOB)";"Importações - setor: máquinas, aparelhos e materiais elétricos - (FOB)";"Não oculta";"Internet";51;0;0;"Incluida em 10/Jul/2012.";NA;"FUNCEX12";"Internet";"Macro"
"9085";"FUNCEX12_MVMAQEQU2N12";NA;NA;"Ativa";"Funcex";"Comércio exterior";"Importações - setor: máquinas e equipamentos - (FOB)";"Importações - setor: máquinas e equipamentos - (FOB)";"Não oculta";"Internet";51;0;0;"Incluida em 10/Jul/2012.";NA;"FUNCEX12";"Internet";"Macro"
"9086";"FUNCEX12_MVMAQINF2N12";NA;NA;"Ativa";"Funcex";"Comércio exterior";"Importações - setor: eq. de informática, eletrônicos e ópticos - (FOB)";"Importações - setor: equipamentos de informática, produtos eletrônicos e ópticos - (FOB)";"Não oculta";"Internet";51;0;0;"Incluida em 10/Jul/2012.";NA;"FUNCEX12";"Internet";"Macro"
"9087";"FUNCEX12_MVMETBAS2N12";NA;NA;"Ativa";"Funcex";"Comércio exterior";"Importações - setor: metalurgia - (FOB)";"Importações - setor: metalurgia - (FOB)";"Não oculta";"Internet";51;0;0;"Incluida em 10/Jul/2012.";NA;"FUNCEX12";"Internet";"Macro"
"9088";"FUNCEX12_MVMET2N12";NA;NA;"Ativa";"Funcex";"Comércio exterior";"Importações - setor: produtos de metal - (FOB)";"Importações - setor: produtos de metal, exceto  máquinas e equipamentos - (FOB)";"Não oculta";"Internet";51;0;0;"Incluida em 10/Jul/2012.";NA;"FUNCEX12";"Internet";"Macro"
"9089";"FUNCEX12_MVMNM2N12";NA;NA;"Ativa";"Funcex";"Comércio exterior";"Importações - setor: produtos de minerais não-metálicos - (FOB)";"Importações - setor: produtos de minerais não-metálicos - (FOB)";"Não oculta";"Internet";51;0;0;"Incluida em 10/Jul/2012.";NA;"FUNCEX12";"Internet";"Macro"
"9090";"FUNCEX12_MVMOV2N12";NA;NA;"Ativa";"Funcex";"Comércio exterior";"Importações - setor: móveis - (FOB)";"Importações - setor: móveis - (FOB)";"Não oculta";"Internet";51;0;0;"Incluida em 10/Jul/2012.";NA;"FUNCEX12";"Internet";"Macro"
"9091";"FUNCEX12_MVOUTTRANS2N12";NA;NA;"Ativa";"Funcex";"Comércio exterior";"Importações - setor: outros equipamentos de transporte - (FOB)";"Importações - setor: outros equipamentos de transporte, exceto veículos automotores - (FOB)";"Não oculta";"Internet";51;0;0;"Incluida em 10/Jul/2012.";NA;"FUNCEX12";"Internet";"Macro"
"9092";"FUNCEX12_MVPAP2N12";NA;NA;"Ativa";"Funcex";"Comércio exterior";"Importações - setor: celulose, papel e produtos de papel - (FOB)";"Importações - setor: celulose, papel e produtos de papel - (FOB)";"Não oculta";"Internet";51;0;0;"Incluida em 10/Jul/2012.";NA;"FUNCEX12";"Internet";"Macro"
"9093";"FUNCEX12_MVPETCOMB2N12";NA;NA;"Ativa";"Funcex";"Comércio exterior";"Importações - setor: derivados do petróleo - (FOB)";"Importações - setor: derivados do petróleo biocombustíveis e coque - (FOB)";"Não oculta";"Internet";51;0;0;"Incluida em 10/Jul/2012.";NA;"FUNCEX12";"Internet";"Macro"
"9094";"FUNCEX12_MVPLAS2N12";NA;NA;"Ativa";"Funcex";"Comércio exterior";"Importações - setor: produtos de borracha e material plástico - (FOB)";"Importações - setor: produtos de borracha e de material plástico - (FOB)";"Não oculta";"Internet";51;0;0;"Incluida em 10/Jul/2012.";NA;"FUNCEX12";"Internet";"Macro"
"9095";"FUNCEX12_MVQUIM2N12";NA;NA;"Ativa";"Funcex";"Comércio exterior";"Importações - setor: produtos químicos - (FOB)";"Importações - setor: produtos químicos - (FOB)";"Não oculta";"Internet";51;0;0;"Incluida em 10/Jul/2012.";NA;"FUNCEX12";"Internet";"Macro"
"9096";"FUNCEX12_MVTEXT2N12";NA;NA;"Ativa";"Funcex";"Comércio exterior";"Importações - setor: produtos têxteis - (FOB)";"Importações - setor: produtos têxteis - (FOB)";"Não oculta";"Internet";51;0;0;"Incluida em 10/Jul/2012.";NA;"FUNCEX12";"Internet";"Macro"
"9097";"FUNCEX12_MVVEIC2N12";NA;NA;"Ativa";"Funcex";"Comércio exterior";"Importações - setor: veículos automotores, reboques,carrocerias - (FOB)";"Importações - setor: veículos automotores, reboques, carrocerias - (FOB)";"Não oculta";"Internet";51;0;0;"Incluida em 10/Jul/2012.";NA;"FUNCEX12";"Internet";"Macro"
"9098";"FUNCEX12_MVVEST2N12";NA;NA;"Ativa";"Funcex";"Comércio exterior";"Importações - setor: artigos de vestuário e acessórios - (FOB)";"Importações - setor: confecção de artigos do  vestuário e acessórios - (FOB)";"Não oculta";"Internet";51;0;0;"Incluida em 10/Jul/2012.";NA;"FUNCEX12";"Internet";"Macro"
"9099";"FUNCEX12_MVDIV2N12";NA;NA;"Ativa";"Funcex";"Comércio exterior";"Importações - setor: indústrias diversas - (FOB)";"Importações - setor: indústrias diversas - (FOB)";"Não oculta";"Internet";51;0;0;"Incluida em 10/Jul/2012.";NA;"FUNCEX12";"Internet";"Macro"
"9100";"FUNCEX12_MVPRF2N12";NA;NA;"Ativa";"Funcex";"Comércio exterior";"Importações - setor: produção florestal - (FOB)";"Importações - setor: produção florestal - (FOB)";"Não oculta";"Internet";51;0;0;"Incluida em 10/Jul/2012.";NA;"FUNCEX12";"Internet";"Macro"
"9101";"FUNCEX12_MVPES2N12";NA;NA;"Ativa";"Funcex";"Comércio exterior";"Importações - setor: pesca e aqüicultura - (FOB)";"Importações - setor: pesca e aqüicultura - (FOB)";"Não oculta";"Internet";51;0;0;"Incluida em 10/Jul/2012.";NA;"FUNCEX12";"Internet";"Macro"
"9102";"FUNCEX12_MVFUMO2N12";NA;NA;"Ativa";"Funcex";"Comércio exterior";"Importações - setor: produtos do fumo - (FOB)";"Importações - setor: produtos do fumo - (FOB)";"Não oculta";"Internet";51;0;0;"Incluida em 10/Jul/2012.";NA;"FUNCEX12";"Internet";"Macro"
"9103";"FUNCEX12_MVIMVG2N12";NA;NA;"Ativa";"Funcex";"Comércio exterior";"Importações - setor: impressão e reprodução de gravações - (FOB)";"Importações - setor: impressão e reprodução de gravações - (FOB)";"Não oculta";"Internet";51;0;0;"Incluida em 10/Jul/2012.";NA;"FUNCEX12";"Internet";"Macro"
"9104";"FUNCEX12_MVFARM2N12";NA;NA;"Ativa";"Funcex";"Comércio exterior";"Importações - setor: produtos farmoquímicos farmacêuticos - (FOB)";"Importações - setor: produtos farmoquímicos farmacêuticos - (FOB)";"Não oculta";"Internet";51;0;0;"Incluida em 10/Jul/2012.";NA;"FUNCEX12";"Internet";"Macro"
"9105";"FUNCEX12_MVECARV2N12";NA;NA;"Ativa";"Funcex";"Comércio exterior";"Importações - setor: extração de carvão mineral - (FOB)";"Importações - setor: extração de carvão mineral - (FOB)";"Não oculta";"Internet";51;0;0;"Incluida em 10/Jul/2012.";NA;"FUNCEX12";"Internet";"Macro"
"9106";"FUNCEX12_XVAGP2N12";NA;NA;"Ativa";"Funcex";"Comércio exterior";"Exportações - setor: agricultura e pecuária - (FOB)";"Exportações - setor: agricultura e pecuária - (FOB)";"Não oculta";"Internet";51;0;0;"Incluida em 10/Jul/2012.";NA;"FUNCEX12";"Internet";"Macro"
"9107";"FUNCEX12_XVAL2N12";NA;NA;"Ativa";"Funcex";"Comércio exterior";"Exportações - setor: produtos alimentícios - (FOB)";"Exportações - setor: produtos alimentícios - (FOB)";"Não oculta";"Internet";51;0;0;"Incluida em 10/Jul/2012.";NA;"FUNCEX12";"Internet";"Macro"
"9108";"FUNCEX12_XVBEB2N12";NA;NA;"Ativa";"Funcex";"Comércio exterior";"Exportações - setor: bebidas - (FOB)";"Exportações - setor: bebidas - (FOB)";"Não oculta";"Internet";51;0;0;"Incluida em 10/Jul/2012.";NA;"FUNCEX12";"Internet";"Macro"
"9109";"FUNCEX12_XVCAL2N12";NA;NA;"Ativa";"Funcex";"Comércio exterior";"Exportações - setor: couros, artefatos de couro e calçados - (FOB)";"Exportações - setor: couros, artefatos de couro, artigos para viagem e calçados - (FOB)";"Não oculta";"Internet";51;0;0;"Incluida em 10/Jul/2012.";NA;"FUNCEX12";"Internet";"Macro"
"9110";"FUNCEX12_XVEMM2N12";NA;NA;"Ativa";"Funcex";"Comércio exterior";"Exportações - setor: extração de minerais metálicos - (FOB)";"Exportações - setor: extração de minerais metálicos - (FOB)";"Não oculta";"Internet";51;0;0;"Incluida em 10/Jul/2012.";NA;"FUNCEX12";"Internet";"Macro"
"9111";"FUNCEX12_XVEMNM2N12";NA;NA;"Ativa";"Funcex";"Comércio exterior";"Exportações - setor: extração de minerais não-metálicos - (FOB)";"Exportações - setor: extração de minerais não-metálicos - (FOB)";"Não oculta";"Internet";51;0;0;"Incluida em 10/Jul/2012.";NA;"FUNCEX12";"Internet";"Macro"
"9112";"FUNCEX12_XVEPET2N12";NA;NA;"Ativa";"Funcex";"Comércio exterior";"Exportações - setor: extração de petróleo e gás natural - (FOB)";"Exportações - setor: extração de petróleo e gás natural - (FOB)";"Não oculta";"Internet";51;0;0;"Incluida em 10/Jul/2012.";NA;"FUNCEX12";"Internet";"Macro"
"9113";"FUNCEX12_XVMAD2N12";NA;NA;"Ativa";"Funcex";"Comércio exterior";"Exportações - setor: produtos de madeira - (FOB)";"Exportações - setor: produtos de madeira - (FOB)";"Não oculta";"Internet";51;0;0;"Incluida em 10/Jul/2012.";NA;"FUNCEX12";"Internet";"Macro"
"9114";"FUNCEX12_XVMAQELET2N12";NA;NA;"Ativa";"Funcex";"Comércio exterior";"Exportações - setor: máquinas, aparelhos e materiais elétricos - (FOB)";"Exportações - setor: máquinas, aparelhos e materiais elétricos - (FOB)";"Não oculta";"Internet";51;0;0;"Incluida em 10/Jul/2012.";NA;"FUNCEX12";"Internet";"Macro"
"9115";"FUNCEX12_XVMAQEQU2N12";NA;NA;"Ativa";"Funcex";"Comércio exterior";"Exportações - setor: máquinas e equipamentos - (FOB)";"Exportações - setor: máquinas e equipamentos - (FOB)";"Não oculta";"Internet";51;0;0;"Incluida em 10/Jul/2012.";NA;"FUNCEX12";"Internet";"Macro"
"9116";"FUNCEX12_XVMAQINF2N12";NA;NA;"Ativa";"Funcex";"Comércio exterior";"Exportações - setor: eq. de informática, eletrônicos e ópticos - (FOB)";"Exportações - setor: equipamentos de informática, produtos eletrônicos e ópticos - (FOB)";"Não oculta";"Internet";51;0;0;"Incluida em 10/Jul/2012.";NA;"FUNCEX12";"Internet";"Macro"
"9117";"FUNCEX12_XVMETBAS2N12";NA;NA;"Ativa";"Funcex";"Comércio exterior";"Exportações - setor: metalurgia - (FOB)";"Exportações - setor: metalurgia - (FOB)";"Não oculta";"Internet";51;0;0;"Incluida em 10/Jul/2012.";NA;"FUNCEX12";"Internet";"Macro"
"9118";"FUNCEX12_XVMET2N12";NA;NA;"Ativa";"Funcex";"Comércio exterior";"Exportações - setor: produtos de metal - (FOB)";"Exportações - setor: produtos de metal, exceto  máquinas e equipamentos - (FOB)";"Não oculta";"Internet";51;0;0;"Incluida em 10/Jul/2012.";NA;"FUNCEX12";"Internet";"Macro"
"9119";"FUNCEX12_XVMNM2N12";NA;NA;"Ativa";"Funcex";"Comércio exterior";"Exportações - setor: produtos de minerais não-metálicos - (FOB)";"Exportações - setor: produtos de minerais não-metálicos - (FOB)";"Não oculta";"Internet";51;0;0;"Incluida em 10/Jul/2012.";NA;"FUNCEX12";"Internet";"Macro"
"9120";"FUNCEX12_XVMOV2N12";NA;NA;"Ativa";"Funcex";"Comércio exterior";"Exportações - setor: móveis - (FOB)";"Exportações - setor: móveis - (FOB)";"Não oculta";"Internet";51;0;0;"Incluida em 10/Jul/2012.";NA;"FUNCEX12";"Internet";"Macro"
"9121";"FUNCEX12_XVOUTTRANS2N12";NA;NA;"Ativa";"Funcex";"Comércio exterior";"Exportações - setor: outros equipamentos de transporte - (FOB)";"Exportações - setor: outros equipamentos de transporte, exceto veículos automotores - (FOB)";"Não oculta";"Internet";51;0;0;"Incluida em 10/Jul/2012.";NA;"FUNCEX12";"Internet";"Macro"
"9122";"FUNCEX12_XVPAP2N12";NA;NA;"Ativa";"Funcex";"Comércio exterior";"Exportações - setor: celulose, papel e produtos de papel - (FOB)";"Exportações - setor: celulose, papel e produtos de papel - (FOB)";"Não oculta";"Internet";51;0;0;"Incluida em 10/Jul/2012.";NA;"FUNCEX12";"Internet";"Macro"
"9123";"FUNCEX12_XVPETCOMB2N12";NA;NA;"Ativa";"Funcex";"Comércio exterior";"Exportações - setor: derivados do petróleo - (FOB)";"Exportações - setor: derivados do petróleo biocombustíveis e coque - (FOB)";"Não oculta";"Internet";51;0;0;"Incluida em 10/Jul/2012.";NA;"FUNCEX12";"Internet";"Macro"
"9124";"FUNCEX12_XVPLAS2N12";NA;NA;"Ativa";"Funcex";"Comércio exterior";"Exportações - setor: produtos de borracha e material plástico - (FOB)";"Exportações - setor: produtos de borracha e de material plástico - (FOB)";"Não oculta";"Internet";51;0;0;"Incluida em 10/Jul/2012.";NA;"FUNCEX12";"Internet";"Macro"
"9125";"FUNCEX12_XVQUIM2N12";NA;NA;"Ativa";"Funcex";"Comércio exterior";"Exportações - setor: produtos químicos - (FOB)";"Exportações - setor: produtos químicos - (FOB)";"Não oculta";"Internet";51;0;0;"Incluida em 10/Jul/2012.";NA;"FUNCEX12";"Internet";"Macro"
"9126";"FUNCEX12_XVTEXT2N12";NA;NA;"Ativa";"Funcex";"Comércio exterior";"Exportações - setor: produtos têxteis - (FOB)";"Exportações - setor: produtos têxteis - (FOB)";"Não oculta";"Internet";51;0;0;"Incluida em 10/Jul/2012.";NA;"FUNCEX12";"Internet";"Macro"
"9127";"FUNCEX12_XVVEIC2N12";NA;NA;"Ativa";"Funcex";"Comércio exterior";"Exportações - setor: veículos automotores, reboques,carrocerias - (FOB)";"Exportações - setor: veículos automotores, reboques, carrocerias - (FOB)";"Não oculta";"Internet";51;0;0;"Incluida em 10/Jul/2012.";NA;"FUNCEX12";"Internet";"Macro"
"9128";"FUNCEX12_XVVEST2N12";NA;NA;"Ativa";"Funcex";"Comércio exterior";"Exportações - setor: artigos de vestuário e acessórios - (FOB)";"Exportações - setor: confecção de artigos do  vestuário e acessórios - (FOB)";"Não oculta";"Internet";51;0;0;"Incluida em 10/Jul/2012.";NA;"FUNCEX12";"Internet";"Macro"
"9129";"FUNCEX12_XVDIV2N12";NA;NA;"Ativa";"Funcex";"Comércio exterior";"Exportações - setor: indústrias diversas - (FOB)";"Exportações - setor: indústrias diversas - (FOB)";"Não oculta";"Internet";51;0;0;"Incluida em 10/Jul/2012.";NA;"FUNCEX12";"Internet";"Macro"
"9130";"FUNCEX12_XVPRF2N12";NA;NA;"Ativa";"Funcex";"Comércio exterior";"Exportações - setor: produção florestal - (FOB)";"Exportações - setor: produção florestal - (FOB)";"Não oculta";"Internet";51;0;0;"Incluida em 10/Jul/2012.";NA;"FUNCEX12";"Internet";"Macro"
"9131";"FUNCEX12_XVPES2N12";NA;NA;"Ativa";"Funcex";"Comércio exterior";"Exportações - setor: pesca e aqüicultura - (FOB)";"Exportações - setor: pesca e aqüicultura - (FOB)";"Não oculta";"Internet";51;0;0;"Incluida em 10/Jul/2012.";NA;"FUNCEX12";"Internet";"Macro"
"9132";"FUNCEX12_XVFUMO2N12";NA;NA;"Ativa";"Funcex";"Comércio exterior";"Exportações - setor: produtos do fumo - (FOB)";"Exportações - setor: produtos do fumo - (FOB)";"Não oculta";"Internet";51;0;0;"Incluida em 10/Jul/2012.";NA;"FUNCEX12";"Internet";"Macro"
"9133";"FUNCEX12_XVIXVG2N12";NA;NA;"Ativa";"Funcex";"Comércio exterior";"Exportações - setor: impressão e reprodução de gravações - (FOB)";"Exportações - setor: impressão e reprodução de gravações - (FOB)";"Não oculta";"Internet";51;0;0;"Incluida em 10/Jul/2012.";NA;"FUNCEX12";"Internet";"Macro"
"9134";"FUNCEX12_XVFARM2N12";NA;NA;"Ativa";"Funcex";"Comércio exterior";"Exportações - setor: produtos farmoquímicos farmacêuticos - (FOB)";"Exportações - setor: produtos farmoquímicos farmacêuticos - (FOB)";"Não oculta";"Internet";51;0;0;"Incluida em 10/Jul/2012.";NA;"FUNCEX12";"Internet";"Macro"
"9135";"FUNCEX12_XVECARV2N12";NA;NA;"Ativa";"Funcex";"Comércio exterior";"Exportações - setor: extração de carvão mineral - (FOB)";"Exportações - setor: extração de carvão mineral - (FOB)";"Não oculta";"Internet";51;0;0;"Incluida em 10/Jul/2012.";NA;"FUNCEX12";"Internet";"Macro"
"9136";"FUNCEX_MPAGP2N";NA;NA;"Ativa";"Funcex";"Comércio exterior";"Importações - setor: agricultura e pecuária - preços - índice (média 2006 = 100)";"Importações - setor: agricultura e pecuária - preços - índice (média 2006 = 100)";"Não oculta";"Internet";75;0;0;"Incluida em 10/Jul/2012.";NA;"FUNCEX";"Internet";"Macro"
"9137";"FUNCEX_MPAL2N";NA;NA;"Ativa";"Funcex";"Comércio exterior";"Importações - setor: produtos alimentícios - preços - índice (média 2006 = 100)";"Importações - setor: produtos alimentícios - preços - índice (média 2006 = 100)";"Não oculta";"Internet";75;0;0;"Incluida em 10/Jul/2012.";NA;"FUNCEX";"Internet";"Macro"
"9138";"FUNCEX_MPBEB2N";NA;NA;"Ativa";"Funcex";"Comércio exterior";"Importações - setor: bebidas - preços - índice (média 2006 = 100)";"Importações - setor: bebidas - preços - índice (média 2006 = 100)";"Não oculta";"Internet";75;0;0;"Incluida em 10/Jul/2012.";NA;"FUNCEX";"Internet";"Macro"
"9139";"FUNCEX_MPCAL2N";NA;NA;"Ativa";"Funcex";"Comércio exterior";"Importações - setor: couros, artefatos de couro e calçados - preços - índice (média 2006 = 100)";"Importações - setor: couros, artefatos de couro, artigos para viagem e calçados - preços - índice (média 2006 = 100)";"Não oculta";"Internet";75;0;0;"Incluida em 10/Jul/2012.";NA;"FUNCEX";"Internet";"Macro"
"9140";"FUNCEX_MPEMM2N";NA;NA;"Ativa";"Funcex";"Comércio exterior";"Importações - setor: extração de minerais metálicos - preços - índice (média 2006 = 100)";"Importações - setor: extração de minerais metálicos - preços - índice (média 2006 = 100)";"Não oculta";"Internet";75;0;0;"Incluida em 10/Jul/2012.";NA;"FUNCEX";"Internet";"Macro"
"9141";"FUNCEX_MPEMNM2N";NA;NA;"Ativa";"Funcex";"Comércio exterior";"Importações - setor: extração de minerais não-metálicos - preços - índice (média 2006 = 100)";"Importações - setor: extração de minerais não-metálicos - preços - índice (média 2006 = 100)";"Não oculta";"Internet";75;0;0;"Incluida em 10/Jul/2012.";NA;"FUNCEX";"Internet";"Macro"
"9142";"FUNCEX_MPEPET2N";NA;NA;"Ativa";"Funcex";"Comércio exterior";"Importações - setor: extração de petróleo e gás natural - preços - índice (média 2006 = 100)";"Importações - setor: extração de petróleo e gás natural - preços - índice (média 2006 = 100)";"Não oculta";"Internet";75;0;0;"Incluida em 10/Jul/2012.";NA;"FUNCEX";"Internet";"Macro"
"9143";"FUNCEX_MPMAD2N";NA;NA;"Ativa";"Funcex";"Comércio exterior";"Importações - setor: produtos de madeira - preços - índice (média 2006 = 100)";"Importações - setor: produtos de madeira - preços - índice (média 2006 = 100)";"Não oculta";"Internet";75;0;0;"Incluida em 10/Jul/2012.";NA;"FUNCEX";"Internet";"Macro"
"9144";"FUNCEX_MPMAQELET2N";NA;NA;"Ativa";"Funcex";"Comércio exterior";"Importações - setor: máquinas, aparelhos e materiais elétricos - preços - índice (média 2006 = 100)";"Importações - setor: máquinas, aparelhos e materiais elétricos - preços - índice (média 2006 = 100)";"Não oculta";"Internet";75;0;0;"Incluida em 10/Jul/2012.";NA;"FUNCEX";"Internet";"Macro"
"9145";"FUNCEX_MPMAQEQU2N";NA;NA;"Ativa";"Funcex";"Comércio exterior";"Importações - setor: máquinas e equipamentos - preços - índice (média 2006 = 100)";"Importações - setor: máquinas e equipamentos - preços - índice (média 2006 = 100)";"Não oculta";"Internet";75;0;0;"Incluida em 10/Jul/2012.";NA;"FUNCEX";"Internet";"Macro"
"9146";"FUNCEX_MPMAQINF2N";NA;NA;"Ativa";"Funcex";"Comércio exterior";"Importações - setor: eq. de informática, eletrônicos e ópticos - preços - índice (média 2006 = 100)";"Importações - setor: equipamentos de informática, produtos eletrônicos e ópticos - preços - índice (média 2006 = 100)";"Não oculta";"Internet";75;0;0;"Incluida em 10/Jul/2012.";NA;"FUNCEX";"Internet";"Macro"
"9147";"FUNCEX_MPMETBAS2N";NA;NA;"Ativa";"Funcex";"Comércio exterior";"Importações - setor: metalurgia - preços - índice (média 2006 = 100)";"Importações - setor: metalurgia - preços - índice (média 2006 = 100)";"Não oculta";"Internet";75;0;0;"Incluida em 10/Jul/2012.";NA;"FUNCEX";"Internet";"Macro"
"9148";"FUNCEX_MPMET2N";NA;NA;"Ativa";"Funcex";"Comércio exterior";"Importações - setor: produtos de metal - preços - índice (média 2006 = 100)";"Importações - setor: produtos de metal, exceto  máquinas e equipamentos - preços - índice (média 2006 = 100)";"Não oculta";"Internet";75;0;0;"Incluida em 10/Jul/2012.";NA;"FUNCEX";"Internet";"Macro"
"9149";"FUNCEX_MPMNM2N";NA;NA;"Ativa";"Funcex";"Comércio exterior";"Importações - setor: produtos de minerais não-metálicos - preços - índice (média 2006 = 100)";"Importações - setor: produtos de minerais não-metálicos - preços - índice (média 2006 = 100)";"Não oculta";"Internet";75;0;0;"Incluida em 10/Jul/2012.";NA;"FUNCEX";"Internet";"Macro"
"9150";"FUNCEX_MPMOV2N";NA;NA;"Ativa";"Funcex";"Comércio exterior";"Importações - setor: móveis - preços - índice (média 2006 = 100)";"Importações - setor: móveis - preços - índice (média 2006 = 100)";"Não oculta";"Internet";75;0;0;"Incluida em 10/Jul/2012.";NA;"FUNCEX";"Internet";"Macro"
"9151";"FUNCEX_MPOUTTRANS2N";NA;NA;"Ativa";"Funcex";"Comércio exterior";"Importações - setor: outros equipamentos de transporte - preços - índice (média 2006 = 100)";"Importações - setor: outros equipamentos de transporte, exceto veículos automotores - preços - índice (média 2006 = 100)";"Não oculta";"Internet";75;0;0;"Incluida em 10/Jul/2012.";NA;"FUNCEX";"Internet";"Macro"
"9152";"FUNCEX_MPPAP2N";NA;NA;"Ativa";"Funcex";"Comércio exterior";"Importações - setor: celulose, papel e produtos de papel - preços - índice (média 2006 = 100)";"Importações - setor: celulose, papel e produtos de papel - preços - índice (média 2006 = 100)";"Não oculta";"Internet";75;0;0;"Incluida em 10/Jul/2012.";NA;"FUNCEX";"Internet";"Macro"
"9153";"FUNCEX_MPPETCOMB2N";NA;NA;"Ativa";"Funcex";"Comércio exterior";"Importações - setor: derivados do petróleo - preços - índice (média 2006 = 100)";"Importações - setor: derivados do petróleo, biocombustíveis e coque - preços - índice (média 2006 = 100)";"Não oculta";"Internet";75;0;0;"Incluida em 10/Jul/2012.";NA;"FUNCEX";"Internet";"Macro"
"9154";"FUNCEX_MPPLAS2N";NA;NA;"Ativa";"Funcex";"Comércio exterior";"Importações - setor: produtos de borracha e material plástico - preços - índice (média 2006 = 100)";"Importações - setor: produtos de borracha e de material plástico - preços - índice (média 2006 = 100)";"Não oculta";"Internet";75;0;0;"Incluida em 10/Jul/2012.";NA;"FUNCEX";"Internet";"Macro"
"9155";"FUNCEX_MPQUIM2N";NA;NA;"Ativa";"Funcex";"Comércio exterior";"Importações - setor: produtos químicos - preços - índice (média 2006 = 100)";"Importações - setor: produtos químicos - preços - índice (média 2006 = 100)";"Não oculta";"Internet";75;0;0;"Incluida em 10/Jul/2012.";NA;"FUNCEX";"Internet";"Macro"
"9156";"FUNCEX_MPTEXT2N";NA;NA;"Ativa";"Funcex";"Comércio exterior";"Importações - setor: produtos têxteis - preços - índice (média 2006 = 100)";"Importações - setor: produtos têxteis - preços - índice (média 2006 = 100)";"Não oculta";"Internet";75;0;0;"Incluida em 10/Jul/2012.";NA;"FUNCEX";"Internet";"Macro"
"9157";"FUNCEX_MPVEIC2N";NA;NA;"Ativa";"Funcex";"Comércio exterior";"Importações - setor: veículos automotores, reboques, carrocerias - preços - índice(média 2006 = 100)";"Importações - setor: veículos automotores, reboques, carrocerias - preços - índice (média 2006 = 100)";"Não oculta";"Internet";75;0;0;"Incluida em 10/Jul/2012.";NA;"FUNCEX";"Internet";"Macro"
"9158";"FUNCEX_MPVEST2N";NA;NA;"Ativa";"Funcex";"Comércio exterior";"Importações - setor: artigos de vestuário e acessórios - preços - índice (média 2006 = 100)";"Importações - setor: confecção de artigos do  vestuário e acessórios - preços - índice (média 2006 = 100)";"Não oculta";"Internet";75;0;0;"Incluida em 10/Jul/2012.";NA;"FUNCEX";"Internet";"Macro"
"9159";"FUNCEX_MPDIV2N";NA;NA;"Ativa";"Funcex";"Comércio exterior";"Importações - setor: indústrias diversas - preços - índice (média 2006 = 100)";"Importações - setor: indústrias diversas - preços - índice (média 2006 = 100)";"Não oculta";"Internet";75;0;0;"Incluida em 10/Jul/2012.";NA;"FUNCEX";"Internet";"Macro"
"9160";"FUNCEX_MPPRF2N";NA;NA;"Ativa";"Funcex";"Comércio exterior";"Importações - setor: produção florestal - preços - índice (média 2006 = 100)";"Importações - setor: produção florestal - preços - índice (média 2006 = 100)";"Não oculta";"Internet";75;0;0;"Incluida em 10/Jul/2012.";NA;"FUNCEX";"Internet";"Macro"
"9161";"FUNCEX_MPPES2N";NA;NA;"Ativa";"Funcex";"Comércio exterior";"Importações - setor: pesca e aqüicultura - preços - índice (média 2006 = 100)";"Importações - setor: pesca e aqüicultura - preços - índice (média 2006 = 100)";"Não oculta";"Internet";75;0;0;"Incluida em 10/Jul/2012.";NA;"FUNCEX";"Internet";"Macro"
"9162";"FUNCEX_MPFUMO2N";NA;NA;"Ativa";"Funcex";"Comércio exterior";"Importações - setor: produtos do fumo - preços - índice (média 2006 = 100)";"Importações - setor: produtos do fumo - preços - índice (média 2006 = 100)";"Não oculta";"Internet";75;0;0;"Incluida em 10/Jul/2012.";NA;"FUNCEX";"Internet";"Macro"
"9163";"FUNCEX_MPIMPG2N";NA;NA;"Ativa";"Funcex";"Comércio exterior";"Importações - setor: impressão e reprodução de gravações - preços - índice (média 2006 = 100)";"Importações - setor: impressão e reprodução de gravações - preços - índice (média 2006 = 100)";"Não oculta";"Internet";75;0;0;"Incluida em 10/Jul/2012.";NA;"FUNCEX";"Internet";"Macro"
"9164";"FUNCEX_MPFARM2N";NA;NA;"Ativa";"Funcex";"Comércio exterior";"Importações - setor: produtos farmoquímicos farmacêuticos - preços - índice (média 2006 = 100)";"Importações - setor: produtos farmoquímicos farmacêuticos - preços - índice (média 2006 = 100)";"Não oculta";"Internet";75;0;0;"Incluida em 10/Jul/2012.";NA;"FUNCEX";"Internet";"Macro"
"9165";"FUNCEX_XPAGP2N";NA;NA;"Ativa";"Funcex";"Comércio exterior";"Exportações - setor: agricultura e pecuária - preços - índice (média 2006 = 100)";"Exportações - setor: agricultura e pecuária - preços - índice (média 2006 = 100)";"Não oculta";"Internet";75;0;0;"Incluida em 10/Jul/2012.";NA;"FUNCEX";"Internet";"Macro"
"9166";"FUNCEX_XPAL2N";NA;NA;"Ativa";"Funcex";"Comércio exterior";"Exportações - setor: produtos alimentícios - preços - índice (média 2006 = 100)";"Exportações - setor: produtos alimentícios - preços - índice (média 2006 = 100)";"Não oculta";"Internet";75;0;0;"Incluida em 10/Jul/2012.";NA;"FUNCEX";"Internet";"Macro"
"9167";"FUNCEX_XPBEB2N";NA;NA;"Ativa";"Funcex";"Comércio exterior";"Exportações - setor: bebidas - preços - índice (média 2006 = 100)";"Exportações - setor: bebidas - preços - índice (média 2006 = 100)";"Não oculta";"Internet";75;0;0;"Incluida em 10/Jul/2012.";NA;"FUNCEX";"Internet";"Macro"
"9168";"FUNCEX_XPCAL2N";NA;NA;"Ativa";"Funcex";"Comércio exterior";"Exportações - setor: couros, artefatos de couro e calçados - preços - índice (média 2006 = 100)";"Exportações - setor: couros, artefatos de couro, artigos para viagem e calçados - preços - índice (média 2006 = 100)";"Não oculta";"Internet";75;0;0;"Incluida em 10/Jul/2012.";NA;"FUNCEX";"Internet";"Macro"
"9169";"FUNCEX_XPEMM2N";NA;NA;"Ativa";"Funcex";"Comércio exterior";"Exportações - setor: extração de minerais metálicos - preços - índice (média 2006 = 100)";"Exportações - setor: extração de minerais metálicos - preços - índice (média 2006 = 100)";"Não oculta";"Internet";75;0;0;"Incluida em 10/Jul/2012.";NA;"FUNCEX";"Internet";"Macro"
"9170";"FUNCEX_XPEMNM2N";NA;NA;"Ativa";"Funcex";"Comércio exterior";"Exportações - setor: extração de minerais não-metálicos - preços - índice (média 2006 = 100)";"Exportações - setor: extração de minerais não-metálicos - preços - índice (média 2006 = 100)";"Não oculta";"Internet";75;0;0;"Incluida em 10/Jul/2012.";NA;"FUNCEX";"Internet";"Macro"
"9171";"FUNCEX_XPEPET2N";NA;NA;"Ativa";"Funcex";"Comércio exterior";"Exportações - setor: extração de petróleo e gás natural - preços - índice (média 2006 = 100)";"Exportações - setor: extração de petróleo e gás natural - preços - índice (média 2006 = 100)";"Não oculta";"Internet";75;0;0;"Incluida em 10/Jul/2012.";NA;"FUNCEX";"Internet";"Macro"
"9172";"FUNCEX_XPMAD2N";NA;NA;"Ativa";"Funcex";"Comércio exterior";"Exportações - setor: produtos de madeira - preços - índice (média 2006 = 100)";"Exportações - setor: produtos de madeira - preços - índice (média 2006 = 100)";"Não oculta";"Internet";75;0;0;"Incluida em 10/Jul/2012.";NA;"FUNCEX";"Internet";"Macro"
"9173";"FUNCEX_XPMAQELET2N";NA;NA;"Ativa";"Funcex";"Comércio exterior";"Exportações - setor: máquinas, aparelhos e materiais elétricos - preços - índice (média 2006 = 100)";"Exportações - setor: máquinas, aparelhos e materiais elétricos - preços - índice (média 2006 = 100)";"Não oculta";"Internet";75;0;0;"Incluida em 10/Jul/2012.";NA;"FUNCEX";"Internet";"Macro"
"9174";"FUNCEX_XPMAQEQU2N";NA;NA;"Ativa";"Funcex";"Comércio exterior";"Exportações - setor: máquinas e equipamentos - preços - índice (média 2006 = 100)";"Exportações - setor: máquinas e equipamentos - preços - índice (média 2006 = 100)";"Não oculta";"Internet";75;0;0;"Incluida em 10/Jul/2012.";NA;"FUNCEX";"Internet";"Macro"
"9175";"FUNCEX_XPMAQINF2N";NA;NA;"Ativa";"Funcex";"Comércio exterior";"Exportações - setor: eq. de informática, eletrônicos e ópticos - preços - índice (média 2006 = 100)";"Exportações - setor: equipamentos de informática, produtos eletrônicos e ópticos - preços - índice (média 2006 = 100)";"Não oculta";"Internet";75;0;0;"Incluida em 10/Jul/2012.";NA;"FUNCEX";"Internet";"Macro"
"9176";"FUNCEX_XPMETBAS2N";NA;NA;"Ativa";"Funcex";"Comércio exterior";"Exportações - setor: metalurgia - preços - índice (média 2006 = 100)";"Exportações - setor: metalurgia - preços - índice (média 2006 = 100)";"Não oculta";"Internet";75;0;0;"Incluida em 10/Jul/2012.";NA;"FUNCEX";"Internet";"Macro"
"9177";"FUNCEX_XPMET2N";NA;NA;"Ativa";"Funcex";"Comércio exterior";"Exportações - setor: produtos de metal - preços - índice (média 2006 = 100)";"Exportações - setor: produtos de metal, exceto  máquinas e equipamentos - preços - índice (média 2006 = 100)";"Não oculta";"Internet";75;0;0;"Incluida em 10/Jul/2012.";NA;"FUNCEX";"Internet";"Macro"
"9178";"FUNCEX_XPMNM2N";NA;NA;"Ativa";"Funcex";"Comércio exterior";"Exportações - setor: produtos de minerais não-metálicos - preços - índice (média 2006 = 100)";"Exportações - setor: produtos de minerais não-metálicos - preços - índice (média 2006 = 100)";"Não oculta";"Internet";75;0;0;"Incluida em 10/Jul/2012.";NA;"FUNCEX";"Internet";"Macro"
"9179";"FUNCEX_XPMOV2N";NA;NA;"Ativa";"Funcex";"Comércio exterior";"Exportações - setor: móveis - preços - índice (média 2006 = 100)";"Exportações - setor: móveis - preços - índice (média 2006 = 100)";"Não oculta";"Internet";75;0;0;"Incluida em 10/Jul/2012.";NA;"FUNCEX";"Internet";"Macro"
"9180";"FUNCEX_XPOUTTRANS2N";NA;NA;"Ativa";"Funcex";"Comércio exterior";"Exportações - setor: outros equipamentos de transporte - preços - índice (média 2006 = 100)";"Exportações - setor: outros equipamentos de transporte, exceto veículos automotores - preços - índice (média 2006 = 100)";"Não oculta";"Internet";75;0;0;"Incluida em 10/Jul/2012.";NA;"FUNCEX";"Internet";"Macro"
"9181";"FUNCEX_XPPAP2N";NA;NA;"Ativa";"Funcex";"Comércio exterior";"Exportações - setor: celulose, papel e produtos de papel - preços - índice (média 2006 = 100)";"Exportações - setor: celulose, papel e produtos de papel - preços - índice (média 2006 = 100)";"Não oculta";"Internet";75;0;0;"Incluida em 10/Jul/2012.";NA;"FUNCEX";"Internet";"Macro"
"9182";"FUNCEX_XPPETCOMB2N";NA;NA;"Ativa";"Funcex";"Comércio exterior";"Exportações - setor: derivados do petróleo - preços - índice (média 2006 = 100)";"Exportações - setor: derivados do petróleo biocombustíveis e coque - preços - índice (média 2006 = 100)";"Não oculta";"Internet";75;0;0;"Incluida em 10/Jul/2012.";NA;"FUNCEX";"Internet";"Macro"
"9183";"FUNCEX_XPPLAS2N";NA;NA;"Ativa";"Funcex";"Comércio exterior";"Exportações - setor: produtos de borracha e material plástico - preços - índice (média 2006 = 100)";"Exportações - setor: produtos de borracha e de material plástico - preços - índice (média 2006 = 100)";"Não oculta";"Internet";75;0;0;"Incluida em 10/Jul/2012.";NA;"FUNCEX";"Internet";"Macro"
"9184";"FUNCEX_XPQUIM2N";NA;NA;"Ativa";"Funcex";"Comércio exterior";"Exportações - setor: produtos químicos - preços - índice (média 2006 = 100)";"Exportações - setor: produtos químicos - preços - índice (média 2006 = 100)";"Não oculta";"Internet";75;0;0;"Incluida em 10/Jul/2012.";NA;"FUNCEX";"Internet";"Macro"
"9185";"FUNCEX_XPTEXT2N";NA;NA;"Ativa";"Funcex";"Comércio exterior";"Exportações - setor: produtos têxteis - preços - índice (média 2006 = 100)";"Exportações - setor: produtos têxteis - preços - índice (média 2006 = 100)";"Não oculta";"Internet";75;0;0;"Incluida em 10/Jul/2012.";NA;"FUNCEX";"Internet";"Macro"
"9186";"FUNCEX_XPVEIC2N";NA;NA;"Ativa";"Funcex";"Comércio exterior";"Exportações - setor: veículos automotores, reboques, carrocerias - preços - índice(média 2006 = 100)";"Exportações - setor: veículos automotores, reboques, carrocerias - preços - índice (média 2006 = 100)";"Não oculta";"Internet";75;0;0;"Incluida em 10/Jul/2012.";NA;"FUNCEX";"Internet";"Macro"
"9187";"FUNCEX_XPVEST2N";NA;NA;"Ativa";"Funcex";"Comércio exterior";"Exportações - setor: artigos de vestuário e acessórios - preços - índice (média 2006 = 100)";"Exportações - setor: confecção de artigos do  vestuário e acessórios - preços - índice (média 2006 = 100)";"Não oculta";"Internet";75;0;0;"Incluida em 10/Jul/2012.";NA;"FUNCEX";"Internet";"Macro"
"9188";"FUNCEX_XPDIV2N";NA;NA;"Ativa";"Funcex";"Comércio exterior";"Exportações - setor: indústrias diversas - preços - índice (média 2006 = 100)";"Exportações - setor: indústrias diversas - preços - índice (média 2006 = 100)";"Não oculta";"Internet";75;0;0;"Incluida em 10/Jul/2012.";NA;"FUNCEX";"Internet";"Macro"
"9189";"FUNCEX_XPPRF2N";NA;NA;"Ativa";"Funcex";"Comércio exterior";"Exportações - setor: produção florestal - preços - índice (média 2006 = 100)";"Exportações - setor: produção florestal - preços - índice (média 2006 = 100)";"Não oculta";"Internet";75;0;0;"Incluida em 10/Jul/2012.";NA;"FUNCEX";"Internet";"Macro"
"9190";"FUNCEX_XPPES2N";NA;NA;"Ativa";"Funcex";"Comércio exterior";"Exportações - setor: pesca e aqüicultura - preços - índice (média 2006 = 100)";"Exportações - setor: pesca e aqüicultura - preços - índice (média 2006 = 100)";"Não oculta";"Internet";75;0;0;"Incluida em 10/Jul/2012.";NA;"FUNCEX";"Internet";"Macro"
"9191";"FUNCEX_XPFUMO2N";NA;NA;"Ativa";"Funcex";"Comércio exterior";"Exportações - setor: produtos do fumo - preços - índice (média 2006 = 100)";"Exportações - setor: produtos do fumo - preços - índice (média 2006 = 100)";"Não oculta";"Internet";75;0;0;"Incluida em 10/Jul/2012.";NA;"FUNCEX";"Internet";"Macro"
"9192";"FUNCEX_XPIXPG2N";NA;NA;"Ativa";"Funcex";"Comércio exterior";"Exportações - setor: impressão e reprodução de gravações - preços - índice (média 2006 = 100)";"Exportações - setor: impressão e reprodução de gravações - preços - índice (média 2006 = 100)";"Não oculta";"Internet";75;0;0;"Incluida em 10/Jul/2012.";NA;"FUNCEX";"Internet";"Macro"
"9193";"FUNCEX_XPFARM2N";NA;NA;"Ativa";"Funcex";"Comércio exterior";"Exportações - setor: produtos farmoquímicos farmacêuticos - preços - índice (média 2006 = 100)";"Exportações - setor: produtos farmoquímicos farmacêuticos - preços - índice (média 2006 = 100)";"Não oculta";"Internet";75;0;0;"Incluida em 10/Jul/2012.";NA;"FUNCEX";"Internet";"Macro"
"9194";"FUNCEX_XQAGP2N";NA;NA;"Ativa";"Funcex";"Comércio exterior";"Exportações - setor: agricultura e pecuária - quantum - índice (média 2006 = 100)";"Exportações - setor: agricultura e pecuária - quantum - índice (média 2006 = 100)";"Não oculta";"Internet";75;0;0;"Incluida em 10/Jul/2012.";NA;"FUNCEX";"Internet";"Macro"
"9195";"FUNCEX_XQAL2N";NA;NA;"Ativa";"Funcex";"Comércio exterior";"Exportações - setor: produtos alimentícios - quantum - índice (média 2006 = 100)";"Exportações - setor: produtos alimentícios - quantum - índice (média 2006 = 100)";"Não oculta";"Internet";75;0;0;"Incluida em 10/Jul/2012.";NA;"FUNCEX";"Internet";"Macro"
"9196";"FUNCEX_XQBEB2N";NA;NA;"Ativa";"Funcex";"Comércio exterior";"Exportações - setor: bebidas - quantum - índice (média 2006 = 100)";"Exportações - setor: bebidas - quantum - índice (média 2006 = 100)";"Não oculta";"Internet";75;0;0;"Incluida em 10/Jul/2012.";NA;"FUNCEX";"Internet";"Macro"
"9197";"FUNCEX_XQCAL2N";NA;NA;"Ativa";"Funcex";"Comércio exterior";"Exportações - setor: couros, artefatos de couro e calçados - quantum - índice (média 2006 = 100)";"Exportações - setor: couros, artefatos de couro, artigos para viagem e calçados - quantum - índice (média 2006 = 100)";"Não oculta";"Internet";75;0;0;"Incluida em 10/Jul/2012.";NA;"FUNCEX";"Internet";"Macro"
"9198";"FUNCEX_XQEMM2N";NA;NA;"Ativa";"Funcex";"Comércio exterior";"Exportações - setor: extração de minerais metálicos - quantum - índice (média 2006 = 100)";"Exportações - setor: extração de minerais metálicos - quantum - índice (média 2006 = 100)";"Não oculta";"Internet";75;0;0;"Incluida em 10/Jul/2012.";NA;"FUNCEX";"Internet";"Macro"
"9199";"FUNCEX_XQEMNM2N";NA;NA;"Ativa";"Funcex";"Comércio exterior";"Exportações - setor: extração de minerais não-metálicos - quantum - índice (média 2006 = 100)";"Exportações - setor: extração de minerais não-metálicos - quantum - índice (média 2006 = 100)";"Não oculta";"Internet";75;0;0;"Incluida em 10/Jul/2012.";NA;"FUNCEX";"Internet";"Macro"
"9200";"FUNCEX_XQEPET2N";NA;NA;"Ativa";"Funcex";"Comércio exterior";"Exportações - setor: extração de petróleo e gás natural - quantum - índice (média 2006 = 100)";"Exportações - setor: extração de petróleo e gás natural - quantum - índice (média 2006 = 100)";"Não oculta";"Internet";75;0;0;"Incluida em 10/Jul/2012.";NA;"FUNCEX";"Internet";"Macro"
"9201";"FUNCEX_XQMAD2N";NA;NA;"Ativa";"Funcex";"Comércio exterior";"Exportações - setor: produtos de madeira - quantum - índice (média 2006 = 100)";"Exportações - setor: produtos de madeira - quantum - índice (média 2006 = 100)";"Não oculta";"Internet";75;0;0;"Incluida em 10/Jul/2012.";NA;"FUNCEX";"Internet";"Macro"
"9202";"FUNCEX_XQMAQELET2N";NA;NA;"Ativa";"Funcex";"Comércio exterior";"Exportações - setor: máquinas, aparelhos e materiais elétricos - quantum - índice (média 2006 = 100)";"Exportações - setor: máquinas, aparelhos e materiais elétricos - quantum - índice (média 2006 = 100)";"Não oculta";"Internet";75;0;0;"Incluida em 10/Jul/2012.";NA;"FUNCEX";"Internet";"Macro"
"9203";"FUNCEX_XQMAQEQU2N";NA;NA;"Ativa";"Funcex";"Comércio exterior";"Exportações - setor: máquinas e equipamentos - quantum - índice (média 2006 = 100)";"Exportações - setor: máquinas e equipamentos - quantum - índice (média 2006 = 100)";"Não oculta";"Internet";75;0;0;"Incluida em 10/Jul/2012.";NA;"FUNCEX";"Internet";"Macro"
"9204";"FUNCEX_XQMAQINF2N";NA;NA;"Ativa";"Funcex";"Comércio exterior";"Exportações - setor: eq. de informática, eletrônicos e ópticos - quantum - índice (média 2006 = 100)";"Exportações - setor: equipamentos de informática, produtos eletrônicos e ópticos - quantum - índice (média 2006 = 100)";"Não oculta";"Internet";75;0;0;"Incluida em 10/Jul/2012.";NA;"FUNCEX";"Internet";"Macro"
"9205";"FUNCEX_XQMETBAS2N";NA;NA;"Ativa";"Funcex";"Comércio exterior";"Exportações - setor: metalurgia - quantum - índice (média 2006 = 100)";"Exportações - setor: metalurgia - quantum - índice (média 2006 = 100)";"Não oculta";"Internet";75;0;0;"Incluida em 10/Jul/2012.";NA;"FUNCEX";"Internet";"Macro"
"9206";"FUNCEX_XQMET2N";NA;NA;"Ativa";"Funcex";"Comércio exterior";"Exportações - setor: produtos de metal - quantum - índice (média 2006 = 100)";"Exportações - setor: produtos de metal, exceto  máquinas e equipamentos - quantum - índice (média 2006 = 100)";"Não oculta";"Internet";75;0;0;"Incluida em 10/Jul/2012.";NA;"FUNCEX";"Internet";"Macro"
"9207";"FUNCEX_XQMNM2N";NA;NA;"Ativa";"Funcex";"Comércio exterior";"Exportações - setor: produtos de minerais não-metálicos - quantum - índice (média 2006 = 100)";"Exportações - setor: produtos de minerais não-metálicos - quantum - índice (média 2006 = 100)";"Não oculta";"Internet";75;0;0;"Incluida em 10/Jul/2012.";NA;"FUNCEX";"Internet";"Macro"
"9208";"FUNCEX_XQMOV2N";NA;NA;"Ativa";"Funcex";"Comércio exterior";"Exportações - setor: móveis - quantum - índice (média 2006 = 100)";"Exportações - setor: móveis - quantum - índice (média 2006 = 100)";"Não oculta";"Internet";75;0;0;"Incluida em 10/Jul/2012.";NA;"FUNCEX";"Internet";"Macro"
"9209";"FUNCEX_XQOUTTRANS2N";NA;NA;"Ativa";"Funcex";"Comércio exterior";"Exportações - setor: outros equipamentos de transporte - quantum - índice (média 2006 = 100)";"Exportações - setor: outros equipamentos de transporte, exceto veículos automotores - quantum - índice (média 2006 = 100)";"Não oculta";"Internet";75;0;0;"Incluida em 10/Jul/2012.";NA;"FUNCEX";"Internet";"Macro"
"9210";"FUNCEX_XQPAP2N";NA;NA;"Ativa";"Funcex";"Comércio exterior";"Exportações - setor: celulose, papel e produtos de papel - quantum - índice (média 2006 = 100)";"Exportações - setor: celulose, papel e produtos de papel - quantum - índice (média 2006 = 100)";"Não oculta";"Internet";75;0;0;"Incluida em 10/Jul/2012.";NA;"FUNCEX";"Internet";"Macro"
"9211";"FUNCEX_XQPETCOMB2N";NA;NA;"Ativa";"Funcex";"Comércio exterior";"Exportações - setor: derivados do petróleo - quantum - índice (média 2006 = 100)";"Exportações - setor: derivados do petróleo biocombustíveis e coque - quantum - índice (média 2006 = 100)";"Não oculta";"Internet";75;0;0;"Incluida em 10/Jul/2012.";NA;"FUNCEX";"Internet";"Macro"
"9212";"FUNCEX_XQPLAS2N";NA;NA;"Ativa";"Funcex";"Comércio exterior";"Exportações - setor: produtos de borracha e material plástico - quantum - índice (média 2006 = 100)";"Exportações - setor: produtos de borracha e de material plástico - quantum - índice (média 2006 = 100)";"Não oculta";"Internet";75;0;0;"Incluida em 10/Jul/2012.";NA;"FUNCEX";"Internet";"Macro"
"9213";"FUNCEX_XQQUIM2N";NA;NA;"Ativa";"Funcex";"Comércio exterior";"Exportações - setor: produtos químicos - quantum - índice (média 2006 = 100)";"Exportações - setor: produtos químicos - quantum - índice (média 2006 = 100)";"Não oculta";"Internet";75;0;0;"Incluida em 10/Jul/2012.";NA;"FUNCEX";"Internet";"Macro"
"9214";"FUNCEX_XQTEXT2N";NA;NA;"Ativa";"Funcex";"Comércio exterior";"Exportações - setor: produtos têxteis - quantum - índice (média 2006 = 100)";"Exportações - setor: produtos têxteis - quantum - índice (média 2006 = 100)";"Não oculta";"Internet";75;0;0;"Incluida em 10/Jul/2012.";NA;"FUNCEX";"Internet";"Macro"
"9215";"FUNCEX_XQVEIC2N";NA;NA;"Ativa";"Funcex";"Comércio exterior";"Exportações - setor: veículos automotores, reboques,carrocerias - quantum - índice(média 2006 = 100)";"Exportações - setor: veículos automotores, reboques, carrocerias - quantum - índice (média 2006 = 100)";"Não oculta";"Internet";75;0;0;"Incluida em 10/Jul/2012.";NA;"FUNCEX";"Internet";"Macro"
"9216";"FUNCEX_XQVEST2N";NA;NA;"Ativa";"Funcex";"Comércio exterior";"Exportações - setor: artigos de vestuário e acessórios - quantum - índice (média 2006 = 100)";"Exportações - setor: confecção de artigos do  vestuário e acessórios - quantum - índice (média 2006 = 100)";"Não oculta";"Internet";75;0;0;"Incluida em 10/Jul/2012.";NA;"FUNCEX";"Internet";"Macro"
"9217";"FUNCEX_XQDIV2N";NA;NA;"Ativa";"Funcex";"Comércio exterior";"Exportações - setor: indústrias diversas - quantum - índice (média 2006 = 100)";"Exportações - setor: indústrias diversas - quantum - índice (média 2006 = 100)";"Não oculta";"Internet";75;0;0;"Incluida em 10/Jul/2012.";NA;"FUNCEX";"Internet";"Macro"
"9218";"FUNCEX_XQPRF2N";NA;NA;"Ativa";"Funcex";"Comércio exterior";"Exportações - setor: produção florestal - quantum - índice (média 2006 = 100)";"Exportações - setor: produção florestal - quantum - índice (média 2006 = 100)";"Não oculta";"Internet";75;0;0;"Incluida em 10/Jul/2012.";NA;"FUNCEX";"Internet";"Macro"
"9219";"FUNCEX_XQPES2N";NA;NA;"Ativa";"Funcex";"Comércio exterior";"Exportações - setor: pesca e aqüicultura - quantum - índice (média 2006 = 100)";"Exportações - setor: pesca e aqüicultura - quantum - índice (média 2006 = 100)";"Não oculta";"Internet";75;0;0;"Incluida em 10/Jul/2012.";NA;"FUNCEX";"Internet";"Macro"
"9220";"FUNCEX_XQFUMO2N";NA;NA;"Ativa";"Funcex";"Comércio exterior";"Exportações - setor: produtos do fumo - quantum - índice (média 2006 = 100)";"Exportações - setor: produtos do fumo - quantum - índice (média 2006 = 100)";"Não oculta";"Internet";75;0;0;"Incluida em 10/Jul/2012.";NA;"FUNCEX";"Internet";"Macro"
"9221";"FUNCEX_XQIXQG2N";NA;NA;"Ativa";"Funcex";"Comércio exterior";"Exportações - setor: impressão e reprodução de gravações - quantum - índice (média 2006 = 100)";"Exportações - setor: impressão e reprodução de gravações - quantum - índice (média 2006 = 100)";"Não oculta";"Internet";75;0;0;"Incluida em 10/Jul/2012.";NA;"FUNCEX";"Internet";"Macro"
"9222";"FUNCEX_XQFARM2N";NA;NA;"Ativa";"Funcex";"Comércio exterior";"Exportações - setor: produtos farmoquímicos farmacêuticos - quantum - índice (média 2006 = 100)";"Exportações - setor: produtos farmoquímicos farmacêuticos - quantum - índice (média 2006 = 100)";"Não oculta";"Internet";75;0;0;"Incluida em 10/Jul/2012.";NA;"FUNCEX";"Internet";"Macro"
"9223";"FUNCEX_MQAGP2N";NA;NA;"Ativa";"Funcex";"Comércio exterior";"Importações - setor: agricultura e pecuária - quantum - índice (média 2006 = 100)";"Importações - setor: agricultura e pecuária - quantum - índice (média 2006 = 100)";"Não oculta";"Internet";75;0;0;"Incluida em 10/Jul/2012.";NA;"FUNCEX";"Internet";"Macro"
"9224";"FUNCEX_MQAL2N";NA;NA;"Ativa";"Funcex";"Comércio exterior";"Importações - setor: produtos alimentícios - quantum - índice (média 2006 = 100)";"Importações - setor: produtos alimentícios - quantum - índice (média 2006 = 100)";"Não oculta";"Internet";75;0;0;"Incluida em 10/Jul/2012.";NA;"FUNCEX";"Internet";"Macro"
"9225";"FUNCEX_MQBEB2N";NA;NA;"Ativa";"Funcex";"Comércio exterior";"Importações - setor: bebidas - quantum - índice (média 2006 = 100)";"Importações - setor: bebidas - quantum - índice (média 2006 = 100)";"Não oculta";"Internet";75;0;0;"Incluida em 10/Jul/2012.";NA;"FUNCEX";"Internet";"Macro"
"9226";"FUNCEX_MQCAL2N";NA;NA;"Ativa";"Funcex";"Comércio exterior";"Importações - setor: couros, artefatos de couro e calçados - quantum - índice (média 2006 = 100)";"Importações - setor: couros, artefatos de couro, artigos para viagem e calçados - quantum - índice (média 2006 = 100)";"Não oculta";"Internet";75;0;0;"Incluida em 10/Jul/2012.";NA;"FUNCEX";"Internet";"Macro"
"9227";"FUNCEX_MQEMM2N";NA;NA;"Ativa";"Funcex";"Comércio exterior";"Importações - setor: extração de minerais metálicos - quantum - índice (média 2006 = 100)";"Importações - setor: extração de minerais metálicos - quantum - índice (média 2006 = 100)";"Não oculta";"Internet";75;0;0;"Incluida em 10/Jul/2012.";NA;"FUNCEX";"Internet";"Macro"
"9228";"FUNCEX_MQEMNM2N";NA;NA;"Ativa";"Funcex";"Comércio exterior";"Importações - setor: extração de minerais não-metálicos - quantum - índice (média 2006 = 100)";"Importações - setor: extração de minerais não-metálicos - quantum - índice (média 2006 = 100)";"Não oculta";"Internet";75;0;0;"Incluida em 10/Jul/2012.";NA;"FUNCEX";"Internet";"Macro"
"9229";"FUNCEX_MQEPET2N";NA;NA;"Ativa";"Funcex";"Comércio exterior";"Importações - setor: extração de petróleo e gás natural - quantum - índice (média 2006 = 100)";"Importações - setor: extração de petróleo e gás natural - quantum - índice (média 2006 = 100)";"Não oculta";"Internet";75;0;0;"Incluida em 10/Jul/2012.";NA;"FUNCEX";"Internet";"Macro"
"9230";"FUNCEX_MQMAD2N";NA;NA;"Ativa";"Funcex";"Comércio exterior";"Importações - setor: produtos de madeira - quantum - índice (média 2006 = 100)";"Importações - setor: produtos de madeira - quantum - índice (média 2006 = 100)";"Não oculta";"Internet";75;0;0;"Incluida em 10/Jul/2012.";NA;"FUNCEX";"Internet";"Macro"
"9231";"FUNCEX_MQMAQELET2N";NA;NA;"Ativa";"Funcex";"Comércio exterior";"Importações - setor: máquinas, aparelhos e materiais elétricos - quantum - índice (média 2006 = 100)";"Importações - setor: máquinas, aparelhos e materiais elétricos - quantum - índice (média 2006 = 100)";"Não oculta";"Internet";75;0;0;"Incluida em 10/Jul/2012.";NA;"FUNCEX";"Internet";"Macro"
"9232";"FUNCEX_MQMAQEQU2N";NA;NA;"Ativa";"Funcex";"Comércio exterior";"Importações - setor: máquinas e equipamentos - quantum - índice (média 2006 = 100)";"Importações - setor: máquinas e equipamentos - quantum - índice (média 2006 = 100)";"Não oculta";"Internet";75;0;0;"Incluida em 10/Jul/2012.";NA;"FUNCEX";"Internet";"Macro"
"9233";"FUNCEX_MQMAQINF2N";NA;NA;"Ativa";"Funcex";"Comércio exterior";"Importações - setor: eq. de informática, eletrônicos e ópticos - quantum - índice (média 2006 = 100)";"Importações - setor: equipamentos de informática, produtos eletrônicos e ópticos - quantum - índice (média 2006 = 100)";"Não oculta";"Internet";75;0;0;"Incluida em 10/Jul/2012.";NA;"FUNCEX";"Internet";"Macro"
"9234";"FUNCEX_MQMETBAS2N";NA;NA;"Ativa";"Funcex";"Comércio exterior";"Importações - setor: metalurgia - quantum - índice (média 2006 = 100)";"Importações - setor: metalurgia - quantum - índice (média 2006 = 100)";"Não oculta";"Internet";75;0;0;"Incluida em 10/Jul/2012.";NA;"FUNCEX";"Internet";"Macro"
"9235";"FUNCEX_MQMET2N";NA;NA;"Ativa";"Funcex";"Comércio exterior";"Importações - setor: produtos de metal - quantum - índice (média 2006 = 100)";"Importações - setor: produtos de metal, exceto  máquinas e equipamentos - quantum - índice (média 2006 = 100)";"Não oculta";"Internet";75;0;0;"Incluida em 10/Jul/2012.";NA;"FUNCEX";"Internet";"Macro"
"9236";"FUNCEX_MQMNM2N";NA;NA;"Ativa";"Funcex";"Comércio exterior";"Importações - setor: produtos de minerais não-metálicos - quantum - índice (média 2006 = 100)";"Importações - setor: produtos de minerais não-metálicos - quantum - índice (média 2006 = 100)";"Não oculta";"Internet";75;0;0;"Incluida em 10/Jul/2012.";NA;"FUNCEX";"Internet";"Macro"
"9237";"FUNCEX_MQMOV2N";NA;NA;"Ativa";"Funcex";"Comércio exterior";"Importações - setor: móveis - quantum - índice (média 2006 = 100)";"Importações - setor: móveis - quantum - índice (média 2006 = 100)";"Não oculta";"Internet";75;0;0;"Incluida em 10/Jul/2012.";NA;"FUNCEX";"Internet";"Macro"
"9238";"FUNCEX_MQOUTTRANS2N";NA;NA;"Ativa";"Funcex";"Comércio exterior";"Importações - setor: outros equipamentos de transporte - quantum - índice (média 2006 = 100)";"Importações - setor: outros equipamentos de transporte, exceto veículos automotores - quantum - índice (média 2006 = 100)";"Não oculta";"Internet";75;0;0;"Incluida em 10/Jul/2012.";NA;"FUNCEX";"Internet";"Macro"
"9239";"FUNCEX_MQPAP2N";NA;NA;"Ativa";"Funcex";"Comércio exterior";"Importações - setor: celulose, papel e produtos de papel - quantum - índice (média 2006 = 100)";"Importações - setor: celulose, papel e produtos de papel - quantum - índice (média 2006 = 100)";"Não oculta";"Internet";75;0;0;"Incluida em 10/Jul/2012.";NA;"FUNCEX";"Internet";"Macro"
"9240";"FUNCEX_MQPETCOMB2N";NA;NA;"Ativa";"Funcex";"Comércio exterior";"Importações - setor: derivados do petróleo - quantum - índice (média 2006 = 100)";"Importações - setor: derivados do petróleo biocombustíveis e coque - quantum - índice (média 2006 = 100)";"Não oculta";"Internet";75;0;0;"Incluida em 10/Jul/2012.";NA;"FUNCEX";"Internet";"Macro"
"9241";"FUNCEX_MQPLAS2N";NA;NA;"Ativa";"Funcex";"Comércio exterior";"Importações - setor: produtos de borracha e material plástico - quantum - índice (média 2006 = 100)";"Importações - setor: produtos de borracha e de material plástico - quantum - índice (média 2006 = 100)";"Não oculta";"Internet";75;0;0;"Incluida em 10/Jul/2012.";NA;"FUNCEX";"Internet";"Macro"
"9242";"FUNCEX_MQQUIM2N";NA;NA;"Ativa";"Funcex";"Comércio exterior";"Importações - setor: produtos químicos - quantum - índice (média 2006 = 100)";"Importações - setor: produtos químicos - quantum - índice (média 2006 = 100)";"Não oculta";"Internet";75;0;0;"Incluida em 10/Jul/2012.";NA;"FUNCEX";"Internet";"Macro"
"9243";"FUNCEX_MQTEXT2N";NA;NA;"Ativa";"Funcex";"Comércio exterior";"Importações - setor: produtos têxteis - quantum - índice (média 2006 = 100)";"Importações - setor: produtos têxteis - quantum - índice (média 2006 = 100)";"Não oculta";"Internet";75;0;0;"Incluida em 10/Jul/2012.";NA;"FUNCEX";"Internet";"Macro"
"9244";"FUNCEX_MQVEIC2N";NA;NA;"Ativa";"Funcex";"Comércio exterior";"Importações - setor: veículos automotores, reboques,carrocerias - quantum - índice(média 2006 = 100)";"Importações - setor: veículos automotores, reboques, carrocerias - quantum - índice(média 2006 = 100)";"Não oculta";"Internet";75;0;0;"Incluida em 10/Jul/2012.";NA;"FUNCEX";"Internet";"Macro"
"9245";"FUNCEX_MQVEST2N";NA;NA;"Ativa";"Funcex";"Comércio exterior";"Importações - setor: artigos de vestuário e acessórios - quantum - índice (média 2006 = 100)";"Importações - setor: confecção de artigos do  vestuário e acessórios - quantum - índice (média 2006 = 100)";"Não oculta";"Internet";75;0;0;"Incluida em 10/Jul/2012.";NA;"FUNCEX";"Internet";"Macro"
"9246";"FUNCEX_MQDIV2N";NA;NA;"Ativa";"Funcex";"Comércio exterior";"Importações - setor: indústrias diversas - quantum - índice (média 2006 = 100)";"Importações - setor: indústrias diversas - quantum - índice (média 2006 = 100)";"Não oculta";"Internet";75;0;0;"Incluida em 10/Jul/2012.";NA;"FUNCEX";"Internet";"Macro"
"9247";"FUNCEX_MQPRF2N";NA;NA;"Ativa";"Funcex";"Comércio exterior";"Importações - setor: produção florestal - quantum - índice (média 2006 = 100)";"Importações - setor: produção florestal - quantum - índice (média 2006 = 100)";"Não oculta";"Internet";75;0;0;"Incluida em 10/Jul/2012.";NA;"FUNCEX";"Internet";"Macro"
"9248";"FUNCEX_MQPES2N";NA;NA;"Ativa";"Funcex";"Comércio exterior";"Importações - setor: pesca e aqüicultura - quantum - índice (média 2006 = 100)";"Importações - setor: pesca e aqüicultura - quantum - índice (média 2006 = 100)";"Não oculta";"Internet";75;0;0;"Incluida em 10/Jul/2012.";NA;"FUNCEX";"Internet";"Macro"
"9249";"FUNCEX_MQFUMO2N";NA;NA;"Ativa";"Funcex";"Comércio exterior";"Importações - setor: produtos do fumo - quantum - índice (média 2006 = 100)";"Importações - setor: produtos do fumo - quantum - índice (média 2006 = 100)";"Não oculta";"Internet";75;0;0;"Incluida em 10/Jul/2012.";NA;"FUNCEX";"Internet";"Macro"
"9250";"FUNCEX_MQIMQG2N";NA;NA;"Ativa";"Funcex";"Comércio exterior";"Importações - setor: impressão e reprodução de gravações - quantum - índice (média 2006 = 100)";"Importações - setor: impressão e reprodução de gravações - quantum - índice (média 2006 = 100)";"Não oculta";"Internet";75;0;0;"Incluida em 10/Jul/2012.";NA;"FUNCEX";"Internet";"Macro"
"9251";"FUNCEX_MQFARM2N";NA;NA;"Ativa";"Funcex";"Comércio exterior";"Importações - setor: produtos farmoquímicos farmacêuticos - quantum - índice (média 2006 = 100)";"Importações - setor: produtos farmoquímicos farmacêuticos - quantum - índice (média 2006 = 100)";"Não oculta";"Internet";75;0;0;"Incluida em 10/Jul/2012.";NA;"FUNCEX";"Internet";"Macro"
"9252";"FUNCEX_MVAGP2N";NA;NA;"Ativa";"Funcex";"Comércio exterior";"Importações - setor: agricultura e pecuária - (FOB)";"Importações - setor: agricultura e pecuária - (FOB)";"Não oculta";"Internet";75;0;0;"Incluida em 10/Jul/2012.";NA;"FUNCEX";"Internet";"Macro"
"9253";"FUNCEX_MVAL2N";NA;NA;"Ativa";"Funcex";"Comércio exterior";"Importações - setor: produtos alimentícios - (FOB)";"Importações - setor: produtos alimentícios - (FOB)";"Não oculta";"Internet";75;0;0;"Incluida em 10/Jul/2012.";NA;"FUNCEX";"Internet";"Macro"
"9254";"FUNCEX_MVBEB2N";NA;NA;"Ativa";"Funcex";"Comércio exterior";"Importações - setor: bebidas - (FOB)";"Importações - setor: bebidas - (FOB)";"Não oculta";"Internet";75;0;0;"Incluida em 10/Jul/2012.";NA;"FUNCEX";"Internet";"Macro"
"9255";"FUNCEX_MVCAL2N";NA;NA;"Ativa";"Funcex";"Comércio exterior";"Importações - setor: couros, artefatos de couro e calçados - (FOB)";"Importações - setor: couros, artefatos de couro, artigos para viagem e calçados - (FOB)";"Não oculta";"Internet";75;0;0;"Incluida em 10/Jul/2012.";NA;"FUNCEX";"Internet";"Macro"
"9256";"FUNCEX_MVEMM2N";NA;NA;"Ativa";"Funcex";"Comércio exterior";"Importações - setor: extração de minerais metálicos - (FOB)";"Importações - setor: extração de minerais metálicos - (FOB)";"Não oculta";"Internet";75;0;0;"Incluida em 10/Jul/2012.";NA;"FUNCEX";"Internet";"Macro"
"9257";"FUNCEX_MVEMNM2N";NA;NA;"Ativa";"Funcex";"Comércio exterior";"Importações - setor: extração de minerais não-metálicos - (FOB)";"Importações - setor: extração de minerais não-metálicos - (FOB)";"Não oculta";"Internet";75;0;0;"Incluida em 10/Jul/2012.";NA;"FUNCEX";"Internet";"Macro"
"9258";"FUNCEX_MVEPET2N";NA;NA;"Ativa";"Funcex";"Comércio exterior";"Importações - setor: extração de petróleo e gás natural - (FOB)";"Importações - setor: extração de petróleo e gás natural - (FOB)";"Não oculta";"Internet";75;0;0;"Incluida em 10/Jul/2012.";NA;"FUNCEX";"Internet";"Macro"
"9259";"FUNCEX_MVMAD2N";NA;NA;"Ativa";"Funcex";"Comércio exterior";"Importações - setor: produtos de madeira - (FOB)";"Importações - setor: produtos de madeira - (FOB)";"Não oculta";"Internet";75;0;0;"Incluida em 10/Jul/2012.";NA;"FUNCEX";"Internet";"Macro"
"9260";"FUNCEX_MVMAQELET2N";NA;NA;"Ativa";"Funcex";"Comércio exterior";"Importações - setor: máquinas, aparelhos e materiais elétricos - (FOB)";"Importações - setor: máquinas, aparelhos e materiais elétricos - (FOB)";"Não oculta";"Internet";75;0;0;"Incluida em 10/Jul/2012.";NA;"FUNCEX";"Internet";"Macro"
"9261";"FUNCEX_MVMAQEQU2N";NA;NA;"Ativa";"Funcex";"Comércio exterior";"Importações - setor: máquinas e equipamentos - (FOB)";"Importações - setor: máquinas e equipamentos - (FOB)";"Não oculta";"Internet";75;0;0;"Incluida em 10/Jul/2012.";NA;"FUNCEX";"Internet";"Macro"
"9262";"FUNCEX_MVMAQINF2N";NA;NA;"Ativa";"Funcex";"Comércio exterior";"Importações - setor: eq. de informática, eletrônicos e ópticos - (FOB)";"Importações - setor: equipamentos de informática, produtos eletrônicos e ópticos - (FOB)";"Não oculta";"Internet";75;0;0;"Incluida em 10/Jul/2012.";NA;"FUNCEX";"Internet";"Macro"
"9263";"FUNCEX_MVMETBAS2N";NA;NA;"Ativa";"Funcex";"Comércio exterior";"Importações - setor: metalurgia - (FOB)";"Importações - setor: metalurgia - (FOB)";"Não oculta";"Internet";75;0;0;"Incluida em 10/Jul/2012.";NA;"FUNCEX";"Internet";"Macro"
"9264";"FUNCEX_MVMET2N";NA;NA;"Ativa";"Funcex";"Comércio exterior";"Importações - setor: produtos de metal - (FOB)";"Importações - setor: produtos de metal, exceto  máquinas e equipamentos - (FOB)";"Não oculta";"Internet";75;0;0;"Incluida em 10/Jul/2012.";NA;"FUNCEX";"Internet";"Macro"
"9265";"FUNCEX_MVMNM2N";NA;NA;"Ativa";"Funcex";"Comércio exterior";"Importações - setor: produtos de minerais não-metálicos - (FOB)";"Importações - setor: produtos de minerais não-metálicos - (FOB)";"Não oculta";"Internet";75;0;0;"Incluida em 10/Jul/2012.";NA;"FUNCEX";"Internet";"Macro"
"9266";"FUNCEX_MVMOV2N";NA;NA;"Ativa";"Funcex";"Comércio exterior";"Importações - setor: móveis - (FOB)";"Importações - setor: móveis - (FOB)";"Não oculta";"Internet";75;0;0;"Incluida em 10/Jul/2012.";NA;"FUNCEX";"Internet";"Macro"
"9267";"FUNCEX_MVOUTTRANS2N";NA;NA;"Ativa";"Funcex";"Comércio exterior";"Importações - setor: outros equipamentos de transporte - (FOB)";"Importações - setor: outros equipamentos de transporte, exceto veículos automotores - (FOB)";"Não oculta";"Internet";75;0;0;"Incluida em 10/Jul/2012.";NA;"FUNCEX";"Internet";"Macro"
"9268";"FUNCEX_MVPAP2N";NA;NA;"Ativa";"Funcex";"Comércio exterior";"Importações - setor: celulose, papel e produtos de papel - (FOB)";"Importações - setor: celulose, papel e produtos de papel - (FOB)";"Não oculta";"Internet";75;0;0;"Incluida em 10/Jul/2012.";NA;"FUNCEX";"Internet";"Macro"
"9269";"FUNCEX_MVPETCOMB2N";NA;NA;"Ativa";"Funcex";"Comércio exterior";"Importações - setor: derivados do petróleo - (FOB)";"Importações - setor: derivados do petróleo biocombustíveis e coque - (FOB)";"Não oculta";"Internet";75;0;0;"Incluida em 10/Jul/2012.";NA;"FUNCEX";"Internet";"Macro"
"9270";"FUNCEX_MVPLAS2N";NA;NA;"Ativa";"Funcex";"Comércio exterior";"Importações - setor: produtos de borracha e material plástico - (FOB)";"Importações - setor: produtos de borracha e de material plástico - (FOB)";"Não oculta";"Internet";75;0;0;"Incluida em 10/Jul/2012.";NA;"FUNCEX";"Internet";"Macro"
"9271";"FUNCEX_MVQUIM2N";NA;NA;"Ativa";"Funcex";"Comércio exterior";"Importações - setor: produtos químicos - (FOB)";"Importações - setor: produtos químicos - (FOB)";"Não oculta";"Internet";75;0;0;"Incluida em 10/Jul/2012.";NA;"FUNCEX";"Internet";"Macro"
"9272";"FUNCEX_MVTEXT2N";NA;NA;"Ativa";"Funcex";"Comércio exterior";"Importações - setor: produtos têxteis - (FOB)";"Importações - setor: produtos têxteis - (FOB)";"Não oculta";"Internet";75;0;0;"Incluida em 10/Jul/2012.";NA;"FUNCEX";"Internet";"Macro"
"9273";"FUNCEX_MVVEIC2N";NA;NA;"Ativa";"Funcex";"Comércio exterior";"Importações - setor: veículos automotores, reboques,carrocerias - (FOB)";"Importações - setor: veículos automotores, reboques, carrocerias - (FOB)";"Não oculta";"Internet";75;0;0;"Incluida em 10/Jul/2012.";NA;"FUNCEX";"Internet";"Macro"
"9274";"FUNCEX_MVVEST2N";NA;NA;"Ativa";"Funcex";"Comércio exterior";"Importações - setor: artigos de vestuário e acessórios - (FOB)";"Importações - setor: confecção de artigos do  vestuário e acessórios - (FOB)";"Não oculta";"Internet";75;0;0;"Incluida em 10/Jul/2012.";NA;"FUNCEX";"Internet";"Macro"
"9275";"FUNCEX_MVDIV2N";NA;NA;"Ativa";"Funcex";"Comércio exterior";"Importações - setor: indústrias diversas - (FOB)";"Importações - setor: indústrias diversas - (FOB)";"Não oculta";"Internet";75;0;0;"Incluida em 10/Jul/2012.";NA;"FUNCEX";"Internet";"Macro"
"9276";"FUNCEX_MVPRF2N";NA;NA;"Ativa";"Funcex";"Comércio exterior";"Importações - setor: produção florestal - (FOB)";"Importações - setor: produção florestal - (FOB)";"Não oculta";"Internet";75;0;0;"Incluida em 10/Jul/2012.";NA;"FUNCEX";"Internet";"Macro"
"9277";"FUNCEX_MVPES2N";NA;NA;"Ativa";"Funcex";"Comércio exterior";"Importações - setor: pesca e aqüicultura - (FOB)";"Importações - setor: pesca e aqüicultura - (FOB)";"Não oculta";"Internet";75;0;0;"Incluida em 10/Jul/2012.";NA;"FUNCEX";"Internet";"Macro"
"9278";"FUNCEX_MVFUMO2N";NA;NA;"Ativa";"Funcex";"Comércio exterior";"Importações - setor: produtos do fumo - (FOB)";"Importações - setor: produtos do fumo - (FOB)";"Não oculta";"Internet";75;0;0;"Incluida em 10/Jul/2012.";NA;"FUNCEX";"Internet";"Macro"
"9279";"FUNCEX_MVIMVG2N";NA;NA;"Ativa";"Funcex";"Comércio exterior";"Importações - setor: impressão e reprodução de gravações - (FOB)";"Importações - setor: impressão e reprodução de gravações - (FOB)";"Não oculta";"Internet";75;0;0;"Incluida em 10/Jul/2012.";NA;"FUNCEX";"Internet";"Macro"
"9280";"FUNCEX_MVFARM2N";NA;NA;"Ativa";"Funcex";"Comércio exterior";"Importações - setor: produtos farmoquímicos farmacêuticos - (FOB)";"Importações - setor: produtos farmoquímicos farmacêuticos - (FOB)";"Não oculta";"Internet";75;0;0;"Incluida em 10/Jul/2012.";NA;"FUNCEX";"Internet";"Macro"
"9281";"FUNCEX_MVECARV2N";NA;NA;"Ativa";"Funcex";"Comércio exterior";"Importações - setor: extração de carvão mineral - (FOB)";"Importações - setor: extração de carvão mineral - (FOB)";"Não oculta";"Internet";75;0;0;"Incluida em 10/Jul/2012.";NA;"FUNCEX";"Internet";"Macro"
"9282";"FUNCEX_XVAGP2N";NA;NA;"Ativa";"Funcex";"Comércio exterior";"Exportações - setor: agricultura e pecuária - (FOB)";"Exportações - setor: agricultura e pecuária - (FOB)";"Não oculta";"Internet";75;0;0;"Incluida em 10/Jul/2012.";NA;"FUNCEX";"Internet";"Macro"
"9283";"FUNCEX_XVAL2N";NA;NA;"Ativa";"Funcex";"Comércio exterior";"Exportações - setor: produtos alimentícios - (FOB)";"Exportações - setor: produtos alimentícios - (FOB)";"Não oculta";"Internet";75;0;0;"Incluida em 10/Jul/2012.";NA;"FUNCEX";"Internet";"Macro"
"9284";"FUNCEX_XVBEB2N";NA;NA;"Ativa";"Funcex";"Comércio exterior";"Exportações - setor: bebidas - (FOB)";"Exportações - setor: bebidas - (FOB)";"Não oculta";"Internet";75;0;0;"Incluida em 10/Jul/2012.";NA;"FUNCEX";"Internet";"Macro"
"9285";"FUNCEX_XVCAL2N";NA;NA;"Ativa";"Funcex";"Comércio exterior";"Exportações - setor: couros, artefatos de couro e calçados - (FOB)";"Exportações - setor: couros, artefatos de couro, artigos para viagem e calçados - (FOB)";"Não oculta";"Internet";75;0;0;"Incluida em 10/Jul/2012.";NA;"FUNCEX";"Internet";"Macro"
"9286";"FUNCEX_XVEMM2N";NA;NA;"Ativa";"Funcex";"Comércio exterior";"Exportações - setor: extração de minerais metálicos - (FOB)";"Exportações - setor: extração de minerais metálicos - (FOB)";"Não oculta";"Internet";75;0;0;"Incluida em 10/Jul/2012.";NA;"FUNCEX";"Internet";"Macro"
"9287";"FUNCEX_XVEMNM2N";NA;NA;"Ativa";"Funcex";"Comércio exterior";"Exportações - setor: extração de minerais não-metálicos - (FOB)";"Exportações - setor: extração de minerais não-metálicos - (FOB)";"Não oculta";"Internet";75;0;0;"Incluida em 10/Jul/2012.";NA;"FUNCEX";"Internet";"Macro"
"9288";"FUNCEX_XVEPET2N";NA;NA;"Ativa";"Funcex";"Comércio exterior";"Exportações - setor: extração de petróleo e gás natural - (FOB)";"Exportações - setor: extração de petróleo e gás natural - (FOB)";"Não oculta";"Internet";75;0;0;"Incluida em 10/Jul/2012.";NA;"FUNCEX";"Internet";"Macro"
"9289";"FUNCEX_XVMAD2N";NA;NA;"Ativa";"Funcex";"Comércio exterior";"Exportações - setor: produtos de madeira - (FOB)";"Exportações - setor: produtos de madeira - (FOB)";"Não oculta";"Internet";75;0;0;"Incluida em 10/Jul/2012.";NA;"FUNCEX";"Internet";"Macro"
"9290";"FUNCEX_XVMAQELET2N";NA;NA;"Ativa";"Funcex";"Comércio exterior";"Exportações - setor: máquinas, aparelhos e materiais elétricos - (FOB)";"Exportações - setor: máquinas, aparelhos e materiais elétricos - (FOB)";"Não oculta";"Internet";75;0;0;"Incluida em 10/Jul/2012.";NA;"FUNCEX";"Internet";"Macro"
"9291";"FUNCEX_XVMAQEQU2N";NA;NA;"Ativa";"Funcex";"Comércio exterior";"Exportações - setor: máquinas e equipamentos - (FOB)";"Exportações - setor: máquinas e equipamentos - (FOB)";"Não oculta";"Internet";75;0;0;"Incluida em 10/Jul/2012.";NA;"FUNCEX";"Internet";"Macro"
"9292";"FUNCEX_XVMAQINF2N";NA;NA;"Ativa";"Funcex";"Comércio exterior";"Exportações - setor: eq. de informática, eletrônicos e ópticos - (FOB)";"Exportações - setor: equipamentos de informática, produtos eletrônicos e ópticos - (FOB)";"Não oculta";"Internet";75;0;0;"Incluida em 10/Jul/2012.";NA;"FUNCEX";"Internet";"Macro"
"9293";"FUNCEX_XVMETBAS2N";NA;NA;"Ativa";"Funcex";"Comércio exterior";"Exportações - setor: metalurgia - (FOB)";"Exportações - setor: metalurgia - (FOB)";"Não oculta";"Internet";75;0;0;"Incluida em 10/Jul/2012.";NA;"FUNCEX";"Internet";"Macro"
"9294";"FUNCEX_XVMET2N";NA;NA;"Ativa";"Funcex";"Comércio exterior";"Exportações - setor: produtos de metal - (FOB)";"Exportações - setor: produtos de metal, exceto  máquinas e equipamentos - (FOB)";"Não oculta";"Internet";75;0;0;"Incluida em 10/Jul/2012.";NA;"FUNCEX";"Internet";"Macro"
"9295";"FUNCEX_XVMNM2N";NA;NA;"Ativa";"Funcex";"Comércio exterior";"Exportações - setor: produtos de minerais não-metálicos - (FOB)";"Exportações - setor: produtos de minerais não-metálicos - (FOB)";"Não oculta";"Internet";75;0;0;"Incluida em 10/Jul/2012.";NA;"FUNCEX";"Internet";"Macro"
"9296";"FUNCEX_XVMOV2N";NA;NA;"Ativa";"Funcex";"Comércio exterior";"Exportações - setor: móveis - (FOB)";"Exportações - setor: móveis - (FOB)";"Não oculta";"Internet";75;0;0;"Incluida em 10/Jul/2012.";NA;"FUNCEX";"Internet";"Macro"
"9297";"FUNCEX_XVOUTTRANS2N";NA;NA;"Ativa";"Funcex";"Comércio exterior";"Exportações - setor: outros equipamentos de transporte - (FOB)";"Exportações - setor: outros equipamentos de transporte, exceto veículos automotores - (FOB)";"Não oculta";"Internet";75;0;0;"Incluida em 10/Jul/2012.";NA;"FUNCEX";"Internet";"Macro"
"9298";"FUNCEX_XVPAP2N";NA;NA;"Ativa";"Funcex";"Comércio exterior";"Exportações - setor: celulose, papel e produtos de papel - (FOB)";"Exportações - setor: celulose, papel e produtos de papel - (FOB)";"Não oculta";"Internet";75;0;0;"Incluida em 10/Jul/2012.";NA;"FUNCEX";"Internet";"Macro"
"9299";"FUNCEX_XVPETCOMB2N";NA;NA;"Ativa";"Funcex";"Comércio exterior";"Exportações - setor: derivados do petróleo - (FOB)";"Exportações - setor: derivados do petróleo biocombustíveis e coque - (FOB)";"Não oculta";"Internet";75;0;0;"Incluida em 10/Jul/2012.";NA;"FUNCEX";"Internet";"Macro"
"9300";"FUNCEX_XVPLAS2N";NA;NA;"Ativa";"Funcex";"Comércio exterior";"Exportações - setor: produtos de borracha e material plástico - (FOB)";"Exportações - setor: produtos de borracha e de material plástico - (FOB)";"Não oculta";"Internet";75;0;0;"Incluida em 10/Jul/2012.";NA;"FUNCEX";"Internet";"Macro"
"9301";"FUNCEX_XVQUIM2N";NA;NA;"Ativa";"Funcex";"Comércio exterior";"Exportações - setor: produtos químicos - (FOB)";"Exportações - setor: produtos químicos - (FOB)";"Não oculta";"Internet";75;0;0;"Incluida em 10/Jul/2012.";NA;"FUNCEX";"Internet";"Macro"
"9302";"FUNCEX_XVTEXT2N";NA;NA;"Ativa";"Funcex";"Comércio exterior";"Exportações - setor: produtos têxteis - (FOB)";"Exportações - setor: produtos têxteis - (FOB)";"Não oculta";"Internet";75;0;0;"Incluida em 10/Jul/2012.";NA;"FUNCEX";"Internet";"Macro"
"9303";"FUNCEX_XVVEIC2N";NA;NA;"Ativa";"Funcex";"Comércio exterior";"Exportações - setor: veículos automotores, reboques,carrocerias - (FOB)";"Exportações - setor: veículos automotores, reboques, carrocerias - (FOB)";"Não oculta";"Internet";75;0;0;"Incluida em 10/Jul/2012.";NA;"FUNCEX";"Internet";"Macro"
"9304";"FUNCEX_XVVEST2N";NA;NA;"Ativa";"Funcex";"Comércio exterior";"Exportações - setor: artigos de vestuário e acessórios - (FOB)";"Exportações - setor: confecção de artigos do  vestuário e acessórios - (FOB)";"Não oculta";"Internet";75;0;0;"Incluida em 10/Jul/2012.";NA;"FUNCEX";"Internet";"Macro"
"9305";"FUNCEX_XVDIV2N";NA;NA;"Ativa";"Funcex";"Comércio exterior";"Exportações - setor: indústrias diversas - (FOB)";"Exportações - setor: indústrias diversas - (FOB)";"Não oculta";"Internet";75;0;0;"Incluida em 10/Jul/2012.";NA;"FUNCEX";"Internet";"Macro"
"9306";"FUNCEX_XVPRF2N";NA;NA;"Ativa";"Funcex";"Comércio exterior";"Exportações - setor: produção florestal - (FOB)";"Exportações - setor: produção florestal - (FOB)";"Não oculta";"Internet";75;0;0;"Incluida em 10/Jul/2012.";NA;"FUNCEX";"Internet";"Macro"
"9307";"FUNCEX_XVPES2N";NA;NA;"Ativa";"Funcex";"Comércio exterior";"Exportações - setor: pesca e aqüicultura - (FOB)";"Exportações - setor: pesca e aqüicultura - (FOB)";"Não oculta";"Internet";75;0;0;"Incluida em 10/Jul/2012.";NA;"FUNCEX";"Internet";"Macro"
"9308";"FUNCEX_XVFUMO2N";NA;NA;"Ativa";"Funcex";"Comércio exterior";"Exportações - setor: produtos do fumo - (FOB)";"Exportações - setor: produtos do fumo - (FOB)";"Não oculta";"Internet";75;0;0;"Incluida em 10/Jul/2012.";NA;"FUNCEX";"Internet";"Macro"
"9309";"FUNCEX_XVIXVG2N";NA;NA;"Ativa";"Funcex";"Comércio exterior";"Exportações - setor: impressão e reprodução de gravações - (FOB)";"Exportações - setor: impressão e reprodução de gravações - (FOB)";"Não oculta";"Internet";75;0;0;"Incluida em 10/Jul/2012.";NA;"FUNCEX";"Internet";"Macro"
"9310";"FUNCEX_XVFARM2N";NA;NA;"Ativa";"Funcex";"Comércio exterior";"Exportações - setor: produtos farmoquímicos farmacêuticos - (FOB)";"Exportações - setor: produtos farmoquímicos farmacêuticos - (FOB)";"Não oculta";"Internet";75;0;0;"Incluida em 10/Jul/2012.";NA;"FUNCEX";"Internet";"Macro"
"9311";"FUNCEX_XVECARV2N";NA;NA;"Ativa";"Funcex";"Comércio exterior";"Exportações - setor: extração de carvão mineral - (FOB)";"Exportações - setor: extração de carvão mineral - (FOB)";"Não oculta";"Internet";75;0;0;"Incluida em 10/Jul/2012.";NA;"FUNCEX";"Internet";"Macro"
"9312";"PISOFAIXA1";NA;NA;"Ativa";"Assembleias";"Mercado de trabalho";"Pisos estaduais - faixa 1";"Pisos estaduais - faixa 1";"Não oculta";"Internet";NA;0;NA;NA;NA;"PISOFAIXA1";"Internet";"Social"
"9313";"PISOFAIXA2";NA;NA;"Ativa";"Assembleias";"Mercado de trabalho";"Pisos estaduais - faixa 2";"Pisos estaduais - faixa 2";"Não oculta";"Internet";NA;0;NA;NA;NA;"PISOFAIXA2";"Internet";"Social"
"9314";"PISOFAIXA3";NA;NA;"Ativa";"Assembleias";"Mercado de trabalho";"Pisos estaduais - faixa 3";"Pisos estaduais - faixa 3";"Não oculta";"Internet";NA;0;NA;NA;NA;"PISOFAIXA3";"Internet";"Social"
"9315";"PISOFAIXA4";NA;NA;"Ativa";"Assembleias";"Mercado de trabalho";"Pisos estaduais - faixa 4";"Pisos estaduais - faixa 4";"Não oculta";"Internet";NA;0;NA;NA;NA;"PISOFAIXA4";"Internet";"Social"
"9316";"PISOFAIXA5";NA;NA;"Ativa";"Assembleias";"Mercado de trabalho";"Pisos estaduais - faixa 5";"Pisos estaduais - faixa 5";"Não oculta";"Internet";NA;0;NA;NA;NA;"PISOFAIXA5";"Internet";"Social"
"9317";"PISOFAIXA6";NA;NA;"Ativa";"Assembleias";"Mercado de trabalho";"Pisos estaduais - faixa 6";"Pisos estaduais - faixa 6";"Não oculta";"Internet";NA;0;NA;NA;NA;"PISOFAIXA6";"Internet";"Social"
"9318";"PISOFAIXA7";NA;NA;"Ativa";"Assembleias";"Mercado de trabalho";"Pisos estaduais - faixa 7";"Pisos estaduais - faixa 7";"Não oculta";"Internet";NA;0;NA;NA;NA;"PISOFAIXA7";"Internet";"Social"
"9319";"PISOFAIXA8";NA;NA;"Ativa";"Assembleias";"Mercado de trabalho";"Pisos estaduais - faixa 8";"Pisos estaduais - faixa 8";"Não oculta";"Internet";NA;0;NA;NA;NA;"PISOFAIXA8";"Internet";"Social"
"9320";"PISOFAIXA9";NA;NA;"Ativa";"Assembleias";"Mercado de trabalho";"Pisos estaduais - faixa 9";"Pisos estaduais - faixa 9";"Não oculta";"Internet";NA;0;NA;NA;NA;"PISOFAIXA9";"Internet";"Social"
"9321";"BM12_IPCA2012";NA;NA;"Ativa";"Bacen/Boletim/Ativ. Ec.";"Preços";"IPCA - núcleo médias aparadas com suavização - var";"IPCA - núcleo médias aparadas com suavização - var";"Não oculta";"Internet";15;0;0;"Incuída em 20/ago/2012 .";NA;"BM12";"Internet";"Macro"
"9322";"BM12_IPCA20N12";NA;NA;"Ativa";"Bacen/Boletim/Ativ. Ec.";"Preços";"IPCA -  núcleo médias aparadas sem suavização - var";"IPCA -  núcleo médias aparadas sem suavização - var";"Não oculta";"Internet";15;0;0;"Incuída em 20/ago/2012 .";NA;"BM12";"Internet";"Macro"
"9323";"BM12_IPCAEXCEX212";NA;NA;"Ativa";"Bacen/Boletim/Ativ. Ec.";"Preços";"IPCA - núcleo por exclusão - ex2 - var";"IPCA - núcleo por exclusão - ex2 - var";"Não oculta";"Internet";15;0;0;"Incuída em 20/ago/2012 .";NA;"BM12";"Internet";"Macro"
"9324";"BM12_IPCAEXC12";NA;NA;"Ativa";"Bacen/Boletim/Ativ. Ec.";"Preços";"IPCA - núcleo por exclusão - sem monitorados e alimentos no domicílio - var";"IPCA - núcleo por exclusão - sem monitorados e alimentos no domicílio - var";"Não oculta";"Internet";15;0;0;"Incuída em 20/ago/2012 .";NA;"BM12";"Internet";"Macro"
"9325";"BM12_IPCAPLBND12";NA;NA;"Ativa";"Bacen/Boletim/Ativ. Ec.";"Preços";"IPCA - preços livres - bens não duráveis - var";"IPCA - preços livres - bens não duráveis - var";"Não oculta";"Internet";15;0;0;"Incuída em 20/ago/2012 .";NA;"BM12";"Internet";"Macro"
"9326";"BM12_IPCAPLBSD12";NA;NA;"Ativa";"Bacen/Boletim/Ativ. Ec.";"Preços";"IPCA - preços livres - bens semi duráveis - var";"IPCA - preços livres - bens semi duráveis - var";"Não oculta";"Internet";15;0;0;"Incuída em 20/ago/2012 .";NA;"BM12";"Internet";"Macro"
"9327";"BM12_IPCAPLBD12";NA;NA;"Ativa";"Bacen/Boletim/Ativ. Ec.";"Preços";"IPCA - preços livres - bens duráveis - var";"IPCA - preços livres - bens duráveis - var";"Não oculta";"Internet";15;0;0;"Incuída em 20/ago/2012 .";NA;"BM12";"Internet";"Macro"
"9328";"BM12_IPCAPLSER12";NA;NA;"Ativa";"Bacen/Boletim/Ativ. Ec.";"Preços";"IPCA - preços livres - serviços - var";"IPCA - preços livres - serviços - var";"Não oculta";"Internet";15;0;0;"Incuída em 20/ago/2012 .";NA;"BM12";"Internet";"Macro"
"9329";"BM12_IPCACOM12";NA;NA;"Ativa";"Bacen/Boletim/Ativ. Ec.";"Preços";"IPCA - preços livres - comercializáveis - var.";"IPCA - preços livres - comercializáveis - var.";"Não oculta";"Internet";15;0;0;"Incuída em 25/out/2002 .";NA;"BM12";"Internet";"Macro"
"9330";"BM12_IPCAPL12";NA;NA;"Ativa";"Bacen/Boletim/Ativ. Ec.";"Preços";"IPCA - preços livres - var.";"IPCA - preços livres - var.";"Não oculta";"Internet";15;0;0;"Incluída em 17/abril/2003 .";NA;"BM12";"Internet";"Macro"
"9331";"BM12_IPCAPM12";NA;NA;"Ativa";"Bacen/Boletim/Ativ. Ec.";"Preços";"IPCA - preços monitorados - var.";"IPCA - preços monitorados - var.";"Não oculta";"Internet";15;0;0;"Incuída em 25/out/2002 .";NA;"BM12";"Internet";"Macro"
"9332";"BM12_IPCANCOM12";NA;NA;"Ativa";"Bacen/Boletim/Ativ. Ec.";"Preços";"IPCA - preços livres - não comercializáveis - var.";"IPCA - preços livres - não comercializáveis - var.";"Não oculta";"Internet";15;0;0;"Incuída em 25/out/2002 .";NA;"BM12";"Internet";"Macro"
"9333";"GAC12_CABI12";NA;NA;"Ativa";"IPEA";"Contas nacionais";"Consumo aparente - bens intermediários - índice encadeado (média 2012 = 100)";"Consumo aparente - bens intermediários - índice encadeado (média 2012 = 100)";"Não oculta";"Internet";120;1;0;"Incluída em 11/mar/2013.";NA;"GAC12";"Internet";"Macro"
"9334";"GAC12_CABC12";NA;NA;"Ativa";"IPEA";"Contas nacionais";"Consumo aparente - bens de consumo - índice encadeado (média 2012 = 100)";"Consumo aparente - bens de consumo - índice encadeado (média 2012 = 100)";"Não oculta";"Internet";120;1;0;"Incluída em 11/mar/2013.";NA;"GAC12";"Internet";"Macro"
"9335";"GAC12_CABCD12";NA;NA;"Ativa";"IPEA";"Contas nacionais";"Consumo aparente - bens de consumo duráveis - índice encadeado (média 2012 = 100)";"Consumo aparente - bens de consumo duráveis - índice encadeado (média 2012 = 100)";"Não oculta";"Internet";120;1;0;"Incluída em 11/mar/2013.";NA;"GAC12";"Internet";"Macro"
"9336";"GAC12_CABCND12";NA;NA;"Ativa";"IPEA";"Contas nacionais";"Consumo aparente - bens de consumo semi e não duráveis - índice encadeado (média 2012 = 100)";"Consumo aparente - bens de consumo semi e não duráveis - índice encadeado (média 2012 = 100)";"Não oculta";"Internet";120;1;0;"Incluída em 11/mar/2013.";NA;"GAC12";"Internet";"Macro"
"9337";"GAC12_FBKFCAMIDESSAZ12";NA;NA;"Ativa";"IPEA";"Contas nacionais";"Consumo aparente - bens de capital - índice encadeado - dessaz (média 2012 = 100)";"Consumo aparente - bens de capital - índice encadeado - dessaz (média 2012 = 100)";"Não oculta";"Internet";120;1;0;"Incluída em 11/mar/2002.";NA;"GAC12";"Internet";"Macro"
"9338";"GAC12_CABIDESSAZ12";NA;NA;"Ativa";"IPEA";"Contas nacionais";"Consumo aparente - bens intermediários - índice encadeado - dessaz (média 2012 = 100)";"Consumo aparente - bens intermediários - índice encadeado - dessaz (média 2012 = 100)";"Não oculta";"Internet";120;1;0;"Incluída em 11/mar/2013.";NA;"GAC12";"Internet";"Macro"
"9339";"GAC12_CABCDESSAZ12";NA;NA;"Ativa";"IPEA";"Contas nacionais";"Consumo aparente - bens de consumo - índice encadeado - dessaz (média 2012 = 100)";"Consumo aparente - bens de consumo - índice encadeado - dessaz (média 2012 = 100)";"Não oculta";"Internet";120;1;0;"Incluída em 11/mar/2013.";NA;"GAC12";"Internet";"Macro"
"9340";"GAC12_CABCDDESSAZ12";NA;NA;"Ativa";"IPEA";"Contas nacionais";"Consumo aparente - bens de consumo duráveis - índice encadeado - dessaz(média 2012 = 100)";"Consumo aparente - bens de consumo duráveis - índice encadeado - dessaz(média 2012 = 100)";"Não oculta";"Internet";120;1;0;"Incluída em 11/mar/2013.";NA;"GAC12";"Internet";"Macro"
"9341";"GAC12_CABCNDDESSAZ12";NA;NA;"Ativa";"IPEA";"Contas nacionais";"Consumo aparente - bens de consumo semi e não duráveis - índice encadeado - dessaz (média 2002= 100)";"Consumo aparente - bens de consumo semi e não duráveis - índice encadeado - dessaz (média 2002= 100)";"Não oculta";"Internet";120;1;0;"Incluída em 11/mar/2013.";NA;"GAC12";"Internet";"Macro"
"9342";"GAC12_CAIG12";NA;NA;"Ativa";"IPEA";"Contas nacionais";"Consumo aparente - indústria geral - índice encadeado (média 2012 = 100)";"Consumo aparente - indústria geral - índice encadeado (média 2012 = 100)";"Não oculta";"Internet";120;1;0;"Incluída em 11/mar/2013.";NA;"GAC12";"Internet";"Macro"
"9343";"GAC12_CAIT12";NA;NA;"Ativa";"IPEA";"Contas nacionais";"Consumo aparente - indústria de transformação - índice encadeado (média 2012 = 100)";"Consumo aparente - indústria de transformação - índice encadeado (média 2012 = 100)";"Não oculta";"Internet";120;1;0;"Incluída em 11/mar/2013.";NA;"GAC12";"Internet";"Macro"
"9344";"GAC12_CAIGDESSAZ12";NA;NA;"Ativa";"IPEA";"Contas nacionais";"Consumo aparente - indústria geral - índice encadeado - dessaz (média 2012 = 100)";"Consumo aparente - indústria geral - índice encadeado - dessaz (média 2012 = 100)";"Não oculta";"Internet";120;1;0;"Incluída em 11/mar/2013.";NA;"GAC12";"Internet";"Macro"
"9345";"GAC12_CAITDESSAZ12";NA;NA;"Ativa";"IPEA";"Contas nacionais";"Consumo aparente - indústria de transformação - índice encadeado - dessaz (média 2002= 100)";"Consumo aparente - indústria de transformação - índice encadeado - dessaz (média 2002= 100)";"Não oculta";"Internet";120;1;0;"Incluída em 11/mar/2013.";NA;"GAC12";"Internet";"Macro"
"9346";"13GINI";NA;NA;"Ativa";"IPEA";"IDHm2010";"Índice de Gini-ed 2013";"Índice de Gini - Edição 2013-edição 2013";"Não oculta";"Intranet";3650;1;0;NA;NA;"13GINI";"Intranet";"Social"
"9347";"CNI4_CER4";NA;NA;"Inativa";"CNI";"Comércio exterior";"Coeficiente de exportação (preços 2007)";"Coeficiente de exportação (preços 2007)";"Não oculta";"Internet";90;0;0;"Incluída em 26/ago/2013.";NA;"CNI4";"Internet";"Macro"
"9348";"CNI4_CEEXTRR4";NA;NA;"Inativa";"CNI";"Comércio exterior";"Coeficiente de exportação - indústrias extrativas (preços 2007)";"Coeficiente de exportação - indústrias extrativas (preços 2007)";"Não oculta";"Internet";90;0;0;"Incluída em 26/ago/2013.";NA;"CNI4";"Internet";"Macro"
"9349";"CNI4_CEEXTRCARVR4";NA;NA;"Inativa";"CNI";"Comércio exterior";"Coeficiente de exportação - indústrias extrativas - carvão mineral (preços 2007)";"Coeficiente de exportação - indústrias extrativas - carvão mineral (preços 2007)";"Não oculta";"Internet";90;0;0;"Incluída em 26/ago/2013.";NA;"CNI4";"Internet";"Macro"
"9350";"CNI4_CEEXTRPETRR4";NA;NA;"Inativa";"CNI";"Comércio exterior";"Coeficiente de exportação - indústrias extrativas - petróleo e gás natural (preços 2007)";"Coeficiente de exportação - indústrias extrativas - petróleo e gás natural (preços 2007)";"Não oculta";"Internet";90;0;0;"Incluída em 26/ago/2013.";NA;"CNI4";"Internet";"Macro"
"9351";"CNI4_CEEXTRMETAR4";NA;NA;"Inativa";"CNI";"Comércio exterior";"Coeficiente de exportação - indústrias extrativas - minerais metálicos (preços 2007)";"Coeficiente de exportação - indústrias extrativas - minerais metálicos (preços 2007)";"Não oculta";"Internet";90;0;0;"Incluída em 26/ago/2013.";NA;"CNI4";"Internet";"Macro"
"9352";"CNI4_CEEXTRNAOMR4";NA;NA;"Inativa";"CNI";"Comércio exterior";"Coeficiente de exportação - indústrias extrativas - minerais não metálicos (preços 2007)";"Coeficiente de exportação - indústrias extrativas - minerais não metálicos (preços 2007)";"Não oculta";"Internet";90;0;0;"Incluída em 26/ago/2013.";NA;"CNI4";"Internet";"Macro"
"9353";"CNI4_CETRANSFORR4";NA;NA;"Inativa";"CNI";"Comércio exterior";"Coeficiente de exportação - indústrias de transformação (preços 2007)";"Coeficiente de exportação - indústrias de transformação (preços 2007)";"Não oculta";"Internet";90;0;0;"Incluída em 26/ago/2013.";NA;"CNI4";"Internet";"Macro"
"9354";"CNI4_CEALIMENTR4";NA;NA;"Inativa";"CNI";"Comércio exterior";"Coeficiente de exportação - produtos alimentícios (preços 2007)";"Coeficiente de exportação - produtos alimentícios (preços 2007)";"Não oculta";"Internet";90;0;0;"Incluída em 26/ago/2013.";NA;"CNI4";"Internet";"Macro"
"9355";"CNI4_CEBEBIDASR4";NA;NA;"Inativa";"CNI";"Comércio exterior";"Coeficiente de exportação - bebidas (preços 2007)";"Coeficiente de exportação - bebidas (preços 2007)";"Não oculta";"Internet";90;0;0;"Incluída em 26/ago/2013.";NA;"CNI4";"Internet";"Macro"
"9356";"CNI4_CEFUMOR4";NA;NA;"Inativa";"CNI";"Comércio exterior";"Coeficiente de exportação - produtos do fumo (preços 2007)";"Coeficiente de exportação - produtos do fumo (preços 2007)";"Não oculta";"Internet";90;0;0;"Incluída em 26/ago/2013.";NA;"CNI4";"Internet";"Macro"
"9357";"CNI4_CETEXTEISR4";NA;NA;"Inativa";"CNI";"Comércio exterior";"Coeficiente de exportação - têxteis (preços 2007)";"Coeficiente de exportação - têxteis (preços 2007)";"Não oculta";"Internet";90;0;0;"Incluída em 26/ago/2013.";NA;"CNI4";"Internet";"Macro"
"9358";"CNI4_CEVESTUARR4";NA;NA;"Inativa";"CNI";"Comércio exterior";"Coeficiente de exportação - vestuário e acessórios (preços 2007)";"Coeficiente de exportação - vestuário e acessórios (preços 2007)";"Não oculta";"Internet";90;0;0;"Incluída em 26/ago/2013.";NA;"CNI4";"Internet";"Macro"
"9359";"CNI4_CECOUROR4";NA;NA;"Inativa";"CNI";"Comércio exterior";"Coeficiente de exportação - couros e artefatos (preços 2007)";"Coeficiente de exportação - couros e artefatos (preços 2007)";"Não oculta";"Internet";90;0;0;"Incluída em 26/ago/2013.";NA;"CNI4";"Internet";"Macro"
"9360";"CNI4_CEMADEIRAR4";NA;NA;"Inativa";"CNI";"Comércio exterior";"Coeficiente de exportação - produtos de madeira (preços 2007)";"Coeficiente de exportação - produtos de madeira (preços 2007)";"Não oculta";"Internet";90;0;0;"Incluída em 26/ago/2013.";NA;"CNI4";"Internet";"Macro"
"9361";"CNI4_CEPAPELCELR4";NA;NA;"Inativa";"CNI";"Comércio exterior";"Coeficiente de exportação - celulose, papel e produtos de papel (preços 2007)";"Coeficiente de exportação - celulose, papel e produtos de papel (preços 2007)";"Não oculta";"Internet";90;0;0;"Incluída em 26/ago/2013.";NA;"CNI4";"Internet";"Macro"
"9362";"CNI4_CEIMPRGRAVR4";NA;NA;"Inativa";"CNI";"Comércio exterior";"Coeficiente de exportação - impressão e reprodução de gravações (preços 2007)";"Coeficiente de exportação - impressão e reprodução de gravações (preços 2007)";"Não oculta";"Internet";90;0;0;"Incluída em 26/ago/2013.";NA;"CNI4";"Internet";"Macro"
"9363";"CNI4_CECOQUER4";NA;NA;"Inativa";"CNI";"Comércio exterior";"Coeficiente de exportação - coque, derivados do petróleo e biocombustíveis (preços 2007)";"Coeficiente de exportação - coque, derivados do petróleo e biocombustíveis (preços 2007)";"Não oculta";"Internet";90;0;0;"Incluída em 26/ago/2013.";NA;"CNI4";"Internet";"Macro"
"9364";"CNI4_CEQUIMICOSR4";NA;NA;"Inativa";"CNI";"Comércio exterior";"Coeficiente de exportação - químicos (preços 2007)";"Coeficiente de exportação - químicos (preços 2007)";"Não oculta";"Internet";90;0;0;"Incluída em 26/ago/2013.";NA;"CNI4";"Internet";"Macro"
"9365";"CNI4_CEFARMOQUIR4";NA;NA;"Inativa";"CNI";"Comércio exterior";"Coeficiente de exportação - farmoquímicos e farmacêuticos (preços 2007)";"Coeficiente de exportação - farmoquímicos e farmacêuticos (preços 2007)";"Não oculta";"Internet";90;0;0;"Incluída em 26/ago/2013.";NA;"CNI4";"Internet";"Macro"
"9366";"CNI4_CEBORPLASTR4";NA;NA;"Inativa";"CNI";"Comércio exterior";"Coeficiente de exportação - produtos de borracha e plástico (preços 2007)";"Coeficiente de exportação - produtos de borracha e plástico (preços 2007)";"Não oculta";"Internet";90;0;0;"Incluída em 26/ago/2013.";NA;"CNI4";"Internet";"Macro"
"9367";"CNI4_CEPRODNAOMR4";NA;NA;"Inativa";"CNI";"Comércio exterior";"Coeficiente de exportação - produtos de minerais não metálicos (preços 2007)";"Coeficiente de exportação - produtos de minerais não metálicos (preços 2007)";"Não oculta";"Internet";90;0;0;"Incluída em 26/ago/2013.";NA;"CNI4";"Internet";"Macro"
"9368";"CNI4_CEMETALURGR4";NA;NA;"Inativa";"CNI";"Comércio exterior";"Coeficiente de exportação - metalurgia (preços 2007)";"Coeficiente de exportação - metalurgia (preços 2007)";"Não oculta";"Internet";90;0;0;"Incluída em 26/ago/2013.";NA;"CNI4";"Internet";"Macro"
"9369";"CNI4_CEPRODMETAR4";NA;NA;"Inativa";"CNI";"Comércio exterior";"Coeficiente de exportação - produtos de metal, exceto máquinas e equipamentos (preços 2007)";"Coeficiente de exportação - produtos de metal, exceto máquinas e equipamentos (preços 2007)";"Não oculta";"Internet";90;0;0;"Incluída em 26/ago/2013.";NA;"CNI4";"Internet";"Macro"
"9370";"CNI4_CEINFELETRR4";NA;NA;"Inativa";"CNI";"Comércio exterior";"Coeficiente de exportação - informática, eletrônicos e ópticos (preços 2007)";"Coeficiente de exportação - informática, eletrônicos e ópticos (preços 2007)";"Não oculta";"Internet";90;0;0;"Incluída em 26/ago/2013.";NA;"CNI4";"Internet";"Macro"
"9371";"CNI4_CEELETRICR4";NA;NA;"Inativa";"CNI";"Comércio exterior";"Coeficiente de exportação - elétricos (preços 2007)";"Coeficiente de exportação - elétricos (preços 2007)";"Não oculta";"Internet";90;0;0;"Incluída em 26/ago/2013.";NA;"CNI4";"Internet";"Macro"
"9372";"CNI4_CEMAQEQUIPR4";NA;NA;"Inativa";"CNI";"Comércio exterior";"Coeficiente de exportação - máquinas e equipamentos (preços 2007)";"Coeficiente de exportação - máquinas e equipamentos (preços 2007)";"Não oculta";"Internet";90;0;0;"Incluída em 26/ago/2013.";NA;"CNI4";"Internet";"Macro"
"9373";"CNI4_CEVEICULOSR4";NA;NA;"Inativa";"CNI";"Comércio exterior";"Coeficiente de exportação - veículos automotores, reboques e carrocerias (preços 2007)";"Coeficiente de exportação - veículos automotores, reboques e carrocerias (preços 2007)";"Não oculta";"Internet";90;0;0;"Incluída em 26/ago/2013.";NA;"CNI4";"Internet";"Macro"
"9374";"CNI4_CETRANSPR4";NA;NA;"Inativa";"CNI";"Comércio exterior";"Coeficiente de exportação - outros de transporte (preços 2007)";"Coeficiente de exportação - outros de transporte (preços 2007)";"Não oculta";"Internet";90;0;0;"Incluída em 26/ago/2013.";NA;"CNI4";"Internet";"Macro"
"9375";"CNI4_CEMOVEISR4";NA;NA;"Inativa";"CNI";"Comércio exterior";"Coeficiente de exportação - móveis (preços 2007)";"Coeficiente de exportação - móveis (preços 2007)";"Não oculta";"Internet";90;0;0;"Incluída em 26/ago/2013.";NA;"CNI4";"Internet";"Macro"
"9376";"CNI4_CEDIVERSOSR4";NA;NA;"Inativa";"CNI";"Comércio exterior";"Coeficiente de exportação - diversos (preços 2007)";"Coeficiente de exportação - diversos (preços 2007)";"Não oculta";"Internet";90;0;0;"Incluída em 26/ago/2013.";NA;"CNI4";"Internet";"Macro"
"9377";"CNI4_CPR4";NA;NA;"Inativa";"CNI";"Comércio exterior";"Coeficiente de penetração (preços 2007)";"Coeficiente de penetração (preços 2007)";"Não oculta";"Internet";90;0;0;"Incluída em 26/ago/2013.";NA;"CNI4";"Internet";"Macro"
"9378";"CNI4_CPEXTRR4";NA;NA;"Inativa";"CNI";"Comércio exterior";"Coeficiente de penetração - indústrias extrativas (preços 2007)";"Coeficiente de penetração - indústrias extrativas (preços 2007)";"Não oculta";"Internet";90;0;0;"Incluída em 26/ago/2013.";NA;"CNI4";"Internet";"Macro"
"9379";"CNI4_CPEXTRCARVR4";NA;NA;"Inativa";"CNI";"Comércio exterior";"Coeficiente de penetração - indústrias extrativas - carvão mineral (preços 2007)";"Coeficiente de penetração - indústrias extrativas - carvão mineral (preços 2007)";"Não oculta";"Internet";90;0;0;"Incluída em 26/ago/2013.";NA;"CNI4";"Internet";"Macro"
"9380";"CNI4_CPEXTRPETRR4";NA;NA;"Inativa";"CNI";"Comércio exterior";"Coeficiente de penetração - indústrias extrativas - petróleo e gás natural (preços 2007)";"Coeficiente de penetração - indústrias extrativas - petróleo e gás natural (preços 2007)";"Não oculta";"Internet";90;0;0;"Incluída em 26/ago/2013.";NA;"CNI4";"Internet";"Macro"
"9381";"CNI4_CPEXTRMETAR4";NA;NA;"Inativa";"CNI";"Comércio exterior";"Coeficiente de penetração - indústrias extrativas - minerais metálicos (preços 2007)";"Coeficiente de penetração - indústrias extrativas - minerais metálicos (preços 2007)";"Não oculta";"Internet";90;0;0;"Incluída em 26/ago/2013.";NA;"CNI4";"Internet";"Macro"
"9382";"CNI4_CPEXTRNAOMR4";NA;NA;"Inativa";"CNI";"Comércio exterior";"Coeficiente de penetração - indústrias extrativas - minerais não metálicos (preços 2007)";"Coeficiente de penetração - indústrias extrativas - minerais não metálicos (preços 2007)";"Não oculta";"Internet";90;0;0;"Incluída em 26/ago/2013.";NA;"CNI4";"Internet";"Macro"
"9383";"CNI4_CPTRANSFORR4";NA;NA;"Inativa";"CNI";"Comércio exterior";"Coeficiente de penetração - indústrias de transformação (preços 2007)";"Coeficiente de penetração - indústrias de transformação (preços 2007)";"Não oculta";"Internet";90;0;0;"Incluída em 26/ago/2013.";NA;"CNI4";"Internet";"Macro"
"9384";"CNI4_CPALIMENTR4";NA;NA;"Inativa";"CNI";"Comércio exterior";"Coeficiente de penetração - produtos alimentícios (preços 2007)";"Coeficiente de penetração - produtos alimentícios (preços 2007)";"Não oculta";"Internet";90;0;0;"Incluída em 26/ago/2013.";NA;"CNI4";"Internet";"Macro"
"9385";"CNI4_CPBEBIDASR4";NA;NA;"Inativa";"CNI";"Comércio exterior";"Coeficiente de penetração - bebidas (preços 2007)";"Coeficiente de penetração - bebidas (preços 2007)";"Não oculta";"Internet";90;0;0;"Incluída em 26/ago/2013.";NA;"CNI4";"Internet";"Macro"
"9386";"CNI4_CPFUMOR4";NA;NA;"Inativa";"CNI";"Comércio exterior";"Coeficiente de penetração - produtos do fumo (preços 2007)";"Coeficiente de penetração - produtos do fumo (preços 2007)";"Não oculta";"Internet";90;0;0;"Incluída em 26/ago/2013.";NA;"CNI4";"Internet";"Macro"
"9387";"CNI4_CPTEXTEISR4";NA;NA;"Inativa";"CNI";"Comércio exterior";"Coeficiente de penetração - têxteis (preços 2007)";"Coeficiente de penetração - têxteis (preços 2007)";"Não oculta";"Internet";90;0;0;"Incluída em 26/ago/2013.";NA;"CNI4";"Internet";"Macro"
"9388";"CNI4_CPVESTUARR4";NA;NA;"Inativa";"CNI";"Comércio exterior";"Coeficiente de penetração - vestuário e acessórios (preços 2007)";"Coeficiente de penetração - vestuário e acessórios (preços 2007)";"Não oculta";"Internet";90;0;0;"Incluída em 26/ago/2013.";NA;"CNI4";"Internet";"Macro"
"9389";"CNI4_CPCOUROR4";NA;NA;"Inativa";"CNI";"Comércio exterior";"Coeficiente de penetração - couros e artefatos (preços 2007)";"Coeficiente de penetração - couros e artefatos (preços 2007)";"Não oculta";"Internet";90;0;0;"Incluída em 26/ago/2013.";NA;"CNI4";"Internet";"Macro"
"9390";"CNI4_CPMADEIRAR4";NA;NA;"Inativa";"CNI";"Comércio exterior";"Coeficiente de penetração - produtos de madeira (preços 2007)";"Coeficiente de penetração - produtos de madeira (preços 2007)";"Não oculta";"Internet";90;0;0;"Incluída em 26/ago/2013.";NA;"CNI4";"Internet";"Macro"
"9391";"CNI4_CPPAPELCELR4";NA;NA;"Inativa";"CNI";"Comércio exterior";"Coeficiente de penetração - celulose, papel e produtos de papel (preços 2007)";"Coeficiente de penetração - celulose, papel e produtos de papel (preços 2007)";"Não oculta";"Internet";90;0;0;"Incluída em 26/ago/2013.";NA;"CNI4";"Internet";"Macro"
"9392";"CNI4_CPIMPRGRAVR4";NA;NA;"Inativa";"CNI";"Comércio exterior";"Coeficiente de penetração - impressão e reprodução de gravações (preços 2007)";"Coeficiente de penetração - impressão e reprodução de gravações (preços 2007)";"Não oculta";"Internet";90;0;0;"Incluída em 26/ago/2013.";NA;"CNI4";"Internet";"Macro"
"9393";"CNI4_CPCOQUER4";NA;NA;"Inativa";"CNI";"Comércio exterior";"Coeficiente de penetração - coque, derivados do petróleo e biocombustíveis (preços 2007)";"Coeficiente de penetração - coque, derivados do petróleo e biocombustíveis (preços 2007)";"Não oculta";"Internet";90;0;0;"Incluída em 26/ago/2013.";NA;"CNI4";"Internet";"Macro"
"9394";"CNI4_CPQUIMICOSR4";NA;NA;"Inativa";"CNI";"Comércio exterior";"Coeficiente de penetração - químicos (preços 2007)";"Coeficiente de penetração - químicos (preços 2007)";"Não oculta";"Internet";90;0;0;"Incluída em 26/ago/2013.";NA;"CNI4";"Internet";"Macro"
"9395";"CNI4_CPFARMOQUIR4";NA;NA;"Inativa";"CNI";"Comércio exterior";"Coeficiente de penetração - farmoquímicos e farmacêuticos (preços 2007)";"Coeficiente de penetração - farmoquímicos e farmacêuticos (preços 2007)";"Não oculta";"Internet";90;0;0;"Incluída em 26/ago/2013.";NA;"CNI4";"Internet";"Macro"
"9396";"CNI4_CPBORPLASTR4";NA;NA;"Inativa";"CNI";"Comércio exterior";"Coeficiente de penetração - produtos de borracha e plástico (preços 2007)";"Coeficiente de penetração - produtos de borracha e plástico (preços 2007)";"Não oculta";"Internet";90;0;0;"Incluída em 26/ago/2013.";NA;"CNI4";"Internet";"Macro"
"9397";"CNI4_CPPRODNAOMR4";NA;NA;"Inativa";"CNI";"Comércio exterior";"Coeficiente de penetração - produtos de minerais não metálicos (preços 2007)";"Coeficiente de penetração - produtos de minerais não metálicos (preços 2007)";"Não oculta";"Internet";90;0;0;"Incluída em 26/ago/2013.";NA;"CNI4";"Internet";"Macro"
"9398";"CNI4_CPMETALURGR4";NA;NA;"Inativa";"CNI";"Comércio exterior";"Coeficiente de penetração - metalurgia (preços 2007)";"Coeficiente de penetração - metalurgia (preços 2007)";"Não oculta";"Internet";90;0;0;"Incluída em 26/ago/2013.";NA;"CNI4";"Internet";"Macro"
"9399";"CNI4_CPPRODMETAR4";NA;NA;"Inativa";"CNI";"Comércio exterior";"Coeficiente de penetração - produtos de metal, exceto máquinas e equipamentos (preços 2007)";"Coeficiente de penetração - produtos de metal, exceto máquinas e equipamentos (preços 2007)";"Não oculta";"Internet";90;0;0;"Incluída em 26/ago/2013.";NA;"CNI4";"Internet";"Macro"
"9400";"CNI4_CPINFELETRR4";NA;NA;"Inativa";"CNI";"Comércio exterior";"Coeficiente de penetração - informática, eletrônicos e ópticos (preços 2007)";"Coeficiente de penetração - informática, eletrônicos e ópticos (preços 2007)";"Não oculta";"Internet";90;0;0;"Incluída em 26/ago/2013.";NA;"CNI4";"Internet";"Macro"
"9401";"CNI4_CPELETRICR4";NA;NA;"Inativa";"CNI";"Comércio exterior";"Coeficiente de penetração - elétricos (preços 2007)";"Coeficiente de penetração - elétricos (preços 2007)";"Não oculta";"Internet";90;0;0;"Incluída em 26/ago/2013.";NA;"CNI4";"Internet";"Macro"
"9402";"CNI4_CPMAQEQUIPR4";NA;NA;"Inativa";"CNI";"Comércio exterior";"Coeficiente de penetração - máquinas e equipamentos (preços 2007)";"Coeficiente de penetração - máquinas e equipamentos (preços 2007)";"Não oculta";"Internet";90;0;0;"Incluída em 26/ago/2013.";NA;"CNI4";"Internet";"Macro"
"9403";"CNI4_CPVEICULOSR4";NA;NA;"Inativa";"CNI";"Comércio exterior";"Coeficiente de penetração - veículos automotores, reboques e carrocerias (preços 2007)";"Coeficiente de penetração - veículos automotores, reboques e carrocerias (preços 2007)";"Não oculta";"Internet";90;0;0;"Incluída em 26/ago/2013.";NA;"CNI4";"Internet";"Macro"
"9404";"CNI4_CPTRANSPR4";NA;NA;"Inativa";"CNI";"Comércio exterior";"Coeficiente de penetração - outros de transporte (preços 2007)";"Coeficiente de penetração - outros de transporte (preços 2007)";"Não oculta";"Internet";90;0;0;"Incluída em 26/ago/2013.";NA;"CNI4";"Internet";"Macro"
"9405";"CNI4_CPMOVEISR4";NA;NA;"Inativa";"CNI";"Comércio exterior";"Coeficiente de penetração - móveis (preços 2007)";"Coeficiente de penetração - móveis (preços 2007)";"Não oculta";"Internet";90;0;0;"Incluída em 26/ago/2013.";NA;"CNI4";"Internet";"Macro"
"9406";"CNI4_CPDIVERSOSR4";NA;NA;"Inativa";"CNI";"Comércio exterior";"Coeficiente de penetração - diversos (preços 2007)";"Coeficiente de penetração - diversos (preços 2007)";"Não oculta";"Internet";90;0;0;"Incluída em 26/ago/2013.";NA;"CNI4";"Internet";"Macro"
"9407";"CNI12_INDTE12";NA;NA;"Ativa";"CNI";"Produção";"Produção industrial - indústria de transformação -  estoques  - evolução - índice";"Produção industrial - indústria de transformação -  estoques  - evolução - índice";"Não oculta";"Internet";40;0;0;NA;NA;"CNI12";"Internet";"Macro"
"9408";"CNI12_INDTP12";NA;NA;"Ativa";"CNI";"Produção";"Produção industrial - indústria de transformação -  estoques  - efetivo/planejado - índice";"Produção industrial - indústria de transformação -  estoques  - efetivo/planejado - índice";"Não oculta";"Internet";40;0;0;NA;NA;"CNI12";"Internet";"Macro"
"9409";"CNI12_INDE12";NA;NA;"Ativa";"CNI";"Produção";"Produção industrial - indústria geral -  estoques  - evolução - índice";"Produção industrial - indústria geral -  estoques  - evolução - índice";"Não oculta";"Internet";40;0;0;NA;NA;"CNI12";"Internet";"Macro"
"9410";"CNI12_INDP12";NA;NA;"Ativa";"CNI";"Produção";"Produção industrial - indústria geral -  estoques  - efetivo/planejado - índice";"Produção industrial - indústria geral -  estoques  - efetivo/planejado - índice";"Não oculta";"Internet";40;0;0;NA;NA;"CNI12";"Internet";"Macro"
"9411";"CNI12_INDEE12";NA;NA;"Ativa";"CNI";"Produção";"Produção industrial - indústria estrativa -  estoques  - evolução - índice";"Produção industrial - indústria estrativa -  estoques  - evolução - índice";"Não oculta";"Internet";40;0;0;NA;NA;"CNI12";"Internet";"Macro"
"9412";"CNI12_INDEP12";NA;NA;"Ativa";"CNI";"Produção";"Produção industrial - indústria estrativa -  estoques  - efetivo/planejado - índice";"Produção industrial - indústria estrativa -  estoques  - efetivo/planejado - índice";"Não oculta";"Internet";40;0;0;NA;NA;"CNI12";"Internet";"Macro"
"9413";"13T_MED25M";NA;NA;"Ativa";"IPEA";"IDHm2010";"% de 25 anos ou mais com médio completo-ed 2013";"Percentual da população de 25 anos ou mais com ensino médio completo - Edição 2013-edição 2013";"Não oculta";"Intranet";3650;1;0;NA;NA;"13T";"Intranet";"Social"
"9414";"13I_ESCOLARIDADE";NA;NA;"Ativa";"IPEA";"IDHm2010";"Subíndice de escolaridade - IDHm Educação-ed 2013";"Subíndice de escolaridade fundamental da população adulta - IDHm Educação - Edição 2013-edição 2013";"Não oculta";"Intranet";3650;1;0;NA;NA;"13I";"Intranet";"Social"
"9415";"13T_FREQ0A3";NA;NA;"Ativa";"IPEA";"IDHm2010";"% de 0 a 3 anos na escola-ed 2013";"Taxa de atendimento escolar da população de 0 a 3 anos de idade  - Edição 2013-edição 2013";"Não oculta";"Intranet";3650;1;0;NA;NA;"13T";"Intranet";"Social"
"9416";"13PESOM1014";NA;NA;"Ativa";"IPEA";"IDHm2010";"Mulheres de 10 a 14 anos-ed 2013";"Mulheres de 12 a 14 anos de idade - Edição 2013-edição 2013";"Não oculta";"Intranet";3650;1;0;NA;NA;"13PESOM1014";"Intranet";"Social"
"9417";"13T_ATRASO_2_MED";NA;NA;"Ativa";"IPEA";"IDHm2010";"% de 15 a 17 anos no médio com 2 anos de atraso-ed 2013";"Percentual da população de 15 a 17 anos de idade frequentando o ensino médio que tem  2 anos de atraso idade-série. - Edição 2013-edição 2013";"Não oculta";"Intranet";3650;1;0;NA;NA;"13T";"Intranet";"Social"
"9418";"13T_FUND12A14";NA;NA;"Ativa";"IPEA";"IDHm2010";"% de 12 a 14 anos nos anos finais do fundamental ou com fundamental completo-ed 2013";"Percentual da população de 12 a 14 anos de idade frequentando os anos  finais do fundamental ou que já concluiu o fundamental - Edição 2013-edição 2013";"Não oculta";"Intranet";3650;1;0;NA;NA;"13T";"Intranet";"Social"
"9419";"13T_FREQ5A6";NA;NA;"Ativa";"IPEA";"IDHm2010";"% de 5 a 6 anos na escola-ed 2013";"Percentual da população de 5 a 6 anos de idade frequentando a escola - Edição 2013-edição 2013";"Não oculta";"Intranet";3650;1;0;NA;NA;"13T";"Intranet";"Social"
"9420";"13PEA";NA;NA;"Ativa";"IPEA";"IDHm2010";"PEA - 10 anos ou mais-ed 2013";"População economicamente ativa de 10 anos ou mais de idade - Edição 2013-edição 2013";"Não oculta";"Intranet";3650;1;0;NA;NA;"13PEA";"Intranet";"Social"
"9421";"13T_ANALF11A14";NA;NA;"Ativa";"IPEA";"IDHm2010";"Taxa de analfabetismo - 11 a 14 anos-ed 2013";"Taxa de analfabetismo da população de 11 a 14 anos de idade - Edição 2013-edição 2013";"Não oculta";"Intranet";3650;1;0;NA;NA;"13T";"Intranet";"Social"
"9422";"13T_ATRASO_0_FUND";NA;NA;"Ativa";"IPEA";"IDHm2010";"% de 6 a 14 anos no fundamental sem atraso-ed 2013";"Percentual da população de 6 a 14 anos de idade frequentando o ensino fundamental que não tem atraso idade-série. - Edição 2013-edição 2013";"Não oculta";"Intranet";3650;1;0;NA;NA;"13T";"Intranet";"Social"
"9423";"13T_FUND18M";NA;NA;"Ativa";"IPEA";"IDHm2010";"% de 18 anos ou mais com ensino fundamental completo-ed 2013";"Percentual da população de 18 anos ou mais com fundamental completo - Edição 2013-edição 2013";"Não oculta";"Intranet";3650;1;0;NA;NA;"13T";"Intranet";"Social"
"9424";"13PEA1014";NA;NA;"Ativa";"IPEA";"IDHm2010";"PEA - 10 a 14 anos-ed 2013";"População economicamente ativa de 10 a 14 anos de idade - Edição 2013-edição 2013";"Não oculta";"Intranet";3650;1;0;NA;NA;"13PEA1014";"Intranet";"Social"
"9425";"13T_ATRASO_0_MED";NA;NA;"Ativa";"IPEA";"IDHm2010";"% de 15 a 17 anos no médio sem atraso-ed 2013";"Percentual da população de 15 a 17 anos de idade frequentando o ensino médio que não tem atraso idade-série. - Edição 2013-edição 2013";"Não oculta";"Intranet";3650;1;0;NA;NA;"13T";"Intranet";"Social"
"9426";"13T_MED18M";NA;NA;"Ativa";"IPEA";"IDHm2010";"% de 18 anos ou mais com médio completo-ed 2013";"Percentual da população de 18 anos ou mais com ensino médio completo - Edição 2013-edição 2013";"Não oculta";"Intranet";3650;1;0;NA;NA;"13T";"Intranet";"Social"
"9427";"13MULH40A44";NA;NA;"Ativa";"IPEA";"IDHm2010";"População feminina de 40 a 44 anos-ed 2013";"População feminina de 40 a 44 anos de idade - Edição 2013-edição 2013";"Não oculta";"Intranet";3650;1;0;NA;NA;"13MULH40A44";"Intranet";"Social"
"9428";"13PREN10RICOS";NA;NA;"Ativa";"IPEA";"IDHm2010";"Percentual da renda apropriada pelos 10% mais ricos-ed 2013";"Percentual da renda total apropriada pelos 10% da população com maior renda domiciliar per capita - Edição 2013-edição 2013";"Não oculta";"Intranet";3650;1;0;NA;NA;"13PREN10RICOS";"Intranet";"Social"
"9429";"13R1040";NA;NA;"Ativa";"IPEA";"IDHm2010";"Razão 10% mais ricos / 40% mais pobres-ed 2013";"Razão 10% mais ricos / 40% mais pobres - Edição 2013-edição 2013";"Não oculta";"Intranet";3650;1;0;NA;NA;"13R1040";"Intranet";"Social"
"9430";"13MULH50A54";NA;NA;"Ativa";"IPEA";"IDHm2010";"População feminina de 50 a 54 anos-ed 2013";"População feminina de 50 a 54 anos de idade - Edição 2013-edição 2013";"Não oculta";"Intranet";3650;1;0;NA;NA;"13MULH50A54";"Intranet";"Social"
"9431";"13PESO13";NA;NA;"Ativa";"IPEA";"IDHm2010";"População de 1 a 3 anos-ed 2013";"População de 1 a 3 anos de idade - Edição 2013-edição 2013";"Não oculta";"Intranet";3650;1;0;NA;NA;"13PESO13";"Intranet";"Social"
"9432";"13PESO1824";NA;NA;"Ativa";"IPEA";"IDHm2010";"População de 18 a 24 anos-ed 2013";"População de 18 a 24 anos de idade - Edição 2013-edição 2013";"Não oculta";"Intranet";3650;1;0;NA;NA;"13PESO1824";"Intranet";"Social"
"9433";"13HOMEM15A19";NA;NA;"Ativa";"IPEA";"IDHm2010";"População masculina de 15 a 19 anos-ed 2013";"População masculina de 15 a 19 anos de idade - Edição 2013-edição 2013";"Não oculta";"Intranet";3650;1;0;NA;NA;"13HOMEM15A19";"Intranet";"Social"
"9434";"13IDHM_E";NA;NA;"Ativa";"IPEA";"IDHm2010";"Índice de Desenvolvimento Humano Municipal - Dimensão Educação-ed 2013";"Índice de Desenvolvimento Humano Municipal - Dimensão Educação - Edição 2013-edição 2013";"Não oculta";"Intranet";3650;1;0;NA;NA;"13IDHM";"Intranet";"Social"
"9435";"13IDHM_L";NA;NA;"Ativa";"IPEA";"IDHm2010";"Índice de Desenvolvimento Humano Municipal  - Dimensão Longevidade-ed 2013";"Índice de Desenvolvimento Humano Municipal  - Dimensão Longevidade - Edição 2013-edição 2013";"Não oculta";"Intranet";3650;1;0;NA;NA;"13IDHM";"Intranet";"Social"
"9436";"13ESPVIDA";NA;NA;"Ativa";"IPEA";"IDHm2010";"Esperança de vida ao nascer -ed 2013";"Esperança de vida ao nascer - Edição 2013-edição 2013";"Não oculta";"Intranet";3650;1;0;NA;NA;"13ESPVIDA";"Intranet";"Social"
"9437";"13P_MED";NA;NA;"Ativa";"IPEA";"IDHm2010";"% dos ocupados com médio completo - 18 anos ou mais-ed 2013";"Percentual dos ocupados com médio completo - Edição 2013-edição 2013";"Não oculta";"Intranet";3650;1;0;NA;NA;"13P";"Intranet";"Social"
"9438";"13P_SERV";NA;NA;"Ativa";"IPEA";"IDHm2010";"% dos ocupados no setor serviços - 18 anos ou mais-ed 2013";"Percentual dos ocupados no setor serviços - Edição 2013-edição 2013";"Não oculta";"Intranet";3650;1;0;NA;NA;"13P";"Intranet";"Social"
"9439";"13HOMEM0A4";NA;NA;"Ativa";"IPEA";"IDHm2010";"População masculina de 0 a 4 anos-ed 2013";"População masculina de 0 a 4 anos de idade - Edição 2013-edição 2013";"Não oculta";"Intranet";3650;1;0;NA;NA;"13HOMEM0A4";"Intranet";"Social"
"9440";"13HOMEM10A14";NA;NA;"Ativa";"IPEA";"IDHm2010";"População masculina de 10 a 14 anos-ed 2013";"População masculina de 10 a 14 anos de idade - Edição 2013-edição 2013";"Não oculta";"Intranet";3650;1;0;NA;NA;"13HOMEM10A14";"Intranet";"Social"
"9441";"13HOMEM20A24";NA;NA;"Ativa";"IPEA";"IDHm2010";"População masculina de 20 a 24 anos-ed 2013";"População masculina de 20 a 24 anos de idade - Edição 2013-edição 2013";"Não oculta";"Intranet";3650;1;0;NA;NA;"13HOMEM20A24";"Intranet";"Social"
"9442";"13T_FUND11A13";NA;NA;"Ativa";"IPEA";"IDHm2010";"% de 11 a 13 anos nos anos finais do fundamental ou com fundamental completo-ed 2013";"Percentual da população de 11 a 13 anos de idade frequentando os anos  finais do fundamental ou que já concluiu o fundamental - Edição 2013-edição 2013";"Não oculta";"Intranet";3650;1;0;NA;NA;"13T";"Intranet";"Social"
"9443";"13RAZDEP";NA;NA;"Ativa";"IPEA";"IDHm2010";"Razão de dependência-ed 2013";"Percentual da população de menos de 15 anos e da população de 65 anos e mais em relação à população de 15 a 64 anos - Edição 2013-edição 2013";"Não oculta";"Intranet";3650;1;0;NA;NA;"13RAZDEP";"Intranet";"Social"
"9444";"13PESO1113";NA;NA;"Ativa";"IPEA";"IDHm2010";"População de 11 a 13 anos-ed 2013";"População de 11 a 13 anos de idade - Edição 2013-edição 2013";"Não oculta";"Intranet";3650;1;0;NA;NA;"13PESO1113";"Intranet";"Social"
"9445";"13T_MED18A20";NA;NA;"Ativa";"IPEA";"IDHm2010";"% de 18 a 20 anos com médio completo-ed 2013";"Percentual da população de 18 a 20 anos de idade com o ensino médio completo - Edição 2013-edição 2013";"Não oculta";"Intranet";3650;1;0;NA;NA;"13T";"Intranet";"Social"
"9446";"13PESO1214";NA;NA;"Ativa";"IPEA";"IDHm2010";"População de 12 a 14 anos-ed 2013";"População de 12 a 14 anos de idade - Edição 2013-edição 2013";"Não oculta";"Intranet";3650;1;0;NA;NA;"13PESO1214";"Intranet";"Social"
"9447";"13PESO1524";NA;NA;"Ativa";"IPEA";"IDHm2010";"População de 15 a 24 anos-ed 2013";"População de 15 a 24 anos de idade - Edição 2013-edição 2013";"Não oculta";"Intranet";3650;1;0;NA;NA;"13PESO1524";"Intranet";"Social"
"9448";"13PESO1618";NA;NA;"Ativa";"IPEA";"IDHm2010";"População de 16 a 18 anos-ed 2013";"População de 16 a 18 anos de idade - Edição 2013-edição 2013";"Não oculta";"Intranet";3650;1;0;NA;NA;"13PESO1618";"Intranet";"Social"
"9449";"13MULH15A19";NA;NA;"Ativa";"IPEA";"IDHm2010";"População feminina de 15 a 19 anos-ed 2013";"População feminina de 15 a 19 anos de idade - Edição 2013-edição 2013";"Não oculta";"Intranet";3650;1;0;NA;NA;"13MULH15A19";"Intranet";"Social"
"9450";"13MULH20A24";NA;NA;"Ativa";"IPEA";"IDHm2010";"População feminina de 20 a 24 anos-ed 2013";"População feminina de 20 a 24 anos de idade - Edição 2013-edição 2013";"Não oculta";"Intranet";3650;1;0;NA;NA;"13MULH20A24";"Intranet";"Social"
"9451";"13MULH25A29";NA;NA;"Ativa";"IPEA";"IDHm2010";"População feminina de 25 a 29 anos-ed 2013";"População feminina de 25 a 29 anos de idade - Edição 2013-edição 2013";"Não oculta";"Intranet";3650;1;0;NA;NA;"13MULH25A29";"Intranet";"Social"
"9452";"13MULH30A34";NA;NA;"Ativa";"IPEA";"IDHm2010";"População feminina de 30 a 34 anos-ed 2013";"População feminina de 30 a 34 anos de idade - Edição 2013-edição 2013";"Não oculta";"Intranet";3650;1;0;NA;NA;"13MULH30A34";"Intranet";"Social"
"9453";"13MULH35A39";NA;NA;"Ativa";"IPEA";"IDHm2010";"População feminina de 35 a 39 anos-ed 2013";"População feminina de 35 a 39 anos de idade - Edição 2013-edição 2013";"Não oculta";"Intranet";3650;1;0;NA;NA;"13MULH35A39";"Intranet";"Social"
"9454";"13MULH45A49";NA;NA;"Ativa";"IPEA";"IDHm2010";"População feminina de 45 a 49 anos-ed 2013";"População feminina de 45 a 49 anos de idade - Edição 2013-edição 2013";"Não oculta";"Intranet";3650;1;0;NA;NA;"13MULH45A49";"Intranet";"Social"
"9455";"13MULH55A59";NA;NA;"Ativa";"IPEA";"IDHm2010";"População feminina de 55 a 59 anos-ed 2013";"População feminina de 55 a 59 anos de idade - Edição 2013-edição 2013";"Não oculta";"Intranet";3650;1;0;NA;NA;"13MULH55A59";"Intranet";"Social"
"9456";"13MULH5A9";NA;NA;"Ativa";"IPEA";"IDHm2010";"População feminina de 5 a 9 anos-ed 2013";"População feminina de 5 a 9 anos de idade - Edição 2013-edição 2013";"Não oculta";"Intranet";3650;1;0;NA;NA;"13MULH5A9";"Intranet";"Social"
"9457";"13MULH60A64";NA;NA;"Ativa";"IPEA";"IDHm2010";"População feminina de 60 a 64 anos-ed 2013";"População feminina de 60 a 64 anos de idade - Edição 2013-edição 2013";"Não oculta";"Intranet";3650;1;0;NA;NA;"13MULH60A64";"Intranet";"Social"
"9458";"13MULH65A69";NA;NA;"Ativa";"IPEA";"IDHm2010";"População feminina de 65 a 69 anos-ed 2013";"População feminina de 65 a 69 anos de idade - Edição 2013-edição 2013";"Não oculta";"Intranet";3650;1;0;NA;NA;"13MULH65A69";"Intranet";"Social"
"9459";"13MULH70A74";NA;NA;"Ativa";"IPEA";"IDHm2010";"População feminina de 70 a 74 anos-ed 2013";"População feminina de 70 a 74 anos de idade - Edição 2013-edição 2013";"Não oculta";"Intranet";3650;1;0;NA;NA;"13MULH70A74";"Intranet";"Social"
"9460";"13MULH75A79";NA;NA;"Ativa";"IPEA";"IDHm2010";"População feminina de 75 a 79 anos-ed 2013";"População feminina de 75 a 79 anos de idade - Edição 2013-edição 2013";"Não oculta";"Intranet";3650;1;0;NA;NA;"13MULH75A79";"Intranet";"Social"
"9461";"13MULHER80";NA;NA;"Ativa";"IPEA";"IDHm2010";"População feminina com 80 anos e mais-ed 2013";"População feminina com 80 anos e mais de idade - Edição 2013-edição 2013";"Não oculta";"Intranet";3650;1;0;NA;NA;"13MULHER80";"Intranet";"Social"
"9462";"13MULHERTOT";NA;NA;"Ativa";"IPEA";"IDHm2010";"População residente feminina-ed 2013";"População residente feminina - Edição 2013-edição 2013";"Não oculta";"Intranet";3650;1;0;NA;NA;"13MULHERTOT";"Intranet";"Social"
"9463";"13PESOTOT";NA;NA;"Ativa";"IPEA";"IDHm2010";"População total-ed 2013";"População total - Edição 2013-edição 2013";"Não oculta";"Intranet";3650;1;0;NA;NA;"13PESOTOT";"Intranet";"Social"
"9464";"13PEA1517";NA;NA;"Ativa";"IPEA";"IDHm2010";"PEA - 15 a 17 anos-ed 2013";"População economicamente ativa de 15 a 17 anos de idade - Edição 2013-edição 2013";"Não oculta";"Intranet";3650;1;0;NA;NA;"13PEA1517";"Intranet";"Social"
"9465";"13PEA18M";NA;NA;"Ativa";"IPEA";"IDHm2010";"PEA - 18 anos ou mais-ed 2013";"População economicamente ativa de 18 anos ou mais de idade - Edição 2013-edição 2013";"Não oculta";"Intranet";3650;1;0;NA;NA;"13PEA18M";"Intranet";"Social"
"9466";"13T_MED18A24";NA;NA;"Ativa";"IPEA";"IDHm2010";"% de 18 a 24 anos com médio completo-ed 2013";"Percentual da população de 18 a 24 anos com ensino médio completo - Edição 2013-edição 2013";"Não oculta";"Intranet";3650;1;0;NA;NA;"13T";"Intranet";"Social"
"9467";"13PESOM1517";NA;NA;"Ativa";"IPEA";"IDHm2010";"Mulheres de 15 a 17 anos-ed 2013";"Mulheres de 15 a 17 anos de idade - Edição 2013-edição 2013";"Não oculta";"Intranet";3650;1;0;NA;NA;"13PESOM1517";"Intranet";"Social"
"9468";"13PESOM15M";NA;NA;"Ativa";"IPEA";"IDHm2010";"Mulheres de 15 anos ou mais-ed 2013";"Mulheres de 15 anos ou mais de idade - Edição 2013-edição 2013";"Não oculta";"Intranet";3650;1;0;NA;NA;"13PESOM15M";"Intranet";"Social"
"9469";"13T_FUND18A24";NA;NA;"Ativa";"IPEA";"IDHm2010";"% de 18 a 24 anos com fundamental completo-ed 2013";"Percentual da população de 18 a 24 anos com fundamental completo - Edição 2013-edição 2013";"Não oculta";"Intranet";3650;1;0;NA;NA;"13T";"Intranet";"Social"
"9470";"13T_FUND25M";NA;NA;"Ativa";"IPEA";"IDHm2010";"% de 25 anos ou mais com fundamental completo-ed 2013";"Percentual da população de 25 anos ou mais com fundamental completo - Edição 2013-edição 2013";"Não oculta";"Intranet";3650;1;0;NA;NA;"13T";"Intranet";"Social"
"9471";"13T_FUND15A17";NA;NA;"Ativa";"IPEA";"IDHm2010";"% de 15 a 17 anos com fundamental completo-ed 2013";"Percentual da população de 15 a 17 anos com fundamental completo - Edição 2013-edição 2013";"Não oculta";"Intranet";3650;1;0;NA;NA;"13T";"Intranet";"Social"
"9472";"13PESOM25M";NA;NA;"Ativa";"IPEA";"IDHm2010";"Mulheres de 25 anos ou mais-ed 2013";"Mulheres de 25 anos ou mais de idade - Edição 2013-edição 2013";"Não oculta";"Intranet";3650;1;0;NA;NA;"13PESOM25M";"Intranet";"Social"
"9473";"13PREN20";NA;NA;"Ativa";"IPEA";"IDHm2010";"Percentual da renda apropriada pelos 20% mais pobres-ed 2013";"Percentual da renda total apropriada pelos 20% da população com menor renda domiciliar per capita - Edição 2013-edição 2013";"Não oculta";"Intranet";3650;1;0;NA;NA;"13PREN20";"Intranet";"Social"
"9474";"13PREN40";NA;NA;"Ativa";"IPEA";"IDHm2010";"Percentual da renda apropriada pelos 40% mais pobres-ed 2013";"Percentual da renda total apropriada pelos 40% da população com menor renda domiciliar per capita - Edição 2013-edição 2013";"Não oculta";"Intranet";3650;1;0;NA;NA;"13PREN40";"Intranet";"Social"
"9475";"13PREN60";NA;NA;"Ativa";"IPEA";"IDHm2010";"Percentual da renda apropriada pelos 60% mais pobres-ed 2013";"Percentual da renda total apropriada pelos 60% da população com menor renda domiciliar per capita - Edição 2013-edição 2013";"Não oculta";"Intranet";3650;1;0;NA;NA;"13PREN60";"Intranet";"Social"
"9476";"13PREN80";NA;NA;"Ativa";"IPEA";"IDHm2010";"Percentual da renda apropriada pelos 80% mais pobres-ed 2013";"Percentual da renda total apropriada pelos 80% da população com menor renda domiciliar per capita - Edição 2013-edição 2013";"Não oculta";"Intranet";3650;1;0;NA;NA;"13PREN80";"Intranet";"Social"
"9477";"13PMPOB";NA;NA;"Ativa";"IPEA";"IDHm2010";"% de pobres-ed 2013";"Proporção de pobres - Edição 2013-edição 2013";"Não oculta";"Intranet";3650;1;0;NA;NA;"13PMPOB";"Intranet";"Social"
"9478";"13PPOB";NA;NA;"Ativa";"IPEA";"IDHm2010";"% de vulneráveis à pobreza-ed 2013";"Proporção de vulneráveis à pobreza - Edição 2013-edição 2013";"Não oculta";"Intranet";3650;1;0;NA;NA;"13PPOB";"Intranet";"Social"
"9479";"13RDPC";NA;NA;"Ativa";"IPEA";"IDHm2010";"Renda per capita -ed 2013";"Renda per capita média - Edição 2013-edição 2013";"Não oculta";"Intranet";3650;1;0;NA;NA;"13RDPC";"Intranet";"Social"
"9480";"13HOMEM25A29";NA;NA;"Ativa";"IPEA";"IDHm2010";"População masculina de 25 a 29 anos-ed 2013";"População masculina de 25 a 29 anos de idade - Edição 2013-edição 2013";"Não oculta";"Intranet";3650;1;0;NA;NA;"13HOMEM25A29";"Intranet";"Social"
"9481";"13HOMEM30A34";NA;NA;"Ativa";"IPEA";"IDHm2010";"População masculina de 30 a 34 anos-ed 2013";"População masculina de 30 a 34 anos de idade - Edição 2013-edição 2013";"Não oculta";"Intranet";3650;1;0;NA;NA;"13HOMEM30A34";"Intranet";"Social"
"9482";"13HOMEM35A39";NA;NA;"Ativa";"IPEA";"IDHm2010";"População masculina de 35 a 39 anos-ed 2013";"População masculina de 35 a 39 anos de idade - Edição 2013-edição 2013";"Não oculta";"Intranet";3650;1;0;NA;NA;"13HOMEM35A39";"Intranet";"Social"
"9483";"13HOMEM40A44";NA;NA;"Ativa";"IPEA";"IDHm2010";"População masculina de 40 a 44 anos-ed 2013";"População masculina de 40 a 44 anos de idade - Edição 2013-edição 2013";"Não oculta";"Intranet";3650;1;0;NA;NA;"13HOMEM40A44";"Intranet";"Social"
"9484";"13HOMEM45A49";NA;NA;"Ativa";"IPEA";"IDHm2010";"População masculina de 45 a 49 anos-ed 2013";"População masculina de 45 a 49 anos de idade - Edição 2013-edição 2013";"Não oculta";"Intranet";3650;1;0;NA;NA;"13HOMEM45A49";"Intranet";"Social"
"9485";"13HOMEM50A54";NA;NA;"Ativa";"IPEA";"IDHm2010";"População masculina de 50 a 54 anos-ed 2013";"População masculina de 50 a 54 anos de idade - Edição 2013-edição 2013";"Não oculta";"Intranet";3650;1;0;NA;NA;"13HOMEM50A54";"Intranet";"Social"
"9486";"13HOMEM55A59";NA;NA;"Ativa";"IPEA";"IDHm2010";"População masculina de 55 a 59 anos-ed 2013";"População masculina de 55 a 59 anos de idade - Edição 2013-edição 2013";"Não oculta";"Intranet";3650;1;0;NA;NA;"13HOMEM55A59";"Intranet";"Social"
"9487";"13HOMEM5A9";NA;NA;"Ativa";"IPEA";"IDHm2010";"População masculina de 5 a 9 anos-ed 2013";"População masculina de 5 a 9 anos de idade - Edição 2013-edição 2013";"Não oculta";"Intranet";3650;1;0;NA;NA;"13HOMEM5A9";"Intranet";"Social"
"9488";"13HOMEM60A64";NA;NA;"Ativa";"IPEA";"IDHm2010";"População masculina de 60 a 64 anos-ed 2013";"População masculina de 60 a 64 anos de idade - Edição 2013-edição 2013";"Não oculta";"Intranet";3650;1;0;NA;NA;"13HOMEM60A64";"Intranet";"Social"
"9489";"13HOMEM65A69";NA;NA;"Ativa";"IPEA";"IDHm2010";"População masculina de 65 a 69 anos-ed 2013";"População masculina de 65 a 69 anos de idade - Edição 2013-edição 2013";"Não oculta";"Intranet";3650;1;0;NA;NA;"13HOMEM65A69";"Intranet";"Social"
"9490";"13PIND";NA;NA;"Ativa";"IPEA";"IDHm2010";"% de extremamente pobres-ed 2013";"Proporção de extremamente pobres - Edição 2013-edição 2013";"Não oculta";"Intranet";3650;1;0;NA;NA;"13PIND";"Intranet";"Social"
"9491";"13T_AGUA";NA;NA;"Ativa";"IPEA";"IDHm2010";"% da população em domicílios com água encanada-ed 2013";"Percentual da população que vive em domicílios com água encanada - Edição 2013-edição 2013";"Não oculta";"Intranet";3650;1;0;NA;NA;"13T";"Intranet";"Social"
"9492";"13HOMEM70A74";NA;NA;"Ativa";"IPEA";"IDHm2010";"População masculina de 70 a 74 anos-ed 2013";"População masculina de 70 a 74 anos de idade - Edição 2013-edição 2013";"Não oculta";"Intranet";3650;1;0;NA;NA;"13HOMEM70A74";"Intranet";"Social"
"9493";"13PREN20RICOS";NA;NA;"Ativa";"IPEA";"IDHm2010";"Percentual da renda apropriada pelos 20% mais ricos-ed 2013";"Percentual da renda total apropriada pelos 20% da população com maior renda domiciliar per capita - Edição 2013-edição 2013";"Não oculta";"Intranet";3650;1;0;NA;NA;"13PREN20RICOS";"Intranet";"Social"
"9494";"13HOMEM75A79";NA;NA;"Ativa";"IPEA";"IDHm2010";"População masculina de 75 a 79 anos-ed 2013";"População masculina de 75 a 79 anos de idade - Edição 2013-edição 2013";"Não oculta";"Intranet";3650;1;0;NA;NA;"13HOMEM75A79";"Intranet";"Social"
"9495";"13HOMEMTOT";NA;NA;"Ativa";"IPEA";"IDHm2010";"População residente masculina-ed 2013";"População residente masculina - Edição 2013-edição 2013";"Não oculta";"Intranet";3650;1;0;NA;NA;"13HOMEMTOT";"Intranet";"Social"
"9496";"13HOMENS80";NA;NA;"Ativa";"IPEA";"IDHm2010";"População masculina com 80 anos e mais-ed 2013";"População masculina com 80 anos e mais de idade - Edição 2013-edição 2013";"Não oculta";"Intranet";3650;1;0;NA;NA;"13HOMENS80";"Intranet";"Social"
"9497";"13MULH10A14";NA;NA;"Ativa";"IPEA";"IDHm2010";"População feminina de 10 a 14 anos-ed 2013";"População feminina de 10 a 14 anos de idade - Edição 2013-edição 2013";"Não oculta";"Intranet";3650;1;0;NA;NA;"13MULH10A14";"Intranet";"Social"
"9498";"13PESORUR";NA;NA;"Ativa";"IPEA";"IDHm2010";"População rural-ed 2013";"População rural - Edição 2013-edição 2013";"Não oculta";"Intranet";3650;1;0;NA;NA;"13PESORUR";"Intranet";"Social"
"9499";"13PESOURB";NA;NA;"Ativa";"IPEA";"IDHm2010";"População urbana-ed 2013";"População urbana - Edição 2013-edição 2013";"Não oculta";"Intranet";3650;1;0;NA;NA;"13PESOURB";"Intranet";"Social"
"9500";"13T_LIXO";NA;NA;"Ativa";"IPEA";"IDHm2010";"% da população em domicílios com coleta de lixo-ed 2013";"Percentual da população que vive em domicílios urbanos com serviço de coleta de lixo - Edição 2013-edição 2013";"Não oculta";"Intranet";3650;1;0;NA;NA;"13T";"Intranet";"Social"
"9501";"13T_FORA6A14";NA;NA;"Ativa";"IPEA";"IDHm2010";"% de crianças de 6 a 14 anos fora da escola-ed 2013";"% de crianças de 6 a 14 anos que não frequenta a escola - Edição 2013-edição 2013";"Não oculta";"Intranet";3650;1;0;NA;NA;"13T";"Intranet";"Social"
"9502";"13T_NESTUDA_NTRAB_MMEIO";NA;NA;"Ativa";"IPEA";"IDHm2010";"% de pessoas de 15 a 24 anos que não estudam nem trabalham e são vulneráveis à pobreza-ed 2013";"% de pessoas de 15 a 24 anos que não estudam nem trabalham e são vulneráveis à pobreza. - Edição 2013-edição 2013";"Não oculta";"Intranet";3650;1;0;NA;NA;"13T";"Intranet";"Social"
"9503";"13T_ANALF25A29";NA;NA;"Ativa";"IPEA";"IDHm2010";"Taxa de analfabetismo - 25 a 29 anos -ed 2013";"Taxa de analfabetismo da população de 25 a 29 anos de idade - Edição 2013-edição 2013";"Não oculta";"Intranet";3650;1;0;NA;NA;"13T";"Intranet";"Social"
"9504";"13PINDCRI";NA;NA;"Ativa";"IPEA";"IDHm2010";"% de crianças extremamente pobres-ed 2013";"Proporção de crianças extremamente pobres - Edição 2013-edição 2013";"Não oculta";"Intranet";3650;1;0;NA;NA;"13PINDCRI";"Intranet";"Social"
"9505";"13RDPC10";NA;NA;"Ativa";"IPEA";"IDHm2010";"Renda per capita média do décimo mais rico-ed 2013";"Renda domiciliar per capita média do décimo mais rico - Edição 2013-edição 2013";"Não oculta";"Intranet";3650;1;0;NA;NA;"13RDPC10";"Intranet";"Social"
"9506";"13PESO25";NA;NA;"Ativa";"IPEA";"IDHm2010";"População de 25 anos ou mais-ed 2013";"População de 25 anos ou mais de idade - Edição 2013-edição 2013";"Não oculta";"Intranet";3650;1;0;NA;NA;"13PESO25";"Intranet";"Social"
"9507";"13PESO6";NA;NA;"Ativa";"IPEA";"IDHm2010";"População de 6 anos-ed 2013";"População de 6 anos de idade - Edição 2013-edição 2013";"Não oculta";"Intranet";3650;1;0;NA;NA;"13PESO6";"Intranet";"Social"
"9508";"13PESO18";NA;NA;"Ativa";"IPEA";"IDHm2010";"População de 18 anos ou mais-ed 2013";"População de 18 anos ou mais de idade - Edição 2013-edição 2013";"Não oculta";"Intranet";3650;1;0;NA;NA;"13PESO18";"Intranet";"Social"
"9509";"13PESO15";NA;NA;"Ativa";"IPEA";"IDHm2010";"População de 15 anos ou mais-ed 2013";"População de 15 anos ou mais de idade - Edição 2013-edição 2013";"Não oculta";"Intranet";3650;1;0;NA;NA;"13PESO15";"Intranet";"Social"
"9510";"13PESO610";NA;NA;"Ativa";"IPEA";"IDHm2010";"População de 6 a 10 anos-ed 2013";"População de 6 a 10 anos de idade - Edição 2013-edição 2013";"Não oculta";"Intranet";3650;1;0;NA;NA;"13PESO610";"Intranet";"Social"
"9511";"13PESO65";NA;NA;"Ativa";"IPEA";"IDHm2010";"População de 65 anos ou mais-ed 2013";"População de 65 anos ou mais de idade - Edição 2013-edição 2013";"Não oculta";"Intranet";3650;1;0;NA;NA;"13PESO65";"Intranet";"Social"
"9512";"13PESO1820";NA;NA;"Ativa";"IPEA";"IDHm2010";"População de 18 a 20 anos-ed 2013";"População de 18 a 20 anos de idade - Edição 2013-edição 2013";"Não oculta";"Intranet";3650;1;0;NA;NA;"13PESO1820";"Intranet";"Social"
"9513";"13PESO1517";NA;NA;"Ativa";"IPEA";"IDHm2010";"População de 15 a 17 anos-ed 2013";"População de 15 a 17 anos de idade - Edição 2013-edição 2013";"Não oculta";"Intranet";3650;1;0;NA;NA;"13PESO1517";"Intranet";"Social"
"9514";"13POPT";NA;NA;"Ativa";"IPEA";"IDHm2010";"População total em domicílios particulares permanentes, exceto com renda nula-ed 2013";"População total que reside em domicílios particulares permanentes, exceto os com renda nula - Edição 2013-edição 2013";"Não oculta";"Intranet";3650;1;0;NA;NA;"13POPT";"Intranet";"Social"
"9515";"13PIA";NA;NA;"Ativa";"IPEA";"IDHm2010";"População de 10 anos ou mais-ed 2013";"População de 10 anos ou mais de idade - Edição 2013-edição 2013";"Não oculta";"Intranet";3650;1;0;NA;NA;"13PIA";"Intranet";"Social"
"9516";"13PESO5";NA;NA;"Ativa";"IPEA";"IDHm2010";"População de 5 anos-ed 2013";"População de 5 anos de idade - Edição 2013-edição 2013";"Não oculta";"Intranet";3650;1;0;NA;NA;"13PESO5";"Intranet";"Social"
"9517";"13PESO1114";NA;NA;"Ativa";"IPEA";"IDHm2010";"População de 11 a 14 anos-ed 2013";"População de 11 a 14 anos de idade - Edição 2013-edição 2013";"Não oculta";"Intranet";3650;1;0;NA;NA;"13PESO1114";"Intranet";"Social"
"9518";"13PESO1921";NA;NA;"Ativa";"IPEA";"IDHm2010";"População de 19 a 21 anos-ed 2013";"População de 19 a 21 anos de idade - Edição 2013-edição 2013";"Não oculta";"Intranet";3650;1;0;NA;NA;"13PESO1921";"Intranet";"Social"
"9519";"13PESO4";NA;NA;"Ativa";"IPEA";"IDHm2010";"População de 4 anos-ed 2013";"População de 4 anos de idade - Edição 2013-edição 2013";"Não oculta";"Intranet";3650;1;0;NA;NA;"13PESO4";"Intranet";"Social"
"9520";"13PESO617";NA;NA;"Ativa";"IPEA";"IDHm2010";"População de 6 a 17 anos-ed 2013";"População de 6 a 17 anos de idade - Edição 2013-edição 2013";"Não oculta";"Intranet";3650;1;0;NA;NA;"13PESO617";"Intranet";"Social"
"9521";"13RDPC2";NA;NA;"Ativa";"IPEA";"IDHm2010";"Renda per capita média do 2º quinto mais pobre-ed 2013";"Renda domiciliar per capita  média do 2º quinto mais pobre - Edição 2013-edição 2013";"Não oculta";"Intranet";3650;1;0;NA;NA;"13RDPC2";"Intranet";"Social"
"9522";"13RDPC3";NA;NA;"Ativa";"IPEA";"IDHm2010";"Renda per capita média do 3º quinto mais pobre-ed 2013";"Renda domiciliar per capita  média do 3º quinto mais pobre - Edição 2013-edição 2013";"Não oculta";"Intranet";3650;1;0;NA;NA;"13RDPC3";"Intranet";"Social"
"9523";"13RDPC4";NA;NA;"Ativa";"IPEA";"IDHm2010";"Renda per capita média do 4º quinto mais pobre-ed 2013";"Renda domiciliar per capita  média do 3º quinto mais pobre - Edição 2013-edição 2013";"Não oculta";"Intranet";3650;1;0;NA;NA;"13RDPC4";"Intranet";"Social"
"9524";"13RDPC5";NA;NA;"Ativa";"IPEA";"IDHm2010";"Renda per capita média do quinto mais rico-ed 2013";"Renda domiciliar per capita média do quinto mais rico - Edição 2013-edição 2013";"Não oculta";"Intranet";3650;1;0;NA;NA;"13RDPC5";"Intranet";"Social"
"9525";"13RDPCT";NA;NA;"Ativa";"IPEA";"IDHm2010";"Renda per capita , exceto renda nula-ed 2013";"Renda domiciliar per capita média, exceto renda nula - Edição 2013-edição 2013";"Não oculta";"Intranet";3650;1;0;NA;NA;"13RDPCT";"Intranet";"Social"
"9526";"13REN0";NA;NA;"Ativa";"IPEA";"IDHm2010";"% dos ocupados sem rendimento - 18 anos ou mais-ed 2013";"Percentual dos ocupados sem rendimento - Edição 2013-edição 2013";"Não oculta";"Intranet";3650;1;0;NA;NA;"13REN0";"Intranet";"Social"
"9527";"13REN1";NA;NA;"Ativa";"IPEA";"IDHm2010";"% dos ocupados com rendimento de até 1 s.m. - 18 anos ou mais-ed 2013";"Percentual dos ocupados com rendimento de até 1 salário mínimo - Edição 2013-edição 2013";"Não oculta";"Intranet";3650;1;0;NA;NA;"13REN1";"Intranet";"Social"
"9528";"13REN2";NA;NA;"Ativa";"IPEA";"IDHm2010";"% dos ocupados com rendimento de até 2 s.m. - 18 anos ou mais-ed 2013";"Percentual dos ocupados com rendimento de até 2 salários mínimos - Edição 2013-edição 2013";"Não oculta";"Intranet";3650;1;0;NA;NA;"13REN2";"Intranet";"Social"
"9529";"13T_LUZ";NA;NA;"Ativa";"IPEA";"IDHm2010";"% da população em domicílios com energia elétrica-ed 2013";"Percentual da população que vive em domicílios com energia elétrica - Edição 2013-edição 2013";"Não oculta";"Intranet";3650;1;0;NA;NA;"13T";"Intranet";"Social"
"9530";"13T_M10A14CF";NA;NA;"Ativa";"IPEA";"IDHm2010";"% de mulheres de 10 a 14 anos que tiveram filhos-ed 2013";"Percentual de mulheres de 10 a 14 anos de idade que tiveram filhos - Edição 2013-edição 2013";"Não oculta";"Intranet";3650;1;0;NA;NA;"13T";"Intranet";"Social"
"9531";"13T_M15A17CF";NA;NA;"Ativa";"IPEA";"IDHm2010";"% de mulheres de 15 a 17 anos que tiveram filhos-ed 2013";"Percentual de mulheres de 15 a 17 anos de idade que tiveram filhos - Edição 2013-edição 2013";"Não oculta";"Intranet";3650;1;0;NA;NA;"13T";"Intranet";"Social"
"9532";"13T_MULCHEFEFIF014";NA;NA;"Ativa";"IPEA";"IDHm2010";"% de mães chefes de família sem fundamental completo e com filhos menores de 15 anos-ed 2013";"Percentual de mães chefes de família, sem fundamental completo e com pelo menos um filho menor de 15 anos de idade - Edição 2013-edição 2013";"Não oculta";"Intranet";3650;1;0;NA;NA;"13T";"Intranet";"Social"
"9533";"13T_OCUPDESLOC_1";NA;NA;"Ativa";"IPEA";"IDHm2010";"% de pessoas vulneráveis à pobreza e que gastam mais de uma hora até o trabalho-ed 2013";"% de pessoas em domicílios vulneráveis à pobreza e que gastam mais de uma hora até o trabalho - Edição 2013-edição 2013";"Não oculta";"Intranet";3650;1;0;NA;NA;"13T";"Intranet";"Social"
"9534";"13T_FREQFUND1517";NA;NA;"Ativa";"IPEA";"IDHm2010";"% de 15 a 17 anos no fundamental-ed 2013";"Percentual da população de 15 a 17 anos de idade frequentando o ensino fundamental - Edição 2013-edição 2013";"Não oculta";"Intranet";3650;1;0;NA;NA;"13T";"Intranet";"Social"
"9535";"13T_FREQ6A17";NA;NA;"Ativa";"IPEA";"IDHm2010";"% de 6 a 17 anos na escola-ed 2013";"Taxa de atendimento escolar da população de 6 a 17 anos de idade  - Edição 2013-edição 2013";"Não oculta";"Intranet";3650;1;0;NA;NA;"13T";"Intranet";"Social"
"9536";"13T_MED19A21";NA;NA;"Ativa";"IPEA";"IDHm2010";"% de 19 a 21 anos com médio completo-ed 2013";"Percentual da população de 19 a 21 anos de idade com o ensino médio completo - Edição 2013-edição 2013";"Não oculta";"Intranet";3650;1;0;NA;NA;"13T";"Intranet";"Social"
"9537";"13REN3";NA;NA;"Ativa";"IPEA";"IDHm2010";"% dos ocupados com rendimento de até 3 s.m. - 18 anos ou mais-ed 2013";"Percentual dos ocupados com rendimento de até 3 salários mínimo - Edição 2013-edição 2013";"Não oculta";"Intranet";3650;1;0;NA;NA;"13REN3";"Intranet";"Social"
"9538";"13REN5";NA;NA;"Ativa";"IPEA";"IDHm2010";"% dos ocupados com rendimento de até 5 s.m. - 18 anos ou mais-ed 2013";"Percentual dos ocupados com rendimento de até 5 salários mínimo - Edição 2013-edição 2013";"Não oculta";"Intranet";3650;1;0;NA;NA;"13REN5";"Intranet";"Social"
"9539";"13RENOCUP";NA;NA;"Ativa";"IPEA";"IDHm2010";"Rendimento médio dos ocupados - 18 anos ou mais-ed 2013";"Rendimento médio dos ocupados - Edição 2013-edição 2013";"Não oculta";"Intranet";3650;1;0;NA;NA;"13RENOCUP";"Intranet";"Social"
"9540";"13RIND";NA;NA;"Ativa";"IPEA";"IDHm2010";"Renda per capita média dos extremamente pobres-ed 2013";"Renda domiciliar per capita média dos extremamente pobres - Edição 2013-edição 2013";"Não oculta";"Intranet";3650;1;0;NA;NA;"13RIND";"Intranet";"Social"
"9541";"13RMPOB";NA;NA;"Ativa";"IPEA";"IDHm2010";"Renda per capita média dos pobres-ed 2013";"Renda domiciliar per capita média dos pobres - Edição 2013-edição 2013";"Não oculta";"Intranet";3650;1;0;NA;NA;"13RMPOB";"Intranet";"Social"
"9542";"13SOBRE40";NA;NA;"Ativa";"IPEA";"IDHm2010";"Probabilidade de sobrevivência até 40 anos-ed 2013";"Probabilidade de sobrevivência até 40 anos - Edição 2013-edição 2013";"Não oculta";"Intranet";3650;1;0;NA;NA;"13SOBRE40";"Intranet";"Social"
"9543";"13SOBRE60";NA;NA;"Ativa";"IPEA";"IDHm2010";"Probabilidade de sobrevivência até 60 anos-ed 2013";"Probabilidade de sobrevivência até 60 anos - Edição 2013-edição 2013";"Não oculta";"Intranet";3650;1;0;NA;NA;"13SOBRE60";"Intranet";"Social"
"9544";"13T_ANALF15A17";NA;NA;"Ativa";"IPEA";"IDHm2010";"Taxa de analfabetismo - 15 a 17 anos -ed 2013";"Taxa de analfabetismo da população de 15 a 17 anos de idade - Edição 2013-edição 2013";"Não oculta";"Intranet";3650;1;0;NA;NA;"13T";"Intranet";"Social"
"9545";"13T_ANALF18A24";NA;NA;"Ativa";"IPEA";"IDHm2010";"Taxa de analfabetismo - 18 a 24 anos -ed 2013";"Taxa de analfabetismo da população de 18 a 24 anos de idade - Edição 2013-edição 2013";"Não oculta";"Intranet";3650;1;0;NA;NA;"13T";"Intranet";"Social"
"9546";"13T_ANALF15M";NA;NA;"Ativa";"IPEA";"IDHm2010";"Taxa de analfabetismo - 15 anos ou mais -ed 2013";"Taxa de analfabetismo da população de 15 anos ou mais de idade - Edição 2013-edição 2013";"Não oculta";"Intranet";3650;1;0;NA;NA;"13T";"Intranet";"Social"
"9547";"13T_ATIV";NA;NA;"Ativa";"IPEA";"IDHm2010";"Taxa de atividade - 10 anos ou mais-ed 2013";"Taxa de atividade das pessoas de 10 anos ou mais de idade - Edição 2013-edição 2013";"Não oculta";"Intranet";3650;1;0;NA;NA;"13T";"Intranet";"Social"
"9548";"13T_ATIV1517";NA;NA;"Ativa";"IPEA";"IDHm2010";"Taxa de atividade - 15 a 17 anos-ed 2013";"Taxa de atividade das pessoas de 15 a  17 anos de idade - Edição 2013-edição 2013";"Não oculta";"Intranet";3650;1;0;NA;NA;"13T";"Intranet";"Social"
"9549";"13T_ATIV1824";NA;NA;"Ativa";"IPEA";"IDHm2010";"Taxa de atividade - 18 a 24 anos-ed 2013";"Taxa de atividade das pessoas de 18 a 24 anos de idade - Edição 2013-edição 2013";"Não oculta";"Intranet";3650;1;0;NA;NA;"13T";"Intranet";"Social"
"9550";"13T_ATIV18M";NA;NA;"Ativa";"IPEA";"IDHm2010";"Taxa de atividade - 18 anos ou mais-ed 2013";"Taxa de atividade das pessoas de 18 anos ou mais de idade - Edição 2013-edição 2013";"Não oculta";"Intranet";3650;1;0;NA;NA;"13T";"Intranet";"Social"
"9551";"13T_ATIV2529";NA;NA;"Ativa";"IPEA";"IDHm2010";"Taxa de atividade - 25 a 29 anos-ed 2013";"Taxa de atividade das pessoas de 25 a 29 anos de idade - Edição 2013-edição 2013";"Não oculta";"Intranet";3650;1;0;NA;NA;"13T";"Intranet";"Social"
"9552";"13T_ATIV1014";NA;NA;"Ativa";"IPEA";"IDHm2010";"Taxa de atividade - 10 a 14 anos-ed 2013";"Taxa de atividade das pessoas de 10 a  14 anos de idade - Edição 2013-edição 2013";"Não oculta";"Intranet";3650;1;0;NA;NA;"13T";"Intranet";"Social"
"9553";"13T_FUNDIN_TODOS_MMEIO";NA;NA;"Ativa";"IPEA";"IDHm2010";"% de pessoas em domicílios vulneráveis à pobreza e em que ninguém tem fundamental completo.-ed 2013";"% de pessoas em domicílios vulneráveis à pobreza e em que ninguém tem fundamental completo. - Edição 2013-edição 2013";"Não oculta";"Intranet";3650;1;0;NA;NA;"13T";"Intranet";"Social"
"9554";"13T_ANALF25M";NA;NA;"Ativa";"IPEA";"IDHm2010";"Taxa de analfabetismo - 25 anos ou mais-ed 2013";"Taxa de analfabetismo da população de 25 anos ou mais de idade - Edição 2013-edição 2013";"Não oculta";"Intranet";3650;1;0;NA;NA;"13T";"Intranet";"Social"
"9555";"13T_ATRASO_0_BASICO";NA;NA;"Ativa";"IPEA";"IDHm2010";"% de 6 a 17 anos no básico sem atraso-ed 2013";"Percentual da população de 6 a 17 anos de idade frequentando o ensino básico que não tem atraso idade-série. - Edição 2013-edição 2013";"Não oculta";"Intranet";3650;1;0;NA;NA;"13T";"Intranet";"Social"
"9556";"13T_ANALF18M";NA;NA;"Ativa";"IPEA";"IDHm2010";"Taxa de analfabetismo - 18 anos ou mais -ed 2013";"Taxa de analfabetismo da população de 18 anos ou mais de idade - Edição 2013-edição 2013";"Não oculta";"Intranet";3650;1;0;NA;NA;"13T";"Intranet";"Social"
"9557";"13T_FBMED";NA;NA;"Ativa";"IPEA";"IDHm2010";"Taxa de frequência bruta ao médio-ed 2013";"Taxa de frequência bruta ao ensino   médio - Edição 2013-edição 2013";"Não oculta";"Intranet";3650;1;0;NA;NA;"13T";"Intranet";"Social"
"9558";"13TRABSC";NA;NA;"Ativa";"IPEA";"IDHm2010";"% de empregados sem carteira - 18 anos ou mais-ed 2013";"Percentual de ocupados de 18 anos ou mais que são empregados sem carteira  - Edição 2013-edição 2013";"Não oculta";"Intranet";3650;1;0;NA;NA;"13TRABSC";"Intranet";"Social"
"9559";"13T_FLMED";NA;NA;"Ativa";"IPEA";"IDHm2010";"Taxa de frequência líquida ao médio-ed 2013";"Taxa de frequência líquida ao ensino   médio - Edição 2013-edição 2013";"Não oculta";"Intranet";3650;1;0;NA;NA;"13T";"Intranet";"Social"
"9560";"13T_ATRASO_1_BASICO";NA;NA;"Ativa";"IPEA";"IDHm2010";"% de 6 a 17 no básico com 1 ano de atraso-ed 2013";"Percentual da população de 6 a 17 anos de idade frequentando o ensino básico que tem 1 ano de atraso idade-série. - Edição 2013-edição 2013";"Não oculta";"Intranet";3650;1;0;NA;NA;"13T";"Intranet";"Social"
"9561";"13T_ATRASO_1_FUND";NA;NA;"Ativa";"IPEA";"IDHm2010";"% de 6 a 14 anos no fundamental com 1 ano de atraso-ed 2013";"Percentual da população de 6 a 14 anos de idade frequentando o ensino fundamental que tem 1 ano de atraso idade-série. - Edição 2013-edição 2013";"Não oculta";"Intranet";3650;1;0;NA;NA;"13T";"Intranet";"Social"
"9562";"13T_ATRASO_2_FUND";NA;NA;"Ativa";"IPEA";"IDHm2010";"% de 6 a 14 anos no fundamental com 2 anos ou mais de atraso-ed 2013";"Percentual da população de 6 a 14 anos de idade frequentando o ensino fundamental que tem 2 anos ou mais de atraso idade-série. - Edição 2013-edição 2013";"Não oculta";"Intranet";3650;1;0;NA;NA;"13T";"Intranet";"Social"
"9563";"13T_ATRASO_1_MED";NA;NA;"Ativa";"IPEA";"IDHm2010";"% de 15 a 17 no médio com 1 ano de atraso-ed 2013";"Percentual da população de 15 a 17 anos de idade frequentando o ensino médio que tem 1 ano de atraso idade-série. - Edição 2013-edição 2013";"Não oculta";"Intranet";3650;1;0;NA;NA;"13T";"Intranet";"Social"
"9564";"13T_FLBAS";NA;NA;"Ativa";"IPEA";"IDHm2010";"Taxa de frequência líquida ao básico-ed 2013";"Taxa de frequência líquida ao ensino   básico - Edição 2013-edição 2013";"Não oculta";"Intranet";3650;1;0;NA;NA;"13T";"Intranet";"Social"
"9565";"13T_ATRASO_2_BASICO";NA;NA;"Ativa";"IPEA";"IDHm2010";"% de 6 a 17 anos no básico com 2 anos ou mais de atraso-ed 2013";"Percentual da população de 6 a 17 anos de idade frequentando o ensino básico que tem 2 anos ou mais de atraso idade-série. - Edição 2013-edição 2013";"Não oculta";"Intranet";3650;1;0;NA;NA;"13T";"Intranet";"Social"
"9566";"13T_BANAGUA";NA;NA;"Ativa";"IPEA";"IDHm2010";"% da população em domicílios com banheiro e água encanada-ed 2013";"Percentual da população que vive em domicílios com banheiro e água encanada - Edição 2013-edição 2013";"Não oculta";"Intranet";3650;1;0;NA;NA;"13T";"Intranet";"Social"
"9567";"13T_CRIFUNDIN_TODOS";NA;NA;"Ativa";"IPEA";"IDHm2010";"% de crianças em domicílios em que ninguém tem fundamental completo-ed 2013";"% de crianças que vivem em domicílios em que nenhum dos moradores tem o ensino fundamental completo. - Edição 2013-edição 2013";"Não oculta";"Intranet";3650;1;0;NA;NA;"13T";"Intranet";"Social"
"9568";"13T_DENS";NA;NA;"Ativa";"IPEA";"IDHm2010";"% da população em domicílios com densidade > 2-ed 2013";"Percentual da população que vive em domicílios com densidade superior a 2 pessoas por dormitório - Edição 2013-edição 2013";"Não oculta";"Intranet";3650;1;0;NA;NA;"13T";"Intranet";"Social"
"9569";"13T_DES";NA;NA;"Ativa";"IPEA";"IDHm2010";"Taxa de desocupação - 10 anos ou mais-ed 2013";"Taxa de desocupação da população de 10 anos ou mais de idade - Edição 2013-edição 2013";"Não oculta";"Intranet";3650;1;0;NA;NA;"13T";"Intranet";"Social"
"9570";"13T_DES1014";NA;NA;"Ativa";"IPEA";"IDHm2010";"Taxa de desocupação - 10 a 14 anos-ed 2013";"Taxa de desocupação da população de 10 a 14 anos de idade - Edição 2013-edição 2013";"Não oculta";"Intranet";3650;1;0;NA;NA;"13T";"Intranet";"Social"
"9571";"13T_DES1517";NA;NA;"Ativa";"IPEA";"IDHm2010";"Taxa de desocupação - 15 a 17 anos-ed 2013";"Taxa de desocupação da população de 15 a 17 anos de idade - Edição 2013-edição 2013";"Não oculta";"Intranet";3650;1;0;NA;NA;"13T";"Intranet";"Social"
"9572";"13T_DES1824";NA;NA;"Ativa";"IPEA";"IDHm2010";"Taxa de desocupação - 18 a 24 anos-ed 2013";"Taxa de desocupação da população de 18 a 24 anos de idade - Edição 2013-edição 2013";"Não oculta";"Intranet";3650;1;0;NA;NA;"13T";"Intranet";"Social"
"9573";"13T_DES18M";NA;NA;"Ativa";"IPEA";"IDHm2010";"Taxa de desocupação - 18 anos ou mais-ed 2013";"Taxa de desocupação da população de 18 anos ou mais de idade - Edição 2013-edição 2013";"Não oculta";"Intranet";3650;1;0;NA;NA;"13T";"Intranet";"Social"
"9574";"13T_DES2529";NA;NA;"Ativa";"IPEA";"IDHm2010";"Taxa de desocupação - 25 a 29 anos-ed 2013";"Taxa de desocupação da população de 25 a 29 anos de idade - Edição 2013-edição 2013";"Não oculta";"Intranet";3650;1;0;NA;NA;"13T";"Intranet";"Social"
"9575";"13T_ENV";NA;NA;"Ativa";"IPEA";"IDHm2010";"Taxa de envelhecimento-ed 2013";"Taxa de envelhecimento - Edição 2013-edição 2013";"Não oculta";"Intranet";3650;1;0;NA;NA;"13T";"Intranet";"Social"
"9576";"13T_FBBAS";NA;NA;"Ativa";"IPEA";"IDHm2010";"Taxa de frequência bruta ao básico-ed 2013";"Taxa de frequência bruta ao ensino   básico - Edição 2013-edição 2013";"Não oculta";"Intranet";3650;1;0;NA;NA;"13T";"Intranet";"Social"
"9577";"13T_FBFUND";NA;NA;"Ativa";"IPEA";"IDHm2010";"Taxa de frequência bruta ao fundamental-ed 2013";"Taxa de frequência bruta ao ensino   fundamental - Edição 2013-edição 2013";"Não oculta";"Intranet";3650;1;0;NA;NA;"13T";"Intranet";"Social"
"9578";"13T_FBSUPER";NA;NA;"Ativa";"IPEA";"IDHm2010";"Taxa de frequência bruta ao superior-ed 2013";"Taxa de frequência bruta ao ensino   superior - Edição 2013-edição 2013";"Não oculta";"Intranet";3650;1;0;NA;NA;"13T";"Intranet";"Social"
"9579";"13T_FLFUND";NA;NA;"Ativa";"IPEA";"IDHm2010";"Taxa de frequência líquida ao fundamental-ed 2013";"Taxa de frequência líquida ao ensino   fundamental - Edição 2013-edição 2013";"Não oculta";"Intranet";3650;1;0;NA;NA;"13T";"Intranet";"Social"
"9580";"13T_FLPRE";NA;NA;"Ativa";"IPEA";"IDHm2010";"Taxa de frequência líquida à pré-escola-ed 2013";"Taxa de frequência líquida à pré-escola - Edição 2013-edição 2013";"Não oculta";"Intranet";3650;1;0;NA;NA;"13T";"Intranet";"Social"
"9581";"13T_FLSUPER";NA;NA;"Ativa";"IPEA";"IDHm2010";"Taxa de frequência líquida ao superior-ed 2013";"Taxa de frequência líquida ao ensino   superior - Edição 2013-edição 2013";"Não oculta";"Intranet";3650;1;0;NA;NA;"13T";"Intranet";"Social"
"9582";"13CORTE4";NA;NA;"Ativa";"IPEA";"IDHm2010";"Renda per capita máxima do 4°quinto mais pobre-ed 2013";"Renda domiciliar per capita máxima do 3º quinto mais pobre - Edição 2013-edição 2013";"Não oculta";"Intranet";3650;1;0;NA;NA;"13CORTE4";"Intranet";"Social"
"9583";"13CORTE9";NA;NA;"Ativa";"IPEA";"IDHm2010";"Renda per capita mínima do décimo mais rico-ed 2013";"Renda domiciliar per capita mínima do décimo mais rico - Edição 2013-edição 2013";"Não oculta";"Intranet";3650;1;0;NA;NA;"13CORTE9";"Intranet";"Social"
"9584";"13AGUA_ESGOTO";NA;NA;"Ativa";"IPEA";"IDHm2010";"% de pessoas em domicílios com abastecimento de água e esgotamento sanitário inadequados-ed 2013";"% de pessoas em domicílios com abastecimento de água e esgotamento sanitário inadequados - Edição 2013-edição 2013";"Não oculta";"Intranet";3650;1;0;NA;NA;"13AGUA";"Intranet";"Social"
"9585";"13T_FREQ15A17";NA;NA;"Ativa";"IPEA";"IDHm2010";"% de 15 a 17 anos na escola-ed 2013";"Taxa de atendimento escolar da população de 15 a 17 anos de idade  - Edição 2013-edição 2013";"Não oculta";"Intranet";3650;1;0;NA;NA;"13T";"Intranet";"Social"
"9586";"13T_FREQ6";NA;NA;"Ativa";"IPEA";"IDHm2010";"% de 6 anos na escola-ed 2013";"Taxa de atendimento escolar da população de 6 anos de idade  - Edição 2013-edição 2013";"Não oculta";"Intranet";3650;1;0;NA;NA;"13T";"Intranet";"Social"
"9587";"13T_FREQFUND1824";NA;NA;"Ativa";"IPEA";"IDHm2010";"% de 18 a 24 anos no fundamental-ed 2013";"Percentual da população de 18 a 24 anos de idade frequentando o ensino fundamental - Edição 2013-edição 2013";"Não oculta";"Intranet";3650;1;0;NA;NA;"13T";"Intranet";"Social"
"9588";"13T_FORA4A5";NA;NA;"Ativa";"IPEA";"IDHm2010";"% de crianças de 4 a 5 anos fora da escola-ed 2013";"% de crianças de 4 a 5 anos que não frequenta a escola - Edição 2013-edição 2013";"Não oculta";"Intranet";3650;1;0;NA;NA;"13T";"Intranet";"Social"
"9589";"13T_FREQFUND45";NA;NA;"Ativa";"IPEA";"IDHm2010";"% de 4 a 5 anos no fundamental-ed 2013";"Percentual da população de 4 a 5 anos de idade frequentando o ensino fundamental - Edição 2013-edição 2013";"Não oculta";"Intranet";3650;1;0;NA;NA;"13T";"Intranet";"Social"
"9590";"13T_FREQ4A5";NA;NA;"Ativa";"IPEA";"IDHm2010";"% de 4 a 5 anos na escola-ed 2013";"Taxa de atendimento escolar da população de 4 a 5 anos de idade  - Edição 2013-edição 2013";"Não oculta";"Intranet";3650;1;0;NA;NA;"13T";"Intranet";"Social"
"9591";"13T_FREQMED1824";NA;NA;"Ativa";"IPEA";"IDHm2010";"% de 18 a 24 anos no médio-ed 2013";"Percentual da população de 18 a 24 anos de idade frequentando o ensino médio - Edição 2013-edição 2013";"Não oculta";"Intranet";3650;1;0;NA;NA;"13T";"Intranet";"Social"
"9592";"13T_FREQ18A24";NA;NA;"Ativa";"IPEA";"IDHm2010";"% de 18 a 24 anos na escola-ed 2013";"Taxa de atendimento escolar da população de 18 a 24 anos de idade  - Edição 2013-edição 2013";"Não oculta";"Intranet";3650;1;0;NA;NA;"13T";"Intranet";"Social"
"9593";"13T_FREQ4A6";NA;NA;"Ativa";"IPEA";"IDHm2010";"% de 4 a 6 anos na escola-ed 2013";"Percentual da população de 4 a 6 anos de idade frequentando a escola - Edição 2013-edição 2013";"Não oculta";"Intranet";3650;1;0;NA;NA;"13T";"Intranet";"Social"
"9594";"13T_FREQ6A14";NA;NA;"Ativa";"IPEA";"IDHm2010";"% de 6 a 14 anos na escola-ed 2013";"Taxa de atendimento escolar da população de 6 a 14 anos de idade  - Edição 2013-edição 2013";"Não oculta";"Intranet";3650;1;0;NA;NA;"13T";"Intranet";"Social"
"9595";"13T_FREQ11A14";NA;NA;"Ativa";"IPEA";"IDHm2010";"% de 11 a 14 anos na escola-ed 2013";"Taxa de atendimento escolar da população de 11 a 14 anos de idade  - Edição 2013-edição 2013";"Não oculta";"Intranet";3650;1;0;NA;NA;"13T";"Intranet";"Social"
"9596";"13T_FREQ25A29";NA;NA;"Ativa";"IPEA";"IDHm2010";"% de 25 a 29 anos na escola-ed 2013";"Taxa de atendimento escolar da população de 25 a 29 anos de idade  - Edição 2013-edição 2013";"Não oculta";"Intranet";3650;1;0;NA;NA;"13T";"Intranet";"Social"
"9597";"13CORTE1";NA;NA;"Ativa";"IPEA";"IDHm2010";"Renda per capita máxima do 1º quinto mais pobre-ed 2013";"Renda domiciliar per capita máxima do quinto mais pobre - Edição 2013-edição 2013";"Não oculta";"Intranet";3650;1;0;NA;NA;"13CORTE1";"Intranet";"Social"
"9598";"13CORTE2";NA;NA;"Ativa";"IPEA";"IDHm2010";"Renda per capita máxima do 2° quinto mais pobre-ed 2013";"Renda domiciliar per capita máxima do 2º quinto mais pobre - Edição 2013-edição 2013";"Não oculta";"Intranet";3650;1;0;NA;NA;"13CORTE2";"Intranet";"Social"
"9599";"13CORTE3";NA;NA;"Ativa";"IPEA";"IDHm2010";"Renda per capita máxima do 3° quinto mais pobre-ed 2013";"Renda domiciliar per capita máxima do 3º quinto mais pobre - Edição 2013-edição 2013";"Não oculta";"Intranet";3650;1;0;NA;NA;"13CORTE3";"Intranet";"Social"
"9600";"13CPR";NA;NA;"Ativa";"IPEA";"IDHm2010";"% de trabalhadores por conta própria - 18 anos ou mais-ed 2013";"Percentual de ocupados de 18 anos ou mais que são trabalhadores por conta própria. - Edição 2013-edição 2013";"Não oculta";"Intranet";3650;1;0;NA;NA;"13CPR";"Intranet";"Social"
"9601";"13E_ANOSESTUDO";NA;NA;"Ativa";"IPEA";"IDHm2010";"Expectativa de anos de estudo-ed 2013";"Expectativa de anos de estudo aos 18 anos de idade - Edição 2013-edição 2013";"Não oculta";"Intranet";3650;1;0;NA;NA;"13E";"Intranet";"Social"
"9602";"13EMP";NA;NA;"Ativa";"IPEA";"IDHm2010";"% de empregadores - 18 anos ou mais-ed 2013";"Percentual de ocupados de 18 anos ou mais que são empregadores - Edição 2013-edição 2013";"Não oculta";"Intranet";3650;1;0;NA;NA;"13EMP";"Intranet";"Social"
"9603";"13I_FREQ_PROP";NA;NA;"Ativa";"IPEA";"IDHm2010";"Subíndice de frequência escolar - IDHm Educação-ed 2013";"Subíndice de frequência escolar da população jovem - IDHm Educação - Edição 2013-edição 2013";"Não oculta";"Intranet";3650;1;0;NA;NA;"13I";"Intranet";"Social"
"9604";"13MORT1";NA;NA;"Ativa";"IPEA";"IDHm2010";"Mortalidade infantil-ed 2013";"Mortalidade até um ano de idade - Edição 2013-edição 2013";"Não oculta";"Intranet";3650;1;0;NA;NA;"13MORT1";"Intranet";"Social"
"9605";"13MORT5";NA;NA;"Ativa";"IPEA";"IDHm2010";"Mortalidade até 5 anos de idade-ed 2013";"Mortalidade até cinco anos de idade - Edição 2013-edição 2013";"Não oculta";"Intranet";3650;1;0;NA;NA;"13MORT5";"Intranet";"Social"
"9606";"13P_AGRO";NA;NA;"Ativa";"IPEA";"IDHm2010";"% dos ocupados no setor agropecuário - 18 anos ou mais-ed 2013";"Percentual dos ocupados no setor agropecuário - Edição 2013-edição 2013";"Não oculta";"Intranet";3650;1;0;NA;NA;"13P";"Intranet";"Social"
"9607";"13P_COM";NA;NA;"Ativa";"IPEA";"IDHm2010";"% dos ocupados no setor comércio - 18 anos ou mais-ed 2013";"Percentual dos ocupados no setor comércio - Edição 2013-edição 2013";"Não oculta";"Intranet";3650;1;0;NA;NA;"13P";"Intranet";"Social"
"9608";"13P_CONSTR";NA;NA;"Ativa";"IPEA";"IDHm2010";"% dos ocupados no setor de construção - 18 anos ou mais-ed 2013";"Percentual dos ocupados no setor de construção  - Edição 2013-edição 2013";"Não oculta";"Intranet";3650;1;0;NA;NA;"13P";"Intranet";"Social"
"9609";"13P_EXTR";NA;NA;"Ativa";"IPEA";"IDHm2010";"% dos ocupados no setor extrativo mineral - 18 anos ou mais-ed 2013";"Percentual dos ocupados no setor extrativo mineral - Edição 2013-edição 2013";"Não oculta";"Intranet";3650;1;0;NA;NA;"13P";"Intranet";"Social"
"9610";"13IDHM";NA;NA;"Ativa";"IPEA";"IDHm2010";"Índice de Desenvolvimento Humano Municipal-ed 2013";"Índice de Desenvolvimento Humano Municipal - Edição 2013-edição 2013";"Não oculta";"Intranet";3650;1;0;NA;NA;"13IDHM";"Intranet";"Social"
"9611";"13T_FREQSUPER1517";NA;NA;"Ativa";"IPEA";"IDHm2010";"% de 15 a 17 anos no superior-ed 2013";"Percentual da população de 15 a 17 anos de idade frequentando o ensino superior - Edição 2013-edição 2013";"Não oculta";"Intranet";3650;1;0;NA;NA;"13T";"Intranet";"Social"
"9612";"13FECTOT";NA;NA;"Ativa";"IPEA";"IDHm2010";"Taxa de fecundidade total-ed 2013";"Taxa de fecundidade total - Edição 2013-edição 2013";"Não oculta";"Intranet";3650;1;0;NA;NA;"13FECTOT";"Intranet";"Social"
"9613";"13T_FREQMED614";NA;NA;"Ativa";"IPEA";"IDHm2010";"% de 6 a 14 anos no médio-ed 2013";"Percentual da população de 6 a 14 anos de idade frequentando o ensino médio - Edição 2013-edição 2013";"Não oculta";"Intranet";3650;1;0;NA;NA;"13T";"Intranet";"Social"
"9614";"13T_FBPRE";NA;NA;"Ativa";"IPEA";"IDHm2010";"Taxa de frequência bruta à pré-escola-ed 2013";"Taxa de frequência bruta à pré-escola - Edição 2013-edição 2013";"Não oculta";"Intranet";3650;1;0;NA;NA;"13T";"Intranet";"Social"
"9615";"13P_FORMAL";NA;NA;"Ativa";"IPEA";"IDHm2010";"Grau de formalização dos ocupados - 18 anos ou mais-ed 2013";"Grau de formalização do trabalho das pessoas ocupadas - Edição 2013-edição 2013";"Não oculta";"Intranet";3650;1;0;NA;NA;"13P";"Intranet";"Social"
"9616";"13P_FUND";NA;NA;"Ativa";"IPEA";"IDHm2010";"% dos ocupados com fundamental completo - 18 anos ou mais-ed 2013";"Percentual dos ocupados com fundamental completo - Edição 2013-edição 2013";"Não oculta";"Intranet";3650;1;0;NA;NA;"13P";"Intranet";"Social"
"9617";"13MULH0A4";NA;NA;"Ativa";"IPEA";"IDHm2010";"População feminina de 0 a 4 anos-ed 2013";"População feminina de 0 a 4 anos de idade - Edição 2013-edição 2013";"Não oculta";"Intranet";3650;1;0;NA;NA;"13MULH0A4";"Intranet";"Social"
"9618";"13P_SIUP";NA;NA;"Ativa";"IPEA";"IDHm2010";"% dos ocupados no SIUP - 18 anos ou mais-ed 2013";"Percentual dos ocupados nos setores de serviços industriais de utilidade pública - Edição 2013-edição 2013";"Não oculta";"Intranet";3650;1;0;NA;NA;"13P";"Intranet";"Social"
"9619";"13P_SUPER";NA;NA;"Ativa";"IPEA";"IDHm2010";"% dos ocupados com superior completo - 18 anos ou mais-ed 2013";"Percentual dos ocupados com superior completo - Edição 2013-edição 2013";"Não oculta";"Intranet";3650;1;0;NA;NA;"13P";"Intranet";"Social"
"9620";"13P_TRANSF";NA;NA;"Ativa";"IPEA";"IDHm2010";"% dos ocupados na indústria de transformação - 18 anos ou mais-ed 2013";"Percentual dos ocupados na indústria de transformação - Edição 2013-edição 2013";"Não oculta";"Intranet";3650;1;0;NA;NA;"13P";"Intranet";"Social"
"9621";"13PAREDE";NA;NA;"Ativa";"IPEA";"IDHm2010";"% de pessoas em domicílios com paredes inadequadas-ed 2013";"% de pessoas em domicílios com paredes que não sejam de alvenaria ou madeira aparelhada - Edição 2013-edição 2013";"Não oculta";"Intranet";3650;1;0;NA;NA;"13PAREDE";"Intranet";"Social"
"9622";"13PMPOBCRI";NA;NA;"Ativa";"IPEA";"IDHm2010";"% de crianças pobres-ed 2013";"Proporção de crianças pobres - Edição 2013-edição 2013";"Não oculta";"Intranet";3650;1;0;NA;NA;"13PMPOBCRI";"Intranet";"Social"
"9623";"13PPOBCRI";NA;NA;"Ativa";"IPEA";"IDHm2010";"% de crianças vulneráveis à pobreza-ed 2013";"Proporção de crianças vulneráveis à pobreza - Edição 2013-edição 2013";"Não oculta";"Intranet";3650;1;0;NA;NA;"13PPOBCRI";"Intranet";"Social"
"9624";"13PRENTRAB";NA;NA;"Ativa";"IPEA";"IDHm2010";"% da renda proveniente de rendimentos do trabalho-ed 2013";"Percentual da renda proveniente de rendimentos do trabalho - Edição 2013-edição 2013";"Não oculta";"Intranet";3650;1;0;NA;NA;"13PRENTRAB";"Intranet";"Social"
"9625";"13RDPC1";NA;NA;"Ativa";"IPEA";"IDHm2010";"Renda per capita média do 1º quinto mais pobre-ed 2013";"Renda domiciliar per capita média do quinto mais pobre - Edição 2013-edição 2013";"Não oculta";"Intranet";3650;1;0;NA;NA;"13RDPC1";"Intranet";"Social"
"9626";"13PIA18M";NA;NA;"Ativa";"IPEA";"IDHm2010";"População de 18 anos ou mais-ed 2013";"População de 18 anos ou mais em idade ativa - Edição 2013-edição 2013";"Não oculta";"Intranet";3650;1;0;NA;NA;"13PIA18M";"Intranet";"Social"
"9627";"13R2040";NA;NA;"Ativa";"IPEA";"IDHm2010";"Razão 20% mais ricos / 40% mais pobres-ed 2013";"Razão 20% mais ricos / 40% mais pobres - Edição 2013-edição 2013";"Não oculta";"Intranet";3650;1;0;NA;NA;"13R2040";"Intranet";"Social"
"9628";"13PIA1014";NA;NA;"Ativa";"IPEA";"IDHm2010";"População de 10 a 14 anos-ed 2013";"População de 10  a 14 anos de idade - Edição 2013-edição 2013";"Não oculta";"Intranet";3650;1;0;NA;NA;"13PIA1014";"Intranet";"Social"
"9629";"13POP";NA;NA;"Ativa";"IPEA";"IDHm2010";"População total em domicílios particulares permanentes-ed 2013";"População total que reside em domicílios particulares permanentes - Edição 2013-edição 2013";"Não oculta";"Intranet";3650;1;0;NA;NA;"13POP";"Intranet";"Social"
"9630";"13PIA1517";NA;NA;"Ativa";"IPEA";"IDHm2010";"População de 15 a 17 anos-ed 2013";"População em idade ativa 15 a 17 anos - Edição 2013-edição 2013";"Não oculta";"Intranet";3650;1;0;NA;NA;"13PIA1517";"Intranet";"Social"
"9631";"13PESO1";NA;NA;"Ativa";"IPEA";"IDHm2010";"População de até 1 ano-ed 2013";"População de até 1 ano de idade - Edição 2013-edição 2013";"Não oculta";"Intranet";3650;1;0;NA;NA;"13PESO1";"Intranet";"Social"
"9632";"13RPOB";NA;NA;"Ativa";"IPEA";"IDHm2010";"Renda per capita média dos vulneráveis à pobreza-ed 2013";"Renda domiciliar per capita média dos vulneraveis à pobreza - Edição 2013-edição 2013";"Não oculta";"Intranet";3650;1;0;NA;NA;"13RPOB";"Intranet";"Social"
"9633";"13T_FUNDIN_TODOS";NA;NA;"Ativa";"IPEA";"IDHm2010";"% de pessoas em domicílios em que ninguém tem fundamental completo-ed 2013";"% pessoas que vivem em domicílios em que nenhum morador tem o ensino fundamental completo. - Edição 2013-edição 2013";"Não oculta";"Intranet";3650;1;0;NA;NA;"13T";"Intranet";"Social"
"9634";"13T_FUNDIN18MINF";NA;NA;"Ativa";"IPEA";"IDHm2010";"% de pessoas de 18 anos ou mais sem fundamental completo e em ocupação informal-ed 2013";"% de pessoas de 18 anos ou mais sem fundamental completo e em ocupação informal - Edição 2013-edição 2013";"Não oculta";"Intranet";3650;1;0;NA;NA;"13T";"Intranet";"Social"
"9635";"13T_FUND16A18";NA;NA;"Ativa";"IPEA";"IDHm2010";"% de 16 a 18 anos com fundamental completo-ed 2013";"Percentual da população de 16 a 18 anos de idade com o ensino fundamental completo - Edição 2013-edição 2013";"Não oculta";"Intranet";3650;1;0;NA;NA;"13T";"Intranet";"Social"
"9636";"13T_RMAXIDOSO";NA;NA;"Ativa";"IPEA";"IDHm2010";"% de pessoas em domicílios vulneráveis à pobreza e dependentes de idosos-ed 2013";"% de pessoas em domicílios vulneráveis à pobreza e dependentes de idosos - Edição 2013-edição 2013";"Não oculta";"Intranet";3650;1;0;NA;NA;"13T";"Intranet";"Social"
"9637";"13T_SLUZ";NA;NA;"Ativa";"IPEA";"IDHm2010";"% de pessoas em domicílios sem energia elétrica-ed 2013";"% de pessoas em domicílios sem energia elétrica - Edição 2013-edição 2013";"Não oculta";"Intranet";3650;1;0;NA;NA;"13T";"Intranet";"Social"
"9638";"13THEILtrab";NA;NA;"Ativa";"IPEA";"IDHm2010";"Índice de Theil-L dos rendimentos do trabalho - 18 anos ou mais-ed 2013";"Índice de Theil-L dos rendimentos do trabalho - Edição 2013-edição 2013";"Não oculta";"Intranet";3650;1;0;NA;NA;"13THEILtrab";"Intranet";"Social"
"9639";"13TRABCC";NA;NA;"Ativa";"IPEA";"IDHm2010";"% de empregados com carteira - 18 anos ou mais-ed 2013";"Percentual de ocupados de 18 anos ou mais que são empregados com carteira  - Edição 2013-edição 2013";"Não oculta";"Intranet";3650;1;0;NA;NA;"13TRABCC";"Intranet";"Social"
"9640";"13TRABPUB";NA;NA;"Ativa";"IPEA";"IDHm2010";"% de trabalhadores do setor público - 18 anos ou mais-ed 2013";"Percentual de ocupados de 18 anos ou mais que são trabalhadores do setor público. - Edição 2013-edição 2013";"Não oculta";"Intranet";3650;1;0;NA;NA;"13TRABPUB";"Intranet";"Social"
"9641";"13IDHM_R";NA;NA;"Ativa";"IPEA";"IDHm2010";"Índice de Desenvolvimento Humano Municipal - Dimensão Renda-ed 2013";"Índice de Desenvolvimento Humano Municipal - Dimensão Renda - Edição 2013-edição 2013";"Não oculta";"Intranet";3650;1;0;NA;NA;"13IDHM";"Intranet";"Social"
"9642";"13T_SUPER25M";NA;NA;"Ativa";"IPEA";"IDHm2010";"% de 25 anos ou mais com superior completo-ed 2013";"Percentual da população de 25 anos ou mais com superior completo - Edição 2013-edição 2013";"Não oculta";"Intranet";3650;1;0;NA;NA;"13T";"Intranet";"Social"
"9643";"13THEIL";NA;NA;"Ativa";"IPEA";"IDHm2010";"Índice de Theil - L-ed 2013";"Índice de Theil - L - Edição 2013-edição 2013";"Não oculta";"Intranet";3650;1;0;NA;NA;"13THEIL";"Intranet";"Social"
"9644";"EDEMCE";NA;NA;"Ativa";"TSE";"Deputado Estadual";"Total de deputados estaduais eleitos do DEM";"Total de deputados estaduais eleitos do DEM";"Não oculta";"Internet";NA;0;NA;NA;NA;"EDEMCE";"Internet";"Regional"
"9645";"EPCBCE";NA;NA;"Ativa";"TSE";"Deputado Estadual";"Total de deputados estaduais eleitos do PCB";"Total de deputados estaduais eleitos do PCB";"Não oculta";"Internet";NA;0;NA;NA;NA;"EPCBCE";"Internet";"Regional"
"9646";"EPCNCE";NA;NA;"Ativa";"TSE";"Deputado Estadual";"Total de deputados estaduais eleitos do PCN";"Total de deputados estaduais eleitos do PCN";"Não oculta";"Internet";NA;0;NA;NA;NA;"EPCNCE";"Internet";"Regional"
"9647";"EPCOCE";NA;NA;"Ativa";"TSE";"Deputado Estadual";"Total de deputados estaduais eleitos do PCO";"Total de deputados estaduais eleitos do PCO";"Oculta";"Internet";NA;0;NA;NA;NA;"EPCOCE";"Oculta";"Regional"
"9648";"EPDCCE";NA;NA;"Ativa";"TSE";"Deputado Estadual";"Total de deputados estaduais eleitos do PDC";"Total de deputados estaduais eleitos do PDC";"Não oculta";"Internet";NA;0;NA;NA;NA;"EPDCCE";"Internet";"Regional"
"9649";"EPDSCADE";NA;NA;"Ativa";"TSE";"Deputado Estadual";"Total de deputados estaduais eleitos do PDS";"Total de deputados estaduais eleitos do PDS";"Não oculta";"Internet";NA;0;NA;NA;NA;"EPDSCADE";"Internet";"Regional"
"9650";"EPNTCE";NA;NA;"Ativa";"TSE";"Deputado Estadual";"Total de deputados estaduais eleitos do PNT";"Total de deputados estaduais eleitos do PNT";"Não oculta";"Internet";NA;0;NA;NA;NA;"EPNTCE";"Internet";"Regional"
"9651";"EPRCE";NA;NA;"Ativa";"TSE";"Deputado Estadual";"Total de deputados estaduais eleitos do PR";"Total de deputados estaduais eleitos do PR";"Não oculta";"Internet";NA;0;NA;NA;NA;"EPRCE";"Internet";"Regional"
"9652";"EPRBCE";NA;NA;"Ativa";"TSE";"Deputado Estadual";"Total de deputados estaduais eleitos do PRB";"Total de deputados estaduais eleitos do PRB";"Não oculta";"Internet";NA;0;NA;NA;NA;"EPRBCE";"Internet";"Regional"
"9653";"EPRSCE";NA;NA;"Ativa";"TSE";"Deputado Estadual";"Total de deputados estaduais eleitos do PRS";"Total de deputados estaduais eleitos do PRS";"Não oculta";"Internet";NA;0;NA;NA;NA;"EPRSCE";"Internet";"Regional"
"9654";"EPSOLCE";NA;NA;"Ativa";"TSE";"Deputado Estadual";"Total de deputados estaduais eleitos do PSOL";"Total de deputados estaduais eleitos do PSOL";"Não oculta";"Internet";NA;0;NA;NA;NA;"EPSOLCE";"Internet";"Regional"
"9655";"EPSTUCE";NA;NA;"Ativa";"TSE";"Deputado Estadual";"Total de deputados estaduais eleitos do PSTU";"Total de deputados estaduais eleitos do PSTU";"Oculta";"Internet";NA;0;NA;NA;NA;"EPSTUCE";"Oculta";"Regional"
"9656";"EPTRCE";NA;NA;"Ativa";"TSE";"Deputado Estadual";"Total de deputados estaduais eleitos do PTR";"Total de deputados estaduais eleitos do PTR";"Não oculta";"Internet";NA;0;NA;NA;NA;"EPTRCE";"Internet";"Regional"
"9657";"DDEMCE";NA;NA;"Ativa";"TSE";"Deputado Federal";"Total de deputados federais eleitos do DEM";"Total de deputados federais eleitos do DEM";"Não oculta";"Internet";NA;0;NA;NA;NA;"DDEMCE";"Internet";"Regional"
"9658";"DPANCE";NA;NA;"Ativa";"TSE";"Deputado Federal";"Total de deputados federais eleitos do PAN";"Total de deputados federais eleitos do PAN";"Oculta";"Internet";NA;0;NA;NA;NA;"DPANCE";"Oculta";"Regional"
"9659";"DPCBCE";NA;NA;"Ativa";"TSE";"Deputado Federal";"Total de deputados federais eleitos do PCB";"Total de deputados federais eleitos do PCB";"Não oculta";"Internet";NA;0;NA;NA;NA;"DPCBCE";"Internet";"Regional"
"9660";"DPCOCE";NA;NA;"Ativa";"TSE";"Deputado Federal";"Total de deputados federais eleitos do PCO";"Total de deputados federais eleitos do PCO";"Oculta";"Internet";NA;0;NA;NA;NA;"DPCOCE";"Oculta";"Regional"
"9661";"DPDCCE";NA;NA;"Ativa";"TSE";"Deputado Federal";"Total de deputados federais eleitos do PDC";"Total de deputados federais eleitos do PDC";"Não oculta";"Internet";NA;0;NA;NA;NA;"DPDCCE";"Internet";"Regional"
"9662";"DPDSCADE";NA;NA;"Ativa";"TSE";"Deputado Federal";"Total de deputados federais eleitos do PDS";"Total de deputados federais eleitos do PDS";"Não oculta";"Internet";NA;0;NA;NA;NA;"DPDSCADE";"Internet";"Regional"
"9663";"DPHSCE";NA;NA;"Ativa";"TSE";"Deputado Federal";"Total de deputados federais eleitos do PHS";"Total de deputados federais eleitos do PHS";"Não oculta";"Internet";NA;0;NA;NA;NA;"DPHSCE";"Internet";"Regional"
"9664";"DPRCE";NA;NA;"Ativa";"TSE";"Deputado Federal";"Total de deputados federais eleitos do PR";"Total de deputados federais eleitos do PR";"Não oculta";"Internet";NA;0;NA;NA;NA;"DPRCE";"Internet";"Regional"
"9665";"DPRBCE";NA;NA;"Ativa";"TSE";"Deputado Federal";"Total de deputados federais eleitos do PRB";"Total de deputados federais eleitos do PRB";"Não oculta";"Internet";NA;0;NA;NA;NA;"DPRBCE";"Internet";"Regional"
"9666";"DPRPCE";NA;NA;"Ativa";"TSE";"Deputado Federal";"Total de deputados federais eleitos do PRP";"Total de deputados federais eleitos do PRP";"Não oculta";"Internet";NA;0;NA;NA;NA;"DPRPCE";"Internet";"Regional"
"9667";"DPRSCE";NA;NA;"Ativa";"TSE";"Deputado Federal";"Total de deputados federais eleitos do PRS";"Total de deputados federais eleitos do PRS";"Não oculta";"Internet";NA;0;NA;NA;NA;"DPRSCE";"Internet";"Regional"
"9668";"DPRTBCE";NA;NA;"Ativa";"TSE";"Deputado Federal";"Total de deputados federais eleitos do PRTB";"Total de deputados federais eleitos do PRTB";"Não oculta";"Internet";NA;0;NA;NA;NA;"DPRTBCE";"Internet";"Regional"
"9669";"DPSOLCE";NA;NA;"Ativa";"TSE";"Deputado Federal";"Total de deputados federais eleitos do PSOL";"Total de deputados federais eleitos do PSOL";"Não oculta";"Internet";NA;0;NA;NA;NA;"DPSOLCE";"Internet";"Regional"
"9670";"DPSTUCE";NA;NA;"Ativa";"TSE";"Deputado Federal";"Total de deputados federais eleitos do PSTU";"Total de deputados federais eleitos do PSTU";"Oculta";"Internet";NA;0;NA;NA;NA;"DPSTUCE";"Oculta";"Regional"
"9671";"DPTDOBCE";NA;NA;"Ativa";"TSE";"Deputado Federal";"Total de deputados federais eleitos do PT do B";"Total de deputados federais eleitos do PT do B";"Não oculta";"Internet";NA;0;NA;NA;NA;"DPTDOBCE";"Internet";"Regional"
"9672";"DPTCCE";NA;NA;"Ativa";"TSE";"Deputado Federal";"Total de deputados federais eleitos do PTC";"Total de deputados federais eleitos do PTC";"Não oculta";"Internet";NA;0;NA;NA;NA;"DPTCCE";"Internet";"Regional"
"9673";"DPTNCE";NA;NA;"Ativa";"TSE";"Deputado Federal";"Total de deputados federais eleitos do PTN";"Total de deputados federais eleitos do PTN";"Não oculta";"Internet";NA;0;NA;NA;NA;"DPTNCE";"Internet";"Regional"
"9674";"DPTRCE";NA;NA;"Ativa";"TSE";"Deputado Federal";"Total de deputados federais eleitos do PTR";"Total de deputados federais eleitos do PTR";"Não oculta";"Internet";NA;0;NA;NA;NA;"DPTRCE";"Internet";"Regional"
"9675";"SDEMCE";NA;NA;"Ativa";"TSE";"Senador";"Total de senadores eleitos do DEM";"Total de senadores eleitos do DEM";"Não oculta";"Internet";NA;0;NA;NA;NA;"SDEMCE";"Internet";"Regional"
"9676";"SPCDOBCE";NA;NA;"Ativa";"TSE";"Senador";"Total de senadores eleitos do PC do B";"Total de senadores eleitos do PC do B";"Oculta";"Internet";NA;0;NA;NA;NA;"SPCDOBCE";"Oculta";"Regional"
"9677";"SPCBCE";NA;NA;"Ativa";"TSE";"Senador";"Total de senadores eleitos do PCB";"Total de senadores eleitos do PCB";"Oculta";"Internet";NA;0;NA;NA;NA;"SPCBCE";"Oculta";"Regional"
"9678";"SPCOCE";NA;NA;"Ativa";"TSE";"Senador";"Total de senadores eleitos do PCO";"Total de senadores eleitos do PCO";"Oculta";"Internet";NA;0;NA;NA;NA;"SPCOCE";"Oculta";"Regional"
"9679";"SPDCCE";NA;NA;"Ativa";"TSE";"Senador";"Total de senadores eleitos do PDC";"Total de senadores eleitos do PDC";"Não oculta";"Internet";NA;0;NA;NA;NA;"SPDCCE";"Internet";"Regional"
"9680";"SPDSCADE";NA;NA;"Ativa";"TSE";"Senador";"Total de senadores eleitos do PDS";"Total de senadores eleitos do PDS";"Não oculta";"Internet";NA;0;NA;NA;NA;"SPDSCADE";"Internet";"Regional"
"9681";"SPHSCE";NA;NA;"Ativa";"TSE";"Senador";"Total de senadores eleitos do PHS";"Total de senadores eleitos do PHS";"Oculta";"Internet";NA;0;NA;NA;NA;"SPHSCE";"Oculta";"Regional"
"9682";"SPMNCE";NA;NA;"Ativa";"TSE";"Senador";"Total de senadores eleitos do PMN";"Total de senadores eleitos do PMN";"Não oculta";"Internet";NA;0;NA;NA;NA;"SPMNCE";"Internet";"Regional"
"9683";"SPRCE";NA;NA;"Ativa";"TSE";"Senador";"Total de senadores eleitos do PR";"Total de senadores eleitos do PR";"Não oculta";"Internet";NA;0;NA;NA;NA;"SPRCE";"Internet";"Regional"
"9684";"SPRBCE";NA;NA;"Ativa";"TSE";"Senador";"Total de senadores eleitos do PRB";"Total de senadores eleitos do PRB";"Oculta";"Internet";NA;0;NA;NA;NA;"SPRBCE";"Oculta";"Regional"
"9685";"SPRNCE";NA;NA;"Ativa";"TSE";"Senador";"Total de senadores eleitos do PRN";"Total de senadores eleitos do PRN";"Não oculta";"Internet";NA;0;NA;NA;NA;"SPRNCE";"Internet";"Regional"
"9686";"SPRPCE";NA;NA;"Ativa";"TSE";"Senador";"Total de Senadores eleitos do PRP";"Total de Senadores eleitos do PRP";"Oculta";"Internet";NA;0;NA;NA;NA;"SPRPCE";"Oculta";"Regional"
"9687";"SPRTBCE";NA;NA;"Ativa";"TSE";"Senador";"Total de senadores eleitos do PRTB";"Total de senadores eleitos do PRTB";"Oculta";"Internet";NA;0;NA;NA;NA;"SPRTBCE";"Oculta";"Regional"
"9688";"SPSCCE";NA;NA;"Ativa";"TSE";"Senador";"Total de senadores eleitos do PSC";"Total de senadores eleitos do PSC";"Oculta";"Internet";NA;0;NA;NA;NA;"SPSCCE";"Oculta";"Regional"
"9689";"SPSDCCE";NA;NA;"Ativa";"TSE";"Senador";"Total de senadores eleitos do PSDC";"Total de senadores eleitos do PSDC";"Oculta";"Internet";NA;0;NA;NA;NA;"SPSDCCE";"Oculta";"Regional"
"9690";"SPSLCE";NA;NA;"Ativa";"TSE";"Senador";"Total de senadores eleitos do PSL";"Total de senadores eleitos do PSL";"Oculta";"Internet";NA;0;NA;NA;NA;"SPSLCE";"Oculta";"Regional"
"9691";"SPSOLCE";NA;NA;"Ativa";"TSE";"Senador";"Total de senadores eleitos do PSOL";"Total de senadores eleitos do PSOL";"Oculta";"Internet";NA;0;NA;NA;NA;"SPSOLCE";"Oculta";"Regional"
"9692";"SPSTUCE";NA;NA;"Ativa";"TSE";"Senador";"Total de senadores eleitos do PSTU";"Total de senadores eleitos do PSTU";"Oculta";"Internet";NA;0;NA;NA;NA;"SPSTUCE";"Oculta";"Regional"
"9693";"SPTDOBCE";NA;NA;"Ativa";"TSE";"Senador";"Total de senadores eleitos do PT do B";"Total de senadores eleitos do PT do B";"Oculta";"Internet";NA;0;NA;NA;NA;"SPTDOBCE";"Oculta";"Regional"
"9694";"SPTCCE";NA;NA;"Ativa";"TSE";"Senador";"Total de senadores eleitos do PTC";"Total de senadores eleitos do PTC";"Oculta";"Internet";NA;0;NA;NA;NA;"SPTCCE";"Oculta";"Regional"
"9695";"SPTNCE";NA;NA;"Ativa";"TSE";"Senador";"Total de senadores eleitos do PTN";"Total de senadores eleitos do PTN";"Oculta";"Internet";NA;0;NA;NA;NA;"SPTNCE";"Oculta";"Regional"
"9696";"SPTRCE";NA;NA;"Ativa";"TSE";"Senador";"Total de senadores eleitos do PTR";"Total de senadores eleitos do PTR";"Não oculta";"Internet";NA;0;NA;NA;NA;"SPTRCE";"Internet";"Regional"
"9697";"SPVCE";NA;NA;"Ativa";"TSE";"Senador";"Total de senadores eleitos do PV";"Total de senadores eleitos do PV";"Oculta";"Internet";NA;0;NA;NA;NA;"SPVCE";"Oculta";"Regional"
"9698";"EDEM";NA;NA;"Ativa";"TSE";"Deputado Estadual";"Votação do DEM - deputado estadual";"Votação do DEM - deputado estadual";"Não oculta";"Internet";NA;0;NA;NA;NA;"EDEM";"Internet";"Regional"
"9699";"DDEM";NA;NA;"Ativa";"TSE";"Deputado Federal";"Votação do DEM - deputado federal";"Votação do DEM - deputado federal";"Não oculta";"Internet";NA;0;NA;NA;NA;"DDEM";"Internet";"Regional"
"9700";"GDEM";NA;NA;"Ativa";"TSE";"Governador";"Votação do DEM - governador no primeiro turno";"Votação do DEM - governador no primeiro turno";"Não oculta";"Internet";NA;0;NA;NA;NA;"GDEM";"Internet";"Regional"
"9701";"GDEM2";NA;NA;"Ativa";"TSE";"Governador";"Votação do DEM - governador no segundo turno";"Votação do DEM - governador no segundo turno";"Oculta";"Internet";NA;0;NA;NA;NA;"GDEM2";"Oculta";"Regional"
"9702";"PDEM";NA;NA;"Ativa";"TSE";"Presidente";"Votação do DEM - presidente no primeiro turno";"Votação do DEM - presidente no primeiro turno";"Oculta";"Internet";NA;0;NA;NA;NA;"PDEM";"Oculta";"Regional"
"9703";"PDEM2";NA;NA;"Ativa";"TSE";"Presidente";"Votação do DEM - presidente no segundo turno";"Votação do DEM - presidente no segundo turno";"Oculta";"Internet";NA;0;NA;NA;NA;"PDEM2";"Oculta";"Regional"
"9704";"SDEM";NA;NA;"Ativa";"TSE";"Senador";"Votação do DEM - senador";"Votação do DEM - senador";"Não oculta";"Internet";NA;0;NA;NA;NA;"SDEM";"Internet";"Regional"
"9705";"FPAN2";NA;NA;"Ativa";"TSE";"Prefeito";"Votação do PAN  - prefeito no segundo turno";"Votação do PAN - prefeito no segundo turno";"Oculta";"Internet";NA;0;NA;NA;NA;"FPAN2";"Oculta";"Regional"
"9706";"EPAP";NA;NA;"Ativa";"TSE";"Deputado Estadual";"Votação do PAP - deputado estadual";"Votação do PAP - deputado estadual";"Não oculta";"Internet";NA;0;NA;NA;NA;"EPAP";"Internet";"Regional"
"9707";"DPAP";NA;NA;"Ativa";"TSE";"Deputado Federal";"Votação do PAP - deputado federal";"Votação do PAP - deputado federal";"Não oculta";"Internet";NA;0;NA;NA;NA;"DPAP";"Internet";"Regional"
"9708";"EPAS";NA;NA;"Ativa";"TSE";"Deputado Estadual";"Votação do PAS - deputado estadual";"Votação do PAS - deputado estadual";"Não oculta";"Internet";NA;0;NA;NA;NA;"EPAS";"Internet";"Regional"
"9709";"DPAS";NA;NA;"Ativa";"TSE";"Deputado Federal";"Votação do PAS - deputado federal";"Votação do PAS - deputado federal";"Não oculta";"Internet";NA;0;NA;NA;NA;"DPAS";"Internet";"Regional"
"9710";"EPBM";NA;NA;"Ativa";"TSE";"Deputado Estadual";"Votação do PBM - deputado estadual";"Votação do PBM - deputado estadual";"Não oculta";"Internet";NA;0;NA;NA;NA;"EPBM";"Internet";"Regional"
"9711";"DPBM";NA;NA;"Ativa";"TSE";"Deputado Federal";"Votação do PBM - deputado federal";"Votação do PBM - deputado federal";"Não oculta";"Internet";NA;0;NA;NA;NA;"DPBM";"Internet";"Regional"
"9712";"GPCDOB2";NA;NA;"Ativa";"TSE";"Governador";"Votação do PC do B - governador no segundo turno";"Votação do PC do B - governador no segundo turno";"Oculta";"Internet";NA;0;NA;NA;NA;"GPCDOB2";"Oculta";"Regional"
"9713";"PPCDOB";NA;NA;"Ativa";"TSE";"Presidente";"Votação do PC DO B - presidente no primeiro turno";"Votação do PC DO B - presidente no primeiro turno";"Oculta";"Internet";NA;0;NA;NA;NA;"PPCDOB";"Oculta";"Regional"
"9714";"PPCDOB2";NA;NA;"Ativa";"TSE";"Presidente";"Votação do PC DO B - presidente no segundo turno";"Votação do PC DO B - presidente no segundo turno";"Oculta";"Internet";NA;0;NA;NA;NA;"PPCDOB2";"Oculta";"Regional"
"9715";"GPCB2";NA;NA;"Ativa";"TSE";"Governador";"Votação do PCB - governador no segundo turno";"Votação do PCB - governador no segundo turno";"Oculta";"Internet";NA;0;NA;NA;NA;"GPCB2";"Oculta";"Regional"
"9716";"FPCB2";NA;NA;"Ativa";"TSE";"Prefeito";"Votação do PCB - prefeito no segundo turno";"Votação do PCB - prefeito no segundo turno";"Oculta";"Internet";NA;0;NA;NA;NA;"FPCB2";"Oculta";"Regional"
"9717";"PPCB2";NA;NA;"Ativa";"TSE";"Presidente";"Votação do PCB - presidente no segundo turno";"Votação do PCB - presidente no segundo turno";"Oculta";"Internet";NA;0;NA;NA;NA;"PPCB2";"Oculta";"Regional"
"9718";"EPCN";NA;NA;"Ativa";"TSE";"Deputado Estadual";"Votação do PCN - deputado estadual";"Votação do PCN - deputado estadual";"Não oculta";"Internet";NA;0;NA;NA;NA;"EPCN";"Internet";"Regional"
"9719";"DPCN";NA;NA;"Ativa";"TSE";"Deputado Federal";"Votação do PCN - deputado federal";"Votação do PCN - deputado federal";"Não oculta";"Internet";NA;0;NA;NA;NA;"DPCN";"Internet";"Regional"
"9720";"GPCO2";NA;NA;"Ativa";"TSE";"Governador";"Votação do PCO - governador no segundo turno";"Votação do PCO - governador no segundo turno";"Oculta";"Internet";NA;0;NA;NA;NA;"GPCO2";"Oculta";"Regional"
"9721";"FPCO2";NA;NA;"Ativa";"TSE";"Prefeito";"Votação do PCO - prefeito no segundo turno";"Votação do PCO - prefeito no segundo turno";"Oculta";"Internet";NA;0;NA;NA;NA;"FPCO2";"Oculta";"Regional"
"9722";"PPCO2";NA;NA;"Ativa";"TSE";"Presidente";"Votação do PCO - presidente no segundo turno";"Votação do PCO - presidente no segundo turno";"Oculta";"Internet";NA;0;NA;NA;NA;"PPCO2";"Oculta";"Regional"
"9723";"EPD";NA;NA;"Ativa";"TSE";"Deputado Estadual";"Votação do PD - deputado estadual";"Votação do PD - deputado estadual";"Não oculta";"Internet";NA;0;NA;NA;NA;"EPD";"Internet";"Regional"
"9724";"DPD";NA;NA;"Ativa";"TSE";"Deputado Federal";"Votação do PD - deputado federal";"Votação do PD - deputado federal";"Não oculta";"Internet";NA;0;NA;NA;NA;"DPD";"Internet";"Regional"
"9725";"EPDC";NA;NA;"Ativa";"TSE";"Deputado Estadual";"Votação do PDC - deputado estadual";"Votação do PDC - deputado estadual";"Não oculta";"Internet";NA;0;NA;NA;NA;"EPDC";"Internet";"Regional"
"9726";"DPDC";NA;NA;"Ativa";"TSE";"Deputado Federal";"Votação do PDC - deputado federal";"Votação do PDC - deputado federal";"Não oculta";"Internet";NA;0;NA;NA;NA;"DPDC";"Internet";"Regional"
"9727";"GPDC";NA;NA;"Ativa";"TSE";"Governador";"Votação do PDC - governador no primeiro turno";"Votação do PDC - governador no primeiro turno";"Não oculta";"Internet";NA;0;NA;NA;NA;"GPDC";"Internet";"Regional"
"9728";"GPDC2";NA;NA;"Ativa";"TSE";"Governador";"Votação do PDC - governador no segundo turno";"Votação do PDC - governador no segundo turno";"Não oculta";"Internet";NA;0;NA;NA;NA;"GPDC2";"Internet";"Regional"
"9729";"SPDC";NA;NA;"Ativa";"TSE";"Senador";"Votação do PDC - senador";"Votação do PDC - senador";"Não oculta";"Internet";NA;0;NA;NA;NA;"SPDC";"Internet";"Regional"
"9730";"GPDS2";NA;NA;"Ativa";"TSE";"Governador";"Votação do PDS - governador no segundo turno";"Votação do PDS - governador no segundo turno";"Não oculta";"Internet";NA;0;NA;NA;NA;"GPDS2";"Internet";"Regional"
"9731";"PPDT2";NA;NA;"Ativa";"TSE";"Presidente";"Votação do PDT - presidente no segundo turno";"Votação do PDT - presidente no segundo turno";"Oculta";"Internet";NA;0;NA;NA;NA;"PPDT2";"Oculta";"Regional"
"9732";"EPEB";NA;NA;"Ativa";"TSE";"Deputado Estadual";"Votação do PEB - deputado estadual";"Votação do PEB - deputado estadual";"Não oculta";"Internet";NA;0;NA;NA;NA;"EPEB";"Internet";"Regional"
"9733";"DPEB";NA;NA;"Ativa";"TSE";"Deputado Federal";"Votação do PEB - deputado federal";"Votação do PEB - deputado federal";"Não oculta";"Internet";NA;0;NA;NA;NA;"DPEB";"Internet";"Regional"
"9734";"FPGT2";NA;NA;"Ativa";"TSE";"Prefeito";"Votação do PGT - prefeito no segundo turno";"Votação do PGT - prefeito no segundo turno";"Oculta";"Internet";NA;0;NA;NA;NA;"FPGT2";"Oculta";"Regional"
"9735";"GPHS2";NA;NA;"Ativa";"TSE";"Governador";"Votação do PHS - governador no segundo turno";"Votação do PHS - governador no segundo turno";"Oculta";"Internet";NA;0;NA;NA;NA;"GPHS2";"Oculta";"Regional"
"9736";"FPHS2";NA;NA;"Ativa";"TSE";"Prefeito";"Votação do PHS - prefeito no segundo turno";"Votação do PHS - prefeito no segundo turno";"Oculta";"Internet";NA;0;NA;NA;NA;"FPHS2";"Oculta";"Regional"
"9737";"PPHS";NA;NA;"Ativa";"TSE";"Presidente";"Votação do PHS - presidente no primeiro turno";"Votação do PHS - presidente no primeiro turno";"Oculta";"Internet";NA;0;NA;NA;NA;"PPHS";"Oculta";"Regional"
"9738";"PPHS2";NA;NA;"Ativa";"TSE";"Presidente";"Votação do PHS - presidente no segundo turno";"Votação do PHS - presidente no segundo turno";"Oculta";"Internet";NA;0;NA;NA;NA;"PPHS2";"Oculta";"Regional"
"9739";"GPL2";NA;NA;"Ativa";"TSE";"Governador";"Votação do PL - governador no segundo turno";"Votação do PL - governador no segundo turno";"Não oculta";"Internet";NA;0;NA;NA;NA;"GPL2";"Internet";"Regional"
"9740";"EPLH";NA;NA;"Ativa";"TSE";"Deputado Estadual";"Votação do PLH - deputado estadual";"Votação do PLH - deputado estadual";"Não oculta";"Internet";NA;0;NA;NA;NA;"EPLH";"Internet";"Regional"
"9741";"DPLH";NA;NA;"Ativa";"TSE";"Deputado Federal";"Votação do PLH - deputado federal";"Votação do PLH - deputado federal";"Não oculta";"Internet";NA;0;NA;NA;NA;"DPLH";"Internet";"Regional"
"9742";"GPLH";NA;NA;"Ativa";"TSE";"Governador";"Votação do PLH - governador no primeiro turno";"Votação do PLH - governador no primeiro turno";"Não oculta";"Internet";NA;0;NA;NA;NA;"GPLH";"Internet";"Regional"
"9743";"SPLH";NA;NA;"Ativa";"TSE";"Senador";"Votação do PLH - senador";"Votação do PLH - senador";"Não oculta";"Internet";NA;0;NA;NA;NA;"SPLH";"Internet";"Regional"
"9744";"PPMB";NA;NA;"Ativa";"TSE";"Presidente";"Votação do PMB - presidente no primeiro turno";"Votação do PMB - presidente no primeiro turno";"Oculta";"Internet";NA;0;NA;NA;NA;"PPMB";"Oculta";"Regional"
"9745";"PPMDB2";NA;NA;"Ativa";"TSE";"Presidente";"Votação do PMDB - presidente no segundo turno";"Votação do PMDB - presidente no segundo turno";"Oculta";"Internet";NA;0;NA;NA;NA;"PPMDB2";"Oculta";"Regional"
"9746";"FPMN2";NA;NA;"Ativa";"TSE";"Prefeito";"Votação do PMN - prefeito no segundo turno";"Votação do PMN - prefeito no segundo turno";"Oculta";"Internet";NA;0;NA;NA;NA;"FPMN2";"Oculta";"Regional"
"9747";"PPMN2";NA;NA;"Ativa";"TSE";"Presidente";"Votação do PMN - presidente no segundo turno";"Votação do PMN - presidente no segundo turno";"Oculta";"Internet";NA;0;NA;NA;NA;"PPMN2";"Oculta";"Regional"
"9748";"EPNT";NA;NA;"Ativa";"TSE";"Deputado Estadual";"Votação do PNT - deputado estadual";"Votação do PNT - deputado estadual";"Não oculta";"Internet";NA;0;NA;NA;NA;"EPNT";"Internet";"Regional"
"9749";"DPNT";NA;NA;"Ativa";"TSE";"Deputado Federal";"Votação do PNT - deputado federal";"Votação do PNT - deputado federal";"Não oculta";"Internet";NA;0;NA;NA;NA;"DPNT";"Internet";"Regional"
"9750";"PPP2";NA;NA;"Ativa";"TSE";"Presidente";"Votação do PP - presidente no segundo turno";"Votação do PP - presidente no segundo turno";"Oculta";"Internet";NA;0;NA;NA;NA;"PPP2";"Oculta";"Regional"
"9751";"PPPS2";NA;NA;"Ativa";"TSE";"Presidente";"Votação do PPS - presidente no segundo turno";"Votação do PPS - presidente no segundo turno";"Oculta";"Internet";NA;0;NA;NA;NA;"PPPS2";"Oculta";"Regional"
"9752";"EPR";NA;NA;"Ativa";"TSE";"Deputado Estadual";"Votação do PR - deputado estadual";"Votação do PR - deputado estadual";"Não oculta";"Internet";NA;0;NA;NA;NA;"EPR";"Internet";"Regional"
"9753";"DPR";NA;NA;"Ativa";"TSE";"Deputado Federal";"Votação do PR - deputado federal";"Votação do PR - deputado federal";"Não oculta";"Internet";NA;0;NA;NA;NA;"DPR";"Internet";"Regional"
"9754";"GPR";NA;NA;"Ativa";"TSE";"Governador";"Votação do PR - governador no primeiro turno";"Votação do PR - governador no primeiro turno";"Não oculta";"Internet";NA;0;NA;NA;NA;"GPR";"Internet";"Regional"
"9755";"GPR2";NA;NA;"Ativa";"TSE";"Governador";"Votação do PR - governador no segundo turno";"Votação do PR - governador no segundo turno";"Não oculta";"Internet";NA;0;NA;NA;NA;"GPR2";"Internet";"Regional"
"9756";"PPR";NA;NA;"Ativa";"TSE";"Presidente";"Votação do PR - presidente no primeiro turno";"Votação do PR - presidente no primeiro turno";"Oculta";"Internet";NA;0;NA;NA;NA;"PPR";"Oculta";"Regional"
"9757";"PPR2";NA;NA;"Ativa";"TSE";"Presidente";"Votação do PR - presidente no segundo turno";"Votação do PR - presidente no segundo turno";"Oculta";"Internet";NA;0;NA;NA;NA;"PPR2";"Oculta";"Regional"
"9758";"SPR";NA;NA;"Ativa";"TSE";"Senador";"Votação do PR - senador";"Votação do PR - senador";"Não oculta";"Internet";NA;0;NA;NA;NA;"SPR";"Internet";"Regional"
"9759";"GPRB2";NA;NA;"Ativa";"TSE";"Governador";"Votação do PRB - governador no segundo turno";"Votação do PRB - governador no segundo turno";"Não oculta";"Internet";NA;0;NA;NA;NA;"GPRB2";"Internet";"Regional"
"9760";"FPRB2";NA;NA;"Ativa";"TSE";"Prefeito";"Votação do PRB - prefeito no segundo turno";"Votação do PRB - prefeito no segundo turno";"Oculta";"Internet";NA;0;NA;NA;NA;"FPRB2";"Oculta";"Regional"
"9761";"PPRB";NA;NA;"Ativa";"TSE";"Presidente";"Votação do PRB - presidente no primeiro turno";"Votação do PRB - presidente no primeiro turno";"Oculta";"Internet";NA;0;NA;NA;NA;"PPRB";"Oculta";"Regional"
"9762";"PPRB2";NA;NA;"Ativa";"TSE";"Presidente";"Votação do PRB - presidente no segundo turno";"Votação do PRB - presidente no segundo turno";"Oculta";"Internet";NA;0;NA;NA;NA;"PPRB2";"Oculta";"Regional"
"9763";"GPRN2";NA;NA;"Ativa";"TSE";"Governador";"Votação do PRN - governador no segundo turno";"Votação do PRN - governador no segundo turno";"Não oculta";"Internet";NA;0;NA;NA;NA;"GPRN2";"Internet";"Regional"
"9764";"FPRN2";NA;NA;"Ativa";"TSE";"Prefeito";"Votação do PRN - prefeito no segundo turno";"Votação do PRN - prefeito no segundo turno";"Oculta";"Internet";NA;0;NA;NA;NA;"FPRN2";"Oculta";"Regional"
"9765";"FPRONA2";NA;NA;"Ativa";"TSE";"Prefeito";"Votação do PRONA - prefeito no segundo turno";"Votação do PRONA - prefeito no segundo turno";"Oculta";"Internet";NA;0;NA;NA;NA;"FPRONA2";"Oculta";"Regional"
"9766";"GPRP2";NA;NA;"Ativa";"TSE";"Governador";"Votação do PRP - governador no segundo turno";"Votação do PRP - governador no segundo turno";"Oculta";"Internet";NA;0;NA;NA;NA;"GPRP2";"Oculta";"Regional"
"9767";"FPRP2";NA;NA;"Ativa";"TSE";"Prefeito";"Votação do PRP - prefeito no segundo turno";"Votação do PRP - prefeito no segundo turno";"Oculta";"Internet";NA;0;NA;NA;NA;"FPRP2";"Oculta";"Regional"
"9768";"PPRP2";NA;NA;"Ativa";"TSE";"Presidente";"Votação do PRP - presidente no segundo turno";"Votação do PRP - presidente no segundo turno";"Oculta";"Internet";NA;0;NA;NA;NA;"PPRP2";"Oculta";"Regional"
"9769";"EPRS";NA;NA;"Ativa";"TSE";"Deputado Estadual";"Votação do PRS - deputado estadual";"Votação do PRS - deputado estadual";"Não oculta";"Internet";NA;0;NA;NA;NA;"EPRS";"Internet";"Regional"
"9770";"DPRS";NA;NA;"Ativa";"TSE";"Deputado Federal";"Votação do PRS - deputado federal";"Votação do PRS - deputado federal";"Não oculta";"Internet";NA;0;NA;NA;NA;"DPRS";"Internet";"Regional"
"9771";"GPRS";NA;NA;"Ativa";"TSE";"Governador";"Votação do PRS - governador no primeiro turno";"Votação do PRS - governador no primeiro turno";"Não oculta";"Internet";NA;0;NA;NA;NA;"GPRS";"Internet";"Regional"
"9772";"GPRS2";NA;NA;"Ativa";"TSE";"Governador";"Votação do PRS - governador no segundo turno";"Votação do PRS - governador no segundo turno";"Não oculta";"Internet";NA;0;NA;NA;NA;"GPRS2";"Internet";"Regional"
"9773";"GPRTB2";NA;NA;"Ativa";"TSE";"Governador";"Votação do PRTB - governador no segundo turno";"Votação do PRTB - governador no segundo turno";"Oculta";"Internet";NA;0;NA;NA;NA;"GPRTB2";"Oculta";"Regional"
"9774";"FPRTB2";NA;NA;"Ativa";"TSE";"Prefeito";"Votação do PRTB - prefeito no segundo turno";"Votação do PRTB - prefeito no segundo turno";"Oculta";"Internet";NA;0;NA;NA;NA;"FPRTB2";"Oculta";"Regional"
"9775";"PPRTB";NA;NA;"Ativa";"TSE";"Presidente";"Votação do PRTB - presidente no primeiro turno";"Votação do PRTB - presidente no primeiro turno";"Não oculta";"Internet";NA;0;NA;NA;NA;"PPRTB";"Internet";"Regional"
"9776";"PPRTB2";NA;NA;"Ativa";"TSE";"Presidente";"Votação do PRTB - presidente no segundo turno";"Votação do PRTB - presidente no segundo turno";"Oculta";"Internet";NA;0;NA;NA;NA;"PPRTB2";"Oculta";"Regional"
"9777";"EPS";NA;NA;"Ativa";"TSE";"Deputado Estadual";"Votação do PS - deputado estadual";"Votação do PS - deputado estadual";"Não oculta";"Internet";NA;0;NA;NA;NA;"EPS";"Internet";"Regional"
"9778";"DPS";NA;NA;"Ativa";"TSE";"Deputado Federal";"Votação do PS - deputado federal";"Votação do PS - deputado federal";"Não oculta";"Internet";NA;0;NA;NA;NA;"DPS";"Internet";"Regional"
"9779";"PPSB2";NA;NA;"Ativa";"TSE";"Presidente";"Votação do PSB - presidente no segundo turno";"Votação do PSB - presidente no segundo turno";"Oculta";"Internet";NA;0;NA;NA;NA;"PPSB2";"Oculta";"Regional"
"9780";"GPSC2";NA;NA;"Ativa";"TSE";"Governador";"Votação do PSC - governador no segundo turno";"Votação do PSC - governador no segundo turno";"Não oculta";"Internet";NA;0;NA;NA;NA;"GPSC2";"Internet";"Regional"
"9781";"PPSC2";NA;NA;"Ativa";"TSE";"Presidente";"Votação do PSC - presidente no segundo turno";"Votação do PSC - presidente no segundo turno";"Oculta";"Internet";NA;0;NA;NA;NA;"PPSC2";"Oculta";"Regional"
"9782";"GPSDC2";NA;NA;"Ativa";"TSE";"Governador";"Votação do PSDC - governador no segundo turno";"Votação do PSDC - governador no segundo turno";"Oculta";"Internet";NA;0;NA;NA;NA;"GPSDC2";"Oculta";"Regional"
"9783";"PPSDC2";NA;NA;"Ativa";"TSE";"Presidente";"Votação do PSDC - presidente no segundo turno";"Votação do PSDC - presidente no segundo turno";"Oculta";"Internet";NA;0;NA;NA;NA;"PPSDC2";"Oculta";"Regional"
"9784";"PPSL2";NA;NA;"Ativa";"TSE";"Presidente";"Votação do PSL - presidente no segundo turno";"Votação do PSL - presidente no segundo turno";"Oculta";"Internet";NA;0;NA;NA;NA;"PPSL2";"Oculta";"Regional"
"9785";"FPSN2";NA;NA;"Ativa";"TSE";"Prefeito";"Votação do PSN - prefeito no segundo turno";"Votação do PSN - prefeito no segundo turno";"Oculta";"Internet";NA;0;NA;NA;NA;"FPSN2";"Oculta";"Regional"
"9786";"GPSOL2";NA;NA;"Ativa";"TSE";"Governador";"Votação do PSOL - governador no segundo turno";"Votação do PSOL - governador no segundo turno";"Oculta";"Internet";NA;0;NA;NA;NA;"GPSOL2";"Oculta";"Regional"
"9787";"FPSOL2";NA;NA;"Ativa";"TSE";"Prefeito";"Votação do PSOL - prefeito no segundo turno";"Votação do PSOL - prefeito no segundo turno";"Oculta";"Internet";NA;0;NA;NA;NA;"FPSOL2";"Oculta";"Regional"
"9788";"PPSOL2";NA;NA;"Ativa";"TSE";"Presidente";"Votação do PSOL - presidente no segundo turno";"Votação do PSOL - presidente no segundo turno";"Oculta";"Internet";NA;0;NA;NA;NA;"PPSOL2";"Oculta";"Regional"
"9789";"GPST2";NA;NA;"Ativa";"TSE";"Governador";"Votação do PST - governador no segundo turno";"Votação do PST - governador no segundo turno";"Não oculta";"Internet";NA;0;NA;NA;NA;"GPST2";"Internet";"Regional"
"9790";"FPST2";NA;NA;"Ativa";"TSE";"Prefeito";"Votação do PST - prefeito no segundo turno";"Votação do PST - prefeito no segundo turno";"Oculta";"Internet";NA;0;NA;NA;NA;"FPST2";"Oculta";"Regional"
"9791";"GPSTU2";NA;NA;"Ativa";"TSE";"Governador";"Votação do PSTU - governador no segundo turno";"Votação do PSTU - governador no segundo turno";"Oculta";"Internet";NA;0;NA;NA;NA;"GPSTU2";"Oculta";"Regional"
"9792";"FPSTU2";NA;NA;"Ativa";"TSE";"Prefeito";"Votação do PSTU - prefeito no segundo turno";"Votação do PSTU - prefeito no segundo turno";"Oculta";"Internet";NA;0;NA;NA;NA;"FPSTU2";"Oculta";"Regional"
"9793";"PPSTU2";NA;NA;"Ativa";"TSE";"Presidente";"Votação do PSTU - presidente no segundo turno";"Votação do PSTU - presidente no segundo turno";"Oculta";"Internet";NA;0;NA;NA;NA;"PPSTU2";"Oculta";"Regional"
"9794";"EPSU";NA;NA;"Ativa";"TSE";"Deputado Estadual";"Votação do PSU - deputado estadual";"Votação do PSU - deputado estadual";"Não oculta";"Internet";NA;0;NA;NA;NA;"EPSU";"Internet";"Regional"
"9795";"DPSU";NA;NA;"Ativa";"TSE";"Deputado Federal";"Votação do PSU - deputado federal";"Votação do PSU - deputado federal";"Não oculta";"Internet";NA;0;NA;NA;NA;"DPSU";"Internet";"Regional"
"9796";"GPTDOB2";NA;NA;"Ativa";"TSE";"Governador";"Votação do PT do B - governador no segundo turno";"Votação do PT do B - governador no segundo turno";"Oculta";"Internet";NA;0;NA;NA;NA;"GPTDOB2";"Oculta";"Regional"
"9797";"FPTDOB2";NA;NA;"Ativa";"TSE";"Prefeito";"Votação do PT do B - prefeito no segundo turno";"Votação do PT do B - prefeito no segundo turno";"Oculta";"Internet";NA;0;NA;NA;NA;"FPTDOB2";"Oculta";"Regional"
"9798";"PPTDOB2";NA;NA;"Ativa";"TSE";"Presidente";"Votação do PT do B - presidente no segundo turno";"Votação do PT do B - presidente no segundo turno";"Oculta";"Internet";NA;0;NA;NA;NA;"PPTDOB2";"Oculta";"Regional"
"9799";"PPTB2";NA;NA;"Ativa";"TSE";"Presidente";"Votação do PTB - presidente no segundo turno";"Votação do PTB - presidente no segundo turno";"Oculta";"Internet";NA;0;NA;NA;NA;"PPTB2";"Oculta";"Regional"
"9800";"GPTC2";NA;NA;"Ativa";"TSE";"Governador";"Votação do PTC - governador no segundo turno";"Votação do PTC - governador no segundo turno";"Oculta";"Internet";NA;0;NA;NA;NA;"GPTC2";"Oculta";"Regional"
"9801";"FPTC2";NA;NA;"Ativa";"TSE";"Prefeito";"Votação do PTC - prefeito no segundo turno";"Votação do PTC - prefeito no segundo turno";"Oculta";"Internet";NA;0;NA;NA;NA;"FPTC2";"Oculta";"Regional"
"9802";"PPTC";NA;NA;"Ativa";"TSE";"Presidente";"Votação do PTC - presidente no primeiro turno";"Votação do PTC - presidente no primeiro turno";"Oculta";"Internet";NA;0;NA;NA;NA;"PPTC";"Oculta";"Regional"
"9803";"PPTC2";NA;NA;"Ativa";"TSE";"Presidente";"Votação do PTC - presidente no segundo turno";"Votação do PTC - presidente no segundo turno";"Oculta";"Internet";NA;0;NA;NA;NA;"PPTC2";"Oculta";"Regional"
"9804";"GPTN2";NA;NA;"Ativa";"TSE";"Governador";"Votação do PTN - governador no segundo turno";"Votação do PTN - governador no segundo turno";"Oculta";"Internet";NA;0;NA;NA;NA;"GPTN2";"Oculta";"Regional"
"9805";"FPTN2";NA;NA;"Ativa";"TSE";"Prefeito";"Votação do PTN - prefeito no segundo turno";"Votação do PTN - prefeito no segundo turno";"Oculta";"Internet";NA;0;NA;NA;NA;"FPTN2";"Oculta";"Regional"
"9806";"EPTR";NA;NA;"Ativa";"TSE";"Deputado Estadual";"Votação do PTR - deputado estadual";"Votação do PTR - deputado estadual";"Não oculta";"Internet";NA;0;NA;NA;NA;"EPTR";"Internet";"Regional"
"9807";"DPTR";NA;NA;"Ativa";"TSE";"Deputado Federal";"Votação do PTR - deputado federal";"Votação do PTR - deputado federal";"Não oculta";"Internet";NA;0;NA;NA;NA;"DPTR";"Internet";"Regional"
"9808";"GPTR";NA;NA;"Ativa";"TSE";"Governador";"Votação do PTR - governador no primeiro turno";"Votação do PTR - governador no primeiro turno";"Não oculta";"Internet";NA;0;NA;NA;NA;"GPTR";"Internet";"Regional"
"9809";"SPTR";NA;NA;"Ativa";"TSE";"Senador";"Votação do PTR - senador";"Votação do PTR - senador";"Não oculta";"Internet";NA;0;NA;NA;NA;"SPTR";"Internet";"Regional"
"9810";"GPV2";NA;NA;"Ativa";"TSE";"Governador";"Votação do PV - governador no segundo turno";"Votação do PV - governador no segundo turno";"Oculta";"Internet";NA;0;NA;NA;NA;"GPV2";"Oculta";"Regional"
"9811";"PPV2";NA;NA;"Ativa";"TSE";"Presidente";"Votação do PV - presidente no segundo turno";"Votação do PV - presidente no segundo turno";"Oculta";"Internet";NA;0;NA;NA;NA;"PPV2";"Oculta";"Regional"
"9812";"SECEX366_FILE";NA;NA;"Inativa";"MDIC/SECEX";"Comércio exterior";"Exportações - média semanal";"Exportações - média semanal";"Oculta";"Internet";7;0;0;"Incluída em 17/fev/2003 .";NA;"SECEX366";"Oculta";"Macro"
"9813";"PIMPFN12_QIBCDN12";NA;NA;"Ativa";"IBGE/PIM-PF";"Produção";"Produção industrial - bens de consumo duráveis - quantum - índice (média 2012 = 100)";"Produção industrial - bens de consumo duráveis: índice de quantum (média 2012 = 100)";"Não oculta";"Internet";40;0;0;"Incluída em 26/junhol/2014";NA;"PIMPFN12";"Internet";"Macro"
"9814";"PIMPFN12_QIBCDNAS12";NA;NA;"Ativa";"IBGE/PIM-PF";"Produção";"Produção industrial - bens de consumo duráveis - quantum - índice dessaz. (média 2012 = 100)";"Produção industrial - bens de consumo duráveis: índice de quantum dessazonalizado (média 2012 = 100)";"Não oculta";"Internet";40;0;0;"Incluída em 26/junhol/2014";NA;"PIMPFN12";"Internet";"Macro"
"9815";"PIMPFN12_QIBCTN12";NA;NA;"Ativa";"IBGE/PIM-PF";"Produção";"Produção industrial - bens de consumo - quantum - índice (média 2012 = 100)";"Produção industrial - bens de consumo: índice de quantum (média 2012 = 100)";"Não oculta";"Internet";40;0;0;"Incluída em 26/junhol/2014";NA;"PIMPFN12";"Internet";"Macro"
"9816";"PIMPFN12_QIBCTNAS12";NA;NA;"Ativa";"IBGE/PIM-PF";"Produção";"Produção industrial - bens de consumo - quantum - índice dessaz. (média 2012 = 100)";"Produção industrial - bens de consumo: índice de quantum dessazonalizado (média 2012 = 100)";"Não oculta";"Internet";40;0;0;"Incluída em 26/junhol/2014";NA;"PIMPFN12";"Internet";"Macro"
"9817";"PIMPFN12_QIBIN12";NA;NA;"Ativa";"IBGE/PIM-PF";"Produção";"Produção industrial - bens intermediários - quantum - índice (média 2012 = 100)";"Produção industrial - bens intermediários: índice de quantum (média 2012 = 100)";"Não oculta";"Internet";40;0;0;"Incluída em 26/junhol/2014";NA;"PIMPFN12";"Internet";"Macro"
"9818";"PIMPFN12_QIBINAS12";NA;NA;"Ativa";"IBGE/PIM-PF";"Produção";"Produção industrial - bens intermediários - quantum - índice dessaz. (média 2012 = 100)";"Produção industrial - bens intermediários: índice de quantum dessazonalizado (média 2012 = 100)";"Não oculta";"Internet";40;0;0;"Incluída em 26/junhol/2014";NA;"PIMPFN12";"Internet";"Macro"
"9819";"PIMPFN12_QIBKN12";NA;NA;"Ativa";"IBGE/PIM-PF";"Produção";"Produção industrial - bens de capital - quantum - índice (média 2012 = 100)";"Produção industrial - bens de capital: índice de quantum(média 2012 = 100)";"Não oculta";"Internet";40;0;0;"Incluída em 26/junhol/2014";NA;"PIMPFN12";"Internet";"Macro"
"9820";"PIMPFN12_QIBKNAS12";NA;NA;"Ativa";"IBGE/PIM-PF";"Produção";"Produção industrial - bens de capital - quantum - índice dessaz. (média 2012 = 100)";"Produção industrial - bens de capital: índice de quantum dessazonalizado (média 2012 = 100)";"Não oculta";"Internet";40;0;0;"Incluída em 26/junhol/2014";NA;"PIMPFN12";"Internet";"Macro"
"9821";"PIMPFN12_QICNDN12";NA;NA;"Ativa";"IBGE/PIM-PF";"Produção";"Produção industrial - bens de consumo semi e não duráveis - quantum - índice (média 2012 = 100)";"Produção industrial - bens de consumo semiduráveis e não duráveis: índice de quantum (média 2012 = 100)";"Não oculta";"Internet";40;0;0;"Incluída em 26/junhol/2014";NA;"PIMPFN12";"Internet";"Macro"
"9822";"PIMPFN12_QICNDNAS12";NA;NA;"Ativa";"IBGE/PIM-PF";"Produção";"Produção industrial - bens de consumo semi e não duráveis - quantum - índice dessaz(média 2012 =100)";"Produção industrial - bens de consumo semiduráveis e não duráveis: índice de quantum dessazonalizado (média 2012 = 100)";"Não oculta";"Internet";40;0;0;"Incluída em 26/junhol/2014";NA;"PIMPFN12";"Internet";"Macro"
"9823";"PIMPFN12_QIEMN12";NA;NA;"Ativa";"IBGE/PIM-PF";"Produção";"Produção industrial - indústrias extrativas - quantum - índice (média 2012 = 100)";"Produção industrial - indústrias extrativas: índice de quantum (média 2012 = 100)";"Não oculta";"Internet";40;0;0;"Incluída em 26/junhol/2014";NA;"PIMPFN12";"Internet";"Macro"
"9824";"PIMPFN12_QIEMNAS12";NA;NA;"Ativa";"IBGE/PIM-PF";"Produção";"Produção industrial - indústrias extrativas - quantum - índice dessaz. (média 2012 = 100)";"Produção industrial - indústrias extrativas: índice de quantum dessazonalizado (média 2012 = 100)";"Não oculta";"Internet";40;0;0;"Incluída em 26/junhol/2014";NA;"PIMPFN12";"Internet";"Macro"
"9825";"PIMPFN12_QIIGN1012";NA;NA;"Ativa";"IBGE/PIM-PF";"Produção";"Produção industrial - coque, deriv. petróleo e biocombustíveis - quantum - índice (média 2012 = 100)";"Produção industrial - fabricação de coque, de produtos derivados do petróleo e de biocombustíveis (média 2012 = 100)";"Não oculta";"Internet";40;0;0;"Incluída em 26/junhol/2014";NA;"PIMPFN12";"Internet";"Macro"
"9826";"PIMPFN12_QIIGN1312";NA;NA;"Ativa";"IBGE/PIM-PF";"Produção";"Produção industrial - produtos farmoquímicos e farmacêuticos - quantum - índice (média 2012 = 100)";"Produção industrial - fabricação de produtos farmoquímicos e farmacêuticos: índice de quantum (média 2012 = 100)";"Não oculta";"Internet";40;0;0;"Incluída em 26/junhol/2014";NA;"PIMPFN12";"Internet";"Macro"
"9827";"PIMPFN12_QIIGN112";NA;NA;"Ativa";"IBGE/PIM-PF";"Produção";"Produção industrial - produtos alimentícios - quantum - índice (média 2012 = 100)";"Produção industrial - fabricação de produtos alimentícios: índice de quantum (média 2012 = 100)";"Não oculta";"Internet";40;0;0;"Incluída em 26/junhol/2014";NA;"PIMPFN12";"Internet";"Macro"
"9828";"PIMPFN12_QIIGN12";NA;NA;"Ativa";"IBGE/PIM-PF";"Produção";"Produção industrial - indústria geral - quantum - índice (média 2012 = 100)";"Produção industrial - indústria geral: índice de quantum (média 2012 = 100)";"Não oculta";"Internet";40;0;0;"Incluída em 26/junhol/2014";NA;"PIMPFN12";"Internet";"Macro"
"9829";"PIMPFN12_QIIGN1112";NA;NA;"Ativa";"IBGE/PIM-PF";"Produção";"Produção industrial - limpeza, cosméticos, perfumaria e higiene - quantum - índice (média 2012 =100)";"Produção industrial - fabricação de sabões, detergentes, produtos de limpeza, cosméticos, produtos de perfumaria e de higiene pessoal: índice de quantum (média 2012 = 100)";"Não oculta";"Internet";40;0;0;"Incluída em 26/junhol/2014";NA;"PIMPFN12";"Internet";"Macro"
"9830";"PIMPFN12_QIIGN1212";NA;NA;"Ativa";"IBGE/PIM-PF";"Produção";"Produção industrial - outros produtos químicos - quantum - índice (média 2012 = 100)";"Produção industrial - fabricação de outros produtos químicos: índice de quantum (média 2012 = 100)";"Não oculta";"Internet";40;0;0;"Incluída em 26/junhol/2014";NA;"PIMPFN12";"Internet";"Macro"
"9831";"PIMPFN12_QIIGN1412";NA;NA;"Ativa";"IBGE/PIM-PF";"Produção";"Produção industrial - produtos de borracha e material plástico - quantum - índice (média 2012 = 100)";"Produção industrial - fabricação de produtos de borracha e material plástico: índice de quantum (média 2012 = 100)";"Não oculta";"Internet";40;0;0;"Incluída em 26/junhol/2014";NA;"PIMPFN12";"Internet";"Macro"
"9832";"PIMPFN12_QIIGN1512";NA;NA;"Ativa";"IBGE/PIM-PF";"Produção";"Produção industrial - produtos de minerais não-metálicos - quantum - índice (média 2012 = 100)";"Produção industrial - fabricação de produtos de minerais não-metálicos: índice de quantum (média 2012 = 100)";"Não oculta";"Internet";40;0;0;"Incluída em 26/junhol/2014";NA;"PIMPFN12";"Internet";"Macro"
"9833";"PIMPFN12_QIIGN1612";NA;NA;"Ativa";"IBGE/PIM-PF";"Produção";"Produção industrial - metalurgia - quantum - índice (média 2012 = 100)";"Produção industrial - metalurgia: índice de quantum (média 2012 = 100)";"Não oculta";"Internet";40;0;0;"Incluída em 26/junhol/2014";NA;"PIMPFN12";"Internet";"Macro"
"9834";"PIMPFN12_QIIGN1712";NA;NA;"Ativa";"IBGE/PIM-PF";"Produção";"Produção industrial - produtos de metal, exceto máq. e equip. - quantum - índice (média 2012 = 100)";"Produção industrial - fabricação de produtos de metal, exceto máquinas e equipamentos: índice de quantum (média 2012 = 100)";"Não oculta";"Internet";40;0;0;"Incluída em 26/junhol/2014";NA;"PIMPFN12";"Internet";"Macro"
"9835";"PIMPFN12_QIIGN2012";NA;NA;"Ativa";"IBGE/PIM-PF";"Produção";"Produção industrial - máquinas e equipamentos - quantum - índice (média 2012 = 100)";"Produção industrial - fabricação de máquinas e equipamentos: índice de quantum (média 2012 = 100)";"Não oculta";"Internet";40;0;0;"Incluída em 26/junhol/2014";NA;"PIMPFN12";"Internet";"Macro"
"9836";"PIMPFN12_QIIGN1812";NA;NA;"Ativa";"IBGE/PIM-PF";"Produção";"Produção industrial - equip. de info., eletrônicos e ópticos - quantum - índice (média 2012 = 100)";"Produção industrial - fabricação de equipamentos de informática, produtos eletrônicos e ópticos: índice de quantum (média 2012 = 100)";"Não oculta";"Internet";40;0;0;"Incluída em 26/junhol/2014";NA;"PIMPFN12";"Internet";"Macro"
"9837";"PIMPFN12_QIIGN1912";NA;NA;"Ativa";"IBGE/PIM-PF";"Produção";"Produção industrial - máquinas, aparelhos e materiais elétricos - quantum - índice (média 2012 =100)";"Produção industrial - fabricação de máquinas, aparelhos e materiais elétricos: índice de quantum (média 2012 = 100)";"Não oculta";"Internet";40;0;0;"Incluída em 26/junhol/2014";NA;"PIMPFN12";"Internet";"Macro"
"9838";"PIMPFN12_QIIGN212";NA;NA;"Ativa";"IBGE/PIM-PF";"Produção";"Produção industrial - bebidas - quantum - índice (média 2012 = 100)";"Produção industrial - fabricação de bebidas: índice de quantum (média 2012 = 100)";"Não oculta";"Internet";40;0;0;"Incluída em 26/junhol/2014";NA;"PIMPFN12";"Internet";"Macro"
"9839";"PIMPFN12_QIIGN2112";NA;NA;"Ativa";"IBGE/PIM-PF";"Produção";"Produção industrial - veículos auto., reboques e carrocerias - quantum - índice (média 2012 = 100)";"Produção industrial - fabricação de veículos automotores, reboques e carrocerias: índice de quantum (média 2012 = 100)";"Não oculta";"Internet";40;0;0;"Incluída em 26/junhol/2014";NA;"PIMPFN12";"Internet";"Macro"
"9840";"PIMPFN12_QIIGN2212";NA;NA;"Ativa";"IBGE/PIM-PF";"Produção";"Produção industrial - outros equipamentos de transporte - quantum - índice (média 2012 = 100)";"Produção industrial - fabricação de outros equipamentos de transporte, exceto veículos automotores: índice de quantum (média 2012 = 100)";"Não oculta";"Internet";40;0;0;"Incluída em 26/junhol/2014";NA;"PIMPFN12";"Internet";"Macro"
"9841";"PIMPFN12_QIIGN2312";NA;NA;"Ativa";"IBGE/PIM-PF";"Produção";"Produção industrial - móveis - quantum - índice (média 2012 = 100)";"Produção industrial - fabricação de móveis: índice de quantum (média 2012 = 100)";"Não oculta";"Internet";40;0;0;"Incluída em 26/junhol/2014";NA;"PIMPFN12";"Internet";"Macro"
"9842";"PIMPFN12_QIIGN2412";NA;NA;"Ativa";"IBGE/PIM-PF";"Produção";"Produção industrial - produtos diversos - quantum - índice (média 2012 = 100)";"Produção industrial - fabricação de produtos diversos: índice de quantum (média 2012 = 100)";"Não oculta";"Internet";40;0;0;"Incluída em 26/junhol/2014";NA;"PIMPFN12";"Internet";"Macro"
"9843";"PIMPFN12_QIIGN312";NA;NA;"Ativa";"IBGE/PIM-PF";"Produção";"Produção industrial - produtos do fumo - quantum - índice (média 2012 = 100)";"Produção industrial - fabricação de produtos de fumo: índice de quantum (média 2012 = 100)";"Não oculta";"Internet";40;0;0;"Incluída em 26/junhol/2014";NA;"PIMPFN12";"Internet";"Macro"
"9844";"PIMPFN12_QIIGN412";NA;NA;"Ativa";"IBGE/PIM-PF";"Produção";"Produção industrial - produtos têxteis - quantum - índice (média 2012 = 100)";"Produção industrial - fabricação de produtos têxteis: índice de quantum (média 2012 = 100)";"Não oculta";"Internet";40;0;0;"Incluída em 26/junhol/2014";NA;"PIMPFN12";"Internet";"Macro"
"9845";"PIMPFN12_QIIGN512";NA;NA;"Ativa";"IBGE/PIM-PF";"Produção";"Produção industrial - artigos do vestuário e acessórios - quantum - índice (média 2012 = 100)";"Produção industrial - artigos do vestuário e acessórios: índice de quantum (média 2012 = 100)";"Não oculta";"Internet";40;0;0;"Incluída em 26/junhol/2014";NA;"PIMPFN12";"Internet";"Macro"
"9846";"PIMPFN12_QIIGN612";NA;NA;"Ativa";"IBGE/PIM-PF";"Produção";"Produção industrial - couros, artigos para viagem e calçados - quantum - índice (média 2012 = 100)";"Produção industrial - preparação de couros e fabricação de artefatos de couro, artigos para viagem e calçados: índice de quantum (média 2012 = 100)";"Não oculta";"Internet";40;0;0;"Incluída em 26/junhol/2014";NA;"PIMPFN12";"Internet";"Macro"
"9847";"PIMPFN12_QIIGN712";NA;NA;"Ativa";"IBGE/PIM-PF";"Produção";"Produção industrial - produtos de madeira - quantum - índice (média 2012 = 100)";"Produção industrial - fabricação de produtos de madeira: índice de quantum (média 2012 = 100)";"Não oculta";"Internet";40;0;0;"Incluída em 26/junhol/2014";NA;"PIMPFN12";"Internet";"Macro"
"9848";"PIMPFN12_QIIGN812";NA;NA;"Ativa";"IBGE/PIM-PF";"Produção";"Produção industrial - celulose, papel e produtos de papel - quantum - índice (média 2012 = 100)";"Produção industrial - fabricação de celulose, papel e produtos de papel: índice de quantum (média 2012 = 100)";"Não oculta";"Internet";40;0;0;"Incluída em 26/junhol/2014";NA;"PIMPFN12";"Internet";"Macro"
"9849";"PIMPFN12_QIIGN912";NA;NA;"Ativa";"IBGE/PIM-PF";"Produção";"Produção industrial - impressão e reprodução de gravações - quantum - índice (média 2012 = 100)";"Produção industrial - fabricação de impressão e reprodução de gravações: índice de quantum (média 2012 = 100)";"Não oculta";"Internet";40;0;0;"Incluída em 26/junhol/2014";NA;"PIMPFN12";"Internet";"Macro"
"9850";"PIMPFN12_QIIGSNAS12";NA;NA;"Ativa";"IBGE/PIM-PF";"Produção";"Produção industrial - indústria geral - quantum - índice dessaz. (média 2012 = 100)";"Produção industrial - indústria geral: índice de quantum dessazonalizado (média 2012 = 100)";"Não oculta";"Internet";40;0;0;"Incluída em 26/junhol/2014";NA;"PIMPFN12";"Internet";"Macro"
"9851";"PIMPFN12_QIITN12";NA;NA;"Ativa";"IBGE/PIM-PF";"Produção";"Produção industrial - indústrias de transformação - quantum - índice (média 2012 = 100)";"Produção industrial - indústrias de transformação: índice de quantum (média 2012 = 100)";"Não oculta";"Internet";40;0;0;"Incluída em 26/junhol/2014";NA;"PIMPFN12";"Internet";"Macro"
"9852";"PIMPFN12_QIITNAS12";NA;NA;"Ativa";"IBGE/PIM-PF";"Produção";"Produção industrial - indústrias de transformação - quantum - índice dessaz. (média 2012 = 100)";"Produção industrial - indústrias de transformação: índice de quantum dessazonalizado (média 2012 = 100)";"Não oculta";"Internet";40;0;0;"Incluída em 26/junhol/2014";NA;"PIMPFN12";"Internet";"Macro"
"9853";"PIMPFN12_YICCN12";NA;NA;"Ativa";"IBGE/PIM-PF";"Produção";"Produção industrial - insumos típicos da construção civil - quantum - índice (média 2012 = 100)";"Produção industrial - insumos típicos da construção civill - índice de quantum (média 2012 = 100)";"Não oculta";"Internet";40;0;0;"Incluída em 26/junhol/2014";NA;"PIMPFN12";"Internet";"Macro"
"9854";"PIMPFN12_QIIGN2512";NA;NA;"Ativa";"IBGE/PIM-PF";"Produção";"Produção industrial - manut., repar. e instalação de máq. e equip. - quantum - índice (média 2012 =";"Produção industrial - manutenção, reparação e instalação de máquinas e equipamentos - índice de quantum (média 2012 = 100)";"Não oculta";"Internet";40;0;0;"Incluída em 26/junhol/2014";NA;"PIMPFN12";"Internet";"Macro"
"9855";"BM12_CS12";NA;NA;"Ativa";"Bacen/Not. Imp./Moeda";"Moeda e crédito";"Operações de crédito - saldo";"Operações de crédito do sistema financeiro - saldo";"Não oculta";"Internet";30;0;0;"Incluída em 28/mai/2014.";"Independente";"BM12";"Internet";"Macro"
"9856";"BM12_CSPJ12";NA;NA;"Ativa";"Bacen/Not. Imp./Moeda";"Moeda e crédito";"Operações de crédito - saldo - pessoa jurídica";"Operações de crédito do sistema financeiro - saldo - pessoa jurídica";"Não oculta";"Internet";30;0;0;"Incluída em 28/mai/2014.";"Independente";"BM12";"Internet";"Macro"
"9857";"BM12_CSPF12";NA;NA;"Ativa";"Bacen/Not. Imp./Moeda";"Moeda e crédito";"Operações de crédito - saldo - pessoa física";"Operações de crédito do sistema financeiro - saldo - pessoa física";"Não oculta";"Internet";30;0;0;"Incluída em 28/mai/2014.";"Independente";"BM12";"Internet";"Macro"
"9858";"BM12_CRLS12";NA;NA;"Ativa";"Bacen/Not. Imp./Moeda";"Moeda e crédito";"Operações de crédito - recursos livres - saldo";"Operações de crédito do sistema financeiro - recursos livres - saldo";"Não oculta";"Internet";30;0;0;"Incluída em 28/mai/2014.";"Independente";"BM12";"Internet";"Macro"
"9859";"BM12_CRLSPJ12";NA;NA;"Ativa";"Bacen/Not. Imp./Moeda";"Moeda e crédito";"Operações de crédito - recursos livres - saldo - pessoa jurídica";"Operações de crédito do sistema financeiro - recursos livres - saldo - pessoa jurídica";"Não oculta";"Internet";30;0;0;"Incluída em 28/mai/2014.";"Independente";"BM12";"Internet";"Macro"
"9860";"BM12_CRLSPF12";NA;NA;"Ativa";"Bacen/Not. Imp./Moeda";"Moeda e crédito";"Operações de crédito - recursos livres - saldo - pessoa física";"Operações de crédito do sistema financeiro - recursos livres - saldo - pessoa física";"Não oculta";"Internet";30;0;0;"Incluída em 28/mai/2014.";"Independente";"BM12";"Internet";"Macro"
"9861";"BM12_CRDS12";NA;NA;"Ativa";"Bacen/Not. Imp./Moeda";"Moeda e crédito";"Operações de crédito - recursos direcionados - saldo";"Operações de crédito do sistema financeiro - recursos direcionados - saldo";"Não oculta";"Internet";30;0;0;"Incluída em 28/mai/2014.";"Independente";"BM12";"Internet";"Macro"
"9862";"BM12_CRDSPJ12";NA;NA;"Ativa";"Bacen/Not. Imp./Moeda";"Moeda e crédito";"Operações de crédito - recursos direcionados - saldo - pessoa jurídica";"Operações de crédito do sistema financeiro - recursos direcionados - saldo - pessoa jurídica";"Não oculta";"Internet";30;0;0;"Incluída em 28/mai/2014.";"Independente";"BM12";"Internet";"Macro"
"9863";"BM12_CRDSPF12";NA;NA;"Ativa";"Bacen/Not. Imp./Moeda";"Moeda e crédito";"Operações de crédito - recursos direcionados - saldo - pessoa física";"Operações de crédito do sistema financeiro - recursos direcionados - saldo - pessoa física";"Não oculta";"Internet";30;0;0;"Incluída em 28/mai/2014.";"Independente";"BM12";"Internet";"Macro"
"9864";"BM12_CCA12";NA;NA;"Ativa";"Bacen/Not. Imp./Moeda";"Moeda e crédito";"Operações de crédito - concessões acumuladas";"Operações de crédito do sistema financeiro - concessões acumuladas";"Não oculta";"Internet";30;0;0;"Incluída em 28/mai/2014.";"Independente";"BM12";"Internet";"Macro"
"9865";"BM12_CCAPJ12";NA;NA;"Ativa";"Bacen/Not. Imp./Moeda";"Moeda e crédito";"Operações de crédito - concessões acumuladas - pessoa jurídica";"Operações de crédito do sistema financeiro - concessões acumuladas - pessoa jurídica";"Não oculta";"Internet";30;0;0;"Incluída em 28/mai/2014.";"Independente";"BM12";"Internet";"Macro"
"9866";"BM12_CCAPF12";NA;NA;"Ativa";"Bacen/Not. Imp./Moeda";"Moeda e crédito";"Operações de crédito - concessões acumuladas - pessoa física";"Operações de crédito do sistema financeiro - concessões acumuladas - pessoa física";"Não oculta";"Internet";30;0;0;"Incluída em 28/mai/2014.";"Independente";"BM12";"Internet";"Macro"
"9867";"BM12_CRLCA12";NA;NA;"Ativa";"Bacen/Not. Imp./Moeda";"Moeda e crédito";"Operações de crédito - recursos livres - concessões acumuladas";"Operações de crédito do sistema financeiro - recursos livres - concessões acumuladas";"Não oculta";"Internet";30;0;0;"Incluída em 28/mai/2014.";"Independente";"BM12";"Internet";"Macro"
"9868";"BM12_CRLCAPJ12";NA;NA;"Ativa";"Bacen/Not. Imp./Moeda";"Moeda e crédito";"Operações de crédito - recursos livres - concessões acumuladas - pessoa jurídica";"Operações de crédito do sistema financeiro - recursos livres - concessões acumuladas - pessoa jurídica";"Não oculta";"Internet";30;0;0;"Incluída em 28/mai/2014.";"Independente";"BM12";"Internet";"Macro"
"9869";"BM12_CRLCAPF12";NA;NA;"Ativa";"Bacen/Not. Imp./Moeda";"Moeda e crédito";"Operações de crédito - recursos livres - concessões acumuladas - pessoa física";"Operações de crédito do sistema financeiro - recursos livres - concessões acumuladas - pessoa física";"Não oculta";"Internet";30;0;0;"Incluída em 28/mai/2014.";"Independente";"BM12";"Internet";"Macro"
"9870";"BM12_CRDCA12";NA;NA;"Ativa";"Bacen/Not. Imp./Moeda";"Moeda e crédito";"Operações de crédito - recursos direcionados - concessões acumuladas";"Operações de crédito do sistema financeiro - recursos direcionados - concessões acumuladas";"Não oculta";"Internet";30;0;0;"Incluída em 28/mai/2014.";"Independente";"BM12";"Internet";"Macro"
"9871";"BM12_CRDCAPJ12";NA;NA;"Ativa";"Bacen/Not. Imp./Moeda";"Moeda e crédito";"Operações de crédito - recursos direcionados - concessões acumuladas - pessoa jurídica";"Operações de crédito do sistema financeiro - recursos direcionados - concessões acumuladas - pessoa jurídica";"Não oculta";"Internet";30;0;0;"Incluída em 28/mai/2014.";"Independente";"BM12";"Internet";"Macro"
"9872";"BM12_CRDCAPF12";NA;NA;"Ativa";"Bacen/Not. Imp./Moeda";"Moeda e crédito";"Operações de crédito - recursos direcionados - concessões acumuladas - pessoa física";"Operações de crédito do sistema financeiro - recursos direcionados - concessões acumuladas - pessoa física";"Não oculta";"Internet";30;0;0;"Incluída em 28/mai/2014.";"Independente";"BM12";"Internet";"Macro"
"9873";"BM12_CTJ12";NA;NA;"Ativa";"Bacen/Not. Imp./Moeda";"Moeda e crédito";"Operações de crédito - taxa de juros";"Operações de crédito do sistema financeiro - taxa de juros";"Não oculta";"Internet";30;0;0;"Incluída em 28/mai/2014.";"Independente";"BM12";"Internet";"Macro"
"9874";"BM12_CTJPJ12";NA;NA;"Ativa";"Bacen/Not. Imp./Moeda";"Moeda e crédito";"Operações de crédito - taxa de juros - pessoa jurídica";"Operações de crédito do sistema financeiro - taxa de juros - pessoa jurídica";"Não oculta";"Internet";30;0;0;"Incluída em 28/mai/2014.";"Independente";"BM12";"Internet";"Macro"
"9875";"BM12_CTJPF12";NA;NA;"Ativa";"Bacen/Not. Imp./Moeda";"Moeda e crédito";"Operações de crédito - taxa de juros - pessoa física";"Operações de crédito do sistema financeiro - taxa de juros - pessoa física";"Não oculta";"Internet";30;0;0;"Incluída em 28/mai/2014.";"Independente";"BM12";"Internet";"Macro"
"9876";"BM12_CRLTJ12";NA;NA;"Ativa";"Bacen/Not. Imp./Moeda";"Moeda e crédito";"Operações de crédito - recursos livres - taxa de juros";"Operações de crédito do sistema financeiro - recursos livres - taxa de juros";"Não oculta";"Internet";30;0;0;"Incluída em 28/mai/2014.";"Independente";"BM12";"Internet";"Macro"
"9877";"BM12_CRLTJPJ12";NA;NA;"Ativa";"Bacen/Not. Imp./Moeda";"Moeda e crédito";"Operações de crédito - recursos livres - taxa de juros - pessoa jurídica";"Operações de crédito do sistema financeiro - recursos livres - taxa de juros - pessoa jurídica";"Não oculta";"Internet";30;0;0;"Incluída em 28/mai/2014.";"Independente";"BM12";"Internet";"Macro"
"9878";"BM12_CRLTJPF12";NA;NA;"Ativa";"Bacen/Not. Imp./Moeda";"Moeda e crédito";"Operações de crédito - recursos livres - taxa de juros - pessoa física";"Operações de crédito do sistema financeiro - recursos livres - taxa de juros - pessoa física";"Não oculta";"Internet";30;0;0;"Incluída em 28/mai/2014.";"Independente";"BM12";"Internet";"Macro"
"9879";"BM12_CRDTJ12";NA;NA;"Ativa";"Bacen/Not. Imp./Moeda";"Moeda e crédito";"Operações de crédito - recursos direcionados - taxa de juros";"Operações de crédito do sistema financeiro - recursos direcionados - taxa de juros";"Não oculta";"Internet";30;0;0;"Incluída em 28/mai/2014.";"Independente";"BM12";"Internet";"Macro"
"9880";"BM12_CRDTJPJ12";NA;NA;"Ativa";"Bacen/Not. Imp./Moeda";"Moeda e crédito";"Operações de crédito - recursos direcionados - taxa de juros - pessoa jurídica";"Operações de crédito do sistema financeiro - recursos direcionados - taxa de juros - pessoa jurídica";"Não oculta";"Internet";30;0;0;"Incluída em 28/mai/2014.";"Independente";"BM12";"Internet";"Macro"
"9881";"BM12_CRDTJPF12";NA;NA;"Ativa";"Bacen/Not. Imp./Moeda";"Moeda e crédito";"Operações de crédito - recursos direcionados - taxa de juros - pessoa física";"Operações de crédito do sistema financeiro - recursos direcionados - taxa de juros - pessoa física";"Não oculta";"Internet";30;0;0;"Incluída em 28/mai/2014.";"Independente";"BM12";"Internet";"Macro"
"9882";"BM12_CSD12";NA;NA;"Ativa";"Bacen/Not. Imp./Moeda";"Moeda e crédito";"Operações de crédito - spread";"Operações de crédito do sistema financeiro - spread - pessoa jurídica";"Não oculta";"Internet";30;0;0;"Incluída em 28/mai/2014.";"Independente";"BM12";"Internet";"Macro"
"9883";"BM12_CSDPJ12";NA;NA;"Ativa";"Bacen/Not. Imp./Moeda";"Moeda e crédito";"Operações de crédito - spread - pessoa jurídica";"Operações de crédito do sistema financeiro - spread - pessoa jurídica";"Não oculta";"Internet";30;0;0;"Incluída em 28/mai/2014.";"Independente";"BM12";"Internet";"Macro"
"9884";"BM12_CSDPF12";NA;NA;"Ativa";"Bacen/Not. Imp./Moeda";"Moeda e crédito";"Operações de crédito - spread - pessoa física";"Operações de crédito do sistema financeiro - spread - pessoa jurídica";"Não oculta";"Internet";30;0;0;"Incluída em 28/mai/2014.";"Independente";"BM12";"Internet";"Macro"
"9885";"BM12_CRLSD12";NA;NA;"Ativa";"Bacen/Not. Imp./Moeda";"Moeda e crédito";"Operações de crédito - recursos livres - spread";"Operações de crédito do sistema financeiro - recursos livres - spread";"Não oculta";"Internet";30;0;0;"Incluída em 28/mai/2014.";"Independente";"BM12";"Internet";"Macro"
"9886";"BM12_CRLSDPJ12";NA;NA;"Ativa";"Bacen/Not. Imp./Moeda";"Moeda e crédito";"Operações de crédito - recursos livres - spread - pessoa jurídica";"Operações de crédito do sistema financeiro - recursos livres - spread - pessoa jurídica";"Não oculta";"Internet";30;0;0;"Incluída em 28/mai/2014.";"Independente";"BM12";"Internet";"Macro"
"9887";"BM12_CRLSDPF12";NA;NA;"Ativa";"Bacen/Not. Imp./Moeda";"Moeda e crédito";"Operações de crédito - recursos livres - spread - pessoa física";"Operações de crédito do sistema financeiro - recursos livres - spread - pessoa física";"Não oculta";"Internet";30;0;0;"Incluída em 28/mai/2014.";"Independente";"BM12";"Internet";"Macro"
"9888";"BM12_CRDSD12";NA;NA;"Ativa";"Bacen/Not. Imp./Moeda";"Moeda e crédito";"Operações de crédito - recursos direcionados - spread";"Operações de crédito do sistema financeiro - recursos direcionados - spread";"Não oculta";"Internet";30;0;0;"Incluída em 28/mai/2014.";"Independente";"BM12";"Internet";"Macro"
"9889";"BM12_CRDSDPJ12";NA;NA;"Ativa";"Bacen/Not. Imp./Moeda";"Moeda e crédito";"Operações de crédito - recursos direcionados - spread - pessoa jurídica";"Operações de crédito do sistema financeiro - recursos direcionados - spread - pessoa jurídica";"Não oculta";"Internet";30;0;0;"Incluída em 28/mai/2014.";"Independente";"BM12";"Internet";"Macro"
"9890";"BM12_CRDSDPF12";NA;NA;"Ativa";"Bacen/Not. Imp./Moeda";"Moeda e crédito";"Operações de crédito - recursos direcionados - spread - pessoa física";"Operações de crédito do sistema financeiro - recursos direcionados - spread - pessoa física";"Não oculta";"Internet";30;0;0;"Incluída em 28/mai/2014.";"Independente";"BM12";"Internet";"Macro"
"9891";"BM12_CPCO12";NA;NA;"Ativa";"Bacen/Not. Imp./Moeda";"Moeda e crédito";"Operações de crédito - prazo médio das concessões";"Operações de crédito do sistema financeiro - prazo médio das concessões - pessoa jurídica";"Não oculta";"Internet";30;0;0;"Incluída em 28/mai/2014.";"Independente";"BM12";"Internet";"Macro"
"9892";"BM12_CPCOPJ12";NA;NA;"Ativa";"Bacen/Not. Imp./Moeda";"Moeda e crédito";"Operações de crédito - prazo médio das concessões - pessoa jurídica";"Operações de crédito do sistema financeiro - prazo médio das concessões - pessoa jurídica";"Não oculta";"Internet";30;0;0;"Incluída em 28/mai/2014.";"Independente";"BM12";"Internet";"Macro"
"9893";"BM12_CPCOPF12";NA;NA;"Ativa";"Bacen/Not. Imp./Moeda";"Moeda e crédito";"Operações de crédito - prazo médio das concessões - pessoa física";"Operações de crédito do sistema financeiro - prazo médio das concessões - pessoa jurídica";"Não oculta";"Internet";30;0;0;"Incluída em 28/mai/2014.";"Independente";"BM12";"Internet";"Macro"
"9894";"BM12_CRLPCO12";NA;NA;"Ativa";"Bacen/Not. Imp./Moeda";"Moeda e crédito";"Operações de crédito - recursos livres - prazo médio das concessões";"Operações de crédito do sistema financeiro - recursos livres - prazo médio das concessões";"Não oculta";"Internet";30;0;0;"Incluída em 28/mai/2014.";"Independente";"BM12";"Internet";"Macro"
"9895";"BM12_CRLPCOPJ12";NA;NA;"Ativa";"Bacen/Not. Imp./Moeda";"Moeda e crédito";"Operações de crédito - recursos livres - prazo médio das concessões - pessoa jurídica";"Operações de crédito do sistema financeiro - recursos livres - prazo médio das concessões - pessoa jurídica";"Não oculta";"Internet";30;0;0;"Incluída em 28/mai/2014.";"Independente";"BM12";"Internet";"Macro"
"9896";"BM12_CRLPCOPF12";NA;NA;"Ativa";"Bacen/Not. Imp./Moeda";"Moeda e crédito";"Operações de crédito - recursos livres - prazo médio das concessões - pessoa física";"Operações de crédito do sistema financeiro - recursos livres - prazo médio das concessões - pessoa física";"Não oculta";"Internet";30;0;0;"Incluída em 28/mai/2014.";"Independente";"BM12";"Internet";"Macro"
"9897";"BM12_CRDPCO12";NA;NA;"Ativa";"Bacen/Not. Imp./Moeda";"Moeda e crédito";"Operações de crédito - recursos direcionados - prazo médio das concessões";"Operações de crédito do sistema financeiro - recursos direcionados - prazo médio das concessões";"Não oculta";"Internet";30;0;0;"Incluída em 28/mai/2014.";"Independente";"BM12";"Internet";"Macro"
"9898";"BM12_CRDPCOPJ12";NA;NA;"Ativa";"Bacen/Not. Imp./Moeda";"Moeda e crédito";"Operações de crédito - recursos direcionados - prazo médio das concessões - pessoa jurídica";"Operações de crédito do sistema financeiro - recursos direcionados - prazo médio das concessões - pessoa jurídica";"Não oculta";"Internet";30;0;0;"Incluída em 28/mai/2014.";"Independente";"BM12";"Internet";"Macro"
"9899";"BM12_CRDPCOPF12";NA;NA;"Ativa";"Bacen/Not. Imp./Moeda";"Moeda e crédito";"Operações de crédito - recursos direcionados - prazo médio das concessões - pessoa física";"Operações de crédito do sistema financeiro - recursos direcionados - prazo médio das concessões - pessoa física";"Não oculta";"Internet";30;0;0;"Incluída em 28/mai/2014.";"Independente";"BM12";"Internet";"Macro"
"9900";"BM12_CPCA12";NA;NA;"Ativa";"Bacen/Not. Imp./Moeda";"Moeda e crédito";"Operações de crédito - prazo médio da carteira";"Operações de crédito do sistema financeiro - prazo médio da carteira";"Não oculta";"Internet";30;0;0;"Incluída em 28/mai/2014.";"Independente";"BM12";"Internet";"Macro"
"9901";"BM12_CPCAPJ12";NA;NA;"Ativa";"Bacen/Not. Imp./Moeda";"Moeda e crédito";"Operações de crédito - prazo médio da carteira - pessoa jurídica";"Operações de crédito do sistema financeiro - prazo médio da carteira - pessoa jurídica";"Não oculta";"Internet";30;0;0;"Incluída em 28/mai/2014.";"Independente";"BM12";"Internet";"Macro"
"9902";"BM12_CPCAPF12";NA;NA;"Ativa";"Bacen/Not. Imp./Moeda";"Moeda e crédito";"Operações de crédito - prazo médio da carteira - pessoa física";"Operações de crédito do sistema financeiro - prazo médio da carteira - pessoa física";"Não oculta";"Internet";30;0;0;"Incluída em 28/mai/2014.";"Independente";"BM12";"Internet";"Macro"
"9903";"BM12_CRLPCA12";NA;NA;"Ativa";"Bacen/Not. Imp./Moeda";"Moeda e crédito";"Operações de crédito - recursos livres - prazo médio da carteira";"Operações de crédito do sistema financeiro - recursos livres - prazo médio da carteira";"Não oculta";"Internet";30;0;0;"Incluída em 28/mai/2014.";"Independente";"BM12";"Internet";"Macro"
"9904";"BM12_CRLPCAPJ12";NA;NA;"Ativa";"Bacen/Not. Imp./Moeda";"Moeda e crédito";"Operações de crédito - recursos livres - prazo médio da carteira - pessoa jurídica";"Operações de crédito do sistema financeiro - recursos livres - prazo médio da carteira - pessoa jurídica";"Não oculta";"Internet";30;0;0;"Incluída em 28/mai/2014.";"Independente";"BM12";"Internet";"Macro"
"9905";"BM12_CRLPCAPF12";NA;NA;"Ativa";"Bacen/Not. Imp./Moeda";"Moeda e crédito";"Operações de crédito - recursos livres - prazo médio da carteira - pessoa física";"Operações de crédito do sistema financeiro - recursos livres - prazo médio da carteira - pessoa física";"Não oculta";"Internet";30;0;0;"Incluída em 28/mai/2014.";"Independente";"BM12";"Internet";"Macro"
"9906";"BM12_CRDPCA12";NA;NA;"Ativa";"Bacen/Not. Imp./Moeda";"Moeda e crédito";"Operações de crédito - recursos direcionados - prazo médio da carteira";"Operações de crédito do sistema financeiro - recursos direcionados - prazo médio da carteira";"Não oculta";"Internet";30;0;0;"Incluída em 28/mai/2014.";"Independente";"BM12";"Internet";"Macro"
"9907";"BM12_CRDPCAPJ12";NA;NA;"Ativa";"Bacen/Not. Imp./Moeda";"Moeda e crédito";"Operações de crédito - recursos direcionados - prazo médio da carteira - pessoa jurídica";"Operações de crédito do sistema financeiro - recursos direcionados - prazo médio da carteira - pessoa jurídica";"Não oculta";"Internet";30;0;0;"Incluída em 28/mai/2014.";"Independente";"BM12";"Internet";"Macro"
"9908";"BM12_CRDPCAPF12";NA;NA;"Ativa";"Bacen/Not. Imp./Moeda";"Moeda e crédito";"Operações de crédito - recursos direcionados - prazo médio da carteira - pessoa física";"Operações de crédito do sistema financeiro - recursos direcionados - prazo médio da carteira - pessoa física";"Não oculta";"Internet";30;0;0;"Incluída em 28/mai/2014.";"Independente";"BM12";"Internet";"Macro"
"9909";"BM12_CIN12";NA;NA;"Ativa";"Bacen/Not. Imp./Moeda";"Moeda e crédito";"Operações de crédito - inadimplência";"Operações de crédito do sistema financeiro - inadimplência";"Não oculta";"Internet";30;0;0;"Incluída em 28/mai/2014.";"Independente";"BM12";"Internet";"Macro"
"9910";"BM12_CINPJ12";NA;NA;"Ativa";"Bacen/Not. Imp./Moeda";"Moeda e crédito";"Operações de crédito - inadimplência - pessoa jurídica";"Operações de crédito do sistema financeiro - inadimplência - pessoa jurídica";"Não oculta";"Internet";30;0;0;"Incluída em 28/mai/2014.";"Independente";"BM12";"Internet";"Macro"
"9911";"BM12_CINPF12";NA;NA;"Ativa";"Bacen/Not. Imp./Moeda";"Moeda e crédito";"Operações de crédito - inadimplência - pessoa física";"Operações de crédito do sistema financeiro - inadimplência - pessoa física";"Não oculta";"Internet";30;0;0;"Incluída em 28/mai/2014.";"Independente";"BM12";"Internet";"Macro"
"9912";"BM12_CRLIN12";NA;NA;"Ativa";"Bacen/Not. Imp./Moeda";"Moeda e crédito";"Operações de crédito - recursos livres - inadimplência";"Operações de crédito do sistema financeiro - recursos livres - inadimplência";"Não oculta";"Internet";30;0;0;"Incluída em 28/mai/2014.";"Independente";"BM12";"Internet";"Macro"
"9913";"BM12_CRLINPJ12";NA;NA;"Ativa";"Bacen/Not. Imp./Moeda";"Moeda e crédito";"Operações de crédito - recursos livres - inadimplência - pessoa jurídica";"Operações de crédito do sistema financeiro - recursos livres - inadimplência - pessoa jurídica";"Não oculta";"Internet";30;0;0;"Incluída em 28/mai/2014.";"Independente";"BM12";"Internet";"Macro"
"9914";"BM12_CRLINPF12";NA;NA;"Ativa";"Bacen/Not. Imp./Moeda";"Moeda e crédito";"Operações de crédito - recursos livres - inadimplência - pessoa física";"Operações de crédito do sistema financeiro - recursos livres - inadimplência - pessoa física";"Não oculta";"Internet";30;0;0;"Incluída em 28/mai/2014.";"Independente";"BM12";"Internet";"Macro"
"9915";"BM12_CRDIN12";NA;NA;"Ativa";"Bacen/Not. Imp./Moeda";"Moeda e crédito";"Operações de crédito - recursos direcionados - inadimplência";"Operações de crédito do sistema financeiro - recursos direcionados - inadimplência";"Não oculta";"Internet";30;0;0;"Incluída em 28/mai/2014.";"Independente";"BM12";"Internet";"Macro"
"9916";"BM12_CRDINPJ12";NA;NA;"Ativa";"Bacen/Not. Imp./Moeda";"Moeda e crédito";"Operações de crédito - recursos direcionados - inadimplência - pessoa jurídica";"Operações de crédito do sistema financeiro - recursos direcionados - inadimplência - pessoa jurídica";"Não oculta";"Internet";30;0;0;"Incluída em 28/mai/2014.";"Independente";"BM12";"Internet";"Macro"
"9917";"BM12_CRDINPF12";NA;NA;"Ativa";"Bacen/Not. Imp./Moeda";"Moeda e crédito";"Operações de crédito - recursos direcionados - inadimplência - pessoa física";"Operações de crédito do sistema financeiro - recursos direcionados - inadimplência - pessoa física";"Não oculta";"Internet";30;0;0;"Incluída em 28/mai/2014.";"Independente";"BM12";"Internet";"Macro"
"9918";"BM12_DEICNY12";NA;NA;"Inativa";"Bacen/Not. Imp./Moeda";"Moeda e crédito";"M2 - depósitos para investimentos - fim período - novo conceito";"M2 - depósitos para investimentos - fim período - novo conceito";"Oculta";"Internet";30;0;0;"Incluida em 17/jul/2014.";"Gerada";"BM12";"Oculta";"Macro"
"9919";"BM12_CSPUBLGF12";NA;NA;"Inativa";"Bacen/Not. Imp./Moeda";"Moeda e crédito";"Operações de crédito ao setor público - governo federal";"Operações de crédito ao setor público - governo federal";"Não oculta";"Internet";30;0;0;"Incluída em 18/jul/2014.";"Independente";"BM12";"Internet";"Macro"
"9920";"BM12_CSPUBLEM12";NA;NA;"Inativa";"Bacen/Not. Imp./Moeda";"Moeda e crédito";"Operações de crédito ao setor público - governos estaduias e municipais";"Operações de crédito ao setor público - governos estaduias e municipais";"Não oculta";"Internet";30;0;0;"Incluída em 18/jul/2014.";"Independente";"BM12";"Internet";"Macro"
"9921";"BM12_CSPUBL12";NA;NA;"Inativa";"Bacen/Not. Imp./Moeda";"Moeda e crédito";"Operações de crédito ao setor público";"Operações de crédito ao setor público";"Não oculta";"Internet";30;0;0;"Incluída em 18/jul/2014.";"Independente";"BM12";"Internet";"Macro"
"9922";"BM12_CSPRIIND12";NA;NA;"Inativa";"Bacen/Not. Imp./Moeda";"Moeda e crédito";"Operações de crédito ao setor privado - indústria";"Operações de crédito ao setor privado - indústria";"Não oculta";"Internet";30;0;0;"Incluída em 18/jul/2014.";"Independente";"BM12";"Internet";"Macro"
"9923";"BM12_CSPRIIMOB12";NA;NA;"Inativa";"Bacen/Not. Imp./Moeda";"Moeda e crédito";"Operações de crédito ao setor privado - imobiliário";"Operações de crédito ao setor privado - imobiliário";"Não oculta";"Internet";30;0;0;"Incluída em 18/jul/2014.";"Independente";"BM12";"Internet";"Macro"
"9924";"BM12_CSPRIRUR12";NA;NA;"Inativa";"Bacen/Not. Imp./Moeda";"Moeda e crédito";"Operações de crédito ao setor privado - rural";"Operações de crédito ao setor privado - rural";"Não oculta";"Internet";30;0;0;"Incluída em 18/jul/2014.";"Independente";"BM12";"Internet";"Macro"
"9925";"BM12_CSPRICOM12";NA;NA;"Inativa";"Bacen/Not. Imp./Moeda";"Moeda e crédito";"Operações de crédito ao setor privado - comércio";"Operações de crédito ao setor privado - comércio";"Não oculta";"Internet";30;0;0;"Incluída em 18/jul/2014.";"Independente";"BM12";"Internet";"Macro"
"9926";"BM12_CSPRIPF12";NA;NA;"Inativa";"Bacen/Not. Imp./Moeda";"Moeda e crédito";"Operações de crédito ao setor privado - pessoas físicas";"Operações de crédito ao setor privado - pessoas físicas";"Não oculta";"Internet";30;0;0;"Incluída em 18/jul/2014.";"Independente";"BM12";"Internet";"Macro"
"9927";"BM12_CSPRIOUT12";NA;NA;"Inativa";"Bacen/Not. Imp./Moeda";"Moeda e crédito";"Operações de crédito ao setor privado - outros serviços";"Operações de crédito ao setor privado - outros serviços";"Não oculta";"Internet";30;0;0;"Incluída em 18/jul/2014.";"Independente";"BM12";"Internet";"Macro"
"9928";"BM12_CSPRI12";NA;NA;"Inativa";"Bacen/Not. Imp./Moeda";"Moeda e crédito";"Operações de crédito ao setor privado";"Operações de crédito ao setor privado";"Não oculta";"Internet";30;0;0;"Incluída em 18/jul/2014.";"Independente";"BM12";"Internet";"Macro"
"9929";"ZZZ121";NA;NA;"Ativa";"IPEA";"Renda";"apagar";"apagar";"Oculta";"Internet";2;0;NA;NA;NA;"ZZZ121";"Oculta";"Social"
"9930";"ZZZ112";NA;NA;"Ativa";"IPEA";"Renda";"apagar";"apagar";"Oculta";"Internet";2;0;NA;NA;NA;"ZZZ112";"Oculta";"Social"
"9931";"PMP140";NA;NA;"Ativa";"IPEA";"Renda";"Proporção de pobres (P0) – Linha de Pobreza Baseada no Decreto 7492 (Brasil sem Miséria)";"Proporção de pobres (P0) – Linha de Pobreza Baseada no Decreto 7492 (Brasil sem Miséria)";"Não oculta";"Internet";NA;0;NA;NA;NA;"PMP140";"Internet";"Social"
"9932";"ZZZ111";NA;NA;"Ativa";"IPEA";"Renda";"apagar";"Número de indivíduos pobres – Linha de Pobreza Baseada no Decreto 7492 (Brasil sem Miséria)";"Oculta";"Internet";2;0;NA;NA;NA;"ZZZ111";"Oculta";"Social"
"9933";"PMP070";NA;NA;"Ativa";"IPEA";"Renda";"Proporção de extremamente pobres (P0) – Linha de Pobreza Baseada no Decreto 7492 (Brasil sem Miséria";"Proporção de extremamente pobres (P0) – Linha de Pobreza Baseada no Decreto 7492 (Brasil sem Miséria)";"Não oculta";"Internet";NA;0;NA;NA;NA;"PMP070";"Internet";"Social"
"9934";"ZZZ113";NA;NA;"Ativa";"IPEA";"Renda";"apagar";"apagar";"Oculta";"Internet";2;0;NA;NA;NA;"ZZZ113";"Oculta";"Social"
"9935";"ZZZ114";NA;NA;"Ativa";"IPEA";"Renda";"apagar";"apagar";"Oculta";"Internet";2;0;NA;NA;NA;"ZZZ114";"Oculta";"Social"
"9936";"ZZZ115";NA;NA;"Ativa";"IPEA";"Renda";"apagar";"apagar";"Oculta";"Internet";2;0;NA;NA;NA;"ZZZ115";"Oculta";"Social"
"9937";"ZZZ116";NA;NA;"Ativa";"IPEA";"Renda";"apagar";"apagar";"Oculta";"Internet";2;0;NA;NA;NA;"ZZZ116";"Oculta";"Social"
"9938";"ZZZ117";NA;NA;"Ativa";"IPEA";"Renda";"apagar";"apagar";"Oculta";"Internet";2;0;NA;NA;NA;"ZZZ117";"Oculta";"Social"
"9939";"ZZZ118";NA;NA;"Ativa";"IPEA";"Renda";"apagar";"apagar";"Oculta";"Internet";2;0;NA;NA;NA;"ZZZ118";"Oculta";"Social"
"9940";"ZZZ119";NA;NA;"Ativa";"IPEA";"Renda";"apagar";"apagar";"Oculta";"Internet";2;0;NA;NA;NA;"ZZZ119";"Oculta";"Social"
"9941";"ZZZ120";NA;NA;"Ativa";"IPEA";"Renda";"apagar";"apagar";"Oculta";"Internet";2;0;NA;NA;NA;"ZZZ120";"Oculta";"Social"
"9942";"NP140";NA;NA;"Ativa";"IPEA";"Renda";"Número de indivíduos pobres – Linha de Pobreza Baseada no Decreto 7492 (Brasil sem Miséria)";"Número de indivíduos pobres – Linha de Pobreza Baseada no Decreto 7492 (Brasil sem Miséria)";"Oculta";"Internet";NA;0;NA;NA;NA;"NP140";"Oculta";"Social"
"9943";"BM12_PIBAC12";NA;NA;"Ativa";"Bacen Outras/SGS";"Contas nacionais";"PIB - 12 meses";"Produto Interno Bruto (PIB) acumulado dos últimos 12 meses";"Não oculta";"Internet";30;0;0;NA;NA;"BM12";"Internet";"Macro"
"9944";"SCN10_PIBN10";NA;NA;"Ativa";"IBGE/SCN 2010 Anual";"Contas nacionais";"PIB - preços de mercado";"Produto interno bruto (PIB) a preços de mercado";"Não oculta";"Internet";360;0;0;"Incluída em 10 / abril / 2015. Encadeada 26/fevereiro/2018";NA;"SCN10";"Internet";"Macro"
"9945";"SCN10_VBPN10";NA;NA;"Ativa";"IBGE/SCN 2010 Anual";"Contas nacionais";"Produção";"Produção";"Não oculta";"Internet";720;0;0;"Incluída em 10 / abril / 2015. Encadeada 26/fevereiro/2018";NA;"SCN10";"Internet";"Macro"
"9946";"SCN10_IPBN10";NA;NA;"Ativa";"IBGE/SCN 2010 Anual";"Contas nacionais";"Impostos sobre produtos";"Impostos sobre produtos";"Não oculta";"Internet";720;0;0;"Incluída em 10 / abril / 2015. Encadeada 26/fevereiro/2018";NA;"SCN10";"Internet";"Macro"
"9947";"SCN10_CIN10";NA;NA;"Ativa";"IBGE/SCN 2010 Anual";"Contas nacionais";"Consumo intermediário";"Consumo intermediário";"Não oculta";"Internet";720;0;0;"Incluída em 10 / abril / 2015. Encadeada 26/fevereiro/2018";NA;"SCN10";"Internet";"Macro"
"9948";"SCN10_CTN10";NA;NA;"Ativa";"IBGE/SCN 2010 Anual";"Contas nacionais";"Consumo final";"Consumo final";"Não oculta";"Internet";360;0;0;"Incluída em 10 / abril / 2015. Encadeada 26/fevereiro/2018";NA;"SCN10";"Internet";"Macro"
"9949";"SCN10_CFPPNEXC10";NA;NA;"Ativa";"IBGE/SCN 2010 Anual";"Contas nacionais";"Consumo final - famílias - exclusive ISFLSF";"Consumo final das famílias - exclusive instituições sem fins de lucro a serviço das famílias (ISFLSF)";"Não oculta";"Internet";720;0;0;"Incluída em 10 / abril / 2015. Encadeada 26/fevereiro/2018";NA;"SCN10";"Internet";"Macro"
"9950";"SCN10_CFISFLSFN10";NA;NA;"Ativa";"IBGE/SCN 2010 Anual";"Contas nacionais";"Consumo final - ISFLSF";"Consumo final das instituições sem fins de lucro a serviço das famílias (ISFLSF)";"Não oculta";"Internet";720;0;0;"Incluída em 10 / abril / 2015. Encadeada 26/fevereiro/2018";NA;"SCN10";"Internet";"Macro"
"9951";"SCN10_CFGGN10";NA;NA;"Ativa";"IBGE/SCN 2010 Anual";"Contas nacionais";"Consumo final - governo";"Consumo final do governo";"Não oculta";"Internet";360;0;0;"Incluída em 10 / abril / 2015. Encadeada 26/fevereiro/2018";NA;"SCN10";"Internet";"Macro"
"9952";"SCN10_FBKN10";NA;NA;"Ativa";"IBGE/SCN 2010 Anual";"Contas nacionais";"Capital - formação bruta";"Formação bruta de capital";"Não oculta";"Internet";360;0;0;"Incluída em 10 / abril / 2015. Encadeada 26/fevereiro/2018";NA;"SCN10";"Internet";"Macro"
"9953";"SCN10_FBKFN10";NA;NA;"Ativa";"IBGE/SCN 2010 Anual";"Contas nacionais";"Capital fixo - formação bruta";"Formação bruta de capital fixo";"Não oculta";"Internet";360;0;0;"Incluída em 10 / abril / 2015. Encadeada 26/fevereiro/2018";NA;"SCN10";"Internet";"Macro"
"9954";"SCN10_FBKFCN10";NA;NA;"Ativa";"IBGE/SCN 2010 Anual";"Contas nacionais";"Capital fixo - formação bruta - construção";"Formação bruta de capital fixo - construção";"Não oculta";"Internet";720;0;0;"Incluída em 10 / abril / 2015. Encadeada 26/fevereiro/2018";NA;"SCN10";"Internet";"Macro"
"9955";"SCN10_FBKFMN10";NA;NA;"Ativa";"IBGE/SCN 2010 Anual";"Contas nacionais";"Capital fixo - formação bruta - máquinas e equipamentos";"Formação bruta de capital fixo - máquinas e equipamentos";"Não oculta";"Internet";720;0;0;"Incluída em 10 / abril / 2015. Encadeada 26/fevereiro/2018";NA;"SCN10";"Internet";"Macro"
"9956";"SCN10_FBKFON10";NA;NA;"Ativa";"IBGE/SCN 2010 Anual";"Contas nacionais";"Capital fixo - formação bruta - outros";"Formação bruta de capital fixo - outros";"Não oculta";"Internet";720;0;0;"Incluída em 10 / abril / 2015. Encadeada 26/fevereiro/2018";NA;"SCN10";"Internet";"Macro"
"9957";"SCN10_VESTON10";NA;NA;"Ativa";"IBGE/SCN 2010 Anual";"Contas nacionais";"Capital - formação bruta - variação de estoque";"Formação bruta de capital - variação de estoque";"Não oculta";"Internet";360;0;0;"Incluída em 10 / abril / 2015. Encadeada 26/fevereiro/2018";NA;"SCN10";"Internet";"Macro"
"9958";"SCN10_XBSZN10";NA;NA;"Ativa";"IBGE/SCN 2010 Anual";"Contas nacionais";"Exportações - bens e serviços";"Exportações de bens e serviços";"Não oculta";"Internet";360;0;0;"Incluída em 10 / abril / 2015. Encadeada 26/fevereiro/2018";NA;"SCN10";"Internet";"Macro"
"9959";"SCN10_MBSZN10";NA;NA;"Ativa";"IBGE/SCN 2010 Anual";"Contas nacionais";"Importações - bens e serviços";"Importações de bens e serviços";"Não oculta";"Internet";360;0;0;"Incluída em 10 / abril / 2015. Encadeada 26/fevereiro/2018";NA;"SCN10";"Internet";"Macro"
"9960";"SCN10_RWTN10";NA;NA;"Ativa";"IBGE/SCN 2010 Anual";"Contas nacionais";"Remuneração dos empregados";"Remuneração dos empregados";"Não oculta";"Internet";720;0;0;"Incluída em 10 / abril / 2015. Encadeada 26/fevereiro/2018";NA;"SCN10";"Internet";"Macro"
"9961";"SCN10_RWN10";NA;NA;"Ativa";"IBGE/SCN 2010 Anual";"Contas nacionais";"Remuneração dos empregados - salários";"Remuneração dos empregados - salários";"Não oculta";"Internet";720;0;0;"Incluída em 10 / abril / 2015. Encadeada 26/fevereiro/2018";NA;"SCN10";"Internet";"Macro"
"9962";"SCN10_CSEN10";NA;NA;"Ativa";"IBGE/SCN 2010 Anual";"Contas nacionais";"Remuneração dos empregados - contribuições sociais efetivas";"Remuneração dos empregados - contribuições sociais efetivas";"Não oculta";"Internet";720;0;0;"Incluída em 10 / abril / 2015. Encadeada 26/fevereiro/2018";NA;"SCN10";"Internet";"Macro"
"9963";"SCN10_CSIGGN10";NA;NA;"Ativa";"IBGE/SCN 2010 Anual";"Contas nacionais";"Remuneração dos empregados - contribuições sociais imputadas";"Remuneração dosempregados - contribuições sociais imputadas";"Não oculta";"Internet";720;0;0;"Incluída em 10 / abril / 2015. Encadeada 26/fevereiro/2018";NA;"SCN10";"Internet";"Macro"
"9964";"SCN10_RLON10";NA;NA;"Ativa";"IBGE/SCN 2010 Anual";"Contas nacionais";"Excedente operacional bruto e rendimento misto bruto";"Excedente operacional bruto e rendimento misto bruto";"Não oculta";"Internet";720;0;0;"Incluída em 10 / abril / 2015. Encadeada 26/fevereiro/2018";NA;"SCN10";"Internet";"Macro"
"9965";"SCN10_ISPIN10";NA;NA;"Ativa";"IBGE/SCN 2010 Anual";"Contas nacionais";"Impostos sobre a produção e importação";"Impostos sobre a produção e importação";"Não oculta";"Internet";720;0;0;"Incluída em 10 / abril / 2015. Encadeada 26/fevereiro/2018";NA;"SCN10";"Internet";"Macro"
"9966";"SCN10_CTNG10";NA;NA;"Ativa";"IBGE/SCN 2010 Anual";"Contas nacionais";"Consumo final - var. real anual";"Consumo final: variação real anual";"Não oculta";"Internet";720;0;0;"Incluída em 10 / abril / 2015. Encadeada 26/fevereiro/2018";NA;"SCN10";"Internet";"Macro"
"9967";"SCN10_CFPPNEXCG10";NA;NA;"Ativa";"IBGE/SCN 2010 Anual";"Contas nacionais";"Consumo final - famílias - exclusive ISFLSF - var. real anual";"Consumo final das famílias - exclusive instituições sem fins de lucro a serviço das famílias (ISFLSF): variação real anual";"Não oculta";"Internet";720;0;0;"Incluída em 10 / abril / 2015. Encadeada 26/fevereiro/2018";NA;"SCN10";"Internet";"Macro"
"9968";"SCN10_CFISFLSFNG10";NA;NA;"Ativa";"IBGE/SCN 2010 Anual";"Contas nacionais";"Consumo final - ISFLSF - var. real anual";"Consumo final das instituições sem fins de lucro a serviço das famílias (ISFLSF): variação real anual";"Não oculta";"Internet";720;0;0;"Incluída em 10 / abril / 2015. Encadeada 26/fevereiro/2018";NA;"SCN10";"Internet";"Macro"
"9969";"SCN10_CFGG10";NA;NA;"Ativa";"IBGE/SCN 2010 Anual";"Contas nacionais";"Consumo final - governo - var. real anual";"Consumo final do governo: variação real anual";"Não oculta";"Internet";360;0;0;"Incluída em 10 / abril / 2015. Encadeada 26/fevereiro/2018";NA;"SCN10";"Internet";"Macro"
"9970";"SCN10_FBKG10";NA;NA;"Ativa";"IBGE/SCN 2010 Anual";"Contas nacionais";"Capital - formação bruta - var. real anual";"Formação bruta de capital: variação real anual";"Não oculta";"Internet";720;0;0;"Incluída em 10 / abril / 2015. Encadeada 26/fevereiro/2018";NA;"SCN10";"Internet";"Macro"
"9971";"SCN10_FBKFG10";NA;NA;"Ativa";"IBGE/SCN 2010 Anual";"Contas nacionais";"Capital fixo - formação bruta - var. real anual";"Formação bruta de capital fixo: variação real anual";"Não oculta";"Internet";360;0;0;"Incluída em 10 / abril / 2015. Encadeada 26/fevereiro/2018";NA;"SCN10";"Internet";"Macro"
"9972";"SCN10_FBKFCG10";NA;NA;"Ativa";"IBGE/SCN 2010 Anual";"Contas nacionais";"Capital fixo - formação bruta - construção - var. real anual";"Formação bruta de capital fixo - construção: variação real anual";"Não oculta";"Internet";360;0;0;"Incluída em 10 / abril / 2015. Encadeada 26/fevereiro/2018";NA;"SCN10";"Internet";"Macro"
"9973";"SCN10_FBKFMG10";NA;NA;"Ativa";"IBGE/SCN 2010 Anual";"Contas nacionais";"Capital fixo - formação bruta - máquinas e equipamentos -  var. real anual";"Formação bruta de capital fixo - máquinas e equipamentos: variação real anual";"Não oculta";"Internet";360;0;0;"Incluída em 10 / abril / 2015. Encadeada 26/fevereiro/2018";NA;"SCN10";"Internet";"Macro"
"9974";"SCN10_FBKFOG10";NA;NA;"Ativa";"IBGE/SCN 2010 Anual";"Contas nacionais";"Capital fixo - formação bruta - outros -  var. real anual";"Formação bruta de capital fixo - outros: variação real anual";"Não oculta";"Internet";360;0;0;"Incluída em 10 / abril / 2015. Encadeada 26/fevereiro/2018";NA;"SCN10";"Internet";"Macro"
"9975";"SCN10_VESTOG10";NA;NA;"Ativa";"IBGE/SCN 2010 Anual";"Contas nacionais";"Capital - formação bruta - variação de estoque - var. real anual";"Formação bruta de capital - variação de estoque: variação real anual";"Não oculta";"Internet";720;0;0;"Incluída em 10 / abril / 2015. Encadeada 26/fevereiro/2018";NA;"SCN10";"Internet";"Macro"
"9976";"SCN10_XBSZG10";NA;NA;"Ativa";"IBGE/SCN 2010 Anual";"Contas nacionais";"Exportações - bens e serviços - var. real anual";"Exportações de bens e serviços: variação real anual";"Não oculta";"Internet";360;0;0;"Incluída em 10 / abril / 2015. Encadeada 26/fevereiro/2018";NA;"SCN10";"Internet";"Macro"
"9977";"SCN10_MBSZG10";NA;NA;"Ativa";"IBGE/SCN 2010 Anual";"Contas nacionais";"Importações - bens e serviços - var. real anual";"Importações de bens e serviços: variação real anual";"Não oculta";"Internet";360;0;0;"Incluída em 10 / abril / 2015. Encadeada 26/fevereiro/2018";NA;"SCN10";"Internet";"Macro"
"9978";"SCN10_DIPIBG10";NA;NA;"Ativa";"IBGE/SCN 2010 Anual";"Contas nacionais";"PIB - preços de mercado - deflator implícito - var. anual";"Produto interno bruto (PIB) a preços de mercado - deflator implícito: variação anual";"Não oculta";"Internet";720;0;0;"Incluída em 10 / abril / 2015. Encadeada 26/fevereiro/2018";NA;"SCN10";"Internet";"Macro"
"9979";"SCN10_PIBG10";NA;NA;"Ativa";"IBGE/SCN 2010 Anual";"Contas nacionais";"PIB - preços de mercado - var. real anual";"Produto interno bruto (PIB) a preços de mercado: variação real anual";"Não oculta";"Internet";360;0;0;"Incluída em 10 / abril / 2015. Encadeada 26/fevereiro/2018";NA;"SCN10";"Internet";"Macro"
"9980";"SCN10_FBKFPIBV10";NA;NA;"Ativa";"IBGE/SCN 2010 Anual";"Contas nacionais";"Taxa de investimento - preços correntes";"Taxa de investimento a preços correntes";"Não oculta";"Internet";720;0;0;"Incluída em 10 / abril / 2015. Encadeada 26/fevereiro/2018";NA;"SCN10";"Internet";"Macro"
"9981";"SCN10_PIBPBN10";NA;NA;"Ativa";"IBGE/SCN 2010 Anual";"Contas nacionais";"PIB - preços básicos";"Produto interno bruto (PIB) a preços básicos";"Não oculta";"Internet";360;0;0;"Incluída em 10 / abril / 2015. Encadeada 26/fevereiro/2018";NA;"SCN10";"Internet";"Macro"
"9982";"SCN10_VAAGRON10";NA;NA;"Ativa";"IBGE/SCN 2010 Anual";"Contas nacionais";"PIB - agropecuária";"Produto interno bruto (PIB) - agropecuária";"Não oculta";"Internet";360;0;0;"Incluída em 10 / abril / 2015. Encadeada 26/fevereiro/2018";NA;"SCN10";"Internet";"Macro"
"9983";"SCN10_VAINDN10";NA;NA;"Ativa";"IBGE/SCN 2010 Anual";"Contas nacionais";"PIB - indústria";"Produto interno bruto (PIB) - indústria";"Não oculta";"Internet";360;0;0;"Incluída em 10 / abril / 2015. Encadeada 26/fevereiro/2018";NA;"SCN10";"Internet";"Macro"
"9984";"SCN10_VAEMN10";NA;NA;"Ativa";"IBGE/SCN 2010 Anual";"Contas nacionais";"PIB - indústria - extrativa";"Produto interno bruto (PIB) - indústria extrativa";"Não oculta";"Internet";360;0;0;"Incluída em 10 / abril / 2015. Encadeada 26/fevereiro/2018";NA;"SCN10";"Internet";"Macro"
"9985";"SCN10_VAITN10";NA;NA;"Ativa";"IBGE/SCN 2010 Anual";"Contas nacionais";"PIB - indústria - transformação";"Produto interno bruto (PIB) - indústria de transformação";"Não oculta";"Internet";360;0;0;"Incluída em 10 / abril / 2015. Encadeada 26/fevereiro/2018";NA;"SCN10";"Internet";"Macro"
"9986";"SCN10_VASUPN10";NA;NA;"Ativa";"IBGE/SCN 2010 Anual";"Contas nacionais";"PIB - indústria - eletricidade e gás, água, esgoto e limpeza urbana";"Produto interno bruto (PIB) - indústria - produção e distribuição de eletricidade e gás, água, esgoto e limpeza urbana";"Não oculta";"Internet";360;0;0;"Incluída em 10 / abril / 2015. Encadeada 26/fevereiro/2018";NA;"SCN10";"Internet";"Macro"
"9987";"SCN10_VACON10";NA;NA;"Ativa";"IBGE/SCN 2010 Anual";"Contas nacionais";"PIB - indústria - construção civil";"Produto interno bruto (PIB) - indústria - construção civil";"Não oculta";"Internet";360;0;0;"Incluída em 10 / abril / 2015. Encadeada 26/fevereiro/2018";NA;"SCN10";"Internet";"Macro"
"9988";"SCN10_VASERVN10";NA;NA;"Ativa";"IBGE/SCN 2010 Anual";"Contas nacionais";"PIB - serviços";"Produto interno bruto (PIB) - serviços";"Não oculta";"Internet";360;0;0;"Incluída em 10 / abril / 2015. Encadeada 26/fevereiro/2018";NA;"SCN10";"Internet";"Macro"
"9989";"SCN10_VACOMN10";NA;NA;"Ativa";"IBGE/SCN 2010 Anual";"Contas nacionais";"PIB - serviços - comércio";"Produto interno bruto (PIB) - serviços - comércio";"Não oculta";"Internet";360;0;0;"Incluída em 10 / abril / 2015. Encadeada 26/fevereiro/2018";NA;"SCN10";"Internet";"Macro"
"9990";"SCN10_VATRAN10";NA;NA;"Ativa";"IBGE/SCN 2010 Anual";"Contas nacionais";"PIB - serviços - transporte, armazenagem e correio";"Produto interno bruto (PIB) - serviços - transporte, armazenagem e correios";"Não oculta";"Internet";360;0;0;"Incluída em 10 / abril / 2015. Encadeada 26/fevereiro/2018";NA;"SCN10";"Internet";"Macro"
"9991";"SCN10_VACCN10";NA;NA;"Ativa";"IBGE/SCN 2010 Anual";"Contas nacionais";"PIB - serviços - serviços de informação";"Produto interno bruto (PIB) - serviços - serviços de informação";"Não oculta";"Internet";360;0;0;"Incluída em 10 / abril / 2015. Encadeada 26/fevereiro/2018";NA;"SCN10";"Internet";"Macro"
"9992";"SCN10_VAIFN10";NA;NA;"Ativa";"IBGE/SCN 2010 Anual";"Contas nacionais";"PIB - serviços - intermediação financeira";"Produto interno bruto (PIB) - serviços - intermediação financeira, seguros e previdência complementar e serviços relacionados";"Não oculta";"Internet";360;0;0;"Incluída em 10 / abril / 2015. Encadeada 26/fevereiro/2018";NA;"SCN10";"Internet";"Macro"
"9993";"SCN10_VAALN10";NA;NA;"Ativa";"IBGE/SCN 2010 Anual";"Contas nacionais";"PIB - serviços - atividades imobiliárias";"Produto interno bruto (PIB) - serviços - atividades imobiliárias";"Não oculta";"Internet";360;0;0;"Incluída em 10 / abril / 2015. Encadeada 26/fevereiro/2018";NA;"SCN10";"Internet";"Macro"
"9994";"SCN10_VAOUTSN10";NA;NA;"Ativa";"IBGE/SCN 2010 Anual";"Contas nacionais";"PIB - serviços - outros";"Produto interno bruto (PIB) - serviços - outros";"Não oculta";"Internet";360;0;0;"Incluída em 10 / abril / 2015. Encadeada 26/fevereiro/2018";NA;"SCN10";"Internet";"Macro"
"9995";"SCN10_VAADMN10";NA;NA;"Ativa";"IBGE/SCN 2010 Anual";"Contas nacionais";"PIB - serviços - administração, saúde e educação públicas e seguridade social";"Produto interno bruto (PIB) - serviços - administração, saúde e educação públicas e seguridade social";"Não oculta";"Internet";360;0;0;"Incluída em 10 / abril / 2015. Encadeada 26/fevereiro/2018";NA;"SCN10";"Internet";"Macro"
"9996";"SCN10_PIBPBG10";NA;NA;"Ativa";"IBGE/SCN 2010 Anual";"Contas nacionais";"PIB - preços básicos - var. real anual";"Produto interno bruto (PIB) a preços básicos: variação real anual";"Não oculta";"Internet";360;0;0;"Incluída em 10 / abril / 2015. Encadeada 26/fevereiro/2018";NA;"SCN10";"Internet";"Macro"
"9997";"SCN10_VAAGROG10";NA;NA;"Ativa";"IBGE/SCN 2010 Anual";"Contas nacionais";"PIB - agropecuária - var. real anual";"Produto interno bruto (PIB) - agropecuária: variação real anual";"Não oculta";"Internet";360;0;0;"Incluída em 10 / abril / 2015. Encadeada 26/fevereiro/2018";NA;"SCN10";"Internet";"Macro"
"9998";"SCN10_VAINDG10";NA;NA;"Ativa";"IBGE/SCN 2010 Anual";"Contas nacionais";"PIB - indústria - var. real anual";"Produto interno bruto (PIB) - indústria: variação real anual";"Não oculta";"Internet";360;0;0;"Incluída em 10 / abril / 2015. Encadeada 26/fevereiro/2018";NA;"SCN10";"Internet";"Macro"
"9999";"SCN10_VAEMG10";NA;NA;"Ativa";"IBGE/SCN 2010 Anual";"Contas nacionais";"PIB - indústria - extrativa - var. real anual";"Produto interno bruto (PIB) - indústria extrativa: variação real anual";"Não oculta";"Internet";360;0;0;"Incluída em 10 / abril / 2015. Encadeada 26/fevereiro/2018";NA;"SCN10";"Internet";"Macro"
"10000";"SCN10_VAITG10";NA;NA;"Ativa";"IBGE/SCN 2010 Anual";"Contas nacionais";"PIB - indústria - transformação - var. real anual";"Produto interno bruto (PIB) - indústria de transformação: variação real anual";"Não oculta";"Internet";360;0;0;"Incluída em 10 / abril / 2015. Encadeada 26/fevereiro/2018";NA;"SCN10";"Internet";"Macro"
"10001";"SCN10_VASUPG10";NA;NA;"Ativa";"IBGE/SCN 2010 Anual";"Contas nacionais";"PIB - indústria - eletricidade e gás, água, esgoto e limpeza urbana -  var. real anual";"Produto interno bruto (PIB) - indústria - produção e distribuição de eletricidade e gás, água, esgoto e limpeza urbana: variação real anual";"Não oculta";"Internet";360;0;0;"Incluída em 10 / abril / 2015. Encadeada 26/fevereiro/2018";NA;"SCN10";"Internet";"Macro"
"10002";"SCN10_VACOG10";NA;NA;"Ativa";"IBGE/SCN 2010 Anual";"Contas nacionais";"PIB - indústria - construção civil - var. real anual";"Produto interno bruto (PIB) - indústria - construção civil: variação real anual";"Não oculta";"Internet";360;0;0;"Incluída em 10 / abril / 2015. Encadeada 26/fevereiro/2018";NA;"SCN10";"Internet";"Macro"
"10003";"SCN10_VASERVG10";NA;NA;"Ativa";"IBGE/SCN 2010 Anual";"Contas nacionais";"PIB - serviços - var. real anual";"Produto interno bruto (PIB) - serviços: variação real anual";"Não oculta";"Internet";360;0;0;"Incluída em 10 / abril / 2015. Encadeada 26/fevereiro/2018";NA;"SCN10";"Internet";"Macro"
"10004";"SCN10_VACOMG10";NA;NA;"Ativa";"IBGE/SCN 2010 Anual";"Contas nacionais";"PIB - serviços - comércio - var. real anual";"Produto interno bruto (PIB) - serviços - comércio: variação real anual";"Não oculta";"Internet";360;0;0;"Incluída em 10 / abril / 2015. Encadeada 26/fevereiro/2018";NA;"SCN10";"Internet";"Macro"
"10005";"SCN10_VATRAG10";NA;NA;"Ativa";"IBGE/SCN 2010 Anual";"Contas nacionais";"PIB - serviços - transporte, armazenagem e correio - var. real anual";"Produto interno bruto (PIB) - serviços - transporte, armazenagem e correios: variação real anual";"Não oculta";"Internet";360;0;0;"Incluída em 10 / abril / 2015. Encadeada 26/fevereiro/2018";NA;"SCN10";"Internet";"Macro"
"10006";"SCN10_VACCG10";NA;NA;"Ativa";"IBGE/SCN 2010 Anual";"Contas nacionais";"PIB - serviços - serviços de informação - var. real anual";"Produto interno bruto (PIB) - serviços - serviços de informação: variação real anual";"Não oculta";"Internet";360;0;0;"Incluída em 10 / abril / 2015. Encadeada 26/fevereiro/2018";NA;"SCN10";"Internet";"Macro"
"10007";"SCN10_VAIFG10";NA;NA;"Ativa";"IBGE/SCN 2010 Anual";"Contas nacionais";"PIB - serviços - intermediação financeira - var. real anual";"Produto interno bruto (PIB) - serviços - intermediação financeira, seguros e previdência complementar e serviços relacionados: variação real anual";"Não oculta";"Internet";360;0;0;"Incluída em 10 / abril / 2015. Encadeada 26/fevereiro/2018";NA;"SCN10";"Internet";"Macro"
"10008";"SCN10_VAALG10";NA;NA;"Ativa";"IBGE/SCN 2010 Anual";"Contas nacionais";"PIB - serviços - atividades imobiliárias - var. real anual";"Produto interno bruto (PIB) - serviços - atividades imobiliárias: variação real anual";"Não oculta";"Internet";360;0;0;"Incluída em 10 / abril / 2015. Encadeada 26/fevereiro/2018";NA;"SCN10";"Internet";"Macro"
"10009";"SCN10_VAOUTSG10";NA;NA;"Ativa";"IBGE/SCN 2010 Anual";"Contas nacionais";"PIB - serviços - outros - var. real anual";"Produto interno bruto (PIB) - serviços - outros: variação real anual";"Não oculta";"Internet";360;0;0;"Incluída em 10 / abril / 2015. Encadeada 26/fevereiro/2018";NA;"SCN10";"Internet";"Macro"
"10010";"SCN10_VAADMG10";NA;NA;"Ativa";"IBGE/SCN 2010 Anual";"Contas nacionais";"PIB - serviços - administração, saúde e educação públicas e seguridade social - var. real anual";"Produto interno bruto (PIB) - serviços - administração, saúde e educação públicas e seguridade social: variação real anual";"Não oculta";"Internet";360;0;0;"Incluída em 10 / abril / 2015. Encadeada 26/fevereiro/2018";NA;"SCN10";"Internet";"Macro"
"10011";"SCN10_VAAGROY10";NA;NA;"Ativa";"IBGE/SCN 2010 Anual";"Contas nacionais";"PIB - agropecuária - preços correntes";"Produto interno bruto (PIB) - agropecuária a preços correntes";"Não oculta";"Internet";720;0;0;"Incluída em 10 / abril / 2015. Encadeada 26/fevereiro/2018";NA;"SCN10";"Internet";"Macro"
"10012";"SCN10_VAINDY10";NA;NA;"Ativa";"IBGE/SCN 2010 Anual";"Contas nacionais";"PIB - indústria - preços correntes";"Produto interno bruto (PIB) - indústria a preços correntes";"Não oculta";"Internet";720;0;0;"Incluída em 10 / abril / 2015. Encadeada 26/fevereiro/2018";NA;"SCN10";"Internet";"Macro"
"10013";"SCN10_VAEMY10";NA;NA;"Ativa";"IBGE/SCN 2010 Anual";"Contas nacionais";"PIB - indústria - extrativa - preços correntes";"Produto interno bruto (PIB) - indústria extrativa a preços correntes";"Não oculta";"Internet";720;0;0;"Incluída em 10 / abril / 2015. Encadeada 26/fevereiro/2018";NA;"SCN10";"Internet";"Macro"
"10014";"SCN10_VAITY10";NA;NA;"Ativa";"IBGE/SCN 2010 Anual";"Contas nacionais";"PIB - indústria - transformação - preços correntes";"Produto interno bruto (PIB) - indústria de transformação a preços correntes";"Não oculta";"Internet";720;0;0;"Incluída em 10 / abril / 2015. Encadeada 26/fevereiro/2018";NA;"SCN10";"Internet";"Macro"
"10015";"SCN10_VASUPY10";NA;NA;"Ativa";"IBGE/SCN 2010 Anual";"Contas nacionais";"PIB - indústria - eletricidade e gás, água, esgoto e limpeza urbana  - preços correntes";"Produto interno bruto (PIB) - indústria - produção e distribuição de eletricidade e gás, água, esgoto e limpeza urbana a preços correntes";"Não oculta";"Internet";720;0;0;"Incluída em 10 / abril / 2015.";NA;"SCN10";"Internet";"Macro"
"10016";"SCN10_VACOY10";NA;NA;"Ativa";"IBGE/SCN 2010 Anual";"Contas nacionais";"PIB - indústria - construção civil - preços correntes";"Produto interno bruto (PIB) - indústria - construção civil a preços correntes";"Não oculta";"Internet";720;0;0;"Incluída em 10 / abril / 2015. Encadeada 26/fevereiro/2018";NA;"SCN10";"Internet";"Macro"
"10017";"SCN10_VASERVY10";NA;NA;"Ativa";"IBGE/SCN 2010 Anual";"Contas nacionais";"PIB - serviços - preços correntes";"Produto interno bruto (PIB) - serviços a preços correntes";"Não oculta";"Internet";720;0;0;"Incluída em 10 / abril / 2015. Encadeada 26/fevereiro/2018";NA;"SCN10";"Internet";"Macro"
"10018";"SCN10_VACOMY10";NA;NA;"Ativa";"IBGE/SCN 2010 Anual";"Contas nacionais";"PIB - serviços - comércio - preços correntes";"Produto interno bruto (PIB) - serviços - comércio a preços correntes";"Não oculta";"Internet";720;0;0;"Incluída em 10 / abril / 2015. Encadeada 26/fevereiro/2018";NA;"SCN10";"Internet";"Macro"
"10019";"SCN10_VATRAY10";NA;NA;"Ativa";"IBGE/SCN 2010 Anual";"Contas nacionais";"PIB - serviços - transporte, armazenagem e correio - preços correntes";"Produto interno bruto (PIB) - serviços - transporte, armazenagem e correios a preços correntes";"Não oculta";"Internet";720;0;0;"Incluída em 10 / abril / 2015. Encadeada 26/fevereiro/2018";NA;"SCN10";"Internet";"Macro"
"10020";"SCN10_VACCY10";NA;NA;"Ativa";"IBGE/SCN 2010 Anual";"Contas nacionais";"PIB - serviços - serviços de informação - preços correntes";"Produto interno bruto (PIB) - serviços - serviços de informação a preços correntes";"Não oculta";"Internet";720;0;0;"Incluída em 10 / abril / 2015. Encadeada 26/fevereiro/2018";NA;"SCN10";"Internet";"Macro"
"10021";"SCN10_VAIFY10";NA;NA;"Ativa";"IBGE/SCN 2010 Anual";"Contas nacionais";"PIB - serviços - intermediação financeira - preços correntes";"Produto interno bruto (PIB) - serviços - intermediação financeira, seguros e previdência complementar e serviços relacionados a preços correntes";"Não oculta";"Internet";720;0;0;"Incluída em 10 / abril / 2015. Encadeada 26/fevereiro/2018";NA;"SCN10";"Internet";"Macro"
"10022";"SCN10_VAALY10";NA;NA;"Ativa";"IBGE/SCN 2010 Anual";"Contas nacionais";"PIB - serviços - atividades imobiliárias - preços correntes";"Produto interno bruto (PIB) - serviços - atividades imobiliárias a preços correntes";"Não oculta";"Internet";720;0;0;"Incluída em 10 / abril / 2015. Encadeada 26/fevereiro/2018";NA;"SCN10";"Internet";"Macro"
"10023";"SCN10_VAOUTSY10";NA;NA;"Ativa";"IBGE/SCN 2010 Anual";"Contas nacionais";"PIB - serviços - outros - preços correntes";"Produto interno bruto (PIB) - serviços - outros a preços correntes";"Não oculta";"Internet";720;0;0;"Incluída em 10 / abril / 2015. Encadeada 26/fevereiro/2018";NA;"SCN10";"Internet";"Macro"
"10024";"SCN10_AADMY10";NA;NA;"Ativa";"IBGE/SCN 2010 Anual";"Contas nacionais";"PIB - serviços - administração, saúde e educação públicas e seguridade social - preços correntes";"Produto interno bruto (PIB) - serviços - administração, saúde e educação públicas e seguridade social a preços correntes";"Não oculta";"Internet";720;0;0;"Incluída em 10 / abril / 2015. Encadeada 26/fevereiro/2018";NA;"SCN10";"Internet";"Macro"
"10025";"SCN104_PIBAGRBM104";NA;NA;"Ativa";"IBGE/SCN 2010 Trim.";"Contas nacionais";"PIB - agropecuária - base móvel (média do ano anterior = 100)";"Produto interno bruto (PIB) - agropecuária: base móvel (média do ano anterior = 100)";"Não oculta";"Internet";90;0;0;"Incluída em 10 / maio / 2015.";NA;"SCN104";"Internet";"Macro"
"10026";"SCN104_PIBIEXBM104";NA;NA;"Ativa";"IBGE/SCN 2010 Trim.";"Contas nacionais";"PIB - indústria - extrativa mineral - base móvel (média do ano anterior = 100)";"Produto interno bruto (PIB) - indústria extrativa mineral: base móvel (média do ano anterior = 100)";"Não oculta";"Internet";90;0;0;"Incluída em 10 / maio / 2015.";NA;"SCN104";"Internet";"Macro"
"10027";"SCN104_PIBITRBM104";NA;NA;"Ativa";"IBGE/SCN 2010 Trim.";"Contas nacionais";"PIB - indústria - transformação - base móvel (média do ano anterior = 100)";"Produto interno bruto (PIB) - indústria de transformação: base móvel (média do ano anterior = 100)";"Não oculta";"Internet";90;0;0;"Incluída em 10 / maio / 2015.";NA;"SCN104";"Internet";"Macro"
"10028";"SCN104_PIBICCBM104";NA;NA;"Ativa";"IBGE/SCN 2010 Trim.";"Contas nacionais";"PIB - indústria - construção - base móvel (média do ano anterior = 100)";"Produto interno bruto (PIB) - indústria da construção civil: base móvel (média do ano anterior = 100)";"Não oculta";"Internet";90;0;0;"Incluída em 10 / maio / 2015.";NA;"SCN104";"Internet";"Macro"
"10029";"SCN104_PIBIUPBM104";NA;NA;"Ativa";"IBGE/SCN 2010 Trim.";"Contas nacionais";"PIB - indústria - elet., gás e saneamento básico - base móvel (média do ano anterior = 100)";"Produto interno bruto (PIB) - indústria - produção e distribuição - eletricidade e gás, água, esgoto e limpeza urbana: base móvel (média do ano anterior = 100)";"Não oculta";"Internet";90;0;0;"Incluída em 10 / maio / 2015.";NA;"SCN104";"Internet";"Macro"
"10030";"SCN104_PIBINDBM104";NA;NA;"Ativa";"IBGE/SCN 2010 Trim.";"Contas nacionais";"PIB - indústria - base móvel (média do ano anterior = 100)";"Produto interno bruto (PIB) - indústria: base móvel (média do ano anterior = 100)";"Não oculta";"Internet";90;0;0;"Incluída em 10 / maio / 2015.";NA;"SCN104";"Internet";"Macro"
"10031";"SCN104_PIBSCOBM104";NA;NA;"Ativa";"IBGE/SCN 2010 Trim.";"Contas nacionais";"PIB - serviços - comércio - base móvel (média do ano anterior = 100)";"Produto interno bruto (PIB) - serviços - comércio: base móvel (média do ano anterior = 100)";"Não oculta";"Internet";90;0;0;"Incluída em 10 / maio / 2015.";NA;"SCN104";"Internet";"Macro"
"10032";"SCN104_PIBSTRBM104";NA;NA;"Ativa";"IBGE/SCN 2010 Trim.";"Contas nacionais";"PIB - serviços - transp., armazenagem e correio - base móvel (média do ano anterior=100)";"Produto interno bruto (PIB) - serviços - transporte, armazenagem e correio: base móvel (média do ano anterior = 100)";"Não oculta";"Internet";90;0;0;"Incluída em 10 / maio / 2015.";NA;"SCN104";"Internet";"Macro"
"10033";"SCN104_PIBSCMNBM104";NA;NA;"Ativa";"IBGE/SCN 2010 Trim.";"Contas nacionais";"PIB - serviços - serviços de informação - base móvel (média do ano anterior = 100)";"Produto interno bruto (PIB) - serviços - serviços de informação: base móvel (média do ano anterior = 100)";"Não oculta";"Internet";90;0;0;"Incluída em 10 / maio / 2015.";NA;"SCN104";"Internet";"Macro"
"10034";"SCN104_PIBSIFBM104";NA;NA;"Ativa";"IBGE/SCN 2010 Trim.";"Contas nacionais";"PIB - serviços - intermediação financeira - base móvel (média do ano anterior =100)";"Produto interno bruto (PIB) - serviços - intermediação financeira e seguros: base móvel (média do ano anterior = 100)";"Não oculta";"Internet";90;0;0;"Incluída em 10 / maio / 2015.";NA;"SCN104";"Internet";"Macro"
"10035";"SCN104_PIBSOSBM104";NA;NA;"Ativa";"IBGE/SCN 2010 Trim.";"Contas nacionais";"PIB - serviços - outros - base móvel (média do ano anterior = 100)";"Produto interno bruto (PIB) - serviços - outros serviços: base móvel (média do ano anterior = 100)";"Não oculta";"Internet";90;0;0;"Incluída em 10 / maio / 2015.";NA;"SCN104";"Internet";"Macro"
"10036";"SCN104_PIBSALBM104";NA;NA;"Ativa";"IBGE/SCN 2010 Trim.";"Contas nacionais";"PIB - serviços - imobiliários e aluguel - base móvel (média do ano anterior = 100)";"Produto interno bruto (PIB) - serviços - serviços imobiliários e aluguel: base móvel (média do ano anterior = 100)";"Não oculta";"Internet";90;0;0;"Incluída em 10 / maio / 2015.";NA;"SCN104";"Internet";"Macro"
"10037";"SCN104_PIBSAPBM104";NA;NA;"Ativa";"IBGE/SCN 2010 Trim.";"Contas nacionais";"PIB - serviços - APU, educação e saúde públicas - base móvel (média do ano anterior = 100)";"Produto interno bruto (PIB) - serviços - administração pública, educação pública e saúde pública: base móvel (média do ano anterior = 100)";"Não oculta";"Internet";90;0;0;"Incluída em 10 / maio / 2015.";NA;"SCN104";"Internet";"Macro"
"10038";"SCN104_PIBSERBM104";NA;NA;"Ativa";"IBGE/SCN 2010 Trim.";"Contas nacionais";"PIB - serviços - base móvel (média do ano anterior = 100)";"Produto interno bruto (PIB) - serviços: base móvel (média do ano anterior = 100)";"Não oculta";"Internet";90;0;0;"Incluída em 10 / maio / 2015.";NA;"SCN104";"Internet";"Macro"
"10039";"SCN104_PIBBM104";NA;NA;"Ativa";"IBGE/SCN 2010 Trim.";"Contas nacionais";"PIB - preços básicos - base móvel (média do ano anterior = 100)";"Produto interno bruto (PIB) a preços básicos: base móvel (média do ano anterior = 100)";"Não oculta";"Internet";90;0;0;"Incluída em 10 / maio / 2015.";NA;"SCN104";"Internet";"Macro"
"10040";"SCN104_PIBIVABM104";NA;NA;"Ativa";"IBGE/SCN 2010 Trim.";"Contas nacionais";"PIB - impostos sobre produtos - base móvel (média do ano anterior = 100)";"Produto interno bruto (PIB) - impostos sobre produtos: base móvel (média do ano anterior = 100)";"Não oculta";"Internet";90;0;0;"Incluída em 10 / maio / 2015.";NA;"SCN104";"Internet";"Macro"
"10041";"SCN104_PIBPMBM104";NA;NA;"Ativa";"IBGE/SCN 2010 Trim.";"Contas nacionais";"PIB - preços de mercado - base móvel (média do ano anterior = 100)";"Produto interno bruto (PIB) a preços de mercado: base móvel (média do ano anterior = 100)";"Não oculta";"Internet";90;0;0;"Incluída em 10 / maio / 2015.";NA;"SCN104";"Internet";"Macro"
"10042";"SCN104_CFPPBM104";NA;NA;"Ativa";"IBGE/SCN 2010 Trim.";"Contas nacionais";"Consumo final - famílias - base móvel (média do ano anterior = 100)";"Consumo final das famílias: base móvel (média do ano anterior = 100)";"Não oculta";"Internet";90;0;0;"Incluída em 10 / maio / 2015.";NA;"SCN104";"Internet";"Macro"
"10043";"SCN104_CFGGBM104";NA;NA;"Ativa";"IBGE/SCN 2010 Trim.";"Contas nacionais";"Consumo final - APU - base móvel (média do ano anterior = 100)";"Consumo final da administração pública: base móvel (média do ano anterior = 100)";"Não oculta";"Internet";90;0;0;"Incluída em 10 / maio / 2015.";NA;"SCN104";"Internet";"Macro"
"10044";"SCN104_FBKFBM104";NA;NA;"Ativa";"IBGE/SCN 2010 Trim.";"Contas nacionais";"Capital fixo - formação bruta - base móvel (média do ano anterior = 100)";"Formação bruta de capital fixo: base móvel (média do ano anterior = 100)";"Não oculta";"Internet";90;0;0;"Incluída em 10 / maio / 2015.";NA;"SCN104";"Internet";"Macro"
"10045";"SCN104_XBSZBM104";NA;NA;"Ativa";"IBGE/SCN 2010 Trim.";"Contas nacionais";"Exportações - bens e serviços - base móvel (média do ano anterior = 100)";"Exportações de bens e serviços: base móvel (média do ano anterior = 100)";"Não oculta";"Internet";90;0;0;"Incluída em 10 / maio / 2015.";NA;"SCN104";"Internet";"Macro"
"10046";"SCN104_MBSZBM104";NA;NA;"Ativa";"IBGE/SCN 2010 Trim.";"Contas nacionais";"Importações - bens e serviços - base móvel (média do ano anterior = 100)";"Importações de bens e serviços: base móvel (média do ano anterior = 100)";"Não oculta";"Internet";90;0;0;"Incluída em 10 / maio / 2015.";NA;"SCN104";"Internet";"Macro"
"10047";"SCN104_PIBAGR104";NA;NA;"Ativa";"IBGE/SCN 2010 Trim.";"Contas nacionais";"PIB - agropecuária - índice encadeado (média 1995 = 100)";"Produto interno bruto (PIB) - agropecuária: índice encadeado (média 1995 = 100)";"Não oculta";"Internet";90;0;0;"Incluída em 10 / maio / 2015.";NA;"SCN104";"Internet";"Macro"
"10048";"SCN104_PIBIEX104";NA;NA;"Ativa";"IBGE/SCN 2010 Trim.";"Contas nacionais";"PIB - indústria - extrativa mineral - índice encadeado (média 1995 = 100)";"Produto interno bruto (PIB) - indústria extrativa mineral: índice encadeado (média 1995 = 100)";"Não oculta";"Internet";90;0;0;"Incluída em 10 / maio / 2015.";NA;"SCN104";"Internet";"Macro"
"10049";"SCN104_PIBITR104";NA;NA;"Ativa";"IBGE/SCN 2010 Trim.";"Contas nacionais";"PIB - indústria - transformação - índice encadeado (média 1995 = 100)";"Produto interno bruto (PIB) - indústria de transformação: índice encadeado (média 1995 = 100)";"Não oculta";"Internet";90;0;0;"Incluída em 10 / maio / 2015.";NA;"SCN104";"Internet";"Macro"
"10050";"SCN104_PIBICC104";NA;NA;"Ativa";"IBGE/SCN 2010 Trim.";"Contas nacionais";"PIB - indústria - construção - índice encadeado (média 1995 = 100)";"Produto interno bruto (PIB) - indústria da construção civil: índice encadeado (média 1995 = 100)";"Não oculta";"Internet";90;0;0;"Incluída em 10 / maio / 2015.";NA;"SCN104";"Internet";"Macro"
"10051";"SCN104_PIBIUP104";NA;NA;"Ativa";"IBGE/SCN 2010 Trim.";"Contas nacionais";"PIB - indústria - elet., gás e saneamento básico - índice encadeado (média 1995 = 100)";"Produto interno bruto (PIB) - indústria - produção e distribuição - eletricidade e gás, água, esgoto e limpeza urbana: índice encadeado (média 1995 = 100)";"Não oculta";"Internet";90;0;0;"Incluída em 10 / maio / 2015.";NA;"SCN104";"Internet";"Macro"
"10052";"SCN104_PIBIND104";NA;NA;"Ativa";"IBGE/SCN 2010 Trim.";"Contas nacionais";"PIB - indústria - índice encadeado (média 1995 = 100)";"Produto interno bruto (PIB) - indústria: índice encadeado (média 1995 = 100)";"Não oculta";"Internet";90;0;0;"Incluída em 10 / maio / 2015.";NA;"SCN104";"Internet";"Macro"
"10053";"SCN104_PIBSCO104";NA;NA;"Ativa";"IBGE/SCN 2010 Trim.";"Contas nacionais";"PIB - serviços - comércio - índice encadeado (média 1995 = 100)";"Produto interno bruto (PIB) - serviços - comércio: índice encadeado (média 1995 = 100)";"Não oculta";"Internet";90;0;0;"Incluída em 10 / maio / 2015.";NA;"SCN104";"Internet";"Macro"
"10054";"SCN104_PIBSTR104";NA;NA;"Ativa";"IBGE/SCN 2010 Trim.";"Contas nacionais";"PIB - serviços - transp., armazenagem e correio - índice encadeado (média 1995 = 100)";"Produto interno bruto (PIB) - serviços - transporte, armazenagem e correio: índice encadeado (média 1995 = 100)";"Não oculta";"Internet";90;0;0;"Incluída em 10 / maio / 2015.";NA;"SCN104";"Internet";"Macro"
"10055";"SCN104_PIBSCMN104";NA;NA;"Ativa";"IBGE/SCN 2010 Trim.";"Contas nacionais";"PIB - serviços - serviços de informação - índice encadeado (média 1995 = 100)";"Produto interno bruto (PIB) - serviços - serviços de informação: índice encadeado (média 1995 = 100)";"Não oculta";"Internet";90;0;0;"Incluída em 10 / maio / 2015.";NA;"SCN104";"Internet";"Macro"
"10056";"SCN104_PIBSIF104";NA;NA;"Ativa";"IBGE/SCN 2010 Trim.";"Contas nacionais";"PIB - serviços - intermediação financeira - índice encadeado (média 1995 = 100)";"Produto interno bruto (PIB) - serviços - intermediação financeira e seguros: índice encadeado (média 1995 = 100)";"Não oculta";"Internet";90;0;0;"Incluída em 10 / maio / 2015.";NA;"SCN104";"Internet";"Macro"
"10057";"SCN104_PIBSOS104";NA;NA;"Ativa";"IBGE/SCN 2010 Trim.";"Contas nacionais";"PIB - serviços - outros - índice encadeado (média 1995 = 100)";"Produto interno bruto (PIB) - serviços - outros serviços: índice encadeado (média 1995 = 100)";"Não oculta";"Internet";90;0;0;"Incluída em 10 / maio / 2015.";NA;"SCN104";"Internet";"Macro"
"10058";"SCN104_PIBSAL104";NA;NA;"Ativa";"IBGE/SCN 2010 Trim.";"Contas nacionais";"PIB - serviços - imobiliários e aluguel - índice encadeado (média 1995 = 100)";"Produto interno bruto (PIB) - serviços - serviços imobiliários e aluguel: índice encadeado (média 1995 = 100)";"Não oculta";"Internet";90;0;0;"Incluída em 10 / maio / 2015.";NA;"SCN104";"Internet";"Macro"
"10059";"SCN104_PIBSAP104";NA;NA;"Ativa";"IBGE/SCN 2010 Trim.";"Contas nacionais";"PIB - serviços - APU, educação e saúde públicas - índice encadeado (média 1995 = 100)";"Produto interno bruto (PIB) - serviços - administração pública, educação pública e saúde pública: índice encadeado (média 1995 = 100)";"Não oculta";"Internet";90;0;0;"Incluída em 10 / maio / 2015.";NA;"SCN104";"Internet";"Macro"
"10060";"SCN104_PIBSER104";NA;NA;"Ativa";"IBGE/SCN 2010 Trim.";"Contas nacionais";"PIB - serviços - índice encadeado (média 1995 = 100)";"Produto interno bruto (PIB) - serviços: índice encadeado (média 1995 = 100)";"Não oculta";"Internet";90;0;0;"Incluída em 10 / maio / 2015.";NA;"SCN104";"Internet";"Macro"
"10061";"SCN104_PIB104";NA;NA;"Ativa";"IBGE/SCN 2010 Trim.";"Contas nacionais";"PIB - preços básicos - índice encadeado (média 1995 = 100)";"Produto interno bruto (PIB) a preços básicos: índice encadeado (média 1995 = 100)";"Não oculta";"Internet";90;0;0;"Incluída em 10 / maio / 2015.";NA;"SCN104";"Internet";"Macro"
"10062";"SCN104_PIBIVA104";NA;NA;"Ativa";"IBGE/SCN 2010 Trim.";"Contas nacionais";"PIB - impostos sobre produtos - índice encadeado (média 1995 = 100)";"Produto interno bruto (PIB) - impostos sobre produtos: índice encadeado (média 1995 = 100)";"Não oculta";"Internet";90;0;0;"Incluída em 10 / maio / 2015.";NA;"SCN104";"Internet";"Macro"
"10063";"SCN104_PIBPM104";NA;NA;"Ativa";"IBGE/SCN 2010 Trim.";"Contas nacionais";"PIB - preços de mercado - índice encadeado (média 1995 = 100)";"Produto interno bruto (PIB) a preços de mercado: índice encadeado (média 1995 = 100)";"Não oculta";"Internet";90;0;0;"Incluída em 10 / maio / 2015.";NA;"SCN104";"Internet";"Macro"
"10064";"SCN104_CFPPI104";NA;NA;"Ativa";"IBGE/SCN 2010 Trim.";"Contas nacionais";"Consumo final - famílias - índice encadeado (média 1995 = 100)";"Consumo final das famílias: índice encadeado (média 1995 = 100)";"Não oculta";"Internet";90;0;0;"Incluída em 10 / maio / 2015.";NA;"SCN104";"Internet";"Macro"
"10065";"SCN104_CFGGI104";NA;NA;"Ativa";"IBGE/SCN 2010 Trim.";"Contas nacionais";"Consumo final - APU - índice encadeado (média 1995 = 100)";"Consumo final da administração pública: índice encadeado (média 1995 = 100)";"Não oculta";"Internet";90;0;0;"Incluída em 10 / maio / 2015.";NA;"SCN104";"Internet";"Macro"
"10066";"SCN104_FBKFI104";NA;NA;"Ativa";"IBGE/SCN 2010 Trim.";"Contas nacionais";"Capital fixo - formação bruta - índice encadeado (média 1995 = 100)";"Formação bruta de capital fixo: índice encadeado (média 1995 = 100)";"Não oculta";"Internet";90;0;0;"Incluída em 10 / maio / 2015.";NA;"SCN104";"Internet";"Macro"
"10067";"SCN104_XBSZI104";NA;NA;"Ativa";"IBGE/SCN 2010 Trim.";"Contas nacionais";"Exportações - bens e serviços - índice encadeado (média 1995 = 100)";"Exportações de bens e serviços: índice encadeado (média 1995 = 100)";"Não oculta";"Internet";90;0;0;"Incluída em 10 / maio / 2015.";NA;"SCN104";"Internet";"Macro"
"10068";"SCN104_MBSZI104";NA;NA;"Ativa";"IBGE/SCN 2010 Trim.";"Contas nacionais";"Importações - bens e serviços - índice encadeado (média 1995 = 100)";"Importações de bens e serviços: índice encadeado (média 1995 = 100)";"Não oculta";"Internet";90;0;0;"Incluída em 10 / maio / 2015.";NA;"SCN104";"Internet";"Macro"
"10069";"SCN104_PIBAGPV104";NA;NA;"Ativa";"IBGE/SCN 2010 Trim.";"Contas nacionais";"PIB - agropecuária";"Produto interno bruto (PIB) - agropecuária";"Não oculta";"Internet";90;0;0;"Incluída em 10 / maio / 2015.";NA;"SCN104";"Internet";"Macro"
"10070";"SCN104_PIBIEXV104";NA;NA;"Ativa";"IBGE/SCN 2010 Trim.";"Contas nacionais";"PIB - indústria - extrativa mineral";"Produto interno bruto (PIB) - indústria extrativa mineral";"Não oculta";"Internet";90;0;0;"Incluída em 10 / maio / 2015.";NA;"SCN104";"Internet";"Macro"
"10071";"SCN104_PIBITRV104";NA;NA;"Ativa";"IBGE/SCN 2010 Trim.";"Contas nacionais";"PIB - indústria - transformação";"Produto interno bruto (PIB) - indústria de transformação";"Não oculta";"Internet";90;0;0;"Incluída em 10 / maio / 2015.";NA;"SCN104";"Internet";"Macro"
"10072";"SCN104_PIBICCV104";NA;NA;"Ativa";"IBGE/SCN 2010 Trim.";"Contas nacionais";"PIB - indústria - construção";"Produto interno bruto (PIB) - indústria da construção civil";"Não oculta";"Internet";90;0;0;"Incluída em 10 / maio / 2015.";NA;"SCN104";"Internet";"Macro"
"10073";"SCN104_PIBIUPV104";NA;NA;"Ativa";"IBGE/SCN 2010 Trim.";"Contas nacionais";"PIB - indústria - elet., gás e saneamento básico";"Produto interno bruto (PIB) - indústria - produção e distribuição - eletricidade e gás, água, esgoto e limpeza urbana";"Não oculta";"Internet";90;0;0;"Incluída em 10 / maio / 2015.";NA;"SCN104";"Internet";"Macro"
"10074";"SCN104_PIBINDV104";NA;NA;"Ativa";"IBGE/SCN 2010 Trim.";"Contas nacionais";"PIB - indústria";"Produto interno bruto (PIB) - indústria";"Não oculta";"Internet";90;0;0;"Incluída em 10 / maio / 2015.";NA;"SCN104";"Internet";"Macro"
"10075";"SCN104_PIBSCOV104";NA;NA;"Ativa";"IBGE/SCN 2010 Trim.";"Contas nacionais";"PIB - serviços - comércio";"Produto interno bruto (PIB) - serviços - comércio";"Não oculta";"Internet";90;0;0;"Incluída em 10 / maio / 2015.";NA;"SCN104";"Internet";"Macro"
"10076";"SCN104_PIBSTRV104";NA;NA;"Ativa";"IBGE/SCN 2010 Trim.";"Contas nacionais";"PIB - serviços - transp., armazenagem e correio";"Produto interno bruto (PIB) - serviços - transporte, armazenagem e correio";"Não oculta";"Internet";90;0;0;"Incluída em 10 / maio / 2015.";NA;"SCN104";"Internet";"Macro"
"10077";"SCN104_PIBSCMNV104";NA;NA;"Ativa";"IBGE/SCN 2010 Trim.";"Contas nacionais";"PIB - serviços - serviços de informação";"Produto interno bruto (PIB) - serviços - serviços de informação";"Não oculta";"Internet";90;0;0;"Incluída em 10 / maio / 2015.";NA;"SCN104";"Internet";"Macro"
"10078";"SCN104_PIBSIFV104";NA;NA;"Ativa";"IBGE/SCN 2010 Trim.";"Contas nacionais";"PIB - serviços - intermediação financeira";"Produto interno bruto (PIB) - serviços - intermediação financeira e seguros";"Não oculta";"Internet";90;0;0;"Incluída em 10 / maio / 2015.";NA;"SCN104";"Internet";"Macro"
"10079";"SCN104_PIBSOSV104";NA;NA;"Ativa";"IBGE/SCN 2010 Trim.";"Contas nacionais";"PIB - serviços - outros";"Produto interno bruto (PIB) - serviços - outros serviços";"Não oculta";"Internet";90;0;0;"Incluída em 10 / maio / 2015.";NA;"SCN104";"Internet";"Macro"
"10080";"SCN104_PIBSALV104";NA;NA;"Ativa";"IBGE/SCN 2010 Trim.";"Contas nacionais";"PIB - serviços - imobiliários e aluguel";"Produto interno bruto (PIB) - serviços - serviços imobiliários e aluguel";"Não oculta";"Internet";90;0;0;"Incluída em 10 / maio / 2015.";NA;"SCN104";"Internet";"Macro"
"10081";"SCN104_PIBSAPV104";NA;NA;"Ativa";"IBGE/SCN 2010 Trim.";"Contas nacionais";"PIB - serviços - APU, educação e saúde públicas";"Produto interno bruto (PIB) - serviços - administração pública, educação pública e saúde pública";"Não oculta";"Internet";90;0;0;"Incluída em 10 / maio / 2015.";NA;"SCN104";"Internet";"Macro"
"10082";"SCN104_PIBSERV104";NA;NA;"Ativa";"IBGE/SCN 2010 Trim.";"Contas nacionais";"PIB - serviços";"Produto interno bruto (PIB) - serviços";"Não oculta";"Internet";90;0;0;"Incluída em 10 / maio / 2015.";NA;"SCN104";"Internet";"Macro"
"10083";"SCN104_PIBPBN104";NA;NA;"Ativa";"IBGE/SCN 2010 Trim.";"Contas nacionais";"PIB - preços básicos";"Produto interno bruto (PIB) a preços básicos";"Não oculta";"Internet";90;0;0;"Incluída em 10 / maio / 2015.";NA;"SCN104";"Internet";"Macro"
"10084";"SCN104_PIBIVAV104";NA;NA;"Ativa";"IBGE/SCN 2010 Trim.";"Contas nacionais";"PIB - impostos sobre produtos";"Produto interno bruto (PIB) - impostos sobre produtos";"Não oculta";"Internet";90;0;0;"Incluída em 10 / maio / 2015.";NA;"SCN104";"Internet";"Macro"
"10085";"SCN104_PIBPMV104";NA;NA;"Ativa";"IBGE/SCN 2010 Trim.";"Contas nacionais";"PIB - preços de mercado";"Produto interno bruto (PIB) a preços de mercado";"Não oculta";"Internet";90;0;0;"Incluída em 10 / maio / 2015.";NA;"SCN104";"Internet";"Macro"
"10086";"SCN104_CFPPN104";NA;NA;"Ativa";"IBGE/SCN 2010 Trim.";"Contas nacionais";"Consumo final - famílias";"Consumo final das famílias";"Não oculta";"Internet";90;0;0;"Incluída em 10 / maio / 2015.";NA;"SCN104";"Internet";"Macro"
"10087";"SCN104_CFGGN104";NA;NA;"Ativa";"IBGE/SCN 2010 Trim.";"Contas nacionais";"Consumo final - APU";"Consumo final da administração pública";"Não oculta";"Internet";90;0;0;"Incluída em 10 / maio / 2015.";NA;"SCN104";"Internet";"Macro"
"10088";"SCN104_FBKFN104";NA;NA;"Ativa";"IBGE/SCN 2010 Trim.";"Contas nacionais";"Capital fixo - formação bruta";"Formação bruta de capital fixo";"Não oculta";"Internet";90;0;0;"Incluída em 10 / maio / 2015.";NA;"SCN104";"Internet";"Macro"
"10089";"SCN104_VESTON104";NA;NA;"Ativa";"IBGE/SCN 2010 Trim.";"Contas nacionais";"Capital - formação bruta - variação de estoque";"Formação bruta de capital - variação de estoque";"Não oculta";"Internet";90;0;0;"Incluída em 10 / maio / 2015.";NA;"SCN104";"Internet";"Macro"
"10090";"SCN104_XBSZN104";NA;NA;"Ativa";"IBGE/SCN 2010 Trim.";"Contas nacionais";"Exportações - bens e serviços";"Exportações de bens e serviços";"Não oculta";"Internet";90;0;0;"Incluída em 10 / maio / 2015.";NA;"SCN104";"Internet";"Macro"
"10091";"SCN104_MBSZN104";NA;NA;"Ativa";"IBGE/SCN 2010 Trim.";"Contas nacionais";"Importações - bens e serviços";"Importações de bens e serviços";"Não oculta";"Internet";90;0;0;"Incluída em 10 / maio / 2015.";NA;"SCN104";"Internet";"Macro"
"10092";"SCN104_PIBAGPAS104";NA;NA;"Ativa";"IBGE/SCN 2010 Trim.";"Contas nacionais";"PIB - agropecuária - índice encadeado - dessaz. (média 1995 = 100)";"Produto interno bruto (PIB) - agropecuária: índice encadeado dessazonalizado (média 1995 = 100)";"Não oculta";"Internet";90;0;0;"Incluída em 10 / maio / 2015.";NA;"SCN104";"Internet";"Macro"
"10093";"SCN104_PIBIEXAS104";NA;NA;"Ativa";"IBGE/SCN 2010 Trim.";"Contas nacionais";"PIB - indústria - extrativa mineral - índice encadeado - dessaz. (média 1995 = 100)";"Produto interno bruto (PIB) - indústria extrativa mineral: índice encadeado dessazonalizado (média 1995 = 100)";"Não oculta";"Internet";90;0;0;"Incluída em 10 / maio / 2015.";NA;"SCN104";"Internet";"Macro"
"10094";"SCN104_PIBITRAS104";NA;NA;"Ativa";"IBGE/SCN 2010 Trim.";"Contas nacionais";"PIB - indústria - transformação - índice encadeado - dessaz. (média 1995 = 100)";"Produto interno bruto (PIB) - indústria de transformação: índice encadeado dessazonalizado (média 1995 = 100)";"Não oculta";"Internet";90;0;0;"Incluída em 10 / maio / 2015.";NA;"SCN104";"Internet";"Macro"
"10095";"SCN104_PIBICCAS104";NA;NA;"Ativa";"IBGE/SCN 2010 Trim.";"Contas nacionais";"PIB - indústria - construção - índice encadeado - dessaz. (média 1995 = 100)";"Produto interno bruto (PIB) - indústria da construção civil: índice encadeado dessazonalizado (média 1995 = 100)";"Não oculta";"Internet";90;0;0;"Incluída em 10 / maio / 2015.";NA;"SCN104";"Internet";"Macro"
"10096";"SCN104_PIBIUPAS104";NA;NA;"Ativa";"IBGE/SCN 2010 Trim.";"Contas nacionais";"PIB - indústria - elet.,gás e saneamento básico - índice encadeado - dessaz.(média 1995 = 100)";"Produto interno bruto (PIB) - indústria - produção e distribuição - eletricidade e gás, água, esgoto e limpeza urbana: índice encadeado dessazonalizado (média 1995 = 100)";"Não oculta";"Internet";90;0;0;"Incluída em 10 / maio / 2015.";NA;"SCN104";"Internet";"Macro"
"10097";"SCN104_PIBINDAS104";NA;NA;"Ativa";"IBGE/SCN 2010 Trim.";"Contas nacionais";"PIB - indústria - índice encadeado - dessaz. (média 1995 = 100)";"Produto interno bruto (PIB) - indústria: índice encadeado dessazonalizado (média 1995 = 100)";"Não oculta";"Internet";90;0;0;"Incluída em 10 / maio / 2015.";NA;"SCN104";"Internet";"Macro"
"10098";"SCN104_PIBSCOAS104";NA;NA;"Ativa";"IBGE/SCN 2010 Trim.";"Contas nacionais";"PIB - serviços - comércio - índice encadeado - dessaz. (média 1995 = 100)";"Produto interno bruto (PIB) - serviços - comércio: índice encadeado dessazonalizado (média 1995 = 100)";"Não oculta";"Internet";90;0;0;"Incluída em 10 / maio / 2015.";NA;"SCN104";"Internet";"Macro"
"10099";"SCN104_PIBSTRAS104";NA;NA;"Ativa";"IBGE/SCN 2010 Trim.";"Contas nacionais";"PIB - serviços - transp., armazenagem e correio - índ.encadeado - dessaz.(média 1995=100)";"Produto interno bruto (PIB) - serviços - transporte, armazenagem e correio: índice encadeado dessazonalizado (média 1995 = 100)";"Não oculta";"Internet";90;0;0;"Incluída em 10 / maio / 2015.";NA;"SCN104";"Internet";"Macro"
"10100";"SCN104_PIBSCMNAS104";NA;NA;"Ativa";"IBGE/SCN 2010 Trim.";"Contas nacionais";"PIB - serviços - serviços de informação - índice encadeado - dessaz. (média 1995 = 100)";"Produto interno bruto (PIB) - serviços - serviços de informação: índice encadeado dessazonalizado (média 1995 = 100)";"Não oculta";"Internet";90;0;0;"Incluída em 10 / maio / 2015.";NA;"SCN104";"Internet";"Macro"
"10101";"SCN104_PIBSIFAS104";NA;NA;"Ativa";"IBGE/SCN 2010 Trim.";"Contas nacionais";"PIB - serviços - intermediação financeira - índice encadeado - dessaz. (média 1995= 100)";"Produto interno bruto (PIB) - serviços - intermediação financeira e seguros: índice encadeado dessazonalizado (média 1995 = 100)";"Não oculta";"Internet";90;0;0;"Incluída em 10 / maio / 2015.";NA;"SCN104";"Internet";"Macro"
"10102";"SCN104_PIBSOSAS104";NA;NA;"Ativa";"IBGE/SCN 2010 Trim.";"Contas nacionais";"PIB - serviços - outros - índice encadeado - dessaz. (média 1995 = 100)";"Produto interno bruto (PIB) - serviços - outros serviços: índice encadeado dessazonalizado (média 1995 = 100)";"Não oculta";"Internet";90;0;0;"Incluída em 10 / maio / 2015.";NA;"SCN104";"Internet";"Macro"
"10103";"SCN104_PIBSALAS104";NA;NA;"Ativa";"IBGE/SCN 2010 Trim.";"Contas nacionais";"PIB - serviços - imobiliários e aluguel - índice encadeado - dessaz. (média 1995 = 100)";"Produto interno bruto (PIB) - serviços - serviços imobiliários e aluguel: índice encadeado dessazonalizado (média 1995 = 100)";"Não oculta";"Internet";90;0;0;"Incluída em 10 / maio / 2015.";NA;"SCN104";"Internet";"Macro"
"10104";"SCN104_PIBSAPAS104";NA;NA;"Ativa";"IBGE/SCN 2010 Trim.";"Contas nacionais";"PIB - serviços - APU, educação e saúde públicas - índice encadeado- dessaz. (média 1995 = 100)";"Produto interno bruto (PIB) - serviços - administração pública, educação pública e saúde pública: índice encadeado dessazonalizado (média 1995 = 100)";"Não oculta";"Internet";90;0;0;"Incluída em 10 / maio / 2015.";NA;"SCN104";"Internet";"Macro"
"10105";"SCN104_PIBSERAS104";NA;NA;"Ativa";"IBGE/SCN 2010 Trim.";"Contas nacionais";"PIB - serviços - índice encadeado - dessaz. (média 1995 = 100)";"Produto interno bruto (PIB) - serviços: índice encadeado dessazonalizado (média 1995 = 100)";"Não oculta";"Internet";90;0;0;"Incluída em 10 / maio / 2015.";NA;"SCN104";"Internet";"Macro"
"10106";"SCN104_PIBAS104";NA;NA;"Ativa";"IBGE/SCN 2010 Trim.";"Contas nacionais";"PIB - preços básicos - índice encadeado - dessaz. (média 1995 = 100)";"Produto interno bruto (PIB) a preços básicos: índice encadeado dessazonalizado (média 1995 = 100)";"Não oculta";"Internet";90;0;0;"Incluída em 10 / maio / 2015.";NA;"SCN104";"Internet";"Macro"
"10107";"SCN104_PIBPMAS104";NA;NA;"Ativa";"IBGE/SCN 2010 Trim.";"Contas nacionais";"PIB - preços de mercado - índice encadeado - dessaz. (média 1995 = 100)";"Produto interno bruto (PIB) a preços de mercado: índice encadeado dessazonalizado (média 1995 = 100)";"Não oculta";"Internet";90;0;0;"Incluída em 10 / maio / 2015.";NA;"SCN104";"Internet";"Macro"
"10108";"SCN104_PIBCPPAS104";NA;NA;"Ativa";"IBGE/SCN 2010 Trim.";"Contas nacionais";"Consumo final - famílias - índice encadeado - dessaz. (média 1995 = 100)";"Consumo final das famílias: índice encadeado dessazonalizado (média 1995 = 100)";"Não oculta";"Internet";90;0;0;"Incluída em 10 / maio / 2015.";NA;"SCN104";"Internet";"Macro"
"10109";"SCN104_PIBCGGAS104";NA;NA;"Ativa";"IBGE/SCN 2010 Trim.";"Contas nacionais";"Consumo final - APU - índice encadeado - dessaz. (média 1995 = 100)";"Consumo final da administração pública: índice encadeado dessazonalizado (média 1995 = 100)";"Não oculta";"Internet";90;0;0;"Incluída em 10 / maio / 2015.";NA;"SCN104";"Internet";"Macro"
"10110";"SCN104_PIBFBKFAS104";NA;NA;"Ativa";"IBGE/SCN 2010 Trim.";"Contas nacionais";"Capital fixo - formação bruta - índice encadeado - dessaz. (média 1995 = 100)";"Formação bruta de capital fixo: índice encadeado dessazonalizado (média 1995 = 100)";"Não oculta";"Internet";90;0;0;"Incluída em 10 / maio / 2015.";NA;"SCN104";"Internet";"Macro"
"10111";"SCN104_PIBXBSZAS104";NA;NA;"Ativa";"IBGE/SCN 2010 Trim.";"Contas nacionais";"Exportações - bens e serviços - índice encadeado - dessaz. (média 1995 = 100)";"Exportações de bens e serviços: índice encadeado dessazonalizado (média 1995 = 100)";"Não oculta";"Internet";90;0;0;"Incluída em 10 / maio / 2015.";NA;"SCN104";"Internet";"Macro"
"10112";"SCN104_PIBMBSZAS104";NA;NA;"Ativa";"IBGE/SCN 2010 Trim.";"Contas nacionais";"Importações - bens e serviços - índice encadeado - dessaz. (média 1995 = 100)";"Importações de bens e serviços: índice encadeado dessazonalizado (média 1995 = 100)";"Não oculta";"Internet";90;0;0;"Incluída em 10 / maio / 2015.";NA;"SCN104";"Internet";"Macro"
"10113";"SCN104_RLEX1N104";NA;NA;"Ativa";"IBGE/SCN 2010 Trim.";"Contas nacionais";"Ordenados e salários - líquidos recebidos do exterior";"Ordenados e salários - líquidos recebidos do exterior";"Não oculta";"Internet";90;0;0;"Incluída em 10 / maio / 2015.";NA;"SCN104";"Internet";"Macro"
"10114";"SCN104_RLEX2N104";NA;NA;"Ativa";"IBGE/SCN 2010 Trim.";"Contas nacionais";"Rendas de propriedade - líquidas recebidas do exterior";"Rendas de propriedade - líquidas recebidas do exterior";"Não oculta";"Internet";90;0;0;"Incluída em 10 / maio / 2015.";NA;"SCN104";"Internet";"Macro"
"10115";"SCN104_PNBN104";NA;NA;"Ativa";"IBGE/SCN 2010 Trim.";"Contas nacionais";"Renda nacional bruta";"Renda nacional bruta";"Não oculta";"Internet";90;0;0;"Incluída em 10 / maio / 2015.";NA;"SCN104";"Internet";"Macro"
"10116";"SCN104_TRUNIN104";NA;NA;"Ativa";"IBGE/SCN 2010 Trim.";"Contas nacionais";"Outras transferências correntes - líquidas recebidas do exterior - total";"Outras transferências correntes - líquidas recebidas do exterior - total";"Não oculta";"Internet";90;0;0;"Incluída em 10 / maio / 2015.";NA;"SCN104";"Internet";"Macro"
"10117";"SCN104_RNDBN104";NA;NA;"Ativa";"IBGE/SCN 2010 Trim.";"Contas nacionais";"Renda nacional disponível bruta";"Renda nacional disponível bruta";"Não oculta";"Internet";90;0;0;"Incluída em 10 / maio / 2015.";NA;"SCN104";"Internet";"Macro"
"10118";"SCN104_SBN104";NA;NA;"Ativa";"IBGE/SCN 2010 Trim.";"Contas nacionais";"Poupança bruta";"Poupança bruta";"Não oculta";"Internet";90;0;0;"Incluída em 10 / maio / 2015.";NA;"SCN104";"Internet";"Macro"
"10119";"SCN104_NFB104";NA;NA;"Ativa";"IBGE/SCN 2010 Trim.";"Contas nacionais";"Capacidade / necessidade líquida de financiamento";"Capacidade / necessidade líquida de financiamento";"Não oculta";"Internet";90;0;0;"Incluída em 10 / maio / 2015.";NA;"SCN104";"Internet";"Macro"
"10120";"SCN104_PIBAGPG104";NA;NA;"Ativa";"IBGE/SCN 2010 Trim.";"Contas nacionais";"PIB - agropecuária   - var. real trim.";"Produto interno bruto (PIB) - agropecuária:  variação real trimestral sobre mesmo trimestre do ano anterior";"Não oculta";"Internet";90;0;0;"Incluída em 10 / maio / 2015.";NA;"SCN104";"Internet";"Macro"
"10121";"SCN104_PIBIEXG104";NA;NA;"Ativa";"IBGE/SCN 2010 Trim.";"Contas nacionais";"PIB - indústria - extrativa mineral - var. real trim.";"Produto interno bruto (PIB) - indústria extrativa mineral:  variação real trimestral sobre mesmo trimestre do ano anterior";"Não oculta";"Internet";90;0;0;"Incluída em 10 / maio / 2015.";NA;"SCN104";"Internet";"Macro"
"10122";"SCN104_PIBITRG104";NA;NA;"Ativa";"IBGE/SCN 2010 Trim.";"Contas nacionais";"PIB - indústria - transformação - var. real trim.";"Produto interno bruto (PIB) - indústria de transformação:  variação real trimestral sobre mesmo trimestre do ano anterior";"Não oculta";"Internet";90;0;0;"Incluída em 10 / maio / 2015.";NA;"SCN104";"Internet";"Macro"
"10123";"SCN104_PIBICCG104";NA;NA;"Ativa";"IBGE/SCN 2010 Trim.";"Contas nacionais";"PIB - indústria - construção - var. real trim.";"Produto interno bruto (PIB) - indústria da construção civil:  variação real trimestral sobre mesmo trimestre do ano anterior";"Não oculta";"Internet";90;0;0;"Incluída em 10 / maio / 2015.";NA;"SCN104";"Internet";"Macro"
"10124";"SCN104_PIBIUPG104";NA;NA;"Ativa";"IBGE/SCN 2010 Trim.";"Contas nacionais";"PIB - indústria - elet., gás, e saneamento básico - var. real trim";"Produto interno bruto (PIB) - indústria - produção e distribuição - eletricidade e gás, água, esgoto e limpeza urbana:  variação real trimestral sobre mesmo trimestre do ano anterior";"Não oculta";"Internet";90;0;0;"Incluída em 10 / maio / 2015.";NA;"SCN104";"Internet";"Macro"
"10125";"SCN104_PIBINDG104";NA;NA;"Ativa";"IBGE/SCN 2010 Trim.";"Contas nacionais";"PIB - indústria - var. real trim.";"Produto interno bruto (PIB) - indústria: variação real trimestral sobre mesmo trimestre do ano anterior";"Não oculta";"Internet";90;0;0;"Incluída em 10 / maio / 2015.";NA;"SCN104";"Internet";"Macro"
"10126";"SCN104_PIBSCOG104";NA;NA;"Ativa";"IBGE/SCN 2010 Trim.";"Contas nacionais";"PIB - serviços - comércio - var. real trim.";"Produto interno bruto (PIB) - serviços - comércio:  variação real trimestral sobre mesmo trimestre do ano anterior";"Não oculta";"Internet";90;0;0;"Incluída em 10 / maio / 2015.";NA;"SCN104";"Internet";"Macro"
"10127";"SCN104_PIBSTRG104";NA;NA;"Ativa";"IBGE/SCN 2010 Trim.";"Contas nacionais";"PIB - serviços - transp., armazenagem e correio - var. real trim.";"Produto interno bruto (PIB) - serviços - transporte, armazenagem e correio:  variação real trimestral sobre mesmo trimestre do ano anterior";"Não oculta";"Internet";90;0;0;"Incluída em 10 / maio / 2015.";NA;"SCN104";"Internet";"Macro"
"10128";"SCN104_PIBSCMNG104";NA;NA;"Ativa";"IBGE/SCN 2010 Trim.";"Contas nacionais";"PIB - serviços - serviços de informação - var. real trim.";"Produto interno bruto (PIB) - serviços - serviços de informação: variação real trimestral sobre mesmo trimestre do ano anterior";"Não oculta";"Internet";90;0;0;"Incluída em 10 / maio / 2015.";NA;"SCN104";"Internet";"Macro"
"10129";"SCN104_PIBSIFG104";NA;NA;"Ativa";"IBGE/SCN 2010 Trim.";"Contas nacionais";"PIB - serviços - intermediação financeira - var. real trim.";"Produto interno bruto (PIB) - serviços - intermediação financeira e seguros:  variação real trimestral sobre mesmo trimestre do ano anterior";"Não oculta";"Internet";90;0;0;"Incluída em 10 / maio / 2015.";NA;"SCN104";"Internet";"Macro"
"10130";"SCN104_PIBSOSG104";NA;NA;"Ativa";"IBGE/SCN 2010 Trim.";"Contas nacionais";"PIB - serviços - outros - var. real trim.";"Produto interno bruto (PIB) - serviços - outros serviços:  variação real trimestral sobre mesmo trimestre do ano anterior";"Não oculta";"Internet";90;0;0;"Incluída em 10 / maio / 2015.";NA;"SCN104";"Internet";"Macro"
"10131";"SCN104_PIBSALG104";NA;NA;"Ativa";"IBGE/SCN 2010 Trim.";"Contas nacionais";"PIB - serviços - imobiliários e aluguel - var. real trim.";"Produto interno bruto (PIB) - serviços - serviços imobiliários e aluguel:  variação real trimestral sobre mesmo trimestre do ano anterior";"Não oculta";"Internet";90;0;0;"Incluída em 10 / maio / 2015.";NA;"SCN104";"Internet";"Macro"
"10132";"SCN104_PIBSAPG104";NA;NA;"Ativa";"IBGE/SCN 2010 Trim.";"Contas nacionais";"PIB - serviços - APU, educação e saúde públicas - var. real trim.";"Produto interno bruto (PIB) - serviços - administração pública, educação pública e saúde pública:  variação real trimestral sobre mesmo trimestre do ano anterior";"Não oculta";"Internet";90;0;0;"Incluída em 10 / maio / 2015.";NA;"SCN104";"Internet";"Macro"
"10133";"SCN104_PIBSERG104";NA;NA;"Ativa";"IBGE/SCN 2010 Trim.";"Contas nacionais";"PIB - serviços - var. real trim.";"Produto interno bruto (PIB) - serviços:  variação real trimestral sobre mesmo trimestre do ano anterior";"Não oculta";"Internet";90;0;0;"Incluída em 10 / maio / 2015.";NA;"SCN104";"Internet";"Macro"
"10134";"SCN104_PIBPBG104";NA;NA;"Ativa";"IBGE/SCN 2010 Trim.";"Contas nacionais";"PIB - preços básicos - var. real trim.";"Produto interno bruto (PIB) a preços básicos:  variação real trimestral sobre mesmo trimestre do ano anterior";"Não oculta";"Internet";90;0;0;"Incluída em 10 / maio / 2015.";NA;"SCN104";"Internet";"Macro"
"10135";"SCN104_PIBIVAG104";NA;NA;"Ativa";"IBGE/SCN 2010 Trim.";"Contas nacionais";"PIB - impostos sobre produtos - var. real trim.";"Produto interno bruto (PIB) - impostos sobre produtos:  variação real trimestral sobre mesmo trimestre do ano anterior - referência 2011";"Não oculta";"Internet";90;0;0;"Incluída em 10 / maio / 2015.";NA;"SCN104";"Internet";"Macro"
"10136";"SCN104_PIBPMG104";NA;NA;"Ativa";"IBGE/SCN 2010 Trim.";"Contas nacionais";"PIB - preços de mercado - var. real trim.";"Produto interno bruto (PIB) a preços de mercado:  variação real trimestral sobre mesmo trimestre do ano anterior";"Não oculta";"Internet";90;0;0;"Incluída em 10 / maio / 2015.";NA;"SCN104";"Internet";"Macro"
"10137";"SCN104_CFPPG104";NA;NA;"Ativa";"IBGE/SCN 2010 Trim.";"Contas nacionais";"Consumo final - famílias - var. real trim.";"Consumo final das famílias: variação real trimestral sobre mesmo trimestre do ano anterior";"Não oculta";"Internet";90;0;0;"Incluída em 10 / maio / 2015.";NA;"SCN104";"Internet";"Macro"
"10138";"SCN104_CFGGG104";NA;NA;"Ativa";"IBGE/SCN 2010 Trim.";"Contas nacionais";"Consumo final - APU - var. real trim.";"Consumo final da administração pública:  variação real trimestral sobre mesmo trimestre do ano anterior";"Não oculta";"Internet";90;0;0;"Incluída em 10 / maio / 2015.";NA;"SCN104";"Internet";"Macro"
"10139";"SCN104_FBKFG104";NA;NA;"Ativa";"IBGE/SCN 2010 Trim.";"Contas nacionais";"Capital fixo - formação bruta - var. real trim.";"Formação bruta de capital fixo:  variação real trimestral sobre mesmo trimestre do ano anterior";"Não oculta";"Internet";90;0;0;"Incluída em 10 / maio / 2015.";NA;"SCN104";"Internet";"Macro"
"10140";"SCN104_XBSZG104";NA;NA;"Ativa";"IBGE/SCN 2010 Trim.";"Contas nacionais";"Exportações - bens e serviços - var. real trim.";"Exportações de bens e serviços:  variação real trimestral sobre mesmo trimestre do ano anterior";"Não oculta";"Internet";90;0;0;"Incluída em 10 / maio / 2015.";NA;"SCN104";"Internet";"Macro"
"10141";"SCN104_MBSZG104";NA;NA;"Ativa";"IBGE/SCN 2010 Trim.";"Contas nacionais";"Importações - bens e serviços - var. real trim.";"Importações de bens e serviços:  variação real trimestral sobre mesmo trimestre do ano anterior";"Não oculta";"Internet";90;0;0;"Incluída em 10 / maio / 2015.";NA;"SCN104";"Internet";"Macro"
"10142";"CNI4_FILE";NA;NA;"Inativa";"CNI";"Comércio exterior";"Coeficiente de penetração";"Coeficiente de penetração";"Não oculta";"Internet";90;0;0;"Incluída em 13/fev/2012.";NA;"CNI4";"Internet";"Macro"
"10143";"BPAG12_TC12";NA;NA;"Ativa";"Bacen/BP (BPM6)";"Balanço de pagamentos";"Transações correntes - Saldo (Nova metod. - BPM6)";"Transações correntes - Saldo (Nova Metodologia - BPM6)";"Não oculta";"Internet";25;0;0;"Incluída em 04/fev/2015.";"Geradora";"BPAG12";"Internet";"Macro"
"10144";"BPAG12_BC12";NA;NA;"Ativa";"Bacen/BP (BPM6)";"Balanço de pagamentos";"Balança comercial - Saldo (Nova metod. - BPM6)";"Balança comercial - Saldo (Nova Metodologia - BPM6)";"Não oculta";"Internet";5;0;0;"Incluída em 04/fev/2015.";"Geradora";"BPAG12";"Internet";"Macro"
"10145";"BPAG12_BCX12";NA;NA;"Ativa";"Bacen/BP (BPM6)";"Balanço de pagamentos";"Balança comercial - Exportações (Nova metod. - BPM6)";"Balança comercial - Exportações (Nova Metodologia - BPM6)";"Não oculta";"Internet";5;0;0;"Incluída em 04/fev/2015.";"Geradora";"BPAG12";"Internet";"Macro"
"10146";"BPAG12_BCM12";NA;NA;"Ativa";"Bacen/BP (BPM6)";"Balanço de pagamentos";"Balança comercial - Importações (Nova metod. - BPM6)";"Balança comercial - Importações (Nova Metodologia - BPM6)";"Não oculta";"Internet";5;0;0;"Incluída em 04/fev/2015.";"Geradora";"BPAG12";"Internet";"Macro"
"10147";"BPAG12_SER12";NA;NA;"Ativa";"Bacen/BP (BPM6)";"Balanço de pagamentos";"Serviços - Saldo (Nova metod. - BPM6)";"Serviços - Saldo (Nova Metodologia - BPM6)";"Não oculta";"Internet";25;0;0;"Incluída em 04/fev/2015.";"Geradora";"BPAG12";"Internet";"Macro"
"10148";"BPAG12_SERR12";NA;NA;"Ativa";"Bacen/BP (BPM6)";"Balanço de pagamentos";"Serviços - Rec. (Nova metod. - BPM6)";"Serviços - Receitas (Nova Metodologia - BPM6)";"Não oculta";"Internet";25;0;0;"Incluída em 04/fev/2015.";"Geradora";"BPAG12";"Internet";"Macro"
"10149";"BPAG12_SERD12";NA;NA;"Ativa";"Bacen/BP (BPM6)";"Balanço de pagamentos";"Serviços - Desp. (Nova metod. - BPM6)";"Serviços - Despesas (Nova Metodologia - BPM6)";"Não oculta";"Internet";25;0;0;"Incluída em 04/fev/2015.";"Geradora";"BPAG12";"Internet";"Macro"
"10150";"BPAG12_SERMANUF12";NA;NA;"Ativa";"Bacen/BP (BPM6)";"Balanço de pagamentos";"Serviços - Serv. manuf. sobre insumos físicos pert. a outros - Saldo (Nova metod. - BPM6)";"Serviços - Serviços de manufatura sobre insumos físicos pertencentes a outros - Saldo (Nova Metodologia - BPM6)";"Não oculta";"Internet";25;0;0;"Incluída em 04/fev/2015.";"Geradora";"BPAG12";"Internet";"Macro"
"10151";"BPAG12_SERMANUFR12";NA;NA;"Ativa";"Bacen/BP (BPM6)";"Balanço de pagamentos";"Serviços - Serv. manuf. sobre insumos físicos pert. a outros - Rec. (Nova metod. - BPM6)";"Serviços - Serviços de manufatura sobre insumos físicos pertencentes a outros - Receitas (Nova Metodologia - BPM6)";"Não oculta";"Internet";25;0;0;"Incluída em 04/fev/2015.";"Geradora";"BPAG12";"Internet";"Macro"
"10152";"BPAG12_SERMANUFD12";NA;NA;"Ativa";"Bacen/BP (BPM6)";"Balanço de pagamentos";"Serviços - Serv. manuf. sobre insumos físicos pert. a outros - Desp. (Nova metod. - BPM6)";"Serviços - Serviços de manufatura sobre insumos físicos pertencentes a outros - Despesas (Nova Metodologia - BPM6)";"Não oculta";"Internet";25;0;0;"Incluída em 04/fev/2015.";"Geradora";"BPAG12";"Internet";"Macro"
"10153";"BPAG12_SERMANUT12";NA;NA;"Ativa";"Bacen/BP (BPM6)";"Balanço de pagamentos";"Serviços - Serv. manut. e reparo - Saldo (Nova metod. - BPM6)";"Serviços - Serviços de manutenção e reparo - Saldo (Nova Metodologia - BPM6)";"Não oculta";"Internet";25;0;0;"Incluída em 04/fev/2015.";"Geradora";"BPAG12";"Internet";"Macro"
"10154";"BPAG12_SERMANUTR12";NA;NA;"Ativa";"Bacen/BP (BPM6)";"Balanço de pagamentos";"Serviços - Serv. manut. e reparo - Rec. (Nova metod. - BPM6)";"Serviços - Serviços de manutenção e reparo - Receitas (Nova Metodologia - BPM6)";"Não oculta";"Internet";25;0;0;"Incluída em 04/fev/2015.";"Geradora";"BPAG12";"Internet";"Macro"
"10155";"BPAG12_SERMANUTD12";NA;NA;"Ativa";"Bacen/BP (BPM6)";"Balanço de pagamentos";"Serviços - Serv. manut. e reparo - Desp. (Nova metod. - BPM6)";"Serviços - Serviços de manutenção e reparo - Despesas (Nova Metodologia - BPM6)";"Não oculta";"Internet";25;0;0;"Incluída em 04/fev/2015.";"Geradora";"BPAG12";"Internet";"Macro"
"10156";"BPAG12_SERTRANS12";NA;NA;"Ativa";"Bacen/BP (BPM6)";"Balanço de pagamentos";"Serviços - Transportes - Saldo (Nova metod. - BPM6)";"Serviços - Transportes - Saldo (Nova Metodologia - BPM6)";"Não oculta";"Internet";25;0;0;"Incluída em 04/fev/2015.";"Geradora";"BPAG12";"Internet";"Macro"
"10157";"BPAG12_SERTRANSR12";NA;NA;"Ativa";"Bacen/BP (BPM6)";"Balanço de pagamentos";"Serviços - Transportes - Rec. (Nova metod. - BPM6)";"Serviços - Transportes - Receitas (Nova Metodologia - BPM6)";"Não oculta";"Internet";25;0;0;"Incluída em 04/fev/2015.";"Geradora";"BPAG12";"Internet";"Macro"
"10158";"BPAG12_SERTRANSD12";NA;NA;"Ativa";"Bacen/BP (BPM6)";"Balanço de pagamentos";"Serviços - Transportes - Desp. (Nova metod. - BPM6)";"Serviços - Transportes - Despesas (Nova Metodologia - BPM6)";"Não oculta";"Internet";25;0;0;"Incluída em 04/fev/2015.";"Geradora";"BPAG12";"Internet";"Macro"
"10159";"BPAG12_SERVIAG12";NA;NA;"Ativa";"Bacen/BP (BPM6)";"Balanço de pagamentos";"Serviços - Viagens - Saldo (Nova metod. - BPM6)";"Serviços - Viagens - Saldo (Nova Metodologia - BPM6)";"Não oculta";"Internet";25;0;0;"Incluída em 04/fev/2015.";"Geradora";"BPAG12";"Internet";"Macro"
"10160";"BPAG12_SERVIAGR12";NA;NA;"Ativa";"Bacen/BP (BPM6)";"Balanço de pagamentos";"Serviços - Viagens - Rec. (Nova metod. - BPM6)";"Serviços - Viagens - Receitas (Nova Metodologia - BPM6)";"Não oculta";"Internet";25;0;0;"Incluída em 04/fev/2015.";"Geradora";"BPAG12";"Internet";"Macro"
"10161";"BPAG12_SERVIAGD12";NA;NA;"Ativa";"Bacen/BP (BPM6)";"Balanço de pagamentos";"Serviços - Viagens - Desp. (Nova metod. - BPM6)";"Serviços - Viagens - Despesas (Nova Metodologia - BPM6)";"Não oculta";"Internet";25;0;0;"Incluída em 04/fev/2015.";"Geradora";"BPAG12";"Internet";"Macro"
"10162";"BPAG12_SERCONST12";NA;NA;"Ativa";"Bacen/BP (BPM6)";"Balanço de pagamentos";"Serviços - Construção - Saldo (Nova metod. - BPM6)";"Serviços - Construção - Saldo (Nova Metodologia - BPM6)";"Não oculta";"Internet";25;0;0;"Incluída em 04/fev/2015.";"Geradora";"BPAG12";"Internet";"Macro"
"10163";"BPAG12_SERCONSTR12";NA;NA;"Ativa";"Bacen/BP (BPM6)";"Balanço de pagamentos";"Serviços - Construção - Rec. (Nova metod. - BPM6)";"Serviços - Construção - Receitas (Nova Metodologia - BPM6)";"Não oculta";"Internet";25;0;0;"Incluída em 04/fev/2015.";"Geradora";"BPAG12";"Internet";"Macro"
"10164";"BPAG12_SERCONSTD12";NA;NA;"Ativa";"Bacen/BP (BPM6)";"Balanço de pagamentos";"Serviços - Construção - Desp. (Nova metod. - BPM6)";"Serviços - Construção - Despesas (Nova Metodologia - BPM6)";"Não oculta";"Internet";25;0;0;"Incluída em 04/fev/2015.";"Geradora";"BPAG12";"Internet";"Macro"
"10165";"BPAG12_SERSEG12";NA;NA;"Ativa";"Bacen/BP (BPM6)";"Balanço de pagamentos";"Serviços - Seguros - Saldo (Nova metod. - BPM6)";"Serviços - Seguros - Saldo (Nova Metodologia - BPM6)";"Não oculta";"Internet";25;0;0;"Incluída em 04/fev/2015.";"Geradora";"BPAG12";"Internet";"Macro"
"10166";"BPAG12_SERSEGR12";NA;NA;"Ativa";"Bacen/BP (BPM6)";"Balanço de pagamentos";"Serviços - Seguros - Rec. (Nova metod. - BPM6)";"Serviços - Seguros - Receitas (Nova Metodologia - BPM6)";"Não oculta";"Internet";25;0;0;"Incluída em 04/fev/2015.";"Geradora";"BPAG12";"Internet";"Macro"
"10167";"BPAG12_SERSEGD12";NA;NA;"Ativa";"Bacen/BP (BPM6)";"Balanço de pagamentos";"Serviços - Seguros - Desp. (Nova metod. - BPM6)";"Serviços - Seguros - Despesas (Nova Metodologia - BPM6)";"Não oculta";"Internet";25;0;0;"Incluída em 04/fev/2015.";"Geradora";"BPAG12";"Internet";"Macro"
"10168";"BPAG12_SERFIN12";NA;NA;"Ativa";"Bacen/BP (BPM6)";"Balanço de pagamentos";"Serviços - Serv. financeiros - Saldo (Nova metod. - BPM6)";"Serviços - Serviços financeiros - Saldo (Nova Metodologia - BPM6)";"Não oculta";"Internet";25;0;0;"Incluída em 04/fev/2015.";"Geradora";"BPAG12";"Internet";"Macro"
"10169";"BPAG12_SERFINR12";NA;NA;"Ativa";"Bacen/BP (BPM6)";"Balanço de pagamentos";"Serviços - Serv. financeiros - Rec. (Nova metod. - BPM6)";"Serviços - Serviços financeiros - Receitas (Nova Metodologia - BPM6)";"Não oculta";"Internet";25;0;0;"Incluída em 04/fev/2015.";"Geradora";"BPAG12";"Internet";"Macro"
"10170";"BPAG12_SERFIND12";NA;NA;"Ativa";"Bacen/BP (BPM6)";"Balanço de pagamentos";"Serviços - Serv. financeiros - Desp. (Nova metod. - BPM6)";"Serviços - Serviços financeiros - Despesas (Nova Metodologia - BPM6)";"Não oculta";"Internet";25;0;0;"Incluída em 04/fev/2015.";"Geradora";"BPAG12";"Internet";"Macro"
"10171";"BPAG12_SERINT12";NA;NA;"Ativa";"Bacen/BP (BPM6)";"Balanço de pagamentos";"Serviços - Serv. de propriedade intelectual - Saldo(Nova metod. - BPM6)";"Serviços - Serviços de propriedade intelectual - Saldo(Nova Metodologia - BPM6)";"Não oculta";"Internet";25;0;0;"Incluída em 04/fev/2015.";"Geradora";"BPAG12";"Internet";"Macro"
"10172";"BPAG12_SERINTR12";NA;NA;"Ativa";"Bacen/BP (BPM6)";"Balanço de pagamentos";"Serviços - Serv. de propriedade intelectual - Rec. (Nova metod. - BPM6)";"Serviços - Serviços de propriedade intelectual - Receitas (Nova Metodologia - BPM6)";"Não oculta";"Internet";25;0;0;"Incluída em 04/fev/2015.";"Geradora";"BPAG12";"Internet";"Macro"
"10173";"BPAG12_SERINTD12";NA;NA;"Ativa";"Bacen/BP (BPM6)";"Balanço de pagamentos";"Serviços - Serv. de propriedade intelectual - Desp. (Nova metod. - BPM6)";"Serviços - Serviços de propriedade intelectual - Despesas (Nova Metodologia - BPM6)";"Não oculta";"Internet";25;0;0;"Incluída em 04/fev/2015.";"Geradora";"BPAG12";"Internet";"Macro"
"10174";"BPAG12_SERTEL12";NA;NA;"Ativa";"Bacen/BP (BPM6)";"Balanço de pagamentos";"Serviços - Telecomunicação, computação e informações - Saldo (Nova metod. - BPM6)";"Serviços - Telecomunicação, computação e informações - Saldo (Nova Metodologia - BPM6)";"Não oculta";"Internet";25;0;0;"Incluída em 04/fev/2015.";"Geradora";"BPAG12";"Internet";"Macro"
"10175";"BPAG12_SERTELR12";NA;NA;"Ativa";"Bacen/BP (BPM6)";"Balanço de pagamentos";"Serviços - Telecomunicação, computação e informações - Rec. (Nova metod. - BPM6)";"Serviços - Telecomunicação, computação e informações - Receitas (Nova Metodologia - BPM6)";"Não oculta";"Internet";25;0;0;"Incluída em 04/fev/2015.";"Geradora";"BPAG12";"Internet";"Macro"
"10176";"BPAG12_SERTELD12";NA;NA;"Ativa";"Bacen/BP (BPM6)";"Balanço de pagamentos";"Serviços - Telecomunicação, computação e informações - Desp. (Nova metod. - BPM6)";"Serviços - Telecomunicação, computação e informações - Despesas (Nova Metodologia - BPM6)";"Não oculta";"Internet";25;0;0;"Incluída em 04/fev/2015.";"Geradora";"BPAG12";"Internet";"Macro"
"10177";"BPAG12_SERALUG12";NA;NA;"Ativa";"Bacen/BP (BPM6)";"Balanço de pagamentos";"Serviços - Aluguel de equipamentos - Saldo (Nova metod. - BPM6)";"Serviços - Aluguel de equipamentos - Saldo (Nova Metodologia - BPM6)";"Não oculta";"Internet";25;0;0;"Incluída em 04/fev/2015.";"Geradora";"BPAG12";"Internet";"Macro"
"10178";"BPAG12_SERALUGR12";NA;NA;"Ativa";"Bacen/BP (BPM6)";"Balanço de pagamentos";"Serviços - Aluguel de equipamentos - Rec. (Nova metod. - BPM6)";"Serviços - Aluguel de equipamentos - Receitas (Nova Metodologia - BPM6)";"Não oculta";"Internet";25;0;0;"Incluída em 04/fev/2015.";"Geradora";"BPAG12";"Internet";"Macro"
"10179";"BPAG12_SERALUGD12";NA;NA;"Ativa";"Bacen/BP (BPM6)";"Balanço de pagamentos";"Serviços - Aluguel de equipamentos - Desp. (Nova metod. - BPM6)";"Serviços - Aluguel de equipamentos - Despesas (Nova Metodologia - BPM6)";"Não oculta";"Internet";25;0;0;"Incluída em 04/fev/2015.";"Geradora";"BPAG12";"Internet";"Macro"
"10180";"BPAG12_SEROUTROS12";NA;NA;"Ativa";"Bacen/BP (BPM6)";"Balanço de pagamentos";"Serviços - Outros serv. de negócio - Saldo (Nova metod. - BPM6)";"Serviços - Outros serviços de negócio - Saldo (Nova Metodologia - BPM6)";"Não oculta";"Internet";25;0;0;"Incluída em 04/fev/2015.";"Geradora";"BPAG12";"Internet";"Macro"
"10181";"BPAG12_SEROUTROSR12";NA;NA;"Ativa";"Bacen/BP (BPM6)";"Balanço de pagamentos";"Serviços - Outros serv. de negócio - Rec. (Nova metod. - BPM6)";"Serviços - Outros serviços de negócio - Receitas (Nova Metodologia - BPM6)";"Não oculta";"Internet";25;0;0;"Incluída em 04/fev/2015.";"Geradora";"BPAG12";"Internet";"Macro"
"10182";"BPAG12_SEROUTROSD12";NA;NA;"Ativa";"Bacen/BP (BPM6)";"Balanço de pagamentos";"Serviços - Outros serv. de negócio - Desp. (Nova metod. - BPM6)";"Serviços - Outros serviços de negócio - Despesas (Nova Metodologia - BPM6)";"Não oculta";"Internet";25;0;0;"Incluída em 04/fev/2015.";"Geradora";"BPAG12";"Internet";"Macro"
"10183";"BPAG12_SERCULT12";NA;NA;"Ativa";"Bacen/BP (BPM6)";"Balanço de pagamentos";"Serviços - Serv. culturais, pessoais e recreativos - Saldo (Nova metod. - BPM6)";"Serviços - Serviços culturais, pessoais e recreativos - Saldo (Nova Metodologia - BPM6)";"Não oculta";"Internet";25;0;0;"Incluída em 04/fev/2015.";"Geradora";"BPAG12";"Internet";"Macro"
"10184";"BPAG12_SERCULTR12";NA;NA;"Ativa";"Bacen/BP (BPM6)";"Balanço de pagamentos";"Serviços - Serv. culturais, pessoais e recreativos - Rec. (Nova metod. - BPM6)";"Serviços - Serviços culturais, pessoais e recreativos - Receitas (Nova Metodologia - BPM6)";"Não oculta";"Internet";25;0;0;"Incluída em 04/fev/2015.";"Geradora";"BPAG12";"Internet";"Macro"
"10185";"BPAG12_SERCULTD12";NA;NA;"Ativa";"Bacen/BP (BPM6)";"Balanço de pagamentos";"Serviços - Serv. culturais, pessoais e recreativos - Desp. (Nova metod. - BPM6)";"Serviços - Serviços culturais, pessoais e recreativos - Despesas (Nova Metodologia - BPM6)";"Não oculta";"Internet";25;0;0;"Incluída em 04/fev/2015.";"Geradora";"BPAG12";"Internet";"Macro"
"10186";"BPAG12_SERGOV12";NA;NA;"Ativa";"Bacen/BP (BPM6)";"Balanço de pagamentos";"Serviços - Serv. governamentais - Saldo (Nova metod. - BPM6)";"Serviços - Serviços governamentais - Saldo (Nova Metodologia - BPM6)";"Não oculta";"Internet";25;0;0;"Incluída em 04/fev/2015.";"Geradora";"BPAG12";"Internet";"Macro"
"10187";"BPAG12_SERGOVR12";NA;NA;"Ativa";"Bacen/BP (BPM6)";"Balanço de pagamentos";"Serviços - Serv. governamentais - Rec. (Nova metod. - BPM6)";"Serviços - Serviços governamentais - Receitas (Nova Metodologia - BPM6)";"Não oculta";"Internet";25;0;0;"Incluída em 04/fev/2015.";"Geradora";"BPAG12";"Internet";"Macro"
"10188";"BPAG12_SERGOVD12";NA;NA;"Ativa";"Bacen/BP (BPM6)";"Balanço de pagamentos";"Serviços - Serv. governamentais - Desp. (Nova metod. - BPM6)";"Serviços - Serviços governamentais - Despesas (Nova Metodologia - BPM6)";"Não oculta";"Internet";25;0;0;"Incluída em 04/fev/2015.";"Geradora";"BPAG12";"Internet";"Macro"
"10189";"BPAG12_RP12";NA;NA;"Ativa";"Bacen/BP (BPM6)";"Balanço de pagamentos";"Renda prim. - Saldo (Nova metod. - BPM6)";"Renda primária - Saldo (Nova Metodologia - BPM6)";"Não oculta";"Internet";25;0;0;"Incluída em 04/fev/2015.";"Geradora";"BPAG12";"Internet";"Macro"
"10190";"BPAG12_RPR12";NA;NA;"Ativa";"Bacen/BP (BPM6)";"Balanço de pagamentos";"Renda prim. - Rec. (Nova metod. - BPM6)";"Renda primária - Receitas (Nova Metodologia - BPM6)";"Não oculta";"Internet";25;0;0;"Incluída em 04/fev/2015.";"Geradora";"BPAG12";"Internet";"Macro"
"10191";"BPAG12_RPD12";NA;NA;"Ativa";"Bacen/BP (BPM6)";"Balanço de pagamentos";"Renda prim. - Desp. (Nova metod. - BPM6)";"Renda primária - Despesas (Nova Metodologia - BPM6)";"Não oculta";"Internet";25;0;0;"Incluída em 04/fev/2015.";"Geradora";"BPAG12";"Internet";"Macro"
"10192";"BPAG12_RPSAL12";NA;NA;"Ativa";"Bacen/BP (BPM6)";"Balanço de pagamentos";"Renda prim. - Salários e ordenados - Saldo (Nova metod. - BPM6)";"Renda primária - Salários e ordenados - Saldo (Nova Metodologia - BPM6)";"Não oculta";"Internet";25;0;0;"Incluída em 04/fev/2015.";"Geradora";"BPAG12";"Internet";"Macro"
"10193";"BPAG12_RPSALR12";NA;NA;"Ativa";"Bacen/BP (BPM6)";"Balanço de pagamentos";"Renda prim. - Salários e ordenados - Rec. (Nova metod. - BPM6)";"Renda primária - Salários e ordenados - Receitas (Nova Metodologia - BPM6)";"Não oculta";"Internet";25;0;0;"Incluída em 04/fev/2015.";"Geradora";"BPAG12";"Internet";"Macro"
"10194";"BPAG12_RPSALD12";NA;NA;"Ativa";"Bacen/BP (BPM6)";"Balanço de pagamentos";"Renda prim. - Salários e ordenados - Desp. (Nova metod. - BPM6)";"Renda primária - Salários e ordenados - Despesas (Nova Metodologia - BPM6)";"Não oculta";"Internet";25;0;0;"Incluída em 04/fev/2015.";"Geradora";"BPAG12";"Internet";"Macro"
"10195";"BPAG12_RPID12";NA;NA;"Ativa";"Bacen/BP (BPM6)";"Balanço de pagamentos";"Renda prim. - Renda invest. dir. - Saldo (Nova metod. - BPM6)";"Renda primária - Renda de investimento direto - Saldo (Nova Metodologia - BPM6)";"Não oculta";"Internet";25;0;0;"Incluída em 04/fev/2015.";"Geradora";"BPAG12";"Internet";"Macro"
"10196";"BPAG12_RPIDR12";NA;NA;"Ativa";"Bacen/BP (BPM6)";"Balanço de pagamentos";"Renda prim. - Renda invest. dir. - Rec. (Nova metod. - BPM6)";"Renda primária - Renda de investimento direto - Receitas (Nova Metodologia - BPM6)";"Não oculta";"Internet";25;0;0;"Incluída em 04/fev/2015.";"Geradora";"BPAG12";"Internet";"Macro"
"10197";"BPAG12_RPIDD12";NA;NA;"Ativa";"Bacen/BP (BPM6)";"Balanço de pagamentos";"Renda prim. - Renda invest. dir. - Desp. (Nova metod. - BPM6)";"Renda primária - Renda de investimento direto - Despesas (Nova Metodologia - BPM6)";"Não oculta";"Internet";25;0;0;"Incluída em 04/fev/2015.";"Geradora";"BPAG12";"Internet";"Macro"
"10198";"BPAG12_RPIDLD12";NA;NA;"Ativa";"Bacen/BP (BPM6)";"Balanço de pagamentos";"Renda prim. - Renda invest. dir. - Lucros e dividendos, exceto reinvestidos - Saldo (Nova metod. - B";"Renda primária - Renda de investimento direto - Lucros e dividendos, exceto reinvestidos - Saldo (Nova Metodologia - BPM6)";"Não oculta";"Internet";25;0;0;"Incluída em 04/fev/2015.";"Geradora";"BPAG12";"Internet";"Macro"
"10199";"BPAG12_RPIDLDR12";NA;NA;"Ativa";"Bacen/BP (BPM6)";"Balanço de pagamentos";"Renda prim. - Renda invest. dir. - Lucros e dividendos, exceto reinvestidos - Rec. (Nova metod. - BP";"Renda primária - Renda de investimento direto - Lucros e dividendos, exceto reinvestidos - Receitas (Nova Metodologia - BPM6)";"Não oculta";"Internet";25;0;0;"Incluída em 04/fev/2015.";"Geradora";"BPAG12";"Internet";"Macro"
"10200";"BPAG12_RPIDLDD12";NA;NA;"Ativa";"Bacen/BP (BPM6)";"Balanço de pagamentos";"Renda prim. - Renda invest. dir. - Lucros e dividendos, exceto reinvestidos - Desp. (Nova metod. - B";"Renda primária - Renda de investimento direto - Lucros e dividendos, exceto reinvestidos - Despesas (Nova Metodologia - BPM6)";"Não oculta";"Internet";25;0;0;"Incluída em 04/fev/2015.";"Geradora";"BPAG12";"Internet";"Macro"
"10201";"BPAG12_RPIDLR12";NA;NA;"Ativa";"Bacen/BP (BPM6)";"Balanço de pagamentos";"Renda prim. - Renda invest. dir. - Lucros reinvestidos - Saldo (Nova metod. - BPM6)";"Renda primária - Renda de investimento direto - Lucros reinvestidos - Saldo (Nova Metodologia - BPM6)";"Não oculta";"Internet";25;0;0;"Incluída em 04/fev/2015.";"Geradora";"BPAG12";"Internet";"Macro"
"10202";"BPAG12_RPIDLRR12";NA;NA;"Ativa";"Bacen/BP (BPM6)";"Balanço de pagamentos";"Renda prim. - Renda invest. dir. - Lucros reinvestidos - Rec. (Nova metod. - BPM6)";"Renda primária - Renda de investimento direto - Lucros reinvestidos - Receitas (Nova Metodologia - BPM6)";"Não oculta";"Internet";25;0;0;"Incluída em 04/fev/2015.";"Geradora";"BPAG12";"Internet";"Macro"
"10203";"BPAG12_RPIDLRD12";NA;NA;"Ativa";"Bacen/BP (BPM6)";"Balanço de pagamentos";"Renda prim. - Renda invest. dir. - Lucros reinvestidos - Desp. (Nova metod. - BPM6)";"Renda primária - Renda de investimento direto - Lucros reinvestidos - Despesas (Nova Metodologia - BPM6)";"Não oculta";"Internet";25;0;0;"Incluída em 04/fev/2015.";"Geradora";"BPAG12";"Internet";"Macro"
"10204";"BPAG12_RPIDJU12";NA;NA;"Ativa";"Bacen/BP (BPM6)";"Balanço de pagamentos";"Renda prim. - Renda invest. dir. - Juros de op. intercompanhia - Saldo (Nova metod. - BPM6)";"Renda primária - Renda de investimento direto - Juros de operações intercompanhia - Saldo (Nova Metodologia - BPM6)";"Não oculta";"Internet";25;0;0;"Incluída em 04/fev/2015.";"Geradora";"BPAG12";"Internet";"Macro"
"10205";"BPAG12_RPIDJUR12";NA;NA;"Ativa";"Bacen/BP (BPM6)";"Balanço de pagamentos";"Renda prim. - Renda invest. dir. - Juros de op. intercompanhia - Rec. (Nova metod. - BPM6)";"Renda primária - Renda de investimento direto - Juros de operações intercompanhia - Receitas (Nova Metodologia - BPM6)";"Não oculta";"Internet";25;0;0;"Incluída em 04/fev/2015.";"Geradora";"BPAG12";"Internet";"Macro"
"10206";"BPAG12_RPIDJUD12";NA;NA;"Ativa";"Bacen/BP (BPM6)";"Balanço de pagamentos";"Renda prim. - Renda invest. dir. - Juros de op. intercompanhia - Desp. (Nova metod. - BPM6)";"Renda primária - Renda de investimento direto - Juros de operações intercompanhia - Despesas (Nova Metodologia - BPM6)";"Não oculta";"Internet";25;0;0;"Incluída em 04/fev/2015.";"Geradora";"BPAG12";"Internet";"Macro"
"10207";"BPAG12_RPIC12";NA;NA;"Ativa";"Bacen/BP (BPM6)";"Balanço de pagamentos";"Renda prim. - Renda invest. cart. - Saldo (Nova metod. - BPM6)";"Renda primária - Renda de investimento em carteira - Saldo (Nova Metodologia - BPM6)";"Não oculta";"Internet";25;0;0;"Incluída em 04/fev/2015.";"Geradora";"BPAG12";"Internet";"Macro"
"10208";"BPAG12_RPICR12";NA;NA;"Ativa";"Bacen/BP (BPM6)";"Balanço de pagamentos";"Renda prim. - Renda invest. cart. - Rec. (Nova metod. - BPM6)";"Renda primária - Renda de investimento em carteira - Receitas (Nova Metodologia - BPM6)";"Não oculta";"Internet";25;0;0;"Incluída em 04/fev/2015.";"Geradora";"BPAG12";"Internet";"Macro"
"10209";"BPAG12_RPICD12";NA;NA;"Ativa";"Bacen/BP (BPM6)";"Balanço de pagamentos";"Renda prim. - Renda invest. cart. - Desp. (Nova metod. - BPM6)";"Renda primária - Renda de investimento em carteira - Despesas (Nova Metodologia - BPM6)";"Não oculta";"Internet";25;0;0;"Incluída em 04/fev/2015.";"Geradora";"BPAG12";"Internet";"Macro"
"10210";"BPAG12_RPICLD12";NA;NA;"Ativa";"Bacen/BP (BPM6)";"Balanço de pagamentos";"Renda prim. - Renda invest. cart. - Lucros e dividendos - Saldo (Nova metod. - BPM6)";"Renda primária - Renda de investimento em carteira - Lucros e dividendos - Saldo (Nova Metodologia - BPM6)";"Não oculta";"Internet";25;0;0;"Incluída em 04/fev/2015.";"Geradora";"BPAG12";"Internet";"Macro"
"10211";"BPAG12_RPICLDR12";NA;NA;"Ativa";"Bacen/BP (BPM6)";"Balanço de pagamentos";"Renda prim. - Renda invest. cart. - Lucros e dividendos - Rec. (Nova metod. - BPM6)";"Renda primária - Renda de investimento em carteira - Lucros e dividendos - Receitas (Nova Metodologia - BPM6)";"Não oculta";"Internet";25;0;0;"Incluída em 04/fev/2015.";"Geradora";"BPAG12";"Internet";"Macro"
"10212";"BPAG12_RPICLDD12";NA;NA;"Ativa";"Bacen/BP (BPM6)";"Balanço de pagamentos";"Renda prim. - Renda invest. cart. - Lucros e dividendos - Desp. (Nova metod. - BPM6)";"Renda primária - Renda de investimento em carteira - Lucros e dividendos - Despesas (Nova Metodologia - BPM6)";"Não oculta";"Internet";25;0;0;"Incluída em 04/fev/2015.";"Geradora";"BPAG12";"Internet";"Macro"
"10213";"BPAG12_RPICJUEX12";NA;NA;"Ativa";"Bacen/BP (BPM6)";"Balanço de pagamentos";"Renda prim. - Renda invest. cart. - Juros de tít. negoc. merc. ext. - Saldo (Nova metod. - BPM6)";"Renda primária - Renda de investimento em carteira - Juros de títulos negociados no mercado externo - Saldo (Nova Metodologia - BPM6)";"Não oculta";"Internet";25;0;0;"Incluída em 04/fev/2015.";"Geradora";"BPAG12";"Internet";"Macro"
"10214";"BPAG12_RPICJUEXR12";NA;NA;"Ativa";"Bacen/BP (BPM6)";"Balanço de pagamentos";"Renda prim. - Renda invest. cart. - Juros de tít. negoc. merc. ext. - Rec. (Nova metod. - BPM6)";"Renda primária - Renda de investimento em carteira - Juros de títulos negociados no mercado externo - Receitas (Nova Metodologia - BPM6)";"Não oculta";"Internet";25;0;0;"Incluída em 04/fev/2015.";"Geradora";"BPAG12";"Internet";"Macro"
"10215";"BPAG12_RPICJUEXD12";NA;NA;"Ativa";"Bacen/BP (BPM6)";"Balanço de pagamentos";"Renda prim. - Renda invest. cart. - Juros de tít. negoc. merc. ext. - Desp. (Nova metod. - BPM6)";"Renda primária - Renda de investimento em carteira - Juros de títulos negociados no mercado externo - Despesas (Nova Metodologia - BPM6)";"Não oculta";"Internet";25;0;0;"Incluída em 04/fev/2015.";"Geradora";"BPAG12";"Internet";"Macro"
"10216";"BPAG12_RPICJUDOM12";NA;NA;"Ativa";"Bacen/BP (BPM6)";"Balanço de pagamentos";"Renda prim. - Renda invest. cart. - Juros de tít. negoc. merc. dom. - Desp. (Nova metod. - BPM6)";"Renda primária - Renda de investimento em carteira - Juros de títulos negociados no mercado doméstico - Despesas (Nova Metodologia - BPM6)";"Não oculta";"Internet";25;0;0;"Incluída em 04/fev/2015.";"Geradora";"BPAG12";"Internet";"Macro"
"10217";"BPAG12_RPOI12";NA;NA;"Ativa";"Bacen/BP (BPM6)";"Balanço de pagamentos";"Renda prim. - Renda de outros invest. (inclui juros) - Saldo (Nova metod. - BPM6)";"Renda primária - Renda de outros investimentos (inclui juros) - Saldo (Nova Metodologia - BPM6)";"Não oculta";"Internet";25;0;0;"Incluída em 04/fev/2015.";"Geradora";"BPAG12";"Internet";"Macro"
"10218";"BPAG12_RPOIR12";NA;NA;"Ativa";"Bacen/BP (BPM6)";"Balanço de pagamentos";"Renda prim. - Renda de outros invest. (inclui juros) - Rec. (Nova metod. - BPM6)";"Renda primária - Renda de outros investimentos (inclui juros) - Receitas (Nova Metodologia - BPM6)";"Não oculta";"Internet";25;0;0;"Incluída em 04/fev/2015.";"Geradora";"BPAG12";"Internet";"Macro"
"10219";"BPAG12_RPOID12";NA;NA;"Ativa";"Bacen/BP (BPM6)";"Balanço de pagamentos";"Renda prim. - Renda de outros invest. (inclui juros) - Desp. (Nova metod. - BPM6)";"Renda primária - Renda de outros investimentos (inclui juros) - Despesas (Nova Metodologia - BPM6)";"Não oculta";"Internet";25;0;0;"Incluída em 04/fev/2015.";"Geradora";"BPAG12";"Internet";"Macro"
"10220";"BPAG12_RPRES12";NA;NA;"Ativa";"Bacen/BP (BPM6)";"Balanço de pagamentos";"Renda prim. - Renda de reservas - Rec. (Nova metod. - BPM6)";"Renda primária - Renda de reservas - Receitas (Nova Metodologia - BPM6)";"Não oculta";"Internet";25;0;0;"Incluída em 04/fev/2015.";"Geradora";"BPAG12";"Internet";"Macro"
"10221";"BPAG12_RS12";NA;NA;"Ativa";"Bacen/BP (BPM6)";"Balanço de pagamentos";"Renda sec. - Saldo (Nova metod. - BPM6)";"Renda secundária - Saldo (Nova Metodologia - BPM6)";"Não oculta";"Internet";25;0;0;"Incluída em 04/fev/2015.";"Geradora";"BPAG12";"Internet";"Macro"
"10222";"BPAG12_RSR12";NA;NA;"Ativa";"Bacen/BP (BPM6)";"Balanço de pagamentos";"Renda sec. - Rec. (Nova metod. - BPM6)";"Renda secundária - Receitas (Nova Metodologia - BPM6)";"Não oculta";"Internet";25;0;0;"Incluída em 04/fev/2015.";"Geradora";"BPAG12";"Internet";"Macro"
"10223";"BPAG12_RSD12";NA;NA;"Ativa";"Bacen/BP (BPM6)";"Balanço de pagamentos";"Renda sec. - Desp. (Nova metod. - BPM6)";"Renda secundária - Despesas (Nova Metodologia - BPM6)";"Não oculta";"Internet";25;0;0;"Incluída em 04/fev/2015.";"Geradora";"BPAG12";"Internet";"Macro"
"10224";"BPAG12_CK12";NA;NA;"Ativa";"Bacen/BP (BPM6)";"Balanço de pagamentos";"Conta capital - Saldo (Nova metod. - BPM6)";"Conta capital - Saldo (Nova Metodologia - BPM6)";"Não oculta";"Internet";25;0;0;"Incluída em 04/fev/2015.";"Geradora";"BPAG12";"Internet";"Macro"
"10225";"BPAG12_CKR12";NA;NA;"Ativa";"Bacen/BP (BPM6)";"Balanço de pagamentos";"Conta capital - Rec. (Nova metod. - BPM6)";"Conta capital - Receitas (Nova Metodologia - BPM6)";"Não oculta";"Internet";25;0;0;"Incluída em 04/fev/2015.";"Geradora";"BPAG12";"Internet";"Macro"
"10226";"BPAG12_CKD12";NA;NA;"Ativa";"Bacen/BP (BPM6)";"Balanço de pagamentos";"Conta capital - Desp. (Nova metod. - BPM6)";"Conta capital - Despesas (Nova Metodologia - BPM6)";"Não oculta";"Internet";25;0;0;"Incluída em 04/fev/2015.";"Geradora";"BPAG12";"Internet";"Macro"
"10227";"BPAG12_CF12";NA;NA;"Ativa";"Bacen/BP (BPM6)";"Balanço de pagamentos";"Conta Financeira - Saldo (Captações - Concessões) (Nova metod. - BPM6)";"Conta Financeira - Saldo (Captações - Concessões) (Nova Metodologia - BPM6)";"Não oculta";"Internet";25;0;0;"Incluída em 04/fev/2015.";"Geradora";"BPAG12";"Internet";"Macro"
"10228";"BPAG12_IDE12";NA;NA;"Ativa";"Bacen/BP (BPM6)";"Balanço de pagamentos";"Invest. dir. ext. - Saldo (Nova metod. - BPM6)";"Investimentos diretos no exterior - Saldo (Nova Metodologia - BPM6)";"Não oculta";"Internet";25;0;0;"Incluída em 04/fev/2015.";"Geradora";"BPAG12";"Internet";"Macro"
"10229";"BPAG12_IDEI12";NA;NA;"Ativa";"Bacen/BP (BPM6)";"Balanço de pagamentos";"Invest. dir. ext. - Ingressos (Nova metod. - BPM6)";"Investimentos diretos no exterior - Ingressos (Nova Metodologia - BPM6)";"Não oculta";"Internet";25;0;0;"Incluída em 04/fev/2015.";"Geradora";"BPAG12";"Internet";"Macro"
"10230";"BPAG12_IDES12";NA;NA;"Ativa";"Bacen/BP (BPM6)";"Balanço de pagamentos";"Invest. dir. ext. - Saídas (Nova metod. - BPM6)";"Investimentos diretos no exterior - Saídas (Nova Metodologia - BPM6)";"Não oculta";"Internet";25;0;0;"Incluída em 04/fev/2015.";"Geradora";"BPAG12";"Internet";"Macro"
"10231";"BPAG12_IDEPC12";NA;NA;"Ativa";"Bacen/BP (BPM6)";"Balanço de pagamentos";"Invest. dir. ext. - Particip. capital - Saldo  (Nova metod. - BPM6)";"Investimentos diretos no exterior - Participação no capital - Saldo  (Nova Metodologia - BPM6)";"Não oculta";"Internet";25;0;0;"Incluída em 04/fev/2015.";"Geradora";"BPAG12";"Internet";"Macro"
"10232";"BPAG12_IDEPCI12";NA;NA;"Ativa";"Bacen/BP (BPM6)";"Balanço de pagamentos";"Invest. dir. ext. - Particip. capital - Ingressos (Nova metod. - BPM6)";"Investimentos diretos no exterior - Participação no capital - Ingressos (Nova Metodologia - BPM6)";"Não oculta";"Internet";25;0;0;"Incluída em 04/fev/2015.";"Geradora";"BPAG12";"Internet";"Macro"
"10233";"BPAG12_IDEPCS12";NA;NA;"Ativa";"Bacen/BP (BPM6)";"Balanço de pagamentos";"Invest. dir. ext. - Particip. capital - Saídas (Nova metod. - BPM6)";"Investimentos diretos no exterior - Participação no capital - Saídas (Nova Metodologia - BPM6)";"Não oculta";"Internet";25;0;0;"Incluída em 04/fev/2015.";"Geradora";"BPAG12";"Internet";"Macro"
"10234";"BPAG12_IDEPCLR12";NA;NA;"Ativa";"Bacen/BP (BPM6)";"Balanço de pagamentos";"Invest. dir. ext. - Particip. capital - Lucros reinvestidos no exterior (Nova metod. - BPM6)";"Investimentos diretos no exterior - Participação no capital - Lucros reinvestidos no exterior (Nova Metodologia - BPM6)";"Não oculta";"Internet";25;0;0;"Incluída em 04/fev/2015.";"Geradora";"BPAG12";"Internet";"Macro"
"10235";"BPAG12_IDEOI12";NA;NA;"Ativa";"Bacen/BP (BPM6)";"Balanço de pagamentos";"Invest. dir. ext. - Op. intercompanhia - Saldo  (Nova metod. - BPM6)";"Investimentos diretos no exterior - Operações intercompanhia - Saldo  (Nova Metodologia - BPM6)";"Não oculta";"Internet";25;0;0;"Incluída em 04/fev/2015.";"Geradora";"BPAG12";"Internet";"Macro"
"10236";"BPAG12_IDEOIA12";NA;NA;"Ativa";"Bacen/BP (BPM6)";"Balanço de pagamentos";"Invest. dir. ext. - Op. intercompanhia -  Amortizações recebidas do exterior (Nova metod. - BPM6)";"Investimentos diretos no exterior - Operações intercompanhia -  Amortizações recebidas do exterior (Nova Metodologia - BPM6)";"Não oculta";"Internet";25;0;0;"Incluída em 04/fev/2015.";"Geradora";"BPAG12";"Internet";"Macro"
"10237";"BPAG12_IDEOIC12";NA;NA;"Ativa";"Bacen/BP (BPM6)";"Balanço de pagamentos";"Invest. dir. ext. - Op. intercompanhia - Créditos concedidos ao exterior (Nova metod. - BPM6)";"Investimentos diretos no exterior - Operações intercompanhia - Créditos concedidos ao exterior (Nova Metodologia - BPM6)";"Não oculta";"Internet";25;0;0;"Incluída em 04/fev/2015.";"Geradora";"BPAG12";"Internet";"Macro"
"10238";"BPAG12_IDP12";NA;NA;"Ativa";"Bacen/BP (BPM6)";"Balanço de pagamentos";"Invest. dir. país - Saldo (Nova metod. - BPM6)";"Investimentos diretos no país - Saldo (Nova Metodologia - BPM6)";"Não oculta";"Internet";25;0;0;"Incluída em 04/fev/2015.";"Geradora";"BPAG12";"Internet";"Macro"
"10239";"BPAG12_IDPI12";NA;NA;"Ativa";"Bacen/BP (BPM6)";"Balanço de pagamentos";"Invest. dir. país - Ingressos (Nova metod. - BPM6)";"Investimentos diretos no país - Ingressos (Nova Metodologia - BPM6)";"Não oculta";"Internet";25;0;0;"Incluída em 04/fev/2015.";"Geradora";"BPAG12";"Internet";"Macro"
"10240";"BPAG12_IDPS12";NA;NA;"Ativa";"Bacen/BP (BPM6)";"Balanço de pagamentos";"Invest. dir. país - Saídas (Nova metod. - BPM6)";"Investimentos diretos no país - Saídas (Nova Metodologia - BPM6)";"Não oculta";"Internet";25;0;0;"Incluída em 04/fev/2015.";"Geradora";"BPAG12";"Internet";"Macro"
"10241";"BPAG12_IDPPC12";NA;NA;"Ativa";"Bacen/BP (BPM6)";"Balanço de pagamentos";"Invest. dir. país - Particip. capital - Saldo (Nova metod. - BPM6)";"Investimentos diretos no país - Participação no capital - Saldo (Nova Metodologia - BPM6)";"Não oculta";"Internet";25;0;0;"Incluída em 04/fev/2015.";"Geradora";"BPAG12";"Internet";"Macro"
"10242";"BPAG12_IDPPCI12";NA;NA;"Ativa";"Bacen/BP (BPM6)";"Balanço de pagamentos";"Invest. dir. país - Particip. capital - Ingressos (Nova metod. - BPM6)";"Investimentos diretos no país - Participação no capital - Ingressos (Nova Metodologia - BPM6)";"Não oculta";"Internet";25;0;0;"Incluída em 04/fev/2015.";"Geradora";"BPAG12";"Internet";"Macro"
"10243";"BPAG12_IDPPCS12";NA;NA;"Ativa";"Bacen/BP (BPM6)";"Balanço de pagamentos";"Invest. dir. país - Particip. capital - Saídas (Nova metod. - BPM6)";"Investimentos diretos no país - Participação no capital - Saídas (Nova Metodologia - BPM6)";"Não oculta";"Internet";25;0;0;"Incluída em 04/fev/2015.";"Geradora";"BPAG12";"Internet";"Macro"
"10244";"BPAG12_IDPPCLR12";NA;NA;"Ativa";"Bacen/BP (BPM6)";"Balanço de pagamentos";"Invest. dir. país - Particip. capital - Lucros reinvestidos no Brasil (Nova metod. - BPM6)";"Investimentos diretos no país - Participação no capital - Lucros reinvestidos no Brasil (Nova Metodologia - BPM6)";"Não oculta";"Internet";25;0;0;"Incluída em 04/fev/2015.";"Geradora";"BPAG12";"Internet";"Macro"
"10245";"BPAG12_IDPOI12";NA;NA;"Ativa";"Bacen/BP (BPM6)";"Balanço de pagamentos";"Invest. dir. país - Op. intercompanhia - Saldo (Nova metod. - BPM6)";"Investimentos diretos no país - Operações intercompanhia - Saldo (Nova Metodologia - BPM6)";"Não oculta";"Internet";25;0;0;"Incluída em 04/fev/2015.";"Geradora";"BPAG12";"Internet";"Macro"
"10246";"BPAG12_IDPOIC12";NA;NA;"Ativa";"Bacen/BP (BPM6)";"Balanço de pagamentos";"Invest. dir. país - Op. intercompanhia - Créditos recebidos do exterior (Nova metod. - BPM6)";"Investimentos diretos no país - Operações intercompanhia - Créditos recebidos do exterior (Nova Metodologia - BPM6)";"Não oculta";"Internet";25;0;0;"Incluída em 04/fev/2015.";"Geradora";"BPAG12";"Internet";"Macro"
"10247";"BPAG12_IDPOIA12";NA;NA;"Ativa";"Bacen/BP (BPM6)";"Balanço de pagamentos";"Invest. dir. país - Op. intercompanhia - Amortizações pagas ao exterior (Nova metod. - BPM6)";"Investimentos diretos no país - Operações intercompanhia - Amortizações pagas ao exterior (Nova Metodologia - BPM6)";"Não oculta";"Internet";25;0;0;"Incluída em 04/fev/2015.";"Geradora";"BPAG12";"Internet";"Macro"
"10248";"BPAG12_ICA12";NA;NA;"Ativa";"Bacen/BP (BPM6)";"Balanço de pagamentos";"Invest. cart. - Ativos - Saldo (Nova metod. - BPM6)";"Investimentos em carteira - Ativos - Saldo (Nova Metodologia - BPM6)";"Não oculta";"Internet";25;0;0;"Incluída em 04/fev/2015.";"Geradora";"BPAG12";"Internet";"Macro"
"10249";"BPAG12_ICAR12";NA;NA;"Ativa";"Bacen/BP (BPM6)";"Balanço de pagamentos";"Invest. cart. - Ativos - Rec. (Nova metod. - BPM6)";"Investimentos em carteira - Ativos - Receitas (Nova Metodologia - BPM6)";"Não oculta";"Internet";25;0;0;"Incluída em 04/fev/2015.";"Geradora";"BPAG12";"Internet";"Macro"
"10250";"BPAG12_ICAD12";NA;NA;"Ativa";"Bacen/BP (BPM6)";"Balanço de pagamentos";"Invest. cart. - Ativos - Desp. (Nova metod. - BPM6)";"Investimentos em carteira - Ativos - Despesas (Nova Metodologia - BPM6)";"Não oculta";"Internet";25;0;0;"Incluída em 04/fev/2015.";"Geradora";"BPAG12";"Internet";"Macro"
"10251";"BPAG12_ICAA12";NA;NA;"Ativa";"Bacen/BP (BPM6)";"Balanço de pagamentos";"Invest. cart. - Ativos - Invest. ações - Saldo (Nova metod. - BPM6)";"Investimentos em carteira - Ativos - Investimentos em ações - Saldo (Nova Metodologia - BPM6)";"Não oculta";"Internet";25;0;0;"Incluída em 04/fev/2015.";"Geradora";"BPAG12";"Internet";"Macro"
"10252";"BPAG12_ICAAV12";NA;NA;"Ativa";"Bacen/BP (BPM6)";"Balanço de pagamentos";"Invest. cart. - Ativos - Invest. ações - Venda (Nova metod. - BPM6)";"Investimentos em carteira - Ativos - Investimentos em ações - Venda (Nova Metodologia - BPM6)";"Não oculta";"Internet";25;0;0;"Incluída em 04/fev/2015.";"Geradora";"BPAG12";"Internet";"Macro"
"10253";"BPAG12_ICAAA12";NA;NA;"Ativa";"Bacen/BP (BPM6)";"Balanço de pagamentos";"Invest. cart. - Ativos - Invest. ações - Aquisição (Nova metod. - BPM6)";"Investimentos em carteira - Ativos - Investimentos em ações - Aquisição (Nova Metodologia - BPM6)";"Não oculta";"Internet";25;0;0;"Incluída em 04/fev/2015.";"Geradora";"BPAG12";"Internet";"Macro"
"10254";"BPAG12_ICAF12";NA;NA;"Ativa";"Bacen/BP (BPM6)";"Balanço de pagamentos";"Invest. cart. - Ativos - Invest. fundos de investimento - Saldo(Nova metod. - BPM6)";"Investimentos em carteira - Ativos - Invest. fundos de investimento - Saldo(Nova Metodologia - BPM6)";"Não oculta";"Internet";25;0;0;"Incluída em 04/fev/2015.";"Geradora";"BPAG12";"Internet";"Macro"
"10255";"BPAG12_ICAFV12";NA;NA;"Ativa";"Bacen/BP (BPM6)";"Balanço de pagamentos";"Invest. cart. - Ativos - Invest. fundos de investimento - Venda (Nova metod. - BPM6)";"Investimentos em carteira - Ativos - Invest. fundos de investimento - Venda (Nova Metodologia - BPM6)";"Não oculta";"Internet";25;0;0;"Incluída em 04/fev/2015.";"Geradora";"BPAG12";"Internet";"Macro"
"10256";"BPAG12_ICAFA12";NA;NA;"Ativa";"Bacen/BP (BPM6)";"Balanço de pagamentos";"Invest. cart. - Ativos - Invest. fundos de investimento - Aquisição (Nova metod. - BPM6)";"Investimentos em carteira - Ativos - Invest. fundos de investimento - Aquisição (Nova Metodologia - BPM6)";"Não oculta";"Internet";25;0;0;"Incluída em 04/fev/2015.";"Geradora";"BPAG12";"Internet";"Macro"
"10257";"BPAG12_ICARF12";NA;NA;"Ativa";"Bacen/BP (BPM6)";"Balanço de pagamentos";"Invest. cart. - Ativos - Títulos renda fixa - Saldo (Nova metod. - BPM6)";"Investimentos em carteira - Ativos - Títulos de renda fixa - Saldo (Nova Metodologia - BPM6)";"Não oculta";"Internet";25;0;0;"Incluída em 04/fev/2015.";"Geradora";"BPAG12";"Internet";"Macro"
"10258";"BPAG12_ICARFV12";NA;NA;"Ativa";"Bacen/BP (BPM6)";"Balanço de pagamentos";"Invest. cart. - Ativos - Títulos renda fixa - Venda (Nova metod. - BPM6)";"Investimentos em carteira - Ativos - Títulos de renda fixa - Venda (Nova Metodologia - BPM6)";"Não oculta";"Internet";25;0;0;"Incluída em 04/fev/2015.";"Geradora";"BPAG12";"Internet";"Macro"
"10259";"BPAG12_ICARFA12";NA;NA;"Ativa";"Bacen/BP (BPM6)";"Balanço de pagamentos";"Invest. cart. - Ativos - Títulos renda fixa - Aquisição (Nova metod. - BPM6)";"Investimentos em carteira - Ativos - Títulos de renda fixa - Aquisição (Nova Metodologia - BPM6)";"Não oculta";"Internet";25;0;0;"Incluída em 04/fev/2015.";"Geradora";"BPAG12";"Internet";"Macro"
"10260";"BPAG12_ICP12";NA;NA;"Ativa";"Bacen/BP (BPM6)";"Balanço de pagamentos";"Invest. cart. - Passivos - Saldo (Nova metod. - BPM6)";"Investimentos em carteira - Passivos - Saldo (Nova Metodologia - BPM6)";"Não oculta";"Internet";25;0;0;"Incluída em 04/fev/2015.";"Geradora";"BPAG12";"Internet";"Macro"
"10261";"BPAG12_ICPR12";NA;NA;"Ativa";"Bacen/BP (BPM6)";"Balanço de pagamentos";"Invest. cart. - Passivos - Rec. (Nova metod. - BPM6)";"Investimentos em carteira - Passivos - Receitas (Nova Metodologia - BPM6)";"Não oculta";"Internet";25;0;0;"Incluída em 04/fev/2015.";"Geradora";"BPAG12";"Internet";"Macro"
"10262";"BPAG12_ICPD12";NA;NA;"Ativa";"Bacen/BP (BPM6)";"Balanço de pagamentos";"Invest. cart. - Passivos - Desp. (Nova metod. - BPM6)";"Investimentos em carteira - Passivos - Despesas (Nova Metodologia - BPM6)";"Não oculta";"Internet";25;0;0;"Incluída em 04/fev/2015.";"Geradora";"BPAG12";"Internet";"Macro"
"10263";"BPAG12_ICPA12";NA;NA;"Ativa";"Bacen/BP (BPM6)";"Balanço de pagamentos";"Invest. cart. - Passivos - invest. ações - Saldo (Nova metod. - BPM6)";"Investimentos em carteira - Passivos - Investimentos em ações - Saldo (Nova Metodologia - BPM6)";"Não oculta";"Internet";25;0;0;"Incluída em 04/fev/2015.";"Geradora";"BPAG12";"Internet";"Macro"
"10264";"BPAG12_ICPAI12";NA;NA;"Ativa";"Bacen/BP (BPM6)";"Balanço de pagamentos";"Invest. cart. - Passivos - invest. ações - Ingressos (Nova metod. - BPM6)";"Investimentos em carteira - Passivos - Investimentos em ações - Ingressos (Nova Metodologia - BPM6)";"Não oculta";"Internet";25;0;0;"Incluída em 04/fev/2015.";"Geradora";"BPAG12";"Internet";"Macro"
"10265";"BPAG12_ICPAS12";NA;NA;"Ativa";"Bacen/BP (BPM6)";"Balanço de pagamentos";"Invest. cart. - Passivos - invest. ações - Saídas (Nova metod. - BPM6)";"Investimentos em carteira - Passivos - Investimentos em ações - Saídas (Nova Metodologia - BPM6)";"Não oculta";"Internet";25;0;0;"Incluída em 04/fev/2015.";"Geradora";"BPAG12";"Internet";"Macro"
"10266";"BPAG12_ICPF12";NA;NA;"Ativa";"Bacen/BP (BPM6)";"Balanço de pagamentos";"Invest. cart. - Passivos - Invest. fundos de investimento - Saldo (Nova metod. - BPM6)";"Investimentos em carteira - Passivos - Invest. fundos de investimento - Saldo (Nova Metodologia - BPM6)";"Não oculta";"Internet";25;0;0;"Incluída em 04/fev/2015.";"Geradora";"BPAG12";"Internet";"Macro"
"10267";"BPAG12_ICPFI12";NA;NA;"Ativa";"Bacen/BP (BPM6)";"Balanço de pagamentos";"Invest. cart. - Passivos - Invest. fundos de investimento - Ingressos (Nova metod. - BPM6)";"Investimentos em carteira - Passivos - Invest. fundos de investimento - Ingressos (Nova Metodologia - BPM6)";"Não oculta";"Internet";25;0;0;"Incluída em 04/fev/2015.";"Geradora";"BPAG12";"Internet";"Macro"
"10268";"BPAG12_ICPFS12";NA;NA;"Ativa";"Bacen/BP (BPM6)";"Balanço de pagamentos";"Invest. cart. - Passivos - Invest. fundos de investimento - Saídas (Nova metod. - BPM6)";"Investimentos em carteira - Passivos - Invest. fundos de investimento - Saídas (Nova Metodologia - BPM6)";"Não oculta";"Internet";25;0;0;"Incluída em 04/fev/2015.";"Geradora";"BPAG12";"Internet";"Macro"
"10269";"BPAG12_ICPRF12";NA;NA;"Ativa";"Bacen/BP (BPM6)";"Balanço de pagamentos";"Invest. cart. - Passivos - Títulos de renda fixa - Saldo (Nova metod. - BPM6)";"Investimentos em carteira - Passivos - Títulos de renda fixa - Saldo (Nova Metodologia - BPM6)";"Não oculta";"Internet";25;0;0;"Incluída em 04/fev/2015.";"Geradora";"BPAG12";"Internet";"Macro"
"10270";"BPAG12_ICPRFI12";NA;NA;"Ativa";"Bacen/BP (BPM6)";"Balanço de pagamentos";"Invest. cart. - Passivos - Títulos de renda fixa - Ingressos (Nova metod. - BPM6)";"Investimentos em carteira - Passivos - Títulos de renda fixa - Ingressos (Nova Metodologia - BPM6)";"Não oculta";"Internet";25;0;0;"Incluída em 04/fev/2015.";"Geradora";"BPAG12";"Internet";"Macro"
"10271";"BPAG12_ICPRFS12";NA;NA;"Ativa";"Bacen/BP (BPM6)";"Balanço de pagamentos";"Invest. cart. - Passivos - Títulos de renda fixa - Saídas (Nova metod. - BPM6)";"Investimentos em carteira - Passivos - Títulos de renda fixa - Saídas (Nova Metodologia - BPM6)";"Não oculta";"Internet";25;0;0;"Incluída em 04/fev/2015.";"Geradora";"BPAG12";"Internet";"Macro"
"10272";"BPAG12_ICPRFD12";NA;NA;"Ativa";"Bacen/BP (BPM6)";"Balanço de pagamentos";"Invest. cart. - Passivos - Tít. renda fixa negoc. merc. doméstico - Saldo (Nova metod. - BPM6)";"Investimentos em carteira - Passivos - Títulos de renda fixa negociados no mercado doméstico - Saldo (Nova Metodologia - BPM6)";"Não oculta";"Internet";25;0;0;"Incluída em 04/fev/2015.";"Geradora";"BPAG12";"Internet";"Macro"
"10273";"BPAG12_ICPRFDI12";NA;NA;"Ativa";"Bacen/BP (BPM6)";"Balanço de pagamentos";"Invest. cart. - Passivos - Tít. renda fixa negoc. merc. doméstico - Ingressos (Nova metod. - BPM6)";"Investimentos em carteira - Passivos - Títulos de renda fixa negociados no mercado doméstico - Ingressos (Nova Metodologia - BPM6)";"Não oculta";"Internet";25;0;0;"Incluída em 04/fev/2015.";"Geradora";"BPAG12";"Internet";"Macro"
"10274";"BPAG12_ICPRFDS12";NA;NA;"Ativa";"Bacen/BP (BPM6)";"Balanço de pagamentos";"Invest. cart. - Passivos - Tít. renda fixa negoc. merc. doméstico - Saídas (Nova metod. - BPM6)";"Investimentos em carteira - Passivos - Títulos de renda fixa negociados no mercado doméstico - Saídas (Nova Metodologia - BPM6)";"Não oculta";"Internet";25;0;0;"Incluída em 04/fev/2015.";"Geradora";"BPAG12";"Internet";"Macro"
"10275";"BPAG12_ICPRFIN12";NA;NA;"Ativa";"Bacen/BP (BPM6)";"Balanço de pagamentos";"Invest. cart. - Passivos - Tít. renda fixa negoc. merc. internacional - Saldo (Nova metod. - BPM6)";"Investimentos em carteira - Passivos - Títulos de renda fixa negociados no mercado internacional - Saldo (Nova Metodologia - BPM6)";"Não oculta";"Internet";25;0;0;"Incluída em 04/fev/2015.";"Geradora";"BPAG12";"Internet";"Macro"
"10276";"BPAG12_ICPRFINI12";NA;NA;"Ativa";"Bacen/BP (BPM6)";"Balanço de pagamentos";"Invest. cart. - Passivos - Tít. renda fixa negoc. merc. internacional - Ingressos (Nova metod. - BPM";"Investimentos em carteira - Passivos - Títulos de renda fixa negociados no mercado internacional - Ingressos (Nova Metodologia - BPM6)";"Não oculta";"Internet";25;0;0;"Incluída em 04/fev/2015.";"Geradora";"BPAG12";"Internet";"Macro"
"10277";"BPAG12_ICPRFINS12";NA;NA;"Ativa";"Bacen/BP (BPM6)";"Balanço de pagamentos";"Invest. cart. - Passivos - Tít. renda fixa negoc. merc. internacional - Saídas (Nova metod. - BPM6)";"Investimentos em carteira - Passivos - Títulos de renda fixa negociados no mercado internacional - Saídas (Nova Metodologia - BPM6)";"Não oculta";"Internet";25;0;0;"Incluída em 04/fev/2015.";"Geradora";"BPAG12";"Internet";"Macro"
"10278";"BPAG12_DER12";NA;NA;"Ativa";"Bacen/BP (BPM6)";"Balanço de pagamentos";"Derivativos - Saldo (Passivos - Ativos) (Nova metod. - BPM6)";"Derivativos - Saldo (Passivos - Ativos) (Nova Metodologia - BPM6)";"Não oculta";"Internet";25;0;0;"Incluída em 04/fev/2015.";"Geradora";"BPAG12";"Internet";"Macro"
"10279";"BPAG12_DERA12";NA;NA;"Ativa";"Bacen/BP (BPM6)";"Balanço de pagamentos";"Derivativos - Ativos (Nova metod. - BPM6)";"Derivativos - Ativos (Nova Metodologia - BPM6)";"Não oculta";"Internet";25;0;0;"Incluída em 04/fev/2015.";"Geradora";"BPAG12";"Internet";"Macro"
"10280";"BPAG12_DERP12";NA;NA;"Ativa";"Bacen/BP (BPM6)";"Balanço de pagamentos";"Derivativos - Passivos (Nova metod. - BPM6)";"Derivativos - Passivos (Nova Metodologia - BPM6)";"Não oculta";"Internet";25;0;0;"Incluída em 04/fev/2015.";"Geradora";"BPAG12";"Internet";"Macro"
"10281";"BPAG12_OI12";NA;NA;"Ativa";"Bacen/BP (BPM6)";"Balanço de pagamentos";"Outros invest. - Saldo (Passivos - Ativos) (Nova metod. - BPM6)";"Outros investimentos - Saldo (Passivos - Ativos) (Nova Metodologia - BPM6)";"Não oculta";"Internet";25;0;0;"Incluída em 04/fev/2015.";"Geradora";"BPAG12";"Internet";"Macro"
"10282";"BPAG12_OIA12";NA;NA;"Ativa";"Bacen/BP (BPM6)";"Balanço de pagamentos";"Outros invest. - Ativos (Nova metod. - BPM6)";"Outros investimentos - Ativos (Nova Metodologia - BPM6)";"Não oculta";"Internet";25;0;0;"Incluída em 04/fev/2015.";"Geradora";"BPAG12";"Internet";"Macro"
"10283";"BPAG12_OIP12";NA;NA;"Ativa";"Bacen/BP (BPM6)";"Balanço de pagamentos";"Outros invest. - Passivos (Nova metod. - BPM6)";"Outros investimentos - Passivos (Nova Metodologia - BPM6)";"Não oculta";"Internet";25;0;0;"Incluída em 04/fev/2015.";"Geradora";"BPAG12";"Internet";"Macro"
"10284";"BPAG12_MD12";NA;NA;"Ativa";"Bacen/BP (BPM6)";"Balanço de pagamentos";"Outros invest. - Moeda e depósitos - Saldo (Passivos - Ativos) (Nova metod. - BPM6)";"Outros investimentos - Moeda e depósitos - Saldo (Passivos - Ativos) (Nova Metodologia - BPM6)";"Não oculta";"Internet";25;0;0;"Incluída em 04/fev/2015.";"Geradora";"BPAG12";"Internet";"Macro"
"10285";"BPAG12_MDA12";NA;NA;"Ativa";"Bacen/BP (BPM6)";"Balanço de pagamentos";"Outros invest. - Moeda e depósitos - Ativos (Nova metod. - BPM6)";"Outros investimentos - Moeda e depósitos - Ativos (Nova Metodologia - BPM6)";"Não oculta";"Internet";25;0;0;"Incluída em 04/fev/2015.";"Geradora";"BPAG12";"Internet";"Macro"
"10286";"BPAG12_MDP12";NA;NA;"Ativa";"Bacen/BP (BPM6)";"Balanço de pagamentos";"Outros invest. - Moeda e depósitos - Passivos (Nova metod. - BPM6)";"Outros investimentos - Moeda e depósitos - Passivos (Nova Metodologia - BPM6)";"Não oculta";"Internet";25;0;0;"Incluída em 04/fev/2015.";"Geradora";"BPAG12";"Internet";"Macro"
"10287";"BPAG12_EMP12";NA;NA;"Ativa";"Bacen/BP (BPM6)";"Balanço de pagamentos";"Outros invest. - Empréstimos - Saldo (Passivos - Ativos) (Nova metod. - BPM6)";"Outros investimentos - Empréstimos - Saldo (Passivos - Ativos) (Nova Metodologia - BPM6)";"Não oculta";"Internet";25;0;0;"Incluída em 04/fev/2015.";"Geradora";"BPAG12";"Internet";"Macro"
"10288";"BPAG12_EMPA12";NA;NA;"Ativa";"Bacen/BP (BPM6)";"Balanço de pagamentos";"Outros invest. - Empréstimos - Ativos - Saldo (Nova metod. - BPM6)";"Outros investimentos - Empréstimos - Ativos - Saldo (Nova Metodologia - BPM6)";"Não oculta";"Internet";25;0;0;"Incluída em 04/fev/2015.";"Geradora";"BPAG12";"Internet";"Macro"
"10289";"BPAG12_EMPAI12";NA;NA;"Ativa";"Bacen/BP (BPM6)";"Balanço de pagamentos";"Outros invest. - Empréstimos - Ativos - Ingressos (Nova metod. - BPM6)";"Outros investimentos - Empréstimos - Ativos - Ingressos (Nova Metodologia - BPM6)";"Não oculta";"Internet";25;0;0;"Incluída em 04/fev/2015.";"Geradora";"BPAG12";"Internet";"Macro"
"10290";"BPAG12_EMPAS12";NA;NA;"Ativa";"Bacen/BP (BPM6)";"Balanço de pagamentos";"Outros invest. - Empréstimos - Ativos - Saídas (Nova metod. - BPM6)";"Outros investimentos - Empréstimos - Ativos - Saídas (Nova Metodologia - BPM6)";"Não oculta";"Internet";25;0;0;"Incluída em 04/fev/2015.";"Geradora";"BPAG12";"Internet";"Macro"
"10291";"BPAG12_EMPP12";NA;NA;"Ativa";"Bacen/BP (BPM6)";"Balanço de pagamentos";"Outros invest. - Empréstimos - Passivos - Saldo (Nova metod. - BPM6)";"Outros investimentos - Empréstimos - Passivos - Saldo (Nova Metodologia - BPM6)";"Não oculta";"Internet";25;0;0;"Incluída em 04/fev/2015.";"Geradora";"BPAG12";"Internet";"Macro"
"10292";"BPAG12_EMPPI12";NA;NA;"Ativa";"Bacen/BP (BPM6)";"Balanço de pagamentos";"Outros invest. - Empréstimos - Passivos - Ingressos (Nova metod. - BPM6)";"Outros investimentos - Empréstimos - Passivos - Ingressos (Nova Metodologia - BPM6)";"Não oculta";"Internet";25;0;0;"Incluída em 04/fev/2015.";"Geradora";"BPAG12";"Internet";"Macro"
"10293";"BPAG12_EMPPS12";NA;NA;"Ativa";"Bacen/BP (BPM6)";"Balanço de pagamentos";"Outros invest. - Empréstimos - Passivos - Saídas (Nova metod. - BPM6)";"Outros investimentos - Empréstimos - Passivos - Saídas (Nova Metodologia - BPM6)";"Não oculta";"Internet";25;0;0;"Incluída em 04/fev/2015.";"Geradora";"BPAG12";"Internet";"Macro"
"10294";"BPAG12_CRCO12";NA;NA;"Ativa";"Bacen/BP (BPM6)";"Balanço de pagamentos";"Outros invest. - Créd. comerciais e adiantamentos - Saldo (Passivos - Ativos) (Nova metod. - BPM6)";"Outros investimentos - Créditos comerciais e adiantamentos - Saldo (Passivos - Ativos) (Nova Metodologia - BPM6)";"Não oculta";"Internet";25;0;0;"Incluída em 04/fev/2015.";"Geradora";"BPAG12";"Internet";"Macro"
"10295";"BPAG12_CRCOA12";NA;NA;"Ativa";"Bacen/BP (BPM6)";"Balanço de pagamentos";"Outros invest. - Créd. comerciais e adiantamentos - Ativos (Nova metod. - BPM6)";"Outros investimentos - Créditos comerciais e adiantamentos - Ativos (Nova Metodologia - BPM6)";"Não oculta";"Internet";25;0;0;"Incluída em 04/fev/2015.";"Geradora";"BPAG12";"Internet";"Macro"
"10296";"BPAG12_CRCOP12";NA;NA;"Ativa";"Bacen/BP (BPM6)";"Balanço de pagamentos";"Outros invest. - Créd. comerciais e adiantamentos - Passivos (Nova metod. - BPM6)";"Outros investimentos - Créditos comerciais e adiantamentos - Passivos (Nova Metodologia - BPM6)";"Não oculta";"Internet";25;0;0;"Incluída em 04/fev/2015.";"Geradora";"BPAG12";"Internet";"Macro"
"10297";"BPAG12_CRCOPI12";NA;NA;"Inativa";"Bacen/BP (BPM6)";"Balanço de pagamentos";"Outros invest. - Créd. comerciais e adiantamentos - Passivos - Ingressos (Nova metod. - BPM6)";"Outros investimentos - Créditos comerciais e adiantamentos - Passivos - Ingressos (Nova Metodologia - BPM6)";"Não oculta";"Internet";25;0;0;"Incluída em 04/fev/2015.";"Geradora";"BPAG12";"Internet";"Macro"
"10298";"BPAG12_CRCOPS12";NA;NA;"Inativa";"Bacen/BP (BPM6)";"Balanço de pagamentos";"Outros invest. - Créd. comerciais e adiantamentos - Passivos - Saídas (Nova metod. - BPM6)";"Outros investimentos - Créditos comerciais e adiantamentos - Passivos - Saídas (Nova Metodologia - BPM6)";"Não oculta";"Internet";25;0;0;"Incluída em 04/fev/2015.";"Geradora";"BPAG12";"Internet";"Macro"
"10299";"BPAG12_AR12";NA;NA;"Ativa";"Bacen/BP (BPM6)";"Balanço de pagamentos";"Ativos de reserva (Nova metod. - BPM6)";"Ativos de reserva (Nova Metodologia - BPM6)";"Não oculta";"Internet";25;0;0;"Incluída em 04/fev/2015.";"Geradora";"BPAG12";"Internet";"Macro"
"10300";"BPAG12_EO12";NA;NA;"Ativa";"Bacen/BP (BPM6)";"Balanço de pagamentos";"Erros e omissões (Nova metod. - BPM6)";"Erros e omissões (Nova Metodologia - BPM6)";"Não oculta";"Internet";25;0;0;"Incluída em 04/fev/2015.";"Geradora";"BPAG12";"Internet";"Macro"
"10301";"BPAG12_ETLP12";NA;NA;"Ativa";"Bacen/BP (BPM6)";"Balanço de pagamentos";"Emprést. e tít. de LP negoc. merc. externo - Saldo (Nova metod. - BPM6)";"Empréstimos e títulos de longo prazo negociados no mercado externo - Saldo (Nova Metodologia - BPM6)";"Não oculta";"Internet";25;0;0;"Incluída em 04/fev/2015.";"Geradora";"BPAG12";"Internet";"Macro"
"10302";"BPAG12_ETLPI12";NA;NA;"Ativa";"Bacen/BP (BPM6)";"Balanço de pagamentos";"Emprést. e tít. de LP negoc. merc. externo - Ingressos (Nova metod. - BPM6)";"Empréstimos e títulos de longo prazo negociados no mercado externo - Ingressos (Nova Metodologia - BPM6)";"Não oculta";"Internet";25;0;0;"Incluída em 04/fev/2015.";"Geradora";"BPAG12";"Internet";"Macro"
"10303";"BPAG12_ETLPITPUB12";NA;NA;"Ativa";"Bacen/BP (BPM6)";"Balanço de pagamentos";"Emprést. e tít. de LP negoc. merc. externo - Ingressos - Títulos púb. (Nova metod. - BPM6)";"Empréstimos e títulos de longo prazo negociados no mercado externo - Ingressos - Títulos públicos (Nova Metodologia - BPM6)";"Não oculta";"Internet";25;0;0;"Incluída em 04/fev/2015.";"Geradora";"BPAG12";"Internet";"Macro"
"10304";"BPAG12_ETLPITPRI12";NA;NA;"Ativa";"Bacen/BP (BPM6)";"Balanço de pagamentos";"Emprést. e tít. de LP negoc. merc. externo - Ingressos - Títulos priv. (Nova metod. - BPM6)";"Empréstimos e títulos de longo prazo negociados no mercado externo - Ingressos - Títulos privados (Nova Metodologia - BPM6)";"Não oculta";"Internet";25;0;0;"Incluída em 04/fev/2015.";"Geradora";"BPAG12";"Internet";"Macro"
"10305";"BPAG12_ETLPIED12";NA;NA;"Ativa";"Bacen/BP (BPM6)";"Balanço de pagamentos";"Emprést. e tít. de LP negoc. merc. externo - Ingressos - Emprést. diretos (Nova metod. - BPM6)";"Empréstimos e títulos de longo prazo negociados no mercado externo - Ingressos - Empréstimos diretos (Nova Metodologia - BPM6)";"Não oculta";"Internet";25;0;0;"Incluída em 04/fev/2015.";"Geradora";"BPAG12";"Internet";"Macro"
"10306";"BPAG12_ETLPIDE12";NA;NA;"Ativa";"Bacen/BP (BPM6)";"Balanço de pagamentos";"Emprést. e tít. de LP negoc. merc. externo - Ingressos - Demais emprést. (Nova metod. - BPM6)";"Empréstimos e títulos de longo prazo negociados no mercado externo - Ingressos - Demais empréstimos (Nova Metodologia - BPM6)";"Não oculta";"Internet";25;0;0;"Incluída em 04/fev/2015.";"Geradora";"BPAG12";"Internet";"Macro"
"10307";"BPAG12_ETLPA12";NA;NA;"Ativa";"Bacen/BP (BPM6)";"Balanço de pagamentos";"Emprést. e tít. de LP negoc. merc. externo - Amortizações (Nova metod. - BPM6)";"Empréstimos e títulos de longo prazo negociados no mercado externo - Amortizações (Nova Metodologia - BPM6)";"Não oculta";"Internet";25;0;0;"Incluída em 04/fev/2015.";"Geradora";"BPAG12";"Internet";"Macro"
"10308";"BPAG12_ETLPATPUB12";NA;NA;"Ativa";"Bacen/BP (BPM6)";"Balanço de pagamentos";"Emprést. e tít. de LP negoc. merc. externo - Amortizações - Títulos púb. (Nova metod. - BPM6)";"Empréstimos e títulos de longo prazo negociados no mercado externo - Amortizações - Títulos públicos (Nova Metodologia - BPM6)";"Não oculta";"Internet";25;0;0;"Incluída em 04/fev/2015.";"Geradora";"BPAG12";"Internet";"Macro"
"10309";"BPAG12_ETLPATPRI12";NA;NA;"Ativa";"Bacen/BP (BPM6)";"Balanço de pagamentos";"Emprést. e tít. de LP negoc. merc. externo - Amortizações - Títulos priv. (Nova metod. - BPM6)";"Empréstimos e títulos de longo prazo negociados no mercado externo - Amortizações - Títulos privados (Nova Metodologia - BPM6)";"Não oculta";"Internet";25;0;0;"Incluída em 04/fev/2015.";"Geradora";"BPAG12";"Internet";"Macro"
"10310";"BPAG12_ETLPAED12";NA;NA;"Ativa";"Bacen/BP (BPM6)";"Balanço de pagamentos";"Emprést. e tít. de LP negoc. merc. externo - Amortizações - Emprést. diretos (Nova metod. - BPM6)";"Empréstimos e títulos de longo prazo negociados no mercado externo - Amortizações - Empréstimos diretos (Nova Metodologia - BPM6)";"Não oculta";"Internet";25;0;0;"Incluída em 04/fev/2015.";"Geradora";"BPAG12";"Internet";"Macro"
"10311";"BPAG12_ETLPADE12";NA;NA;"Ativa";"Bacen/BP (BPM6)";"Balanço de pagamentos";"Emprést. e tít. de LP negoc. merc. externo - Amortizações - Demais emprést. (Nova metod. - BPM6)";"Empréstimos e títulos de longo prazo negociados no mercado externo - Amortizações - Demais empréstimos (Nova Metodologia - BPM6)";"Não oculta";"Internet";25;0;0;"Incluída em 04/fev/2015.";"Geradora";"BPAG12";"Internet";"Macro"
"10312";"BPAG12_ETCP12";NA;NA;"Ativa";"Bacen/BP (BPM6)";"Balanço de pagamentos";"Emprést. e tít. de CP negoc. merc. externo - Saldo (Nova metod. - BPM6)";"Empréstimos e títulos de curto prazo negociados no mercado externo - Saldo (Nova Metodologia - BPM6)";"Não oculta";"Internet";25;0;0;"Incluída em 04/fev/2015.";"Geradora";"BPAG12";"Internet";"Macro"
"10313";"BPAG12_HF12";NA;NA;"Ativa";"Bacen/BP (BPM6)";"Balanço de pagamentos";"Hiato Financeiro (Nova metod. - BPM6)";"Hiato Financeiro do Balanço de pagamentos (Nova Metodologia - BPM6)";"Não oculta";"Internet";25;0;0;"Incluída em 04/fev/2015.";"Geradora";"BPAG12";"Internet";"Macro"
"10314";"BPAG12_HFBC12";NA;NA;"Ativa";"Bacen/BP (BPM6)";"Balanço de pagamentos";"Intervenções líquidas do Bacen no mercado cambial (Nova metod. - BPM6)";"Intervenções líquidas do Banco Central no mercado cambial (Nova Metodologia - BPM6)";"Não oculta";"Internet";25;0;0;"Incluída em 04/fev/2015.";"Geradora";"BPAG12";"Internet";"Macro"
"10315";"BPAG12_HFBAN12";NA;NA;"Ativa";"Bacen/BP (BPM6)";"Balanço de pagamentos";"Bancos - variação ativos no exterior (Nova metod. - BPM6)";"Bancos - variação de ativos no exterior (Nova Metodologia - BPM6)";"Não oculta";"Internet";25;0;0;"Incluída em 04/fev/2015.";"Geradora";"BPAG12";"Internet";"Macro"
"10316";"BPAG12_TCPIB12";NA;NA;"Ativa";"Bacen/BP (BPM6)";"Balanço de pagamentos";"Transações correntes - últimos 12 meses (Nova metod. - BPM6)";"Transações correntes: últimos 12 meses (Nova Metodologia - BPM6)";"Não oculta";"Internet";25;0;0;"Incluída em 09/nov/2015.";"Geradora";"BPAG12";"Internet";"Macro"
"10317";"GAC12_TCERMT12";NA;NA;"Ativa";"IPEA";"Câmbio";"Taxa de câmbio - efetiva real - IPA-EP-DI - importações - índice (média 2010 = 100)";"Taxa de câmbio - efetiva real - IPA-EP-DI - importações - índice (média 2010 = 100)";"Não oculta";"Internet";120;1;0;"Incluída em 23/nov/2015.";"Gerada";"GAC12";"Internet";"Macro"
"10318";"GAC12_TCERMTINPC12";NA;NA;"Ativa";"IPEA";"Câmbio";"Taxa de câmbio - efetiva real - INPC - importações - índice (média 2010 = 100)";"Taxa de câmbio - efetiva real - INPC - importações - índice (média 2010 = 100)";"Não oculta";"Internet";120;1;0;"Incluída em 23/nov/2015.";"Gerada";"GAC12";"Internet";"Macro"
"10319";"GAC12_TCERMBK12";NA;NA;"Ativa";"IPEA";"Câmbio";"Taxa de câmbio - efetiva real - IPA-EP-DI - importações - bens de capital - índice(média 2010 = 100)";"Taxa de câmbio - efetiva real - IPA-EP-DI - importações - bens de capital - índice (média 2010 = 100)";"Não oculta";"Internet";120;1;0;"Incluída em 23/nov/2015.";"Gerada";"GAC12";"Internet";"Macro"
"10320";"GAC12_TCERMBI12";NA;NA;"Ativa";"IPEA";"Câmbio";"Taxa de câmbio - efetiva real - IPA-EP-DI - importações - bens interm. - índice(média 2010=100)";"Taxa de câmbio - efetiva real - IPA-EP-DI - importações - bens intermediários - índice (média 2010 = 100)";"Não oculta";"Internet";120;1;0;"Incluída em 23/nov/2015.";"Gerada";"GAC12";"Internet";"Macro"
"10321";"GAC12_IDPIB12";NA;NA;"Inativa";"IPEA";"Contas nacionais";"PIB mensal - índice dessaz. (1995 = 100)";"Produto Interno Bruto (PIB) mensal - índice dessazonalizado (1995 = 100)";"Oculta";"Intranet";30;1;0;"Incluída em 01/dez/2015.";NA;"GAC12";"Oculta";"Macro"
"10322";"GAC12_IPIB12";NA;NA;"Inativa";"IPEA";"Contas nacionais";"PIB mensal - índice (1995 = 100)";"Produto Interno Bruto (PIB) mensal - índice (1995 = 100)";"Oculta";"Intranet";30;1;0;"Incluída em 01/dez/2015.";NA;"GAC12";"Oculta";"Macro"
"10323";"GAC12_TCERMBCD12";NA;NA;"Ativa";"IPEA";"Câmbio";"Taxa de câmbio - efetiva real - IPA-EP-DI - importações - bens duráveis - índice (média 2010 = 100)";"Taxa de câmbio - efetiva real - IPA-EP-DI - importações - bens de consumo duráveis - índice (média 2010 = 100)";"Não oculta";"Internet";120;1;0;"Incluída em 23/nov/2015.";"Gerada";"GAC12";"Internet";"Macro"
"10324";"GAC12_TCERMBCND12";NA;NA;"Ativa";"IPEA";"Câmbio";"Taxa de câmbio - efetiva real - IPA-EP-DI - importações - bens não duráveis - índice(média 2010=100)";"Taxa de câmbio - efetiva real - IPA-EP-DI - importações - bens de consumo não duráveis - índice (média 2010 = 100)";"Não oculta";"Internet";120;1;0;"Incluída em 23/nov/2015.";"Gerada";"GAC12";"Internet";"Macro"
"10325";"GAC12_TCERMCOMB12";NA;NA;"Ativa";"IPEA";"Câmbio";"Taxa de câmbio - efetiva real - IPA-EP-DI - importações - combustíveis - índice (média 2010 = 100)";"Taxa de câmbio - efetiva real - IPA-EP-DI - importações - combustíveis - índice (média 2010 = 100)";"Não oculta";"Internet";120;1;0;"Incluída em 23/nov/2015.";"Gerada";"GAC12";"Internet";"Macro"
"10326";"SCN10_SUBPRON10";NA;NA;"Ativa";"IBGE/SCN 2010 Anual";"Contas nacionais";"Subsídios aos produtos";"Subsídios aos produtos";"Não oculta";"Internet";720;0;0;"Incluída em 28 / janeiro / 2016. Encadeada 26/fevereiro/2018";NA;"SCN10";"Internet";"Macro"
"10327";"SCN10_DAN10";NA;NA;"Ativa";"IBGE/SCN 2010 Anual";"Contas nacionais";"Demanda total";"Demanda total";"Não oculta";"Internet";720;0;0;"Incluída em 28 / janeiro / 2016. Encadeada 26/fevereiro/2018";NA;"SCN10";"Internet";"Macro"
"10328";"BPAG_AR";NA;NA;"Ativa";"Bacen/BP (BPM6)";"Balanço de pagamentos";"Ativos de reserva (Nova metod. - BPM6)";"Ativos de reserva (Nova Metodologia - BPM6)";"Não oculta";"Internet";25;0;0;"Incluída em 03/fev/2016.";"Gerada";"BPAG";"Internet";"Macro"
"10329";"BPAG_BCX";NA;NA;"Ativa";"Bacen/BP (BPM6)";"Balanço de pagamentos";"Balança comercial - Exportações (Nova metod. - BPM6)";"Balança comercial - Exportações (Nova Metodologia - BPM6)";"Não oculta";"Internet";5;0;0;"Incluída em 03/fev/2016.";"Gerada";"BPAG";"Internet";"Macro"
"10330";"BPAG_CF";NA;NA;"Ativa";"Bacen/BP (BPM6)";"Balanço de pagamentos";"Conta Financeira - Saldo (Captações - Concessões) (Nova metod. - BPM6)";"Conta Financeira - Saldo (Captações - Concessões) (Nova Metodologia - BPM6)";"Não oculta";"Internet";25;0;0;"Incluída em 03/fev/2016.";"Gerada";"BPAG";"Internet";"Macro"
"10331";"BPAG_CK";NA;NA;"Ativa";"Bacen/BP (BPM6)";"Balanço de pagamentos";"Conta capital - Saldo (Nova metod. - BPM6)";"Conta capital - Saldo (Nova Metodologia - BPM6)";"Não oculta";"Internet";25;0;0;"Incluída em 03/fev/2016.";"Gerada";"BPAG";"Internet";"Macro"
"10332";"BPAG_CKD";NA;NA;"Ativa";"Bacen/BP (BPM6)";"Balanço de pagamentos";"Conta capital - Desp. (Nova metod. - BPM6)";"Conta capital - Despesas (Nova Metodologia - BPM6)";"Não oculta";"Internet";25;0;0;"Incluída em 03/fev/2016.";"Gerada";"BPAG";"Internet";"Macro"
"10333";"BPAG_CKR";NA;NA;"Ativa";"Bacen/BP (BPM6)";"Balanço de pagamentos";"Conta capital - Rec. (Nova metod. - BPM6)";"Conta capital - Receitas (Nova Metodologia - BPM6)";"Não oculta";"Internet";25;0;0;"Incluída em 03/fev/2016.";"Gerada";"BPAG";"Internet";"Macro"
"10334";"BPAG_CRCO";NA;NA;"Ativa";"Bacen/BP (BPM6)";"Balanço de pagamentos";"Outros invest. - Créd. comerciais e adiantamentos - Saldo (Passivos - Ativos) (Nova metod. - BPM6)";"Outros investimentos - Créditos comerciais e adiantamentos - Saldo (Passivos - Ativos) (Nova Metodologia - BPM6)";"Não oculta";"Internet";25;0;0;"Incluída em 03/fev/2016.";"Gerada";"BPAG";"Internet";"Macro"
"10335";"BPAG_CRCOA";NA;NA;"Ativa";"Bacen/BP (BPM6)";"Balanço de pagamentos";"Outros invest. - Créd. comerciais e adiantamentos - Ativos (Nova metod. - BPM6)";"Outros investimentos - Créditos comerciais e adiantamentos - Ativos (Nova Metodologia - BPM6)";"Não oculta";"Internet";25;0;0;"Incluída em 03/fev/2016.";"Gerada";"BPAG";"Internet";"Macro"
"10336";"BPAG_CRCOP";NA;NA;"Ativa";"Bacen/BP (BPM6)";"Balanço de pagamentos";"Outros invest. - Créd. comerciais e adiantamentos - Passivos (Nova metod. - BPM6)";"Outros investimentos - Créditos comerciais e adiantamentos - Passivos (Nova Metodologia - BPM6)";"Não oculta";"Internet";25;0;0;"Incluída em 03/fev/2016.";"Gerada";"BPAG";"Internet";"Macro"
"10337";"BPAG_CRCOPI";NA;NA;"Inativa";"Bacen/BP (BPM6)";"Balanço de pagamentos";"Outros invest. - Créd. comerciais e adiantamentos - Passivos - Ingressos (Nova metod. - BPM6)";"Outros investimentos - Créditos comerciais e adiantamentos - Passivos - Ingressos (Nova Metodologia - BPM6)";"Não oculta";"Internet";25;0;0;"Incluída em 03/fev/2016.";"Gerada";"BPAG";"Internet";"Macro"
"10338";"BPAG_CRCOPS";NA;NA;"Inativa";"Bacen/BP (BPM6)";"Balanço de pagamentos";"Outros invest. - Créd. comerciais e adiantamentos - Passivos - Saídas (Nova metod. - BPM6)";"Outros investimentos - Créditos comerciais e adiantamentos - Passivos - Saídas (Nova Metodologia - BPM6)";"Não oculta";"Internet";25;0;0;"Incluída em 03/fev/2016.";"Gerada";"BPAG";"Internet";"Macro"
"10339";"BPAG_DER";NA;NA;"Ativa";"Bacen/BP (BPM6)";"Balanço de pagamentos";"Derivativos - Saldo (Passivos - Ativos) (Nova metod. - BPM6)";"Derivativos - Saldo (Passivos - Ativos) (Nova Metodologia - BPM6)";"Não oculta";"Internet";25;0;0;"Incluída em 03/fev/2016.";"Gerada";"BPAG";"Internet";"Macro"
"10340";"BPAG_DERA";NA;NA;"Ativa";"Bacen/BP (BPM6)";"Balanço de pagamentos";"Derivativos - Ativos (Nova metod. - BPM6)";"Derivativos - Ativos (Nova Metodologia - BPM6)";"Não oculta";"Internet";25;0;0;"Incluída em 03/fev/2016.";"Gerada";"BPAG";"Internet";"Macro"
"10341";"BPAG_DERP";NA;NA;"Ativa";"Bacen/BP (BPM6)";"Balanço de pagamentos";"Derivativos - Passivos (Nova metod. - BPM6)";"Derivativos - Passivos (Nova Metodologia - BPM6)";"Não oculta";"Internet";25;0;0;"Incluída em 03/fev/2016.";"Gerada";"BPAG";"Internet";"Macro"
"10342";"BPAG_EMP";NA;NA;"Ativa";"Bacen/BP (BPM6)";"Balanço de pagamentos";"Outros invest. - Empréstimos - Saldo (Passivos - Ativos) (Nova metod. - BPM6)";"Outros investimentos - Empréstimos - Saldo (Passivos - Ativos) (Nova Metodologia - BPM6)";"Não oculta";"Internet";25;0;0;"Incluída em 03/fev/2016.";"Gerada";"BPAG";"Internet";"Macro"
"10343";"BPAG_EMPA";NA;NA;"Ativa";"Bacen/BP (BPM6)";"Balanço de pagamentos";"Outros invest. - Empréstimos - Ativos - Saldo (Nova metod. - BPM6)";"Outros investimentos - Empréstimos - Ativos - Saldo (Nova Metodologia - BPM6)";"Não oculta";"Internet";25;0;0;"Incluída em 03/fev/2016.";"Gerada";"BPAG";"Internet";"Macro"
"10344";"BPAG_EMPAI";NA;NA;"Ativa";"Bacen/BP (BPM6)";"Balanço de pagamentos";"Outros invest. - Empréstimos - Ativos - Ingressos (Nova metod. - BPM6)";"Outros investimentos - Empréstimos - Ativos - Ingressos (Nova Metodologia - BPM6)";"Não oculta";"Internet";25;0;0;"Incluída em 03/fev/2016.";"Gerada";"BPAG";"Internet";"Macro"
"10345";"BPAG_EMPAS";NA;NA;"Ativa";"Bacen/BP (BPM6)";"Balanço de pagamentos";"Outros invest. - Empréstimos - Ativos - Saídas (Nova metod. - BPM6)";"Outros investimentos - Empréstimos - Ativos - Saídas (Nova Metodologia - BPM6)";"Não oculta";"Internet";25;0;0;"Incluída em 03/fev/2016.";"Gerada";"BPAG";"Internet";"Macro"
"10346";"BPAG_EMPP";NA;NA;"Ativa";"Bacen/BP (BPM6)";"Balanço de pagamentos";"Outros invest. - Empréstimos - Passivos - Saldo (Nova metod. - BPM6)";"Outros investimentos - Empréstimos - Passivos - Saldo (Nova Metodologia - BPM6)";"Não oculta";"Internet";25;0;0;"Incluída em 03/fev/2016.";"Gerada";"BPAG";"Internet";"Macro"
"10347";"BPAG_EMPPI";NA;NA;"Ativa";"Bacen/BP (BPM6)";"Balanço de pagamentos";"Outros invest. - Empréstimos - Passivos - Ingressos (Nova metod. - BPM6)";"Outros investimentos - Empréstimos - Passivos - Ingressos (Nova Metodologia - BPM6)";"Não oculta";"Internet";25;0;0;"Incluída em 03/fev/2016.";"Gerada";"BPAG";"Internet";"Macro"
"10348";"BPAG_EMPPS";NA;NA;"Ativa";"Bacen/BP (BPM6)";"Balanço de pagamentos";"Outros invest. - Empréstimos - Passivos - Saídas (Nova metod. - BPM6)";"Outros investimentos - Empréstimos - Passivos - Saídas (Nova Metodologia - BPM6)";"Não oculta";"Internet";25;0;0;"Incluída em 03/fev/2016.";"Gerada";"BPAG";"Internet";"Macro"
"10349";"BPAG_EO";NA;NA;"Ativa";"Bacen/BP (BPM6)";"Balanço de pagamentos";"Erros e omissões (Nova metod. - BPM6)";"Erros e omissões (Nova Metodologia - BPM6)";"Não oculta";"Internet";25;0;0;"Incluída em 03/fev/2016.";"Gerada";"BPAG";"Internet";"Macro"
"10350";"BPAG_ETCP";NA;NA;"Ativa";"Bacen/BP (BPM6)";"Balanço de pagamentos";"Emprést. e tít. de CP negoc. merc. externo - Saldo (Nova metod. - BPM6)";"Empréstimos e títulos de curto prazo negociados no mercado externo - Saldo (Nova Metodologia - BPM6)";"Não oculta";"Internet";25;0;0;"Incluída em 03/fev/2016.";"Gerada";"BPAG";"Internet";"Macro"
"10351";"BPAG_ETLP";NA;NA;"Ativa";"Bacen/BP (BPM6)";"Balanço de pagamentos";"Emprést. e tít. de LP negoc. merc. externo - Saldo (Nova metod. - BPM6)";"Empréstimos e títulos de longo prazo negociados no mercado externo - Saldo (Nova Metodologia - BPM6)";"Não oculta";"Internet";25;0;0;"Incluída em 03/fev/2016.";"Gerada";"BPAG";"Internet";"Macro"
"10352";"BPAG_ETLPA";NA;NA;"Ativa";"Bacen/BP (BPM6)";"Balanço de pagamentos";"Emprést. e tít. de LP negoc. merc. externo - Amortizações (Nova metod. - BPM6)";"Empréstimos e títulos de longo prazo negociados no mercado externo - Amortizações (Nova Metodologia - BPM6)";"Não oculta";"Internet";25;0;0;"Incluída em 03/fev/2016.";"Gerada";"BPAG";"Internet";"Macro"
"10353";"BPAG_ETLPADE";NA;NA;"Ativa";"Bacen/BP (BPM6)";"Balanço de pagamentos";"Emprést. e tít. de LP negoc. merc. externo - Amortizações - Demais emprést. (Nova metod. - BPM6)";"Empréstimos e títulos de longo prazo negociados no mercado externo - Amortizações - Demais empréstimos (Nova Metodologia - BPM6)";"Não oculta";"Internet";25;0;0;"Incluída em 03/fev/2016.";"Gerada";"BPAG";"Internet";"Macro"
"10354";"BPAG_ETLPAED";NA;NA;"Ativa";"Bacen/BP (BPM6)";"Balanço de pagamentos";"Emprést. e tít. de LP negoc. merc. externo - Amortizações - Emprést. diretos (Nova metod. - BPM6)";"Empréstimos e títulos de longo prazo negociados no mercado externo - Amortizações - Empréstimos diretos (Nova Metodologia - BPM6)";"Não oculta";"Internet";25;0;0;"Incluída em 03/fev/2016.";"Gerada";"BPAG";"Internet";"Macro"
"10355";"BPAG_ETLPATPRI";NA;NA;"Ativa";"Bacen/BP (BPM6)";"Balanço de pagamentos";"Emprést. e tít. de LP negoc. merc. externo - Amortizações - Títulos priv. (Nova metod. - BPM6)";"Empréstimos e títulos de longo prazo negociados no mercado externo - Amortizações - Títulos privados (Nova Metodologia - BPM6)";"Não oculta";"Internet";25;0;0;"Incluída em 03/fev/2016.";"Gerada";"BPAG";"Internet";"Macro"
"10356";"BPAG_ETLPATPUB";NA;NA;"Ativa";"Bacen/BP (BPM6)";"Balanço de pagamentos";"Emprést. e tít. de LP negoc. merc. externo - Amortizações - Títulos púb. (Nova metod. - BPM6)";"Empréstimos e títulos de longo prazo negociados no mercado externo - Amortizações - Títulos públicos (Nova Metodologia - BPM6)";"Não oculta";"Internet";25;0;0;"Incluída em 03/fev/2016.";"Gerada";"BPAG";"Internet";"Macro"
"10357";"BPAG_ETLPI";NA;NA;"Ativa";"Bacen/BP (BPM6)";"Balanço de pagamentos";"Emprést. e tít. de LP negoc. merc. externo - Ingressos (Nova metod. - BPM6)";"Empréstimos e títulos de longo prazo negociados no mercado externo - Ingressos (Nova Metodologia - BPM6)";"Não oculta";"Internet";25;0;0;"Incluída em 03/fev/2016.";"Gerada";"BPAG";"Internet";"Macro"
"10358";"BPAG_ETLPIDE";NA;NA;"Ativa";"Bacen/BP (BPM6)";"Balanço de pagamentos";"Emprést. e tít. de LP negoc. merc. externo - Ingressos - Demais emprést. (Nova metod. - BPM6)";"Empréstimos e títulos de longo prazo negociados no mercado externo - Ingressos - Demais empréstimos (Nova Metodologia - BPM6)";"Não oculta";"Internet";25;0;0;"Incluída em 03/fev/2016.";"Gerada";"BPAG";"Internet";"Macro"
"10359";"BPAG_ETLPIED";NA;NA;"Ativa";"Bacen/BP (BPM6)";"Balanço de pagamentos";"Emprést. e tít. de LP negoc. merc. externo - Ingressos - Emprést. diretos (Nova metod. - BPM6)";"Empréstimos e títulos de longo prazo negociados no mercado externo - Ingressos - Empréstimos diretos (Nova Metodologia - BPM6)";"Não oculta";"Internet";25;0;0;"Incluída em 03/fev/2016.";"Gerada";"BPAG";"Internet";"Macro"
"10360";"BPAG_ETLPITPRI";NA;NA;"Ativa";"Bacen/BP (BPM6)";"Balanço de pagamentos";"Emprést. e tít. de LP negoc. merc. externo - Ingressos - Títulos priv. (Nova metod. - BPM6)";"Empréstimos e títulos de longo prazo negociados no mercado externo - Ingressos - Títulos privados (Nova Metodologia - BPM6)";"Não oculta";"Internet";25;0;0;"Incluída em 03/fev/2016.";"Gerada";"BPAG";"Internet";"Macro"
"10361";"BPAG_ETLPITPUB";NA;NA;"Ativa";"Bacen/BP (BPM6)";"Balanço de pagamentos";"Emprést. e tít. de LP negoc. merc. externo - Ingressos - Títulos púb. (Nova metod. - BPM6)";"Empréstimos e títulos de longo prazo negociados no mercado externo - Ingressos - Títulos públicos (Nova Metodologia - BPM6)";"Não oculta";"Internet";25;0;0;"Incluída em 03/fev/2016.";"Gerada";"BPAG";"Internet";"Macro"
"10362";"BPAG_HF";NA;NA;"Ativa";"Bacen/BP (BPM6)";"Balanço de pagamentos";"Hiato Financeiro (Nova metod. - BPM6)";"Hiato Financeiro do Balanço de pagamentos (Nova Metodologia - BPM6)";"Não oculta";"Internet";25;0;0;"Incluída em 03/fev/2016.";"Gerada";"BPAG";"Internet";"Macro"
"10363";"BPAG_HFBAN";NA;NA;"Ativa";"Bacen/BP (BPM6)";"Balanço de pagamentos";"Bancos - variação ativos no exterior (Nova metod. - BPM6)";"Bancos - variação ativos no exterior (Nova metodologia - BPM6)";"Não oculta";"Internet";25;0;0;"Incluída em 03/fev/2016.";"Gerada";"BPAG";"Internet";"Macro"
"10364";"BPAG_HFBC";NA;NA;"Ativa";"Bacen/BP (BPM6)";"Balanço de pagamentos";"Intervenções líquidas do Bacen no mercado cambial (Nova metod. - BPM6)";"Intervenções líquidas do Banco Central no mercado cambial (Nova Metodologia - BPM6)";"Não oculta";"Internet";25;0;0;"Incluída em 03/fev/2016.";"Gerada";"BPAG";"Internet";"Macro"
"10365";"BPAG_ICA";NA;NA;"Ativa";"Bacen/BP (BPM6)";"Balanço de pagamentos";"Invest. cart. - Ativos - Saldo (Nova metod. - BPM6)";"Investimentos em carteira - Ativos - Saldo (Nova Metodologia - BPM6)";"Não oculta";"Internet";25;0;0;"Incluída em 03/fev/2016.";"Gerada";"BPAG";"Internet";"Macro"
"10366";"BPAG_ICAA";NA;NA;"Ativa";"Bacen/BP (BPM6)";"Balanço de pagamentos";"Invest. cart. - Ativos - Invest. ações - Saldo (Nova metod. - BPM6)";"Investimentos em carteira - Ativos - Investimentos em ações - Saldo (Nova Metodologia - BPM6)";"Não oculta";"Internet";25;0;0;"Incluída em 03/fev/2016.";"Gerada";"BPAG";"Internet";"Macro"
"10367";"BPAG_ICAAA";NA;NA;"Ativa";"Bacen/BP (BPM6)";"Balanço de pagamentos";"Invest. cart. - Ativos - Invest. ações - Aquisição (Nova metod. - BPM6)";"Investimentos em carteira - Ativos - Investimentos em ações - Aquisição (Nova Metodologia - BPM6)";"Não oculta";"Internet";25;0;0;"Incluída em 03/fev/2016.";"Gerada";"BPAG";"Internet";"Macro"
"10368";"BPAG_ICAAV";NA;NA;"Ativa";"Bacen/BP (BPM6)";"Balanço de pagamentos";"Invest. cart. - Ativos - Invest. ações - Venda (Nova metod. - BPM6)";"Investimentos em carteira - Ativos - Investimentos em ações - Venda (Nova Metodologia - BPM6)";"Não oculta";"Internet";25;0;0;"Incluída em 03/fev/2016.";"Gerada";"BPAG";"Internet";"Macro"
"10369";"BPAG_ICAD";NA;NA;"Ativa";"Bacen/BP (BPM6)";"Balanço de pagamentos";"Invest. cart. - Ativos - Desp. (Nova metod. - BPM6)";"Investimentos em carteira - Ativos - Despesas (Nova Metodologia - BPM6)";"Não oculta";"Internet";25;0;0;"Incluída em 03/fev/2016.";"Gerada";"BPAG";"Internet";"Macro"
"10370";"BPAG_ICAF";NA;NA;"Ativa";"Bacen/BP (BPM6)";"Balanço de pagamentos";"Invest. cart. - Ativos - Invest. fundos de investimento - Saldo(Nova metod. - BPM6)";"Investimentos em carteira - Ativos - Invest. fundos de investimento - Saldo(Nova Metodologia - BPM6)";"Não oculta";"Internet";25;0;0;"Incluída em 03/fev/2016.";"Gerada";"BPAG";"Internet";"Macro"
"10371";"BPAG_ICAFA";NA;NA;"Ativa";"Bacen/BP (BPM6)";"Balanço de pagamentos";"Invest. cart. - Ativos - Invest. fundos de investimento - Aquisição (Nova metod. - BPM6)";"Investimentos em carteira - Ativos - Invest. fundos de investimento - Aquisição (Nova Metodologia - BPM6)";"Não oculta";"Internet";25;0;0;"Incluída em 03/fev/2016.";"Gerada";"BPAG";"Internet";"Macro"
"10372";"BPAG_ICAFV";NA;NA;"Ativa";"Bacen/BP (BPM6)";"Balanço de pagamentos";"Invest. cart. - Ativos - Invest. fundos de investimento - Venda (Nova metod. - BPM6)";"Investimentos em carteira - Ativos - Invest. fundos de investimento - Venda (Nova Metodologia - BPM6)";"Não oculta";"Internet";25;0;0;"Incluída em 03/fev/2016.";"Gerada";"BPAG";"Internet";"Macro"
"10373";"BPAG_ICAR";NA;NA;"Ativa";"Bacen/BP (BPM6)";"Balanço de pagamentos";"Invest. cart. - Ativos - Rec. (Nova metod. - BPM6)";"Investimentos em carteira - Ativos - Receitas (Nova Metodologia - BPM6)";"Não oculta";"Internet";25;0;0;"Incluída em 03/fev/2016.";"Gerada";"BPAG";"Internet";"Macro"
"10374";"BPAG_ICARF";NA;NA;"Ativa";"Bacen/BP (BPM6)";"Balanço de pagamentos";"Invest. cart. - Ativos - Títulos renda fixa - Saldo (Nova metod. - BPM6)";"Investimentos em carteira - Ativos - Títulos de renda fixa - Saldo (Nova Metodologia - BPM6)";"Não oculta";"Internet";25;0;0;"Incluída em 03/fev/2016.";"Gerada";"BPAG";"Internet";"Macro"
"10375";"BPAG_ICARFA";NA;NA;"Ativa";"Bacen/BP (BPM6)";"Balanço de pagamentos";"Invest. cart. - Ativos - Títulos renda fixa - Aquisição (Nova metod. - BPM6)";"Investimentos em carteira - Ativos - Títulos de renda fixa - Aquisição (Nova Metodologia - BPM6)";"Não oculta";"Internet";25;0;0;"Incluída em 03/fev/2016.";"Gerada";"BPAG";"Internet";"Macro"
"10376";"BPAG_ICARFV";NA;NA;"Ativa";"Bacen/BP (BPM6)";"Balanço de pagamentos";"Invest. cart. - Ativos - Títulos renda fixa - Venda (Nova metod. - BPM6)";"Investimentos em carteira - Ativos - Títulos de renda fixa - Venda (Nova Metodologia - BPM6)";"Não oculta";"Internet";25;0;0;"Incluída em 03/fev/2016.";"Gerada";"BPAG";"Internet";"Macro"
"10377";"BPAG_ICP";NA;NA;"Ativa";"Bacen/BP (BPM6)";"Balanço de pagamentos";"Invest. cart. - Passivos - Saldo (Nova metod. - BPM6)";"Investimentos em carteira - Passivos - Saldo (Nova Metodologia - BPM6)";"Não oculta";"Internet";25;0;0;"Incluída em 03/fev/2016.";"Gerada";"BPAG";"Internet";"Macro"
"10378";"BPAG_ICPA";NA;NA;"Ativa";"Bacen/BP (BPM6)";"Balanço de pagamentos";"Invest. cart. - Passivos - invest. ações - Saldo (Nova metod. - BPM6)";"Investimentos em carteira - Passivos - Investimentos em ações - Saldo (Nova Metodologia - BPM6)";"Não oculta";"Internet";25;0;0;"Incluída em 03/fev/2016.";"Gerada";"BPAG";"Internet";"Macro"
"10379";"BPAG_ICPAI";NA;NA;"Ativa";"Bacen/BP (BPM6)";"Balanço de pagamentos";"Invest. cart. - Passivos - invest. ações - Ingressos (Nova metod. - BPM6)";"Investimentos em carteira - Passivos - Investimentos em ações - Ingressos (Nova Metodologia - BPM6)";"Não oculta";"Internet";25;0;0;"Incluída em 03/fev/2016.";"Gerada";"BPAG";"Internet";"Macro"
"10380";"BPAG_ICPAS";NA;NA;"Ativa";"Bacen/BP (BPM6)";"Balanço de pagamentos";"Invest. cart. - Passivos - invest. ações - Saídas (Nova metod. - BPM6)";"Investimentos em carteira - Passivos - Investimentos em ações - Saídas (Nova Metodologia - BPM6)";"Não oculta";"Internet";25;0;0;"Incluída em 03/fev/2016.";"Gerada";"BPAG";"Internet";"Macro"
"10381";"BPAG_ICPD";NA;NA;"Ativa";"Bacen/BP (BPM6)";"Balanço de pagamentos";"Invest. cart. - Passivos - Desp. (Nova metod. - BPM6)";"Investimentos em carteira - Passivos - Despesas (Nova Metodologia - BPM6)";"Não oculta";"Internet";25;0;0;"Incluída em 03/fev/2016.";"Gerada";"BPAG";"Internet";"Macro"
"10382";"BPAG_ICPF";NA;NA;"Ativa";"Bacen/BP (BPM6)";"Balanço de pagamentos";"Invest. cart. - Passivos - Invest. fundos de investimento - Saldo (Nova metod. - BPM6)";"Investimentos em carteira - Passivos - Invest. fundos de investimento - Saldo (Nova Metodologia - BPM6)";"Não oculta";"Internet";25;0;0;"Incluída em 03/fev/2016.";"Gerada";"BPAG";"Internet";"Macro"
"10383";"BPAG_ICPFI";NA;NA;"Ativa";"Bacen/BP (BPM6)";"Balanço de pagamentos";"Invest. cart. - Passivos - Invest. fundos de investimento - Ingressos (Nova metod. - BPM6)";"Investimentos em carteira - Passivos - Invest. fundos de investimento - Ingressos (Nova Metodologia - BPM6)";"Não oculta";"Internet";25;0;0;"Incluída em 03/fev/2016.";"Gerada";"BPAG";"Internet";"Macro"
"10384";"BPAG_ICPFS";NA;NA;"Ativa";"Bacen/BP (BPM6)";"Balanço de pagamentos";"Invest. cart. - Passivos - Invest. fundos de investimento - Saídas (Nova metod. - BPM6)";"Investimentos em carteira - Passivos - Invest. fundos de investimento - Saídas (Nova Metodologia - BPM6)";"Não oculta";"Internet";25;0;0;"Incluída em 03/fev/2016.";"Gerada";"BPAG";"Internet";"Macro"
"10385";"BPAG_ICPR";NA;NA;"Ativa";"Bacen/BP (BPM6)";"Balanço de pagamentos";"Invest. cart. - Passivos - Rec. (Nova metod. - BPM6)";"Investimentos em carteira - Passivos - Receitas (Nova Metodologia - BPM6)";"Não oculta";"Internet";25;0;0;"Incluída em 03/fev/2016.";"Gerada";"BPAG";"Internet";"Macro"
"10386";"BPAG_ICPRF";NA;NA;"Ativa";"Bacen/BP (BPM6)";"Balanço de pagamentos";"Invest. cart. - Passivos - Títulos de renda fixa - Saldo (Nova metod. - BPM6)";"Investimentos em carteira - Passivos - Títulos de renda fixa - Saldo (Nova Metodologia - BPM6)";"Não oculta";"Internet";25;0;0;"Incluída em 03/fev/2016.";"Gerada";"BPAG";"Internet";"Macro"
"10387";"BPAG_ICPRFD";NA;NA;"Ativa";"Bacen/BP (BPM6)";"Balanço de pagamentos";"Invest. cart. - Passivos - Tít. renda fixa negoc. merc. doméstico - Saldo (Nova metod. - BPM6)";"Investimentos em carteira - Passivos - Títulos de renda fixa negociados no mercado doméstico - Saldo (Nova Metodologia - BPM6)";"Não oculta";"Internet";25;0;0;"Incluída em 03/fev/2016.";"Gerada";"BPAG";"Internet";"Macro"
"10388";"BPAG_ICPRFDI";NA;NA;"Ativa";"Bacen/BP (BPM6)";"Balanço de pagamentos";"Invest. cart. - Passivos - Tít. renda fixa negoc. merc. doméstico - Ingressos (Nova metod. - BPM6)";"Investimentos em carteira - Passivos - Títulos de renda fixa negociados no mercado doméstico - Ingressos (Nova Metodologia - BPM6)";"Não oculta";"Internet";25;0;0;"Incluída em 03/fev/2016.";"Gerada";"BPAG";"Internet";"Macro"
"10389";"BPAG_ICPRFDS";NA;NA;"Ativa";"Bacen/BP (BPM6)";"Balanço de pagamentos";"Invest. cart. - Passivos - Tít. renda fixa negoc. merc. doméstico - Saídas (Nova metod. - BPM6)";"Investimentos em carteira - Passivos - Títulos de renda fixa negociados no mercado doméstico - Saídas (Nova Metodologia - BPM6)";"Não oculta";"Internet";25;0;0;"Incluída em 03/fev/2016.";"Gerada";"BPAG";"Internet";"Macro"
"10390";"BPAG_ICPRFI";NA;NA;"Ativa";"Bacen/BP (BPM6)";"Balanço de pagamentos";"Invest. cart. - Passivos - Títulos de renda fixa - Ingressos (Nova metod. - BPM6)";"Investimentos em carteira - Passivos - Títulos de renda fixa - Ingressos (Nova Metodologia - BPM6)";"Não oculta";"Internet";25;0;0;"Incluída em 03/fev/2016.";"Gerada";"BPAG";"Internet";"Macro"
"10391";"BPAG_ICPRFIN";NA;NA;"Ativa";"Bacen/BP (BPM6)";"Balanço de pagamentos";"Invest. cart. - Passivos - Tít. renda fixa negoc. merc. internacional - Saldo (Nova metod. - BPM6)";"Investimentos em carteira - Passivos - Títulos de renda fixa negociados no mercado internacional - Saldo (Nova Metodologia - BPM6)";"Não oculta";"Internet";25;0;0;"Incluída em 03/fev/2016.";"Gerada";"BPAG";"Internet";"Macro"
"10392";"BPAG_ICPRFINI";NA;NA;"Ativa";"Bacen/BP (BPM6)";"Balanço de pagamentos";"Invest. cart. - Passivos - Tít. renda fixa negoc. merc. internacional - Ingressos (Nova metod. - BPM";"Investimentos em carteira - Passivos - Títulos de renda fixa negociados no mercado internacional - Ingressos (Nova Metodologia - BPM6)";"Não oculta";"Internet";25;0;0;"Incluída em 03/fev/2016.";"Gerada";"BPAG";"Internet";"Macro"
"10393";"BPAG_ICPRFINS";NA;NA;"Ativa";"Bacen/BP (BPM6)";"Balanço de pagamentos";"Invest. cart. - Passivos - Tít. renda fixa negoc. merc. internacional - Saídas (Nova metod. - BPM6)";"Investimentos em carteira - Passivos - Títulos de renda fixa negociados no mercado internacional - Saídas (Nova Metodologia - BPM6)";"Não oculta";"Internet";25;0;0;"Incluída em 03/fev/2016.";"Gerada";"BPAG";"Internet";"Macro"
"10394";"BPAG_ICPRFS";NA;NA;"Ativa";"Bacen/BP (BPM6)";"Balanço de pagamentos";"Invest. cart. - Passivos - Títulos de renda fixa - Saídas (Nova metod. - BPM6)";"Investimentos em carteira - Passivos - Títulos de renda fixa - Saídas (Nova Metodologia - BPM6)";"Não oculta";"Internet";25;0;0;"Incluída em 03/fev/2016.";"Gerada";"BPAG";"Internet";"Macro"
"10395";"BPAG_IDE";NA;NA;"Ativa";"Bacen/BP (BPM6)";"Balanço de pagamentos";"Invest. dir. ext. - Saldo (Nova metod. - BPM6)";"Investimentos diretos no exterior - Saldo (Nova Metodologia - BPM6)";"Não oculta";"Internet";25;0;0;"Incluída em 03/fev/2016.";"Gerada";"BPAG";"Internet";"Macro"
"10396";"BPAG_IDEI";NA;NA;"Ativa";"Bacen/BP (BPM6)";"Balanço de pagamentos";"Invest. dir. ext. - Ingressos (Nova metod. - BPM6)";"Investimentos diretos no exterior - Ingressos (Nova Metodologia - BPM6)";"Não oculta";"Internet";25;0;0;"Incluída em 03/fev/2016.";"Gerada";"BPAG";"Internet";"Macro"
"10397";"BPAG_IDEOI";NA;NA;"Ativa";"Bacen/BP (BPM6)";"Balanço de pagamentos";"Invest. dir. ext. - Op. intercompanhia - Saldo  (Nova metod. - BPM6)";"Investimentos diretos no exterior - Operações intercompanhia - Saldo  (Nova Metodologia - BPM6)";"Não oculta";"Internet";25;0;0;"Incluída em 03/fev/2016.";"Gerada";"BPAG";"Internet";"Macro"
"10398";"BPAG_IDEOIA";NA;NA;"Ativa";"Bacen/BP (BPM6)";"Balanço de pagamentos";"Invest. dir. ext. - Op. intercompanhia -  Amortizações recebidas do exterior (Nova metod. - BPM6)";"Investimentos diretos no exterior - Operações intercompanhia -  Amortizações recebidas do exterior (Nova Metodologia - BPM6)";"Não oculta";"Internet";25;0;0;"Incluída em 03/fev/2016.";"Gerada";"BPAG";"Internet";"Macro"
"10399";"BPAG_IDEOIC";NA;NA;"Ativa";"Bacen/BP (BPM6)";"Balanço de pagamentos";"Invest. dir. ext. - Op. intercompanhia - Créditos concedidos ao exterior (Nova metod. - BPM6)";"Investimentos diretos no exterior - Operações intercompanhia - Créditos concedidos ao exterior (Nova Metodologia - BPM6)";"Não oculta";"Internet";25;0;0;"Incluída em 03/fev/2016.";"Gerada";"BPAG";"Internet";"Macro"
"10400";"BPAG_IDEPC";NA;NA;"Ativa";"Bacen/BP (BPM6)";"Balanço de pagamentos";"Invest. dir. ext. - Particip. capital - Saldo  (Nova metod. - BPM6)";"Investimentos diretos no exterior - Participação no capital - Saldo  (Nova Metodologia - BPM6)";"Não oculta";"Internet";25;0;0;"Incluída em 03/fev/2016.";"Gerada";"BPAG";"Internet";"Macro"
"10401";"BPAG_IDEPCI";NA;NA;"Ativa";"Bacen/BP (BPM6)";"Balanço de pagamentos";"Invest. dir. ext. - Particip. capital - Ingressos (Nova metod. - BPM6)";"Investimentos diretos no exterior - Participação no capital - Ingressos (Nova Metodologia - BPM6)";"Não oculta";"Internet";25;0;0;"Incluída em 03/fev/2016.";"Gerada";"BPAG";"Internet";"Macro"
"10402";"BPAG_IDEPCLR";NA;NA;"Ativa";"Bacen/BP (BPM6)";"Balanço de pagamentos";"Invest. dir. ext. - Particip. capital - Lucros reinvestidos no exterior (Nova metod. - BPM6)";"Investimentos diretos no exterior - Participação no capital - Lucros reinvestidos no exterior (Nova Metodologia - BPM6)";"Não oculta";"Internet";25;0;0;"Incluída em 03/fev/2016.";"Gerada";"BPAG";"Internet";"Macro"
"10403";"BPAG_IDEPCS";NA;NA;"Ativa";"Bacen/BP (BPM6)";"Balanço de pagamentos";"Invest. dir. ext. - Particip. capital - Saídas (Nova metod. - BPM6)";"Investimentos diretos no exterior - Participação no capital - Saídas (Nova Metodologia - BPM6)";"Não oculta";"Internet";25;0;0;"Incluída em 03/fev/2016.";"Gerada";"BPAG";"Internet";"Macro"
"10404";"BPAG_IDES";NA;NA;"Ativa";"Bacen/BP (BPM6)";"Balanço de pagamentos";"Invest. dir. ext. - Saídas (Nova metod. - BPM6)";"Investimentos diretos no exterior - Saídas (Nova Metodologia - BPM6)";"Não oculta";"Internet";25;0;0;"Incluída em 03/fev/2016.";"Gerada";"BPAG";"Internet";"Macro"
"10405";"BPAG_IDP";NA;NA;"Ativa";"Bacen/BP (BPM6)";"Balanço de pagamentos";"Invest. dir. país - Saldo (Nova metod. - BPM6)";"Investimentos diretos no país - Saldo (Nova Metodologia - BPM6)";"Não oculta";"Internet";25;0;0;"Incluída em 03/fev/2016.";"Gerada";"BPAG";"Internet";"Macro"
"10406";"BPAG_IDPI";NA;NA;"Ativa";"Bacen/BP (BPM6)";"Balanço de pagamentos";"Invest. dir. país - Ingressos (Nova metod. - BPM6)";"Investimentos diretos no país - Ingressos (Nova Metodologia - BPM6)";"Não oculta";"Internet";25;0;0;"Incluída em 03/fev/2016.";"Gerada";"BPAG";"Internet";"Macro"
"10407";"BPAG_IDPOI";NA;NA;"Ativa";"Bacen/BP (BPM6)";"Balanço de pagamentos";"Invest. dir. país - Op. intercompanhia - Saldo (Nova metod. - BPM6)";"Investimentos diretos no país - Operações intercompanhia - Saldo (Nova Metodologia - BPM6)";"Não oculta";"Internet";25;0;0;"Incluída em 03/fev/2016.";"Gerada";"BPAG";"Internet";"Macro"
"10408";"BPAG_IDPOIA";NA;NA;"Ativa";"Bacen/BP (BPM6)";"Balanço de pagamentos";"Invest. dir. país - Op. intercompanhia - Amortizações pagas ao exterior (Nova metod. - BPM6)";"Investimentos diretos no país - Operações intercompanhia - Amortizações pagas ao exterior (Nova Metodologia - BPM6)";"Não oculta";"Internet";25;0;0;"Incluída em 03/fev/2016.";"Gerada";"BPAG";"Internet";"Macro"
"10409";"BPAG_IDPOIC";NA;NA;"Ativa";"Bacen/BP (BPM6)";"Balanço de pagamentos";"Invest. dir. país - Op. intercompanhia - Créditos recebidos do exterior (Nova metod. - BPM6)";"Investimentos diretos no país - Operações intercompanhia - Créditos recebidos do exterior (Nova Metodologia - BPM6)";"Não oculta";"Internet";25;0;0;"Incluída em 03/fev/2016.";"Gerada";"BPAG";"Internet";"Macro"
"10410";"BPAG_IDPPC";NA;NA;"Ativa";"Bacen/BP (BPM6)";"Balanço de pagamentos";"Invest. dir. país - Particip. capital - Saldo (Nova metod. - BPM6)";"Investimentos diretos no país - Participação no capital - Saldo (Nova Metodologia - BPM6)";"Não oculta";"Internet";25;0;0;"Incluída em 03/fev/2016.";"Gerada";"BPAG";"Internet";"Macro"
"10411";"BPAG_IDPPCI";NA;NA;"Ativa";"Bacen/BP (BPM6)";"Balanço de pagamentos";"Invest. dir. país - Particip. capital - Ingressos (Nova metod. - BPM6)";"Investimentos diretos no país - Participação no capital - Ingressos (Nova Metodologia - BPM6)";"Não oculta";"Internet";25;0;0;"Incluída em 03/fev/2016.";"Gerada";"BPAG";"Internet";"Macro"
"10412";"BPAG_IDPPCLR";NA;NA;"Ativa";"Bacen/BP (BPM6)";"Balanço de pagamentos";"Invest. dir. país - Particip. capital - Lucros reinvestidos no Brasil (Nova metod. - BPM6)";"Investimentos diretos no país - Participação no capital - Lucros reinvestidos no Brasil (Nova Metodologia - BPM6)";"Não oculta";"Internet";25;0;0;"Incluída em 03/fev/2016.";"Gerada";"BPAG";"Internet";"Macro"
"10413";"BPAG_IDPPCS";NA;NA;"Ativa";"Bacen/BP (BPM6)";"Balanço de pagamentos";"Invest. dir. país - Particip. capital - Saídas (Nova metod. - BPM6)";"Investimentos diretos no país - Participação no capital - Saídas (Nova Metodologia - BPM6)";"Não oculta";"Internet";25;0;0;"Incluída em 03/fev/2016.";"Gerada";"BPAG";"Internet";"Macro"
"10414";"BPAG_IDPS";NA;NA;"Ativa";"Bacen/BP (BPM6)";"Balanço de pagamentos";"Invest. dir. país - Saídas (Nova metod. - BPM6)";"Investimentos diretos no país - Saídas (Nova Metodologia - BPM6)";"Não oculta";"Internet";25;0;0;"Incluída em 03/fev/2016.";"Gerada";"BPAG";"Internet";"Macro"
"10415";"BPAG_MD";NA;NA;"Ativa";"Bacen/BP (BPM6)";"Balanço de pagamentos";"Outros invest. - Moeda e depósitos - Saldo (Passivos - Ativos) (Nova metod. - BPM6)";"Outros investimentos - Moeda e depósitos - Saldo (Passivos - Ativos) (Nova Metodologia - BPM6)";"Não oculta";"Internet";25;0;0;"Incluída em 03/fev/2016.";"Gerada";"BPAG";"Internet";"Macro"
"10416";"BPAG_MDA";NA;NA;"Ativa";"Bacen/BP (BPM6)";"Balanço de pagamentos";"Outros invest. - Moeda e depósitos - Ativos (Nova metod. - BPM6)";"Outros investimentos - Moeda e depósitos - Ativos (Nova Metodologia - BPM6)";"Não oculta";"Internet";25;0;0;"Incluída em 03/fev/2016.";"Gerada";"BPAG";"Internet";"Macro"
"10417";"BPAG_MDP";NA;NA;"Ativa";"Bacen/BP (BPM6)";"Balanço de pagamentos";"Outros invest. - Moeda e depósitos - Passivos (Nova metod. - BPM6)";"Outros investimentos - Moeda e depósitos - Passivos (Nova Metodologia - BPM6)";"Não oculta";"Internet";25;0;0;"Incluída em 03/fev/2016.";"Gerada";"BPAG";"Internet";"Macro"
"10418";"BPAG_OI";NA;NA;"Ativa";"Bacen/BP (BPM6)";"Balanço de pagamentos";"Outros invest. - Saldo (Passivos - Ativos) (Nova metod. - BPM6)";"Outros investimentos - Saldo (Passivos - Ativos) (Nova Metodologia - BPM6)";"Não oculta";"Internet";25;0;0;"Incluída em 03/fev/2016.";"Gerada";"BPAG";"Internet";"Macro"
"10419";"BPAG_OIA";NA;NA;"Ativa";"Bacen/BP (BPM6)";"Balanço de pagamentos";"Outros invest. - Ativos (Nova metod. - BPM6)";"Outros investimentos - Ativos (Nova Metodologia - BPM6)";"Não oculta";"Internet";25;0;0;"Incluída em 03/fev/2016.";"Gerada";"BPAG";"Internet";"Macro"
"10420";"BPAG_OIP";NA;NA;"Ativa";"Bacen/BP (BPM6)";"Balanço de pagamentos";"Outros invest. - Passivos (Nova metod. - BPM6)";"Outros investimentos - Passivos (Nova Metodologia - BPM6)";"Não oculta";"Internet";25;0;0;"Incluída em 03/fev/2016.";"Gerada";"BPAG";"Internet";"Macro"
"10421";"BPAG_RP";NA;NA;"Ativa";"Bacen/BP (BPM6)";"Balanço de pagamentos";"Renda prim. - Saldo (Nova metod. - BPM6)";"Renda primária - Saldo (Nova Metodologia - BPM6)";"Não oculta";"Internet";25;0;0;"Incluída em 03/fev/2016.";"Gerada";"BPAG";"Internet";"Macro"
"10422";"BPAG_RPD";NA;NA;"Ativa";"Bacen/BP (BPM6)";"Balanço de pagamentos";"Renda prim. - Desp. (Nova metod. - BPM6)";"Renda primária - Despesas (Nova Metodologia - BPM6)";"Não oculta";"Internet";25;0;0;"Incluída em 03/fev/2016.";"Gerada";"BPAG";"Internet";"Macro"
"10423";"BPAG_RPIC";NA;NA;"Ativa";"Bacen/BP (BPM6)";"Balanço de pagamentos";"Renda prim. - Renda invest. cart. - Saldo (Nova metod. - BPM6)";"Renda primária - Renda de investimento em carteira - Saldo (Nova Metodologia - BPM6)";"Não oculta";"Internet";25;0;0;"Incluída em 03/fev/2016.";"Gerada";"BPAG";"Internet";"Macro"
"10424";"BPAG_RPICD";NA;NA;"Ativa";"Bacen/BP (BPM6)";"Balanço de pagamentos";"Renda prim. - Renda invest. cart. - Desp. (Nova metod. - BPM6)";"Renda primária - Renda de investimento em carteira - Despesas (Nova Metodologia - BPM6)";"Não oculta";"Internet";25;0;0;"Incluída em 03/fev/2016.";"Gerada";"BPAG";"Internet";"Macro"
"10425";"BPAG_RPICJUDOM";NA;NA;"Ativa";"Bacen/BP (BPM6)";"Balanço de pagamentos";"Renda prim. - Renda invest. cart. - Juros de tít. negoc. merc. dom. - Desp. (Nova metod. - BPM6)";"Renda primária - Renda de investimento em carteira - Juros de títulos negociados no mercado doméstico - Despesas (Nova Metodologia - BPM6)";"Não oculta";"Internet";25;0;0;"Incluída em 03/fev/2016.";"Gerada";"BPAG";"Internet";"Macro"
"10426";"BPAG_RPICJUEX";NA;NA;"Ativa";"Bacen/BP (BPM6)";"Balanço de pagamentos";"Renda prim. - Renda invest. cart. - Juros de tít. negoc. merc. ext. - Saldo (Nova metod. - BPM6)";"Renda primária - Renda de investimento em carteira - Juros de títulos negociados no mercado externo - Saldo (Nova Metodologia - BPM6)";"Não oculta";"Internet";25;0;0;"Incluída em 03/fev/2016.";"Gerada";"BPAG";"Internet";"Macro"
"10427";"BPAG_RPICJUEXD";NA;NA;"Ativa";"Bacen/BP (BPM6)";"Balanço de pagamentos";"Renda prim. - Renda invest. cart. - Juros de tít. negoc. merc. ext. - Desp. (Nova metod. - BPM6)";"Renda primária - Renda de investimento em carteira - Juros de títulos negociados no mercado externo - Despesas (Nova Metodologia - BPM6)";"Não oculta";"Internet";25;0;0;"Incluída em 03/fev/2016.";"Gerada";"BPAG";"Internet";"Macro"
"10428";"BPAG_RPICJUEXR";NA;NA;"Ativa";"Bacen/BP (BPM6)";"Balanço de pagamentos";"Renda prim. - Renda invest. cart. - Juros de tít. negoc. merc. ext. - Rec. (Nova metod. - BPM6)";"Renda primária - Renda de investimento em carteira - Juros de títulos negociados no mercado externo - Receitas (Nova Metodologia - BPM6)";"Não oculta";"Internet";25;0;0;"Incluída em 03/fev/2016.";"Gerada";"BPAG";"Internet";"Macro"
"10429";"BPAG_RPICLD";NA;NA;"Ativa";"Bacen/BP (BPM6)";"Balanço de pagamentos";"Renda prim. - Renda invest. cart. - Lucros e dividendos - Saldo (Nova metod. - BPM6)";"Renda primária - Renda de investimento em carteira - Lucros e dividendos - Saldo (Nova Metodologia - BPM6)";"Não oculta";"Internet";25;0;0;"Incluída em 03/fev/2016.";"Gerada";"BPAG";"Internet";"Macro"
"10430";"BPAG_RPICLDD";NA;NA;"Ativa";"Bacen/BP (BPM6)";"Balanço de pagamentos";"Renda prim. - Renda invest. cart. - Lucros e dividendos - Desp. (Nova metod. - BPM6)";"Renda primária - Renda de investimento em carteira - Lucros e dividendos - Despesas (Nova Metodologia - BPM6)";"Não oculta";"Internet";25;0;0;"Incluída em 03/fev/2016.";"Gerada";"BPAG";"Internet";"Macro"
"10431";"BPAG_RPICLDR";NA;NA;"Ativa";"Bacen/BP (BPM6)";"Balanço de pagamentos";"Renda prim. - Renda invest. cart. - Lucros e dividendos - Rec. (Nova metod. - BPM6)";"Renda primária - Renda de investimento em carteira - Lucros e dividendos - Receitas (Nova Metodologia - BPM6)";"Não oculta";"Internet";25;0;0;"Incluída em 03/fev/2016.";"Gerada";"BPAG";"Internet";"Macro"
"10432";"BPAG_RPICR";NA;NA;"Ativa";"Bacen/BP (BPM6)";"Balanço de pagamentos";"Renda prim. - Renda invest. cart. - Rec. (Nova metod. - BPM6)";"Renda primária - Renda de investimento em carteira - Receitas (Nova Metodologia - BPM6)";"Não oculta";"Internet";25;0;0;"Incluída em 03/fev/2016.";"Gerada";"BPAG";"Internet";"Macro"
"10433";"BPAG_RPID";NA;NA;"Ativa";"Bacen/BP (BPM6)";"Balanço de pagamentos";"Renda prim. - Renda invest. dir. - Saldo (Nova metod. - BPM6)";"Renda primária - Renda de investimento direto - Saldo (Nova Metodologia - BPM6)";"Não oculta";"Internet";25;0;0;"Incluída em 03/fev/2016.";"Gerada";"BPAG";"Internet";"Macro"
"10434";"BPAG_RPIDD";NA;NA;"Ativa";"Bacen/BP (BPM6)";"Balanço de pagamentos";"Renda prim. - Renda invest. dir. - Desp. (Nova metod. - BPM6)";"Renda primária - Renda de investimento direto - Despesas (Nova Metodologia - BPM6)";"Não oculta";"Internet";25;0;0;"Incluída em 03/fev/2016.";"Gerada";"BPAG";"Internet";"Macro"
"10435";"BPAG_RPIDJU";NA;NA;"Ativa";"Bacen/BP (BPM6)";"Balanço de pagamentos";"Renda prim. - Renda invest. dir. - Juros de op. intercompanhia - Saldo (Nova metod. - BPM6)";"Renda primária - Renda de investimento direto - Juros de operações intercompanhia - Saldo (Nova Metodologia - BPM6)";"Não oculta";"Internet";25;0;0;"Incluída em 03/fev/2016.";"Gerada";"BPAG";"Internet";"Macro"
"10436";"BPAG_RPIDJUD";NA;NA;"Ativa";"Bacen/BP (BPM6)";"Balanço de pagamentos";"Renda prim. - Renda invest. dir. - Juros de op. intercompanhia - Desp. (Nova metod. - BPM6)";"Renda primária - Renda de investimento direto - Juros de operações intercompanhia - Despesas (Nova Metodologia - BPM6)";"Não oculta";"Internet";25;0;0;"Incluída em 03/fev/2016.";"Gerada";"BPAG";"Internet";"Macro"
"10437";"BPAG_RPIDJUR";NA;NA;"Ativa";"Bacen/BP (BPM6)";"Balanço de pagamentos";"Renda prim. - Renda invest. dir. - Juros de op. intercompanhia - Rec. (Nova metod. - BPM6)";"Renda primária - Renda de investimento direto - Juros de operações intercompanhia - Receitas (Nova Metodologia - BPM6)";"Não oculta";"Internet";25;0;0;"Incluída em 03/fev/2016.";"Gerada";"BPAG";"Internet";"Macro"
"10438";"BPAG_RPIDLD";NA;NA;"Ativa";"Bacen/BP (BPM6)";"Balanço de pagamentos";"Renda prim. - Renda invest. dir. - Lucros e dividendos, exceto reinvestidos - Saldo (Nova metod. - B";"Renda primária - Renda de investimento direto - Lucros e dividendos, exceto reinvestidos - Saldo (Nova Metodologia - BPM6)";"Não oculta";"Internet";25;0;0;"Incluída em 03/fev/2016.";"Gerada";"BPAG";"Internet";"Macro"
"10439";"BPAG_RPIDLDD";NA;NA;"Ativa";"Bacen/BP (BPM6)";"Balanço de pagamentos";"Renda prim. - Renda invest. dir. - Lucros e dividendos, exceto reinvestidos - Desp. (Nova metod. - B";"Renda primária - Renda de investimento direto - Lucros e dividendos, exceto reinvestidos - Despesas (Nova Metodologia - BPM6)";"Não oculta";"Internet";25;0;0;"Incluída em 03/fev/2016.";"Gerada";"BPAG";"Internet";"Macro"
"10440";"BPAG_RPIDLDR";NA;NA;"Ativa";"Bacen/BP (BPM6)";"Balanço de pagamentos";"Renda prim. - Renda invest. dir. - Lucros e dividendos, exceto reinvestidos - Rec. (Nova metod. - BP";"Renda primária - Renda de investimento direto - Lucros e dividendos, exceto reinvestidos - Receitas (Nova Metodologia - BPM6)";"Não oculta";"Internet";25;0;0;"Incluída em 03/fev/2016.";"Gerada";"BPAG";"Internet";"Macro"
"10441";"BPAG_RPIDLR";NA;NA;"Ativa";"Bacen/BP (BPM6)";"Balanço de pagamentos";"Renda prim. - Renda invest. dir. - Lucros reinvestidos - Saldo (Nova metod. - BPM6)";"Renda primária - Renda de investimento direto - Lucros reinvestidos - Saldo (Nova Metodologia - BPM6)";"Não oculta";"Internet";25;0;0;"Incluída em 03/fev/2016.";"Gerada";"BPAG";"Internet";"Macro"
"10442";"BPAG_RPIDLRD";NA;NA;"Ativa";"Bacen/BP (BPM6)";"Balanço de pagamentos";"Renda prim. - Renda invest. dir. - Lucros reinvestidos - Desp. (Nova metod. - BPM6)";"Renda primária - Renda de investimento direto - Lucros reinvestidos - Despesas (Nova Metodologia - BPM6)";"Não oculta";"Internet";25;0;0;"Incluída em 03/fev/2016.";"Gerada";"BPAG";"Internet";"Macro"
"10443";"BPAG_RPIDLRR";NA;NA;"Ativa";"Bacen/BP (BPM6)";"Balanço de pagamentos";"Renda prim. - Renda invest. dir. - Lucros reinvestidos - Rec. (Nova metod. - BPM6)";"Renda primária - Renda de investimento direto - Lucros reinvestidos - Receitas (Nova Metodologia - BPM6)";"Não oculta";"Internet";25;0;0;"Incluída em 03/fev/2016.";"Gerada";"BPAG";"Internet";"Macro"
"10444";"BPAG_RPIDR";NA;NA;"Ativa";"Bacen/BP (BPM6)";"Balanço de pagamentos";"Renda prim. - Renda invest. dir. - Rec. (Nova metod. - BPM6)";"Renda primária - Renda de investimento direto - Receitas (Nova Metodologia - BPM6)";"Não oculta";"Internet";25;0;0;"Incluída em 03/fev/2016.";"Gerada";"BPAG";"Internet";"Macro"
"10445";"BPAG_RPOI";NA;NA;"Ativa";"Bacen/BP (BPM6)";"Balanço de pagamentos";"Renda prim. - Renda de outros invest. (inclui juros) - Saldo (Nova metod. - BPM6)";"Renda primária - Renda de outros investimentos (inclui juros) - Saldo (Nova Metodologia - BPM6)";"Não oculta";"Internet";25;0;0;"Incluída em 03/fev/2016.";"Gerada";"BPAG";"Internet";"Macro"
"10446";"BPAG_RPOID";NA;NA;"Ativa";"Bacen/BP (BPM6)";"Balanço de pagamentos";"Renda prim. - Renda de outros invest. (inclui juros) - Desp. (Nova metod. - BPM6)";"Renda primária - Renda de outros investimentos (inclui juros) - Despesas (Nova Metodologia - BPM6)";"Não oculta";"Internet";25;0;0;"Incluída em 03/fev/2016.";"Gerada";"BPAG";"Internet";"Macro"
"10447";"BPAG_RPOIR";NA;NA;"Ativa";"Bacen/BP (BPM6)";"Balanço de pagamentos";"Renda prim. - Renda de outros invest. (inclui juros) - Rec. (Nova metod. - BPM6)";"Renda primária - Renda de outros investimentos (inclui juros) - Receitas (Nova Metodologia - BPM6)";"Não oculta";"Internet";25;0;0;"Incluída em 03/fev/2016.";"Gerada";"BPAG";"Internet";"Macro"
"10448";"BPAG_RPR";NA;NA;"Ativa";"Bacen/BP (BPM6)";"Balanço de pagamentos";"Renda prim. - Rec. (Nova metod. - BPM6)";"Renda primária - Receitas (Nova Metodologia - BPM6)";"Não oculta";"Internet";25;0;0;"Incluída em 03/fev/2016.";"Gerada";"BPAG";"Internet";"Macro"
"10449";"BPAG_RPRES";NA;NA;"Ativa";"Bacen/BP (BPM6)";"Balanço de pagamentos";"Renda prim. - Renda de reservas - Rec. (Nova metod. - BPM6)";"Renda primária - Renda de reservas - Receitas (Nova Metodologia - BPM6)";"Não oculta";"Internet";25;0;0;"Incluída em 03/fev/2016.";"Gerada";"BPAG";"Internet";"Macro"
"10450";"BPAG_RPSAL";NA;NA;"Ativa";"Bacen/BP (BPM6)";"Balanço de pagamentos";"Renda prim. - Salários e ordenados - Saldo (Nova metod. - BPM6)";"Renda primária - Salários e ordenados - Saldo (Nova Metodologia - BPM6)";"Não oculta";"Internet";25;0;0;"Incluída em 03/fev/2016.";"Gerada";"BPAG";"Internet";"Macro"
"10451";"BPAG_RPSALD";NA;NA;"Ativa";"Bacen/BP (BPM6)";"Balanço de pagamentos";"Renda prim. - Salários e ordenados - Desp. (Nova metod. - BPM6)";"Renda primária - Salários e ordenados - Despesas (Nova Metodologia - BPM6)";"Não oculta";"Internet";25;0;0;"Incluída em 03/fev/2016.";"Gerada";"BPAG";"Internet";"Macro"
"10452";"BPAG_RPSALR";NA;NA;"Ativa";"Bacen/BP (BPM6)";"Balanço de pagamentos";"Renda prim. - Salários e ordenados - Rec. (Nova metod. - BPM6)";"Renda primária - Salários e ordenados - Receitas (Nova Metodologia - BPM6)";"Não oculta";"Internet";25;0;0;"Incluída em 03/fev/2016.";"Gerada";"BPAG";"Internet";"Macro"
"10453";"BPAG_RS";NA;NA;"Ativa";"Bacen/BP (BPM6)";"Balanço de pagamentos";"Renda sec. - Saldo (Nova metod. - BPM6)";"Renda secundária - Saldo (Nova Metodologia - BPM6)";"Não oculta";"Internet";25;0;0;"Incluída em 03/fev/2016.";"Gerada";"BPAG";"Internet";"Macro"
"10454";"BPAG_RSD";NA;NA;"Ativa";"Bacen/BP (BPM6)";"Balanço de pagamentos";"Renda sec. - Desp. (Nova metod. - BPM6)";"Renda secundária - Despesas (Nova Metodologia - BPM6)";"Não oculta";"Internet";25;0;0;"Incluída em 03/fev/2016.";"Gerada";"BPAG";"Internet";"Macro"
"10455";"BPAG_RSR";NA;NA;"Ativa";"Bacen/BP (BPM6)";"Balanço de pagamentos";"Renda sec. - Rec. (Nova metod. - BPM6)";"Renda secundária - Receitas (Nova Metodologia - BPM6)";"Não oculta";"Internet";25;0;0;"Incluída em 03/fev/2016.";"Gerada";"BPAG";"Internet";"Macro"
"10456";"BPAG_SER";NA;NA;"Ativa";"Bacen/BP (BPM6)";"Balanço de pagamentos";"Serviços - Saldo (Nova metod. - BPM6)";"Serviços - Saldo (Nova Metodologia - BPM6)";"Não oculta";"Internet";25;0;0;"Incluída em 03/fev/2016.";"Gerada";"BPAG";"Internet";"Macro"
"10457";"BPAG_SERALUG";NA;NA;"Ativa";"Bacen/BP (BPM6)";"Balanço de pagamentos";"Serviços - Aluguel de equipamentos - Saldo (Nova metod. - BPM6)";"Serviços - Aluguel de equipamentos - Saldo (Nova Metodologia - BPM6)";"Não oculta";"Internet";25;0;0;"Incluída em 03/fev/2016.";"Gerada";"BPAG";"Internet";"Macro"
"10458";"BPAG_SERALUGD";NA;NA;"Ativa";"Bacen/BP (BPM6)";"Balanço de pagamentos";"Serviços - Aluguel de equipamentos - Desp. (Nova metod. - BPM6)";"Serviços - Aluguel de equipamentos - Despesas (Nova Metodologia - BPM6)";"Não oculta";"Internet";25;0;0;"Incluída em 03/fev/2016.";"Gerada";"BPAG";"Internet";"Macro"
"10459";"BPAG_SERALUGR";NA;NA;"Ativa";"Bacen/BP (BPM6)";"Balanço de pagamentos";"Serviços - Aluguel de equipamentos - Rec. (Nova metod. - BPM6)";"Serviços - Aluguel de equipamentos - Receitas (Nova Metodologia - BPM6)";"Não oculta";"Internet";25;0;0;"Incluída em 03/fev/2016.";"Gerada";"BPAG";"Internet";"Macro"
"10460";"BPAG_SERCONST";NA;NA;"Ativa";"Bacen/BP (BPM6)";"Balanço de pagamentos";"Serviços - Construção - Saldo (Nova metod. - BPM6)";"Serviços - Construção - Saldo (Nova Metodologia - BPM6)";"Não oculta";"Internet";25;0;0;"Incluída em 03/fev/2016.";"Gerada";"BPAG";"Internet";"Macro"
"10461";"BPAG_SERCONSTD";NA;NA;"Ativa";"Bacen/BP (BPM6)";"Balanço de pagamentos";"Serviços - Construção - Desp. (Nova metod. - BPM6)";"Serviços - Construção - Despesas (Nova Metodologia - BPM6)";"Não oculta";"Internet";25;0;0;"Incluída em 03/fev/2016.";"Gerada";"BPAG";"Internet";"Macro"
"10462";"BPAG_SERCONSTR";NA;NA;"Ativa";"Bacen/BP (BPM6)";"Balanço de pagamentos";"Serviços - Construção - Rec. (Nova metod. - BPM6)";"Serviços - Construção - Receitas (Nova Metodologia - BPM6)";"Não oculta";"Internet";25;0;0;"Incluída em 03/fev/2016.";"Gerada";"BPAG";"Internet";"Macro"
"10463";"BPAG_SERCULT";NA;NA;"Ativa";"Bacen/BP (BPM6)";"Balanço de pagamentos";"Serviços - Serv. culturais, pessoais e recreativos - Saldo (Nova metod. - BPM6)";"Serviços - Serviços culturais, pessoais e recreativos - Saldo (Nova Metodologia - BPM6)";"Não oculta";"Internet";25;0;0;"Incluída em 03/fev/2016.";"Gerada";"BPAG";"Internet";"Macro"
"10464";"BPAG_SERCULTD";NA;NA;"Ativa";"Bacen/BP (BPM6)";"Balanço de pagamentos";"Serviços - Serv. culturais, pessoais e recreativos - Desp. (Nova metod. - BPM6)";"Serviços - Serviços culturais, pessoais e recreativos - Despesas (Nova Metodologia - BPM6)";"Não oculta";"Internet";25;0;0;"Incluída em 03/fev/2016.";"Gerada";"BPAG";"Internet";"Macro"
"10465";"BPAG_SERCULTR";NA;NA;"Ativa";"Bacen/BP (BPM6)";"Balanço de pagamentos";"Serviços - Serv. culturais, pessoais e recreativos - Rec. (Nova metod. - BPM6)";"Serviços - Serviços culturais, pessoais e recreativos - Receitas (Nova Metodologia - BPM6)";"Não oculta";"Internet";25;0;0;"Incluída em 03/fev/2016.";"Gerada";"BPAG";"Internet";"Macro"
"10466";"BPAG_SERD";NA;NA;"Ativa";"Bacen/BP (BPM6)";"Balanço de pagamentos";"Serviços - Desp. (Nova metod. - BPM6)";"Serviços - Despesas (Nova Metodologia - BPM6)";"Não oculta";"Internet";25;0;0;"Incluída em 03/fev/2016.";"Gerada";"BPAG";"Internet";"Macro"
"10467";"BPAG_SERFIN";NA;NA;"Ativa";"Bacen/BP (BPM6)";"Balanço de pagamentos";"Serviços - Serv. financeiros - Saldo (Nova metod. - BPM6)";"Serviços - Serviços financeiros - Saldo (Nova Metodologia - BPM6)";"Não oculta";"Internet";25;0;0;"Incluída em 03/fev/2016.";"Gerada";"BPAG";"Internet";"Macro"
"10468";"BPAG_SERFIND";NA;NA;"Ativa";"Bacen/BP (BPM6)";"Balanço de pagamentos";"Serviços - Serv. financeiros - Desp. (Nova metod. - BPM6)";"Serviços - Serviços financeiros - Despesas (Nova Metodologia - BPM6)";"Não oculta";"Internet";25;0;0;"Incluída em 03/fev/2016.";"Gerada";"BPAG";"Internet";"Macro"
"10469";"BPAG_SERFINR";NA;NA;"Ativa";"Bacen/BP (BPM6)";"Balanço de pagamentos";"Serviços - Serv. financeiros - Rec. (Nova metod. - BPM6)";"Serviços - Serviços financeiros - Receitas (Nova Metodologia - BPM6)";"Não oculta";"Internet";25;0;0;"Incluída em 03/fev/2016.";"Gerada";"BPAG";"Internet";"Macro"
"10470";"BPAG_SERGOV";NA;NA;"Ativa";"Bacen/BP (BPM6)";"Balanço de pagamentos";"Serviços - Serv. governamentais - Saldo (Nova metod. - BPM6)";"Serviços - Serviços governamentais - Saldo (Nova Metodologia - BPM6)";"Não oculta";"Internet";25;0;0;"Incluída em 03/fev/2016.";"Gerada";"BPAG";"Internet";"Macro"
"10471";"BPAG_SERGOVD";NA;NA;"Ativa";"Bacen/BP (BPM6)";"Balanço de pagamentos";"Serviços - Serv. governamentais - Desp. (Nova metod. - BPM6)";"Serviços - Serviços governamentais - Despesas (Nova Metodologia - BPM6)";"Não oculta";"Internet";25;0;0;"Incluída em 03/fev/2016.";"Gerada";"BPAG";"Internet";"Macro"
"10472";"BPAG_SERGOVR";NA;NA;"Ativa";"Bacen/BP (BPM6)";"Balanço de pagamentos";"Serviços - Serv. governamentais - Rec. (Nova metod. - BPM6)";"Serviços - Serviços governamentais - Receitas (Nova Metodologia - BPM6)";"Não oculta";"Internet";25;0;0;"Incluída em 03/fev/2016.";"Gerada";"BPAG";"Internet";"Macro"
"10473";"BPAG_SERINT";NA;NA;"Ativa";"Bacen/BP (BPM6)";"Balanço de pagamentos";"Serviços - Serv. de propriedade intelectual - Saldo(Nova metod. - BPM6)";"Serviços - Serviços de propriedade intelectual - Saldo(Nova Metodologia - BPM6)";"Não oculta";"Internet";25;0;0;"Incluída em 03/fev/2016.";"Gerada";"BPAG";"Internet";"Macro"
"10474";"BPAG_SERINTD";NA;NA;"Ativa";"Bacen/BP (BPM6)";"Balanço de pagamentos";"Serviços - Serv. de propriedade intelectual - Desp. (Nova metod. - BPM6)";"Serviços - Serviços de propriedade intelectual - Despesas (Nova Metodologia - BPM6)";"Não oculta";"Internet";25;0;0;"Incluída em 03/fev/2016.";"Gerada";"BPAG";"Internet";"Macro"
"10475";"BPAG_SERINTR";NA;NA;"Ativa";"Bacen/BP (BPM6)";"Balanço de pagamentos";"Serviços - Serv. de propriedade intelectual - Rec. (Nova metod. - BPM6)";"Serviços - Serviços de propriedade intelectual - Receitas (Nova Metodologia - BPM6)";"Não oculta";"Internet";25;0;0;"Incluída em 03/fev/2016.";"Gerada";"BPAG";"Internet";"Macro"
"10476";"BPAG_SERMANUF";NA;NA;"Ativa";"Bacen/BP (BPM6)";"Balanço de pagamentos";"Serviços - Serv. manuf. sobre insumos físicos pert. a outros - Saldo (Nova metod. - BPM6)";"Serviços - Serviços de manufatura sobre insumos físicos pertencentes a outros - Saldo (Nova Metodologia - BPM6)";"Não oculta";"Internet";25;0;0;"Incluída em 03/fev/2016.";"Gerada";"BPAG";"Internet";"Macro"
"10477";"BPAG_SERMANUFD";NA;NA;"Ativa";"Bacen/BP (BPM6)";"Balanço de pagamentos";"Serviços - Serv. manuf. sobre insumos físicos pert. a outros - Desp. (Nova metod. - BPM6)";"Serviços - Serviços de manufatura sobre insumos físicos pertencentes a outros - Despesas (Nova Metodologia - BPM6)";"Não oculta";"Internet";25;0;0;"Incluída em 03/fev/2016.";"Gerada";"BPAG";"Internet";"Macro"
"10478";"BPAG_SERMANUFR";NA;NA;"Ativa";"Bacen/BP (BPM6)";"Balanço de pagamentos";"Serviços - Serv. manuf. sobre insumos físicos pert. a outros - Rec. (Nova metod. - BPM6)";"Serviços - Serviços de manufatura sobre insumos físicos pertencentes a outros - Receitas (Nova Metodologia - BPM6)";"Não oculta";"Internet";25;0;0;"Incluída em 03/fev/2016.";"Gerada";"BPAG";"Internet";"Macro"
"10479";"BPAG_SERMANUT";NA;NA;"Ativa";"Bacen/BP (BPM6)";"Balanço de pagamentos";"Serviços - Serv. manut. e reparo - Saldo (Nova metod. - BPM6)";"Serviços - Serviços de manutenção e reparo - Saldo (Nova Metodologia - BPM6)";"Não oculta";"Internet";25;0;0;"Incluída em 03/fev/2016.";"Gerada";"BPAG";"Internet";"Macro"
"10480";"BPAG_SERMANUTD";NA;NA;"Ativa";"Bacen/BP (BPM6)";"Balanço de pagamentos";"Serviços - Serv. manut. e reparo - Desp. (Nova metod. - BPM6)";"Serviços - Serviços de manutenção e reparo - Despesas (Nova Metodologia - BPM6)";"Não oculta";"Internet";25;0;0;"Incluída em 03/fev/2016.";"Gerada";"BPAG";"Internet";"Macro"
"10481";"BPAG_SERMANUTR";NA;NA;"Ativa";"Bacen/BP (BPM6)";"Balanço de pagamentos";"Serviços - Serv. manut. e reparo - Rec. (Nova metod. - BPM6)";"Serviços - Serviços de manutenção e reparo - Receitas (Nova Metodologia - BPM6)";"Não oculta";"Internet";25;0;0;"Incluída em 03/fev/2016.";"Gerada";"BPAG";"Internet";"Macro"
"10482";"BPAG_SEROUTROS";NA;NA;"Ativa";"Bacen/BP (BPM6)";"Balanço de pagamentos";"Serviços - Outros serv. de negócio - Saldo (Nova metod. - BPM6)";"Serviços - Outros serviços de negócio - Saldo (Nova Metodologia - BPM6)";"Não oculta";"Internet";25;0;0;"Incluída em 03/fev/2016.";"Gerada";"BPAG";"Internet";"Macro"
"10483";"BPAG_SEROUTROSD";NA;NA;"Ativa";"Bacen/BP (BPM6)";"Balanço de pagamentos";"Serviços - Outros serv. de negócio - Desp. (Nova metod. - BPM6)";"Serviços - Outros serviços de negócio - Despesas (Nova Metodologia - BPM6)";"Não oculta";"Internet";25;0;0;"Incluída em 03/fev/2016.";"Gerada";"BPAG";"Internet";"Macro"
"10484";"BPAG_SEROUTROSR";NA;NA;"Ativa";"Bacen/BP (BPM6)";"Balanço de pagamentos";"Serviços - Outros serv. de negócio - Rec. (Nova metod. - BPM6)";"Serviços - Outros serviços de negócio - Receitas (Nova Metodologia - BPM6)";"Não oculta";"Internet";25;0;0;"Incluída em 03/fev/2016.";"Gerada";"BPAG";"Internet";"Macro"
"10485";"BPAG_SERR";NA;NA;"Ativa";"Bacen/BP (BPM6)";"Balanço de pagamentos";"Serviços - Rec. (Nova metod. - BPM6)";"Serviços - Receitas (Nova Metodologia - BPM6)";"Não oculta";"Internet";25;0;0;"Incluída em 03/fev/2016.";"Gerada";"BPAG";"Internet";"Macro"
"10486";"BPAG_SERSEG";NA;NA;"Ativa";"Bacen/BP (BPM6)";"Balanço de pagamentos";"Serviços - Seguros - Saldo (Nova metod. - BPM6)";"Serviços - Seguros - Saldo (Nova Metodologia - BPM6)";"Não oculta";"Internet";25;0;0;"Incluída em 03/fev/2016.";"Gerada";"BPAG";"Internet";"Macro"
"10487";"BPAG_SERSEGD";NA;NA;"Ativa";"Bacen/BP (BPM6)";"Balanço de pagamentos";"Serviços - Seguros - Desp. (Nova metod. - BPM6)";"Serviços - Seguros - Despesas (Nova Metodologia - BPM6)";"Não oculta";"Internet";25;0;0;"Incluída em 03/fev/2016.";"Gerada";"BPAG";"Internet";"Macro"
"10488";"BPAG_SERSEGR";NA;NA;"Ativa";"Bacen/BP (BPM6)";"Balanço de pagamentos";"Serviços - Seguros - Rec. (Nova metod. - BPM6)";"Serviços - Seguros - Receitas (Nova Metodologia - BPM6)";"Não oculta";"Internet";25;0;0;"Incluída em 03/fev/2016.";"Gerada";"BPAG";"Internet";"Macro"
"10489";"BPAG_SERTEL";NA;NA;"Ativa";"Bacen/BP (BPM6)";"Balanço de pagamentos";"Serviços - Telecomunicação, computação e informações - Saldo (Nova metod. - BPM6)";"Serviços - Telecomunicação, computação e informações - Saldo (Nova Metodologia - BPM6)";"Não oculta";"Internet";25;0;0;"Incluída em 03/fev/2016.";"Gerada";"BPAG";"Internet";"Macro"
"10490";"BPAG_SERTELD";NA;NA;"Ativa";"Bacen/BP (BPM6)";"Balanço de pagamentos";"Serviços - Telecomunicação, computação e informações - Desp. (Nova metod. - BPM6)";"Serviços - Telecomunicação, computação e informações - Despesas (Nova Metodologia - BPM6)";"Não oculta";"Internet";25;0;0;"Incluída em 03/fev/2016.";"Gerada";"BPAG";"Internet";"Macro"
"10491";"BPAG_SERTELR";NA;NA;"Ativa";"Bacen/BP (BPM6)";"Balanço de pagamentos";"Serviços - Telecomunicação, computação e informações - Rec. (Nova metod. - BPM6)";"Serviços - Telecomunicação, computação e informações - Receitas (Nova Metodologia - BPM6)";"Não oculta";"Internet";25;0;0;"Incluída em 03/fev/2016.";"Gerada";"BPAG";"Internet";"Macro"
"10492";"BPAG_SERTRANS";NA;NA;"Ativa";"Bacen/BP (BPM6)";"Balanço de pagamentos";"Serviços - Transportes - Saldo (Nova metod. - BPM6)";"Serviços - Transportes - Saldo (Nova Metodologia - BPM6)";"Não oculta";"Internet";25;0;0;"Incluída em 03/fev/2016.";"Gerada";"BPAG";"Internet";"Macro"
"10493";"BPAG_SERTRANSD";NA;NA;"Ativa";"Bacen/BP (BPM6)";"Balanço de pagamentos";"Serviços - Transportes - Desp. (Nova metod. - BPM6)";"Serviços - Transportes - Despesas (Nova Metodologia - BPM6)";"Não oculta";"Internet";25;0;0;"Incluída em 03/fev/2016.";"Gerada";"BPAG";"Internet";"Macro"
"10494";"BPAG_SERTRANSR";NA;NA;"Ativa";"Bacen/BP (BPM6)";"Balanço de pagamentos";"Serviços - Transportes - Rec. (Nova metod. - BPM6)";"Serviços - Transportes - Receitas (Nova Metodologia - BPM6)";"Não oculta";"Internet";25;0;0;"Incluída em 03/fev/2016.";"Gerada";"BPAG";"Internet";"Macro"
"10495";"BPAG_SERVIAG";NA;NA;"Ativa";"Bacen/BP (BPM6)";"Balanço de pagamentos";"Serviços - Viagens - Saldo (Nova metod. - BPM6)";"Serviços - Viagens - Saldo (Nova Metodologia - BPM6)";"Não oculta";"Internet";25;0;0;"Incluída em 03/fev/2016.";"Gerada";"BPAG";"Internet";"Macro"
"10496";"BPAG_SERVIAGR";NA;NA;"Ativa";"Bacen/BP (BPM6)";"Balanço de pagamentos";"Serviços - Viagens - Rec. (Nova metod. - BPM6)";"Serviços - Viagens - Receitas (Nova Metodologia - BPM6)";"Não oculta";"Internet";25;0;0;"Incluída em 03/fev/2016.";"Gerada";"BPAG";"Internet";"Macro"
"10497";"BPAG_TC";NA;NA;"Ativa";"Bacen/BP (BPM6)";"Balanço de pagamentos";"Transações correntes - Saldo (Nova metod. - BPM6)";"Transações correntes - Saldo (Nova Metodologia - BPM6)";"Não oculta";"Internet";25;0;0;"Incluída em 03/fev/2016.";"Gerada";"BPAG";"Internet";"Macro"
"10498";"BPAG_SERVIAGD";NA;NA;"Ativa";"Bacen/BP (BPM6)";"Balanço de pagamentos";"Serviços - Viagens - Desp. (Nova metod. - BPM6)";"Serviços - Viagens - Despesas (Nova Metodologia - BPM6)";"Não oculta";"Internet";25;0;0;"Incluída em 03/fev/2016.";"Gerada";"BPAG";"Internet";"Macro"
"10499";"BPAG_BC";NA;NA;"Ativa";"Bacen/BP (BPM6)";"Balanço de pagamentos";"Balança comercial - Saldo (Nova metod. - BPM6)";"Balança comercial - Saldo (Nova Metodologia - BPM6)";"Não oculta";"Internet";5;0;0;"Incluída em 03/fev/2016.";"Gerada";"BPAG";"Internet";"Macro"
"10500";"BPAG_BCM";NA;NA;"Ativa";"Bacen/BP (BPM6)";"Balanço de pagamentos";"Balança comercial - Importações (Nova metod. - BPM6)";"Balança comercial - Importações (Nova Metodologia - BPM6)";"Não oculta";"Internet";5;0;0;"Incluída em 03/fev/2016.";"Gerada";"BPAG";"Internet";"Macro"
"10501";"xxxx";NA;NA;"Ativa";"Abia";"Agropecuária";"teste";"asefa sdf";"Oculta";"Internet";10;NA;NA;NA;NA;"xxxx";"Oculta";"Macro"
"10502";"BPAG4_PEL4";NA;NA;"Ativa";"Bacen/PII";"Balanço de pagamentos";"Posição de Investimentos Internacional - Passivo Externo Líquido";"Posição de Investimentos Internacional - Passivo Externo Líquido";"Não oculta";"Internet";90;0;0;"Incluída em 12/fev/2016.";NA;"BPAG4";"Internet";"Macro"
"10503";"BPAG4_AEB4";NA;NA;"Ativa";"Bacen/PII";"Balanço de pagamentos";"Posição de Investimentos Internacional - Ativo Externo Bruto";"Posição de Investimentos Internacional - Ativo Externo Bruto";"Não oculta";"Internet";90;0;0;"Incluída em 12/fev/2016.";NA;"BPAG4";"Internet";"Macro"
"10504";"BPAG4_PEB4";NA;NA;"Ativa";"Bacen/PII";"Balanço de pagamentos";"Posição de Investimentos Internacional - Passivo Externo Bruto";"Posição de Investimentos Internacional - Passivo Externo Bruto";"Não oculta";"Internet";90;0;0;"Incluída em 12/fev/2016.";NA;"BPAG4";"Internet";"Macro"
"10505";"BPAG4_AEIDE4";NA;NA;"Ativa";"Bacen/PII";"Balanço de pagamentos";"Ativo Externo - Investimento direto no exterior";"Ativo Externo - Investimento direto no exterior";"Não oculta";"Internet";90;0;0;"Incluída em 12/fev/2016.";NA;"BPAG4";"Internet";"Macro"
"10506";"BPAG4_AEIDEPC4";NA;NA;"Ativa";"Bacen/PII";"Balanço de pagamentos";"Ativo Externo - Investimento direto no exterior - Participação no capital";"Ativo Externo - Investimento direto no exterior - Participação no capital";"Não oculta";"Internet";90;0;0;"Incluída em 12/fev/2016.";NA;"BPAG4";"Internet";"Macro"
"10507";"BPAG4_AEIDEOI4";NA;NA;"Ativa";"Bacen/PII";"Balanço de pagamentos";"Ativo Externo - Investimento direto no exterior - Operações intercompanhia";"Ativo Externo - Investimento direto no exterior - Operações intercompanhia";"Não oculta";"Internet";90;0;0;"Incluída em 12/fev/2016.";NA;"BPAG4";"Internet";"Macro"
"10508";"BPAG4_AEIC4";NA;NA;"Ativa";"Bacen/PII";"Balanço de pagamentos";"Ativo Externo - Investimentos em carteira";"Ativo Externo - Investimentos em carteira";"Não oculta";"Internet";90;0;0;"Incluída em 12/fev/2016.";NA;"BPAG4";"Internet";"Macro"
"10509";"BPAG4_AEICA4";NA;NA;"Ativa";"Bacen/PII";"Balanço de pagamentos";"Ativo Externo - Investimentos em carteira - Ações";"Ativo Externo - Investimentos em carteira - Ações";"Não oculta";"Internet";90;0;0;"Incluída em 12/fev/2016.";NA;"BPAG4";"Internet";"Macro"
"10510";"BPAG4_AEICTD4";NA;NA;"Ativa";"Bacen/PII";"Balanço de pagamentos";"Ativo Externo - Investimentos em carteira - Títulos de dívida";"Ativo Externo - Investimentos em carteira - Títulos de dívida";"Não oculta";"Internet";90;0;0;"Incluída em 12/fev/2016.";NA;"BPAG4";"Internet";"Macro"
"10511";"BPAG4_AEICTDD4";NA;NA;"Ativa";"Bacen/PII";"Balanço de pagamentos";"Ativo Externo - Investimentos em carteira - Títulos de dívida - Demais setores";"Ativo Externo - Investimentos em carteira - Títulos de dívida - Demais setores";"Não oculta";"Internet";90;0;0;"Incluída em 12/fev/2016.";NA;"BPAG4";"Internet";"Macro"
"10512";"BPAG4_AEDER4";NA;NA;"Ativa";"Bacen/PII";"Balanço de pagamentos";"Ativo Externo - Derivativos financeiros (exceto reservas)";"Ativo Externo - Derivativos financeiros (exceto reservas)";"Não oculta";"Internet";90;0;0;"Incluída em 12/fev/2016.";NA;"BPAG4";"Internet";"Macro"
"10513";"BPAG4_AEOI4";NA;NA;"Ativa";"Bacen/PII";"Balanço de pagamentos";"Ativo Externo - Outros investimentos";"Ativo Externo - Outros investimentos";"Não oculta";"Internet";90;0;0;"Incluída em 12/fev/2016.";NA;"BPAG4";"Internet";"Macro"
"10514";"BPAG4_AEMD4";NA;NA;"Ativa";"Bacen/PII";"Balanço de pagamentos";"Ativo Externo - Outros investimentos - Moeda e depósitos";"Ativo Externo - Outros investimentos - Moeda e depósitos";"Não oculta";"Internet";90;0;0;"Incluída em 12/fev/2016.";NA;"BPAG4";"Internet";"Macro"
"10515";"BPAG4_AEEMP4";NA;NA;"Ativa";"Bacen/PII";"Balanço de pagamentos";"Ativo Externo - Outros investimentos - Empréstimos";"Ativo Externo - Outros investimentos - Empréstimos";"Não oculta";"Internet";90;0;0;"Incluída em 12/fev/2016.";NA;"BPAG4";"Internet";"Macro"
"10516";"BPAG4_AECRCOA4";NA;NA;"Ativa";"Bacen/PII";"Balanço de pagamentos";"Ativo Externo - Outros investimentos - Crédito comercial e adiantamentos";"Ativo Externo - Outros investimentos - Crédito comercial e adiantamentos";"Não oculta";"Internet";90;0;0;"Incluída em 12/fev/2016.";NA;"BPAG4";"Internet";"Macro"
"10517";"BPAG4_AEOA4";NA;NA;"Ativa";"Bacen/PII";"Balanço de pagamentos";"Ativo Externo - Outros investimentos - Outros ativos";"Ativo Externo - Outros investimentos - Outros ativos";"Não oculta";"Internet";90;0;0;"Incluída em 12/fev/2016.";NA;"BPAG4";"Internet";"Macro"
"10518";"BPAG4_PEIDP4";NA;NA;"Ativa";"Bacen/PII";"Balanço de pagamentos";"Passivo Externo - Investimento direto no país";"Passivo Externo - Investimento direto no país";"Não oculta";"Internet";90;0;0;"Incluída em 12/fev/2016.";NA;"BPAG4";"Internet";"Macro"
"10519";"BPAG4_PEIDPPC4";NA;NA;"Ativa";"Bacen/PII";"Balanço de pagamentos";"Passivo Externo - Investimento direto no país - Participação no capital";"Passivo Externo - Investimento direto no país - Participação no capital";"Não oculta";"Internet";90;0;0;"Incluída em 12/fev/2016.";NA;"BPAG4";"Internet";"Macro"
"10520";"BPAG4_PEIDPOI4";NA;NA;"Ativa";"Bacen/PII";"Balanço de pagamentos";"Passivo Externo - Investimento direto no país - Operações intercompanhia";"Passivo Externo - Investimento direto no país - Operações intercompanhia";"Não oculta";"Internet";90;0;0;"Incluída em 12/fev/2016.";NA;"BPAG4";"Internet";"Macro"
"10521";"BPAG4_PEIC4";NA;NA;"Ativa";"Bacen/PII";"Balanço de pagamentos";"Passivo Externo - Investimentos em carteira";"Passivo Externo - Investimentos em carteira";"Não oculta";"Internet";90;0;0;"Incluída em 12/fev/2016.";NA;"BPAG4";"Internet";"Macro"
"10522";"BPAG4_PEICA4";NA;NA;"Ativa";"Bacen/PII";"Balanço de pagamentos";"Passivo Externo - Investimentos em carteira - Ações";"Passivo Externo - Investimentos em carteira - Ações";"Não oculta";"Internet";90;0;0;"Incluída em 12/fev/2016.";NA;"BPAG4";"Internet";"Macro"
"10523";"BPAG4_PEICAP4";NA;NA;"Ativa";"Bacen/PII";"Balanço de pagamentos";"Passivo Externo - Investimentos em carteira - Ações - No país";"Passivo Externo - Investimentos em carteira - Ações - No país";"Não oculta";"Internet";90;0;0;"Incluída em 12/fev/2016.";NA;"BPAG4";"Internet";"Macro"
"10524";"BPAG4_PEICAE4";NA;NA;"Ativa";"Bacen/PII";"Balanço de pagamentos";"Passivo Externo - Investimentos em carteira - Ações - No exterior";"Passivo Externo - Investimentos em carteira - Ações - No exterior";"Não oculta";"Internet";90;0;0;"Incluída em 12/fev/2016.";NA;"BPAG4";"Internet";"Macro"
"10525";"BPAG4_PEICTD4";NA;NA;"Ativa";"Bacen/PII";"Balanço de pagamentos";"Passivo Externo - Investimentos em carteira - Títulos de dívida";"Passivo Externo - Investimentos em carteira - Títulos de dívida";"Não oculta";"Internet";90;0;0;"Incluída em 12/fev/2016.";NA;"BPAG4";"Internet";"Macro"
"10526";"BPAG4_PEICTDP4";NA;NA;"Ativa";"Bacen/PII";"Balanço de pagamentos";"Passivo Externo - Investimentos em carteira - Títulos de dívida - No país";"Passivo Externo - Investimentos em carteira - Títulos de dívida - No país";"Não oculta";"Internet";90;0;0;"Incluída em 12/fev/2016.";NA;"BPAG4";"Internet";"Macro"
"10527";"BPAG4_PEICTDE4";NA;NA;"Ativa";"Bacen/PII";"Balanço de pagamentos";"Passivo Externo - Investimentos em carteira - Títulos de dívida - No exterior";"Passivo Externo - Investimentos em carteira - Títulos de dívida - No exterior";"Não oculta";"Internet";90;0;0;"Incluída em 12/fev/2016.";NA;"BPAG4";"Internet";"Macro"
"10528";"BPAG4_PEDER4";NA;NA;"Ativa";"Bacen/PII";"Balanço de pagamentos";"Passivo Externo - Derivativos financeiros (exceto reservas)";"Passivo Externo - Derivativos financeiros (exceto reservas)";"Não oculta";"Internet";90;0;0;"Incluída em 12/fev/2016.";NA;"BPAG4";"Internet";"Macro"
"10529";"BPAG4_PEOI4";NA;NA;"Ativa";"Bacen/PII";"Balanço de pagamentos";"Passivo Externo - Outros investimentos";"Passivo Externo - Outros investimentos";"Não oculta";"Internet";90;0;0;"Incluída em 12/fev/2016.";NA;"BPAG4";"Internet";"Macro"
"10530";"BPAG4_PEMD4";NA;NA;"Ativa";"Bacen/PII";"Balanço de pagamentos";"Passivo Externo - Outros investimentos - Moeda e depósitos";"Passivo Externo - Outros investimentos - Moeda e depósitos";"Não oculta";"Internet";90;0;0;"Incluída em 12/fev/2016.";NA;"BPAG4";"Internet";"Macro"
"10531";"BPAG4_PEEMP4";NA;NA;"Ativa";"Bacen/PII";"Balanço de pagamentos";"Passivo Externo - Outros investimentos - Empréstimos";"Passivo Externo - Outros investimentos - Empréstimos";"Não oculta";"Internet";90;0;0;"Incluída em 12/fev/2016.";NA;"BPAG4";"Internet";"Macro"
"10532";"BPAG4_PEEMPB4";NA;NA;"Ativa";"Bacen/PII";"Balanço de pagamentos";"Passivo Externo - Outros investimentos - Empréstimos - Bancos, exceto Banco Central";"Passivo Externo - Outros investimentos - Empréstimos - Bancos, exceto Banco Central";"Não oculta";"Internet";90;0;0;"Incluída em 12/fev/2016.";NA;"BPAG4";"Internet";"Macro"
"10533";"BPAG4_PEEMPBCP4";NA;NA;"Ativa";"Bacen/PII";"Balanço de pagamentos";"Passivo Externo - Outros investimentos - Empréstimos - Bancos, exceto Banco Central - Curto prazo";"Passivo Externo - Outros investimentos - Empréstimos - Bancos, exceto Banco Central - Curto prazo";"Não oculta";"Internet";90;0;0;"Incluída em 12/fev/2016.";NA;"BPAG4";"Internet";"Macro"
"10534";"BPAG4_PEEMPBLP4";NA;NA;"Ativa";"Bacen/PII";"Balanço de pagamentos";"Passivo Externo - Outros investimentos - Empréstimos - Bancos, exceto Banco Central - Longo prazo";"Passivo Externo - Outros investimentos - Empréstimos - Bancos, exceto Banco Central - Longo prazo";"Não oculta";"Internet";90;0;0;"Incluída em 12/fev/2016.";NA;"BPAG4";"Internet";"Macro"
"10535";"BPAG4_PEEMPG4";NA;NA;"Ativa";"Bacen/PII";"Balanço de pagamentos";"Passivo Externo - Outros investimentos - Empréstimos - Governo geral";"Passivo Externo - Outros investimentos - Empréstimos - Governo geral";"Não oculta";"Internet";90;0;0;"Incluída em 12/fev/2016.";NA;"BPAG4";"Internet";"Macro"
"10536";"BPAG4_PEEMPGCP4";NA;NA;"Ativa";"Bacen/PII";"Balanço de pagamentos";"Passivo Externo - Outros investimentos - Empréstimos - Governo geral - Curto prazo";"Passivo Externo - Outros investimentos - Empréstimos - Governo geral - Curto prazo";"Não oculta";"Internet";90;0;0;"Incluída em 12/fev/2016.";NA;"BPAG4";"Internet";"Macro"
"10537";"BPAG4_PEEMPGLP4";NA;NA;"Ativa";"Bacen/PII";"Balanço de pagamentos";"Passivo Externo - Outros investimentos - Empréstimos - Governo geral - Longo prazo";"Passivo Externo - Outros investimentos - Empréstimos - Governo geral - Longo prazo";"Não oculta";"Internet";90;0;0;"Incluída em 12/fev/2016.";NA;"BPAG4";"Internet";"Macro"
"10538";"BPAG4_PEEMPD4";NA;NA;"Ativa";"Bacen/PII";"Balanço de pagamentos";"Passivo Externo - Outros investimentos - Empréstimos - Demais setores";"Passivo Externo - Outros investimentos - Empréstimos - Demais setores";"Não oculta";"Internet";90;0;0;"Incluída em 12/fev/2016.";NA;"BPAG4";"Internet";"Macro"
"10539";"BPAG4_PEEMPDCP4";NA;NA;"Ativa";"Bacen/PII";"Balanço de pagamentos";"Passivo Externo - Outros investimentos - Empréstimos - Demais setores - Curto prazo";"Passivo Externo - Outros investimentos - Empréstimos - Demais setores - Curto prazo";"Não oculta";"Internet";90;0;0;"Incluída em 12/fev/2016.";NA;"BPAG4";"Internet";"Macro"
"10540";"BPAG4_PEEMPDLP4";NA;NA;"Ativa";"Bacen/PII";"Balanço de pagamentos";"Passivo Externo - Outros investimentos - Empréstimos - Demais setores - Longo prazo";"Passivo Externo - Outros investimentos - Empréstimos - Demais setores - Longo prazo";"Não oculta";"Internet";90;0;0;"Incluída em 12/fev/2016.";NA;"BPAG4";"Internet";"Macro"
"10541";"BPAG4_PECRCOA4";NA;NA;"Ativa";"Bacen/PII";"Balanço de pagamentos";"Passivo Externo - Outros investimentos - Crédito comercial e adiantamentos";"Passivo Externo - Outros investimentos - Crédito comercial e adiantamentos";"Não oculta";"Internet";90;0;0;"Incluída em 12/fev/2016.";NA;"BPAG4";"Internet";"Macro"
"10542";"BPAG4_PEOP4";NA;NA;"Ativa";"Bacen/PII";"Balanço de pagamentos";"Passivo Externo - Outros investimentos - Outros passivos";"Passivo Externo - Outros investimentos - Outros passivos";"Não oculta";"Internet";90;0;0;"Incluída em 12/fev/2016.";NA;"BPAG4";"Internet";"Macro"
"10543";"ANDIMA12b_TJPOUP12";NA;NA;"Inativa";NA;"Financeiras";"Poupança - rendimento nominal - 1º dia útil (após 04/05/2015)";"Poupança: rendimento nominal - 1º dia útil (após 04/05/2015)";"Oculta";"Internet";5;0;0;NA;NA;"ANDIMA12b";"Oculta";"Macro"
"10544";"ANDIMA12b_TJCBOND366b";NA;NA;"Inativa";"Valor Econômico";"Financeiras";"C-Bond - spread";"C-Bond - spread";"Oculta";"Internet";0;0;0;"Migrada de GM366_TJCBOND366 em 13/mar/2003.";NA;"ANDIMA12b";"Oculta";"Macro"
"10545";"ANDIMA12C_TJCBOND366b";NA;NA;"Inativa";"Valor Econômico";"Financeiras";"C-Bond - spread";"C-Bond - spread";"Oculta";"Internet";0;0;0;"Migrada de GM366_TJCBOND366 em 13/mar/2003.";NA;"ANDIMA12C";"Oculta";"Macro"
"10546";"BPAG4_DEXG4";NA;NA;"Ativa";"Bacen/Dív. Ext.";"Balanço de pagamentos";"Dívida Externa - Governo geral";"Dívida Externa - Governo geral";"Não oculta";"Internet";90;0;0;"Incluída em 17/fev/2016.";NA;"BPAG4";"Internet";"Macro"
"10547";"BPAG4_DEXGCP4";NA;NA;"Ativa";"Bacen/Dív. Ext.";"Balanço de pagamentos";"Dívida Externa - Governo geral - Curto prazo";"Dívida Externa - Governo geral - Curto prazo";"Não oculta";"Internet";90;0;0;"Incluída em 17/fev/2016.";NA;"BPAG4";"Internet";"Macro"
"10548";"BPAG4_DEXGLP4";NA;NA;"Ativa";"Bacen/Dív. Ext.";"Balanço de pagamentos";"Dívida Externa - Governo geral - Longo prazo";"Dívida Externa - Governo geral - Longo prazo";"Não oculta";"Internet";90;0;0;"Incluída em 17/fev/2016.";NA;"BPAG4";"Internet";"Macro"
"10549";"BPAG4_DEXGLPT4";NA;NA;"Ativa";"Bacen/Dív. Ext.";"Balanço de pagamentos";"Dívida Externa - Governo geral - Longo prazo - Títulos de dívida";"Dívida Externa - Governo geral - Longo prazo - Títulos de dívida";"Não oculta";"Internet";90;0;0;"Incluída em 17/fev/2016.";NA;"BPAG4";"Internet";"Macro"
"10550";"BPAG4_DEXGLPE4";NA;NA;"Ativa";"Bacen/Dív. Ext.";"Balanço de pagamentos";"Dívida Externa - Governo geral - Longo prazo - Empréstimos";"Dívida Externa - Governo geral - Longo prazo - Empréstimos";"Não oculta";"Internet";90;0;0;"Incluída em 17/fev/2016.";NA;"BPAG4";"Internet";"Macro"
"10551";"BPAG4_DEXGLPCC4";NA;NA;"Ativa";"Bacen/Dív. Ext.";"Balanço de pagamentos";"Dívida Externa - Governo geral - Longo prazo - Crédito comercial";"Dívida Externa - Governo geral - Longo prazo - Crédito comercial";"Não oculta";"Internet";90;0;0;"Incluída em 17/fev/2016.";NA;"BPAG4";"Internet";"Macro"
"10552";"BPAG4_DEXGLPO4";NA;NA;"Ativa";"Bacen/Dív. Ext.";"Balanço de pagamentos";"Dívida Externa - Governo geral - Longo prazo - Outros passivos de dívida";"Dívida Externa - Governo geral - Longo prazo - Outros passivos de dívida";"Não oculta";"Internet";90;0;0;"Incluída em 17/fev/2016.";NA;"BPAG4";"Internet";"Macro"
"10553";"BPAG4_DEXBC4";NA;NA;"Ativa";"Bacen/Dív. Ext.";"Balanço de pagamentos";"Dívida Externa - Banco Central";"Dívida Externa - Banco Central";"Não oculta";"Internet";90;0;0;"Incluída em 17/fev/2016.";NA;"BPAG4";"Internet";"Macro"
"10554";"BPAG4_DEXBCCP4";NA;NA;"Ativa";"Bacen/Dív. Ext.";"Balanço de pagamentos";"Dívida Externa - Banco Central - Curto prazo";"Dívida Externa - Banco Central - Curto prazo";"Não oculta";"Internet";90;0;0;"Incluída em 17/fev/2016.";NA;"BPAG4";"Internet";"Macro"
"10555";"BPAG4_DEXBCLP4";NA;NA;"Ativa";"Bacen/Dív. Ext.";"Balanço de pagamentos";"Dívida Externa - Banco Central - Longo prazo";"Dívida Externa - Banco Central - Longo prazo";"Não oculta";"Internet";90;0;0;"Incluída em 17/fev/2016.";NA;"BPAG4";"Internet";"Macro"
"10556";"BPAG4_DEXB4";NA;NA;"Ativa";"Bacen/Dív. Ext.";"Balanço de pagamentos";"Dívida Externa - Bancos";"Dívida Externa - Bancos";"Não oculta";"Internet";90;0;0;"Incluída em 17/fev/2016.";NA;"BPAG4";"Internet";"Macro"
"10557";"BPAG4_DEXBCP4";NA;NA;"Ativa";"Bacen/Dív. Ext.";"Balanço de pagamentos";"Dívida Externa - Bancos - Curto prazo";"Dívida Externa - Bancos - Curto prazo";"Não oculta";"Internet";90;0;0;"Incluída em 17/fev/2016.";NA;"BPAG4";"Internet";"Macro"
"10558";"BPAG4_DEXBLP4";NA;NA;"Ativa";"Bacen/Dív. Ext.";"Balanço de pagamentos";"Dívida Externa - Bancos - Longo prazo";"Dívida Externa - Bancos - Longo prazo";"Não oculta";"Internet";90;0;0;"Incluída em 17/fev/2016.";NA;"BPAG4";"Internet";"Macro"
"10559";"BPAG4_DEXBLPT4";NA;NA;"Ativa";"Bacen/Dív. Ext.";"Balanço de pagamentos";"Dívida Externa - Bancos - Longo prazo - Títulos de dívida";"Dívida Externa - Bancos - Longo prazo - Títulos de dívida";"Não oculta";"Internet";90;0;0;"Incluída em 17/fev/2016.";NA;"BPAG4";"Internet";"Macro"
"10560";"BPAG4_DEXBLPE4";NA;NA;"Ativa";"Bacen/Dív. Ext.";"Balanço de pagamentos";"Dívida Externa - Bancos - Longo prazo - Empréstimos";"Dívida Externa - Bancos - Longo prazo - Empréstimos";"Não oculta";"Internet";90;0;0;"Incluída em 17/fev/2016.";NA;"BPAG4";"Internet";"Macro"
"10561";"BPAG4_DEXBLPO4";NA;NA;"Ativa";"Bacen/Dív. Ext.";"Balanço de pagamentos";"Dívida Externa - Bancos - Longo prazo - Outros passivos de dívida";"Dívida Externa - Bancos - Longo prazo - Outros passivos de dívida";"Não oculta";"Internet";90;0;0;"Incluída em 17/fev/2016.";NA;"BPAG4";"Internet";"Macro"
"10562";"BPAG4_DEXEF4";NA;NA;"Ativa";"Bacen/Dív. Ext.";"Balanço de pagamentos";"Dívida Externa - Empresas financeiras não bancárias";"Dívida Externa - Empresas financeiras não bancárias";"Não oculta";"Internet";90;0;0;"Incluída em 17/fev/2016.";NA;"BPAG4";"Internet";"Macro"
"10563";"BPAG4_DEXEFCP4";NA;NA;"Ativa";"Bacen/Dív. Ext.";"Balanço de pagamentos";"Dívida Externa - Empresas financeiras não bancárias - Curto prazo";"Dívida Externa - Empresas financeiras não bancárias - Curto prazo";"Não oculta";"Internet";90;0;0;"Incluída em 17/fev/2016.";NA;"BPAG4";"Internet";"Macro"
"10564";"BPAG4_DEXEFLP4";NA;NA;"Ativa";"Bacen/Dív. Ext.";"Balanço de pagamentos";"Dívida Externa - Empresas financeiras não bancárias - Longo prazo";"Dívida Externa - Empresas financeiras não bancárias - Longo prazo";"Não oculta";"Internet";90;0;0;"Incluída em 17/fev/2016.";NA;"BPAG4";"Internet";"Macro"
"10565";"BPAG4_DEXENF4";NA;NA;"Ativa";"Bacen/Dív. Ext.";"Balanço de pagamentos";"Dívida Externa - Empresas não financeiras";"Dívida Externa - Empresas não financeiras";"Não oculta";"Internet";90;0;0;"Incluída em 17/fev/2016.";NA;"BPAG4";"Internet";"Macro"
"10566";"BPAG4_DEXENFCP4";NA;NA;"Ativa";"Bacen/Dív. Ext.";"Balanço de pagamentos";"Dívida Externa - Empresas não financeiras - Curto prazo";"Dívida Externa - Empresas não financeiras - Curto prazo";"Não oculta";"Internet";90;0;0;"Incluída em 17/fev/2016.";NA;"BPAG4";"Internet";"Macro"
"10567";"BPAG4_DEXENFLP4";NA;NA;"Ativa";"Bacen/Dív. Ext.";"Balanço de pagamentos";"Dívida Externa - Empresas não financeiras - Longo prazo";"Dívida Externa - Empresas não financeiras - Longo prazo";"Não oculta";"Internet";90;0;0;"Incluída em 17/fev/2016.";NA;"BPAG4";"Internet";"Macro"
"10568";"BPAG4_DEXENFLPT4";NA;NA;"Ativa";"Bacen/Dív. Ext.";"Balanço de pagamentos";"Dívida Externa - Empresas não financeiras - Longo prazo - Títulos de dívida";"Dívida Externa - Empresas não financeiras - Longo prazo - Títulos de dívida";"Não oculta";"Internet";90;0;0;"Incluída em 17/fev/2016.";NA;"BPAG4";"Internet";"Macro"
"10569";"BPAG4_DEXENFLPE4";NA;NA;"Ativa";"Bacen/Dív. Ext.";"Balanço de pagamentos";"Dívida Externa - Empresas não financeiras - Longo prazo - Empréstimos";"Dívida Externa - Empresas não financeiras - Longo prazo - Empréstimos";"Não oculta";"Internet";90;0;0;"Incluída em 17/fev/2016.";NA;"BPAG4";"Internet";"Macro"
"10570";"BPAG4_DEXENFLPCC4";NA;NA;"Ativa";"Bacen/Dív. Ext.";"Balanço de pagamentos";"Dívida Externa - Empresas não financeiras - Longo prazo - Crédito comercial";"Dívida Externa - Empresas não financeiras - Longo prazo - Crédito comercial";"Não oculta";"Internet";90;0;0;"Incluída em 17/fev/2016.";NA;"BPAG4";"Internet";"Macro"
"10571";"BPAG4_DEXENFLPO4";NA;NA;"Ativa";"Bacen/Dív. Ext.";"Balanço de pagamentos";"Dívida Externa - Empresas não financeiras - Longo prazo - Outros passivos de dívida";"Dívida Externa - Empresas não financeiras - Longo prazo - Outros passivos de dívida";"Não oculta";"Internet";90;0;0;"Incluída em 17/fev/2016.";NA;"BPAG4";"Internet";"Macro"
"10572";"BPAG4_DEXF4";NA;NA;"Ativa";"Bacen/Dív. Ext.";"Balanço de pagamentos";"Dívida Externa - Famílias e instituições sem fins lucrativos";"Dívida Externa - Famílias e instituições sem fins lucrativos";"Não oculta";"Internet";90;0;0;"Incluída em 17/fev/2016.";NA;"BPAG4";"Internet";"Macro"
"10573";"BPAG4_DEXFCP4";NA;NA;"Ativa";"Bacen/Dív. Ext.";"Balanço de pagamentos";"Dívida Externa - Famílias e instituições sem fins lucrativos - Curto prazo";"Dívida Externa - Famílias e instituições sem fins lucrativos - Curto prazo";"Não oculta";"Internet";90;0;0;"Incluída em 17/fev/2016.";NA;"BPAG4";"Internet";"Macro"
"10574";"BPAG4_DEXFLP4";NA;NA;"Ativa";"Bacen/Dív. Ext.";"Balanço de pagamentos";"Dívida Externa - Famílias e instituições sem fins lucrativos - Longo prazo";"Dívida Externa - Famílias e instituições sem fins lucrativos - Longo prazo";"Não oculta";"Internet";90;0;0;"Incluída em 17/fev/2016.";NA;"BPAG4";"Internet";"Macro"
"10575";"BPAG4_DEXOI4";NA;NA;"Ativa";"Bacen/Dív. Ext.";"Balanço de pagamentos";"Dívida Externa - Investimento direto: operações intercompanhia";"Dívida Externa - Investimento direto: operações intercompanhia";"Não oculta";"Internet";90;0;0;"Incluída em 17/fev/2016.";NA;"BPAG4";"Internet";"Macro"
"10576";"BPAG4_DEXTDOM4";NA;NA;"Ativa";"Bacen/Dív. Ext.";"Balanço de pagamentos";"Dívida Externa - Títulos de renda fixa negociados no mercado doméstico e detidos por não residentes";"Dívida Externa - Títulos de renda fixa negociados no mercado doméstico e detidos por não residentes - denominados e liquidados em Reais";"Não oculta";"Internet";90;0;0;"Incluída em 17/fev/2016.";NA;"BPAG4";"Internet";"Macro"
"10577";"BPAG4_DEX4";NA;NA;"Ativa";"Bacen/Dív. Ext.";"Balanço de pagamentos";"Dívida Externa - Dívida externa bruta";"Dívida Externa - Dívida externa bruta";"Não oculta";"Internet";90;0;0;"Incluída em 17/fev/2016.";NA;"BPAG4";"Internet";"Macro"
"10578";"BPAG4_DEXLP4";NA;NA;"Ativa";"Bacen/Dív. Ext.";"Balanço de pagamentos";"Dívida Externa - Dívida exterrna bruta - longo prazo";"Dívida Externa - Dívida exterrna bruta - longo prazo";"Não oculta";"Internet";90;0;0;"Incluída em 17/fev/2016.";NA;"BPAG4";"Internet";"Macro"
"10579";"BPAG4_DEXCP4";NA;NA;"Ativa";"Bacen/Dív. Ext.";"Balanço de pagamentos";"Dívida Externa - Dívida exterrna bruta - curto prazo";"Dívida Externa - Dívida exterrna bruta - curto prazo";"Não oculta";"Internet";90;0;0;"Incluída em 17/fev/2016.";NA;"BPAG4";"Internet";"Macro"
"10580";"BPAG_TCPIB";NA;NA;"Ativa";"Bacen/Not. Imp./Set. Ext.";"Balanço de pagamentos";"Transações correntes (Nova metod. - BPM6)";"Transações correntes (Nova Metodologia - BPM6)";"Não oculta";"Internet";25;0;0;"Incluída em 29/fev/2016.";NA;"BPAG";"Internet";"Macro"
"10581";"BM_RESCX";NA;NA;"Inativa";"Bacen/Not. Imp./Set. Ext.";"Balanço de pagamentos";"Reservas internacionais - Conceito caixa";"Reservas internacionais - Conceito caixa";"Oculta";"Intranet";25;0;0;"Incluída em 29/fev/2016.";NA;"BM";"Oculta";"Macro"
"10582";"BM_RESLIQ";NA;NA;"Inativa";"Bacen/Not. Imp./Set. Ext.";"Balanço de pagamentos";"Reservas internacionais - Conceito liquidez";"Reservas internacionais - Conceito liquidez";"Oculta";"Intranet";25;0;0;NA;NA;"BM";"Oculta";"Macro"
"10583";"BPAG4_DEXOIT4";NA;NA;"Ativa";"Bacen/Dív. Ext.";"Balanço de pagamentos";"Dívida externa bruta (exclui op. intercomp. e tít. renda fixa negoc. merc. dom. e det. por não res.)";"Dívida Externa - Dívida externa bruta (exclui operações intercompanhia e títulos de renda fixa negociados no mercado doméstico e detidos por não residentes)";"Não oculta";"Internet";90;0;0;"Incluída em 02/mar/2016.";"Gerada";"BPAG4";"Internet";"Macro"
"10584";"WDI_PPCTAXAC2011";NA;NA;"Ativa";"Banco Mundial/WDI";"Câmbio";"Taxa de paridade do poder de compra (PPC) - consumo das famílias - ref. 2011";"Taxa de paridade do poder de compra (PPC) para o consumo das famílias - referência 2011";"Não oculta";"Internet";360;0;0;NA;NA;"WDI";"Internet";"Macro"
"10585";"SECEX12_MBENCAPGCE12";NA;NA;"Ativa";"MDIC/SECEX";"Comércio exterior";"Importações - bens de capital - (FOB)";"Importações - grandes categorias econômicas - bens de capital - (FOB)";"Não oculta";"Internet";5;0;0;NA;NA;"SECEX12";"Internet";"Macro"
"10586";"SECEX12_MBENCAPNTIGCE12";NA;NA;"Ativa";"MDIC/SECEX";"Comércio exterior";"Importações - bens de capital - exceto equipamentos de transporte industrial  (FOB)";"Importações - grandes categorias econômicas - bens de capital - exceto equipamentos de transporte industrial  (FOB)";"Não oculta";"Internet";5;0;0;NA;NA;"SECEX12";"Internet";"Macro"
"10587";"SECEX12_MBENCAPTIGCE12";NA;NA;"Ativa";"MDIC/SECEX";"Comércio exterior";"Importações - bens de capital - equipamentos de transporte industrial  (FOB)";"Importações - grandes categorias econômicas - bens de capital - equipamentos de transporte industrial  (FOB)";"Não oculta";"Internet";5;0;0;NA;NA;"SECEX12";"Internet";"Macro"
"10588";"SECEX12_MBENCONGCE12";NA;NA;"Ativa";"MDIC/SECEX";"Comércio exterior";"Importações - bens de consumo - (FOB)";"Importações - grandes categorias econômicas - bens de consumo - (FOB)";"Não oculta";"Internet";5;0;0;NA;NA;"SECEX12";"Internet";"Macro"
"10589";"SECEX12_MDURAVGCE12";NA;NA;"Ativa";"MDIC/SECEX";"Comércio exterior";"Importações - bens de consumo duráveis - (FOB)";"Importações - grandes categorias econômicas - bens de consumo duráveis - (FOB)";"Não oculta";"Internet";5;0;0;NA;NA;"SECEX12";"Internet";"Macro"
"10590";"SECEX12_MDURAVAUTOGCE12";NA;NA;"Ativa";"MDIC/SECEX";"Comércio exterior";"Importações - bens de consumo duráveis - automóveis para passageiros - (FOB)";"Importações - grandes categorias econômicas - bens de consumo duráveis - automóveis - (FOB)";"Não oculta";"Internet";5;0;0;NA;NA;"SECEX12";"Internet";"Macro"
"10591";"SECEX12_MDURAVNTIGCE12";NA;NA;"Ativa";"MDIC/SECEX";"Comércio exterior";"Importações - bens de consumo duráveis - exceto equipamentos de transportes - (FOB)";"Importações - grandes categorias econômicas - bens de consumo duráveis - exceto equipamentos de transportes - (FOB)";"Não oculta";"Internet";5;0;0;NA;NA;"SECEX12";"Internet";"Macro"
"10592";"SECEX12_MDURAVTIGCE12";NA;NA;"Ativa";"MDIC/SECEX";"Comércio exterior";"Importações - bens de consumo duráveis - equipamentos de transporte não industrial - (FOB)";"Importações - grandes categorias econômicas - bens de consumo duráveis - equipamentos de transporte não industrial - (FOB)";"Não oculta";"Internet";5;0;0;NA;NA;"SECEX12";"Internet";"Macro"
"10593";"SECEX12_MSEMINDURAVGCE12";NA;NA;"Ativa";"MDIC/SECEX";"Comércio exterior";"Importações - bens de consumo semiduráveis e não duráveis - (FOB)";"Importações - grandes categorias econômicas - bens de consumo semiduráveis e não duráveis - (FOB)";"Não oculta";"Internet";5;0;0;NA;NA;"SECEX12";"Internet";"Macro"
"10594";"SECEX12_MSEMINDURAVABGCE12";NA;NA;"Ativa";"MDIC/SECEX";"Comércio exterior";"Importações - bens de consumo semiduráveis e não duráveis - alimentos e bebidas básicos - (FOB)";"Importações - grandes categorias econômicas - bens de consumo semiduráveis e não duráveis - alimentos e bebidas básicos - (FOB)";"Não oculta";"Internet";5;0;0;NA;NA;"SECEX12";"Internet";"Macro"
"10595";"SECEX12_MSEMINDURAVAEGCE12";NA;NA;"Ativa";"MDIC/SECEX";"Comércio exterior";"Importações - bens de consumo semiduráveis e não duráveis - alimentos e bebidas elaborados - (FOB)";"Importações - grandes categorias econômicas - bens de consumo semiduráveis e não duráveis - alimentos e bebidas elaborados - (FOB)";"Não oculta";"Internet";5;0;0;NA;NA;"SECEX12";"Internet";"Macro"
"10596";"SECEX12_MNDURAVGCE12";NA;NA;"Ativa";"MDIC/SECEX";"Comércio exterior";"Importações - bens de consumo não duráveis - (FOB)";"Importações - grandes categorias econômicas - bens de consumo não duráveis - (FOB)";"Não oculta";"Internet";5;0;0;NA;NA;"SECEX12";"Internet";"Macro"
"10597";"SECEX12_MSEMIGCE12";NA;NA;"Ativa";"MDIC/SECEX";"Comércio exterior";"Importações - bens de consumo semiduráveis - (FOB)";"Importações - grandes categorias econômicas - bens de consumo semiduráveis - (FOB)";"Não oculta";"Internet";5;0;0;NA;NA;"SECEX12";"Internet";"Macro"
"10598";"SECEX12_MINTGCE12";NA;NA;"Ativa";"MDIC/SECEX";"Comércio exterior";"Importações - produtos intermediários - (FOB)";"Importações - grandes categorias econômicas - produtos intermediários - (FOB)";"Não oculta";"Internet";5;0;0;NA;NA;"SECEX12";"Internet";"Macro"
"10599";"SECEX12_MINTABGCE12";NA;NA;"Ativa";"MDIC/SECEX";"Comércio exterior";"Importações - produtos intermediários - alimentos e bebidas básicos - (FOB)";"Importações - grandes categorias econômicas - produtos intermediários - alimentos e bebidas básicos - (FOB)";"Não oculta";"Internet";5;0;0;NA;NA;"SECEX12";"Internet";"Macro"
"10600";"SECEX12_MINTAEGCE12";NA;NA;"Ativa";"MDIC/SECEX";"Comércio exterior";"Importações - produtos intermediários - alimentos e bebidas elaborados - (FOB)";"Importações - grandes categorias econômicas - produtos intermediários - alimentos e bebidas elaborados - (FOB)";"Não oculta";"Internet";5;0;0;NA;NA;"SECEX12";"Internet";"Macro"
"10601";"SECEX12_MINTINBGCE12";NA;NA;"Ativa";"MDIC/SECEX";"Comércio exterior";"Importações - produtos intermediários - insumos industriais básicos - (FOB)";"Importações - grandes categorias econômicas - produtos intermediários - insumos industriais básicos - (FOB)";"Não oculta";"Internet";5;0;0;NA;NA;"SECEX12";"Internet";"Macro"
"10602";"SECEX12_MINTINEGCE12";NA;NA;"Ativa";"MDIC/SECEX";"Comércio exterior";"Importações - produtos intermediários - insumos industriais elaborados - (FOB)";"Importações - grandes categorias econômicas - produtos intermediários - insumos industriais elaborados - (FOB)";"Não oculta";"Internet";5;0;0;NA;NA;"SECEX12";"Internet";"Macro"
"10603";"SECEX12_MINTBKGCE12";NA;NA;"Ativa";"MDIC/SECEX";"Comércio exterior";"Importações - produtos intermediários - peças e acessórios para bens de capital - (FOB)";"Importações - grandes categorias econômicas - produtos intermediários - peças e acessórios para bens de capital - (FOB)";"Não oculta";"Internet";5;0;0;NA;NA;"SECEX12";"Internet";"Macro"
"10604";"SECEX12_MINTTRANSGCE12";NA;NA;"Ativa";"MDIC/SECEX";"Comércio exterior";"Importações - produtos intermediários - peças para equipamentos de transporte - (FOB)";"Importações - grandes categorias econômicas - produtos intermediários - peças para equipamentos de transporte - (FOB)";"Não oculta";"Internet";5;0;0;NA;NA;"SECEX12";"Internet";"Macro"
"10605";"SECEX12_MBNEGCE12";NA;NA;"Ativa";"MDIC/SECEX";"Comércio exterior";"Importações - bens não especificados - (FOB)";"Importações - grandes categorias econômicas - bens não especificados - (FOB)";"Não oculta";"Internet";5;0;0;NA;NA;"SECEX12";"Internet";"Macro"
"10606";"SECEX12_MCOBLUBGCE12";NA;NA;"Ativa";"MDIC/SECEX";"Comércio exterior";"Importações - combustíveis e lubrificantes - (FOB)";"Importações - grandes categorias econômicas - combustíveis e lubrificantes - (FOB)";"Não oculta";"Internet";5;0;0;NA;NA;"SECEX12";"Internet";"Macro"
"10607";"SECEX12_MCOBLUBBGCE12";NA;NA;"Ativa";"MDIC/SECEX";"Comércio exterior";"Importações - combustíveis e lubrificantes - básicos - (FOB)";"Importações - grandes categorias econômicas - combustíveis e lubrificantes - básicos - (FOB)";"Não oculta";"Internet";5;0;0;NA;NA;"SECEX12";"Internet";"Macro"
"10608";"SECEX12_MCOBLUBEGCE12";NA;NA;"Ativa";"MDIC/SECEX";"Comércio exterior";"Importações - combustíveis e lubrificantes - elaborados - (FOB)";"Importações - grandes categorias econômicas - combustíveis e lubrificantes - elaborados - (FOB)";"Não oculta";"Internet";5;0;0;NA;NA;"SECEX12";"Internet";"Macro"
"10609";"SECEX12_XBENCAPGCE12";NA;NA;"Ativa";"MDIC/SECEX";"Comércio exterior";"Exportações - bens de capital - (FOB)";"Exportações - grandes categorias econômicas - bens de capital - (FOB)";"Não oculta";"Internet";5;0;0;NA;NA;"SECEX12";"Internet";"Macro"
"10610";"SECEX12_XBENCAPNTIGCE12";NA;NA;"Ativa";"MDIC/SECEX";"Comércio exterior";"Exportações - bens de capital - exceto equipamentos de transporte industrial  (FOB)";"Exportações - grandes categorias econômicas - bens de capital - exceto equipamentos de transporte industrial  (FOB)";"Não oculta";"Internet";5;0;0;NA;NA;"SECEX12";"Internet";"Macro"
"10611";"SECEX12_XBENCAPTIGCE12";NA;NA;"Ativa";"MDIC/SECEX";"Comércio exterior";"Exportações - bens de capital - equipamentos de transporte industrial  (FOB)";"Exportações - grandes categorias econômicas - bens de capital - equipamentos de transporte industrial  (FOB)";"Não oculta";"Internet";5;0;0;NA;NA;"SECEX12";"Internet";"Macro"
"10612";"SECEX12_XBENCONGCE12";NA;NA;"Ativa";"MDIC/SECEX";"Comércio exterior";"Exportações - bens de consumo - (FOB)";"Exportações - grandes categorias econômicas - bens de consumo - (FOB)";"Não oculta";"Internet";5;0;0;NA;NA;"SECEX12";"Internet";"Macro"
"10613";"SECEX12_XDURAVGCE12";NA;NA;"Ativa";"MDIC/SECEX";"Comércio exterior";"Exportações - bens de consumo duráveis - (FOB)";"Exportações - grandes categorias econômicas - bens de consumo duráveis - (FOB)";"Não oculta";"Internet";5;0;0;NA;NA;"SECEX12";"Internet";"Macro"
"10614";"SECEX12_XDURAVAUTOGCE12";NA;NA;"Ativa";"MDIC/SECEX";"Comércio exterior";"Exportações - bens de consumo duráveis - automóveis para passageiros - (FOB)";"Exportações - grandes categorias econômicas - bens de consumo duráveis - automóveis - (FOB)";"Não oculta";"Internet";5;0;0;NA;NA;"SECEX12";"Internet";"Macro"
"10615";"SECEX12_XDURAVNTIGCE12";NA;NA;"Ativa";"MDIC/SECEX";"Comércio exterior";"Exportações - bens de consumo duráveis - exceto equipamentos de transportes - (FOB)";"Exportações - grandes categorias econômicas - bens de consumo duráveis - exceto equipamentos de transportes - (FOB)";"Não oculta";"Internet";5;0;0;NA;NA;"SECEX12";"Internet";"Macro"
"10616";"SECEX12_XDURAVTIGCE12";NA;NA;"Ativa";"MDIC/SECEX";"Comércio exterior";"Exportações - bens de consumo duráveis - equipamentos de transporte não industrial - (FOB)";"Exportações - grandes categorias econômicas - bens de consumo duráveis - equipamentos de transporte não industrial - (FOB)";"Não oculta";"Internet";5;0;0;NA;NA;"SECEX12";"Internet";"Macro"
"10617";"SECEX12_XSEMINDURAVGCE12";NA;NA;"Ativa";"MDIC/SECEX";"Comércio exterior";"Exportações - bens de consumo semiduráveis e não duráveis - (FOB)";"Exportações - grandes categorias econômicas - bens de consumo semiduráveis e não duráveis - (FOB)";"Não oculta";"Internet";5;0;0;NA;NA;"SECEX12";"Internet";"Macro"
"10618";"SECEX12_XSEMINDURAVABGCE12";NA;NA;"Ativa";"MDIC/SECEX";"Comércio exterior";"Exportações - bens de consumo semiduráveis e não duráveis - alimentos e bebidas básicos - (FOB)";"Exportações - grandes categorias econômicas - bens de consumo semiduráveis e não duráveis - alimentos e bebidas básicos - (FOB)";"Não oculta";"Internet";5;0;0;NA;NA;"SECEX12";"Internet";"Macro"
"10619";"SECEX12_XSEMINDURAVAEGCE12";NA;NA;"Ativa";"MDIC/SECEX";"Comércio exterior";"Exportações - bens de consumo semiduráveis e não duráveis - alimentos e bebidas elaborados - (FOB)";"Exportações - grandes categorias econômicas - bens de consumo semiduráveis e não duráveis - alimentos e bebidas elaborados - (FOB)";"Não oculta";"Internet";5;0;0;NA;NA;"SECEX12";"Internet";"Macro"
"10620";"SECEX12_XNDURAVGCE12";NA;NA;"Ativa";"MDIC/SECEX";"Comércio exterior";"Exportações - bens de consumo não duráveis - (FOB)";"Exportações - grandes categorias econômicas - bens de consumo não duráveis - (FOB)";"Não oculta";"Internet";5;0;0;NA;NA;"SECEX12";"Internet";"Macro"
"10621";"SECEX12_XSEMIGCE12";NA;NA;"Ativa";"MDIC/SECEX";"Comércio exterior";"Exportações - bens de consumo semiduráveis - (FOB)";"Exportações - grandes categorias econômicas - bens de consumo semiduráveis - (FOB)";"Não oculta";"Internet";5;0;0;NA;NA;"SECEX12";"Internet";"Macro"
"10622";"SECEX12_XINTGCE12";NA;NA;"Ativa";"MDIC/SECEX";"Comércio exterior";"Exportações - produtos intermediários - (FOB)";"Exportações - grandes categorias econômicas - produtos intermediários - (FOB)";"Não oculta";"Internet";5;0;0;NA;NA;"SECEX12";"Internet";"Macro"
"10623";"SECEX12_XINTABGCE12";NA;NA;"Ativa";"MDIC/SECEX";"Comércio exterior";"Exportações - produtos intermediários - alimentos e bebidas básicos - (FOB)";"Exportações - grandes categorias econômicas - produtos intermediários - alimentos e bebidas básicos - (FOB)";"Não oculta";"Internet";5;0;0;NA;NA;"SECEX12";"Internet";"Macro"
"10624";"SECEX12_XINTAEGCE12";NA;NA;"Ativa";"MDIC/SECEX";"Comércio exterior";"Exportações - produtos intermediários - alimentos e bebidas elaborados - (FOB)";"Exportações - grandes categorias econômicas - produtos intermediários - alimentos e bebidas elaborados - (FOB)";"Não oculta";"Internet";5;0;0;NA;NA;"SECEX12";"Internet";"Macro"
"10625";"SECEX12_XINTINBGCE12";NA;NA;"Ativa";"MDIC/SECEX";"Comércio exterior";"Exportações - produtos intermediários - insumos industriais básicos - (FOB)";"Exportações - grandes categorias econômicas - produtos intermediários - insumos industriais básicos - (FOB)";"Não oculta";"Internet";5;0;0;NA;NA;"SECEX12";"Internet";"Macro"
"10626";"SECEX12_XINTINEGCE12";NA;NA;"Ativa";"MDIC/SECEX";"Comércio exterior";"Exportações - produtos intermediários - insumos industriais elaborados - (FOB)";"Exportações - grandes categorias econômicas - produtos intermediários - insumos industriais elaborados - (FOB)";"Não oculta";"Internet";5;0;0;NA;NA;"SECEX12";"Internet";"Macro"
"10627";"SECEX12_XINTBKGCE12";NA;NA;"Ativa";"MDIC/SECEX";"Comércio exterior";"Exportações - produtos intermediários - peças e acessórios para bens de capital - (FOB)";"Exportações - grandes categorias econômicas - produtos intermediários - peças e acessórios para bens de capital - (FOB)";"Não oculta";"Internet";5;0;0;NA;NA;"SECEX12";"Internet";"Macro"
"10628";"SECEX12_XINTTRANSGCE12";NA;NA;"Ativa";"MDIC/SECEX";"Comércio exterior";"Exportações - produtos intermediários - peças para equipamentos de transporte - (FOB)";"Exportações - grandes categorias econômicas - produtos intermediários - peças para equipamentos de transporte - (FOB)";"Não oculta";"Internet";5;0;0;NA;NA;"SECEX12";"Internet";"Macro"
"10629";"SECEX12_XBNEGCE12";NA;NA;"Ativa";"MDIC/SECEX";"Comércio exterior";"Exportações - bens não especificados - (FOB)";"Exportações - grandes categorias econômicas - bens não especificados - (FOB)";"Não oculta";"Internet";5;0;0;NA;NA;"SECEX12";"Internet";"Macro"
"10630";"SECEX12_XCOBLUBGCE12";NA;NA;"Ativa";"MDIC/SECEX";"Comércio exterior";"Exportações - combustíveis e lubrificantes - (FOB)";"Exportações - grandes categorias econômicas - combustíveis e lubrificantes - (FOB)";"Não oculta";"Internet";5;0;0;NA;NA;"SECEX12";"Internet";"Macro"
"10631";"SECEX12_XCOBLUBBGCE12";NA;NA;"Ativa";"MDIC/SECEX";"Comércio exterior";"Exportações - combustíveis e lubrificantes - básicos - (FOB)";"Exportações - grandes categorias econômicas - combustíveis e lubrificantes - básicos - (FOB)";"Não oculta";"Internet";5;0;0;NA;NA;"SECEX12";"Internet";"Macro"
"10632";"SECEX12_XCOBLUBEGCE12";NA;NA;"Ativa";"MDIC/SECEX";"Comércio exterior";"Exportações - combustíveis e lubrificantes - elaborados - (FOB)";"Exportações - grandes categorias econômicas - combustíveis e lubrificantes - elaborados - (FOB)";"Não oculta";"Internet";5;0;0;NA;NA;"SECEX12";"Internet";"Macro"
"10633";"FIPE12_FIPE0667";NA;NA;"Ativa";"Fipe";"Preços";"IPC - sabão líquido - RMSP - var.";"IPC - sabão líquido - RMSP - var.";"Não oculta";"Intranet";5;0;0;"Incluída em 14/Abr/2016.";NA;"FIPE12";"Intranet";"Macro"
"10634";"FIPE12_FIPE0668";NA;NA;"Ativa";"Fipe";"Preços";"IPC - lustra-móveis - RMSP - var.";"IPC - lustra-móveis - RMSP - var.";"Não oculta";"Intranet";5;0;0;"Incluída em 14/Abr/2016.";NA;"FIPE12";"Intranet";"Macro"
"10635";"FIPE12_FIPE0669";NA;NA;"Ativa";"Fipe";"Preços";"IPC - apartamento 3 dormitórios - RMSP - var.";"IPC - apartamento 3 dormitórios - RMSP - var.";"Não oculta";"Intranet";5;0;0;"Incluída em 14/Abr/2016.";NA;"FIPE12";"Intranet";"Macro"
"10636";"FIPE12_FIPE0670";NA;NA;"Ativa";"Fipe";"Preços";"IPC - chapinha/prancha de cabelo - RMSP - var.";"IPC - chapinha/prancha de cabelo - RMSP - var.";"Não oculta";"Intranet";5;0;0;"Incluída em 14/Abr/2016.";NA;"FIPE12";"Intranet";"Macro"
"10637";"FIPE12_FIPE0671";NA;NA;"Ativa";"Fipe";"Preços";"IPC - coco ralado - RMSP - var.";"IPC - coco ralado - RMSP - var.";"Não oculta";"Intranet";5;0;0;"Incluída em 14/Abr/2016.";NA;"FIPE12";"Intranet";"Macro"
"10638";"FIPE12_FIPE0672";NA;NA;"Ativa";"Fipe";"Preços";"IPC - aveia - RMSP - var.";"IPC - aveia - RMSP - var.";"Não oculta";"Intranet";5;0;0;"Incluída em 14/Abr/2016.";NA;"FIPE12";"Intranet";"Macro"
"10639";"FIPE12_FIPE0673";NA;NA;"Ativa";"Fipe";"Preços";"IPC - fubá - RMSP - var.";"IPC - fubá - RMSP - var.";"Não oculta";"Intranet";5;0;0;"Incluída em 14/Abr/2016.";NA;"FIPE12";"Intranet";"Macro"
"10640";"FIPE12_FIPE0674";NA;NA;"Ativa";"Fipe";"Preços";"IPC - óleo de girassol - RMSP - var.";"IPC - óleo de girassol - RMSP - var.";"Não oculta";"Intranet";5;0;0;"Incluída em 14/Abr/2016.";NA;"FIPE12";"Intranet";"Macro"
"10641";"FIPE12_FIPE0675";NA;NA;"Ativa";"Fipe";"Preços";"IPC - esteticista - RMSP - var.";"IPC - esteticista - RMSP - var.";"Não oculta";"Intranet";5;0;0;"Incluída em 14/Abr/2016.";NA;"FIPE12";"Intranet";"Macro"
"10642";"FIPE12_FIPE0676";NA;NA;"Ativa";"Fipe";"Preços";"IPC - preservativo - RMSP - var.";"IPC - preservativo - RMSP - var.";"Não oculta";"Intranet";5;0;0;"Incluída em 14/Abr/2016.";NA;"FIPE12";"Intranet";"Macro"
"10643";"FIPE12_FIPE0677";NA;NA;"Ativa";"Fipe";"Preços";"IPC - água oxigenada - RMSP - var.";"IPC - água oxigenada - RMSP - var.";"Não oculta";"Intranet";5;0;0;"Incluída em 14/Abr/2016.";NA;"FIPE12";"Intranet";"Macro"
"10644";"PNADC12_POP12";NA;NA;"Ativa";"IBGE/PNAD Contínua";"População";"População total";"População total";"Não oculta";"Internet";60;0;0;"Incluída em 14/abr/2016";"Independente";"PNADC12";"Internet";"Macro"
"10645";"PNADC12_PI12";NA;NA;"Ativa";"IBGE/PNAD Contínua";"Emprego";"Pessoas de 14 anos ou mais de idade";"Pessoas de 14 anos ou mais de idade";"Não oculta";"Internet";60;0;0;"Incluída em 14/abr/2016";"Independente";"PNADC12";"Internet";"Macro"
"10646";"PNADC12_FT12";NA;NA;"Ativa";"IBGE/PNAD Contínua";"Emprego";"Pessoas na força de trabalho,";"Pessoas de 14 anos ou mais de idade, na força de trabalho, na semana de referência";"Não oculta";"Internet";60;0;0;"Incluída em 14/abr/2016";"Independente";"PNADC12";"Internet";"Macro"
"10647";"PNADC12_PO12";NA;NA;"Ativa";"IBGE/PNAD Contínua";"Emprego";"Pessoas ocupadas";"Pessoas de 14 anos ou mais de idade, ocupadas na semana de referência";"Não oculta";"Internet";60;0;0;"Incluída em 14/abr/2016";"Independente";"PNADC12";"Internet";"Macro"
"10648";"PNADC12_PD12";NA;NA;"Ativa";"IBGE/PNAD Contínua";"Emprego";"Pessoas desocupadas";"Pessoas de 14 anos ou mais de idade, desocupadas nas semana de referência";"Não oculta";"Internet";60;0;0;"Incluída em 14/abr/2016";"Independente";"PNADC12";"Internet";"Macro"
"10649";"PNADC12_FFT12";NA;NA;"Ativa";"IBGE/PNAD Contínua";"Emprego";"Pessoas fora da força de trabalho,";"Pessoas de 14 anos ou mais de idade, fora da força de trabalho, na semana de referência";"Não oculta";"Internet";60;0;0;"Incluída em 14/abr/2016";"Independente";"PNADC12";"Internet";"Macro"
"10650";"PNADC12_ESPCC12";NA;NA;"Ativa";"IBGE/PNAD Contínua";"Emprego";"Pessoas ocup. - Empregado no setor privado com carteira de trabalho assinada (excl. trab. dom.)";"Pessoas de 14 anos ou mais de idade, ocupadas na semana de referência como Empregado no setor privado com carteira de trabalho assinada (exclusive trabalhadores domésticos)";"Não oculta";"Internet";60;0;0;"Incluída em 14/abr/2016";"Independente";"PNADC12";"Internet";"Macro"
"10651";"PNADC12_ESPSC12";NA;NA;"Ativa";"IBGE/PNAD Contínua";"Emprego";"Pessoas ocup. - Empregado no setor privado sem carteira de trabalho assinada (excl. trab. dom.)";"Pessoas de 14 anos ou mais de idade, ocupadas na semana de referência como Empregado no setor privado sem carteira de trabalho assinada (exclusive trabalhadores domésticos)";"Não oculta";"Internet";60;0;0;"Incluída em 14/abr/2016";"Independente";"PNADC12";"Internet";"Macro"
"10652";"PNADC12_TRDOM12";NA;NA;"Ativa";"IBGE/PNAD Contínua";"Emprego";"Pessoas ocup. - Trabalhador doméstico";"Pessoas de 14 anos ou mais de idade, ocupadas na semana de referência como Trabalhador doméstico";"Não oculta";"Intranet";60;0;0;"Incluída em 14/abr/2016";"Independente";"PNADC12";"Intranet";"Macro"
"10653";"PNADC12_ESPUB12";NA;NA;"Ativa";"IBGE/PNAD Contínua";"Emprego";"Pessoas ocup. - Empregado no setor público (inclusive servidor estatutário e militar)";"Pessoas de 14 anos ou mais de idade, ocupadas na semana de referência como Empregado no setor público (inclusive servidor estatutário e militar)";"Não oculta";"Internet";60;0;0;"Incluída em 14/abr/2016";"Independente";"PNADC12";"Internet";"Macro"
"10654";"PNADC12_EMPGDOR12";NA;NA;"Ativa";"IBGE/PNAD Contínua";"Emprego";"Pessoas ocup. - Empregador";"Pessoas de 14 anos ou mais de idade, ocupadas na semana de referência como Empregador";"Não oculta";"Internet";60;0;0;"Incluída em 14/abr/2016";"Independente";"PNADC12";"Internet";"Macro"
"10655";"PNADC12_CP12";NA;NA;"Ativa";"IBGE/PNAD Contínua";"Emprego";"Pessoas ocup. - Conta-própria";"Pessoas de 14 anos ou mais de idade, ocupadas na semana de referência como Conta-própria";"Não oculta";"Internet";60;0;0;"Incluída em 14/abr/2016";"Independente";"PNADC12";"Internet";"Macro"
"10656";"PNADC12_TFA12";NA;NA;"Ativa";"IBGE/PNAD Contínua";"Emprego";"Pessoas ocup. - Trabalhador familiar auxiliar";"Pessoas de 14 anos ou mais de idade, ocupadas na semana de referência como Trabalhador familiar auxiliar";"Não oculta";"Intranet";60;0;0;"Incluída em 14/abr/2016";"Independente";"PNADC12";"Intranet";"Macro"
"10657";"PNADC12_OCUPAGR12";NA;NA;"Ativa";"IBGE/PNAD Contínua";"Emprego";"Pessoas ocup. - Agricultura, pecuária, prod. florestal, pesca e aquicultura";"Pessoas de 14 anos ou mais de idade, ocupadas na semana de referência no grupamento de atividade Agricultura, pecuária, produção florestal, pesca e aquicultura";"Não oculta";"Intranet";60;0;0;"Incluída em 14/abr/2016";"Independente";"PNADC12";"Intranet";"Macro"
"10658";"PNADC12_OCUPIG12";NA;NA;"Ativa";"IBGE/PNAD Contínua";"Emprego";"Pessoas ocup. - Indústria Geral";"Pessoas de 14 anos ou mais de idade, ocupadas na semana de referência no grupamento de atividade Indústria Geral";"Não oculta";"Intranet";60;0;0;"Incluída em 14/abr/2016";"Independente";"PNADC12";"Intranet";"Macro"
"10659";"PNADC12_OCUPCONST12";NA;NA;"Ativa";"IBGE/PNAD Contínua";"Emprego";"Pessoas ocup. - Construção";"Pessoas de 14 anos ou mais de idade, ocupadas na semana de referência no grupamento de atividade Construção";"Não oculta";"Intranet";60;0;0;"Incluída em 14/abr/2016";"Independente";"PNADC12";"Intranet";"Macro"
"10660";"PNADC12_OCUPCOM12";NA;NA;"Ativa";"IBGE/PNAD Contínua";"Emprego";"Pessoas ocup. - Comércio, reparação de veículos automotores e motocicletas";"Pessoas de 14 anos ou mais de idade, ocupadas na semana de referência no grupamento de atividade Comércio, reparação de veículos automotores e motocicletas";"Não oculta";"Intranet";60;0;0;"Incluída em 14/abr/2016";"Independente";"PNADC12";"Intranet";"Macro"
"10661";"PNADC12_OCUPTRANS12";NA;NA;"Ativa";"IBGE/PNAD Contínua";"Emprego";"Pessoas ocup. - Transporte, armazenag- e correio";"Pessoas de 14 anos ou mais de idade, ocupadas na semana de referência no grupamento de atividade Transporte, armazenagem e correio";"Não oculta";"Intranet";60;0;0;"Incluída em 14/abr/2016";"Independente";"PNADC12";"Intranet";"Macro"
"10662";"PNADC12_OCUPALOJ12";NA;NA;"Ativa";"IBGE/PNAD Contínua";"Emprego";"Pessoas ocup. - Alojamento e alimentação";"Pessoas de 14 anos ou mais de idade, ocupadas na semana de referência no grupamento de atividade Alojamento e alimentação";"Não oculta";"Intranet";60;0;0;"Incluída em 14/abr/2016";"Independente";"PNADC12";"Intranet";"Macro"
"10663";"PNADC12_OCUPINFO12";NA;NA;"Ativa";"IBGE/PNAD Contínua";"Emprego";"Pessoas ocup. - Inform., comunic. e ativ. financeiras, imob., profis. e adm.";"Pessoas de 14 anos ou mais de idade, ocupadas na semana de referência no grupamento de atividade Informação, comunicação e atividades financeiras, imobiliárias, profissionais e administrativas";"Não oculta";"Intranet";60;0;0;"Incluída em 14/abr/2016";"Independente";"PNADC12";"Intranet";"Macro"
"10664";"PNADC12_OCUPPUB12";NA;NA;"Ativa";"IBGE/PNAD Contínua";"Emprego";"Pessoas ocup. - Adm. púb., defesa, segurid., educ., saúde hum. e serv. soc.";"Pessoas de 14 anos ou mais de idade, ocupadas na semana de referência no grupamento de atividade Administração pública, defesa, seguridade, educação, saúde humana e serviços sociais";"Não oculta";"Intranet";60;0;0;"Incluída em 14/abr/2016";"Independente";"PNADC12";"Intranet";"Macro"
"10665";"PNADC12_OCUPOUT12";NA;NA;"Ativa";"IBGE/PNAD Contínua";"Emprego";"Pessoas ocup. - Outros serviços";"Pessoas de 14 anos ou mais de idade, ocupadas na semana de referência no grupamento de atividade Outros serviços";"Não oculta";"Intranet";60;0;0;"Incluída em 14/abr/2016";"Independente";"PNADC12";"Intranet";"Macro"
"10666";"PNADC12_OCUPDOM12";NA;NA;"Ativa";"IBGE/PNAD Contínua";"Emprego";"Pessoas ocup. - Serviços Domésticos";"Pessoas de 14 anos ou mais de idade, ocupadas na semana de referência no grupamento de atividade Serviços Domésticos";"Não oculta";"Intranet";60;0;0;"Incluída em 14/abr/2016";"Independente";"PNADC12";"Intranet";"Macro"
"10667";"PNADC12_TPART12";NA;NA;"Ativa";"IBGE/PNAD Contínua";"Emprego";"Taxa de participação na força de trabalho";"Taxa de participação na força de trabalho das pessoas de 14 anos ou mais de idade, na semana de referência";"Não oculta";"Internet";60;0;0;"Incluída em 14/abr/2016";"Independente";"PNADC12";"Internet";"Macro"
"10668";"PNADC12_NOCUP12";NA;NA;"Ativa";"IBGE/PNAD Contínua";"Emprego";"Nível da ocupação";"Nível da ocupação das pessoas de 14 anos ou mais de idade, na semana de referência";"Não oculta";"Intranet";60;0;0;"Incluída em 14/abr/2016";"Independente";"PNADC12";"Intranet";"Macro"
"10669";"PNADC12_NDESOC12";NA;NA;"Ativa";"IBGE/PNAD Contínua";"Emprego";"Nível da desocupação";"Nível da desocupação das pessoas de 14 anos ou mais de idade, na semana de referência";"Não oculta";"Intranet";60;0;0;"Incluída em 14/abr/2016";"Independente";"PNADC12";"Intranet";"Macro"
"10670";"PNADC12_TDESOC12";NA;NA;"Ativa";"IBGE/PNAD Contínua";"Emprego";"Taxa de desocupação";"Taxa de desocupação das pessoas de 14 anos ou mais de idade, na semana de referência";"Não oculta";"Internet";60;0;0;"Incluída em 14/abr/2016";"Independente";"PNADC12";"Internet";"Macro"
"10671";"PNADC12_RTH12";NA;NA;"Ativa";"IBGE/PNAD Contínua";"Salário e renda";"Rend. méd. de todos os trabalhos hab. mensal";"Rendimento médio de todos os trabalhos, habitualmente recebido por mês, pelas pessoas de 14 anos ou mais de idade, ocupadas na semana de referência, com rendimento de trabalho";"Não oculta";"Internet";60;0;0;"Incluída em 14/abr/2016";"Independente";"PNADC12";"Internet";"Macro"
"10672";"PNADC12_RRTH12";NA;NA;"Ativa";"IBGE/PNAD Contínua";"Salário e renda";"Rend. real méd. de todos os trabalhos hab. mensal";"Rendimento real médio de todos os trabalhos, habitualmente recebido por mês, pelas pessoas de 14 anos ou mais de idade, ocupadas na semana de referência, com rendimento de trabalho";"Não oculta";"Internet";60;0;0;"Incluída em 14/abr/2016";"Independente";"PNADC12";"Internet";"Macro"
"10673";"PNADC12_RTE12";NA;NA;"Ativa";"IBGE/PNAD Contínua";"Salário e renda";"Rend. méd. de todos os trabalhos efet. mensal";"Rendimento médio de todos os trabalhos, efetivamente recebido por mês, pelas pessoas de 14 anos ou mais de idade, ocupadas na semana de referência, com rendimento de trabalho";"Não oculta";"Internet";60;0;0;"Incluída em 14/abr/2016";"Independente";"PNADC12";"Internet";"Macro"
"10674";"PNADC12_RRTE12";NA;NA;"Ativa";"IBGE/PNAD Contínua";"Salário e renda";"Rend. real méd. de todos os trabalhos efet. mensal";"Rendimento real médio de todos os trabalhos, efetivamente recebido por mês, pelas pessoas de 14 anos ou mais de idade, ocupadas na semana de referência, com rendimento de trabalho";"Não oculta";"Internet";60;0;0;"Incluída em 14/abr/2016";"Independente";"PNADC12";"Internet";"Macro"
"10675";"PNADC12_RPH12";NA;NA;"Ativa";"IBGE/PNAD Contínua";"Salário e renda";"Rend. méd. princip. hab. mensal";"Rendimento médio do trabalho principal, habitualmente recebido por mês, pelas pessoas de 14 anos ou mais de idade, ocupadas na semana de referência, com rendimento de trabalho";"Não oculta";"Intranet";60;0;0;"Incluída em 14/abr/2016";"Independente";"PNADC12";"Intranet";"Macro"
"10676";"PNADC12_RRPH12";NA;NA;"Ativa";"IBGE/PNAD Contínua";"Salário e renda";"Rend. real méd. princip. hab. mensal";"Rendimento real médio do trabalho principal, habitualmente recebido por mês, pelas pessoas de 14 anos ou mais de idade, ocupadas na semana de referência, com rendimento de trabalho";"Não oculta";"Internet";60;0;0;"Incluída em 14/abr/2016";"Independente";"PNADC12";"Internet";"Macro"
"10677";"PNADC12_RPE12";NA;NA;"Ativa";"IBGE/PNAD Contínua";"Salário e renda";"Rend. méd. princip. efet. mensal";"Rendimento médio do trabalho principal, efetivamente recebido por mês, pelas pessoas de 14 anos ou mais de idade, ocupadas na semana de referência, com rendimento de trabalho";"Não oculta";"Intranet";60;0;0;"Incluída em 14/abr/2016";"Independente";"PNADC12";"Intranet";"Macro"
"10678";"PNADC12_RRPE12";NA;NA;"Ativa";"IBGE/PNAD Contínua";"Salário e renda";"Rend. real méd. princip. efet. mensal";"Rendimento real médio do trabalho principal, efetivamente recebido por mês, pelas pessoas de 14 anos ou mais de idade, ocupadas na semana de referência, com rendimento de trabalho";"Não oculta";"Internet";60;0;0;"Incluída em 14/abr/2016";"Independente";"PNADC12";"Internet";"Macro"
"10679";"PNADC12_RPHTRDOM12";NA;NA;"Ativa";"IBGE/PNAD Contínua";"Salário e renda";"Rend. méd. princip. hab. mensal - Trabalhador doméstico";"Rendimento médio do trabalho principal, habitualmente recebido por mês, pelas pessoas de 14 anos ou mais de idade, ocupadas na semana de referência, com rendimento de trabalho, como Trabalhador doméstico";"Não oculta";"Intranet";60;0;0;"Incluída em 14/abr/2016";"Independente";"PNADC12";"Intranet";"Macro"
"10680";"PNADC12_RRPHTRDOM12";NA;NA;"Ativa";"IBGE/PNAD Contínua";"Salário e renda";"Rend. real méd. princip. hab. mensal - Trabalhador doméstico";"Rendimento real médio do trabalho principal, habitualmente recebido por mês, pelas pessoas de 14 anos ou mais de idade, ocupadas na semana de referência, com rendimento de trabalho, como Trabalhador doméstico";"Não oculta";"Internet";60;0;0;"Incluída em 14/abr/2016";"Independente";"PNADC12";"Internet";"Macro"
"10681";"PNADC12_RPHEMP12";NA;NA;"Ativa";"IBGE/PNAD Contínua";"Salário e renda";"Rend. méd. princip. hab. mensal - Empregador";"Rendimento médio do trabalho principal, habitualmente recebido por mês, pelas pessoas de 14 anos ou mais de idade, ocupadas na semana de referência, com rendimento de trabalho, como Empregador";"Não oculta";"Intranet";60;0;0;"Incluída em 14/abr/2016";"Independente";"PNADC12";"Intranet";"Macro"
"10682";"PNADC12_RRPHEMP12";NA;NA;"Ativa";"IBGE/PNAD Contínua";"Salário e renda";"Rend. real méd. princip. hab. mensal - Empregador";"Rendimento real médio do trabalho principal, habitualmente recebido por mês, pelas pessoas de 14 anos ou mais de idade, ocupadas na semana de referência, com rendimento de trabalho, como Empregador";"Não oculta";"Internet";60;0;0;"Incluída em 14/abr/2016";"Independente";"PNADC12";"Internet";"Macro"
"10683";"PNADC12_RPHCP12";NA;NA;"Ativa";"IBGE/PNAD Contínua";"Salário e renda";"Rend. méd. princip. hab. mensal - Conta-própria";"Rendimento médio do trabalho principal, habitualmente recebido por mês, pelas pessoas de 14 anos ou mais de idade, ocupadas na semana de referência, com rendimento de trabalho, como Conta-própria";"Não oculta";"Intranet";60;0;0;"Incluída em 14/abr/2016";"Independente";"PNADC12";"Intranet";"Macro"
"10684";"PNADC12_RRPHCP12";NA;NA;"Ativa";"IBGE/PNAD Contínua";"Salário e renda";"Rend. real méd. princip. hab. mensal - Conta-própria";"Rendimento real médio do trabalho principal, habitualmente recebido por mês, pelas pessoas de 14 anos ou mais de idade, ocupadas na semana de referência, com rendimento de trabalho, como Conta-própria";"Não oculta";"Internet";60;0;0;"Incluída em 14/abr/2016";"Independente";"PNADC12";"Internet";"Macro"
"10685";"PNADC12_RPHIG12";NA;NA;"Ativa";"IBGE/PNAD Contínua";"Salário e renda";"Rend. méd. princip. hab. mensal - Indústria Geral";"Rendimento médio do trabalho principal, habitualmente recebido por mês, pelas pessoas de 14 anos ou mais de idade, ocupadas na semana de referência, com rendimento de trabalho, no grupamento de atividade Indústria Geral";"Não oculta";"Intranet";60;0;0;"Incluída em 14/abr/2016";"Independente";"PNADC12";"Intranet";"Macro"
"10686";"PNADC12_RRPHIG12";NA;NA;"Ativa";"IBGE/PNAD Contínua";"Salário e renda";"Rend. real méd. princip. hab. mensal - Indústria Geral";"Rendimento real médio do trabalho principal, habitualmente recebido por mês, pelas pessoas de 14 anos ou mais de idade, ocupadas na semana de referência, com rendimento de trabalho, no grupamento de atividade Indústria Geral";"Não oculta";"Intranet";60;0;0;"Incluída em 14/abr/2016";"Independente";"PNADC12";"Intranet";"Macro"
"10687";"PNADC12_RPHCONST12";NA;NA;"Ativa";"IBGE/PNAD Contínua";"Salário e renda";"Rend. méd. princip. hab. mensal - Construção";"Rendimento médio do trabalho principal, habitualmente recebido por mês, pelas pessoas de 14 anos ou mais de idade, ocupadas na semana de referência, com rendimento de trabalho, no grupamento de atividade Construção";"Não oculta";"Intranet";60;0;0;"Incluída em 14/abr/2016";"Independente";"PNADC12";"Intranet";"Macro"
"10688";"PNADC12_RRPHCONST12";NA;NA;"Ativa";"IBGE/PNAD Contínua";"Salário e renda";"Rend. real méd. princip. hab. mensal - Construção";"Rendimento real médio do trabalho principal, habitualmente recebido por mês, pelas pessoas de 14 anos ou mais de idade, ocupadas na semana de referência, com rendimento de trabalho, no grupamento de atividade Construção";"Não oculta";"Intranet";60;0;0;"Incluída em 14/abr/2016";"Independente";"PNADC12";"Intranet";"Macro"
"10689";"PNADC12_RPHTRANS12";NA;NA;"Ativa";"IBGE/PNAD Contínua";"Salário e renda";"Rend. méd. princip. hab. mensal - Transporte, armazenagem e correio";"Rendimento médio do trabalho principal, habitualmente recebido por mês, pelas pessoas de 14 anos ou mais de idade, ocupadas na semana de referência, com rendimento de trabalho, no grupamento de atividade Transporte, armazenagem e correio";"Não oculta";"Intranet";60;0;0;"Incluída em 14/abr/2016";"Independente";"PNADC12";"Intranet";"Macro"
"10690";"PNADC12_RPHALOJ12";NA;NA;"Ativa";"IBGE/PNAD Contínua";"Salário e renda";"Rend. méd. princip. hab. mensal - Alojamento e alimentação";"Rendimento médio do trabalho principal, habitualmente recebido por mês, pelas pessoas de 14 anos ou mais de idade, ocupadas na semana de referência, com rendimento de trabalho,no grupamento de atividade Alojamento e alimentação";"Não oculta";"Intranet";60;0;0;"Incluída em 14/abr/2016";"Independente";"PNADC12";"Intranet";"Macro"
"10691";"PNADC12_RRPHALOJ12";NA;NA;"Ativa";"IBGE/PNAD Contínua";"Salário e renda";"Rend. real méd. princip. hab. mensal - Alojamento e alimentação";"Rendimento real médio do trabalho principal, habitualmente recebido por mês, pelas pessoas de 14 anos ou mais de idade, ocupadas na semana de referência, com rendimento de trabalho,no grupamento de atividade Alojamento e alimentação";"Não oculta";"Intranet";60;0;0;"Incluída em 14/abr/2016";"Independente";"PNADC12";"Intranet";"Macro"
"10692";"PNADC12_RPHOUT12";NA;NA;"Ativa";"IBGE/PNAD Contínua";"Salário e renda";"Rend. méd. princip. hab. mensal - Outros serviços";"Rendimento médio do trabalho principal, habitualmente recebido por mês, pelas pessoas de 14 anos ou mais de idade, ocupadas na semana de referência, com rendimento de trabalho, no grupamento de atividade Outros serviços";"Não oculta";"Intranet";60;0;0;"Incluída em 14/abr/2016";"Independente";"PNADC12";"Intranet";"Macro"
"10693";"PNADC12_RRPHOUT12";NA;NA;"Ativa";"IBGE/PNAD Contínua";"Salário e renda";"Rend. real méd. princip. hab. mensal - Outros serviços";"Rendimento real médio do trabalho principal, habitualmente recebido por mês, pelas pessoas de 14 anos ou mais de idade, ocupadas na semana de referência, com rendimento de trabalho, no grupamento de atividade Outros serviços";"Não oculta";"Intranet";60;0;0;"Incluída em 14/abr/2016";"Independente";"PNADC12";"Intranet";"Macro"
"10694";"PNADC12_RPHDOM12";NA;NA;"Ativa";"IBGE/PNAD Contínua";"Salário e renda";"Rend. méd. princip. hab. mensal - Serviços Domésticos";"Rendimento médio do trabalho principal, habitualmente recebido por mês, pelas pessoas de 14 anos ou mais de idade, ocupadas na semana de referência, com rendimento de trabalho, no grupamento de atividade Serviços Domésticos";"Não oculta";"Intranet";60;0;0;"Incluída em 14/abr/2016";"Independente";"PNADC12";"Intranet";"Macro"
"10695";"PNADC12_RRPHDOM12";NA;NA;"Ativa";"IBGE/PNAD Contínua";"Salário e renda";"Rend. real méd. princip. hab. mensal - Serviços Domésticos";"Rendimento real médio do trabalho principal, habitualmente recebido por mês, pelas pessoas de 14 anos ou mais de idade, ocupadas na semana de referência, com rendimento de trabalho, no grupamento de atividade Serviços Domésticos";"Não oculta";"Intranet";60;0;0;"Incluída em 14/abr/2016";"Independente";"PNADC12";"Intranet";"Macro"
"10696";"PNADC12_MRTH12";NA;NA;"Ativa";"IBGE/PNAD Contínua";"Salário e renda";"Massa de rend. de todos os trabalhos hab. mensal";"Massa de rendimento de todos os trabalhos, habitualmente recebido por mês, pelas pessoas de 14 anos ou mais de idade, ocupadas na semana de referência, com rendimento de trabalho";"Não oculta";"Internet";60;0;0;"Incluída em 14/abr/2016";"Independente";"PNADC12";"Internet";"Macro"
"10697";"PNADC12_MRRTH12";NA;NA;"Ativa";"IBGE/PNAD Contínua";"Salário e renda";"Massa de rend. real de todos os trabalhos hab. mensal";"Massa de rendimento real de todos os trabalhos, habitualmente recebido por mês, pelas pessoas de 14 anos ou mais de idade, ocupadas na semana de referência, com rendimento de trabalho";"Não oculta";"Internet";60;0;0;"Incluída em 14/abr/2016";"Independente";"PNADC12";"Internet";"Macro"
"10698";"PNADC12_MRTE12";NA;NA;"Ativa";"IBGE/PNAD Contínua";"Salário e renda";"Massa de rend. de todos os trabalhos efet. mensal";"Massa de rendimento de todos os trabalhos, efetivamente recebido por mês, pelas pessoas de 14 anos ou mais de idade, ocupadas na semana de referência, com rendimento de trabalho";"Não oculta";"Intranet";60;0;0;"Incluída em 14/abr/2016";"Independente";"PNADC12";"Intranet";"Macro"
"10699";"PNADC12_MRRTE12";NA;NA;"Ativa";"IBGE/PNAD Contínua";"Salário e renda";"Massa de rend. real de todos os trabalhos efet. mensal";"Massa de rendimento real de todos os trabalhos, efetivamente recebido por mês, pelas pessoas de 14 anos ou mais de idade, ocupadas na semana de referência, com rendimento de trabalho";"Não oculta";"Intranet";60;0;0;"Incluída em 14/abr/2016";"Independente";"PNADC12";"Intranet";"Macro"
"10700";"PNADC12_MRTHE12";NA;NA;"Ativa";"IBGE/PNAD Contínua";"Salário e renda";"Massa de rend. de todos os trabalhos hab. mensal - Empregado";"Massa de rendimento de todos os trabalhos, habitualmente recebido por mês, pelas pessoas de 14 anos ou mais de idade, ocupadas como Empregado na semana de referência, com rendimento de trabalho";"Não oculta";"Intranet";60;0;0;"Incluída em 14/abr/2016";"Independente";"PNADC12";"Intranet";"Macro"
"10701";"PNADC12_MRRTHE12";NA;NA;"Ativa";"IBGE/PNAD Contínua";"Salário e renda";"Massa de rend. real de todos os trabalhos hab. mensal - Empregado";"Massa de rendimento real de todos os trabalhos, habitualmente recebido por mês, pelas pessoas de 14 anos ou mais de idade, ocupadas como Empregado na semana de referência, com rendimento de trabalho";"Não oculta";"Intranet";60;0;0;"Incluída em 14/abr/2016";"Independente";"PNADC12";"Intranet";"Macro"
"10702";"PNADC12_MRTEE12";NA;NA;"Ativa";"IBGE/PNAD Contínua";"Salário e renda";"Massa de rend. de todos os trabalhos efet. mensal - Empregado";"Massa de rendimento de todos os trabalhos, efetivamente recebido por mês, pelas pessoas de 14 anos ou mais de idade, ocupadas como Empregado na semana de referência, com rendimento de trabalho";"Não oculta";"Intranet";60;0;0;"Incluída em 14/abr/2016";"Independente";"PNADC12";"Intranet";"Macro"
"10703";"PNADC12_MRRTEE12";NA;NA;"Ativa";"IBGE/PNAD Contínua";"Salário e renda";"Massa de rend. real de todos os trabalhos efet. mensal - Empregado";"Massa de rendimento real de todos os trabalhos, efetivamente recebido por mês, pelas pessoas de 14 anos ou mais de idade, ocupadas como Empregado na semana de referência, com rendimento de trabalho";"Não oculta";"Intranet";60;0;0;"Incluída em 14/abr/2016";"Independente";"PNADC12";"Intranet";"Macro"
"10704";"PNADC12_OCUPCONT12";NA;NA;"Ativa";"IBGE/PNAD Contínua";"Emprego";"Pessoas ocup., por contribuição para instituto de previdência em qualquer trabalho";"Pessoas de 14 anos ou mais de idade, ocupadas na semana de referência, por contribuição para instituto de previdência em qualquer trabalho";"Não oculta";"Intranet";60;0;0;"Incluída em 14/abr/2016";"Independente";"PNADC12";"Intranet";"Macro"
"10705";"PNADC12_PEROCUPCONT12";NA;NA;"Ativa";"IBGE/PNAD Contínua";"Emprego";"Percentual contribuintes de instituto de previdência na população ocup.";"Percentual de pessoas contribuintes de instituto de previdência na população de 14 anos ou mais de idade ocupada na semana de referência";"Não oculta";"Intranet";60;0;0;"Incluída em 14/abr/2016";"Independente";"PNADC12";"Intranet";"Macro"
"10706";"PNADC12_RPHESPCC12";NA;NA;"Ativa";"IBGE/PNAD Contínua";"Salário e renda";"Rend. méd. princip. hab. mensal - Empregado set. priv. c/ cart. assinada (excl. trab. dom.)";"Rendimento médio do trabalho principal, habitualmente recebido por mês, pelas pessoas de 14 anos ou mais de idade, ocupadas na semana de referência, com rendimento de trabalho, como Empregado no setor privado com carteira de trabalho assinada (exclusive trabalhadores domésticos)";"Não oculta";"Intranet";60;0;0;"Incluída em 14/abr/2016";"Independente";"PNADC12";"Intranet";"Macro"
"10707";"PNADC12_RRPHESPCC12";NA;NA;"Ativa";"IBGE/PNAD Contínua";"Salário e renda";"Rend. real méd. princip. hab. mensal - Empregado set. priv. c/ cart. assinada (excl. trab. dom.)";"Rendimento real médio do trabalho principal, habitualmente recebido por mês, pelas pessoas de 14 anos ou mais de idade, ocupadas na semana de referência, com rendimento de trabalho, como Empregado no setor privado com carteira de trabalho assinada (exclusive trabalhadores domésticos)";"Não oculta";"Internet";60;0;0;"Incluída em 14/abr/2016";"Independente";"PNADC12";"Internet";"Macro"
"10708";"PNADC12_RPHESPSC12";NA;NA;"Ativa";"IBGE/PNAD Contínua";"Salário e renda";"Rend. méd. princip. hab. mensal - Empregado set. priv. s/ cart. assinada (excl. trab. dom.)";"Rendimento médio do trabalho principal, habitualmente recebido por mês, pelas pessoas de 14 anos ou mais de idade, ocupadas na semana de referência, com rendimento de trabalho, como Empregado no setor privado sem carteira de trabalho assinada (exclusive trabalhadores domésticos)";"Não oculta";"Intranet";60;0;0;"Incluída em 14/abr/2016";"Independente";"PNADC12";"Intranet";"Macro"
"10709";"PNADC12_RRPHESPSC12";NA;NA;"Ativa";"IBGE/PNAD Contínua";"Salário e renda";"Rend. real méd. princip. hab. mensal - Empregado set. priv. s/ cart. assinada (excl. trab. dom.)";"Rendimento real médio do trabalho principal, habitualmente recebido por mês, pelas pessoas de 14 anos ou mais de idade, ocupadas na semana de referência, com rendimento de trabalho, como Empregado no setor privado sem carteira de trabalho assinada (exclusive trabalhadores domésticos)";"Não oculta";"Internet";60;0;0;"Incluída em 14/abr/2016";"Independente";"PNADC12";"Internet";"Macro"
"10710";"PNADC12_RPHESPUB12";NA;NA;"Ativa";"IBGE/PNAD Contínua";"Salário e renda";"Rend. méd. princip. hab. mensal - Empregado set. púb. (incl. servidor estatutário e militar)";"Rendimento médio do trabalho principal, habitualmente recebido por mês, pelas pessoas de 14 anos ou mais de idade, ocupadas na semana de referência, com rendimento de trabalho, como Empregado no setor público (inclusive servidor estatutário e militar)";"Não oculta";"Intranet";60;0;0;"Incluída em 14/abr/2016";"Independente";"PNADC12";"Intranet";"Macro"
"10711";"PNADC12_RRPHESPUB12";NA;NA;"Ativa";"IBGE/PNAD Contínua";"Salário e renda";"Rend. real méd. princip. hab. mensal - Empregado set. púb. (incl. servidor estatutário e militar)";"Rendimento real médio do trabalho principal, habitualmente recebido por mês, pelas pessoas de 14 anos ou mais de idade, ocupadas na semana de referência, com rendimento de trabalho, como Empregado no setor público (inclusive servidor estatutário e militar)";"Não oculta";"Internet";60;0;0;"Incluída em 14/abr/2016";"Independente";"PNADC12";"Internet";"Macro"
"10712";"PNADC12_RPHAGR12";NA;NA;"Ativa";"IBGE/PNAD Contínua";"Salário e renda";"Rend. méd. princip. hab. mensal - Agricultura, pecuária, prod. florestal, pesca e aquicultura";"Rendimento médio do trabalho principal, habitualmente recebido por mês, pelas pessoas de 14 anos ou mais de idade, ocupadas na semana de referência, com rendimento de trabalho, no grupamento de atividade Agricultura, pecuária, produção florestal, pesca e aquicultura";"Não oculta";"Intranet";60;0;0;"Incluída em 14/abr/2016";"Independente";"PNADC12";"Intranet";"Macro"
"10713";"PNADC12_RRPHAGR12";NA;NA;"Ativa";"IBGE/PNAD Contínua";"Salário e renda";"Rend. real méd. princip. hab. mensal - Agricultura, pecuária, prod. florestal, pesca e aquicultura";"Rendimento real médio do trabalho principal, habitualmente recebido por mês, pelas pessoas de 14 anos ou mais de idade, ocupadas na semana de referência, com rendimento de trabalho, no grupamento de atividade Agricultura, pecuária, produção florestal, pesca e aquicultura";"Não oculta";"Intranet";60;0;0;"Incluída em 14/abr/2016";"Independente";"PNADC12";"Intranet";"Macro"
"10714";"PNADC12_RPHCOM12";NA;NA;"Ativa";"IBGE/PNAD Contínua";"Salário e renda";"Rend. méd. princip. hab. mensal - Comércio, reparação de veículos automotores e motocicletas";"Rendimento médio do trabalho principal, habitualmente recebido por mês, pelas pessoas de 14 anos ou mais de idade, ocupadas na semana de referência, com rendimento de trabalho, no grupamento de atividade Comércio, reparação de veículos automotores e motocicletas";"Não oculta";"Intranet";60;0;0;"Incluída em 14/abr/2016";"Independente";"PNADC12";"Intranet";"Macro"
"10715";"PNADC12_RRPHCOM12";NA;NA;"Ativa";"IBGE/PNAD Contínua";"Salário e renda";"Rend. real méd. princip. hab. mensal - Comércio, reparação de veículos automotores e motocicletas";"Rendimento real médio do trabalho principal, habitualmente recebido por mês, pelas pessoas de 14 anos ou mais de idade, ocupadas na semana de referência, com rendimento de trabalho, no grupamento de atividade Comércio, reparação de veículos automotores e motocicletas";"Não oculta";"Intranet";60;0;0;"Incluída em 14/abr/2016";"Independente";"PNADC12";"Intranet";"Macro"
"10716";"PNADC12_RRPHTRANS12";NA;NA;"Ativa";"IBGE/PNAD Contínua";"Salário e renda";"Rend. real méd. princip. hab. mensal - Transporte, armazenagem e correio";"Rendimento real médio do trabalho principal, habitualmente recebido por mês, pelas pessoas de 14 anos ou mais de idade, ocupadas na semana de referência, com rendimento de trabalho, no grupamento de atividade Transporte, armazenagem e correio";"Não oculta";"Intranet";60;0;0;"Incluída em 14/abr/2016";"Independente";"PNADC12";"Intranet";"Macro"
"10717";"PNADC12_RPHINFO12";NA;NA;"Ativa";"IBGE/PNAD Contínua";"Salário e renda";"Rend. méd. princip. hab. mensal - Inform., comunic. e ativ. financeiras, imob., profis. e adm.";"Rendimento médio do trabalho principal, habitualmente recebido por mês, pelas pessoas de 14 anos ou mais de idade, ocupadas na semana de referência, com rendimento de trabalho, no grupamento de atividade Informação, comunicação e atividades financeiras, imobiliárias, profissionais e administrativas";"Não oculta";"Intranet";60;0;0;"Incluída em 14/abr/2016";"Independente";"PNADC12";"Intranet";"Macro"
"10718";"PNADC12_RRPHINFO12";NA;NA;"Ativa";"IBGE/PNAD Contínua";"Salário e renda";"Rend. real méd. princip. hab. mensal - Inform., comunic. e ativ. financeiras, imob., profis. e adm.";"Rendimento real médio do trabalho principal, habitualmente recebido por mês, pelas pessoas de 14 anos ou mais de idade, ocupadas na semana de referência, com rendimento de trabalho, no grupamento de atividade Informação, comunicação e atividades financeiras, imobiliárias, profissionais e administrativas";"Não oculta";"Intranet";60;0;0;"Incluída em 14/abr/2016";"Independente";"PNADC12";"Intranet";"Macro"
"10719";"PNADC12_RPHPUB12";NA;NA;"Ativa";"IBGE/PNAD Contínua";"Salário e renda";"Rend. méd. princip. hab. mensal - Adm. púb., defesa, segurid., educ., saúde hum. e serv. soc.";"Rendimento médio do trabalho principal, habitualmente recebido por mês, pelas pessoas de 14 anos ou mais de idade, ocupadas na semana de referência, com rendimento de trabalho, no grupamento de atividade Administração pública, defesa, seguridade, educação, saúde humana e serviços sociais";"Não oculta";"Intranet";60;0;0;"Incluída em 14/abr/2016";"Independente";"PNADC12";"Intranet";"Macro"
"10720";"PNADC12_RRPHPUB12";NA;NA;"Ativa";"IBGE/PNAD Contínua";"Salário e renda";"Rend. real méd. princip. hab. mensal - Adm. púb., defesa, segurid., educ., saúde hum. e serv. soc.";"Rendimento real médio do trabalho principal, habitualmente recebido por mês, pelas pessoas de 14 anos ou mais de idade, ocupadas na semana de referência, com rendimento de trabalho, no grupamento de atividade Administração pública, defesa, seguridade, educação, saúde humana e serviços sociais";"Não oculta";"Intranet";60;0;0;"Incluída em 14/abr/2016";"Independente";"PNADC12";"Intranet";"Macro"
"10721";"GAC12_TCERXSM12";NA;NA;"Ativa";"IPEA";"Câmbio";"Taxa de câmbio - efetiva real - IPA-OG-IT - exportações - semimanufaturados - índice(média 2010=100)";"Taxa de câmbio - efetiva real - IPA-IT - exportações - semimanufaturados - índice (média 2010 = 100)";"Não oculta";"Internet";120;1;0;"Revisada em 11/nov/2015.";"Gerada";"GAC12";"Internet";"Macro"
"10722";"GAC12_TCERXB12";NA;NA;"Ativa";"IPEA";"Câmbio";"Taxa de câmbio - efetiva real - IPA Ponderado - exportações - básicos - índice (média 2010 = 100)";"Taxa de câmbio - efetiva real - IPA-IT - exportações - básicos - índice (média 2010 = 100)";"Não oculta";"Internet";120;1;0;"Revisada em 11/nov/2015.";"Gerada";"GAC12";"Internet";"Macro"
"10723";"GAC12_TCERCAN12";NA;NA;"Ativa";"IPEA";"Câmbio";"Taxa de câmbio real bilateral - IPA-EP-DI - Brasil/Canadá - índice (média 2010 = 100)";"Taxa de câmbio real bilateral - IPA-EP-DI - Brasil/Canadá - índice (média 2010 = 100)";"Não oculta";"Internet";120;1;0;"Incluída em 19/abril/2016.";"Gerada";"GAC12";"Internet";"Macro"
"10724";"GAC12_TCERHKG12";NA;NA;"Ativa";"IPEA";"Câmbio";"Taxa de câmbio real bilateral - IPA-EP-DI - Brasil/Hong Kong - índice (média 2010 = 100)";"Taxa de câmbio real bilateral - IPA-EP-DI - Brasil/Hong Kong - índice (média 2010 = 100)";"Não oculta";"Internet";120;1;0;"Incluída em 19/abril/2016.";"Gerada";"GAC12";"Internet";"Macro"
"10725";"GAC12_TCERCOL12";NA;NA;"Ativa";"IPEA";"Câmbio";"Taxa de câmbio real bilateral - IPA-EP-DI - Brasil/Colômbia - índice (média 2010 = 100)";"Taxa de câmbio real bilateral - IPA-EP-DI - Brasil/Colômbia - índice (média 2010 = 100)";"Não oculta";"Internet";120;1;0;"Incluída em 19/abril/2016.";"Gerada";"GAC12";"Internet";"Macro"
"10726";"GAC12_TCEREGY12";NA;NA;"Ativa";"IPEA";"Câmbio";"Taxa de câmbio real bilateral - IPA-EP-DI - Brasil/Egito - índice (média 2010 = 100)";"Taxa de câmbio real bilateral - IPA-EP-DI - Brasil/Egito - índice (média 2010 = 100)";"Não oculta";"Internet";120;1;0;"Incluída em 19/abril/2016.";"Gerada";"GAC12";"Internet";"Macro"
"10727";"GAC12_TCERIDN12";NA;NA;"Ativa";"IPEA";"Câmbio";"Taxa de câmbio real bilateral - IPA-EP-DI - Brasil/Indonésia - índice (média 2010 = 100)";"Taxa de câmbio real bilateral - IPA-EP-DI - Brasil/Indonésia - índice (média 2010 = 100)";"Não oculta";"Internet";120;1;0;"Incluída em 19/abril/2016.";"Gerada";"GAC12";"Internet";"Macro"
"10728";"GAC12_TCERPER12";NA;NA;"Ativa";"IPEA";"Câmbio";"Taxa de câmbio real bilateral - IPA-EP-DI - Brasil/Peru - índice (média 2010 = 100)";"Taxa de câmbio real bilateral - IPA-EP-DI - Brasil/Peru - índice (média 2010 = 100)";"Não oculta";"Internet";120;1;0;"Incluída em 19/abril/2016.";"Gerada";"GAC12";"Internet";"Macro"
"10729";"GAC12_TCERURY12";NA;NA;"Ativa";"IPEA";"Câmbio";"Taxa de câmbio real bilateral - IPA-EP-DI - Brasil/Uruguai - índice (média 2010 = 100)";"Taxa de câmbio real bilateral - IPA-EP-DI - Brasil/Uruguai - índice (média 2010 = 100)";"Não oculta";"Internet";120;1;0;"Incluída em 19/abril/2016.";"Gerada";"GAC12";"Internet";"Macro"
"10730";"GAC12_TCERCHN12";NA;NA;"Ativa";"IPEA";"Câmbio";"Taxa de câmbio real bilateral - IPA-EP-DI - Brasil/China  - índice (média 2010 = 100)";"Taxa de câmbio real bilateral - IPA-EP-DI - Brasil/China  - índice (média 2010 = 100)";"Não oculta";"Internet";120;1;0;"Incluída em 19/abril/2016.";"Gerada";"GAC12";"Internet";"Macro"
"10731";"GAC12_TCERARG12";NA;NA;"Inativa";"IPEA";"Câmbio";"Taxa de câmbio real bilateral - IPA-EP-DI - Brasil/Argentina - índice (média 2010 = 100)";"Taxa de câmbio real bilateral - IPA-EP-DI - Brasil/Argentina - índice (média 2010 = 100)";"Não oculta";"Internet";120;1;0;"Incluída em 19/abril/2016.";"Gerada";"GAC12";"Internet";"Macro"
"10732";"GAC12_TCERNLD12";NA;NA;"Ativa";"IPEA";"Câmbio";"Taxa de câmbio real bilateral - IPA-EP-DI - Brasil/Holanda - índice (média 2010 = 100)";"Taxa de câmbio real bilateral - IPA-EP-DI - Brasil/Holanda - índice (média 2010 = 100)";"Não oculta";"Internet";120;1;0;"Incluída em 19/abril/2016.";"Gerada";"GAC12";"Internet";"Macro"
"10733";"GAC12_TCERDEU12";NA;NA;"Ativa";"IPEA";"Câmbio";"Taxa de câmbio real bilateral - IPA-EP-DI - Brasil/Alemanha - índice (média 2010 = 100)";"Taxa de câmbio real bilateral - IPA-EP-DI - Brasil/Alemanha - índice (média 2010 = 100)";"Não oculta";"Internet";120;1;0;"Incluída em 19/abril/2016.";"Gerada";"GAC12";"Internet";"Macro"
"10734";"GAC12_TCERJPN12";NA;NA;"Ativa";"IPEA";"Câmbio";"Taxa de câmbio real bilateral - IPA-EP-DI - Brasil/Japão - índice (média 2010 = 100)";"Taxa de câmbio real bilateral - IPA-EP-DI - Brasil/Japão - índice (média 2010 = 100)";"Não oculta";"Internet";120;1;0;"Incluída em 19/abril/2016.";"Gerada";"GAC12";"Internet";"Macro"
"10735";"GAC12_TCERGBR12";NA;NA;"Ativa";"IPEA";"Câmbio";"Taxa de câmbio real bilateral - IPA-EP-DI - Brasil/Reino Unido - índice (média 2010 = 100)";"Taxa de câmbio real bilateral - IPA-EP-DI - Brasil/Reino Unido - índice (média 2010 = 100)";"Não oculta";"Internet";120;1;0;"Incluída em 19/abril/2016.";"Gerada";"GAC12";"Internet";"Macro"
"10736";"GAC12_TCERCHL12";NA;NA;"Ativa";"IPEA";"Câmbio";"Taxa de câmbio real bilateral - IPA-EP-DI - Brasil/Chile  - índice (média 2010 = 100)";"Taxa de câmbio real bilateral - IPA-EP-DI - Brasil/Chile  - índice (média 2010 = 100)";"Não oculta";"Internet";120;1;0;"Incluída em 19/abril/2016.";"Gerada";"GAC12";"Internet";"Macro"
"10737";"GAC12_TCERITA12";NA;NA;"Ativa";"IPEA";"Câmbio";"Taxa de câmbio real bilateral - IPA-EP-DI - Brasil/Itália - índice (média 2010 = 100)";"Taxa de câmbio real bilateral - IPA-EP-DI - Brasil/Itália - índice (média 2010 = 100)";"Não oculta";"Internet";120;1;0;"Incluída em 19/abril/2016.";"Gerada";"GAC12";"Internet";"Macro"
"10738";"GAC12_TCERBEL12";NA;NA;"Ativa";"IPEA";"Câmbio";"Taxa de câmbio real bilateral - IPA-EP-DI - Brasil/Bélgica - índice (média 2010 = 100)";"Taxa de câmbio real bilateral - IPA-EP-DI - Brasil/Bélgica - índice (média 2010 = 100)";"Não oculta";"Internet";120;1;0;"Incluída em 19/abril/2016.";"Gerada";"GAC12";"Internet";"Macro"
"10739";"GAC12_TCERFRA12";NA;NA;"Ativa";"IPEA";"Câmbio";"Taxa de câmbio real bilateral - IPA-EP-DI - Brasil/França - índice (média 2010 = 100)";"Taxa de câmbio real bilateral - IPA-EP-DI - Brasil/França - índice (média 2010 = 100)";"Não oculta";"Internet";120;1;0;"Incluída em 19/abril/2016.";"Gerada";"GAC12";"Internet";"Macro"
"10740";"GAC12_TCERIND12";NA;NA;"Ativa";"IPEA";"Câmbio";"Taxa de câmbio real bilateral - IPA-EP-DI - Brasil/Índia - índice (média 2010 = 100)";"Taxa de câmbio real bilateral - IPA-EP-DI - Brasil/Índia - índice (média 2010 = 100)";"Não oculta";"Internet";120;1;0;"Incluída em 19/abril/2016.";"Gerada";"GAC12";"Internet";"Macro"
"10741";"GAC12_TCERKOR12";NA;NA;"Ativa";"IPEA";"Câmbio";"Taxa de câmbio real bilateral - IPA-EP-DI - Brasil/Coreia do Sul - índice (média 2010 = 100)";"Taxa de câmbio real bilateral - IPA-EP-DI - Brasil/Coreia do Sul - índice (média 2010 = 100)";"Não oculta";"Internet";120;1;0;"Incluída em 19/abril/2016.";"Gerada";"GAC12";"Internet";"Macro"
"10742";"GAC12_TCERMEX12";NA;NA;"Ativa";"IPEA";"Câmbio";"Taxa de câmbio real bilateral - IPA-EP-DI - Brasil/México - índice (média 2010 = 100)";"Taxa de câmbio real bilateral - IPA-EP-DI - Brasil/México - índice (média 2010 = 100)";"Não oculta";"Internet";120;1;0;"Incluída em 19/abril/2016.";"Gerada";"GAC12";"Internet";"Macro"
"10743";"GAC12_TCERPRY12";NA;NA;"Ativa";"IPEA";"Câmbio";"Taxa de câmbio real bilateral - IPA-EP-DI - Brasil/Paraguai - índice (média 2010 = 100)";"Taxa de câmbio real bilateral - IPA-EP-DI - Brasil/Paraguai - índice (média 2010 = 100)";"Não oculta";"Internet";120;1;0;"Incluída em 19/abril/2016.";"Gerada";"GAC12";"Internet";"Macro"
"10744";"GAC12_TCERSAU12";NA;NA;"Ativa";"IPEA";"Câmbio";"Taxa de câmbio real bilateral - IPA-EP-DI - Brasil/Arábia Saudita - índice (média 2010 = 100)";"Taxa de câmbio real bilateral - IPA-EP-DI - Brasil/Arábia Saudita - índice (média 2010 = 100)";"Não oculta";"Internet";120;1;0;"Incluída em 19/abril/2016.";"Gerada";"GAC12";"Internet";"Macro"
"10745";"GAC12_TCERESP12";NA;NA;"Ativa";"IPEA";"Câmbio";"Taxa de câmbio real bilateral - IPA-EP-DI - Brasil/Espanha - índice (média 2010 = 100)";"Taxa de câmbio real bilateral - IPA-EP-DI - Brasil/Espanha - índice (média 2010 = 100)";"Não oculta";"Internet";120;1;0;"Incluída em 19/abril/2016.";"Gerada";"GAC12";"Internet";"Macro"
"10746";"GAC12_TCEREUA12";NA;NA;"Ativa";"IPEA";"Câmbio";"Taxa de câmbio real bilateral - IPA-EP-DI - Brasil/Estados Unidos - índice (média 2010 = 100)";"Taxa de câmbio real bilateral - IPA-EP-DI - Brasil/Estados Unidos - índice (média 2010 = 100)";"Não oculta";"Internet";120;1;0;"Incluída em 19/abril/2016.";"Gerada";"GAC12";"Internet";"Macro"
"10747";"FENABRAVE12_VENDAUTO12";NA;NA;"Ativa";"FENABRAVE";"Consumo e vendas";"Vendas de veículos pelas concessionárias - Automóveis";"Vendas de veículos pelas concessionárias - Automóveis";"Não oculta";"Internet";51;NA;NA;NA;NA;"FENABRAVE12";"Internet";"Macro"
"10748";"FENABRAVE12_VENDCOMLEVE12";NA;NA;"Ativa";"FENABRAVE";"Consumo e vendas";"Vendas de veículos pelas concessionárias - Comerciais leves";"Vendas de veículos pelas concessionárias - Comerciais leves";"Não oculta";"Intranet";51;NA;NA;NA;NA;"FENABRAVE12";"Intranet";"Macro"
"10749";"FENABRAVE12_VENDCAMIN12";NA;NA;"Ativa";"FENABRAVE";"Consumo e vendas";"Vendas de veículos pelas concessionárias - Caminhões";"Vendas de veículos pelas concessionárias - Caminhões";"Não oculta";"Intranet";51;NA;NA;NA;NA;"FENABRAVE12";"Intranet";"Macro"
"10750";"FENABRAVE12_VENDONIBUS12";NA;NA;"Ativa";"FENABRAVE";"Consumo e vendas";"Vendas de veículos pelas concessionárias - Ônibus";"Vendas de veículos pelas concessionárias - Ônibus";"Não oculta";"Intranet";51;NA;NA;NA;NA;"FENABRAVE12";"Intranet";"Macro"
"10751";"FENABRAVE12_VENDAGRI12";NA;NA;"Inativa";"FENABRAVE";"Consumo e vendas";"Vendas de veículos pelas concessionárias - Máquinas agrícolas";"Vendas de veículos pelas concessionárias - Máquinas agrícolas";"Não oculta";"Intranet";3000;NA;NA;NA;NA;"FENABRAVE12";"Intranet";"Macro"
"10752";"FENABRAVE12_VENDVETOT12";NA;NA;"Ativa";"FENABRAVE";"Consumo e vendas";"Vendas de veículos pelas concessionárias - Total";"Vendas de veículos pelas concessionárias - Total";"Não oculta";"Internet";51;NA;NA;NA;NA;"FENABRAVE12";"Internet";"Macro"
"10753";"PAN_PO";NA;NA;"Ativa";"IBGE/PNAD Contínua";"Sinopse macroeconômica";"Pessoas ocupadas";"Pessoas de 14 anos ou mais de idade, ocupadas na semana de referência";"Não oculta";"Internet";60;0;0;"Incluída em 19/mai/2016";"Gerada";"PAN";"Internet";"Macro"
"10754";"PAN_TDESOC";NA;NA;"Ativa";"IBGE/PNAD Contínua";"Sinopse macroeconômica";"Taxa de desocupação";"Taxa de desocupação das pessoas de 14 anos ou mais de idade, na semana de referência";"Não oculta";"Internet";60;0;0;"Incluída em 19/mai/2016";"Gerada";"PAN";"Internet";"Macro"
"10755";"PAN_RRPE";NA;NA;"Ativa";"IBGE/PNAD Contínua";"Sinopse macroeconômica";"Rend. real méd. princip. efet.";"Rendimento real médio do trabalho principal, efetivamente recebido por mês, pelas pessoas de 14 anos ou mais de idade, ocupadas na semana de referência, com rendimento de trabalho";"Não oculta";"Internet";60;0;0;"Incluída em 19/mai/2016";"Gerada";"PAN";"Internet";"Macro"
"10756";"PAN4_PO4";NA;NA;"Ativa";"IBGE/PNAD Contínua";"Sinopse macroeconômica";"Pessoas ocupadas";"Pessoas de 14 anos ou mais de idade, ocupadas na semana de referência";"Não oculta";"Internet";60;0;0;"Incluída em 19/mai/2016";"Gerada";"PAN4";"Internet";"Macro"
"10757";"PAN4_TDESOC4";NA;NA;"Ativa";"IBGE/PNAD Contínua";"Sinopse macroeconômica";"Taxa de desocupação";"Taxa de desocupação das pessoas de 14 anos ou mais de idade, na semana de referência";"Não oculta";"Internet";60;0;0;"Incluída em 19/mai/2016";"Gerada";"PAN4";"Internet";"Macro"
"10758";"PAN4_RRPE4";NA;NA;"Ativa";"IBGE/PNAD Contínua";"Sinopse macroeconômica";"Rend. real méd. princip. efet.";"Rendimento real médio do trabalho principal, efetivamente recebido por mês, pelas pessoas de 14 anos ou mais de idade, ocupadas na semana de referência, com rendimento de trabalho";"Não oculta";"Internet";60;0;0;"Incluída em 19/mai/2016";"Gerada";"PAN4";"Internet";"Macro"
"10759";"PAN12_PO12";NA;NA;"Ativa";"IBGE/PNAD Contínua";"Sinopse macroeconômica";"Pessoas ocupadas";"Pessoas de 14 anos ou mais de idade, ocupadas na semana de referência";"Não oculta";"Internet";60;0;0;"Incluída em 19/mai/2016";"Gerada";"PAN12";"Internet";"Macro"
"10760";"PAN12_TDESOC12";NA;NA;"Ativa";"IBGE/PNAD Contínua";"Sinopse macroeconômica";"Taxa de desocupação";"Taxa de desocupação das pessoas de 14 anos ou mais de idade, na semana de referência";"Não oculta";"Internet";60;0;0;"Incluída em 19/mai/2016";"Gerada";"PAN12";"Internet";"Macro"
"10761";"PAN12_RRPE12";NA;NA;"Ativa";"IBGE/PNAD Contínua";"Sinopse macroeconômica";"Rend. real méd. princip. efet. mensal";"Rendimento real médio do trabalho principal, efetivamente recebido por mês, pelas pessoas de 14 anos ou mais de idade, ocupadas na semana de referência, com rendimento de trabalho";"Não oculta";"Internet";60;0;0;"Incluída em 19/mai/2016";"Gerada";"PAN12";"Internet";"Macro"
"10762";"GAC12_TCERXTS112";NA;NA;"Ativa";"IPEA";"Câmbio";"Taxa de câmbio - efetiva real - agricultura, pecuária e serviços relacionados (média 2010 = 100)";"Taxa de câmbio - efetiva real - setor: agricultura, pecuária e serviços relacionados (média 2010 = 100)";"Não oculta";"Internet";120;1;0;"Incluída em 02/junho/2016.";NA;"GAC12";"Internet";"Macro"
"10763";"GAC12_TCERXTS612";NA;NA;"Ativa";"IPEA";"Câmbio";"Taxa de câmbio - efetiva real - extração de petróleo e gás natural  (média 2010 = 100)";"Taxa de câmbio - efetiva real - setor: extração de petróleo e gás natural  (média 2010 = 100)";"Não oculta";"Internet";120;1;0;"Incluída em 02/junho/2016.";NA;"GAC12";"Internet";"Macro"
"10764";"GAC12_TCERXTS712";NA;NA;"Ativa";"IPEA";"Câmbio";"Taxa de câmbio - efetiva real - extração de minerais metálicos (média 2010 = 100)";"Taxa de câmbio - efetiva real - setor: extração de minerais metálicos (média 2010 = 100)";"Não oculta";"Internet";120;1;0;"Incluída em 02/junho/2016.";NA;"GAC12";"Internet";"Macro"
"10765";"GAC12_TCERXTS812";NA;NA;"Ativa";"IPEA";"Câmbio";"Taxa de câmbio - efetiva real - extração de minerais não-metálicos (média 2010 = 100)";"Taxa de câmbio - efetiva real - setor: extração de minerais não-metálicos (média 2010 = 100)";"Não oculta";"Internet";120;1;0;"Incluída em 02/junho/2016.";NA;"GAC12";"Internet";"Macro"
"10766";"GAC12_TCERXTS1012";NA;NA;"Ativa";"IPEA";"Câmbio";"Taxa de câmbio - efetiva real - fabricação de produtos alimentícios (média 2010 = 100)";"Taxa de câmbio - efetiva real - setor: fabricação de produtos alimentícios (média 2010 = 100)";"Não oculta";"Internet";120;1;0;"Incluída em 02/junho/2016.";NA;"GAC12";"Internet";"Macro"
"10767";"GAC12_TCERXTS1112";NA;NA;"Ativa";"IPEA";"Câmbio";"Taxa de câmbio - efetiva real - fabricação de bebidas (média 2010 = 100)";"Taxa de câmbio - efetiva real - setor: fabricação de bebidas (média 2010 = 100)";"Não oculta";"Internet";120;1;0;"Incluída em 02/junho/2016.";NA;"GAC12";"Internet";"Macro"
"10768";"GAC12_TCERXTS1212";NA;NA;"Ativa";"IPEA";"Câmbio";"Taxa de câmbio - efetiva real - fabricação de produtos do fumo (média 2010 = 100)";"Taxa de câmbio - efetiva real - setor: fabricação de produtos do fumo (média 2010 = 100)";"Não oculta";"Internet";120;1;0;"Incluída em 02/junho/2016.";NA;"GAC12";"Internet";"Macro"
"10769";"GAC12_TCERXTS1312";NA;NA;"Ativa";"IPEA";"Câmbio";"Taxa de câmbio - efetiva real - fabricação de produtos têxteis (média 2010 = 100)";"Taxa de câmbio - efetiva real - setor: fabricação de produtos têxteis (média 2010 = 100)";"Não oculta";"Internet";120;1;0;"Incluída em 02/junho/2016.";NA;"GAC12";"Internet";"Macro"
"10770";"GAC12_TCERXTS1412";NA;NA;"Ativa";"IPEA";"Câmbio";"Taxa de câmbio - efetiva real - confecção de artigos do vestuário e acessórios (média 2010 = 100)";"Taxa de câmbio - efetiva real - setor: confecção de artigos do vestuário e acessórios (média 2010 = 100)";"Não oculta";"Internet";120;1;0;"Incluída em 02/junho/2016.";NA;"GAC12";"Internet";"Macro"
"10771";"GAC12_TCERXTS1512";NA;NA;"Ativa";"IPEA";"Câmbio";"Taxa de câmbio - efetiva real - preparação e fabricaçao de artigos de couro e calçados(média2010=100";"Taxa de câmbio - efetiva real - setor: preparação de couros e fabricação de artefatos de couro, artigos para viagem e calçados (média 2010 = 100)";"Não oculta";"Internet";120;1;0;"Incluída em 02/junho/2016.";NA;"GAC12";"Internet";"Macro"
"10772";"GAC12_TCERXTS1612";NA;NA;"Ativa";"IPEA";"Câmbio";"Taxa de câmbio - efetiva real - fabricação de produtos de madeira (média 2010 = 100)";"Taxa de câmbio - efetiva real - setor: fabricação de produtos de madeira (média 2010 = 100)";"Não oculta";"Internet";120;1;0;"Incluída em 02/junho/2016.";NA;"GAC12";"Internet";"Macro"
"10773";"GAC12_TCERXTS1712";NA;NA;"Ativa";"IPEA";"Câmbio";"Taxa de câmbio - efetiva real - fabricação de celulose, papel e produtos de papel (média 2010= 100)";"Taxa de câmbio - efetiva real - setor: fabricação de celulose, papel e produtos de papel (média 2010 = 100)";"Não oculta";"Internet";120;1;0;"Incluída em 02/junho/2016.";NA;"GAC12";"Internet";"Macro"
"10774";"GAC12_TCERXTS1912";NA;NA;"Ativa";"IPEA";"Câmbio";"Taxa de câmbio - efetiva real - fabricação de coque,deriv.do petróleo e biocombustível(média2010=100";"Taxa de câmbio - efetiva real - setor: fabricação de coque, de produtos derivados do petróleo e de biocombustíveis (média 2010 = 100)";"Não oculta";"Internet";120;1;0;"Incluída em 02/junho/2016.";NA;"GAC12";"Internet";"Macro"
"10775";"GAC12_TCERXTS2012";NA;NA;"Ativa";"IPEA";"Câmbio";"Taxa de câmbio - efetiva real - fabricação de produtos químicos (média 2010 = 100)";"Taxa de câmbio - efetiva real - setor: fabricação de produtos químicos  (média 2010 = 100)";"Não oculta";"Internet";120;1;0;"Incluída em 02/junho/2016.";NA;"GAC12";"Internet";"Macro"
"10776";"GAC12_TCERXTS2112";NA;NA;"Ativa";"IPEA";"Câmbio";"Taxa de câmbio - efetiva real - fabricação de prod. de farmoquímicos e farmacêuticos(média 2010=100)";"Taxa de câmbio - efetiva real - setor: fabricação de produtos de farmoquímicos e farmacêuticos  (média 2010 = 100)";"Não oculta";"Internet";120;1;0;"Incluída em 02/junho/2016.";NA;"GAC12";"Internet";"Macro"
"10777";"GAC12_TCERXTS2212";NA;NA;"Ativa";"IPEA";"Câmbio";"Taxa de câmbio - efetiva real - fabricação de prod.de borracha e de material plástico(média 2010=100";"Taxa de câmbio - efetiva real - setor: fabricação de produtos de borracha e de material plástico (média 2010 = 100)";"Não oculta";"Internet";120;1;0;"Incluída em 02/junho/2016.";NA;"GAC12";"Internet";"Macro"
"10778";"GAC12_TCERXTS2312";NA;NA;"Ativa";"IPEA";"Câmbio";"Taxa de câmbio - efetiva real - fabricação de produtos de minerais não-metálicos (média 2010 = 100)";"Taxa de câmbio - efetiva real - setor: fabricação de produtos de minerais não-metálicos (média 2010 = 100)";"Não oculta";"Internet";120;1;0;"Incluída em 02/junho/2016.";NA;"GAC12";"Internet";"Macro"
"10779";"GAC12_TCERXTS2412";NA;NA;"Ativa";"IPEA";"Câmbio";"Taxa de câmbio - efetiva real - metalurgia (média 2010 = 100)";"Taxa de câmbio - efetiva real - setor: metalurgia (média 2010 = 100)";"Não oculta";"Internet";120;1;0;"Incluída em 02/junho/2016.";NA;"GAC12";"Internet";"Macro"
"10780";"GAC12_TCERXTS2512";NA;NA;"Ativa";"IPEA";"Câmbio";"Taxa de câmbio - efetiva real - fabricação de prod.de metal, exceto máq. e equipamentos(média2010=10";"Taxa de câmbio - efetiva real - setor: fabricação de produtos de metal, exceto máquinas e equipamentos (média 2010 = 100)";"Não oculta";"Internet";120;1;0;"Incluída em 02/junho/2016.";NA;"GAC12";"Internet";"Macro"
"10781";"GAC12_TCERXTS2612";NA;NA;"Ativa";"IPEA";"Câmbio";"Taxa de câmbio - efetiva real - fabricação de equip. de info, eletrônicos e ópticos (média 2000=100)";"Taxa de câmbio - efetiva real - setor: fabricação de equipamentos de informática, produtos eletrônicos e ópticos (média 2010 = 100)";"Não oculta";"Internet";120;1;0;"Incluída em 02/junho/2016.";NA;"GAC12";"Internet";"Macro"
"10782";"GAC12_TCERXTS2712";NA;NA;"Ativa";"IPEA";"Câmbio";"Taxa de câmbio - efetiva real - fabricação de máquinas, aparelhos e mat. elétricos (média 2010 =100)";"Taxa de câmbio - efetiva real - setor: fabricação de máquinas, aparelhos e materiais elétricos (média 2010 = 100)";"Não oculta";"Internet";120;1;0;"Incluída em 02/junho/2016.";NA;"GAC12";"Internet";"Macro"
"10783";"GAC12_TCERXTS2812";NA;NA;"Ativa";"IPEA";"Câmbio";"Taxa de câmbio - efetiva real - fabricação de máquinas e equipamentos (média 2010 = 100)";"Taxa de câmbio - efetiva real - setor: fabricação de máquinas e equipamentos (média 2010 = 100)";"Não oculta";"Internet";120;1;0;"Incluída em 02/junho/2016.";NA;"GAC12";"Internet";"Macro"
"10784";"GAC12_TCERXTS2912";NA;NA;"Ativa";"IPEA";"Câmbio";"Taxa de câmbio - efetiva real - fabricação de veículos auto, reboques e carrocerias (média 2010=100)";"Taxa de câmbio - efetiva real - setor: fabricação de veículos automotores, reboques e carrocerias (média 2010 = 100)";"Não oculta";"Internet";120;1;0;"Incluída em 02/junho/2016.";NA;"GAC12";"Internet";"Macro"
"10785";"GAC12_TCERXTS3012";NA;NA;"Ativa";"IPEA";"Câmbio";"Taxa de câmbio - efetiva real - fabricação de outros equipamentos de transporte (média 2010 = 100)";"Taxa de câmbio - efetiva real - setor: fabricação de outros equipamentos de transporte, exceto veículos automotores (média 2010 = 100)";"Não oculta";"Internet";120;1;0;"Incluída em 02/junho/2016.";NA;"GAC12";"Internet";"Macro"
"10786";"GAC12_TCERXTS3112";NA;NA;"Ativa";"IPEA";"Câmbio";"Taxa de câmbio - efetiva real - fabricação de móveis (média 2010 = 100)";"Taxa de câmbio - efetiva real - setor: fabricação de móveis (média 2010 = 100)";"Não oculta";"Internet";120;1;0;"Incluída em 02/junho/2016.";NA;"GAC12";"Internet";"Macro"
"10787";"GAC12_TCERXTS3212";NA;NA;"Ativa";"IPEA";"Câmbio";"Taxa de câmbio - efetiva real - fabricação de produtos diversos (média 2010 = 100)";"Taxa de câmbio - efetiva real - setor: fabricação de produtos diversos (média 2010 = 100)";"Não oculta";"Internet";120;1;0;"Incluída em 02/junho/2016.";NA;"GAC12";"Internet";"Macro"
"10788";"SRF12_CIDE12";29;432;"Ativa";"Min. Fazenda/SRF";"Finanças públicas";"Cide - combustíveis  - receita bruta";"Cide - combustíveis  - receita bruta";"Não oculta";"Internet";20;0;0;"Incluída em 02/set/2003 .";NA;"SRF12";"Internet";"Macro"
"10789";"SRF12_PAES12";1;1628;"Inativa";"Min. Fazenda/SRF";"Finanças públicas";"Pagamento unificado (PAES)";"Pagamento unificado (PAES)";"Não oculta";"Internet";10;0;0;"Incluída em 02/set/2003 .";NA;"SRF12";"Internet";"Macro"
"10790";"SRF12_REFIS12";NA;NA;"Inativa";"Min. Fazenda/SRF";"Finanças públicas";"Refis";"Refis";"Oculta";"Internet";0;0;0;"Incluída em 02/set/2003 .";NA;"SRF12";"Oculta";"Macro"
"10791";"SRF12_CIDEL12";NA;NA;"Inativa";"Min. Fazenda/SRF";"Finanças públicas";"Cide - combustíveis  - receita líquida";"Cide - combustíveis  - receita líquida";"Não oculta";"Intranet";0;0;0;"Incluída em 02/set/2003 .";NA;"SRF12";"Intranet";"Macro"
"10792";"DIEESE_ICVSPDG";70;161;"Inativa";"Dieese1";"Preços";"Inflação - ICV-SP";"Inflação - ICV-SP";"Não oculta";"Internet";10;0;0;"Incluída em 10/set/2003 .";"Gerada";"DIEESE";"Internet";"Macro"
"10793";"FIPE_FIPE0001";202;51;"Ativa";"Fipe";"Preços";"Inflação - IPC (FIPE)";"Inflação - IPC (FIPE)";"Não oculta";"Internet";5;0;0;"Incluída em 10/set/2003 .";"Gerada";"FIPE";"Internet";"Macro"
"10794";"PRECOS_INPCBR";389;14;"Ativa";"IBGE/SNIPC";"Preços";"Inflação - INPC";"Inflação: INPC";"Não oculta";"Internet";15;0;0;"Incluída em 10/set/2003 .";"Gerada";"PRECOS";"Internet";"Macro"
"10795";"PRECOS_IPCAG";1551;3;"Ativa";"IBGE/SNIPC";"Preços";"Inflação - IPCA";"Inflação: IPCA";"Não oculta";"Internet";370;0;0;"Incluída em 10/set/2003 .";"Gerada";"PRECOS";"Internet";"Macro"
"10796";"AEAGP";244;4;"Ativa";"IBGE";"Agropecuária";"Utilização das terras - Área do Estabelecimento- Total";"Utilização das terras - Área do Estabelecimento- Total";"Não oculta";"Internet";NA;0;0;NA;NA;"AEAGP";"Internet";"Regional"
"10797";"BENS";47;28;"Ativa";"IBGE";"Agropecuária";"Valor dos bens - agropecuária  - total";"Valor dos bens - agropecuária  - total";"Não oculta";"Internet";NA;0;0;NA;NA;"BENS";"Internet";"Regional"
"10798";"DETOT";51;24;"Ativa";"IBGE";"Agropecuária";"Despesas no ano - agropecuária - total";"Despesas no ano - agropecuária - total";"Não oculta";"Internet";NA;0;0;NA;NA;"DETOT";"Internet";"Regional"
"10799";"EMPAG";67;19;"Ativa";"IBGE";"Agropecuária";"Pessoal ocupado - agropecuária - total";"Pessoal ocupado - agropecuária - total";"Não oculta";"Internet";NA;0;0;NA;NA;"EMPAG";"Internet";"Regional"
"10800";"FLONAT";51;24;"Ativa";"IBGE";"Agropecuária";"Utilização das terras - matas e florestas naturais - área";"Utilização das terras - matas e florestas naturais - área";"Não oculta";"Internet";NA;0;0;NA;NA;"FLONAT";"Internet";"Regional"
"10801";"FLOPLA";46;29;"Ativa";"IBGE";"Agropecuária";"Utilização das terras - matas plantadas (artificiais) - área";"Utilização das terras - matas plantadas (artificiais) - área";"Não oculta";"Internet";NA;0;0;NA;NA;"FLOPLA";"Internet";"Regional"
"10802";"IMOVEL";18;49;"Ativa";"IBGE";"Agropecuária";"Valor dos bens - terras (próprias, arrendadas ou ocupadas )";"Valor dos bens - terras (próprias, arrendadas ou ocupadas )";"Não oculta";"Internet";NA;0;0;NA;NA;"IMOVEL";"Internet";"Regional"
"10803";"INVTOT";87;14;"Ativa";"IBGE";"Agropecuária";"Investimentos realizados no ano - agropecuária - total";"Investimentos realizados no ano - agropecuária - total";"Não oculta";"Internet";NA;0;0;NA;NA;"INVTOT";"Internet";"Regional"
"10804";"IRRIG";20;46;"Ativa";"IBGE";"Agropecuária";"Terras irrigadas no ano - total da area irrigada - área";"Terras irrigadas no ano - total da area irrigada - área";"Não oculta";"Internet";NA;0;0;NA;NA;"IRRIG";"Internet";"Regional"
"10805";"LAPER";81;16;"Ativa";"IBGE";"Agropecuária";"Utilização das terras - lavouras permanentes - área";"Utilização das terras - lavouras permanentes - área";"Não oculta";"Internet";NA;0;0;NA;NA;"LAPER";"Internet";"Regional"
"10806";"LATEM";60;21;"Ativa";"IBGE";"Agropecuária";"Utilização das terras - lavouras temporarias - área";"Utilização das terras - lavouras temporarias - área";"Não oculta";"Internet";NA;0;0;NA;NA;"LATEM";"Internet";"Regional"
"10807";"NEAR";14;51;"Ativa";"IBGE";"Agropecuária";"Produtor - condição do produtor em relação as terras do estabelecimento agropecuário - arrendatário ";"Produtor - condição do produtor em relação as terras do estabelecimento agropecuário - arrendatário por uma quantia fixa";"Não oculta";"Internet";NA;0;0;NA;NA;"NEAR";"Internet";"Regional"
"10808";"NEOC";8;52;"Ativa";"IBGE";"Agropecuária";"Produtor - condição do produtor em relação as terras do estabelecimento agropecuário - ocupante";"Produtor - condição do produtor em relação as terras do estabelecimento agropecuário - ocupante";"Não oculta";"Internet";NA;0;0;NA;NA;"NEOC";"Internet";"Regional"
"10809";"NEPA";5;53;"Ativa";"IBGE";"Agropecuária";"Produtor - condição do produtor em relação as terras do estabelecimento agropecuário - parceiro (mee";"Produtor - condição do produtor em relação as terras do estabelecimento agropecuário - parceiro (meeiro, terceiro, quartista, etc.)";"Não oculta";"Internet";NA;0;0;NA;NA;"NEPA";"Internet";"Regional"
"10810";"NEPR";4;54;"Ativa";"IBGE";"Agropecuária";"Produtor - condição do produtor em relação as terras do estabelecimento agropecuário - proprietário";"Produtor - condição do produtor em relação as terras do estabelecimento agropecuário - proprietário";"Não oculta";"Internet";NA;0;0;NA;NA;"NEPR";"Internet";"Regional"
"10811";"NESTAB";102;11;"Ativa";"IBGE";"Agropecuária";"Utilização das terras - Estabelecimentos Agropecuários- Total";"Utilização das terras - Estabelecimentos Agropecuários- Total";"Não oculta";"Internet";NA;0;0;NA;NA;"NESTAB";"Internet";"Regional"
"10812";"PASNAT";37;31;"Ativa";"IBGE";"Agropecuária";"Utilização das terras - pastagens naturais - área";"Utilização das terras - pastagens naturais - área";"Não oculta";"Internet";NA;0;0;NA;NA;"PASNAT";"Internet";"Regional"
"10813";"PASPLA";37;31;"Ativa";"IBGE";"Agropecuária";"Utilização das terras - pastagens plantadas (artificiais) - área";"Utilização das terras - pastagens plantadas (artificiais) - área";"Não oculta";"Internet";NA;0;0;NA;NA;"PASPLA";"Internet";"Regional"
"10814";"PEOCO";45;30;"Ativa";"IBGE";"Agropecuária";"Pessoal ocupado - agropecuária - outros";"Pessoal ocupado - agropecuária - outros";"Não oculta";"Internet";NA;0;0;NA;NA;"PEOCO";"Internet";"Regional"
"10815";"RESFAM";19;47;"Ativa";"IBGE";"Agropecuária";"Pessoal ocupado - agropecuária - responsáveis e membros da família";"Pessoal ocupado - agropecuária - responsáveis e membros da família";"Não oculta";"Internet";NA;0;0;NA;NA;"RESFAM";"Internet";"Regional"
"10816";"RTEAG";65;20;"Ativa";"IBGE";"Agropecuária";"Receitas no ano - agropecuária -  total";"Receitas no ano - agropecuária -  total";"Não oculta";"Internet";NA;0;0;NA;NA;"RTEAG";"Internet";"Regional"
"10817";"TEDESC";23;41;"Ativa";"IBGE";"Agropecuária";"Utilização das terras - terras das lavouras temporárias em descanso - área";"Utilização das terras - terras das lavouras temporárias em descanso - área";"Não oculta";"Internet";NA;0;0;NA;NA;"TEDESC";"Internet";"Regional"
"10818";"TENUT";59;22;"Ativa";"IBGE";"Agropecuária";"Utilização das terras - terras produtivas nao utilizadas - área";"Utilização das terras - terras produtivas nao utilizadas - área";"Não oculta";"Internet";NA;0;0;NA;NA;"TENUT";"Internet";"Regional"
"10819";"TERAR";29;36;"Ativa";"IBGE";"Agropecuária";"Área do estabelecimento - terras arrendadas";"Área do estabelecimento - terras arrendadas";"Não oculta";"Internet";NA;0;0;NA;NA;"TERAR";"Internet";"Regional"
"10820";"TEROC";36;33;"Ativa";"IBGE";"Agropecuária";"Área do estabelecimento - terras ocupadas";"Área do estabelecimento - terras ocupadas";"Não oculta";"Internet";NA;0;0;NA;NA;"TEROC";"Internet";"Regional"
"10821";"TERPA";22;43;"Ativa";"IBGE";"Agropecuária";"Área do estabelecimento - terras em parceira";"Área do estabelecimento - terras em parceira";"Não oculta";"Internet";NA;0;0;NA;NA;"TERPA";"Internet";"Regional"
"10822";"TERPR";21;45;"Ativa";"IBGE";"Agropecuária";"Área do estabelecimento - terras proprias";"Área do estabelecimento - terras proprias";"Não oculta";"Internet";NA;0;0;NA;NA;"TERPR";"Internet";"Regional"
"10823";"TINAP";49;26;"Ativa";"IBGE";"Agropecuária";"Utilização das terras - terras inaproveitáveis - área";"Utilização das terras - terras inaproveitáveis - área";"Não oculta";"Internet";NA;0;0;NA;NA;"TINAP";"Internet";"Regional"
"10824";"TRATOT";31;34;"Ativa";"IBGE";"Agropecuária";"Total de tratores existentes nos estabelecimentos agropecuários";"Total de tratores existentes nos estabelecimentos agropecuários";"Não oculta";"Internet";NA;0;0;NA;NA;"TRATOT";"Internet";"Regional"
"10825";"VNAGP";82;15;"Ativa";"IBGE";"Agropecuária";"Valor da produção da agropecuária (exclusive industria rural)";"Valor da produção da agropecuária (exclusive industria rural)";"Não oculta";"Internet";NA;0;0;NA;NA;"VNAGP";"Internet";"Regional"
"10826";"IGP_ICVRJG";74;150;"Inativa";"FGV/Conj. Econ. - IGP";"Preços";"Inflação - IPC-RJ";"Inflação - IPC-RJ";"Não oculta";"Internet";5;0;0;"Incluída em 10/set/2003 .";"Gerada";"IGP";"Internet";"Macro"
"10827";"IGP_IGPDIG";716;6;"Ativa";"FGV/Conj. Econ. - IGP";"Preços";"Inflação - IGP-DI";"Inflação - IGP-DI";"Não oculta";"Internet";10;0;0;"Incluída em 10/set/2003 .";"Gerada";"IGP";"Internet";"Macro"
"10828";"IGP_IGPMG";565;9;"Ativa";"FGV/Conj. Econ. - IGP";"Preços";"Inflação - IGP-M";"Inflação - IGP-M";"Não oculta";"Internet";0;0;0;"Incluída em 10/set/2003 .";"Gerada";"IGP";"Internet";"Macro"
"10829";"IGP_IGPOGG";17;594;"Ativa";"FGV/Conj. Econ. - IGP";"Preços";"Inflação - IGP-OG";"Inflação - IGP-OG";"Não oculta";"Internet";10;0;0;"Incluída em 10/set/2003 .";"Gerada";"IGP";"Internet";"Macro"
"10830";"IGP_INCCG";84;128;"Ativa";"FGV/Conj. Econ. - IGP";"Preços";"Inflação - INCC";"Inflação - INCC";"Não oculta";"Internet";10;0;0;"Incluída em 10/set/2003 .";"Gerada";"IGP";"Internet";"Macro"
"10831";"IGP_IPADIG";91;115;"Ativa";"FGV/Conj. Econ. - IGP";"Preços";"Inflação - IPA-EP-DI";"Inflação - IPA-EP";"Não oculta";"Internet";10;0;0;"Incluída em 10/set/2003 .";"Gerada";"IGP";"Internet";"Macro"
"10832";"IGP_IPAOGG";13;708;"Inativa";"FGV/Conj. Econ. - IGP";"Preços";"Inflação - IPA origem";"Inflação - IPA origem";"Oculta";"Internet";30;0;0;"Incluída em 10/set/2003 .";"Gerada";"IGP";"Oculta";"Macro"
"10833";"IGP_IPCG";162;66;"Ativa";"FGV/Conj. Econ. - IGP";"Preços";"Inflação - IPC (FGV)";"Inflação - IPC (FGV)";"Não oculta";"Internet";10;0;0;"Incluída em 10/set/2003 .";"Gerada";"IGP";"Internet";"Macro"
"10834";"MPAS12_PREVT12";27;457;"Inativa";"MPS";"Finanças públicas";"Fluxo de caixa da previdência - recebimentos - total";"Fluxo de caixa da previdência social - recebimentos - total";"Não oculta";"Internet";45;0;0;"Incluída em 20/set/2003 .";NA;"MPAS12";"Internet";"Macro"
"10835";"MPAS12_RPRESS12";2;1480;"Inativa";"MPS";"Finanças públicas";"Fluxo de caixa da previdência - recebimentos - próprios - Ressarcimento de Arrecadação";"Fluxo de caixa da previdência social - recebimentos - próprios - Ressarcimento de Arrecadação";"Não oculta";"Internet";45;0;0;"Incluída em 20/set/2003 .";NA;"MPAS12";"Internet";"Macro"
"10836";"MPAS12_DINSST12";55;231;"Inativa";"MPS";"Finanças públicas";"Fluxo de caixa da previdência - despesas - INSS - Total";"Fluxo de caixa da previdência social - despesas - INSS - Total";"Não oculta";"Internet";45;0;0;"Incluída em 20/set/2003 .";NA;"MPAS12";"Internet";"Macro"
"10837";"MORT5";122;29;"Ativa";"IPEA";"Demografia";"Mortalidade até cinco anos de idade (por mil nascidos vivos)";"Mortalidade até cinco anos de idade (por mil nascidos vivos)";"Não oculta";"Internet";NA;0;0;NA;NA;"MORT5";"Internet";"Social"
"10838";"SOBRE40";34;94;"Ativa";"IPEA";"Demografia";"Probabilidade de sobrevivência até 40 anos";"Probabilidade de sobrevivência até 40 anos";"Não oculta";"Internet";NA;0;0;NA;NA;"SOBRE40";"Internet";"Social"
"10839";"SOBRE60";76;46;"Ativa";"IPEA";"Demografia";"Probabilidade de sobrevivência até 60 anos";"Probabilidade de sobrevivência até 60 anos";"Não oculta";"Internet";NA;0;0;NA;NA;"SOBRE60";"Internet";"Social"
"10840";"FECTOT";122;29;"Ativa";"IPEA";"Demografia";"Taxa de fecundidade";"Taxa de fecundidade";"Não oculta";"Internet";NA;0;0;NA;NA;"FECTOT";"Internet";"Social"
"10841";"MFRE714";46;72;"Ativa";"IPEA";"Educação";"Freqüencia escolar - pessoas 7 a 14 anos";"Freqüencia escolar - pessoas 7 a 14 anos";"Não oculta";"Internet";NA;0;0;NA;NA;"MFRE714";"Internet";"Social"
"10842";"M714ANF";75;47;"Ativa";"IPEA";"Educação";"Analfabetos - pessoas 7 a 14 anos";"Analfabetos - pessoas 7 a 14 anos";"Não oculta";"Internet";NA;0;0;NA;NA;"M714ANF";"Internet";"Social"
"10843";"MATRAS1";65;51;"Ativa";"IPEA";"Educação";"Defasagem escolar - mais de 1 ano atraso - pessoas 7 a 14 anos";"Defasagem escolar - mais de 1 ano atraso - pessoas 7 a 14 anos";"Não oculta";"Internet";NA;0;0;NA;NA;"MATRAS1";"Internet";"Social"
"10844";"M15MANF";155;19;"Ativa";"IPEA";"Educação";"Analfabetos - pessoas 15 anos e mais";"Analfabetos - pessoas 15 anos e mais";"Não oculta";"Internet";NA;0;0;NA;NA;"M15MANF";"Internet";"Social"
"10845";"MEDUCA";141;22;"Ativa";"IPEA";"Educação";"Anos de estudo - média - pessoas 25 anos e mais";"Anos de estudo - média - pessoas 25 anos e mais";"Não oculta";"Internet";NA;0;0;NA;NA;"MEDUCA";"Internet";"Social"
"10846";"M25MANF";141;22;"Ativa";"IPEA";"Educação";"Analfabetos - pessoas 25 anos e mais";"Analfabetos - pessoas 25 anos e mais";"Não oculta";"Internet";NA;0;0;NA;NA;"M25MANF";"Internet";"Social"
"10847";"MATE43";64;52;"Ativa";"IPEA";"Educação";"Anos de estudo - menos de 4 - pessoas 25 anos e mais";"Anos de estudo - menos de 4 - pessoas 25 anos e mais";"Não oculta";"Internet";NA;0;0;NA;NA;"MATE43";"Internet";"Social"
"10848";"MATE83";55;58;"Ativa";"IPEA";"Educação";"Anos de estudo - menos de 8 - pessoas 25 anos e mais";"Anos de estudo - menos de 8 - pessoas 25 anos e mais";"Não oculta";"Internet";NA;0;0;NA;NA;"MATE83";"Internet";"Social"
"10849";"MMAIS113";86;39;"Ativa";"IPEA";"Educação";"Anos de estudo - mais de 11 - pessoas 25 anos e mais";"Anos de estudo - mais de 11 - pessoas 25 anos e mais";"Não oculta";"Internet";NA;0;0;NA;NA;"MMAIS113";"Internet";"Social"
"10850";"M_SAL";577;4;"Ativa";"IPEA";"Renda";"Renda per capita";"Renda per capita";"Não oculta";"Internet";NA;0;0;NA;NA;"M";"Internet";"Social"
"10851";"PORTRAF";81;42;"Ativa";"IPEA";"Renda";"Renda - de transferências governamentais";"Renda - de transferências governamentais";"Não oculta";"Internet";NA;0;0;NA;NA;"PORTRAF";"Internet";"Social"
"10852";"PORTRAB";136;27;"Ativa";"IPEA";"Renda";"Renda - rendimentos do trabalho";"Renda - rendimentos do trabalho";"Não oculta";"Internet";NA;0;0;NA;NA;"PORTRAB";"Internet";"Social"
"10853";"M50PTRA";41;79;"Ativa";"IPEA";"Renda";"Renda - de transferências governamentais - mais de 50% da renda total";"Renda - de transferências governamentais - mais de 50% da renda total";"Não oculta";"Internet";NA;0;0;NA;NA;"M50PTRA";"Internet";"Social"
"10854";"P20ME";34;94;"Ativa";"IPEA";"Renda";"Renda domiciliar - participação por quintil - 1º";"Renda domiciliar - participação por quintil - 1º";"Não oculta";"Internet";NA;0;0;NA;NA;"P20ME";"Internet";"Social"
"10855";"P40ME";46;72;"Ativa";"IPEA";"Renda";"Renda domiciliar - participação dos 40% mais pobres";"Renda domiciliar - participação dos 40% mais pobres";"Não oculta";"Internet";NA;0;0;NA;NA;"P40ME";"Internet";"Social"
"10856";"P60ME";28;105;"Ativa";"IPEA";"Renda";"Renda domiciliar - participação dos 60% mais pobres";"Renda domiciliar - participação dos 60% mais pobres";"Não oculta";"Internet";NA;0;0;NA;NA;"P60ME";"Internet";"Social"
"10857";"P80ME";32;98;"Ativa";"IPEA";"Renda";"Renda domiciliar - participação dos 80% mais pobres";"Renda domiciliar - participação dos 80% mais pobres";"Não oculta";"Internet";NA;0;0;NA;NA;"P80ME";"Internet";"Social"
"10858";"P20RICO";21;111;"Ativa";"IPEA";"Renda";"Renda domiciliar - participação por quintil - 5º";"Renda domiciliar - participação por quintil - 5º";"Não oculta";"Internet";NA;0;0;NA;NA;"P20RICO";"Internet";"Social"
"10859";"P10RICO";38;87;"Ativa";"IPEA";"Renda";"Renda domiciliar - participação por decil - 10º";"Renda domiciliar - participação por decil - 10º";"Não oculta";"Internet";NA;0;0;NA;NA;"P10RICO";"Internet";"Social"
"10860";"RM1QUI";52;63;"Ativa";"IPEA";"Renda";"Renda domiciliar - per capita - média do quintil - 1º";"Renda domiciliar - per capita - média do quintil - 1º";"Não oculta";"Internet";NA;0;0;NA;NA;"RM1QUI";"Internet";"Social"
"10861";"RM2QUI";34;94;"Ativa";"IPEA";"Renda";"Renda domiciliar - per capita - média do quintil - 2º";"Renda domiciliar - per capita - média do quintil - 2º";"Não oculta";"Internet";NA;0;0;NA;NA;"RM2QUI";"Internet";"Social"
"10862";"RM3QUI";40;84;"Ativa";"IPEA";"Renda";"Renda domiciliar - per capita - média do quintil - 3º";"Renda domiciliar - per capita - média do quintil - 3º";"Não oculta";"Internet";NA;0;0;NA;NA;"RM3QUI";"Internet";"Social"
"10863";"RM4QUI";35;92;"Ativa";"IPEA";"Renda";"Renda domiciliar - per capita - média do quintil - 4º";"Renda domiciliar - per capita - média do quintil - 4º";"Não oculta";"Internet";NA;0;0;NA;NA;"RM4QUI";"Internet";"Social"
"10864";"RM5QUI";41;79;"Ativa";"IPEA";"Renda";"Renda domiciliar - per capita - média do quintil - 5º";"Renda domiciliar - per capita - média do quintil - 5º";"Não oculta";"Internet";NA;0;0;NA;NA;"RM5QUI";"Internet";"Social"
"10865";"RMED10";41;79;"Ativa";"IPEA";"Renda";"Renda domiciliar - per capita - média do decil - 10º";"Renda domiciliar - per capita - média do decil - 10º";"Não oculta";"Internet";NA;0;0;NA;NA;"RMED10";"Internet";"Social"
"10866";"R1040";77;45;"Ativa";"IPEA";"Renda";"Renda - razão entre a renda dos 10% mais ricos e 40% mais pobres";"Renda - razão entre a renda dos 10% mais ricos e 40% mais pobres";"Não oculta";"Internet";NA;0;0;NA;NA;"R1040";"Internet";"Social"
"10867";"R2040";44;77;"Ativa";"IPEA";"Renda";"Renda - razão entre a renda dos 20% mais ricos e 40% mais pobres";"Renda - razão entre a renda dos 20% mais ricos e 40% mais pobres";"Não oculta";"Internet";NA;0;0;NA;NA;"R2040";"Internet";"Social"
"10868";"THEIL_L";56;57;"Ativa";"IPEA";"Renda";"Renda - desigualdade - índice L de Theil";"Renda - desigualdade - índice L de Theil";"Não oculta";"Internet";NA;0;0;NA;NA;"THEIL";"Internet";"Social"
"10869";"MA0";268;12;"Ativa";"IPEA";"Renda";"Pobreza - pessoas indigentes (P0)";"Pobreza - pessoas indigentes (P0)";"Não oculta";"Internet";NA;0;0;NA;NA;"MA0";"Internet";"Social"
"10870";"MP0";430;5;"Ativa";"IPEA";"Renda";"Pobreza - pessoas pobres (P0)";"Pobreza - pessoas pobres (P0)";"Não oculta";"Internet";NA;0;0;NA;NA;"MP0";"Internet";"Social"
"10871";"MA0C";52;63;"Ativa";"IPEA";"Renda";"Pobreza - pessoas indigentes (P0) - 0 a 14 anos";"Pobreza - pessoas indigentes (P0) - 0 a 14 anos";"Não oculta";"Internet";NA;0;0;NA;NA;"MA0C";"Internet";"Social"
"10872";"MP0C";46;72;"Ativa";"IPEA";"Renda";"Pobreza - pessoas pobres (P0) - 0 a 14 anos";"Pobreza - pessoas pobres (P0) - 0 a 14 anos";"Não oculta";"Internet";NA;0;0;NA;NA;"MP0C";"Internet";"Social"
"10873";"MFAMUNI";21;111;"Ativa";"IPEA";"Demografia";"Pessoas 65 anos ou mais - morando sozinhas";"Pessoas 65 anos ou mais - morando sozinhas";"Não oculta";"Internet";NA;0;0;NA;NA;"MFAMUNI";"Internet";"Social"
"10874";"MRD75";12;133;"Ativa";"IPEA";"Demografia";"Pessoas em famílias - com razão de dependência maior 75%";"Pessoas em famílias - com razão de dependência maior 75%";"Não oculta";"Internet";NA;0;0;NA;NA;"MRD75";"Internet";"Social"
"10875";"MFAMMULF";61;53;"Ativa";"IPEA";"Saúde";"Mulheres chefes de família, sem cônjuge e com filhos menores de 15 anos";"Mulheres chefes de família, sem cônjuge e com filhos menores de 15 anos";"Não oculta";"Internet";NA;0;0;NA;NA;"MFAMMULF";"Internet";"Social"
"10876";"M1014CF";53;61;"Ativa";"IPEA";"Demografia";"Pessoas 10 e 14 anos - mulheres com filhos";"Pessoas 10 e 14 anos - mulheres com filhos";"Não oculta";"Internet";NA;0;0;NA;NA;"M1014CF";"Internet";"Social"
"10877";"M1517CF";38;87;"Ativa";"IPEA";"Demografia";"Pessoas 15 e 17 anos - mulheres com filhos";"Pessoas 15 e 17 anos - mulheres com filhos";"Não oculta";"Internet";NA;0;0;NA;NA;"M1517CF";"Internet";"Social"
"10878";"MOCUP";16;121;"Ativa";"IPEA";"Educação";"Evasão escolar - pessoas 10 a 14 anos - trabalhando";"Evasão escolar - pessoas 10 a 14 anos - trabalhando";"Não oculta";"Internet";NA;0;0;NA;NA;"MOCUP";"Internet";"Social"
"10879";"M45FORA";18;119;"Ativa";"IPEA";"Educação";"Evasão escolar - pessoas 4 a 5 anos - fora da escola";"Evasão escolar - pessoas 4 a 5 anos - fora da escola";"Não oculta";"Internet";NA;0;0;NA;NA;"M45FORA";"Internet";"Social"
"10880";"M56FORA";19;115;"Ativa";"IPEA";"Educação";"Evasão escolar - pessoas 5 a 6 anos - fora da escola";"Evasão escolar - pessoas 5 a 6 anos - fora da escola";"Não oculta";"Internet";NA;0;0;NA;NA;"M56FORA";"Internet";"Social"
"10881";"M714FORA";31;100;"Ativa";"IPEA";"Educação";"Evasão escolar - pessoas 7 a 14 anos - fora da escola";"Evasão escolar - pessoas 7 a 14 anos - fora da escola";"Não oculta";"Internet";NA;0;0;NA;NA;"M714FORA";"Internet";"Social"
"10882";"M1014FORA";39;85;"Ativa";"IPEA";"Educação";"Evasão escolar - pessoas 10 a 14 anos - fora da escola";"Evasão escolar - pessoas 10 a 14 anos - fora da escola";"Não oculta";"Internet";NA;0;0;NA;NA;"M1014FORA";"Internet";"Social"
"10883";"M1517FORA";54;60;"Ativa";"IPEA";"Educação";"Evasão escolar - pessoas 15 a 17 anos - fora da escola";"Evasão escolar - pessoas 15 a 17 anos - fora da escola";"Não oculta";"Internet";NA;0;0;NA;NA;"M1517FORA";"Internet";"Social"
"10884";"MENFER";70;50;"Ativa";"IPEA";"Saúde";"Enfermeiros residentes com curso superior";"Enfermeiros residentes com curso superior";"Não oculta";"Internet";NA;0;0;NA;NA;"MENFER";"Internet";"Social"
"10885";"MEDHAB";150;21;"Ativa";"IPEA";"Saúde";"Médicos residentes (por mil habitantes)";"Médicos residentes (por mil habitantes)";"Não oculta";"Internet";NA;0;0;NA;NA;"MEDHAB";"Internet";"Social"
"10886";"MPROF";45;76;"Ativa";"IPEA";"Demografia";"Professores do fundamental residentescom curso superior";"Professores do fundamental residentescom curso superior";"Não oculta";"Internet";NA;0;0;NA;NA;"MPROF";"Internet";"Social"
"10887";"AGUA";184;16;"Ativa";"IPEA";"Habitação";"Domicílios - com água encanada - pessoas";"Domicílios - com água encanada - pessoas";"Não oculta";"Internet";NA;0;0;NA;NA;"AGUA";"Internet";"Social"
"10888";"BANAGUA";48;69;"Ativa";"IPEA";"Habitação";"Domicílios - com água encanada e banheiro - pessoas";"Domicílios - com água encanada e banheiro - pessoas";"Não oculta";"Internet";NA;0;0;NA;NA;"BANAGUA";"Internet";"Social"
"10889";"LIXO";60;54;"Ativa";"IPEA";"Habitação";"Domicílios - com serviço de coleta de lixo - pessoas";"Domicílios - com serviço de coleta de lixo - pessoas";"Não oculta";"Internet";NA;0;0;NA;NA;"LIXO";"Internet";"Social"
"10890";"LUZ";106;34;"Ativa";"IPEA";"Habitação";"Domicílios - com energia elétrica - pessoas";"Domicílios - com energia elétrica - pessoas";"Não oculta";"Internet";NA;0;0;NA;NA;"LUZ";"Internet";"Social"
"10891";"TV";36;90;"Ativa";"IPEA";"Habitação";"Domicílios - com energia elétrica e televisão - pessoas";"Domicílios - com energia elétrica e televisão - pessoas";"Não oculta";"Internet";NA;0;0;NA;NA;"TV";"Internet";"Social"
"10892";"FONE";47;70;"Ativa";"IPEA";"Habitação";"Domicílios - com telefone - pessoas";"Domicílios - com telefone - pessoas";"Não oculta";"Internet";NA;0;0;NA;NA;"FONE";"Internet";"Social"
"10893";"CARRO";52;63;"Ativa";"IPEA";"Habitação";"Domicílios - com carro - pessoas";"Domicílios - com carro - pessoas";"Não oculta";"Internet";NA;0;0;NA;NA;"CARRO";"Internet";"Social"
"10894";"GELA";22;110;"Ativa";"IPEA";"Habitação";"Domicílios - com energia elétrica e geladeira - pessoas";"Domicílios - com energia elétrica e geladeira - pessoas";"Não oculta";"Internet";NA;0;0;NA;NA;"GELA";"Internet";"Social"
"10895";"BEMS";16;121;"Ativa";"IPEA";"Habitação";"Domicílios - com pelo menos 3 dos bens duráveis - pessoas";"Domicílios - com pelo menos 3 dos bens duráveis - pessoas";"Não oculta";"Internet";NA;0;0;NA;NA;"BEMS";"Internet";"Social"
"10896";"COMPU";50;68;"Ativa";"IPEA";"Habitação";"Domicílios - com computador - pessoas";"Domicílios - com computador - pessoas";"Não oculta";"Internet";NA;0;0;NA;NA;"COMPU";"Internet";"Social"
"10897";"SUB";41;79;"Ativa";"IPEA";"Habitação";"Domicílios - subnormais - pessoas";"Domicílios - subnormais - pessoas";"Não oculta";"Internet";NA;0;0;NA;NA;"SUB";"Internet";"Social"
"10898";"DENS";20;113;"Ativa";"IPEA";"Habitação";"Domicílios - com densidade acima de 2 pessoas por dormitório - pessoas";"Domicílios - com densidade acima de 2 pessoas por dormitório - pessoas";"Não oculta";"Internet";NA;0;0;NA;NA;"DENS";"Internet";"Social"
"10899";"INMOVEL";23;109;"Ativa";"IPEA";"Habitação";"Domicílios - com terreno próprio e quitado - pessoas";"Domicílios - com terreno próprio e quitado - pessoas";"Não oculta";"Internet";NA;0;0;NA;NA;"INMOVEL";"Internet";"Social"
"10900";"PESOTOT";257;13;"Ativa";"IPEA";"Demografia";"População";"População";"Não oculta";"Internet";NA;0;0;NA;NA;"PESOTOT";"Internet";"Social"
"10901";"PESORUR";93;37;"Ativa";"IPEA";"Demografia";"População rural";"População rural";"Não oculta";"Internet";NA;0;0;NA;NA;"PESORUR";"Internet";"Social"
"10902";"PESOURB";119;31;"Ativa";"IPEA";"Demografia";"População urbana";"População urbana";"Não oculta";"Internet";NA;0;0;NA;NA;"PESOURB";"Internet";"Social"
"10903";"PESO15";19;115;"Ativa";"IPEA";"Demografia";"Pessoas 15 anos e mais";"Pessoas 15 anos e mais";"Não oculta";"Internet";NA;0;0;NA;NA;"PESO15";"Internet";"Social"
"10904";"PESO25";25;108;"Ativa";"IPEA";"Demografia";"Pessoas 25 anos e mais";"Pessoas 25 anos e mais";"Não oculta";"Internet";NA;0;0;NA;NA;"PESO25";"Internet";"Social"
"10905";"IDH_M";1075;2;"Ativa";"IPEA";"IDHm2000";"Índice de Desenvolvimento Humano Municipal-ed 2003";"Índice de Desenvolvimento Humano Municipal-ed 2003";"Não oculta";"Internet";NA;0;0;NA;NA;"IDH";"Internet";"Social"
"10906";"IDHRM";286;9;"Ativa";"IPEA";"IDHm2000";"Índice de Desenvolvimento Humano Municipal - Dimensão Renda-ed 2003";"Índice de Desenvolvimento Humano Municipal - Dimensão Renda-ed 2003";"Não oculta";"Internet";NA;0;0;NA;NA;"IDHRM";"Internet";"Social"
"10907";"IDHLM";184;16;"Ativa";"IPEA";"IDHm2000";"Índice de Desenvolvimento Humano Municipal  - Dimensão Longevidade-ed 2003";"Índice de Desenvolvimento Humano Municipal  - Dimensão Longevidade-ed 2003";"Não oculta";"Internet";NA;0;0;NA;NA;"IDHLM";"Internet";"Social"
"10908";"IDHEM";270;11;"Ativa";"IPEA";"IDHm2000";"Índice de Desenvolvimento Humano Municipal - Dimensão Educação-ed 2003";"Índice de Desenvolvimento Humano Municipal - Dimensão Educação-ed 2003";"Não oculta";"Internet";NA;0;0;NA;NA;"IDHEM";"Internet";"Social"
"10909";"FREQIDH";33;97;"Ativa";"IPEA";"Educação";"Freqüencia escolar - pessoas 7 a 22 anos";"Freqüencia escolar - pessoas 7 a 22 anos";"Não oculta";"Internet";NA;0;0;NA;NA;"FREQIDH";"Internet";"Social"
"10910";"ALFIDH";101;36;"Ativa";"IPEA";"Educação";"Alfabetizados - pessoas 15 anos e mais";"Alfabetizados - pessoas 15 anos e mais";"Não oculta";"Internet";NA;0;0;NA;NA;"ALFIDH";"Internet";"Social"
"10911";"PNADC4_TPART4";NA;NA;"Inativa";"IBGE/PNAD Contínua";"Emprego";"Taxa de participação na força de trabalho";"Taxa de participação na força de trabalho das pessoas de 14 anos ou mais de idade, na semana de referência";"Oculta";"Internet";30;0;NA;NA;NA;"PNADC4";"Oculta";"Social"
"10912";"PNADC4_NOCUP4";NA;NA;"Inativa";"IBGE/PNAD Contínua";"Emprego";"Nível da ocupação";"Nível da ocupação das pessoas de 14 anos ou mais de idade, na semana de referência";"Oculta";"Internet";30;0;NA;NA;NA;"PNADC4";"Oculta";"Social"
"10913";"PNADC4_NDESOC4";NA;NA;"Inativa";"IBGE/PNAD Contínua";"Emprego";"Nível da desocupação";"Nível da desocupação das pessoas de 14 anos ou mais de idade, na semana de referência";"Oculta";"Internet";30;0;NA;NA;NA;"PNADC4";"Oculta";"Social"
"10914";"PNADC4_TDESOC4";NA;NA;"Inativa";"IBGE/PNAD Contínua";"Emprego";"Taxa de desocupação";"Taxa de desocupação das pessoas de 14 anos ou mais de idade, na semana de referência";"Oculta";"Internet";30;0;NA;NA;NA;"PNADC4";"Oculta";"Social"
"10915";"PNADC4_PI4";NA;NA;"Inativa";"IBGE/PNAD Contínua";"Emprego";"Pessoas de 14 anos ou mais de idade";"Pessoas de 14 anos ou mais de idade";"Oculta";"Internet";30;0;NA;NA;NA;"PNADC4";"Oculta";"Social"
"10916";"PGINI";369;21;"Ativa";"IPEA";"Renda";"Renda - desigualdade - coeficiente de Gini";"Renda - desigualdade - coeficiente de Gini";"Não oculta";"Internet";NA;0;0;NA;NA;"PGINI";"Internet";"Social"
"10917";"THEIL_T";68;169;"Ativa";"IPEA";"Renda";"Renda - desigualdade - índice de Theil";"Renda - desigualdade - índice de Theil";"Não oculta";"Internet";NA;0;0;NA;NA;"THEIL";"Internet";"Social"
"10918";"P50ME";32;365;"Ativa";"IPEA";"Renda";"Renda domiciliar - participação dos 50% mais pobres";"Renda domiciliar - participação dos 50% mais pobres";"Não oculta";"Internet";NA;0;0;NA;NA;"P50ME";"Internet";"Social"
"10919";"P10MA";17;594;"Ativa";"IPEA";"Renda";"Renda domiciliar - participação por décimo da população - 10º";"Renda domiciliar - participação por décimo da população - 10º";"Não oculta";"Internet";NA;0;0;NA;NA;"P10MA";"Internet";"Social"
"10920";"PR1040";83;132;"Ativa";"IPEA";"Renda";"Renda - razão entre a dos 10% mais ricos e a dos 40% mais pobres";"Renda - razão entre a dos 10% mais ricos e a dos 40% mais pobres";"Não oculta";"Internet";NA;0;0;NA;NA;"PR1040";"Internet";"Social"
"10921";"R2020";34;342;"Ativa";"IPEA";"Renda";"Renda - razão entre a dos 20% mais ricos e a dos 20% mais pobres";"Renda - razão entre a dos 20% mais ricos e a dos 20% mais pobres";"Não oculta";"Internet";NA;0;0;NA;NA;"R2020";"Internet";"Social"
"10922";"NI";53;229;"Ativa";"IPEA";"Renda";"Número de indivíduos extremamente pobres - Linha de Pobreza Baseada em Necessidades Calóricas";"Número de indivíduos extremamente pobres - Linha de Pobreza Baseada em Necessidades Calóricas";"Não oculta";"Internet";NA;0;0;NA;NA;"NI";"Internet";"Social"
"10923";"D_MA0";107;100;"Ativa";"IPEA";"Renda";"Pobreza - proporção de domicílios extremamente pobres";"Pobreza - proporção de domicílios extremamente pobres";"Não oculta";"Internet";NA;0;0;NA;NA;"D";"Internet";"Social"
"10924";"D_NI";26;432;"Ativa";"IPEA";"Renda";"Pobreza - número de domicílios extremamente pobres";"Pobreza - número de domicílios extremamente pobres";"Não oculta";"Internet";NA;0;0;NA;NA;"D";"Internet";"Social"
"10925";"RIND";21;504;"Ativa";"IPEA";"Renda";"Renda domiciliar per capita - média dos extremamente pobres";"Renda domiciliar per capita - média dos extremamente pobres";"Não oculta";"Internet";NA;0;0;NA;NA;"RIND";"Internet";"Social"
"10926";"NP";69;165;"Ativa";"IPEA";"Renda";"Número de indivíduos pobres - Linha de Pobreza Baseada em Necessidades Calóricas";"Número de indivíduos pobres - Linha de Pobreza Baseada em Necessidades Calóricas";"Não oculta";"Internet";NA;0;0;NA;NA;"NP";"Internet";"Social"
"10927";"D_MP0";122;88;"Ativa";"IPEA";"Renda";"Pobreza - proporção de domicílios pobres";"Pobreza - proporção de domicílios pobres";"Não oculta";"Internet";NA;0;0;NA;NA;"D";"Internet";"Social"
"10928";"D_NP";55;218;"Ativa";"IPEA";"Renda";"Pobreza - número de domicílios pobres";"Pobreza - número de domicílios pobres";"Não oculta";"Internet";NA;0;0;NA;NA;"D";"Internet";"Social"
"10929";"RPOB";29;401;"Ativa";"IPEA";"Renda";"Renda domiciliar per capita - média dos pobres";"Renda domiciliar per capita - média dos pobres";"Não oculta";"Internet";NA;0;0;NA;NA;"RPOB";"Internet";"Social"
"10930";"MRDPC";223;42;"Ativa";"IPEA";"Renda";"Renda domiciliar per capita - média";"Renda domiciliar per capita - média";"Não oculta";"Internet";366;0;0;NA;NA;"MRDPC";"Internet";"Social"
"10931";"RMEDIA1";47;256;"Ativa";"IPEA";"Renda";"Renda domiciliar per capita - média por décimo da população - 1º";"Renda domiciliar per capita - média por décimo da população - 1º";"Não oculta";"Internet";NA;0;0;NA;NA;"RMEDIA1";"Internet";"Social"
"10932";"RMEDIA2";30;386;"Ativa";"IPEA";"Renda";"Renda domiciliar per capita - média por décimo da população - 2º";"Renda domiciliar per capita - média por décimo da população - 2º";"Não oculta";"Internet";NA;0;0;NA;NA;"RMEDIA2";"Internet";"Social"
"10933";"RMEDIA3";25;444;"Ativa";"IPEA";"Renda";"Renda domiciliar per capita - média por décimo da população - 3º";"Renda domiciliar per capita - média por décimo da população - 3º";"Não oculta";"Internet";NA;0;0;NA;NA;"RMEDIA3";"Internet";"Social"
"10934";"RMEDIA4";24;457;"Ativa";"IPEA";"Renda";"Renda domiciliar per capita - média por décimo da população - 4º";"Renda domiciliar per capita - média por décimo da população - 4º";"Não oculta";"Internet";NA;0;0;NA;NA;"RMEDIA4";"Internet";"Social"
"10935";"RMEDIA5";40;293;"Ativa";"IPEA";"Renda";"Renda domiciliar per capita - média por décimo da população - 5º";"Renda domiciliar per capita - média por décimo da população - 5º";"Não oculta";"Internet";NA;0;0;NA;NA;"RMEDIA5";"Internet";"Social"
"10936";"RMEDIA6";32;365;"Ativa";"IPEA";"Renda";"Renda domiciliar per capita - média por décimo da população - 6º";"Renda domiciliar per capita - média por décimo da população - 6º";"Não oculta";"Internet";NA;0;0;NA;NA;"RMEDIA6";"Internet";"Social"
"10937";"RMEDIA7";20;518;"Ativa";"IPEA";"Renda";"Renda domiciliar per capita - média por décimo da população - 7º";"Renda domiciliar per capita - média por décimo da população - 7º";"Não oculta";"Internet";NA;0;0;NA;NA;"RMEDIA7";"Internet";"Social"
"10938";"RMEDIA8";26;432;"Ativa";"IPEA";"Renda";"Renda domiciliar per capita - média por décimo da população - 8º";"Renda domiciliar per capita - média por décimo da população - 8º";"Não oculta";"Internet";NA;0;0;NA;NA;"RMEDIA8";"Internet";"Social"
"10939";"RMEDIA9";21;504;"Ativa";"IPEA";"Renda";"Renda domiciliar per capita - média por décimo da população - 9º";"Renda domiciliar per capita - média por décimo da população - 9º";"Não oculta";"Internet";NA;0;0;NA;NA;"RMEDIA9";"Internet";"Social"
"10940";"RMEDIA10";26;432;"Ativa";"IPEA";"Renda";"Renda domiciliar per capita - média por décimo da população - 10º";"Renda domiciliar per capita - média por décimo da população - 10º";"Não oculta";"Internet";NA;0;0;NA;NA;"RMEDIA10";"Internet";"Social"
"10941";"RMEDIA100";16;619;"Ativa";"IPEA";"Renda";"Renda domiciliar per capita - média do 1% mais rico";"Renda domiciliar per capita - média do 1% mais rico";"Não oculta";"Internet";NA;0;0;NA;NA;"RMEDIA100";"Internet";"Social"
"10942";"PREND1";42;282;"Ativa";"IPEA";"Renda";"Renda domiciliar - participação por décimo da população - 1º";"Renda domiciliar - participação por décimo da população - 1º";"Não oculta";"Internet";NA;0;0;NA;NA;"PREND1";"Internet";"Social"
"10943";"PREND2";33;353;"Ativa";"IPEA";"Renda";"Renda domiciliar - participação por décimo da população - 2º";"Renda domiciliar - participação por décimo da população - 2º";"Não oculta";"Internet";NA;0;0;NA;NA;"PREND2";"Internet";"Social"
"10944";"PREND3";15;639;"Ativa";"IPEA";"Renda";"Renda domiciliar - participação por décimo da população - 3º";"Renda domiciliar - participação por décimo da população - 3º";"Não oculta";"Internet";NA;0;0;NA;NA;"PREND3";"Internet";"Social"
"10945";"PREND4";13;708;"Ativa";"IPEA";"Renda";"Renda domiciliar - participação por décimo da população - 4º";"Renda domiciliar - participação por décimo da população - 4º";"Não oculta";"Internet";NA;0;0;NA;NA;"PREND4";"Internet";"Social"
"10946";"PREND5";12;739;"Ativa";"IPEA";"Renda";"Renda domiciliar - participação por décimo da população - 5º";"Renda domiciliar - participação por décimo da população - 5º";"Não oculta";"Internet";NA;0;0;NA;NA;"PREND5";"Internet";"Social"
"10947";"PREND6";14;680;"Ativa";"IPEA";"Renda";"Renda domiciliar - participação por décimo da população - 6º";"Renda domiciliar - participação por décimo da população - 6º";"Não oculta";"Internet";NA;0;0;NA;NA;"PREND6";"Internet";"Social"
"10948";"PREND7";9;871;"Ativa";"IPEA";"Renda";"Renda domiciliar - participação por décimo da população - 7º";"Renda domiciliar - participação por décimo da população - 7º";"Não oculta";"Internet";NA;0;0;NA;NA;"PREND7";"Internet";"Social"
"10949";"PREND8";10;818;"Ativa";"IPEA";"Renda";"Renda domiciliar - participação por décimo da população - 8º";"Renda domiciliar - participação por décimo da população - 8º";"Não oculta";"Internet";NA;0;0;NA;NA;"PREND8";"Internet";"Social"
"10950";"PREND9";14;680;"Ativa";"IPEA";"Renda";"Renda domiciliar - participação por décimo da população - 9º";"Renda domiciliar - participação por décimo da população - 9º";"Não oculta";"Internet";NA;0;0;NA;NA;"PREND9";"Internet";"Social"
"10951";"HIST_TUN";13;708;"Inativa";"Outras fontes";"Balanço de pagamentos";"Balanço de pagamentos - transferências unilaterais";"Balanço de pagamentos - transferências unilaterais";"Oculta";"Intranet";90;0;1;"Incluída em 07/out/2003 .";NA;"HIST";"Oculta";"Macro"
"10952";"HIST_EROM";4;1216;"Inativa";"Outras fontes";"Balanço de pagamentos";"Balanço de pagamentos - erros e omissões";"Balanço de pagamentos - erros e omissões";"Oculta";"Intranet";90;0;1;"Incluída em 07/out/2003 .";NA;"HIST";"Oculta";"Macro"
"10953";"HIST_MPTG";10;818;"Inativa";"Outras fontes";"Comércio exterior";"Importações - preços - var. anual";"Importações - preços - var. anual";"Oculta";"Internet";90;0;1;"Incluída em 07/out/2003 .";NA;"HIST";"Oculta";"Macro"
"10954";"HIST_XPTG";31;376;"Inativa";"Outras fontes";"Comércio exterior";"Exportações - preços - var. anual";"Exportações - preços - var. anual";"Oculta";"Internet";90;0;1;"Incluída em 07/out/2003 .";NA;"HIST";"Oculta";"Macro"
"10955";"P1MA";37;319;"Ativa";"IPEA";"Renda";"Renda domiciliar - participação do 1% mais rico";"Renda domiciliar - participação do 1% mais rico";"Não oculta";"Internet";NA;0;0;NA;NA;"P1MA";"Internet";"Social"
"10956";"PROPO";69;165;"Ativa";"IPEA";"Renda";"Porcentagem mais pobre da população com renda total igual à do 1% mais rico";"Porcentagem mais pobre da população com renda total igual à do 1% mais rico";"Não oculta";"Internet";NA;0;0;NA;NA;"PROPO";"Internet";"Social"
"10957";"PMA0";112;98;"Ativa";"IPEA";"Renda";"Proporção de extremamente pobres (P0) – Linha de Pobreza Baseada em Necessidades Calóricas";"Proporção de extremamente pobres (P0) – Linha de Pobreza Baseada em Necessidades Calóricas";"Não oculta";"Internet";NA;0;0;NA;NA;"PMA0";"Internet";"Social"
"10958";"PMP0";265;35;"Ativa";"IPEA";"Renda";"Proporção de pobres (P0) – Linha de Pobreza Baseada em Necessidades Calóricas";"Proporção de pobres (P0) – Linha de Pobreza Baseada em Necessidades Calóricas";"Não oculta";"Internet";NA;0;0;NA;NA;"PMP0";"Internet";"Social"
"10959";"ESPVIDAC1";39;85;"Ativa";"IPEA";"Demografia";"Esperança de vida ao nascer - brancos";"Esperança de vida ao nascer - brancos";"Não oculta";"Internet";NA;0;0;NA;NA;"ESPVIDAC1";"Internet";"Social"
"10960";"MORT1C1";13;130;"Ativa";"IPEA";"Demografia";"Mortalidade até um ano de idade (por mil nascidos vivos) - brancos";"Mortalidade até um ano de idade (por mil nascidos vivos) - brancos";"Não oculta";"Internet";NA;0;0;NA;NA;"MORT1C1";"Internet";"Social"
"10961";"MORT5C1";2;202;"Ativa";"IPEA";"Demografia";"Mortalidade até cinco anos de idade (por mil nascidos vivos) - brancos";"Mortalidade até cinco anos de idade (por mil nascidos vivos) - brancos";"Não oculta";"Internet";NA;0;0;NA;NA;"MORT5C1";"Internet";"Social"
"10962";"SOBRE40C1";1;233;"Ativa";"IPEA";"Demografia";"Probabilidade de sobrevivência até 40 anos - brancos";"Probabilidade de sobrevivência até 40 anos - brancos";"Não oculta";"Internet";NA;0;0;NA;NA;"SOBRE40C1";"Internet";"Social"
"10963";"SOBRE60C1";1;233;"Ativa";"IPEA";"Demografia";"Probabilidade de sobrevivência até 60 anos - brancos";"Probabilidade de sobrevivência até 60 anos - brancos";"Não oculta";"Internet";NA;0;0;NA;NA;"SOBRE60C1";"Internet";"Social"
"10964";"FECTOTC1";6;167;"Ativa";"IPEA";"Demografia";"Taxa de fecundidade - brancos";"Taxa de fecundidade - brancos";"Não oculta";"Internet";NA;0;0;NA;NA;"FECTOTC1";"Internet";"Social"
"10965";"MFRE714C1";1;233;"Ativa";"IPEA";"Educação";"Freqüencia escolar - pessoas 7 a 14 anos - brancos";"Freqüencia escolar - pessoas 7 a 14 anos - brancos";"Não oculta";"Internet";NA;0;0;NA;NA;"MFRE714C1";"Internet";"Social"
"10966";"M714ANFC1";1;233;"Ativa";"IPEA";"Educação";"Analfabetos - pessoas 7 a 14 anos - brancos";"Analfabetos - pessoas 7 a 14 anos - brancos";"Não oculta";"Internet";NA;0;0;NA;NA;"M714ANFC1";"Internet";"Social"
"10967";"MATRAS1C1";4;185;"Ativa";"IPEA";"Educação";"Defasagem escolar - mais de 1 ano atraso - pessoas 7 a 14 anos - brancos";"Defasagem escolar - mais de 1 ano atraso - pessoas 7 a 14 anos - brancos";"Não oculta";"Internet";NA;0;0;NA;NA;"MATRAS1C1";"Internet";"Social"
"10968";"M15MANFC1";5;178;"Ativa";"IPEA";"Educação";"Analfabetos - pessoas 15 anos e mais - brancos";"Analfabetos - pessoas 15 anos e mais - brancos";"Não oculta";"Internet";NA;0;0;NA;NA;"M15MANFC1";"Internet";"Social"
"10969";"MEDUCAC1";1;233;"Ativa";"IPEA";"Educação";"Anos de estudo - média - pessoas 25 anos e mais - brancos";"Anos de estudo - média - pessoas 25 anos e mais - brancos";"Não oculta";"Internet";NA;0;0;NA;NA;"MEDUCAC1";"Internet";"Social"
"10970";"M25MANFC1";NA;NA;"Ativa";"IPEA";"Educação";"Analfabetos - pessoas 25 anos e mais -brancos";"Analfabetos - pessoas 25 anos e mais -brancos";"Não oculta";"Internet";NA;0;0;NA;NA;"M25MANFC1";"Internet";"Social"
"10971";"MATE43C1";1;233;"Ativa";"IPEA";"Educação";"Anos de estudo - menos de 4 - pessoas 25 anos e mais - brancos";"Anos de estudo - menos de 4 - pessoas 25 anos e mais - brancos";"Não oculta";"Internet";NA;0;0;NA;NA;"MATE43C1";"Internet";"Social"
"10972";"MATE83C1";NA;NA;"Ativa";"IPEA";"Educação";"Anos de estudo - menos de 8 - pessoas 25 anos e mais - brancos";"Anos de estudo - menos de 8 - pessoas 25 anos e mais - brancos";"Não oculta";"Internet";NA;0;0;NA;NA;"MATE83C1";"Internet";"Social"
"10973";"MMAIS113C1";NA;NA;"Ativa";"IPEA";"Educação";"Anos de estudo - mais de 11 - pessoas 25 anos e mais - brancos";"Anos de estudo - mais de 11 - pessoas 25 anos e mais - brancos";"Não oculta";"Internet";NA;0;0;NA;NA;"MMAIS113C1";"Internet";"Social"
"10974";"M_SALC1";16;121;"Ativa";"IPEA";"Renda";"Renda per capita - brancos";"Renda per capita - brancos";"Não oculta";"Internet";NA;0;0;NA;NA;"M";"Internet";"Social"
"10975";"PORTRAFC1";2;202;"Ativa";"IPEA";"Renda";"Renda - de transferências governamentais - brancos";"Renda - de transferências governamentais - brancos";"Não oculta";"Internet";NA;0;0;NA;NA;"PORTRAFC1";"Internet";"Social"
"10976";"PORTRABC1";5;178;"Ativa";"IPEA";"Renda";"Renda - rendimentos do trabalho - brancos";"Renda - rendimentos do trabalho - brancos";"Não oculta";"Internet";NA;0;0;NA;NA;"PORTRABC1";"Internet";"Social"
"10977";"M50PTRAC1";NA;NA;"Ativa";"IPEA";"Renda";"Renda - de transferências governamentais - mais de 50% da renda total - brancos";"Renda - de transferências governamentais - mais de 50% da renda total - brancos";"Não oculta";"Internet";NA;0;0;NA;NA;"M50PTRAC1";"Internet";"Social"
"10978";"P20MEC1";NA;NA;"Ativa";"IPEA";"Renda";"Renda domiciliar - participação por quintil - 1º - brancos";"Renda domiciliar - participação por quintil - 1º - brancos";"Não oculta";"Internet";NA;0;0;NA;NA;"P20MEC1";"Internet";"Social"
"10979";"P40MEC1";NA;NA;"Ativa";"IPEA";"Renda";"Renda domiciliar - participação dos 40% mais pobres - brancos";"Renda domiciliar - participação dos 40% mais pobres - brancos";"Não oculta";"Internet";NA;0;0;NA;NA;"P40MEC1";"Internet";"Social"
"10980";"P60MEC1";NA;NA;"Ativa";"IPEA";"Renda";"Renda domiciliar - participação dos 60% mais pobres - brancos";"Renda domiciliar - participação dos 60% mais pobres - brancos";"Não oculta";"Internet";NA;0;0;NA;NA;"P60MEC1";"Internet";"Social"
"10981";"P80MEC1";1;233;"Ativa";"IPEA";"Renda";"Renda domiciliar - participação dos 80% mais pobres - brancos";"Renda domiciliar - participação dos 80% mais pobres - brancos";"Não oculta";"Internet";NA;0;0;NA;NA;"P80MEC1";"Internet";"Social"
"10982";"P20RICOC1";NA;NA;"Ativa";"IPEA";"Renda";"Renda domiciliar - participação por quintil - 5º - brancos";"Renda domiciliar - participação por quintil - 5º - brancos";"Não oculta";"Internet";NA;0;0;NA;NA;"P20RICOC1";"Internet";"Social"
"10983";"P10RICOC1";2;202;"Ativa";"IPEA";"Renda";"Renda domiciliar - participação por decil - 10º - brancos";"Renda domiciliar - participação por decil - 10º - brancos";"Não oculta";"Internet";NA;0;0;NA;NA;"P10RICOC1";"Internet";"Social"
"10984";"RM1QUIC1";1;233;"Ativa";"IPEA";"Renda";"Renda domiciliar - per capita - média do quintil - 1º - brancos";"Renda domiciliar - per capita - média do quintil - 1º - brancos";"Não oculta";"Internet";NA;0;0;NA;NA;"RM1QUIC1";"Internet";"Social"
"10985";"RM2QUIC1";NA;NA;"Ativa";"IPEA";"Renda";"Renda domiciliar - per capita - média do quintil - 2º - brancos";"Renda domiciliar - per capita - média do quintil - 2º - brancos";"Não oculta";"Internet";NA;0;0;NA;NA;"RM2QUIC1";"Internet";"Social"
"10986";"RM3QUIC1";1;233;"Ativa";"IPEA";"Renda";"Renda domiciliar - per capita - média do quintil - 3º - brancos";"Renda domiciliar - per capita - média do quintil - 3º - brancos";"Não oculta";"Internet";NA;0;0;NA;NA;"RM3QUIC1";"Internet";"Social"
"10987";"RM4QUIC1";NA;NA;"Ativa";"IPEA";"Renda";"Renda domiciliar - per capita - média do quintil - 4º - brancos";"Renda domiciliar - per capita - média do quintil - 4º - brancos";"Não oculta";"Internet";NA;0;0;NA;NA;"RM4QUIC1";"Internet";"Social"
"10988";"RM5QUIC1";NA;NA;"Ativa";"IPEA";"Renda";"Renda domiciliar - per capita - média do quintil - 5º - brancos";"Renda domiciliar - per capita - média do quintil - 5º - brancos";"Não oculta";"Internet";NA;0;0;NA;NA;"RM5QUIC1";"Internet";"Social"
"10989";"RMED10C1";1;233;"Ativa";"IPEA";"Renda";"Renda domiciliar - per capita - média do decil - 10º  - brancos";"Renda domiciliar - per capita - média do decil - 10º  - brancos";"Não oculta";"Internet";NA;0;0;NA;NA;"RMED10C1";"Internet";"Social"
"10990";"R1040C1";NA;NA;"Ativa";"IPEA";"Renda";"Renda - razão entre a renda dos 10% mais ricos e 40% mais pobres - brancos";"Renda - razão entre a renda dos 10% mais ricos e 40% mais pobres - brancos";"Não oculta";"Internet";NA;0;0;NA;NA;"R1040C1";"Internet";"Social"
"10991";"R2040C1";NA;NA;"Ativa";"IPEA";"Renda";"Renda - razão entre a renda dos 20% mais ricos e 40% mais pobres - brancos";"Renda - razão entre a renda dos 20% mais ricos e 40% mais pobres - brancos";"Não oculta";"Internet";NA;0;0;NA;NA;"R2040C1";"Internet";"Social"
"10992";"GINIC1";4;185;"Ativa";"IPEA";"Renda";"Renda - desigualdade - índice de Gini - brancos";"Renda - desigualdade - índice de Gini - brancos";"Não oculta";"Internet";NA;0;0;NA;NA;"GINIC1";"Internet";"Social"
"10993";"THEIL_LC1";NA;NA;"Ativa";"IPEA";"Renda";"Renda - desigualdade - índice L de Theil - brancos";"Renda - desigualdade - índice L de Theil - brancos";"Não oculta";"Internet";NA;0;0;NA;NA;"THEIL";"Internet";"Social"
"10994";"MA0C1";15;124;"Ativa";"IPEA";"Renda";"Pobreza - pessoas indigentes (P0) - brancos";"Pobreza - pessoas indigentes (P0) - brancos";"Não oculta";"Internet";NA;0;0;NA;NA;"MA0C1";"Internet";"Social"
"10995";"MP0C1";11;135;"Ativa";"IPEA";"Renda";"Pobreza - pessoas pobres (P0) - brancos";"Pobreza - pessoas pobres (P0) - brancos";"Não oculta";"Internet";NA;0;0;NA;NA;"MP0C1";"Internet";"Social"
"10996";"MA0CC1";9;142;"Ativa";"IPEA";"Renda";"Pobreza - pessoas indigentes (P0) - 0 a 14 anos - brancos";"Pobreza - pessoas indigentes (P0) - 0 a 14 anos - brancos";"Não oculta";"Internet";NA;0;0;NA;NA;"MA0CC1";"Internet";"Social"
"10997";"MP0CC1";8;149;"Ativa";"IPEA";"Renda";"Pobreza - pessoas pobres (P0) - 0 a 14 anos - brancos";"Pobreza - pessoas pobres (P0) - 0 a 14 anos - brancos";"Não oculta";"Internet";NA;0;0;NA;NA;"MP0CC1";"Internet";"Social"
"10998";"MFAMUNIC1";NA;NA;"Ativa";"IPEA";"Demografia";"Pessoas 65 anos ou mais - morando sozinhas - brancos";"Pessoas 65 anos ou mais - morando sozinhas - brancos";"Não oculta";"Internet";NA;0;0;NA;NA;"MFAMUNIC1";"Internet";"Social"
"10999";"MRD75C1";1;233;"Ativa";"IPEA";"Demografia";"Pessoas em famílias - com razão de dependência maior 75% - brancos";"Pessoas em famílias - com razão de dependência maior 75% - brancos";"Não oculta";"Internet";NA;0;0;NA;NA;"MRD75C1";"Internet";"Social"
"11000";"MFAMMULFC1";9;142;"Ativa";"IPEA";"Saúde";"Mulheres chefes de família, sem cônjuge e com filhos menores de 15 anos - brancos";"Mulheres chefes de família, sem cônjuge e com filhos menores de 15 anos - brancos";"Não oculta";"Internet";NA;0;0;NA;NA;"MFAMMULFC1";"Internet";"Social"
"11001";"M1014CFC1";1;233;"Ativa";"IPEA";"Demografia";"Pessoas 10 e 14 anos - mulheres com filhos - brancos";"Pessoas 10 e 14 anos - mulheres com filhos - brancos";"Não oculta";"Internet";NA;0;0;NA;NA;"M1014CFC1";"Internet";"Social"
"11002";"M1517CFC1";NA;NA;"Ativa";"IPEA";"Demografia";"Pessoas 15 e 17 anos - mulheres com filhos - brancos";"Pessoas 15 e 17 anos - mulheres com filhos - brancos";"Não oculta";"Internet";NA;0;0;NA;NA;"M1517CFC1";"Internet";"Social"
"11003";"MOCUPC1";6;167;"Ativa";"IPEA";"Educação";"Evasão escolar - pessoas 10 a 14 anos - trabalhando - brancos";"Evasão escolar - pessoas 10 a 14 anos - trabalhando - brancos";"Não oculta";"Internet";NA;0;0;NA;NA;"MOCUPC1";"Internet";"Social"
"11004";"M45FORAC1";NA;NA;"Ativa";"IPEA";"Educação";"Evasão escolar - pessoas 4 a 5 anos - fora da escola - brancos";"Evasão escolar - pessoas 4 a 5 anos - fora da escola - brancos";"Não oculta";"Internet";NA;0;0;NA;NA;"M45FORAC1";"Internet";"Social"
"11005";"M56FORAC1";NA;NA;"Ativa";"IPEA";"Educação";"Evasão escolar - pessoas 5 a 6 anos - fora da escola - brancos";"Evasão escolar - pessoas 5 a 6 anos - fora da escola - brancos";"Não oculta";"Internet";NA;0;0;NA;NA;"M56FORAC1";"Internet";"Social"
"11006";"M714FORAC1";NA;NA;"Ativa";"IPEA";"Educação";"Evasão escolar - pessoas 7 a 14 anos - fora da escola - brancos";"Evasão escolar - pessoas 7 a 14 anos - fora da escola - brancos";"Não oculta";"Internet";NA;0;0;NA;NA;"M714FORAC1";"Internet";"Social"
"11007";"M1014FORAC1";NA;NA;"Ativa";"IPEA";"Educação";"Evasão escolar - pessoas 10 a 14 anos - fora da escola - brancos";"Evasão escolar - pessoas 10 a 14 anos - fora da escola - brancos";"Não oculta";"Internet";NA;0;0;NA;NA;"M1014FORAC1";"Internet";"Social"
"11008";"M1517FORAC1";NA;NA;"Ativa";"IPEA";"Educação";"Evasão escolar - pessoas 15 a 17 anos - fora da escola - brancos";"Evasão escolar - pessoas 15 a 17 anos - fora da escola - brancos";"Não oculta";"Internet";NA;0;0;NA;NA;"M1517FORAC1";"Internet";"Social"
"11009";"MENFERC1";10;138;"Ativa";"IPEA";"Saúde";"Enfermeiros residentes com curso superior - brancos";"Enfermeiros residentes com curso superior - brancos";"Não oculta";"Internet";NA;0;0;NA;NA;"MENFERC1";"Internet";"Social"
"11010";"MEDHABC1";8;149;"Ativa";"IPEA";"Saúde";"Médicos residentes (por mil habitantes) - brancos";"Médicos residentes (por mil habitantes) - brancos";"Não oculta";"Internet";NA;0;0;NA;NA;"MEDHABC1";"Internet";"Social"
"11011";"MPROFC1";5;178;"Ativa";"IPEA";"Educação";"Professores do fundamental residentes com curso superior - brancos";"Professores do fundamental residentes com curso superior - brancos";"Não oculta";"Internet";NA;0;0;NA;NA;"MPROFC1";"Internet";"Social"
"11012";"AGUAC1";6;167;"Ativa";"IPEA";"Habitação";"Domicílios - com água encanada - pessoas - brancos";"Domicílios - com água encanada - pessoas - brancos";"Não oculta";"Internet";NA;0;0;NA;NA;"AGUAC1";"Internet";"Social"
"11013";"BANAGUAC1";2;202;"Ativa";"IPEA";"Habitação";"Domicílios - com água encanada e banheiro - pessoas - brancos";"Domicílios - com água encanada e banheiro - pessoas - brancos";"Não oculta";"Internet";NA;0;0;NA;NA;"BANAGUAC1";"Internet";"Social"
"11014";"LIXOC1";NA;NA;"Ativa";"IPEA";"Habitação";"Domicílios - com serviço de coleta de lixo - pessoas - brancos";"Domicílios - com serviço de coleta de lixo - pessoas - brancos";"Não oculta";"Internet";NA;0;0;NA;NA;"LIXOC1";"Internet";"Social"
"11015";"LUZC1";1;233;"Ativa";"IPEA";"Habitação";"Domicílios - com energia elétrica - pessoas - brancos";"Domicílios - com energia elétrica - pessoas - brancos";"Não oculta";"Internet";NA;0;0;NA;NA;"LUZC1";"Internet";"Social"
"11016";"TVC1";2;202;"Ativa";"IPEA";"Habitação";"Domicílios - com energia elétrica e televisão - pessoas - brancos";"Domicílios - com energia elétrica e televisão - pessoas - brancos";"Não oculta";"Internet";NA;0;0;NA;NA;"TVC1";"Internet";"Social"
"11017";"FONEC1";NA;NA;"Ativa";"IPEA";"Habitação";"Domicílios - com telefone - pessoas - brancos";"Domicílios - com telefone - pessoas - brancos";"Não oculta";"Internet";NA;0;0;NA;NA;"FONEC1";"Internet";"Social"
"11018";"CARROC1";1;233;"Ativa";"IPEA";"Habitação";"Domicílios - com carro - pessoas - brancos";"Domicílios - com carro - pessoas - brancos";"Não oculta";"Internet";NA;0;0;NA;NA;"CARROC1";"Internet";"Social"
"11019";"GELAC1";NA;NA;"Ativa";"IPEA";"Habitação";"Domicílios - com energia elétrica e geladeira - pessoas - brancos";"Domicílios - com energia elétrica e geladeira - pessoas - brancos";"Não oculta";"Internet";NA;0;0;NA;NA;"GELAC1";"Internet";"Social"
"11020";"BEMSC1";1;233;"Ativa";"IPEA";"Habitação";"Domicílios - com pelo menos 3 dos bens duráveis - pessoas - brancos";"Domicílios - com pelo menos 3 dos bens duráveis - pessoas - brancos";"Não oculta";"Internet";NA;0;0;NA;NA;"BEMSC1";"Internet";"Social"
"11021";"COMPUC1";NA;NA;"Ativa";"IPEA";"Habitação";"Domicílios - com computador - pessoas - brancos";"Domicílios - com computador - pessoas - brancos";"Não oculta";"Internet";NA;0;0;NA;NA;"COMPUC1";"Internet";"Social"
"11022";"SUBC1";1;233;"Ativa";"IPEA";"Habitação";"Domicílios - subnormais - pessoas - brancos";"Domicílios - subnormais - pessoas - brancos";"Não oculta";"Internet";NA;0;0;NA;NA;"SUBC1";"Internet";"Social"
"11023";"DENSC1";NA;NA;"Ativa";"IPEA";"Habitação";"Domicílios - com densidade acima de 2 pessoas por dormitório - pessoas - brancos";"Domicílios - com densidade acima de 2 pessoas por dormitório - pessoas - brancos";"Não oculta";"Internet";NA;0;0;NA;NA;"DENSC1";"Internet";"Social"
"11024";"INMOVELC1";NA;NA;"Ativa";"IPEA";"Habitação";"Domicílios - com terreno próprio e quitado - pessoas - brancos";"Domicílios - com terreno próprio e quitado - pessoas - brancos";"Não oculta";"Internet";NA;0;0;NA;NA;"INMOVELC1";"Internet";"Social"
"11025";"PESOTOTC1";6;167;"Ativa";"IPEA";"Demografia";"População - brancos";"População - brancos";"Não oculta";"Internet";NA;0;0;NA;NA;"PESOTOTC1";"Internet";"Social"
"11026";"PESORURC1";1;233;"Ativa";"IPEA";"Demografia";"População rural - brancos";"População rural - brancos";"Não oculta";"Internet";NA;0;0;NA;NA;"PESORURC1";"Internet";"Social"
"11027";"PESOURBC1";1;233;"Ativa";"IPEA";"Demografia";"População urbana - brancos";"População urbana - brancos";"Não oculta";"Internet";NA;0;0;NA;NA;"PESOURBC1";"Internet";"Social"
"11028";"PESO15C1";NA;NA;"Ativa";"IPEA";"Demografia";"Pessoas 15 anos e mais - brancos";"Pessoas 15 anos e mais - brancos";"Não oculta";"Internet";NA;0;0;NA;NA;"PESO15C1";"Internet";"Social"
"11029";"PESO25C1";NA;NA;"Ativa";"IPEA";"Demografia";"Pessoas 25 anos e mais - brancos";"Pessoas 25 anos e mais - brancos";"Não oculta";"Internet";NA;0;0;NA;NA;"PESO25C1";"Internet";"Social"
"11030";"IDH_MC1";10;138;"Ativa";"IPEA";"Desenvolvimento humano";"Índice de Desenvolvimento Humano (IDH) - brancos";"Índice de Desenvolvimento Humano (IDH) - brancos";"Não oculta";"Internet";NA;0;0;NA;NA;"IDH";"Internet";"Social"
"11031";"IDHRMC1";9;142;"Ativa";"IPEA";"Desenvolvimento humano";"Índice de Desenvolvimento Humano (IDH) - renda - brancos";"Índice de Desenvolvimento Humano (IDH) - renda - brancos";"Não oculta";"Internet";NA;0;0;NA;NA;"IDHRMC1";"Internet";"Social"
"11032";"IDHLMC1";7;157;"Ativa";"IPEA";"Desenvolvimento humano";"Índice de Desenvolvimento Humano (IDH) - longevidade - brancos";"Índice de Desenvolvimento Humano (IDH) - longevidade - brancos";"Não oculta";"Internet";NA;0;0;NA;NA;"IDHLMC1";"Internet";"Social"
"11033";"IDHEMC1";9;142;"Ativa";"IPEA";"Desenvolvimento humano";"Índice de Desenvolvimento Humano (IDH) - educação - brancos";"Índice de Desenvolvimento Humano (IDH) - educação - brancos";"Não oculta";"Internet";NA;0;0;NA;NA;"IDHEMC1";"Internet";"Social"
"11034";"FREQIDHC1";4;185;"Ativa";"IPEA";"Educação";"Freqüencia escolar - pessoas 7 a 22 anos - brancos";"Freqüencia escolar - pessoas 7 a 22 anos - brancos";"Não oculta";"Internet";NA;0;0;NA;NA;"FREQIDHC1";"Internet";"Social"
"11035";"ALFIDHC1";31;100;"Ativa";"IPEA";"Educação";"Alfabetizados - pessoas 15 anos e mais - brancos";"Alfabetizados - pessoas 15 anos e mais - brancos";"Não oculta";"Internet";NA;0;0;NA;NA;"ALFIDHC1";"Internet";"Social"
"11036";"ESPVIDAC2";15;124;"Ativa";"IPEA";"Demografia";"Esperança de vida ao nascer - negros";"Esperança de vida ao nascer - negros";"Não oculta";"Internet";NA;0;0;NA;NA;"ESPVIDAC2";"Internet";"Social"
"11037";"MORT1C2";8;149;"Ativa";"IPEA";"Demografia";"Mortalidade até um ano de idade (por mil nascidos vivos) - negros";"Mortalidade até um ano de idade (por mil nascidos vivos) - negros";"Não oculta";"Internet";NA;0;0;NA;NA;"MORT1C2";"Internet";"Social"
"11038";"MORT5C2";4;185;"Ativa";"IPEA";"Demografia";"Mortalidade até cinco anos de idade (por mil nascidos vivos) - negros";"Mortalidade até cinco anos de idade (por mil nascidos vivos) - negros";"Não oculta";"Internet";NA;0;0;NA;NA;"MORT5C2";"Internet";"Social"
"11039";"SOBRE40C2";2;202;"Ativa";"IPEA";"Demografia";"Probabilidade de sobrevivência até 40 anos - negros";"Probabilidade de sobrevivência até 40 anos - negros";"Não oculta";"Internet";NA;0;0;NA;NA;"SOBRE40C2";"Internet";"Social"
"11040";"SOBRE60C2";1;233;"Ativa";"IPEA";"Demografia";"Probabilidade de sobrevivência até 60 anos - negros";"Probabilidade de sobrevivência até 60 anos - negros";"Não oculta";"Internet";NA;0;0;NA;NA;"SOBRE60C2";"Internet";"Social"
"11041";"FECTOTC2";8;149;"Ativa";"IPEA";"Demografia";"Taxa de fecundidade - negros";"Taxa de fecundidade - negros";"Não oculta";"Internet";NA;0;0;NA;NA;"FECTOTC2";"Internet";"Social"
"11042";"MFRE714C2";5;178;"Ativa";"IPEA";"Educação";"Freqüencia escolar - pessoas 7 a 14 anos - negros";"Freqüencia escolar - pessoas 7 a 14 anos - negros";"Não oculta";"Internet";NA;0;0;NA;NA;"MFRE714C2";"Internet";"Social"
"11043";"M714ANFC2";1;233;"Ativa";"IPEA";"Educação";"Analfabetos - pessoas 7 a 14 anos - negros";"Analfabetos - pessoas 7 a 14 anos - negros";"Não oculta";"Internet";NA;0;0;NA;NA;"M714ANFC2";"Internet";"Social"
"11044";"MATRAS1C2";NA;NA;"Ativa";"IPEA";"Educação";"Defasagem escolar - mais de 1 ano atraso - pessoas 7 a 14 anos - negros";"Defasagem escolar - mais de 1 ano atraso - pessoas 7 a 14 anos - negros";"Não oculta";"Internet";NA;0;0;NA;NA;"MATRAS1C2";"Internet";"Social"
"11045";"M15MANFC2";5;178;"Ativa";"IPEA";"Educação";"Analfabetos - pessoas 15 anos e mais - negros";"Analfabetos - pessoas 15 anos e mais - negros";"Não oculta";"Internet";NA;0;0;NA;NA;"M15MANFC2";"Internet";"Social"
"11046";"MEDUCAC2";NA;NA;"Ativa";"IPEA";"Educação";"Anos de estudo - média - pessoas 25 anos e mais - negros";"Anos de estudo - média - pessoas 25 anos e mais - negros";"Não oculta";"Internet";NA;0;0;NA;NA;"MEDUCAC2";"Internet";"Social"
"11047";"M25MANFC2";1;233;"Ativa";"IPEA";"Educação";"Analfabetos - pessoas 25 anos e mais - negros";"Analfabetos - pessoas 25 anos e mais - negros";"Não oculta";"Internet";NA;0;0;NA;NA;"M25MANFC2";"Internet";"Social"
"11048";"MATE43C2";2;202;"Ativa";"IPEA";"Educação";"Anos de estudo - menos de 4 - pessoas 25 anos e mais - negros";"Anos de estudo - menos de 4 - pessoas 25 anos e mais - negros";"Não oculta";"Internet";NA;0;0;NA;NA;"MATE43C2";"Internet";"Social"
"11049";"MATE83C2";NA;NA;"Ativa";"IPEA";"Educação";"Anos de estudo - menos de 8 - pessoas 25 anos e mais - negros";"Anos de estudo - menos de 8 - pessoas 25 anos e mais - negros";"Não oculta";"Internet";NA;0;0;NA;NA;"MATE83C2";"Internet";"Social"
"11050";"MMAIS113C2";2;202;"Ativa";"IPEA";"Educação";"Anos de estudo - mais de 11 - pessoas 25 anos e mais - negros";"Anos de estudo - mais de 11 - pessoas 25 anos e mais - negros";"Não oculta";"Internet";NA;0;0;NA;NA;"MMAIS113C2";"Internet";"Social"
"11051";"M_SALC2";19;115;"Ativa";"IPEA";"Renda";"Renda per capita - negros";"Renda per capita - negros";"Não oculta";"Internet";NA;0;0;NA;NA;"M";"Internet";"Social"
"11052";"PORTRAFC2";NA;NA;"Ativa";"IPEA";"Renda";"Renda - de transferências governamentais - negros";"Renda - de transferências governamentais - negros";"Não oculta";"Internet";NA;0;0;NA;NA;"PORTRAFC2";"Internet";"Social"
"11053";"PORTRABC2";2;202;"Ativa";"IPEA";"Renda";"Renda - rendimentos do trabalho - negros";"Renda - rendimentos do trabalho - negros";"Não oculta";"Internet";NA;0;0;NA;NA;"PORTRABC2";"Internet";"Social"
"11054";"M50PTRAC2";NA;NA;"Ativa";"IPEA";"Renda";"Renda - de transferências governamentais - mais de 50% da renda total - negros";"Renda - de transferências governamentais - mais de 50% da renda total - negros";"Não oculta";"Internet";NA;0;0;NA;NA;"M50PTRAC2";"Internet";"Social"
"11055";"P20MEC2";NA;NA;"Ativa";"IPEA";"Renda";"Renda domiciliar - participação por quintil - 1º - negros";"Renda domiciliar - participação por quintil - 1º - negros";"Não oculta";"Internet";NA;0;0;NA;NA;"P20MEC2";"Internet";"Social"
"11056";"P40MEC2";NA;NA;"Ativa";"IPEA";"Renda";"Renda domiciliar - participação dos 40% mais pobres - negros";"Renda domiciliar - participação dos 40% mais pobres - negros";"Não oculta";"Internet";NA;0;0;NA;NA;"P40MEC2";"Internet";"Social"
"11057";"P60MEC2";NA;NA;"Ativa";"IPEA";"Renda";"Renda domiciliar - participação dos 60% mais pobres - negros";"Renda domiciliar - participação dos 60% mais pobres - negros";"Não oculta";"Internet";NA;0;0;NA;NA;"P60MEC2";"Internet";"Social"
"11058";"P80MEC2";NA;NA;"Ativa";"IPEA";"Renda";"Renda domiciliar - participação dos 80% mais pobres - negros";"Renda domiciliar - participação dos 80% mais pobres - negros";"Não oculta";"Internet";NA;0;0;NA;NA;"P80MEC2";"Internet";"Social"
"11059";"P20RICOC2";NA;NA;"Ativa";"IPEA";"Renda";"Renda domiciliar - participação por quintil - 5º - negros";"Renda domiciliar - participação por quintil - 5º - negros";"Não oculta";"Internet";NA;0;0;NA;NA;"P20RICOC2";"Internet";"Social"
"11060";"P10RICOC2";1;233;"Ativa";"IPEA";"Renda";"Renda domiciliar - participação por decil - 10º - negros";"Renda domiciliar - participação por decil - 10º - negros";"Não oculta";"Internet";NA;0;0;NA;NA;"P10RICOC2";"Internet";"Social"
"11061";"RM1QUIC2";NA;NA;"Ativa";"IPEA";"Renda";"Renda domiciliar - per capita - média do quintil - 1º - negros";"Renda domiciliar - per capita - média do quintil - 1º - negros";"Não oculta";"Internet";NA;0;0;NA;NA;"RM1QUIC2";"Internet";"Social"
"11062";"RM2QUIC2";NA;NA;"Ativa";"IPEA";"Renda";"Renda domiciliar - per capita - média do quintil - 2º - negros";"Renda domiciliar - per capita - média do quintil - 2º - negros";"Não oculta";"Internet";NA;0;0;NA;NA;"RM2QUIC2";"Internet";"Social"
"11063";"RM3QUIC2";NA;NA;"Ativa";"IPEA";"Renda";"Renda domiciliar - per capita - média do quintil - 3º - negros";"Renda domiciliar - per capita - média do quintil - 3º - negros";"Não oculta";"Internet";NA;0;0;NA;NA;"RM3QUIC2";"Internet";"Social"
"11064";"RM4QUIC2";1;233;"Ativa";"IPEA";"Renda";"Renda domiciliar - per capita - média do quintil - 4º - negros";"Renda domiciliar - per capita - média do quintil - 4º - negros";"Não oculta";"Internet";NA;0;0;NA;NA;"RM4QUIC2";"Internet";"Social"
"11065";"RM5QUIC2";NA;NA;"Ativa";"IPEA";"Renda";"Renda domiciliar - per capita - média do quintil - 5º - negros";"Renda domiciliar - per capita - média do quintil - 5º - negros";"Não oculta";"Internet";NA;0;0;NA;NA;"RM5QUIC2";"Internet";"Social"
"11066";"RMED10C2";1;233;"Ativa";"IPEA";"Renda";"Renda domiciliar - per capita - média do decil - 10º  - negros";"Renda domiciliar - per capita - média do decil - 10º  - negros";"Não oculta";"Internet";NA;0;0;NA;NA;"RMED10C2";"Internet";"Social"
"11067";"R1040C2";2;202;"Ativa";"IPEA";"Renda";"Renda - razão entre a renda dos 10% mais ricos e 40% mais pobres - negros";"Renda - razão entre a renda dos 10% mais ricos e 40% mais pobres - negros";"Não oculta";"Internet";NA;0;0;NA;NA;"R1040C2";"Internet";"Social"
"11068";"R2040C2";NA;NA;"Ativa";"IPEA";"Renda";"Renda - razão entre a renda dos 20% mais ricos e 40% mais pobres - negros";"Renda - razão entre a renda dos 20% mais ricos e 40% mais pobres - negros";"Não oculta";"Internet";NA;0;0;NA;NA;"R2040C2";"Internet";"Social"
"11069";"GINIC2";4;185;"Ativa";"IPEA";"Renda";"Renda - desigualdade - índice de Gini - negros";"Renda - desigualdade - índice de Gini - negros";"Não oculta";"Internet";NA;0;0;NA;NA;"GINIC2";"Internet";"Social"
"11070";"THEIL_LC2";NA;NA;"Ativa";"IPEA";"Renda";"Renda - desigualdade - índice L de Theil - negros";"Renda - desigualdade - índice L de Theil - negros";"Não oculta";"Internet";NA;0;0;NA;NA;"THEIL";"Internet";"Social"
"11071";"MA0C2";9;142;"Ativa";"IPEA";"Renda";"Pobreza - pessoas indigentes (P0) - negros";"Pobreza - pessoas indigentes (P0) - negros";"Não oculta";"Internet";NA;0;0;NA;NA;"MA0C2";"Internet";"Social"
"11072";"MP0C2";15;124;"Ativa";"IPEA";"Renda";"Pobreza - pessoas pobres (P0) - negros";"Pobreza - pessoas pobres (P0) - negros";"Não oculta";"Internet";NA;0;0;NA;NA;"MP0C2";"Internet";"Social"
"11073";"MA0CC2";8;149;"Ativa";"IPEA";"Renda";"Pobreza - pessoas indigentes (P0) - 0 a 14 anos - negros";"Pobreza - pessoas indigentes (P0) - 0 a 14 anos - negros";"Não oculta";"Internet";NA;0;0;NA;NA;"MA0CC2";"Internet";"Social"
"11074";"MP0CC2";8;149;"Ativa";"IPEA";"Renda";"Pobreza - pessoas pobres (P0) - 0 a 14 anos - negros";"Pobreza - pessoas pobres (P0) - 0 a 14 anos - negros";"Não oculta";"Internet";NA;0;0;NA;NA;"MP0CC2";"Internet";"Social"
"11075";"MFAMUNIC2";NA;NA;"Ativa";"IPEA";"Demografia";"Pessoas 65 anos ou mais - morando sozinhas - negros";"Pessoas 65 anos ou mais - morando sozinhas - negros";"Não oculta";"Internet";NA;0;0;NA;NA;"MFAMUNIC2";"Internet";"Social"
"11076";"MRD75C2";1;233;"Ativa";"IPEA";"Demografia";"Pessoas em famílias - com razão de dependência maior 75% - negros";"Pessoas em famílias - com razão de dependência maior 75% - negros";"Não oculta";"Internet";NA;0;0;NA;NA;"MRD75C2";"Internet";"Social"
"11077";"MFAMMULFC2";7;157;"Ativa";"IPEA";"Saúde";"Mulheres chefes de família, sem cônjuge e com filhos menores de 15 anos - negros";"Mulheres chefes de família, sem cônjuge e com filhos menores de 15 anos - negros";"Não oculta";"Internet";NA;0;0;NA;NA;"MFAMMULFC2";"Internet";"Social"
"11078";"M1014CFC2";1;233;"Ativa";"IPEA";"Demografia";"Pessoas 10 e 14 anos - mulheres com filhos - negros";"Pessoas 10 e 14 anos - mulheres com filhos - negros";"Não oculta";"Internet";NA;0;0;NA;NA;"M1014CFC2";"Internet";"Social"
"11079";"M1517CFC2";1;233;"Ativa";"IPEA";"Demografia";"Pessoas 15 e 17 anos - mulheres com filhos - negros";"Pessoas 15 e 17 anos - mulheres com filhos - negros";"Não oculta";"Internet";NA;0;0;NA;NA;"M1517CFC2";"Internet";"Social"
"11080";"MOCUPC2";6;167;"Ativa";"IPEA";"Educação";"Evasão escolar - pessoas 10 a 14 anos - trabalhando - negros";"Evasão escolar - pessoas 10 a 14 anos - trabalhando - negros";"Não oculta";"Internet";NA;0;0;NA;NA;"MOCUPC2";"Internet";"Social"
"11081";"M45FORAC2";NA;NA;"Ativa";"IPEA";"Educação";"Evasão escolar - pessoas 4 a 5 anos - fora da escola - negros";"Evasão escolar - pessoas 4 a 5 anos - fora da escola - negros";"Não oculta";"Internet";NA;0;0;NA;NA;"M45FORAC2";"Internet";"Social"
"11082";"M56FORAC2";1;233;"Ativa";"IPEA";"Educação";"Evasão escolar - pessoas 5 a 6 anos - fora da escola - negros";"Evasão escolar - pessoas 5 a 6 anos - fora da escola - negros";"Não oculta";"Internet";NA;0;0;NA;NA;"M56FORAC2";"Internet";"Social"
"11083";"M714FORAC2";NA;NA;"Ativa";"IPEA";"Educação";"Evasão escolar - pessoas 7 a 14 anos - fora da escola - negros";"Evasão escolar - pessoas 7 a 14 anos - fora da escola - negros";"Não oculta";"Internet";NA;0;0;NA;NA;"M714FORAC2";"Internet";"Social"
"11084";"M1014FORAC2";NA;NA;"Ativa";"IPEA";"Educação";"Evasão escolar - pessoas 10 a 14 anos - fora da escola - negros";"Evasão escolar - pessoas 10 a 14 anos - fora da escola - negros";"Não oculta";"Internet";NA;0;0;NA;NA;"M1014FORAC2";"Internet";"Social"
"11085";"M1517FORAC2";1;233;"Ativa";"IPEA";"Educação";"Evasão escolar - pessoas 15 a 17 anos - fora da escola - negros";"Evasão escolar - pessoas 15 a 17 anos - fora da escola - negros";"Não oculta";"Internet";NA;0;0;NA;NA;"M1517FORAC2";"Internet";"Social"
"11086";"MENFERC2";7;157;"Ativa";"IPEA";"Saúde";"Enfermeiros residentes com curso superior - negros";"Enfermeiros residentes com curso superior - negros";"Não oculta";"Internet";NA;0;0;NA;NA;"MENFERC2";"Internet";"Social"
"11087";"MEDHABC2";6;167;"Ativa";"IPEA";"Saúde";"Médicos residentes (por mil habitantes) - negros";"Médicos residentes (por mil habitantes) - negros";"Não oculta";"Internet";NA;0;0;NA;NA;"MEDHABC2";"Internet";"Social"
"11088";"MPROFC2";2;202;"Ativa";"IPEA";"Educação";"Professores do fundamental residentes com curso superior - negros";"Professores do fundamental residentes com curso superior - negros";"Não oculta";"Internet";NA;0;0;NA;NA;"MPROFC2";"Internet";"Social"
"11089";"AGUAC2";7;157;"Ativa";"IPEA";"Habitação";"Domicílios - com água encanada - pessoas - negros";"Domicílios - com água encanada - pessoas - negros";"Não oculta";"Internet";NA;0;0;NA;NA;"AGUAC2";"Internet";"Social"
"11090";"BANAGUAC2";1;233;"Ativa";"IPEA";"Habitação";"Domicílios - com água encanada e banheiro - pessoas - negros";"Domicílios - com água encanada e banheiro - pessoas - negros";"Não oculta";"Internet";NA;0;0;NA;NA;"BANAGUAC2";"Internet";"Social"
"11091";"LIXOC2";NA;NA;"Ativa";"IPEA";"Habitação";"Domicílios - com serviço de coleta de lixo - pessoas - negros";"Domicílios - com serviço de coleta de lixo - pessoas - negros";"Não oculta";"Internet";NA;0;0;NA;NA;"LIXOC2";"Internet";"Social"
"11092";"LUZC2";1;233;"Ativa";"IPEA";"Habitação";"Domicílios - com energia elétrica - pessoas - negros";"Domicílios - com energia elétrica - pessoas - negros";"Não oculta";"Internet";NA;0;0;NA;NA;"LUZC2";"Internet";"Social"
"11093";"TVC2";2;202;"Ativa";"IPEA";"Habitação";"Domicílios - com energia elétrica e televisão - pessoas - negros";"Domicílios - com energia elétrica e televisão - pessoas - negros";"Não oculta";"Internet";NA;0;0;NA;NA;"TVC2";"Internet";"Social"
"11094";"FONEC2";NA;NA;"Ativa";"IPEA";"Habitação";"Domicílios - com telefone - pessoas - negros";"Domicílios - com telefone - pessoas - negros";"Não oculta";"Internet";NA;0;0;NA;NA;"FONEC2";"Internet";"Social"
"11095";"CARROC2";1;233;"Ativa";"IPEA";"Habitação";"Domicílios - com carro - pessoas - negros";"Domicílios - com carro - pessoas - negros";"Não oculta";"Internet";NA;0;0;NA;NA;"CARROC2";"Internet";"Social"
"11096";"GELAC2";NA;NA;"Ativa";"IPEA";"Habitação";"Domicílios - com energia elétrica e geladeira - pessoas - negros";"Domicílios - com energia elétrica e geladeira - pessoas - negros";"Não oculta";"Internet";NA;0;0;NA;NA;"GELAC2";"Internet";"Social"
"11097";"BEMSC2";NA;NA;"Ativa";"IPEA";"Habitação";"Domicílios - com pelo menos 3 dos bens duráveis - pessoas - negros";"Domicílios - com pelo menos 3 dos bens duráveis - pessoas - negros";"Não oculta";"Internet";NA;0;0;NA;NA;"BEMSC2";"Internet";"Social"
"11098";"COMPUC2";1;233;"Ativa";"IPEA";"Habitação";"Domicílios - com computador - pessoas - negros";"Domicílios - com computador - pessoas - negros";"Não oculta";"Internet";NA;0;0;NA;NA;"COMPUC2";"Internet";"Social"
"11099";"SUBC2";1;233;"Ativa";"IPEA";"Habitação";"Domicílios - subnormais - pessoas - negros";"Domicílios - subnormais - pessoas - negros";"Não oculta";"Internet";NA;0;0;NA;NA;"SUBC2";"Internet";"Social"
"11100";"DENSC2";NA;NA;"Ativa";"IPEA";"Habitação";"Domicílios - com densidade acima de 2 pessoas por dormitório - pessoas - negros";"Domicílios - com densidade acima de 2 pessoas por dormitório - pessoas - negros";"Não oculta";"Internet";NA;0;0;NA;NA;"DENSC2";"Internet";"Social"
"11101";"INMOVELC2";NA;NA;"Ativa";"IPEA";"Habitação";"Domicílios - com terreno próprio e quitado - pessoas - negros";"Domicílios - com terreno próprio e quitado - pessoas - negros";"Não oculta";"Internet";NA;0;0;NA;NA;"INMOVELC2";"Internet";"Social"
"11102";"PESOTOTC2";8;149;"Ativa";"IPEA";"Demografia";"População - negros";"População - negros";"Não oculta";"Internet";NA;0;0;NA;NA;"PESOTOTC2";"Internet";"Social"
"11103";"PESORURC2";2;202;"Ativa";"IPEA";"Demografia";"População rural - negros";"População rural - negros";"Não oculta";"Internet";NA;0;0;NA;NA;"PESORURC2";"Internet";"Social"
"11104";"PESOURBC2";1;233;"Ativa";"IPEA";"Demografia";"População urbana - negros";"População urbana - negros";"Não oculta";"Internet";NA;0;0;NA;NA;"PESOURBC2";"Internet";"Social"
"11105";"PESO15C2";2;202;"Ativa";"IPEA";"Demografia";"Pessoas 15 anos e mais - negros";"Pessoas 15 anos e mais - negros";"Não oculta";"Internet";NA;0;0;NA;NA;"PESO15C2";"Internet";"Social"
"11106";"PESO25C2";NA;NA;"Ativa";"IPEA";"Demografia";"Pessoas 25 anos e mais - negros";"Pessoas 25 anos e mais - negros";"Não oculta";"Internet";NA;0;0;NA;NA;"PESO25C2";"Internet";"Social"
"11107";"IDH_MC2";14;128;"Ativa";"IPEA";"Desenvolvimento humano";"Índice de Desenvolvimento Humano (IDH) - negros";"Índice de Desenvolvimento Humano (IDH) - negros";"Não oculta";"Internet";NA;0;0;NA;NA;"IDH";"Internet";"Social"
"11108";"IDHRMC2";14;128;"Ativa";"IPEA";"Desenvolvimento humano";"Índice de Desenvolvimento Humano (IDH) - renda - negros";"Índice de Desenvolvimento Humano (IDH) - renda - negros";"Não oculta";"Internet";NA;0;0;NA;NA;"IDHRMC2";"Internet";"Social"
"11109";"IDHLMC2";10;138;"Ativa";"IPEA";"Desenvolvimento humano";"Índice de Desenvolvimento Humano (IDH) - longevidade - negros";"Índice de Desenvolvimento Humano (IDH) - longevidade - negros";"Não oculta";"Internet";NA;0;0;NA;NA;"IDHLMC2";"Internet";"Social"
"11110";"IDHEMC2";11;135;"Ativa";"IPEA";"Desenvolvimento humano";"Índice de Desenvolvimento Humano (IDH) - educação - negros";"Índice de Desenvolvimento Humano (IDH) - educação - negros";"Não oculta";"Internet";NA;0;0;NA;NA;"IDHEMC2";"Internet";"Social"
"11111";"FREQIDHC2";3;194;"Ativa";"IPEA";"Educação";"Freqüencia escolar - pessoas 7 a 22 anos - negros";"Freqüencia escolar - pessoas 7 a 22 anos - negros";"Não oculta";"Internet";NA;0;0;NA;NA;"FREQIDHC2";"Internet";"Social"
"11112";"ALFIDHC2";18;119;"Ativa";"IPEA";"Educação";"Alfabetizados- pessoas 15 anos e mais - negros";"Alfabetizados - pessoas 15 anos e mais - negros";"Não oculta";"Internet";NA;0;0;NA;NA;"ALFIDHC2";"Internet";"Social"
"11113";"HIST_ICVALRJ";6;1048;"Inativa";"Outras fontes";"Preços";"Inflação - Custo de vida - aluguéis - RJ - índice (média 1912 = 100)";"Inflação - Custo de vida - aluguéis - cidade do Rio de Janeiro - índice (média 1912 = 100)";"Não oculta";"Internet";90;0;1;"Incluída em 14/out/2003 .";NA;"HIST";"Internet";"Macro"
"11114";"HIST_ICVALIRJ";6;1048;"Inativa";"Outras fontes";"Preços";"Inflação - Custo de vida - alimentação - RJ - índice (média 1912 = 100)";"Inflação - Custo de vida - alimentação - cidade do Rio de Janeiro - índice (média 1912 = 100)";"Não oculta";"Internet";90;0;1;"Incluída em 14/out/2003 .";NA;"HIST";"Internet";"Macro"
"11115";"HIST_ICVVESTRJ";9;871;"Inativa";"Outras fontes";"Preços";"Inflação - Custo de vida - vestuário - RJ - índice (média 1912 = 100)";"Inflação - Custo de vida - vestuário - cidade do Rio de Janeiro - índice (média 1912 = 100)";"Não oculta";"Internet";90;0;1;"Incluída em 14/out/2003 .";NA;"HIST";"Internet";"Macro"
"11116";"HIST_ICVCOMBRJ";10;818;"Inativa";"Outras fontes";"Preços";"Inflação - Custo de vida - combustível e luz - RJ - índice (média 1912 = 100)";"Inflação - Custo de vida - combustível e luz - cidade do Rio de Janeiro - índice (média 1912 = 100)";"Não oculta";"Internet";90;0;1;"Incluída em 14/out/2003 .";NA;"HIST";"Internet";"Macro"
"11117";"HIST_ICVCRIRJ";4;1216;"Inativa";"Outras fontes";"Preços";"Inflação - Custo de vida - criados - RJ - índice (média 1912 = 100)";"Inflação - Custo de vida - criados - cidade do Rio de Janeiro - índice (média 1912 = 100)";"Não oculta";"Internet";90;0;1;"Incluída em 14/out/2003 .";NA;"HIST";"Internet";"Macro"
"11118";"HIST_ICVMOVRJ";6;1048;"Inativa";"Outras fontes";"Preços";"Inflação - Custo de vida - móveis e utensílios - cidade do Riode Janeiro - índice (média 1912 = 100)";"Inflação - Custo de vida - móveis e utensílios - cidade do Rio de Janeiro - índice (média 1912 = 100)";"Não oculta";"Internet";90;0;1;"Incluída em 14/out/2003 .";NA;"HIST";"Internet";"Macro"
"11119";"DEFL_DIPIB";NA;NA;"Inativa";"IBGE/SCN 2000 Anual";"Contas nacionais";"Deflator implícito do PIB";"Deflator implícito do PIB (índice encadeado média 1980 = 100)";"Oculta";"Internet";395;0;0;"Incluída em 15/out/2003 .";NA;"DEFL";"Oculta";"Macro"
"11120";"HIST_TROCA";20;518;"Inativa";"Outras fontes";"Comércio exterior";"Termos de troca - índice (média 1995 = 100)";"Índice de termos de troca (média 1995 = 100)";"Oculta";"Internet";90;0;1;"Incluída em 17/out/2003 .";NA;"HIST";"Oculta";"Macro"
"11121";"HIST_CAPIMP";18;565;"Inativa";"Outras fontes";"Comércio exterior";"Capacidade de importar (média 1995 = 100)";"Capacidade de importar (média 1995 = 100)";"Oculta";"Internet";90;0;1;"Incluída em 17/out/2003 .";NA;"HIST";"Oculta";"Macro"
"11122";"HIST_DEXVELHA";9;871;"Inativa";"Outras fontes";"Balanço de pagamentos";"Dívida externa (velha) - saldo em circulação";"Dívida externa (velha) - saldo em circulação";"Não oculta";"Internet";90;0;1;"Incluída em 17/out/2003 .";NA;"HIST";"Internet";"Macro"
"11123";"SEADE12_RMNOC12";163;63;"Inativa";"Seade/PED";"Salário e renda";"Rendimento médio - nominal - ocupados - trabalho principal - RMSP";"Rendimento médio - nominal - ocupados - trabalho principal - RMSP";"Não oculta";"Internet";60;0;0;"Incluída em 17/out/2003 .";NA;"SEADE12";"Internet";"Macro"
"11124";"SEADE12_RMNASS12";218;43;"Inativa";"Seade/PED";"Salário e renda";"Rendimento médio - nominal - assalariados - trabalho principal - RMSP";"Rendimento médio - nominal - assalariados - trabalho principal - RMSP";"Não oculta";"Internet";60;0;0;"Incluída em 17/out/2003 .";NA;"SEADE12";"Internet";"Macro"
"11125";"HIST_REBAM12";3;1315;"Inativa";"Outras fontes";"Moeda e crédito";"M0 - base monetária - papel moeda emitido - caixa nas autoridades monetárias - fim período";"M0 - base monetária - papel moeda emitido - caixa nas autoridades monetárias - fim período";"Não oculta";"Internet";90;0;1;"Incluída em 23/out/2003 .";NA;"HIST";"Internet";"Macro"
"11126";"HIST_PME";9;871;"Inativa";"Outras fontes";"Moeda e crédito";"M0 - base monetária - papel moeda emitido - fim período";"M0 - base monetária - papel moeda emitido - fim período";"Não oculta";"Internet";90;0;1;"Incluída em 23/out/2003 .";NA;"HIST";"Internet";"Macro"
"11127";"HIST_REBBC12";NA;NA;"Inativa";"Outras fontes";"Moeda e crédito";"M0 - base monetária - papel moeda emitido - caixa nos bancos comerciais - fim período";"M0 - base monetária - papel moeda emitido - caixa nos bancos comerciais - fim período";"Não oculta";"Internet";90;0;1;"Incluída em 23/out/2003 .";NA;"HIST";"Internet";"Macro"
"11128";"HIST_PMPP";2;1445;"Inativa";"Outras fontes";"Moeda e crédito";"M1 - papel-moeda em poder do público - fim período";"M1 - papel-moeda em poder do público - fim período";"Não oculta";"Internet";90;0;1;"Incluída em 23/out/2003 .";NA;"HIST";"Internet";"Macro"
"11129";"HIST_DEV";1;1606;"Inativa";"Outras fontes";"Moeda e crédito";"M1 - depósitos à vista - fim período";"M1 - depósitos à vista - fim período";"Não oculta";"Internet";90;0;1;"Incluída em 23/out/2003 .";NA;"HIST";"Internet";"Macro"
"11130";"HIST_DEP";NA;NA;"Inativa";"Outras fontes";"Moeda e crédito";"M2 - depósitos à prazo - fim período";"M2 - depósitos à prazo - fim período";"Não oculta";"Internet";90;0;1;"Incluída em 23/out/2003 .";NA;"HIST";"Internet";"Macro"
"11131";"IPP12_IPPCIG12";NA;NA;"Ativa";"IBGE/IPP";"Preços";"IPP - indústria geral - índice (dez. 2013 = 100)";"IPP - indústria geral - índice (dez. 2013 = 100)";"Não oculta";"Internet";40;0;0;"Incluída em 19/abr/2016.";NA;"IPP12";"Internet";"Macro"
"11132";"IPP12_IPPCIE12";NA;NA;"Ativa";"IBGE/IPP";"Preços";"IPP - indústria extrativa - índice (dez. 2013 = 100)";"IPP - indústria extrativa - índice (dez. 2013 = 100)";"Não oculta";"Internet";40;0;0;"Incluída em 19/abr/2016.";NA;"IPP12";"Internet";"Macro"
"11133";"IPP12_IPPBK12";NA;NA;"Ativa";"IBGE/IPP";"Preços";"IPP - bens de capital - índice (dez. 2013 = 100)";"IPP - bens de capital - índice (dez. 2013 = 100)";"Não oculta";"Internet";40;0;0;"Incluída em 19/abr/2016.";NA;"IPP12";"Internet";"Macro"
"11134";"IPP12_IPPBI12";NA;NA;"Ativa";"IBGE/IPP";"Preços";"IPP - bens intermediários - índice (dez. 2013 = 100)";"IPP - bens intermediários - índice (dez. 2013 = 100)";"Não oculta";"Internet";40;0;0;"Incluída em 19/abr/2016.";NA;"IPP12";"Internet";"Macro"
"11135";"IPP12_IPPBC12";NA;NA;"Ativa";"IBGE/IPP";"Preços";"IPP - bens de consumo - índice (dez. 2013 = 100)";"IPP - bens de consumo - índice (dez. 2013 = 100)";"Não oculta";"Internet";40;0;0;"Incluída em 19/abr/2016.";NA;"IPP12";"Internet";"Macro"
"11136";"IPP12_IPPBCD12";NA;NA;"Ativa";"IBGE/IPP";"Preços";"IPP - bens de consumo duráveis - índice (dez. 2013 = 100)";"IPP - bens de consumo duráveis - índice (dez. 2013 = 100)";"Não oculta";"Internet";40;0;0;"Incluída em 19/abr/2016.";NA;"IPP12";"Internet";"Macro"
"11137";"IPP12_IPPBCND12";NA;NA;"Ativa";"IBGE/IPP";"Preços";"IPP - bens de consumo semiduráveis e não duráveis - índice (dez. 2013 = 100)";"IPP - bens de consumo semiduráveis e não duráveis - índice (dez. 2013 = 100)";"Não oculta";"Internet";40;0;0;"Incluída em 19/abr/2016.";NA;"IPP12";"Internet";"Macro"
"11138";"HIST_GUSAQ";2;1445;"Inativa";"Outras fontes";"Produção";"Produção - ferro gusa - qde.";"Produção de ferro gusa: quantidade";"Oculta";"Internet";90;0;1;"Incluída em 30/out/2003 . Decisão da Reunião de 30/out/2003 .";NA;"HIST";"Oculta";"Macro"
"11139";"HIST_GUSAV";5;1138;"Inativa";"Outras fontes";"Produção";"Produção - ferro gusa";"Produção de ferro gusa";"Não oculta";"Internet";90;0;1;"Incluída em 30/out/2003 . Decisão da Reunião de 30/out/2003 .";NA;"HIST";"Internet";"Macro"
"11140";"HIST_ACOQ";27;421;"Inativa";"Outras fontes";"Produção";"Produção - aço - qde.";"Produção de aço: quantidade";"Oculta";"Internet";90;0;1;"Incluída em 30/out/2003 . Decisão da Reunião de 30/out/2003 .";NA;"HIST";"Oculta";"Macro"
"11141";"HIST_ACOV";3;1315;"Inativa";"Outras fontes";"Produção";"Produção - aço";"Produção de aço";"Não oculta";"Internet";90;0;1;"Incluída em 30/out/2003 . Decisão da Reunião de 30/out/2003 .";NA;"HIST";"Internet";"Macro"
"11142";"HIST_LAMINAQ";1;1606;"Inativa";"Outras fontes";"Produção";"Produção - laminados - qde.";"Produção de laminados: quantidade";"Oculta";"Internet";90;0;1;"Incluída em 30/out/2003 . Decisão da Reunião de 30/out/2003 .";NA;"HIST";"Oculta";"Macro"
"11143";"HIST_LAMINAV";1;1606;"Inativa";"Outras fontes";"Produção";"Produção - laminados";"Produção de laminados";"Não oculta";"Internet";90;0;1;"Incluída em 30/out/2003 . Decisão da Reunião de 30/out/2003 .";NA;"HIST";"Internet";"Macro"
"11144";"COMP";26;4;"Ativa";"TSE";"Eleitorado";"Comparecimento no primeiro turno das eleições";"Comparecimento no primeiro turno das eleições";"Não oculta";"Internet";NA;0;0;NA;NA;"COMP";"Internet";"Regional"
"11145";"COMP2";9;20;"Ativa";"TSE";"Eleitorado";"Comparecimento no segundo turno das eleições";"Comparecimento no segundo turno das eleições";"Não oculta";"Internet";NA;0;0;NA;NA;"COMP2";"Internet";"Regional"
"11146";"ELEMUN";39;1;"Ativa";"TSE";"Eleitorado";"Eleitorado";"Eleitorado";"Não oculta";"Internet";NA;0;0;NA;NA;"ELEMUN";"Internet";"Regional"
"11147";"EUTEIS";5;33;"Ativa";"TSE";"Deputado Estadual";"Votos úteis - deputado estadual";"Votos úteis - deputado estadual";"Não oculta";"Internet";NA;0;0;NA;NA;"EUTEIS";"Internet";"Regional"
"11148";"NPTVOE";NA;NA;"Ativa";"TSE";"Deputado Estadual";"Número de partidos votados - deputado estadual(Municipal)";"Número de partidos votados - deputado estadual(Municipal)";"Não oculta";"Internet";NA;0;0;NA;NA;"NPTVOE";"Internet";"Regional"
"11149";"NPTVOEE";7;27;"Ativa";"TSE";"Deputado Estadual";"Número de partidos votados - deputado estadual(Estadual)";"Número de partidos votados - deputado estadual(Estadual)";"Não oculta";"Internet";NA;0;0;NA;NA;"NPTVOEE";"Internet";"Regional"
"11150";"DUTEIS";2;91;"Ativa";"TSE";"Deputado Federal";"Votos úteis - deputado federal";"Votos úteis - deputado federal";"Não oculta";"Internet";NA;0;0;NA;NA;"DUTEIS";"Internet";"Regional"
"11151";"NPTVOD";NA;NA;"Ativa";"TSE";"Deputado Federal";"Número de partidos votados - deputado federal(Municipal)";"Número de partidos votados - deputado federal(Municipal)";"Não oculta";"Internet";NA;0;0;NA;NA;"NPTVOD";"Internet";"Regional"
"11152";"NPTVODE";3;52;"Ativa";"TSE";"Deputado Federal";"Número de partidos votados - deputado federal(Estadual)";"Número de partidos votados - deputado federal(Estadual)";"Não oculta";"Internet";NA;0;0;NA;NA;"NPTVODE";"Internet";"Regional"
"11153";"G1VO1E";6;30;"Ativa";"TSE";"Governador";"Votação do candidato a governador mais votado no primeiro turno(Estadual)";"Votação do candidato a governador mais votado no primeiro turno(Estadual)";"Não oculta";"Internet";NA;0;0;NA;NA;"G1VO1E";"Internet";"Regional"
"11154";"G1VO2E";2;91;"Ativa";"TSE";"Governador";"Votação do segundo candidato a governador mais votado no primeiro turno(Estadual)";"Votação do segundo candidato a governador mais votado no primeiro turno(Estadual)";"Não oculta";"Internet";NA;0;0;NA;NA;"G1VO2E";"Internet";"Regional"
"11155";"GUTEIS";26;4;"Ativa";"TSE";"Governador";"Votos úteis - governador no primeiro turno";"Votos úteis - governador  no primeiro turno";"Não oculta";"Internet";NA;0;0;NA;NA;"GUTEIS";"Internet";"Regional"
"11156";"NPTVOG";NA;NA;"Ativa";"TSE";"Governador";"Número de partidos votados - governador(Municipal)";"Número de partidos votados - governador(Municipal)";"Não oculta";"Internet";NA;0;0;NA;NA;"NPTVOG";"Internet";"Regional"
"11157";"NPTVOGE";3;52;"Ativa";"TSE";"Governador";"Número de partidos votados - governador(Estadual)";"Número de partidos votados - governador(Estadual)";"Não oculta";"Internet";NA;0;0;NA;NA;"NPTVOGE";"Internet";"Regional"
"11158";"FBRANCO2";NA;NA;"Ativa";"TSE";"Prefeito";"Votos brancos - prefeito no segundo turno";"Votos brancos - prefeito no segundo turno";"Não oculta";"Internet";NA;0;0;NA;NA;"FBRANCO2";"Internet";"Regional"
"11159";"FNULO2";NA;NA;"Ativa";"TSE";"Prefeito";"Votos nulos - prefeito no segundo turno";"Votos nulos - prefeito no segundo turno";"Não oculta";"Internet";NA;0;0;NA;NA;"FNULO2";"Internet";"Regional"
"11160";"FPAN";1;140;"Ativa";"TSE";"Prefeito";"Votação do PAN - prefeito no primeiro turno";"Votação do PAN - prefeito no primeiro turno";"Não oculta";"Internet";NA;0;0;NA;NA;"FPAN";"Internet";"Regional"
"11161";"FPCB";NA;NA;"Ativa";"TSE";"Prefeito";"Votação do PCB - prefeito no primeiro turno";"Votação do PCB - prefeito no primeiro turno";"Não oculta";"Internet";NA;0;0;NA;NA;"FPCB";"Internet";"Regional"
"11162";"FPCDOB";3;52;"Ativa";"TSE";"Prefeito";"Votação do PC do B - prefeito no primeiro turno";"Votação do PC do B - prefeito no primeiro turno";"Não oculta";"Internet";NA;0;0;NA;NA;"FPCDOB";"Internet";"Regional"
"11163";"FPCDOB2";NA;NA;"Ativa";"TSE";"Prefeito";"Votação do PC do B - prefeito no segundo turno";"Votação do PC do B - prefeito no segundo turno";"Não oculta";"Internet";NA;0;0;NA;NA;"FPCDOB2";"Internet";"Regional"
"11164";"FPCO";NA;NA;"Ativa";"TSE";"Prefeito";"Votação do PCO - prefeito no primeiro turno";"Votação do PCO - prefeito no primeiro turno";"Não oculta";"Internet";NA;0;0;NA;NA;"FPCO";"Internet";"Regional"
"11165";"FPDT2";NA;NA;"Ativa";"TSE";"Prefeito";"Votação do PDT - prefeito no segundo turno";"Votação do PDT - prefeito no segundo turno";"Não oculta";"Internet";NA;0;0;NA;NA;"FPDT2";"Internet";"Regional"
"11166";"FPFL";3;52;"Ativa";"TSE";"Prefeito";"Votação do PFL - prefeito no primeiro turno";"Votação do PFL - prefeito no primeiro turno";"Não oculta";"Internet";NA;0;0;NA;NA;"FPFL";"Internet";"Regional"
"11167";"FPFL2";NA;NA;"Ativa";"TSE";"Prefeito";"Votação do PFL - prefeito no segundo turno";"Votação do PFL - prefeito no segundo turno";"Não oculta";"Internet";NA;0;0;NA;NA;"FPFL2";"Internet";"Regional"
"11168";"FPGT";NA;NA;"Ativa";"TSE";"Prefeito";"Votação do PGT - prefeito no primeiro turno";"Votação do PGT - prefeito no primeiro turno";"Não oculta";"Internet";NA;0;0;NA;NA;"FPGT";"Internet";"Regional"
"11169";"FPHS";NA;NA;"Ativa";"TSE";"Prefeito";"Votação do PHS - prefeito no primeiro turno";"Votação do PHS - prefeito no primeiro turno";"Não oculta";"Internet";NA;0;0;NA;NA;"FPHS";"Internet";"Regional"
"11170";"FPL";NA;NA;"Ativa";"TSE";"Prefeito";"Votação do PL - prefeito no primeiro turno";"Votação do PL - prefeito no primeiro turno";"Não oculta";"Internet";NA;0;0;NA;NA;"FPL";"Internet";"Regional"
"11171";"FPL2";NA;NA;"Ativa";"TSE";"Prefeito";"Votação do PL - prefeito no segundo turno";"Votação do PL - prefeito no segundo turno";"Não oculta";"Internet";NA;0;0;NA;NA;"FPL2";"Internet";"Regional"
"11172";"FPMDB2";NA;NA;"Ativa";"TSE";"Prefeito";"Votação do PMDB - prefeito no segundo turno";"Votação do PMDB - prefeito no segundo turno";"Não oculta";"Internet";NA;0;0;NA;NA;"FPMDB2";"Internet";"Regional"
"11173";"FPMN";NA;NA;"Ativa";"TSE";"Prefeito";"Votação do PMN - prefeito no primeiro turno";"Votação do PMN - prefeito no primeiro turno";"Não oculta";"Internet";NA;0;0;NA;NA;"FPMN";"Internet";"Regional"
"11174";"FPPB";NA;NA;"Ativa";"TSE";"Prefeito";"Votação do PPB - prefeito no primeiro turno";"Votação do PPB - prefeito no primeiro turno";"Não oculta";"Internet";NA;0;0;NA;NA;"FPPB";"Internet";"Regional"
"11175";"FPPB2";NA;NA;"Ativa";"TSE";"Prefeito";"Votação do PPB - prefeito no segundo turno";"Votação do PPB - prefeito no segundo turno";"Não oculta";"Internet";NA;0;0;NA;NA;"FPPB2";"Internet";"Regional"
"11176";"FPPS";NA;NA;"Ativa";"TSE";"Prefeito";"Votação do PPS - prefeito no primeiro turno";"Votação do PPS - prefeito no primeiro turno";"Não oculta";"Internet";NA;0;0;NA;NA;"FPPS";"Internet";"Regional"
"11177";"FPPS2";NA;NA;"Ativa";"TSE";"Prefeito";"Votação do PPS - prefeito no segundo turno";"Votação do PPS - prefeito no segundo turno";"Não oculta";"Internet";NA;0;0;NA;NA;"FPPS2";"Internet";"Regional"
"11178";"FPRN";NA;NA;"Ativa";"TSE";"Prefeito";"Votação do PRN - prefeito no primeiro turno";"Votação do PRN - prefeito no primeiro turno";"Não oculta";"Internet";NA;0;0;NA;NA;"FPRN";"Internet";"Regional"
"11179";"FPRONA";NA;NA;"Ativa";"TSE";"Prefeito";"Votação do PRONA - prefeito no primeiro turno";"Votação do PRONA - prefeito no primeiro turno";"Não oculta";"Internet";NA;0;0;NA;NA;"FPRONA";"Internet";"Regional"
"11180";"FPRP";1;140;"Ativa";"TSE";"Prefeito";"Votação do PRP - prefeito no primeiro turno";"Votação do PRP - prefeito no primeiro turno";"Não oculta";"Internet";NA;0;0;NA;NA;"FPRP";"Internet";"Regional"
"11181";"FPRTB";NA;NA;"Ativa";"TSE";"Prefeito";"Votação do PRTB - prefeito no primeiro turno";"Votação do PRTB - prefeito no primeiro turno";"Não oculta";"Internet";NA;0;0;NA;NA;"FPRTB";"Internet";"Regional"
"11182";"FPSB";2;91;"Ativa";"TSE";"Prefeito";"Votação do PSB - prefeito no primeiro turno";"Votação do PSB - prefeito no primeiro turno";"Não oculta";"Internet";NA;0;0;NA;NA;"FPSB";"Internet";"Regional"
"11183";"FPSB2";NA;NA;"Ativa";"TSE";"Prefeito";"Votação do PSB - prefeito no segundo turno";"Votação do PSB - prefeito no segundo turno";"Não oculta";"Internet";NA;0;0;NA;NA;"FPSB2";"Internet";"Regional"
"11184";"FPSC";NA;NA;"Ativa";"TSE";"Prefeito";"Votação do PSC - prefeito no primeiro turno";"Votação do PSC - prefeito no primeiro turno";"Não oculta";"Internet";NA;0;0;NA;NA;"FPSC";"Internet";"Regional"
"11185";"FPSC2";NA;NA;"Ativa";"TSE";"Prefeito";"Votação do PSC - prefeito no segundo turno";"Votação do PSC - prefeito no segundo turno";"Não oculta";"Internet";NA;0;0;NA;NA;"FPSC2";"Internet";"Regional"
"11186";"FPSD";NA;NA;"Ativa";"TSE";"Prefeito";"Votação do PSD - prefeito no primeiro turno";"Votação do PSD - prefeito no primeiro turno";"Não oculta";"Internet";NA;0;0;NA;NA;"FPSD";"Internet";"Regional"
"11187";"FPSD2";1;140;"Ativa";"TSE";"Prefeito";"Votação do PSD - prefeito no segundo turno";"Votação do PSD - prefeito no segundo turno";"Não oculta";"Internet";NA;0;0;NA;NA;"FPSD2";"Internet";"Regional"
"11188";"FPSDB";5;33;"Ativa";"TSE";"Prefeito";"Votação do PSDB - prefeito no primeiro turno";"Votação do PSDB - prefeito no primeiro turno";"Não oculta";"Internet";NA;0;0;NA;NA;"FPSDB";"Internet";"Regional"
"11189";"FPSDB2";NA;NA;"Ativa";"TSE";"Prefeito";"Votação do PSDB - prefeito no segundo turno";"Votação do PSDB - prefeito no segundo turno";"Não oculta";"Internet";NA;0;0;NA;NA;"FPSDB2";"Internet";"Regional"
"11190";"FPSDC";NA;NA;"Ativa";"TSE";"Prefeito";"Votação do PSDC - prefeito no primeiro turno";"Votação do PSDC - prefeito no primeiro turno";"Não oculta";"Internet";NA;0;0;NA;NA;"FPSDC";"Internet";"Regional"
"11191";"FPSDC2";NA;NA;"Ativa";"TSE";"Prefeito";"Votação do PSDC - prefeito no segundo turno";"Votação do PSDC - prefeito no segundo turno";"Não oculta";"Internet";NA;0;0;NA;NA;"FPSDC2";"Internet";"Regional"
"11192";"FPSL";NA;NA;"Ativa";"TSE";"Prefeito";"Votação do PSL - prefeito no primeiro turno";"Votação do PSL - prefeito no primeiro turno";"Não oculta";"Internet";NA;0;0;NA;NA;"FPSL";"Internet";"Regional"
"11193";"FPSL2";1;140;"Ativa";"TSE";"Prefeito";"Votação do PSL - prefeito no segundo turno";"Votação do PSL - prefeito no segundo turno";"Não oculta";"Internet";NA;0;0;NA;NA;"FPSL2";"Internet";"Regional"
"11194";"FPSN";NA;NA;"Ativa";"TSE";"Prefeito";"Votação do PSN - prefeito no primeiro turno";"Votação do PSN - prefeito no primeiro turno";"Não oculta";"Internet";NA;0;0;NA;NA;"FPSN";"Internet";"Regional"
"11195";"FPST";NA;NA;"Ativa";"TSE";"Prefeito";"Votação do PST - prefeito no primeiro turno";"Votação do PST - prefeito no primeiro turno";"Não oculta";"Internet";NA;0;0;NA;NA;"FPST";"Internet";"Regional"
"11196";"FPSTU";NA;NA;"Ativa";"TSE";"Prefeito";"Votação do PSTU - prefeito no primeiro turno";"Votação do PSTU - prefeito no primeiro turno";"Não oculta";"Internet";NA;0;0;NA;NA;"FPSTU";"Internet";"Regional"
"11197";"FPT2";NA;NA;"Ativa";"TSE";"Prefeito";"Votação do PT - prefeito no segundo turno";"Votação do PT - prefeito no segundo turno";"Não oculta";"Internet";NA;0;0;NA;NA;"FPT2";"Internet";"Regional"
"11198";"FPTB2";NA;NA;"Ativa";"TSE";"Prefeito";"Votação do PTB - prefeito no segundo turno";"Votação do PTB - prefeito no segundo turno";"Não oculta";"Internet";NA;0;0;NA;NA;"FPTB2";"Internet";"Regional"
"11199";"FPTDOB";NA;NA;"Ativa";"TSE";"Prefeito";"Votação do PT do B - prefeito no primeiro turno";"Votação do PT do B - prefeito no primeiro turno";"Não oculta";"Internet";NA;0;0;NA;NA;"FPTDOB";"Internet";"Regional"
"11200";"FPTN";NA;NA;"Ativa";"TSE";"Prefeito";"Votação do PTN - prefeito no primeiro turno";"Votação do PTN - prefeito no primeiro turno";"Não oculta";"Internet";NA;0;0;NA;NA;"FPTN";"Internet";"Regional"
"11201";"FPV";1;140;"Ativa";"TSE";"Prefeito";"Votação do PV - prefeito no primeiro turno";"Votação do PV - prefeito no primeiro turno";"Não oculta";"Internet";NA;0;0;NA;NA;"FPV";"Internet";"Regional"
"11202";"FPV2";NA;NA;"Ativa";"TSE";"Prefeito";"Votação do PV - prefeito no segundo turno";"Votação do PV - prefeito no segundo turno";"Não oculta";"Internet";NA;0;0;NA;NA;"FPV2";"Internet";"Regional"
"11203";"FUTEIS";3;52;"Ativa";"TSE";"Prefeito";"Votos úteis - prefeito no primeiro turno";"Votos úteis - prefeito no primeiro turno";"Não oculta";"Internet";NA;0;0;NA;NA;"FUTEIS";"Internet";"Regional"
"11204";"FUTEIS2";NA;NA;"Ativa";"TSE";"Prefeito";"Votos úteis - prefeito no segundo turno";"Votos úteis - prefeito no segundo turno";"Não oculta";"Internet";NA;0;0;NA;NA;"FUTEIS2";"Internet";"Regional"
"11205";"NCANDVOF";12;10;"Ativa";"TSE";"Prefeito";"Número de candidatos votados - prefeito";"Número de candidatos votados - prefeito";"Não oculta";"Internet";NA;0;0;NA;NA;"NCANDVOF";"Internet";"Regional"
"11206";"NPTVOF";4;38;"Ativa";"TSE";"Prefeito";"Número de partidos votados - prefeito";"Número de partidos votados - prefeito";"Não oculta";"Internet";NA;0;0;NA;NA;"NPTVOF";"Internet";"Regional"
"11207";"NPTVOP";NA;NA;"Ativa";"TSE";"Presidente";"Número de partidos votados - presidente(Municipal)";"Número de partidos votados - presidente(Municipal)";"Não oculta";"Internet";NA;0;0;NA;NA;"NPTVOP";"Internet";"Regional"
"11208";"NPTVOPBR";1;140;"Ativa";"TSE";"Presidente";"Número de partidos votados - presidente(Brasil)";"Número de partidos votados - presidente(Brasil)";"Não oculta";"Internet";NA;0;0;NA;NA;"NPTVOPBR";"Internet";"Regional"
"11209";"NPTVOPE";3;52;"Ativa";"TSE";"Presidente";"Número de partidos votados - presidente(Estadual)";"Número de partidos votados - presidente(Estadual)";"Não oculta";"Internet";NA;0;0;NA;NA;"NPTVOPE";"Internet";"Regional"
"11210";"NPTVOPR";NA;NA;"Ativa";"TSE";"Presidente";"Número de partidos votados - presidente(Regional)";"Número de partidos votados - presidente(Regional)";"Não oculta";"Internet";NA;0;0;NA;NA;"NPTVOPR";"Internet";"Regional"
"11211";"P1VO1";NA;NA;"Ativa";"TSE";"Presidente";"Votação do candidato a presidente mais votado no primeiro turno(Municipal)";"Votação do candidato a presidente mais votado no primeiro turno(Municipal)";"Não oculta";"Internet";NA;0;0;NA;NA;"P1VO1";"Internet";"Regional"
"11212";"P1VO1BR";1;140;"Ativa";"TSE";"Presidente";"Votação do candidato a presidente mais votado no primeiro turno(Brasil)";"Votação do candidato a presidente mais votado no primeiro turno(Brasil)";"Não oculta";"Internet";NA;0;0;NA;NA;"P1VO1BR";"Internet";"Regional"
"11213";"P1VO1E";8;24;"Ativa";"TSE";"Presidente";"Votação do candidato a presidente mais votado no primeiro turno(Estadual)";"Votação do candidato a presidente mais votado no primeiro turno(Estadual)";"Não oculta";"Internet";NA;0;0;NA;NA;"P1VO1E";"Internet";"Regional"
"11214";"P1VO1R";NA;NA;"Ativa";"TSE";"Presidente";"Votação do candidato a presidente mais votado no primeiro turno(Regional)";"Votação do candidato a presidente mais votado no primeiro turno(Regional)";"Não oculta";"Internet";NA;0;0;NA;NA;"P1VO1R";"Internet";"Regional"
"11215";"P1VO2";NA;NA;"Ativa";"TSE";"Presidente";"Votação do segundo candidato a presidente mais votado no primeiro turno(Municipal)";"Votação do segundo candidato a presidente mais votado no primeiro turno(Municipal)";"Não oculta";"Internet";NA;0;0;NA;NA;"P1VO2";"Internet";"Regional"
"11216";"P1VO2BR";NA;NA;"Ativa";"TSE";"Presidente";"Votação do segundo candidato a presidente mais votado no primeiro turno(Brasil)";"Votação do segundo candidato a presidente mais votado no primeiro turno(Brasil)";"Não oculta";"Internet";NA;0;0;NA;NA;"P1VO2BR";"Internet";"Regional"
"11217";"P1VO2E";NA;NA;"Ativa";"TSE";"Presidente";"Votação do segundo candidato a presidente mais votado no primeiro turno(Estadual)";"Votação do segundo candidato a presidente mais votado no primeiro turno(Estadual)";"Não oculta";"Internet";NA;0;0;NA;NA;"P1VO2E";"Internet";"Regional"
"11218";"P1VO2R";NA;NA;"Ativa";"TSE";"Presidente";"Votação do segundo candidato a presidente mais votado no primeiro turno(Regional)";"Votação do segundo candidato a presidente mais votado no primeiro turno(Regional)";"Não oculta";"Internet";NA;0;0;NA;NA;"P1VO2R";"Internet";"Regional"
"11219";"P2VO1";NA;NA;"Ativa";"TSE";"Presidente";"Votação do candidato a presidente mais votado no segundo turno(Municipal)";"Votação do candidato a presidente mais votado no segundo turno(Municipal)";"Não oculta";"Internet";NA;0;0;NA;NA;"P2VO1";"Internet";"Regional"
"11220";"P2VO1BR";NA;NA;"Ativa";"TSE";"Presidente";"Votação do candidato a presidente mais votado no segundo turno(Brasil)";"Votação do candidato a presidente mais votado no segundo turno(Brasil)";"Não oculta";"Internet";NA;0;0;NA;NA;"P2VO1BR";"Internet";"Regional"
"11221";"P2VO1E";5;33;"Ativa";"TSE";"Presidente";"Votação do candidato a presidente mais votado no segundo turno(Estadual)";"Votação do candidato a presidente mais votado no segundo turno(Estadual)";"Não oculta";"Internet";NA;0;0;NA;NA;"P2VO1E";"Internet";"Regional"
"11222";"P2VO1R";6;30;"Ativa";"TSE";"Presidente";"Votação do candidato a presidente mais votado no segundo turno(Regional)";"Votação do candidato a presidente mais votado no segundo turno(Regional)";"Não oculta";"Internet";NA;0;0;NA;NA;"P2VO1R";"Internet";"Regional"
"11223";"P2VO2";NA;NA;"Ativa";"TSE";"Presidente";"Votação do segundo candidato a presidente mais votado no segundo turno(Municipal)";"Votação do segundo candidato a presidente mais votado no segundo turno(Municipal)";"Não oculta";"Internet";NA;0;0;NA;NA;"P2VO2";"Internet";"Regional"
"11224";"P2VO2BR";NA;NA;"Ativa";"TSE";"Presidente";"Votação do segundo candidato a presidente mais votado no segundo turno(Brasil)";"Votação do segundo candidato a presidente mais votado no segundo turno(Brasil)";"Não oculta";"Internet";NA;0;0;NA;NA;"P2VO2BR";"Internet";"Regional"
"11225";"P2VO2E";NA;NA;"Ativa";"TSE";"Presidente";"Votação do segundo candidato a presidente mais votado no segundo turno(Estadual)";"Votação do segundo candidato a presidente mais votado no segundo turno(Estadual)";"Não oculta";"Internet";NA;0;0;NA;NA;"P2VO2E";"Internet";"Regional"
"11226";"P2VO2R";NA;NA;"Ativa";"TSE";"Presidente";"Votação do segundo candidato a presidente mais votado no segundo turno(Regional)";"Votação do segundo candidato a presidente mais votado no segundo turno(Regional)";"Não oculta";"Internet";NA;0;0;NA;NA;"P2VO2R";"Internet";"Regional"
"11227";"PBRANCO";10;13;"Ativa";"TSE";"Presidente";"Votos brancos - presidente no primeiro turno";"Votos brancos - presidente no primeiro turno";"Não oculta";"Internet";NA;0;0;NA;NA;"PBRANCO";"Internet";"Regional"
"11228";"PBRANCO2";3;52;"Ativa";"TSE";"Presidente";"Votos brancos - presidente no segundo turno";"Votos brancos - presidente no segundo turno";"Não oculta";"Internet";NA;0;0;NA;NA;"PBRANCO2";"Internet";"Regional"
"11229";"PNULO";10;13;"Ativa";"TSE";"Presidente";"Votos nulos - presidente no primeiro turno";"Votos nulos - presidente no primeiro turno";"Não oculta";"Internet";NA;0;0;NA;NA;"PNULO";"Internet";"Regional"
"11230";"PNULO2";2;91;"Ativa";"TSE";"Presidente";"Votos nulos - presidente no segundo turno";"Votos nulos - presidente no segundo turno";"Não oculta";"Internet";NA;0;0;NA;NA;"PNULO2";"Internet";"Regional"
"11231";"PPCB";2;91;"Ativa";"TSE";"Presidente";"Votação do PCB - presidente no primeiro turno";"Votação do PCB - presidente no primeiro turno";"Não oculta";"Internet";NA;0;0;NA;NA;"PPCB";"Internet";"Regional"
"11232";"PPCN";NA;NA;"Ativa";"TSE";"Presidente";"Votação do PCN - presidente no primeiro turno";"Votação do PCN - presidente no primeiro turno";"Não oculta";"Internet";NA;0;0;NA;NA;"PPCN";"Internet";"Regional"
"11233";"PPDC";NA;NA;"Ativa";"TSE";"Presidente";"Votação do PDC - presidente no primeiro turno";"Votação do PDC - presidente no primeiro turno";"Não oculta";"Internet";NA;0;0;NA;NA;"PPDC";"Internet";"Regional"
"11234";"PPDS";NA;NA;"Ativa";"TSE";"Presidente";"Votação do PDS - presidente no primeiro turno";"Votação do PDS - presidente no primeiro turno";"Não oculta";"Internet";NA;0;0;NA;NA;"PPDS";"Internet";"Regional"
"11235";"PPDT";1;140;"Ativa";"TSE";"Presidente";"Votação do PDT - presidente no primeiro turno";"Votação do PDT - presidente no primeiro turno";"Não oculta";"Internet";NA;0;0;NA;NA;"PPDT";"Internet";"Regional"
"11236";"PPFL";NA;NA;"Ativa";"TSE";"Presidente";"Votação do PFL - presidente no primeiro turno";"Votação do PFL - presidente no primeiro turno";"Não oculta";"Internet";NA;0;0;NA;NA;"PPFL";"Internet";"Regional"
"11237";"PPL";NA;NA;"Ativa";"TSE";"Presidente";"Votação do PL - presidente no primeiro turno";"Votação do PL - presidente no primeiro turno";"Não oculta";"Internet";NA;0;0;NA;NA;"PPL";"Internet";"Regional"
"11238";"PPLP";NA;NA;"Ativa";"TSE";"Presidente";"Votação do PLP - presidente no primeiro turno";"Votação do PLP - presidente no primeiro turno";"Não oculta";"Internet";NA;0;0;NA;NA;"PPLP";"Internet";"Regional"
"11239";"PPMDB";NA;NA;"Ativa";"TSE";"Presidente";"Votação do PMDB - presidente no primeiro turno";"Votação do PMDB - presidente no primeiro turno";"Não oculta";"Internet";NA;0;0;NA;NA;"PPMDB";"Internet";"Regional"
"11240";"PPMN";NA;NA;"Ativa";"TSE";"Presidente";"Votação do PMN - presidente no primeiro turno";"Votação do PMN - presidente no primeiro turno";"Não oculta";"Internet";NA;0;0;NA;NA;"PPMN";"Internet";"Regional"
"11241";"PPP";1;140;"Ativa";"TSE";"Presidente";"Votação do PP - presidente no primeiro turno";"Votação do PP - presidente no primeiro turno";"Não oculta";"Internet";NA;0;0;NA;NA;"PPP";"Internet";"Regional"
"11242";"PPPB";NA;NA;"Ativa";"TSE";"Presidente";"Votação do PPB - presidente no primeiro turno";"Votação do PPB - presidente no primeiro turno";"Não oculta";"Internet";NA;0;0;NA;NA;"PPPB";"Internet";"Regional"
"11243";"PPPS";2;91;"Ativa";"TSE";"Presidente";"Votação do PPS - presidente no primeiro turno";"Votação do PPS - presidente no primeiro turno";"Não oculta";"Internet";NA;0;0;NA;NA;"PPPS";"Internet";"Regional"
"11244";"PPRN";NA;NA;"Ativa";"TSE";"Presidente";"Votação do PRN - presidente no primeiro turno";"Votação do PRN - presidente no primeiro turno";"Não oculta";"Internet";NA;0;0;NA;NA;"PPRN";"Internet";"Regional"
"11245";"PPRN2";NA;NA;"Ativa";"TSE";"Presidente";"Votação do PRN - presidente no segundo turno";"Votação do PRN - presidente no segundo turno";"Não oculta";"Internet";NA;0;0;NA;NA;"PPRN2";"Internet";"Regional"
"11246";"PPRONA";NA;NA;"Ativa";"TSE";"Presidente";"Votação do PRONA - presidente no primeiro turno";"Votação do PRONA - presidente no primeiro turno";"Não oculta";"Internet";NA;0;0;NA;NA;"PPRONA";"Internet";"Regional"
"11247";"PPSC";1;140;"Ativa";"TSE";"Presidente";"Votação do PSC - presidente no primeiro turno";"Votação do PSC - presidente no primeiro turno";"Não oculta";"Internet";NA;0;0;NA;NA;"PPSC";"Internet";"Regional"
"11248";"PPSD";NA;NA;"Ativa";"TSE";"Presidente";"Votação do PSD - presidente no primeiro turno";"Votação do PSD - presidente no primeiro turno";"Não oculta";"Internet";NA;0;0;NA;NA;"PPSD";"Internet";"Regional"
"11249";"PPSDB";3;52;"Ativa";"TSE";"Presidente";"Votação do PSDB - presidente no primeiro turno";"Votação do PSDB - presidente no primeiro turno";"Não oculta";"Internet";NA;0;0;NA;NA;"PPSDB";"Internet";"Regional"
"11250";"PPSDC";NA;NA;"Ativa";"TSE";"Presidente";"Votação do PSDC - presidente no primeiro turno";"Votação do PSDC - presidente no primeiro turno";"Não oculta";"Internet";NA;0;0;NA;NA;"PPSDC";"Internet";"Regional"
"11251";"PPSN";NA;NA;"Ativa";"TSE";"Presidente";"Votação do PSN - presidente no primeiro turno";"Votação do PSN - presidente no primeiro turno";"Não oculta";"Internet";NA;0;0;NA;NA;"PPSN";"Internet";"Regional"
"11252";"PPSP";NA;NA;"Ativa";"TSE";"Presidente";"Votação do PSP - presidente no primeiro turno";"Votação do PSP - presidente no primeiro turno";"Não oculta";"Internet";NA;0;0;NA;NA;"PPSP";"Internet";"Regional"
"11253";"PPSTU";NA;NA;"Ativa";"TSE";"Presidente";"Votação do PSTU - presidente no primeiro turno";"Votação do PSTU - presidente no primeiro turno";"Não oculta";"Internet";NA;0;0;NA;NA;"PPSTU";"Internet";"Regional"
"11254";"PPT";10;13;"Ativa";"TSE";"Presidente";"Votação do PT - presidente no primeiro turno";"Votação do PT - presidente no primeiro turno";"Não oculta";"Internet";NA;0;0;NA;NA;"PPT";"Internet";"Regional"
"11255";"PPT2";10;13;"Ativa";"TSE";"Presidente";"Votação do PT - presidente no segundo turno";"Votação do PT - presidente no segundo turno";"Não oculta";"Internet";NA;0;0;NA;NA;"PPT2";"Internet";"Regional"
"11256";"PPTB";NA;NA;"Ativa";"TSE";"Presidente";"Votação do PTB - presidente no primeiro turno";"Votação do PTB - presidente no primeiro turno";"Não oculta";"Internet";NA;0;0;NA;NA;"PPTB";"Internet";"Regional"
"11257";"PPTDOB";NA;NA;"Ativa";"TSE";"Presidente";"Votação do PT do B - presidente no primeiro turno";"Votação do PT do B - presidente no primeiro turno";"Não oculta";"Internet";NA;0;0;NA;NA;"PPTDOB";"Internet";"Regional"
"11258";"PPTN";NA;NA;"Ativa";"TSE";"Presidente";"Votação do PTN - presidente no primeiro turno";"Votação do PTN - presidente no primeiro turno";"Não oculta";"Internet";NA;0;0;NA;NA;"PPTN";"Internet";"Regional"
"11259";"PPV";NA;NA;"Ativa";"TSE";"Presidente";"Votação do PV - presidente no primeiro turno";"Votação do PV - presidente no primeiro turno";"Não oculta";"Internet";NA;0;0;NA;NA;"PPV";"Internet";"Regional"
"11260";"PUTEIS";13;8;"Ativa";"TSE";"Presidente";"Votos úteis - presidente no primeiro turno";"Votos úteis - presidente no primeiro turno";"Não oculta";"Internet";NA;0;0;NA;NA;"PUTEIS";"Internet";"Regional"
"11261";"PUTEIS2";2;91;"Ativa";"TSE";"Presidente";"Votos úteis - presidente no segundo turno";"Votos úteis - presidente no segundo turno";"Não oculta";"Internet";NA;0;0;NA;NA;"PUTEIS2";"Internet";"Regional"
"11262";"NPTVOS";NA;NA;"Ativa";"TSE";"Senador";"Número de partidos votados - senador(Municipal)";"Número de partidos votados - senador(Municipal)";"Não oculta";"Internet";NA;0;0;NA;NA;"NPTVOS";"Internet";"Regional"
"11263";"NPTVOSE";2;91;"Ativa";"TSE";"Senador";"Número de partidos votados - senador(Estadual)";"Número de partidos votados - senador(Estadual)";"Não oculta";"Internet";NA;0;0;NA;NA;"NPTVOSE";"Internet";"Regional"
"11264";"SUTEIS";2;91;"Ativa";"TSE";"Senador";"Votos úteis - senador";"Votos úteis - senador";"Não oculta";"Internet";NA;0;0;NA;NA;"SUTEIS";"Internet";"Regional"
"11265";"NCANDVOV";1;140;"Ativa";"TSE";"Vereador";"Número de candidatos votados - vereador";"Número de candidatos votados - vereador";"Não oculta";"Internet";NA;0;0;NA;NA;"NCANDVOV";"Internet";"Regional"
"11266";"NPTVOV";NA;NA;"Ativa";"TSE";"Vereador";"Número de partidos votados - vereador";"Número de partidos votados - vereador";"Não oculta";"Internet";NA;0;0;NA;NA;"NPTVOV";"Internet";"Regional"
"11267";"VMAISVO2";NA;NA;"Ativa";"TSE";"Vereador";"Votação do segundo candidato a vereador mais votado";"Votação do segundo candidato a vereador mais votado";"Não oculta";"Internet";NA;0;0;NA;NA;"VMAISVO2";"Internet";"Regional"
"11268";"VPANC";NA;NA;"Ativa";"TSE";"Vereador";"Total de vereadores eleitos do PAN";"Total de vereadores eleitos do PAN";"Não oculta";"Internet";NA;0;0;NA;NA;"VPANC";"Internet";"Regional"
"11269";"VPANV";NA;NA;"Ativa";"TSE";"Vereador";"Votação do PAN - vereador";"Votação do PAN - vereador";"Não oculta";"Internet";NA;0;0;NA;NA;"VPANV";"Internet";"Regional"
"11270";"VPCBC";NA;NA;"Ativa";"TSE";"Vereador";"Total de vereadores eleitos do PCB";"Total de vereadores eleitos do PCB";"Não oculta";"Internet";NA;0;0;NA;NA;"VPCBC";"Internet";"Regional"
"11271";"VPCBV";NA;NA;"Ativa";"TSE";"Vereador";"Votação do PCB - vereador";"Votação do PCB - vereador";"Não oculta";"Internet";NA;0;0;NA;NA;"VPCBV";"Internet";"Regional"
"11272";"VPCDOBC";NA;NA;"Ativa";"TSE";"Vereador";"Total de vereadores eleitos do PC do B";"Total de vereadores eleitos do PC do B";"Não oculta";"Internet";NA;0;0;NA;NA;"VPCDOBC";"Internet";"Regional"
"11273";"VPCDOBV";NA;NA;"Ativa";"TSE";"Vereador";"Votação do PC do B - vereador";"Votação do PC do B - vereador";"Não oculta";"Internet";NA;0;0;NA;NA;"VPCDOBV";"Internet";"Regional"
"11274";"VPCOC";NA;NA;"Ativa";"TSE";"Vereador";"Total de vereadores eleitos do POC";"Total de vereadores eleitos do POC";"Não oculta";"Internet";NA;0;0;NA;NA;"VPCOC";"Internet";"Regional"
"11275";"VPCOV";NA;NA;"Ativa";"TSE";"Vereador";"Votação do PCO - vereador";"Votação do PCO - vereador";"Não oculta";"Internet";NA;0;0;NA;NA;"VPCOV";"Internet";"Regional"
"11276";"VPGTC";NA;NA;"Ativa";"TSE";"Vereador";"Total de vereadores eleitos do PGT";"Total de vereadores eleitos do PGT";"Não oculta";"Internet";NA;0;0;NA;NA;"VPGTC";"Internet";"Regional"
"11277";"VPGTV";NA;NA;"Ativa";"TSE";"Vereador";"Votação do PGT - vereador";"Votação do PGT - vereador";"Não oculta";"Internet";NA;0;0;NA;NA;"VPGTV";"Internet";"Regional"
"11278";"VPHSC";NA;NA;"Ativa";"TSE";"Vereador";"Total de vereadores eleitos do PHS";"Total de vereadores eleitos do PHS";"Não oculta";"Internet";NA;0;0;NA;NA;"VPHSC";"Internet";"Regional"
"11279";"VPHSV";NA;NA;"Ativa";"TSE";"Vereador";"Votação do PHS - vereador";"Votação do PHS - vereador";"Não oculta";"Internet";NA;0;0;NA;NA;"VPHSV";"Internet";"Regional"
"11280";"VPMNC";NA;NA;"Ativa";"TSE";"Vereador";"Total de vereadores eleitos do PMN";"Total de vereadores eleitos do PMN";"Não oculta";"Internet";NA;0;0;NA;NA;"VPMNC";"Internet";"Regional"
"11281";"VPMNV";NA;NA;"Ativa";"TSE";"Vereador";"Votação do PMN - vereador";"Votação do PMN - vereador";"Não oculta";"Internet";NA;0;0;NA;NA;"VPMNV";"Internet";"Regional"
"11282";"VPPSC";NA;NA;"Ativa";"TSE";"Vereador";"Total de vereadores eleitos do PPS";"Total de vereadores eleitos do PPS";"Não oculta";"Internet";NA;0;0;NA;NA;"VPPSC";"Internet";"Regional"
"11283";"VPPSV";NA;NA;"Ativa";"TSE";"Vereador";"Votação do PPS - vereador";"Votação do PPS - vereador";"Não oculta";"Internet";NA;0;0;NA;NA;"VPPSV";"Internet";"Regional"
"11284";"VPRNC";NA;NA;"Ativa";"TSE";"Vereador";"Total de vereadores eleitos do PRN";"Total de vereadores eleitos do PRN";"Não oculta";"Internet";NA;0;0;NA;NA;"VPRNC";"Internet";"Regional"
"11285";"VPRNV";NA;NA;"Ativa";"TSE";"Vereador";"Votação do PRN - vereador";"Votação do PRN - vereador";"Não oculta";"Internet";NA;0;0;NA;NA;"VPRNV";"Internet";"Regional"
"11286";"VPRONAC";NA;NA;"Ativa";"TSE";"Vereador";"Total de vereadores eleitos do PRONA";"Total de vereadores eleitos do PRONA";"Não oculta";"Internet";NA;0;0;NA;NA;"VPRONAC";"Internet";"Regional"
"11287";"VPRONAV";NA;NA;"Ativa";"TSE";"Vereador";"Votação do PRONA - vereador";"Votação do PRONA - vereador";"Não oculta";"Internet";NA;0;0;NA;NA;"VPRONAV";"Internet";"Regional"
"11288";"VPRPC";NA;NA;"Ativa";"TSE";"Vereador";"Total de vereadores eleitos do PRP";"Total de vereadores eleitos do PRP";"Não oculta";"Internet";NA;0;0;NA;NA;"VPRPC";"Internet";"Regional"
"11289";"VPRPV";NA;NA;"Ativa";"TSE";"Vereador";"Votação do PRP - vereador";"Votação do PRP - vereador";"Não oculta";"Internet";NA;0;0;NA;NA;"VPRPV";"Internet";"Regional"
"11290";"VPRTBC";NA;NA;"Ativa";"TSE";"Vereador";"Total de vereadores eleitos do PRTB";"Total de vereadores eleitos do PRTB";"Não oculta";"Internet";NA;0;0;NA;NA;"VPRTBC";"Internet";"Regional"
"11291";"VPRTBV";NA;NA;"Ativa";"TSE";"Vereador";"Votação do PRTB - vereador";"Votação do PRTB - vereador";"Não oculta";"Internet";NA;0;0;NA;NA;"VPRTBV";"Internet";"Regional"
"11292";"VPSBC";NA;NA;"Ativa";"TSE";"Vereador";"Total de vereadores eleitos do PSB";"Total de vereadores eleitos do PSB";"Não oculta";"Internet";NA;0;0;NA;NA;"VPSBC";"Internet";"Regional"
"11293";"VPSBV";1;140;"Ativa";"TSE";"Vereador";"Votação do PSB - vereador";"Votação do PSB - vereador";"Não oculta";"Internet";NA;0;0;NA;NA;"VPSBV";"Internet";"Regional"
"11294";"VPSCC";NA;NA;"Ativa";"TSE";"Vereador";"Total de vereadores eleitos do PSC";"Total de vereadores eleitos do PSC";"Não oculta";"Internet";NA;0;0;NA;NA;"VPSCC";"Internet";"Regional"
"11295";"VPSCV";NA;NA;"Ativa";"TSE";"Vereador";"Votação do PSC - vereador";"Votação do PSC - vereador";"Não oculta";"Internet";NA;0;0;NA;NA;"VPSCV";"Internet";"Regional"
"11296";"VPSDC";NA;NA;"Ativa";"TSE";"Vereador";"Total de vereadores eleitos do PSD";"Total de vereadores eleitos do PSD";"Não oculta";"Internet";NA;0;0;NA;NA;"VPSDC";"Internet";"Regional"
"11297";"VPSDCC";NA;NA;"Ativa";"TSE";"Vereador";"Total de vereadores eleitos do PSDC";"Total de vereadores eleitos do PSDC";"Não oculta";"Internet";NA;0;0;NA;NA;"VPSDCC";"Internet";"Regional"
"11298";"VPSDCV";NA;NA;"Ativa";"TSE";"Vereador";"Votação do PSDC - vereador";"Votação do PSDC - vereador";"Não oculta";"Internet";NA;0;0;NA;NA;"VPSDCV";"Internet";"Regional"
"11299";"VPSDV";NA;NA;"Ativa";"TSE";"Vereador";"Votação do PSD - vereador";"Votação do PSD - vereador";"Não oculta";"Internet";NA;0;0;NA;NA;"VPSDV";"Internet";"Regional"
"11300";"VPSLC";NA;NA;"Ativa";"TSE";"Vereador";"Total de vereadores eleitos do PSL";"Total de vereadores eleitos do PSL";"Não oculta";"Internet";NA;0;0;NA;NA;"VPSLC";"Internet";"Regional"
"11301";"VPSLV";NA;NA;"Ativa";"TSE";"Vereador";"Votação do PSL - vereador";"Votação do PSL - vereador";"Não oculta";"Internet";NA;0;0;NA;NA;"VPSLV";"Internet";"Regional"
"11302";"VPSNC";NA;NA;"Ativa";"TSE";"Vereador";"Total de vereadores eleitos do PSN";"Total de vereadores eleitos do PSN";"Não oculta";"Internet";NA;0;0;NA;NA;"VPSNC";"Internet";"Regional"
"11303";"VPSNV";NA;NA;"Ativa";"TSE";"Vereador";"Votação do PSN - vereador";"Votação do PSN - vereador";"Não oculta";"Internet";NA;0;0;NA;NA;"VPSNV";"Internet";"Regional"
"11304";"VPSTC";NA;NA;"Ativa";"TSE";"Vereador";"Total de vereadores eleitos do PST";"Total de vereadores eleitos do PST";"Não oculta";"Internet";NA;0;0;NA;NA;"VPSTC";"Internet";"Regional"
"11305";"VPSTUC";NA;NA;"Ativa";"TSE";"Vereador";"Total de vereadores eleitos do PSTU";"Total de vereadores eleitos do PSTU";"Não oculta";"Internet";NA;0;0;NA;NA;"VPSTUC";"Internet";"Regional"
"11306";"VPSTUV";NA;NA;"Ativa";"TSE";"Vereador";"Votação do PSTU - vereador";"Votação do PSTU - vereador";"Não oculta";"Internet";NA;0;0;NA;NA;"VPSTUV";"Internet";"Regional"
"11307";"VPSTV";NA;NA;"Ativa";"TSE";"Vereador";"Votação do PST - vereador";"Votação do PST - vereador";"Não oculta";"Internet";NA;0;0;NA;NA;"VPSTV";"Internet";"Regional"
"11308";"VPTDOBC";NA;NA;"Ativa";"TSE";"Vereador";"Total de vereadores eleitos do PT do B";"Total de vereadores eleitos do PT do B";"Não oculta";"Internet";NA;0;0;NA;NA;"VPTDOBC";"Internet";"Regional"
"11309";"VPTDOBV";NA;NA;"Ativa";"TSE";"Vereador";"Votação do PT do B - vereador";"Votação do PT do B - vereador";"Não oculta";"Internet";NA;0;0;NA;NA;"VPTDOBV";"Internet";"Regional"
"11310";"VPTNC";NA;NA;"Ativa";"TSE";"Vereador";"Total de vereadores eleitos do PTN";"Total de vereadores eleitos do PTN";"Não oculta";"Internet";NA;0;0;NA;NA;"VPTNC";"Internet";"Regional"
"11311";"VPTNV";1;140;"Ativa";"TSE";"Vereador";"Votação do PTN - vereador";"Votação do PTN - vereador";"Não oculta";"Internet";NA;0;0;NA;NA;"VPTNV";"Internet";"Regional"
"11312";"VPVC";1;140;"Ativa";"TSE";"Vereador";"Total de vereadores eleitos do PV";"Total de vereadores eleitos do PV";"Não oculta";"Internet";NA;0;0;NA;NA;"VPVC";"Internet";"Regional"
"11313";"VPVV";NA;NA;"Ativa";"TSE";"Vereador";"Votação do PV - vereador";"Votação do PV - vereador";"Não oculta";"Internet";NA;0;0;NA;NA;"VPVV";"Internet";"Regional"
"11314";"VUTEIS";NA;NA;"Ativa";"TSE";"Vereador";"Votos úteis - vereador";"Votos úteis - vereador";"Não oculta";"Internet";NA;0;0;NA;NA;"VUTEIS";"Internet";"Regional"
"11315";"G1PT1E";20;6;"Ativa";"TSE";"Governador";"Partido do candidato a governador mais votado no primeiro turno(Estadual)";"Partido do candidato a governador mais votado no primeiro turno(Estadual)";"Não oculta";"Internet";NA;0;0;NA;NA;"G1PT1E";"Internet";"Regional"
"11316";"G1PT2E";12;10;"Ativa";"TSE";"Governador";"Partido do segundo candidato a governador mais votado no primeiro turno(Estadual)";"Partido do segundo candidato a governador mais votado no primeiro turno(Estadual)";"Não oculta";"Internet";NA;0;0;NA;NA;"G1PT2E";"Internet";"Regional"
"11317";"G2PT1";NA;NA;"Ativa";"TSE";"Governador";"Partido do candidato a governador mais votado no segundo turno(Municipal)";"Partido do candidato a governador mais votado no segundo turno(Municipal)";"Não oculta";"Internet";NA;0;0;NA;NA;"G2PT1";"Internet";"Regional"
"11318";"P1PT1";2;91;"Ativa";"TSE";"Presidente";"Partido do candidato a presidente mais votado no primeiro turno(Municipal)";"Partido do candidato a presidente mais votado no primeiro turno(Municipal)";"Não oculta";"Internet";NA;0;0;NA;NA;"P1PT1";"Internet";"Regional"
"11319";"P1PT1BR";1;140;"Ativa";"TSE";"Presidente";"Partido do candidato a presidente mais votado no primeiro turno(Brasil)";"Partido do candidato a presidente mais votado no primeiro turno(Brasil)";"Não oculta";"Internet";NA;0;0;NA;NA;"P1PT1BR";"Internet";"Regional"
"11320";"P1PT1E";3;52;"Ativa";"TSE";"Presidente";"Partido do candidato a presidente mais votado no primeiro turno(Estadual)";"Partido do candidato a presidente mais votado no primeiro turno(Estadual)";"Não oculta";"Internet";NA;0;0;NA;NA;"P1PT1E";"Internet";"Regional"
"11321";"P1PT1R";2;91;"Ativa";"TSE";"Presidente";"Partido do candidato a presidente mais votado no primeiro turno(Regional)";"Partido do candidato a presidente mais votado no primeiro turno(Regional)";"Não oculta";"Internet";NA;0;0;NA;NA;"P1PT1R";"Internet";"Regional"
"11322";"P1PT2";1;140;"Ativa";"TSE";"Presidente";"Partido do segundo candidato a presidente mais votado no primeiro turno(Municipal)";"Partido do segundo candidato a presidente mais votado no primeiro turno(Municipal)";"Não oculta";"Internet";NA;0;0;NA;NA;"P1PT2";"Internet";"Regional"
"11323";"P1PT2BR";NA;NA;"Ativa";"TSE";"Presidente";"Partido do segundo candidato a presidente mais votado no primeiro turno(Brasil)";"Partido do segundo candidato a presidente mais votado no primeiro turno(Brasil)";"Não oculta";"Internet";NA;0;0;NA;NA;"P1PT2BR";"Internet";"Regional"
"11324";"P1PT2E";NA;NA;"Ativa";"TSE";"Presidente";"Partido do segundo candidato a presidente mais votado no primeiro turno(Estadual)";"Partido do segundo candidato a presidente mais votado no primeiro turno(Estadual)";"Não oculta";"Internet";NA;0;0;NA;NA;"P1PT2E";"Internet";"Regional"
"11325";"P1PT2R";NA;NA;"Ativa";"TSE";"Presidente";"Partido do segundo candidato a presidente mais votado no primeiro turno(Regional)";"Partido do segundo candidato a presidente mais votado no primeiro turno(Regional)";"Não oculta";"Internet";NA;0;0;NA;NA;"P1PT2R";"Internet";"Regional"
"11326";"P2PT1";NA;NA;"Ativa";"TSE";"Presidente";"Partido do candidato a presidente mais votado no segundo turno(Municipal)";"Partido do candidato a presidente mais votado no segundo turno(Municipal)";"Não oculta";"Internet";NA;0;0;NA;NA;"P2PT1";"Internet";"Regional"
"11327";"P2PT1BR";NA;NA;"Ativa";"TSE";"Presidente";"Partido do candidato a presidente mais votado no segundo turno(Brasil)";"Partido do candidato a presidente mais votado no segundo turno(Brasil)";"Não oculta";"Internet";NA;0;0;NA;NA;"P2PT1BR";"Internet";"Regional"
"11328";"P2PT1E";3;52;"Ativa";"TSE";"Presidente";"Partido do candidato a presidente mais votado no segundo turno(Estadual)";"Partido do candidato a presidente mais votado no segundo turno(Estadual)";"Não oculta";"Internet";NA;0;0;NA;NA;"P2PT1E";"Internet";"Regional"
"11329";"P2PT1R";2;91;"Ativa";"TSE";"Presidente";"Partido do candidato a presidente mais votado no segundo turno(Regional)";"Partido do candidato a presidente mais votado no segundo turno(Regional)";"Não oculta";"Internet";NA;0;0;NA;NA;"P2PT1R";"Internet";"Regional"
"11330";"P2PT2";NA;NA;"Ativa";"TSE";"Presidente";"Partido do segundo candidato a presidente mais votado no segundo turno(Municipal)";"Partido do segundo candidato a presidente mais votado no segundo turno(Municipal)";"Não oculta";"Internet";NA;0;0;NA;NA;"P2PT2";"Internet";"Regional"
"11331";"P2PT2BR";NA;NA;"Ativa";"TSE";"Presidente";"Partido do segundo candidato a presidente mais votado no segundo turno(Brasil)";"Partido do segundo candidato a presidente mais votado no segundo turno(Brasil)";"Não oculta";"Internet";NA;0;0;NA;NA;"P2PT2BR";"Internet";"Regional"
"11332";"P2PT2E";NA;NA;"Ativa";"TSE";"Presidente";"Partido do segundo candidato a presidente mais votado no segundo turno(Estadual)";"Partido do segundo candidato a presidente mais votado no segundo turno(Estadual)";"Não oculta";"Internet";NA;0;0;NA;NA;"P2PT2E";"Internet";"Regional"
"11333";"P2PT2R";NA;NA;"Ativa";"TSE";"Presidente";"Partido do segundo candidato a presidente mais votado no segundo turno(Regional)";"Partido do segundo candidato a presidente mais votado no segundo turno(Regional)";"Não oculta";"Internet";NA;0;0;NA;NA;"P2PT2R";"Internet";"Regional"
"11334";"VMAISPT2";NA;NA;"Ativa";"TSE";"Vereador";"Partido do segundo candidato a vereador mais votado";"Partido do segundo candidato a vereador mais votado";"Não oculta";"Internet";NA;0;0;NA;NA;"VMAISPT2";"Internet";"Regional"
"11335";"DISESP";20;8;"Ativa";"Nemesis";"Transporte";"Custos de transportes da Sede Municipal até São Paulo";"Custos de transportes da Sede Municipal até São Paulo";"Não oculta";"Internet";NA;0;0;NA;NA;"DISESP";"Internet";"Regional"
"11336";"DISECE";38;3;"Ativa";"Nemesis";"Transporte";"Custos de transportes da Sede Municipal até a Capital mais próxima";"Custos de transportes da Sede Municipal até a Capital mais próxima";"Não oculta";"Internet";NA;0;0;NA;NA;"DISECE";"Internet";"Regional"
"11337";"SPDENS";2;1445;"Ativa";"IPEA";"Habitação";"Domicílios - com densidade acima de 2 pessoas por dormitório - pessoas";"Domicílios - com densidade acima de 2 pessoas por dormitório - pessoas";"Não oculta";"Internet";NA;0;0;NA;NA;"SPDENS";"Internet";"Social"
"11338";"SPDURA";11;772;"Ativa";"IPEA";"Habitação";"Domicílios - com material de construção durável - pessoas";"Domicílios - com material de construção durável - pessoas";"Não oculta";"Internet";NA;0;0;NA;NA;"SPDURA";"Internet";"Social"
"11339";"SPAGUA";56;210;"Ativa";"IPEA";"Habitação";"Domicílios - com água potável na rede geral - pessoas";"Domicílios - com água potável na rede geral - pessoas";"Não oculta";"Internet";NA;0;0;NA;NA;"SPAGUA";"Internet";"Social"
"11340";"SPESCO";48;252;"Ativa";"IPEA";"Habitação";"Domicílios - com instalação adequada de esgoto - pessoas";"Domicílios - com instalação adequada de esgoto - pessoas";"Não oculta";"Internet";NA;0;0;NA;NA;"SPESCO";"Internet";"Social"
"11341";"SPPARE";2;1445;"Ativa";"IPEA";"Habitação";"Domicílios - com parede durável - pessoas";"Domicílios - com parede durável - pessoas";"Não oculta";"Internet";NA;0;0;NA;NA;"SPPARE";"Internet";"Social"
"11342";"SPTELH";5;1138;"Ativa";"IPEA";"Habitação";"Domicílios - com telhado durável - pessoas";"Domicílios - com telhado durável - pessoas";"Não oculta";"Internet";NA;0;0;NA;NA;"SPTELH";"Internet";"Social"
"11343";"SPNDOM";19;538;"Ativa";"IPEA";"Habitação";"Domicilios -  particulares permanentes - número";"Domicilios -  particulares permanentes - número";"Não oculta";"Internet";NA;0;0;NA;NA;"SPNDOM";"Internet";"Social"
"11344";"HIST_INDMASID";12;739;"Inativa";"IPEA";"Contas nacionais";"Indústria - manufaturas - siderurgia - índice (média 1939 = 100)";"Indústria - manufaturas - siderurgia - índice (média 1939 = 100)";"Não oculta";"Internet";360;0;1;NA;NA;"HIST";"Internet";"Macro"
"11345";"HIST_INDMAAUT";11;772;"Inativa";"Outras fontes";"Contas nacionais";"Indústria - manufaturas - automóveis - índice (média 1939 = 100)";"Indústria - manufaturas - automóveis - índice (média 1939 = 100)";"Não oculta";"Internet";90;0;1;"Incluída em 26/nov/2003 .";NA;"HIST";"Internet";"Macro"
"11346";"HIST_INDMAGRAF";8;932;"Inativa";"IPEA";"Contas nacionais";"Indústria - manufaturas - gráfica - índice (média 1939 = 100)";"Indústria - manufaturas - gráfica - índice (média 1939 = 100)";"Não oculta";"Internet";360;0;1;"Incluída em 26/nov/2003 .";NA;"HIST";"Internet";"Macro"
"11347";"HIST_INDENER";7;991;"Inativa";"Outras fontes";"Contas nacionais";"Indústria - energia - índice (média 1939 = 100)";"Indústria - energia - índice (média 1939 = 100)";"Não oculta";"Internet";90;0;1;"Incluída em 26/nov/2003 .";NA;"HIST";"Internet";"Macro"
"11348";"IGP366_IPCS366";63;17;"Ativa";"FGV/Conj. Econ. - IGP";"Preços";"Inflação - IPC-S";"Inflação - índice de preços ao consumidor semanal - IPC-S";"Não oculta";"Internet";15;0;0;"Incluída em 01/dez/2003 .";NA;"IGP366";"Internet";"Macro"
"11349";"HIST_ESCR";57;203;"Inativa";"Outras fontes";"População";"Escravos africanos - importação";"Escravos africanos - importação";"Não oculta";"Internet";0;0;1;"Incluída em 02/dez/2003 .";NA;"HIST";"Internet";"Macro"
"11350";"FIPE12_IPCFIPE12_FIPE0001";NA;NA;"Inativa";"Fipe";"Preços";"apagar";"Inflação - IPC (FIPE)";"Oculta";"Internet";5;0;0;"Incluída em 10/set/2003 .";"Gerada";"FIPE12";"Oculta";"Macro"
"11351";"FIPE12_IPCFIPE12_apagar";NA;NA;"Inativa";"Fipe";"Preços";"IPC - geral - índice (jun. 1994 = 100) - RMSP";"IPC - geral - índice (jun. 1994 = 100) - RMSP";"Oculta";"Internet";5;0;0;NA;"Gerada";"FIPE12";"Oculta";"Macro"
"11352";"HIST_FUMOPACQ";1;1606;"Inativa";"Outras fontes";"Produção";"Produção - cigarros - qde.";"Produção - cigarros: quantidade";"Não oculta";"Internet";90;0;1;"Incluída em 04/dez/2003 .";NA;"HIST";"Internet";"Macro"
"11353";"HIST_FUMOPACV";NA;NA;"Inativa";"Outras fontes";"Produção";"Produção - cigarros";"Produção - cigarros";"Não oculta";"Internet";90;0;1;"Incluída em 04/dez/2003 .";NA;"HIST";"Internet";"Macro"
"11354";"SPRENDAT";63;188;"Ativa";"IPEA";"Mercado de trabalho";"Renda média - todos os trabalhos";"Renda média - todos os trabalhos";"Oculta";"Internet";NA;0;0;NA;NA;"SPRENDAT";"Oculta";"Social"
"11355";"SPRENDAP";24;457;"Ativa";"IPEA";"Mercado de trabalho";"Renda média - do primeiro trabalho";"Renda média - do primeiro trabalho";"Oculta";"Internet";NA;0;0;NA;NA;"SPRENDAP";"Oculta";"Social"
"11356";"SPNHORA";67;173;"Ativa";"IPEA";"Mercado de trabalho";"Horas trabalhadas - média";"Horas trabalhadas - média";"Oculta";"Internet";NA;0;0;NA;NA;"SPNHORA";"Oculta";"Social"
"11357";"SPSALHOR";69;165;"Ativa";"IPEA";"Mercado de trabalho";"Salário hora - média";"Salário hora - média";"Oculta";"Internet";NA;0;0;NA;NA;"SPSALHOR";"Oculta";"Social"
"11358";"SPCARTEIRA";122;88;"Ativa";"IPEA";"Mercado de trabalho";"População ocupada - empregada - com carteira assinada";"População ocupada - empregada - com carteira assinada";"Oculta";"Internet";NA;0;0;NA;NA;"SPCARTEIRA";"Oculta";"Social"
"11359";"SPMENO40";8;932;"Ativa";"IPEA";"Mercado de trabalho";"População ocupada - empregada - que trabalham menos de 40 horas";"População ocupada - empregada - que trabalham menos de 40 horas";"Oculta";"Internet";NA;0;0;NA;NA;"SPMENO40";"Oculta";"Social"
"11360";"SPAGRIPES";66;180;"Ativa";"IPEA";"Mercado de trabalho";"População ocupada - empregada - agricultura e pesca";"População ocupada - empregada - agricultura e pesca";"Oculta";"Internet";NA;0;0;NA;NA;"SPAGRIPES";"Oculta";"Social"
"11361";"SPMINERIA";24;457;"Ativa";"IPEA";"Mercado de trabalho";"População ocupada - empregada - minerio";"População ocupada - empregada - minerio";"Oculta";"Internet";NA;0;0;NA;NA;"SPMINERIA";"Oculta";"Social"
"11362";"SPINDUSTR";71;159;"Ativa";"IPEA";"Mercado de trabalho";"População ocupada - empregada - indústria";"População ocupada - empregada - indústria";"Oculta";"Internet";NA;0;0;NA;NA;"SPINDUSTR";"Oculta";"Social"
"11363";"SPELETRIC";15;639;"Ativa";"IPEA";"Mercado de trabalho";"População ocupada - empregada - eletricidade, água e gás";"População ocupada - empregada - eletricidade, água e gás";"Oculta";"Internet";NA;0;0;NA;NA;"SPELETRIC";"Oculta";"Social"
"11364";"SPCONSTRU";17;594;"Ativa";"IPEA";"Mercado de trabalho";"População ocupada - empregada - construção";"População ocupada - empregada - construção";"Oculta";"Internet";NA;0;0;NA;NA;"SPCONSTRU";"Oculta";"Social"
"11365";"SPCOMERCI";60;197;"Ativa";"IPEA";"Mercado de trabalho";"População ocupada - empregada - comércio";"População ocupada - empregada - comércio";"Oculta";"Internet";NA;0;0;NA;NA;"SPCOMERCI";"Oculta";"Social"
"11366";"SPTRANPCO";15;639;"Ativa";"IPEA";"Mercado de trabalho";"População ocupada - empregada - transporte e comunicação";"População ocupada - empregada - transporte e comunicação";"Oculta";"Internet";NA;0;0;NA;NA;"SPTRANPCO";"Oculta";"Social"
"11367";"SPFINANCI";17;594;"Ativa";"IPEA";"Mercado de trabalho";"População ocupada - empregada - financeiro";"População ocupada - empregada - financeiro";"Oculta";"Internet";NA;0;0;NA;NA;"SPFINANCI";"Oculta";"Social"
"11368";"SPSERVICO";78;139;"Ativa";"IPEA";"Mercado de trabalho";"População ocupada - empregada - serviços";"População ocupada - empregada - serviços";"Oculta";"Internet";NA;0;0;NA;NA;"SPSERVICO";"Oculta";"Social"
"11369";"SPSOCUP";314;31;"Ativa";"IPEA";"Mercado de trabalho";"População ocupada";"População ocupada";"Oculta";"Internet";NA;0;0;NA;NA;"SPSOCUP";"Oculta";"Social"
"11370";"PPN";NA;NA;"Ativa";"TSE";"Presidente";"Votação do PPN - presidente no primeiro turno";"Votação do PPN - presidente no primeiro turno";"Não oculta";"Internet";NA;0;0;NA;NA;"PPN";"Internet";"Regional"
"11371";"HIST_GOVRECL";3;1315;"Inativa";"Outras fontes";"Finanças públicas";"Receita arrecadada líquida - governo consolidado";"Receita arrecadada líquida - governo consolidado";"Não oculta";"Internet";90;0;1;"Incluída em 11/dez/2003 .";NA;"HIST";"Internet";"Macro"
"11372";"HIST12_ERV12";6;1117;"Inativa";"Outras fontes";"Câmbio";"Taxa de câmbio - libra esterlina / mil réis - RJ";"Taxa de  câmbio média mensal da libra esterlina (réis por pence) na praça do Rio de Janeiro (RJ)";"Não oculta";"Internet";90;0;1;"Incluída em 16/dez/2003 .";NA;"HIST12";"Internet";"Macro"
"11373";"HIST_VAENERG";NA;NA;"Inativa";"Outras fontes";"Contas nacionais";"Valor adicionado - energia";"Valor adicionado - energia";"Não oculta";"Internet";90;0;1;"Incluída em 28/out/2004 .";NA;"HIST";"Internet";"Macro"
"11374";"HIST_VAQUI";1;1606;"Inativa";"Outras fontes";"Contas nacionais";"Valor adicionado - química";"Valor adicionado - química";"Não oculta";"Internet";90;0;1;"Incluída em 28/out/2004 .";NA;"HIST";"Internet";"Macro"
"11375";"HIST_VAAUTO";3;1315;"Inativa";"Outras fontes";"Contas nacionais";"Valor adicionado - automóveis";"Valor adicionado - automóveis";"Não oculta";"Internet";90;0;1;"Incluída em 28/out/2004 .";NA;"HIST";"Internet";"Macro"
"11376";"HIST_VAGRAF";NA;NA;"Inativa";"Outras fontes";"Contas nacionais";"Valor adicionado - gráfica";"Valor adicionado - gráfica";"Não oculta";"Internet";90;0;1;"Incluída em 28/out/2004 .";NA;"HIST";"Internet";"Macro"
"11377";"HIST_VAINDU";20;518;"Inativa";"Outras fontes";"Contas nacionais";"PIB - indústria - índice (média 1939 = 100)";"Produto interno bruto (PIB) - indústria: índice (média 1939 = 100)";"Não oculta";"Internet";90;0;1;"Incluída em 28/out/2004 .";NA;"HIST";"Internet";"Macro"
"11378";"HIST_INDMANU";8;932;"Inativa";"Outras fontes";"Contas nacionais";"Indústria - manufaturas - índice (média 1939 = 100)";"Indústria - manufaturas - índice (média 1939 = 100)";"Não oculta";"Internet";90;0;1;"Incluída em 28/out/2004 .";NA;"HIST";"Internet";"Macro"
"11379";"Gac4_PIBPMVD4";51;42;"Inativa";"IPEA";"Projeções";"PIB - preços de mercado - projeção";"Produto interno bruto (PIB) a preços de mercado: projeção";"Oculta";"Intranet";180;0;0;NA;NA;"Gac4";"Oculta";"Macro"
"11380";"Gac4_PIBPMV4";36;62;"Inativa";"IPEA";"Projeções";"PIB - preços de mercado - projeção";"Produto interno bruto (PIB) a preços de mercado: projeção";"Oculta";"Intranet";180;0;0;NA;NA;"Gac4";"Oculta";"Macro"
"11381";"Gac4_PIBPM24";4;347;"Inativa";"IPEA";"Projeções";"PIB - preços de mercado - índice encadeado (média 1990 = 100) - projeção";"Produto interno bruto (PIB) a preços de mercado: índice encadeado (média 1990 = 100) - projeção";"Oculta";"Intranet";180;0;0;NA;NA;"Gac4";"Oculta";"Macro"
"11382";"Gac4_FBKFI4";10;202;"Inativa";"IPEA";"Projeções";"Capital fixo - formação bruta - índice encadeado (média 1990 = 100) - projeção";"Capital fixo - formação bruta - índice encadeado (média 1990 = 100) - projeção";"Oculta";"Intranet";180;0;0;NA;NA;"Gac4";"Oculta";"Macro"
"11383";"Gac4_CTI4";13;155;"Inativa";"IPEA";"Projeções";"Consumo final - índice encadeado (média 1990 = 100) - projeção";"Consumo final - índice encadeado (média 1990 = 100) - projeção";"Oculta";"Intranet";180;0;0;NA;NA;"Gac4";"Oculta";"Macro"
"11384";"Gac4_CFPPI4";19;109;"Inativa";"IPEA";"Projeções";"Consumo final - famílias - índice encadeado (média 1990 = 100) - projeção";"Consumo final - famílias - índice encadeado (média 1990 = 100) - projeção";"Oculta";"Intranet";180;0;0;NA;NA;"Gac4";"Oculta";"Macro"
"11385";"Gac4_CFGGI4";13;155;"Inativa";"IPEA";"Projeções";"Consumo final - adm. pública - índice encadeado (média 1990 = 100) - projeção";"Consumo final - adm. pública - índice encadeado (média 1990 = 100) - projeção";"Oculta";"Intranet";180;0;0;NA;NA;"Gac4";"Oculta";"Macro"
"11386";"Gac4_XBSZI4";4;347;"Inativa";"IPEA";"Projeções";"Exportações - bens e serviços - índice encadeado (média 1990 = 100) - projeção";"Exportações - bens e serviços - índice encadeado (média 1990 = 100) - projeção";"Oculta";"Intranet";180;0;0;NA;NA;"Gac4";"Oculta";"Macro"
"11387";"Gac4_MBSZI4";3;393;"Inativa";"IPEA";"Projeções";"Importações - bens e serviços - índice encadeado (média 1990 = 100) - projeção";"Importações - bens e serviços - índice encadeado (média 1990 = 100) - projeção";"Oculta";"Intranet";180;0;0;NA;NA;"Gac4";"Oculta";"Macro"
"11388";"Gac4_FBKFPIBV4";46;49;"Inativa";"IPEA";"Projeções";"Taxa de investimento - preços correntes - projeção";"Taxa de investimento - preços correntes - projeção";"Oculta";"Intranet";180;0;0;NA;NA;"Gac4";"Oculta";"Macro"
"11389";"Gac4_CUTIND4";15;140;"Inativa";"IPEA";"Projeções";"Utilização da capacidade - indústria - média - projeção";"Utilização da capacidade - indústria - média - projeção";"Oculta";"Intranet";180;0;0;NA;NA;"Gac4";"Oculta";"Macro"
"11390";"Gac4_SBC4";39;56;"Inativa";"IPEA";"Projeções";"Balança comercial - (FOB) - saldo - projeção";"Balança comercial - (FOB) - saldo - projeção";"Oculta";"Intranet";180;0;0;NA;NA;"Gac4";"Oculta";"Macro"
"11391";"Gac4_XTV4";30;78;"Inativa";"IPEA";"Projeções";"Exportações - (FOB) - projeção";"Exportações - (FOB) - projeção";"Oculta";"Intranet";180;0;0;NA;NA;"Gac4";"Oculta";"Macro"
"11392";"Gac4_MTV4";14;148;"Inativa";"IPEA";"Projeções";"Importações - (FOB) - projeção";"Importações - (FOB) - projeção";"Oculta";"Intranet";180;0;0;NA;NA;"Gac4";"Oculta";"Macro"
"11393";"Gac4_SER4";8;244;"Inativa";"IPEA";"Projeções";"Serviços e rendas - saldo - projeção";"Serviços e rendas - saldo - projeção";"Oculta";"Intranet";180;0;0;NA;NA;"Gac4";"Oculta";"Macro"
"11394";"Gac4_SERR4";7;270;"Inativa";"IPEA";"Projeções";"Serviços e rendas - rendas - projeção";"Serviços e rendas - rendas - projeção";"Oculta";"Intranet";180;0;0;NA;NA;"Gac4";"Oculta";"Macro"
"11395";"Gac4_LUD4";4;347;"Inativa";"IPEA";"Projeções";"Serviços e rendas - rendas - lucros e dividendos  - projeção";"Serviços e rendas - rendas - lucros e dividendos  - projeção";"Oculta";"Intranet";180;0;0;NA;NA;"Gac4";"Oculta";"Macro"
"11396";"Gac4_JUR4";12;166;"Inativa";"IPEA";"Projeções";"Serviços e rendas - rendas - juros  - projeção";"Serviços e rendas - rendas - juros  - projeção";"Oculta";"Intranet";180;0;0;NA;NA;"Gac4";"Oculta";"Macro"
"11397";"Gac4_SERS4";4;347;"Inativa";"IPEA";"Projeções";"Serviços e rendas - serviços - projeção";"Serviços e rendas - serviços - projeção";"Oculta";"Intranet";180;0;0;NA;NA;"Gac4";"Oculta";"Macro"
"11398";"Gac4_SEG4";3;393;"Inativa";"IPEA";"Projeções";"Serviços e rendas - serviços - seguros  - projeção";"Serviços e rendas - serviços - seguros  - projeção";"Oculta";"Intranet";180;0;0;NA;NA;"Gac4";"Oculta";"Macro"
"11399";"Gac4_TUR4";6;291;"Inativa";"IPEA";"Projeções";"Serviços e rendas - serviços - viagens internacionais - projeção";"Serviços e rendas - serviços - viagens internacionais - projeção";"Oculta";"Intranet";180;0;0;NA;NA;"Gac4";"Oculta";"Macro"
"11400";"Gac4_SERSOUT4";3;393;"Inativa";"IPEA";"Projeções";"Serviços e rendas - serviços - outros serviços - projeção";"Serviços e rendas - serviços - outros serviços - projeção";"Oculta";"Intranet";180;0;0;NA;NA;"Gac4";"Oculta";"Macro"
"11401";"Gac4_TUN4";6;291;"Inativa";"IPEA";"Projeções";"Transferências unilaterais correntes - saldo - projeção";"Transferências unilaterais correntes - saldo - projeção";"Oculta";"Intranet";180;0;0;NA;NA;"Gac4";"Oculta";"Macro"
"11402";"Gac4_STC4";22;100;"Inativa";"IPEA";"Projeções";"Transações correntes - saldo - projeção";"Transações correntes - saldo - projeção";"Oculta";"Intranet";180;0;0;NA;NA;"Gac4";"Oculta";"Macro"
"11403";"Gac4_AMPL4";1;527;"Inativa";"IPEA";"Projeções";"Usos e fontes - usos - amortizações - médio / longo prazos - projeção";"Usos e fontes - usos - amortizações - médio / longo prazos - projeção";"Oculta";"Intranet";180;0;0;NA;NA;"Gac4";"Oculta";"Macro"
"11404";"Gac4_STKK4";10;202;"Inativa";"IPEA";"Projeções";"Conta capital e financeira - conta capital - projeção";"Conta capital e financeira - conta capital - projeção";"Oculta";"Intranet";180;0;0;NA;NA;"Gac4";"Oculta";"Macro"
"11405";"Gac4_IEDL4";4;347;"Inativa";"IPEA";"Projeções";"Conta financeira - investimentos diretos - estrang. no país - participação no capital - projeção";"Conta financeira - investimentos diretos - estrang. no país - participação no capital - projeção";"Oculta";"Intranet";180;0;0;NA;NA;"Gac4";"Oculta";"Macro"
"11406";"Gac4_FONINV4";1;527;"Inativa";"IPEA";"Projeções";"Usos e fontes - fontes - investimento - ações e papéis domésticos - longo prazo - projeção";"Usos e fontes - fontes - investimento - ações e papéis domésticos - longo prazo - projeção";"Oculta";"Intranet";180;0;0;NA;NA;"Gac4";"Oculta";"Macro"
"11407";"Gac4_FONDLP4";NA;NA;"Inativa";"IPEA";"Projeções";"Usos e fontes - fontes - desembolsos - médio / longo prazos - projeção";"Usos e fontes - fontes - desembolsos - médio / longo prazos - projeção";"Oculta";"Intranet";180;0;0;NA;NA;"Gac4";"Oculta";"Macro"
"11408";"Gac4_FONATB4";NA;NA;"Inativa";"IPEA";"Projeções";"Usos e fontes - fontes - ativos brasileiros no exterior - projeção";"Usos e fontes - fontes - ativos brasileiros no exterior - projeção";"Oculta";"Intranet";180;0;0;NA;NA;"Gac4";"Oculta";"Macro"
"11409";"Gac4_EMPBCB4";3;393;"Inativa";"IPEA";"Projeções";"Usos e fontes - fontes - empréstimos ao Banco Central - projeção";"Usos e fontes - fontes - empréstimos ao Banco Central - projeção";"Oculta";"Intranet";180;0;0;NA;NA;"Gac4";"Oculta";"Macro"
"11410";"Gac4_FONOUT4";NA;NA;"Inativa";"IPEA";"Projeções";"Usos e fontes - fontes - curto prazo e demais - projeção";"Usos e fontes - fontes - curto prazo e demais - projeção";"Oculta";"Intranet";180;0;0;NA;NA;"Gac4";"Oculta";"Macro"
"11411";"Gac4_HACP4";5;315;"Inativa";"IPEA";"Projeções";"Usos e fontes - fontes - ativos de reservas - projeção";"Usos e fontes - fontes - ativos de reservas - projeção";"Oculta";"Intranet";180;0;0;NA;NA;"Gac4";"Oculta";"Macro"
"11412";"Gac4_IGP4";69;29;"Inativa";"IPEA";"Projeções";"IGP-DI - geral - índice (ago. 1994 = 100) - projeção";"IGP-DI - geral - índice (ago. 1994 = 100) - projeção";"Oculta";"Intranet";180;0;0;NA;NA;"Gac4";"Oculta";"Macro"
"11413";"Gac4_IPA4";14;148;"Inativa";"IPEA";"Projeções";"IPA-DI - geral - índice (ago. 1994 = 100) - projeção";"IPA-DI - geral - índice (ago. 1994 = 100) - projeção";"Oculta";"Intranet";180;0;0;NA;NA;"Gac4";"Oculta";"Macro"
"11414";"Gac4_IPCA4";101;19;"Inativa";"IPEA";"Projeções";"IPCA - geral - índice (dez. 1993 = 100) - projeção";"IPCA - geral - índice (dez. 1993 = 100) - projeção";"Oculta";"Intranet";180;0;0;NA;NA;"Gac4";"Oculta";"Macro"
"11415";"Gac4_TJOVER4";166;9;"Inativa";"IPEA";"Projeções";"Taxa de juros - Over / Selic - projeção";"Taxa de juros: Overnight / Selic - projeção";"Oculta";"Intranet";180;0;0;NA;NA;"Gac4";"Oculta";"Macro"
"11416";"Gac4_TJOVERR4";252;6;"Inativa";"IPEA";"Projeções";"Taxa de juros real (IPCA) - Over / Selic - projeção";"Taxa de juros real (IPCA) - Over / Selic - projeção";"Oculta";"Intranet";180;0;0;NA;NA;"Gac4";"Oculta";"Macro"
"11417";"Gac4_ERV4";30;78;"Inativa";"IPEA";"Projeções";"Taxa de câmbio - R$ / US$ - venda - média - projeção";"Taxa de câmbio - R$ / US$ - venda - média - projeção";"Oculta";"Intranet";180;0;0;NA;NA;"Gac4";"Oculta";"Macro"
"11418";"Gac4_ERVIPA4";21;103;"Inativa";"IPEA";"Projeções";"Taxa de câmbio real (IPA) - R$ / US$ - venda - média - projeção";"Taxa de câmbio real (IPA) - R$ / US$ - venda - média - projeção";"Oculta";"Intranet";180;0;0;NA;NA;"Gac4";"Oculta";"Macro"
"11419";"Gac4_ERVIPCA4";48;47;"Inativa";"IPEA";"Projeções";"Taxa de câmbio real (IPCA) - R$ / US$ - venda - média - projeção";"Taxa de câmbio real (IPCA) - R$ / US$ - venda - média - projeção";"Oculta";"Intranet";180;0;0;NA;NA;"Gac4";"Oculta";"Macro"
"11420";"Gac4_PIBAGPAS4";5;315;"Inativa";"IPEA";"Projeções";"PIB - agropecuária - índice encadeado - dessaz. (média 1990 = 100) - projeção";"Produto interno bruto (PIB) - agropecuária: índice encadeado - dessaz. (média 1990 = 100) - projeção";"Oculta";"Intranet";180;0;0;NA;NA;"Gac4";"Oculta";"Macro"
"11421";"Gac4_PIBAGR4";18;121;"Inativa";"IPEA";"Projeções";"PIB - agropecuária - índice encadeado (média 1990 = 100) - projeção";"Produto interno bruto (PIB) - agropecuária: índice encadeado (média 1990 = 100) - projeção";"Oculta";"Intranet";180;0;0;NA;NA;"Gac4";"Oculta";"Macro"
"11422";"Gac4_PIBAS4";5;315;"Inativa";"IPEA";"Projeções";"PIB - preços básicos - índice encadeado - dessaz. (média 1990 = 100) - projeção";"Produto interno bruto (PIB) a preços básicos: índice encadeado - dessaz. (média 1990 = 100) - projeção";"Oculta";"Intranet";180;0;0;NA;NA;"Gac4";"Oculta";"Macro"
"11423";"Gac4_PIBICC4";24;90;"Inativa";"IPEA";"Projeções";"PIB - indústria - construção civil - índice encadeado (média 1990 = 100) - projeção";"Produto interno bruto (PIB) - indústria - construção civil: índice encadeado (média 1990 = 100) - projeção";"Oculta";"Intranet";180;0;0;NA;NA;"Gac4";"Oculta";"Macro"
"11424";"Gac4_PIBIEX4";4;347;"Inativa";"IPEA";"Projeções";"PIB - indústria - extrativa mineral - índice encadeado (média 1990 = 100) - projeção";"Produto interno bruto (PIB) - indústria - extrativa mineral: índice encadeado (média 1990 = 100) - projeção";"Oculta";"Intranet";180;0;0;NA;NA;"Gac4";"Oculta";"Macro"
"11425";"Gac4_PIBIND4";18;121;"Inativa";"IPEA";"Projeções";"PIB - indústria - índice encadeado (média 1990 = 100) - projeção";"Produto interno bruto (PIB) - indústria: índice encadeado (média 1990 = 100) - projeção";"Oculta";"Intranet";180;0;0;NA;NA;"Gac4";"Oculta";"Macro"
"11426";"Gac4_PIBINDAS4";17;127;"Inativa";"IPEA";"Projeções";"PIB - indústria - índice encadeado - dessaz. (média 1990 = 100) - projeção";"Produto interno bruto (PIB) - indústria: índice encadeado - dessaz. (média 1990 = 100) - projeção";"Oculta";"Intranet";180;0;0;NA;NA;"Gac4";"Oculta";"Macro"
"11427";"Gac4_PIBITR4";20;108;"Inativa";"IPEA";"Projeções";"PIB - indústria - transformação - índice encadeado (média 1990 = 100) - projeção";"Produto interno bruto (PIB) - indústria - transformação: índice encadeado (média 1990 = 100) - projeção";"Oculta";"Intranet";180;0;0;NA;NA;"Gac4";"Oculta";"Macro"
"11428";"Gac4_PIBIUP4";4;347;"Inativa";"IPEA";"Projeções";"PIB - indústria - serviços utilid. púb. (SIUP) - índice encadeado (média 1990 = 100) - projeção";"Produto interno bruto (PIB) - indústria - serviços de utilidade pública (SIUP): índice encadeado (média 1990 = 100) - projeção";"Oculta";"Intranet";180;0;0;NA;NA;"Gac4";"Oculta";"Macro"
"11429";"Gac4_PIBIVA4";7;270;"Inativa";"IPEA";"Projeções";"PIB - impostos sobre produtos - índice encadeado (média 1990 = 100) - projeção";"Produto interno bruto (PIB) - impostos sobre produtos: índice encadeado (média 1990 = 100) - projeção";"Oculta";"Intranet";180;0;0;NA;NA;"Gac4";"Oculta";"Macro"
"11430";"Gac4_PIBPM14";32;71;"Inativa";"IPEA";"Projeções";"PIB - preços de mercado - índice encadeado (média 1990 = 100) - projeção";"Produto interno bruto (PIB) a preços de mercado: índice encadeado (média 1990 = 100) - projeção";"Oculta";"Intranet";180;0;0;NA;NA;"Gac4";"Oculta";"Macro"
"11431";"Gac4_PIBPMAS4";10;202;"Inativa";"IPEA";"Projeções";"PIB - preços de mercado - índice encadeado - dessaz. (média 1990 = 100) - projeção";"Produto interno bruto (PIB) a preços de mercado: índice encadeado - dessaz. (média 1990 = 100) - projeção";"Oculta";"Intranet";180;0;0;NA;NA;"Gac4";"Oculta";"Macro"
"11432";"Gac4_PIBSCO4";6;291;"Inativa";"IPEA";"Projeções";"PIB - serviços - comércio - índice encadeado (média 1990 = 100) - projeção";"Produto interno bruto (PIB) - serviços - comércio: índice encadeado (média 1990 = 100) - projeção";"Oculta";"Intranet";180;0;0;NA;NA;"Gac4";"Oculta";"Macro"
"11433";"Gac4_PIBSER4";16;134;"Inativa";"IPEA";"Projeções";"PIB - serviços - índice encadeado (média 1990 = 100) - projeção";"Produto interno bruto (PIB) - serviços: índice encadeado (média 1990 = 100) - projeção";"Oculta";"Intranet";180;0;0;NA;NA;"Gac4";"Oculta";"Macro"
"11434";"Gac4_PIBSERAS4";3;393;"Inativa";"IPEA";"Projeções";"PIB - serviços - índice encadeado - dessaz. (média 1990 = 100) - projeção";"Produto interno bruto (PIB) - serviços: índice encadeado - dessaz. (média 1990 = 100) - projeção";"Oculta";"Intranet";180;0;0;NA;NA;"Gac4";"Oculta";"Macro"
"11435";"Gac4_PIBSTR4";8;244;"Inativa";"IPEA";"Projeções";"PIB - serviços - transportes - índice encadeado (média 1990 = 100) - projeção";"Produto interno bruto (PIB) - serviços - transportes: índice encadeado (média 1990 = 100) - projeção";"Oculta";"Intranet";180;0;0;NA;NA;"Gac4";"Oculta";"Macro"
"11436";"Gac4_PIB4";8;244;"Inativa";"IPEA";"Projeções";"PIB - preços básicos - índice encadeado (média 1990 = 100) - projeção";"Produto interno bruto (PIB) a preços básicos: índice encadeado (média 1990 = 100) - projeção";"Oculta";"Intranet";180;0;0;NA;NA;"Gac4";"Oculta";"Macro"
"11437";"SGS7836";NA;NA;"Ativa";"Bacen Outras/SGS";"Financeiras";"Caderneta de poupança (total) - Saldos";"Caderneta de poupança (total) - Saldos";"Não oculta";"Internet";45;NA;NA;NA;NA;"SGS7836";"Internet";"Macro"
"11438";"SGS366_CDI";NA;NA;"Ativa";"Bacen Outras/SGS";"Financeiras";"Taxa de juros - CDI";"Taxa de juros - CDI";"Não oculta";"Internet";1;NA;NA;NA;NA;"SGS366";"Internet";"Macro"
"11439";"SGS12_XGASOL12";NA;NA;"Ativa";"MDIC/SECEX";"Comércio exterior";"Exportações - Gasolina";"Exportações - Gasolina";"Não oculta";"Internet";30;0;0;NA;NA;"SGS12";"Internet";"Macro"
"11440";"SGS12_XGASOLKG12";NA;NA;"Ativa";"MDIC/SECEX";"Comércio exterior";"Exportações (Kg) - Gasolina";"Exportações (Kg) - Gasolina";"Não oculta";"Internet";30;0;0;NA;NA;"SGS12";"Internet";"Macro"
"11441";"FIPE12_FIPE0118Q1";7;1050;"Ativa";"Fipe";"Preços";"IPC - grupo: alimentação - 1ª quadrissemana - RMSP - var.";"IPC - grupo: alimentação - 1ª quadrissemana - RMSP - var.";"Não oculta";"Internet";5;0;0;"Incluída em 02/fev/2004";NA;"FIPE12";"Internet";"Macro"
"11442";"FIPE12_FIPE0002Q1";1;1628;"Ativa";"Fipe";"Preços";"IPC - grupo: habitação - 1ª quadrissemana - RMSP - var.";"IPC - grupo: habitação - 1ª quadrissemana - RMSP - var.";"Não oculta";"Internet";5;0;0;"Incluída em 02/fev/2004";NA;"FIPE12";"Internet";"Macro"
"11443";"FIPE12_FIPE0516Q1";2;1480;"Ativa";"Fipe";"Preços";"IPC - grupo: vestuário - 1ª quadrissemana - RMSP - var.";"IPC - grupo: vestuário - 1ª quadrissemana - RMSP - var.";"Não oculta";"Internet";5;0;0;"Incluída em 02/fev/2004";NA;"FIPE12";"Internet";"Macro"
"11444";"FIPE12_FIPE0482Q1";7;1050;"Ativa";"Fipe";"Preços";"IPC - grupo: saúde - 1ª quadrissemana - RMSP - var.";"IPC - grupo: saúde - 1ª quadrissemana - RMSP - var.";"Não oculta";"Internet";5;0;0;"Incluída em 02/fev/2004";NA;"FIPE12";"Internet";"Macro"
"11445";"FIPE12_FIPE0348Q1";2;1480;"Ativa";"Fipe";"Preços";"IPC - grupo: transportes - 1ª quadrissemana - RMSP - var.";"IPC - grupo: transportes - 1ª quadrissemana - RMSP - var.";"Não oculta";"Internet";5;0;0;"Incluída em 02/fev/2004";NA;"FIPE12";"Internet";"Macro"
"11446";"FIPE12_FIPE0553Q1";1;1628;"Ativa";"Fipe";"Preços";"IPC - grupo: educação - 1ª quadrissemana - RMSP - var.";"IPC - grupo: educação - 1ª quadrissemana - RMSP - var.";"Não oculta";"Internet";5;0;0;"Incluída em 02/fev/2004";NA;"FIPE12";"Internet";"Macro"
"11447";"FIPE12_FIPE0379Q1";NA;NA;"Ativa";"Fipe";"Preços";"IPC - grupo: despesas pessoais - 1ª quadrissemana - RMSP - var.";"IPC - grupo: despesas pessoais - 1ª quadrissemana - RMSP - var.";"Não oculta";"Internet";5;0;0;"Incluída em 02/fev/2004";NA;"FIPE12";"Internet";"Macro"
"11448";"FIPE12_FIPE0118Q2";4;1262;"Ativa";"Fipe";"Preços";"IPC - grupo: alimentação - 2ª quadrissemana - RMSP - var.";"IPC - grupo: alimentação - 2ª quadrissemana - RMSP - var.";"Não oculta";"Internet";5;0;0;"Incluída em 02/fev/2004";NA;"FIPE12";"Internet";"Macro"
"11449";"FIPE12_FIPE0002Q2";NA;NA;"Ativa";"Fipe";"Preços";"IPC - grupo: habitação - 2ª quadrissemana - RMSP - var.";"IPC - grupo: habitação - 2ª quadrissemana - RMSP - var.";"Não oculta";"Internet";5;0;0;"Incluída em 02/fev/2004";NA;"FIPE12";"Internet";"Macro"
"11450";"FIPE12_FIPE0516Q2";1;1628;"Ativa";"Fipe";"Preços";"IPC - grupo: vestuário - 2ª quadrissemana - RMSP - var.";"IPC - grupo: vestuário - 2ª quadrissemana - RMSP - var.";"Não oculta";"Internet";5;0;0;"Incluída em 02/fev/2004";NA;"FIPE12";"Internet";"Macro"
"11451";"FIPE12_FIPE0482Q2";5;1176;"Ativa";"Fipe";"Preços";"IPC - grupo: saúde - 2ª quadrissemana - RMSP - var.";"IPC - grupo: saúde - 2ª quadrissemana - RMSP - var.";"Não oculta";"Internet";5;0;0;"Incluída em 02/fev/2004";NA;"FIPE12";"Internet";"Macro"
"11452";"FIPE12_FIPE0348Q2";NA;NA;"Ativa";"Fipe";"Preços";"IPC - grupo: transportes - 2ª quadrissemana - RMSP - var.";"IPC - grupo: transportes - 2ª quadrissemana - RMSP - var.";"Não oculta";"Internet";5;0;0;"Incluída em 02/fev/2004";NA;"FIPE12";"Internet";"Macro"
"11453";"FIPE12_FIPE0553Q2";3;1356;"Ativa";"Fipe";"Preços";"IPC - grupo: educação - 2ª quadrissemana - RMSP - var.";"IPC - grupo: educação - 2ª quadrissemana - RMSP - var.";"Não oculta";"Internet";5;0;0;"Incluída em 02/fev/2004";NA;"FIPE12";"Internet";"Macro"
"11454";"FIPE12_FIPE0379Q2";NA;NA;"Ativa";"Fipe";"Preços";"IPC - grupo: despesas pessoais - 2ª quadrissemana - RMSP - var.";"IPC - grupo: despesas pessoais - 2ª quadrissemana - RMSP - var.";"Não oculta";"Internet";5;0;0;"Incluída em 02/fev/2004";NA;"FIPE12";"Internet";"Macro"
"11455";"FIPE12_FIPE0118Q3";5;1176;"Ativa";"Fipe";"Preços";"IPC - grupo: alimentação - 3ª quadrissemana - RMSP - var.";"IPC - grupo: alimentação - 3ª quadrissemana - RMSP - var.";"Não oculta";"Internet";5;0;0;"Incluída em 02/fev/2004";NA;"FIPE12";"Internet";"Macro"
"11456";"FIPE12_FIPE0002Q3";NA;NA;"Ativa";"Fipe";"Preços";"IPC - grupo: habitação - 3ª quadrissemana - RMSP - var.";"IPC - grupo: habitação - 3ª quadrissemana - RMSP - var.";"Não oculta";"Internet";5;0;0;"Incluída em 02/fev/2004";NA;"FIPE12";"Internet";"Macro"
"11457";"FIPE12_FIPE0516Q3";3;1356;"Ativa";"Fipe";"Preços";"IPC - grupo: vestuário - 3ª quadrissemana - RMSP - var.";"IPC - grupo: vestuário - 3ª quadrissemana - RMSP - var.";"Não oculta";"Internet";5;0;0;"Incluída em 02/fev/2004";NA;"FIPE12";"Internet";"Macro"
"11458";"FIPE12_FIPE0482Q3";5;1176;"Ativa";"Fipe";"Preços";"IPC - grupo: saúde - 3ª quadrissemana - RMSP - var.";"IPC - grupo: saúde - 3ª quadrissemana - RMSP - var.";"Não oculta";"Internet";5;0;0;"Incluída em 02/fev/2004";NA;"FIPE12";"Internet";"Macro"
"11459";"FIPE12_FIPE0348Q3";1;1628;"Ativa";"Fipe";"Preços";"IPC - grupo: transportes - 3ª quadrissemana - RMSP - var.";"IPC - grupo: transportes - 3ª quadrissemana - RMSP - var.";"Não oculta";"Internet";5;0;0;"Incluída em 02/fev/2004";NA;"FIPE12";"Internet";"Macro"
"11460";"FIPE12_FIPE0553Q3";1;1628;"Ativa";"Fipe";"Preços";"IPC - grupo: educação - 3ª quadrissemana - RMSP - var.";"IPC - grupo: educação - 3ª quadrissemana - RMSP - var.";"Não oculta";"Internet";5;0;0;"Incluída em 02/fev/2004";NA;"FIPE12";"Internet";"Macro"
"11461";"FIPE12_FIPE0379Q3";NA;NA;"Ativa";"Fipe";"Preços";"IPC - grupo: despesas pessoais - 3ª quadrissemana - RMSP - var.";"IPC - grupo: despesas pessoais - 3ª quadrissemana - RMSP - var.";"Não oculta";"Internet";5;0;0;"Incluída em 02/fev/2004";NA;"FIPE12";"Internet";"Macro"
"11462";"IGP366_IPCSALIM366";NA;NA;"Inativa";"FGV/Conj. Econ. - IGP";"Preços";"índice de preços ao consumidor semanal - IPC-S - alimentação - var.";"índice de preços ao consumidor semanal - IPC-S - alimentação - var.";"Oculta";"Intranet";15;0;0;"Incluída em 02/fev/2004";NA;"IGP366";"Oculta";"Macro"
"11463";"IGP366_IPCSHAB366";NA;NA;"Inativa";"FGV/Conj. Econ. - IGP";"Preços";"índice de preços ao consumidor semanal - IPC-S - habitação  - var.";"índice de preços ao consumidor semanal - IPC-S - habitação  - var.";"Oculta";"Intranet";15;0;0;"Incluída em 02/fev/2005";NA;"IGP366";"Oculta";"Macro"
"11464";"IGP366_IPCSTRAN366";NA;NA;"Inativa";"FGV/Conj. Econ. - IGP";"Preços";"índice de preços ao consumidor semanal - IPC-S - transporte - var.";"índice de preços ao consumidor semanal - IPC-S - transporte - var.";"Oculta";"Intranet";15;0;0;"Incluída em 02/fev/2006";NA;"IGP366";"Oculta";"Macro"
"11465";"IGP366_IPCSDES366";NA;NA;"Inativa";"FGV/Conj. Econ. - IGP";"Preços";"índice de preços ao consumidor semanal - IPC-S - despesas diversas - var.";"índice de preços ao consumidor semanal - IPC-S - despesas diversas - var.";"Oculta";"Intranet";15;0;0;"Incluída em 02/fev/2007";NA;"IGP366";"Oculta";"Macro"
"11466";"IGP366_IPCSVEST366";NA;NA;"Inativa";"FGV/Conj. Econ. - IGP";"Preços";"índice de preços ao consumidor semanal - IPC-S - vestuario - var.";"índice de preços ao consumidor semanal - IPC-S - vestuario - var.";"Oculta";"Intranet";15;0;0;"Incluída em 02/fev/2008";NA;"IGP366";"Oculta";"Macro"
"11467";"IGP366_IPCSSAU366";NA;NA;"Inativa";"FGV/Conj. Econ. - IGP";"Preços";"índice de preços ao consumidor semanal - IPC-S - saúde - var.";"índice de preços ao consumidor semanal - IPC-S - saúde - var.";"Oculta";"Intranet";15;0;0;"Incluída em 02/fev/2009";NA;"IGP366";"Oculta";"Macro"
"11468";"IGP366_IPCSEDU366";NA;NA;"Inativa";"FGV/Conj. Econ. - IGP";"Preços";"índice de preços ao consumidor semanal - IPC-S - educação - var.";"índice de preços ao consumidor semanal - IPC-S - educação - var.";"Oculta";"Intranet";15;0;0;"Incluída em 02/fev/2010";NA;"IGP366";"Oculta";"Macro"
"11469";"VALOR12_TNOTES212";9;946;"Ativa";"Valor Econômico";"Economia internacional";"taxa de juros - T-Note (2 anos)";"taxa de juros - T-Note (2 anos)";"Não oculta";"Internet";5;0;0;"Incluída em 03/fev/2004";NA;"VALOR12";"Internet";"Macro"
"11470";"VALOR12_TNOTES512";14;737;"Ativa";"Valor Econômico";"Economia internacional";"taxa de juros - T-Note (5 anos)";"taxa de juros - T-Note (5 anos)";"Não oculta";"Internet";5;0;0;"Incluída em 03/fev/2004";NA;"VALOR12";"Internet";"Macro"
"11471";"VALOR12_TNOTES1012";31;407;"Ativa";"Valor Econômico";"Economia internacional";"taxa de juros - T-Note (10 anos)";"taxa de juros - T-Note (10 anos)";"Não oculta";"Internet";5;0;0;"Incluída em 03/fev/2004";NA;"VALOR12";"Internet";"Macro"
"11472";"VALOR12_TBOND3012";29;432;"Ativa";"Valor Econômico";"Economia internacional";"taxa de juros - T-Bond (30 anos)";"taxa de juros - T-Bond (30 anos)";"Não oculta";"Internet";5;0;0;"Incluída em 03/fev/2004";NA;"VALOR12";"Internet";"Macro"
"11473";"NCANDVOG";4;38;"Ativa";"TSE";"Governador";"Número de candidatos votados - governador(Municipal)";"Número de candidatos votados - governador(Municipal)";"Não oculta";"Internet";NA;0;0;NA;NA;"NCANDVOG";"Internet";"Regional"
"11474";"NCANDVOGE";15;7;"Ativa";"TSE";"Governador";"Número de candidatos votados - governador(Estadual)";"Número de candidatos votados - governador(Estadual)";"Não oculta";"Internet";NA;0;0;NA;NA;"NCANDVOGE";"Internet";"Regional"
"11475";"NCANDVOP";3;52;"Ativa";"TSE";"Presidente";"Número de candidatos votados - presidente(Municipal)";"Número de candidatos votados - presidente(Municipal)";"Não oculta";"Internet";NA;0;0;NA;NA;"NCANDVOP";"Internet";"Regional"
"11476";"NCANDVOPBR";4;38;"Ativa";"TSE";"Presidente";"Número de candidatos votados - presidente(Brasil)";"Número de candidatos votados - presidente(Brasil)";"Não oculta";"Internet";NA;0;0;NA;NA;"NCANDVOPBR";"Internet";"Regional"
"11477";"NCANDVOPE";8;24;"Ativa";"TSE";"Presidente";"Número de candidatos votados - presidente(Estadual)";"Número de candidatos votados - presidente(Estadual)";"Não oculta";"Internet";NA;0;0;NA;NA;"NCANDVOPE";"Internet";"Regional"
"11478";"NCANDVOPR";NA;NA;"Ativa";"TSE";"Presidente";"Número de candidatos votados - presidente(Regional)";"Número de candidatos votados - presidente(Regional)";"Não oculta";"Internet";NA;0;0;NA;NA;"NCANDVOPR";"Internet";"Regional"
"11479";"PARTPRES";1;140;"Ativa";"TSE";"Presidente";"Partido do presidente eleito";"Partido do presidente eleito";"Não oculta";"Internet";NA;0;0;NA;NA;"PARTPRES";"Internet";"Regional"
"11480";"PPCO";5;33;"Ativa";"TSE";"Presidente";"Votação do PCO - presidente no primeiro turno";"Votação do PCO - presidente no primeiro turno";"Não oculta";"Internet";NA;0;0;NA;NA;"PPCO";"Internet";"Regional"
"11481";"PPSB";NA;NA;"Ativa";"TSE";"Presidente";"Votação do PSB - presidente no primeiro turno";"Votação do PSB - presidente no primeiro turno";"Não oculta";"Internet";NA;0;0;NA;NA;"PPSB";"Internet";"Regional"
"11482";"PPSDB2";6;30;"Ativa";"TSE";"Presidente";"Votação do PSDB - presidente no segundo turno";"Votação do PSDB - presidente no segundo turno";"Não oculta";"Internet";NA;0;0;NA;NA;"PPSDB2";"Internet";"Regional"
"11483";"GBRANCO2";1;140;"Ativa";"TSE";"Governador";"Votos brancos - governador no segundo turno";"Votos brancos - governador no segundo turno";"Não oculta";"Internet";NA;0;0;NA;NA;"GBRANCO2";"Internet";"Regional"
"11484";"GNULO2";2;91;"Ativa";"TSE";"Governador";"Votos nulos - governador no segundo turno";"Votos nulos - governador no segundo turno";"Não oculta";"Internet";NA;0;0;NA;NA;"GNULO2";"Internet";"Regional"
"11485";"PARTGOV";NA;NA;"Ativa";"TSE";"Governador";"Partido do governador eleito";"Partido do governador eleito";"Não oculta";"Internet";NA;0;0;NA;NA;"PARTGOV";"Internet";"Regional"
"11486";"GPPB";NA;NA;"Ativa";"TSE";"Governador";"Votação do PPB - governador no primeiro turno";"Votação do PPB - governador no primeiro turno";"Não oculta";"Internet";NA;0;0;NA;NA;"GPPB";"Internet";"Regional"
"11487";"GPSTU";NA;NA;"Ativa";"TSE";"Governador";"Votação do PSTU - governador no primeiro turno";"Votação do PSTU - governador no primeiro turno";"Não oculta";"Internet";NA;0;0;NA;NA;"GPSTU";"Internet";"Regional"
"11488";"GPSL";NA;NA;"Ativa";"TSE";"Governador";"Votação do PSL - governador no primeiro turno";"Votação do PSL - governador no primeiro turno";"Não oculta";"Internet";NA;0;0;NA;NA;"GPSL";"Internet";"Regional"
"11489";"GPTN";NA;NA;"Ativa";"TSE";"Governador";"Votação do PTN - governador no primeiro turno";"Votação do PTN - governador no primeiro turno";"Não oculta";"Internet";NA;0;0;NA;NA;"GPTN";"Internet";"Regional"
"11490";"GPSC";NA;NA;"Ativa";"TSE";"Governador";"Votação do PSC - governador no primeiro turno";"Votação do PSC - governador no primeiro turno";"Não oculta";"Internet";NA;0;0;NA;NA;"GPSC";"Internet";"Regional"
"11491";"GPL";NA;NA;"Ativa";"TSE";"Governador";"Votação do PL - governador no primeiro turno";"Votação do PL - governador no primeiro turno";"Não oculta";"Internet";NA;0;0;NA;NA;"GPL";"Internet";"Regional"
"11492";"GPPS";NA;NA;"Ativa";"TSE";"Governador";"Votação do PPS - governador no primeiro turno";"Votação do PPS - governador no primeiro turno";"Não oculta";"Internet";NA;0;0;NA;NA;"GPPS";"Internet";"Regional"
"11493";"GPFL";3;52;"Ativa";"TSE";"Governador";"Votação do PFL - governador no primeiro turno";"Votação do PFL - governador no primeiro turno";"Não oculta";"Internet";NA;0;0;NA;NA;"GPFL";"Internet";"Regional"
"11494";"GPAN";NA;NA;"Ativa";"TSE";"Governador";"Votação do PAN - governador no primeiro turno";"Votação do PAN - governador no primeiro turno";"Não oculta";"Internet";NA;0;0;NA;NA;"GPAN";"Internet";"Regional"
"11495";"GPSDC";NA;NA;"Ativa";"TSE";"Governador";"Votação do PSDC - governador no primeiro turno";"Votação do PSDC - governador no primeiro turno";"Não oculta";"Internet";NA;0;0;NA;NA;"GPSDC";"Internet";"Regional"
"11496";"GPRTB";NA;NA;"Ativa";"TSE";"Governador";"Votação do PRTB - governador no primeiro turno";"Votação do PRTB - governador no primeiro turno";"Não oculta";"Internet";NA;0;0;NA;NA;"GPRTB";"Internet";"Regional"
"11497";"GPCO";NA;NA;"Ativa";"TSE";"Governador";"Votação do PCO - governador no primeiro turno";"Votação do PCO - governador no primeiro turno";"Não oculta";"Internet";NA;0;0;NA;NA;"GPCO";"Internet";"Regional"
"11498";"GPGT";NA;NA;"Ativa";"TSE";"Governador";"Votação do PGT - governador no primeiro turno";"Votação do PGT - governador no primeiro turno";"Não oculta";"Internet";NA;0;0;NA;NA;"GPGT";"Internet";"Regional"
"11499";"GPTC";NA;NA;"Ativa";"TSE";"Governador";"Votação do PTC - governador no primeiro turno";"Votação do PTC - governador no primeiro turno";"Não oculta";"Internet";NA;0;0;NA;NA;"GPTC";"Internet";"Regional"
"11500";"GPSB";NA;NA;"Ativa";"TSE";"Governador";"Votação do PSB - governador no primeiro turno";"Votação do PSB - governador no primeiro turno";"Não oculta";"Internet";NA;0;0;NA;NA;"GPSB";"Internet";"Regional"
"11501";"GPSD";NA;NA;"Ativa";"TSE";"Governador";"Votação do PSD - governador no primeiro turno";"Votação do PSD - governador no primeiro turno";"Não oculta";"Internet";NA;0;0;NA;NA;"GPSD";"Internet";"Regional"
"11502";"GPV";NA;NA;"Ativa";"TSE";"Governador";"Votação do PV - governador no primeiro turno";"Votação do PV - governador no primeiro turno";"Não oculta";"Internet";NA;0;0;NA;NA;"GPV";"Internet";"Regional"
"11503";"GPRP";NA;NA;"Ativa";"TSE";"Governador";"Votação do PRP - governador no primeiro turno";"Votação do PRP - governador no primeiro turno";"Não oculta";"Internet";NA;0;0;NA;NA;"GPRP";"Internet";"Regional"
"11504";"GPSDB";10;13;"Ativa";"TSE";"Governador";"Votação do PSDB - governador no primeiro turno";"Votação do PSDB - governador no primeiro turno";"Não oculta";"Internet";NA;0;0;NA;NA;"GPSDB";"Internet";"Regional"
"11505";"GPRONA";NA;NA;"Ativa";"TSE";"Governador";"Votação do PRONA - governador no primeiro turno";"Votação do PRONA - governador no primeiro turno";"Não oculta";"Internet";NA;0;0;NA;NA;"GPRONA";"Internet";"Regional"
"11506";"GPPB2";NA;NA;"Ativa";"TSE";"Governador";"Votação do PPB - governador no segundo turno";"Votação do PPB - governador no segundo turno";"Não oculta";"Internet";NA;0;0;NA;NA;"GPPB2";"Internet";"Regional"
"11507";"GPDT2";NA;NA;"Ativa";"TSE";"Governador";"Votação do PDT - governador no segundo turno";"Votação do PDT - governador no segundo turno";"Não oculta";"Internet";NA;0;0;NA;NA;"GPDT2";"Internet";"Regional"
"11508";"GPT2";NA;NA;"Ativa";"TSE";"Governador";"Votação do PT - governador no segundo turno";"Votação do PT - governador no segundo turno";"Não oculta";"Internet";NA;0;0;NA;NA;"GPT2";"Internet";"Regional"
"11509";"GPTB2";1;140;"Ativa";"TSE";"Governador";"Votação do PTB - governador no segundo turno";"Votação do PTB - governador no segundo turno";"Não oculta";"Internet";NA;0;0;NA;NA;"GPTB2";"Internet";"Regional"
"11510";"GPMDB2";NA;NA;"Ativa";"TSE";"Governador";"Votação do PMDB - governador no segundo turno";"Votação do PMDB - governador no segundo turno";"Não oculta";"Internet";NA;0;0;NA;NA;"GPMDB2";"Internet";"Regional"
"11511";"GPSL2";NA;NA;"Ativa";"TSE";"Governador";"Votação do PSL - governador no segundo turno";"Votação do PSL - governador no segundo turno";"Não oculta";"Internet";NA;0;0;NA;NA;"GPSL2";"Internet";"Regional"
"11512";"GPFL2";NA;NA;"Ativa";"TSE";"Governador";"Votação do PFL - governador no segundo turno";"Votação do PFL - governador no segundo turno";"Não oculta";"Internet";NA;0;0;NA;NA;"GPFL2";"Internet";"Regional"
"11513";"GPSB2";NA;NA;"Ativa";"TSE";"Governador";"Votação do PSB - governador no segundo turno";"Votação do PSB - governador no segundo turno";"Não oculta";"Internet";NA;0;0;NA;NA;"GPSB2";"Internet";"Regional"
"11514";"GPSDB2";4;38;"Ativa";"TSE";"Governador";"Votação do PSDB - governador no segundo turno";"Votação do PSDB - governador no segundo turno";"Não oculta";"Internet";NA;0;0;NA;NA;"GPSDB2";"Internet";"Regional"
"11515";"GUTEIS2";3;52;"Ativa";"TSE";"Governador";"Votos úteis - governador no segundo turno";"Votos úteis - governador no segundo turno";"Não oculta";"Internet";NA;0;0;NA;NA;"GUTEIS2";"Internet";"Regional"
"11516";"DPPB";3;52;"Ativa";"TSE";"Deputado Federal";"Votação do PPB - deputado federal";"Votação do PPB - deputado federal";"Não oculta";"Internet";NA;0;0;NA;NA;"DPPB";"Internet";"Regional"
"11517";"DPSTU";3;52;"Ativa";"TSE";"Deputado Federal";"Votação do PSTU - deputado federal";"Votação do PSTU - deputado federal";"Não oculta";"Internet";NA;0;0;NA;NA;"DPSTU";"Internet";"Regional"
"11518";"DPSL";3;52;"Ativa";"TSE";"Deputado Federal";"Votação do PSL - deputado federal";"Votação do PSL - deputado federal";"Não oculta";"Internet";NA;0;0;NA;NA;"DPSL";"Internet";"Regional"
"11519";"DPST";3;52;"Ativa";"TSE";"Deputado Federal";"Votação do PST - deputado federal";"Votação do PST - deputado federal";"Não oculta";"Internet";NA;0;0;NA;NA;"DPST";"Internet";"Regional"
"11520";"DPTN";3;52;"Ativa";"TSE";"Deputado Federal";"Votação do PTN - deputado federal";"Votação do PTN - deputado federal";"Não oculta";"Internet";NA;0;0;NA;NA;"DPTN";"Internet";"Regional"
"11521";"DPSC";NA;NA;"Ativa";"TSE";"Deputado Federal";"Votação do PSC - deputado federal";"Votação do PSC - deputado federal";"Não oculta";"Internet";NA;0;0;NA;NA;"DPSC";"Internet";"Regional"
"11522";"DPCB";NA;NA;"Ativa";"TSE";"Deputado Federal";"Votação do PCB - deputado federal";"Votação do PCB - deputado federal";"Não oculta";"Internet";NA;0;0;NA;NA;"DPCB";"Internet";"Regional"
"11523";"DPPS";NA;NA;"Ativa";"TSE";"Deputado Federal";"Votação do PPS - deputado federal";"Votação do PPS - deputado federal";"Não oculta";"Internet";NA;0;0;NA;NA;"DPPS";"Internet";"Regional"
"11524";"DPAN";NA;NA;"Ativa";"TSE";"Deputado Federal";"Votação do PAN - deputado federal";"Votação do PAN - deputado federal";"Não oculta";"Internet";NA;0;0;NA;NA;"DPAN";"Internet";"Regional"
"11525";"DPSDC";NA;NA;"Ativa";"TSE";"Deputado Federal";"Votação do PSDC - deputado federal";"Votação do PSDC - deputado federal";"Não oculta";"Internet";NA;0;0;NA;NA;"DPSDC";"Internet";"Regional"
"11526";"DPRTB";1;140;"Ativa";"TSE";"Deputado Federal";"Votação do PRTB - deputado federal";"Votação do PRTB - deputado federal";"Não oculta";"Internet";NA;0;0;NA;NA;"DPRTB";"Internet";"Regional"
"11527";"DPCO";NA;NA;"Ativa";"TSE";"Deputado Federal";"Votação do PCO - deputado federal";"Votação do PCO - deputado federal";"Não oculta";"Internet";NA;0;0;NA;NA;"DPCO";"Internet";"Regional"
"11528";"DPGT";NA;NA;"Ativa";"TSE";"Deputado Federal";"Votação do PGT - deputado federal";"Votação do PGT - deputado federal";"Não oculta";"Internet";NA;0;0;NA;NA;"DPGT";"Internet";"Regional"
"11529";"DPHS";NA;NA;"Ativa";"TSE";"Deputado Federal";"Votação do PHS - deputado federal";"Votação do PHS - deputado federal";"Não oculta";"Internet";NA;0;0;NA;NA;"DPHS";"Internet";"Regional"
"11530";"DPMN";NA;NA;"Ativa";"TSE";"Deputado Federal";"Votação do PMN - deputado federal";"Votação do PMN - deputado federal";"Não oculta";"Internet";NA;0;0;NA;NA;"DPMN";"Internet";"Regional"
"11531";"DPTC";NA;NA;"Ativa";"TSE";"Deputado Federal";"Votação do PTC - deputado federal";"Votação do PTC - deputado federal";"Não oculta";"Internet";NA;0;0;NA;NA;"DPTC";"Internet";"Regional"
"11532";"DPSB";NA;NA;"Ativa";"TSE";"Deputado Federal";"Votação do PSB - deputado federal";"Votação do PSB - deputado federal";"Não oculta";"Internet";NA;0;0;NA;NA;"DPSB";"Internet";"Regional"
"11533";"DPSD";1;140;"Ativa";"TSE";"Deputado Federal";"Votação do PSD - deputado federal";"Votação do PSD - deputado federal";"Não oculta";"Internet";NA;0;0;NA;NA;"DPSD";"Internet";"Regional"
"11534";"DPV";NA;NA;"Ativa";"TSE";"Deputado Federal";"Votação do PV - deputado federal";"Votação do PV - deputado federal";"Não oculta";"Internet";NA;0;0;NA;NA;"DPV";"Internet";"Regional"
"11535";"DPRP";NA;NA;"Ativa";"TSE";"Deputado Federal";"Votação do PRP - deputado federal";"Votação do PRP - deputado federal";"Não oculta";"Internet";NA;0;0;NA;NA;"DPRP";"Internet";"Regional"
"11536";"DPRONA";NA;NA;"Ativa";"TSE";"Deputado Federal";"Votação do PRONA - deputado federal";"Votação do PRONA - deputado federal";"Não oculta";"Internet";NA;0;0;NA;NA;"DPRONA";"Internet";"Regional"
"11537";"DPCDOB";NA;NA;"Ativa";"TSE";"Deputado Federal";"Votação do PC do B - deputado federal";"Votação do PC do B - deputado federal";"Não oculta";"Internet";NA;0;0;NA;NA;"DPCDOB";"Internet";"Regional"
"11538";"DPTDOB";NA;NA;"Ativa";"TSE";"Deputado Federal";"Votação do PT do B - deputado federal";"Votação do PT do B - deputado federal";"Não oculta";"Internet";NA;0;0;NA;NA;"DPTDOB";"Internet";"Regional"
"11539";"NCANDVOD";1;140;"Ativa";"TSE";"Deputado Federal";"Número de candidatos votados - deputado federal(Municipal)";"Número de candidatos votados - deputado federal(Municipal)";"Não oculta";"Internet";NA;0;0;NA;NA;"NCANDVOD";"Internet";"Regional"
"11540";"EPPB";2;91;"Ativa";"TSE";"Deputado Estadual";"Votação do PPB - deputado estadual";"Votação do PPB - deputado estadual";"Não oculta";"Internet";NA;0;0;NA;NA;"EPPB";"Internet";"Regional"
"11541";"EPSTU";2;91;"Ativa";"TSE";"Deputado Estadual";"Votação do PSTU - deputado estadual";"Votação do PSTU - deputado estadual";"Não oculta";"Internet";NA;0;0;NA;NA;"EPSTU";"Internet";"Regional"
"11542";"EPSL";2;91;"Ativa";"TSE";"Deputado Estadual";"Votação do PSL - deputado estadual";"Votação do PSL - deputado estadual";"Não oculta";"Internet";NA;0;0;NA;NA;"EPSL";"Internet";"Regional"
"11543";"EPST";3;52;"Ativa";"TSE";"Deputado Estadual";"Votação do PST - deputado estadual";"Votação do PST - deputado estadual";"Não oculta";"Internet";NA;0;0;NA;NA;"EPST";"Internet";"Regional"
"11544";"EPTN";2;91;"Ativa";"TSE";"Deputado Estadual";"Votação do PTN - deputado estadual";"Votação do PTN - deputado estadual";"Não oculta";"Internet";NA;0;0;NA;NA;"EPTN";"Internet";"Regional"
"11545";"EPSC";NA;NA;"Ativa";"TSE";"Deputado Estadual";"Votação do PSC - deputado estadual";"Votação do PSC - deputado estadual";"Não oculta";"Internet";NA;0;0;NA;NA;"EPSC";"Internet";"Regional"
"11546";"EPCB";NA;NA;"Ativa";"TSE";"Deputado Estadual";"Votação do PCB - deputado estadual";"Votação do PCB - deputado estadual";"Não oculta";"Internet";NA;0;0;NA;NA;"EPCB";"Internet";"Regional"
"11547";"EPPS";NA;NA;"Ativa";"TSE";"Deputado Estadual";"Votação do PPS - deputado estadual";"Votação do PPS - deputado estadual";"Não oculta";"Internet";NA;0;0;NA;NA;"EPPS";"Internet";"Regional"
"11548";"EPAN";1;140;"Ativa";"TSE";"Deputado Estadual";"Votação do PAN - deputado estadual";"Votação do PAN - deputado estadual";"Não oculta";"Internet";NA;0;0;NA;NA;"EPAN";"Internet";"Regional"
"11549";"EPSDC";NA;NA;"Ativa";"TSE";"Deputado Estadual";"Votação do PSDC - deputado estadual";"Votação do PSDC - deputado estadual";"Não oculta";"Internet";NA;0;0;NA;NA;"EPSDC";"Internet";"Regional"
"11550";"EPRTB";NA;NA;"Ativa";"TSE";"Deputado Estadual";"Votação do PRTB - deputado estadual";"Votação do PRTB - deputado estadual";"Não oculta";"Internet";NA;0;0;NA;NA;"EPRTB";"Internet";"Regional"
"11551";"EPCO";NA;NA;"Ativa";"TSE";"Deputado Estadual";"Votação do PCO - deputado estadual";"Votação do PCO - deputado estadual";"Não oculta";"Internet";NA;0;0;NA;NA;"EPCO";"Internet";"Regional"
"11552";"EPGT";NA;NA;"Ativa";"TSE";"Deputado Estadual";"Votação do PGT - deputado estadual";"Votação do PGT - deputado estadual";"Não oculta";"Internet";NA;0;0;NA;NA;"EPGT";"Internet";"Regional"
"11553";"EPHS";NA;NA;"Ativa";"TSE";"Deputado Estadual";"Votação do PHS - deputado estadual";"Votação do PHS - deputado estadual";"Não oculta";"Internet";NA;0;0;NA;NA;"EPHS";"Internet";"Regional"
"11554";"EPMN";NA;NA;"Ativa";"TSE";"Deputado Estadual";"Votação do PMN - deputado estadual";"Votação do PMN - deputado estadual";"Não oculta";"Internet";NA;0;0;NA;NA;"EPMN";"Internet";"Regional"
"11555";"EPTC";NA;NA;"Ativa";"TSE";"Deputado Estadual";"Votação do PTC - deputado estadual";"Votação do PTC - deputado estadual";"Não oculta";"Internet";NA;0;0;NA;NA;"EPTC";"Internet";"Regional"
"11556";"EPSB";NA;NA;"Ativa";"TSE";"Deputado Estadual";"Votação do PSB - deputado estadual";"Votação do PSB - deputado estadual";"Não oculta";"Internet";NA;0;0;NA;NA;"EPSB";"Internet";"Regional"
"11557";"EPSD";NA;NA;"Ativa";"TSE";"Deputado Estadual";"Votação do PSD - deputado estadual";"Votação do PSD - deputado estadual";"Não oculta";"Internet";NA;0;0;NA;NA;"EPSD";"Internet";"Regional"
"11558";"EPV";1;140;"Ativa";"TSE";"Deputado Estadual";"Votação do PV - deputado estadual";"Votação do PV - deputado estadual";"Não oculta";"Internet";NA;0;0;NA;NA;"EPV";"Internet";"Regional"
"11559";"EPRP";NA;NA;"Ativa";"TSE";"Deputado Estadual";"Votação do PRP - deputado estadual";"Votação do PRP - deputado estadual";"Não oculta";"Internet";NA;0;0;NA;NA;"EPRP";"Internet";"Regional"
"11560";"EPRONA";NA;NA;"Ativa";"TSE";"Deputado Estadual";"Votação do PRONA - deputado estadual";"Votação do PRONA - deputado estadual";"Não oculta";"Internet";NA;0;0;NA;NA;"EPRONA";"Internet";"Regional"
"11561";"EPCDOB";3;52;"Ativa";"TSE";"Deputado Estadual";"Votação do PC do B - deputado estadual";"Votação do PC do B - deputado estadual";"Não oculta";"Internet";NA;0;0;NA;NA;"EPCDOB";"Internet";"Regional"
"11562";"EPTDOB";NA;NA;"Ativa";"TSE";"Deputado Estadual";"Votação do PT do B - deputado estadual";"Votação do PT do B - deputado estadual";"Não oculta";"Internet";NA;0;0;NA;NA;"EPTDOB";"Internet";"Regional"
"11563";"NCANDVOE";1;140;"Ativa";"TSE";"Deputado Estadual";"Número de candidatos votados - deputado estadual(Municipal)";"Número de candidatos votados - deputado estadual(Municipal)";"Não oculta";"Internet";NA;0;0;NA;NA;"NCANDVOE";"Internet";"Regional"
"11564";"SPPB";NA;NA;"Ativa";"TSE";"Senador";"Votação do PPB - senador";"Votação do PPB - senador";"Não oculta";"Internet";NA;0;0;NA;NA;"SPPB";"Internet";"Regional"
"11565";"SPSTU";NA;NA;"Ativa";"TSE";"Senador";"Votação do PSTU - senador";"Votação do PSTU - senador";"Não oculta";"Internet";NA;0;0;NA;NA;"SPSTU";"Internet";"Regional"
"11566";"SPSL";NA;NA;"Ativa";"TSE";"Senador";"Votação do PSL - senador";"Votação do PSL - senador";"Não oculta";"Internet";NA;0;0;NA;NA;"SPSL";"Internet";"Regional"
"11567";"SPST";NA;NA;"Ativa";"TSE";"Senador";"Votação do PST - senador";"Votação do PST - senador";"Não oculta";"Internet";NA;0;0;NA;NA;"SPST";"Internet";"Regional"
"11568";"SPTN";NA;NA;"Ativa";"TSE";"Senador";"Votação do PTN - senador";"Votação do PTN - senador";"Não oculta";"Internet";NA;0;0;NA;NA;"SPTN";"Internet";"Regional"
"11569";"SPSC";NA;NA;"Ativa";"TSE";"Senador";"Votação do PSC - senador";"Votação do PSC - senador";"Não oculta";"Internet";NA;0;0;NA;NA;"SPSC";"Internet";"Regional"
"11570";"SPCB";NA;NA;"Ativa";"TSE";"Senador";"Votação do PCB - senador";"Votação do PCB - senador";"Não oculta";"Internet";NA;0;0;NA;NA;"SPCB";"Internet";"Regional"
"11571";"SPPS";NA;NA;"Ativa";"TSE";"Senador";"Votação do PPS - senador";"Votação do PPS - senador";"Não oculta";"Internet";NA;0;0;NA;NA;"SPPS";"Internet";"Regional"
"11572";"SPAN";NA;NA;"Ativa";"TSE";"Senador";"Votação do PAN - senador";"Votação do PAN - senador";"Não oculta";"Internet";NA;0;0;NA;NA;"SPAN";"Internet";"Regional"
"11573";"SPSDC";NA;NA;"Ativa";"TSE";"Senador";"Votação do PSDC - senador";"Votação do PSDC - senador";"Não oculta";"Internet";NA;0;0;NA;NA;"SPSDC";"Internet";"Regional"
"11574";"SPRTB";NA;NA;"Ativa";"TSE";"Senador";"Votação do PRTB - senador";"Votação do PRTB - senador";"Não oculta";"Internet";NA;0;0;NA;NA;"SPRTB";"Internet";"Regional"
"11575";"SPCO";NA;NA;"Ativa";"TSE";"Senador";"Votação do PCO - senador";"Votação do PCO - senador";"Não oculta";"Internet";NA;0;0;NA;NA;"SPCO";"Internet";"Regional"
"11576";"SPGT";NA;NA;"Ativa";"TSE";"Senador";"Votação do PGT - senador";"Votação do PGT - senador";"Não oculta";"Internet";NA;0;0;NA;NA;"SPGT";"Internet";"Regional"
"11577";"SPHS";NA;NA;"Ativa";"TSE";"Senador";"Votação do PHS - senador";"Votação do PHS - senador";"Não oculta";"Internet";NA;0;0;NA;NA;"SPHS";"Internet";"Regional"
"11578";"SPMN";NA;NA;"Ativa";"TSE";"Senador";"Votação do PMN - senador";"Votação do PMN - senador";"Não oculta";"Internet";NA;0;0;NA;NA;"SPMN";"Internet";"Regional"
"11579";"SPTC";NA;NA;"Ativa";"TSE";"Senador";"Votação do PTC - senador";"Votação do PTC - senador";"Não oculta";"Internet";NA;0;0;NA;NA;"SPTC";"Internet";"Regional"
"11580";"SPSB";NA;NA;"Ativa";"TSE";"Senador";"Votação do PSB - senador";"Votação do PSB - senador";"Não oculta";"Internet";NA;0;0;NA;NA;"SPSB";"Internet";"Regional"
"11581";"SPSD";NA;NA;"Ativa";"TSE";"Senador";"Votação do PSD - senador";"Votação do PSD - senador";"Não oculta";"Internet";NA;0;0;NA;NA;"SPSD";"Internet";"Regional"
"11582";"SPV";NA;NA;"Ativa";"TSE";"Senador";"Votação do PV - senador";"Votação do PV - senador";"Não oculta";"Internet";NA;0;0;NA;NA;"SPV";"Internet";"Regional"
"11583";"SPRP";NA;NA;"Ativa";"TSE";"Senador";"Votação do PRP - senador";"Votação do PRP - senador";"Não oculta";"Internet";NA;0;0;NA;NA;"SPRP";"Internet";"Regional"
"11584";"SPRONA";NA;NA;"Ativa";"TSE";"Senador";"Votação do PRONA - senador";"Votação do PRONA - senador";"Não oculta";"Internet";NA;0;0;NA;NA;"SPRONA";"Internet";"Regional"
"11585";"SPCDOB";NA;NA;"Ativa";"TSE";"Senador";"Votação do PC do B - senador";"Votação do PC do B - senador";"Não oculta";"Internet";NA;0;0;NA;NA;"SPCDOB";"Internet";"Regional"
"11586";"SPTDOB";NA;NA;"Ativa";"TSE";"Senador";"Votação do PT do B - senador";"Votação do PT do B - senador";"Não oculta";"Internet";NA;0;0;NA;NA;"SPTDOB";"Internet";"Regional"
"11587";"NCANDVOS";NA;NA;"Ativa";"TSE";"Senador";"Número de candidatos votados - senador(Municipal)";"Número de candidatos votados - senador(Municipal)";"Não oculta";"Internet";NA;0;0;NA;NA;"NCANDVOS";"Internet";"Regional"
"11588";"DMAISVO2";NA;NA;"Ativa";"TSE";"Deputado Federal";"Votação do segundo candidato a deputado federal mais votado(Municipal)";"Votação do segundo candidato a deputado federal mais votado(Municipal)";"Não oculta";"Internet";NA;0;0;NA;NA;"DMAISVO2";"Internet";"Regional"
"11589";"DMAISPT2";NA;NA;"Ativa";"TSE";"Deputado Federal";"Partido do segundo candidato a deputado federal mais votado(Municipal)";"Partido do segundo candidato a deputado federal mais votado(Municipal)";"Não oculta";"Internet";NA;0;0;NA;NA;"DMAISPT2";"Internet";"Regional"
"11590";"EMAISVO2";NA;NA;"Ativa";"TSE";"Deputado Estadual";"Votação do segundo candidato a deputado estadual mais votado(Municipal)";"Votação do segundo candidato a deputado estadual mais votado(Municipal)";"Não oculta";"Internet";NA;0;0;NA;NA;"EMAISVO2";"Internet";"Regional"
"11591";"EMAISPT2";NA;NA;"Ativa";"TSE";"Deputado Estadual";"Partido do segundo candidato a deputado estadual mais votado(Municipal)";"Partido do segundo candidato a deputado estadual mais votado(Municipal)";"Não oculta";"Internet";NA;0;0;NA;NA;"EMAISPT2";"Internet";"Regional"
"11592";"SMAISVO2";NA;NA;"Ativa";"TSE";"Senador";"Votação do segundo candidato a senador mais votado(Municipal)";"Votação do segundo candidato a senador mais votado(Municipal)";"Não oculta";"Internet";NA;0;0;NA;NA;"SMAISVO2";"Internet";"Regional"
"11593";"SMAISPT2";NA;NA;"Ativa";"TSE";"Senador";"Partido do segundo candidato a senador mais votado(Municipal)";"Partido do segundo candidato a senador mais votado(Municipal)";"Não oculta";"Internet";NA;0;0;NA;NA;"SMAISPT2";"Internet";"Regional"
"11594";"G2VO1E";1;140;"Ativa";"TSE";"Governador";"Votação do candidato a governador mais votado no segundo turno(Estadual)";"Votação do candidato a governador mais votado no segundo turno(Estadual)";"Não oculta";"Internet";NA;0;0;NA;NA;"G2VO1E";"Internet";"Regional"
"11595";"G2VO2E";2;91;"Ativa";"TSE";"Governador";"Votação do segundo candidato a governador mais votado no segundo turno(Estadual)";"Votação do segundo candidato a governador mais votado no segundo turno(Estadual)";"Não oculta";"Internet";NA;0;0;NA;NA;"G2VO2E";"Internet";"Regional"
"11596";"G2PT1E";4;38;"Ativa";"TSE";"Governador";"Partido do candidato a governador mais votado no segundo turno(Estadual)";"Partido do candidato a governador mais votado no segundo turno(Estadual)";"Não oculta";"Internet";NA;0;0;NA;NA;"G2PT1E";"Internet";"Regional"
"11597";"G2PT2E";1;140;"Ativa";"TSE";"Governador";"Partido do segundo candidato a governador mais votado no segundo turno(Estadual)";"Partido do segundo candidato a governador mais votado no segundo turno(Estadual)";"Não oculta";"Internet";NA;0;0;NA;NA;"G2PT2E";"Internet";"Regional"
"11598";"NCANDVODE";9;20;"Ativa";"TSE";"Deputado Federal";"Número de candidatos votados - deputado federal(Estadual)";"Número de candidatos votados - deputado federal(Estadual)";"Não oculta";"Internet";NA;0;0;NA;NA;"NCANDVODE";"Internet";"Regional"
"11599";"DMAISVOE";NA;NA;"Ativa";"TSE";"Deputado Federal";"Votação do candidato a deputado federal mais votado(Estadual)";"Votação do candidato a deputado federal mais votado(Estadual)";"Não oculta";"Internet";NA;0;0;NA;NA;"DMAISVOE";"Internet";"Regional"
"11600";"DMAISVO2E";NA;NA;"Ativa";"TSE";"Deputado Federal";"Votação do segundo candidato a deputado federal mais votado(Estadual)";"Votação do segundo candidato a deputado federal mais votado(Estadual)";"Não oculta";"Internet";NA;0;0;NA;NA;"DMAISVO2E";"Internet";"Regional"
"11601";"DMAISPTE";NA;NA;"Ativa";"TSE";"Deputado Federal";"Partido do candidato a deputado federal mais votado(Estadual)";"Partido do candidato a deputado federal mais votado(Estadual)";"Não oculta";"Internet";NA;0;0;NA;NA;"DMAISPTE";"Internet";"Regional"
"11602";"DMAISPT2E";NA;NA;"Ativa";"TSE";"Deputado Federal";"Partido do segundo candidato a deputado federal mais votado(Estadual)";"Partido do segundo candidato a deputado federal mais votado(Estadual)";"Não oculta";"Internet";NA;0;0;NA;NA;"DMAISPT2E";"Internet";"Regional"
"11603";"NCANDVOEE";9;20;"Ativa";"TSE";"Deputado Estadual";"Número de candidatos votados - deputado estadual(Estadual)";"Número de candidatos votados - deputado estadual(Estadual)";"Não oculta";"Internet";NA;0;0;NA;NA;"NCANDVOEE";"Internet";"Regional"
"11604";"EMAISVOE";NA;NA;"Ativa";"TSE";"Deputado Estadual";"Votação do candidato a deputado estadual mais votado(Estadual)";"Votação do candidato a deputado estadual mais votado(Estadual)";"Não oculta";"Internet";NA;0;0;NA;NA;"EMAISVOE";"Internet";"Regional"
"11605";"EMAISVO2E";NA;NA;"Ativa";"TSE";"Deputado Estadual";"Votação do segundo candidato a deputado estadual mais votado(Estadual)";"Votação do segundo candidato a deputado estadual mais votado(Estadual)";"Não oculta";"Internet";NA;0;0;NA;NA;"EMAISVO2E";"Internet";"Regional"
"11606";"EMAISPTE";NA;NA;"Ativa";"TSE";"Deputado Estadual";"Partido do candidato a deputado estadual mais votado(Estadual)";"Partido do candidato a deputado estadual mais votado(Estadual)";"Não oculta";"Internet";NA;0;0;NA;NA;"EMAISPTE";"Internet";"Regional"
"11607";"EMAISPT2E";NA;NA;"Ativa";"TSE";"Deputado Estadual";"Partido do segundo candidato a deputado estadual mais votado(Estadual)";"Partido do segundo candidato a deputado estadual mais votado(Estadual)";"Não oculta";"Internet";NA;0;0;NA;NA;"EMAISPT2E";"Internet";"Regional"
"11608";"NCANDVOSE";7;27;"Ativa";"TSE";"Senador";"Número de candidatos votados - senador(Estadual)";"Número de candidatos votados - senador(Estadual)";"Não oculta";"Internet";NA;0;0;NA;NA;"NCANDVOSE";"Internet";"Regional"
"11609";"SMAISVOE";NA;NA;"Ativa";"TSE";"Senador";"Votação do candidato a senador mais votado(Estadual)";"Votação do candidato a senador mais votado(Estadual)";"Não oculta";"Internet";NA;0;0;NA;NA;"SMAISVOE";"Internet";"Regional"
"11610";"SMAISVO2E";NA;NA;"Ativa";"TSE";"Senador";"Votação do segundo candidato a senador mais votado(Estadual)";"Votação do segundo candidato a senador mais votado(Estadual)";"Não oculta";"Internet";NA;0;0;NA;NA;"SMAISVO2E";"Internet";"Regional"
"11611";"SMAISPTE";NA;NA;"Ativa";"TSE";"Senador";"Partido do candidato a senador mais votado(Estadual)";"Partido do candidato a senador mais votado(Estadual)";"Não oculta";"Internet";NA;0;0;NA;NA;"SMAISPTE";"Internet";"Regional"
"11612";"SMAISPT2E";NA;NA;"Ativa";"TSE";"Senador";"Partido do segundo candidato a senador mais votado(Estadual)";"Partido do segundo candidato a senador mais votado(Estadual)";"Não oculta";"Internet";NA;0;0;NA;NA;"SMAISPT2E";"Internet";"Regional"
"11613";"HIST4_DEP4";NA;NA;"Inativa";"Outras fontes";"Moeda e crédito";"M2 - depósitos à prazo - fim período";"M2 - depósitos à prazo - fim período";"Não oculta";"Internet";90;0;1;"Incluída em 18/fev/2004";NA;"HIST4";"Internet";"Macro"
"11614";"HIST4_DEV4";3;393;"Inativa";"Outras fontes";"Moeda e crédito";"M1 - depósitos à vista - fim período";"M1 - depósitos à vista - fim período";"Não oculta";"Internet";90;0;1;"Incluída em 18/fev/2004";NA;"HIST4";"Internet";"Macro"
"11615";"HIST4_M14";NA;NA;"Inativa";"Outras fontes";"Moeda e crédito";"M1 - fim período";"M1 - fim período";"Não oculta";"Internet";90;0;1;"Incluída em 18/fev/2004";NA;"HIST4";"Internet";"Macro"
"11616";"HIST4_M24";5;315;"Inativa";"Outras fontes";"Moeda e crédito";"M2 - fim período";"M2 - fim período";"Não oculta";"Internet";90;0;1;"Incluída em 18/fev/2004";NA;"HIST4";"Internet";"Macro"
"11617";"HIST4_PME4";7;270;"Inativa";"Outras fontes";"Moeda e crédito";"M0 - base monetária - papel moeda emitido - fim período";"M0 - base monetária - papel moeda emitido - fim período";"Não oculta";"Internet";90;0;1;"Incluída em 18/fev/2004";NA;"HIST4";"Internet";"Macro"
"11618";"HIST4_PMPP4";4;347;"Inativa";"Outras fontes";"Moeda e crédito";"M1 - papel-moeda em poder do público - fim período";"M1 - papel-moeda em poder do público - fim período";"Não oculta";"Internet";90;0;1;"Incluída em 18/fev/2004";NA;"HIST4";"Internet";"Macro"
"11619";"HIST4_REBAM4";8;244;"Inativa";"Outras fontes";"Moeda e crédito";"M0 - base monetária - papel moeda emitido - caixa nas autoridades monetárias - fim período";"M0 - base monetária - papel moeda emitido - caixa nas autoridades monetárias - fim período";"Não oculta";"Internet";90;0;1;"Incluída em 18/fev/2004";NA;"HIST4";"Internet";"Macro"
"11620";"HIST4_REBBC4";1;527;"Inativa";"Outras fontes";"Moeda e crédito";"M0 - base monetária - papel moeda emitido - caixa nos bancos comerciais - fim período";"M0 - base monetária - papel moeda emitido - caixa nos bancos comerciais - fim período";"Não oculta";"Internet";90;0;1;"Incluída em 18/fev/2004";NA;"HIST4";"Internet";"Macro"
"11621";"PMEN12_RMRHAB12";139;80;"Inativa";"IBGE/PME";"Salário e renda";"Rendimento médio real habitual - pessoas ocupadas - RMs";"Rendimento médio real do trabalho principal, habitualmente recebido por mês, pelas pessoas de 10 anos ou mais de idade, ocupadas no trabalho principal da semana de referência, por regiões Metropolitanas";"Não oculta";"Internet";25;0;0;"Incluída em 18/mar/2004";NA;"PMEN12";"Internet";"Macro"
"11622";"IGP12_IPCSNUCL12";NA;NA;"Ativa";"FGV/Conj. Econ. - IGP";"Preços";"Nucleo - IPC-S";"Nucleo - IPC-S";"Não oculta";"Internet";5;0;0;"Incluída em 18/mar/2004";NA;"IGP12";"Internet";"Macro"
"11623";"VALOR12_GLOBAL912";17;667;"Inativa";"Valor Econômico";"Financeiras";"Bônus global República (9) - spread";"Bônus global República (9) - spread";"Não oculta";"Internet";0;0;0;"Incluída em 18/mar/2004";NA;"VALOR12";"Internet";"Macro"
"11624";"VALOR12_GLOBAL1212";44;302;"Inativa";"Valor Econômico";"Financeiras";"Bônus global República (12) - spread";"Bônus global República (12) - spread";"Não oculta";"Internet";0;0;0;"Incluída em 18/mar/2004";NA;"VALOR12";"Internet";"Macro"
"11625";"VALOR12_GLOBAL2412";17;667;"Inativa";"Valor Econômico";"Financeiras";"Bônus global República (24) - spread";"Bônus global República (24) - spread";"Não oculta";"Internet";0;0;0;"Incluída em 18/mar/2004";NA;"VALOR12";"Internet";"Macro"
"11626";"VALOR12_GLOBAL2712";22;542;"Inativa";"Valor Econômico";"Financeiras";"Bônus global República (27) - spread";"Bônus global República (27) - spread";"Não oculta";"Internet";0;0;0;"Incluída em 18/mar/2004";NA;"VALOR12";"Internet";"Macro"
"11627";"VALOR12_GLOBAL4012";60;209;"Inativa";"Valor Econômico";"Financeiras";"Bônus global República (40) - spread";"Bônus global República (40) - spread";"Não oculta";"Internet";0;0;0;"Incluída em 18/mar/2004";NA;"VALOR12";"Internet";"Macro"
"11628";"GPST";NA;NA;"Ativa";"TSE";"Governador";"Votação do PST - governador no primeiro turno";"Votação do PST - governador no primeiro turno";"Não oculta";"Internet";NA;0;0;NA;NA;"GPST";"Internet";"Regional"
"11629";"GPSN";NA;NA;"Ativa";"TSE";"Governador";"Votação do PSN - governador no primeiro turno";"Votação do PSN - governador no primeiro turno";"Não oculta";"Internet";NA;0;0;NA;NA;"GPSN";"Internet";"Regional"
"11630";"GPMN";NA;NA;"Ativa";"TSE";"Governador";"Votação do PMN - governador no primeiro turno";"Votação do PMN - governador no primeiro turno";"Não oculta";"Internet";NA;0;0;NA;NA;"GPMN";"Internet";"Regional"
"11631";"GPRN";NA;NA;"Ativa";"TSE";"Governador";"Votação do PRN - governador no primeiro turno";"Votação do PRN - governador no primeiro turno";"Não oculta";"Internet";NA;0;0;NA;NA;"GPRN";"Internet";"Regional"
"11632";"GPTDOB";NA;NA;"Ativa";"TSE";"Governador";"Votação do PT do B - governador no primeiro turno";"Votação do PT do B - governador no primeiro turno";"Não oculta";"Internet";NA;0;0;NA;NA;"GPTDOB";"Internet";"Regional"
"11633";"DPSN";NA;NA;"Ativa";"TSE";"Deputado Federal";"Votação do PSN - deputado federal";"Votação do PSN - deputado federal";"Não oculta";"Internet";NA;0;0;NA;NA;"DPSN";"Internet";"Regional"
"11634";"DPRN";1;140;"Ativa";"TSE";"Deputado Federal";"Votação do PRN - deputado federal";"Votação do PRN - deputado federal";"Não oculta";"Internet";NA;0;0;NA;NA;"DPRN";"Internet";"Regional"
"11635";"EPSN";NA;NA;"Ativa";"TSE";"Deputado Estadual";"Votação do PSN - deputado estadual";"Votação do PSN - deputado estadual";"Não oculta";"Internet";NA;0;0;NA;NA;"EPSN";"Internet";"Regional"
"11636";"EPRN";NA;NA;"Ativa";"TSE";"Deputado Estadual";"Votação do PRN - deputado estadual";"Votação do PRN - deputado estadual";"Não oculta";"Internet";NA;0;0;NA;NA;"EPRN";"Internet";"Regional"
"11637";"SPSN";1;140;"Ativa";"TSE";"Senador";"Votação do PSN - senador";"Votação do PSN - senador";"Não oculta";"Internet";NA;0;0;NA;NA;"SPSN";"Internet";"Regional"
"11638";"SPRN";NA;NA;"Ativa";"TSE";"Senador";"Votação do PRN - senador";"Votação do PRN - senador";"Não oculta";"Internet";NA;0;0;NA;NA;"SPRN";"Internet";"Regional"
"11639";"SCN4_CTCR4";46;49;"Inativa";"IBGE/SCN 2000 Trim.";"Contas nacionais";"Consumo final - contribuição no crescimento do PIB - var. - ref. 2000";"Contribuição do consumo final no crescimento do PIB - referência 2000";"Não oculta";"Intranet";90;0;0;"Incluída em 03 / maio / 2007.";"Gerada";"SCN4";"Intranet";"Macro"
"11640";"SCN4_FBKCR4";193;7;"Inativa";"IBGE/SCN 2000 Trim.";"Contas nacionais";"Capital - formação bruta - contribuição no crescimento do PIB - var. - ref. 2000";"Contribuição da formação bruta de capital no crescimento do PIB - referência 2000";"Não oculta";"Intranet";90;0;0;"Incluída em 03 / maio / 2007.";"Gerada";"SCN4";"Intranet";"Macro"
"11641";"SCN4_XBSZCR4";45;51;"Inativa";"IBGE/SCN 2000 Trim.";"Contas nacionais";"Exportações - bens e serviços - contribuição no crescimento do PIB - var. - ref. 2000";"Contribuição das exportações de bens e serviços no crescimento do PIB - referência 2000";"Não oculta";"Intranet";90;0;0;"Incluída em 03 / maio / 2007.";"Gerada";"SCN4";"Intranet";"Macro"
"11642";"SCN4_MBSZCR4";38;58;"Inativa";"IBGE/SCN 2000 Trim.";"Contas nacionais";"Importações - bens e serviços - contribuição no crescimento do PIB - var. - ref. 2000";"Contribuição das importações de bens e serviços no crescimento do PIB - referência 2000";"Não oculta";"Intranet";90;0;0;"Incluída em 03 / maio / 2007.";"Gerada";"SCN4";"Intranet";"Macro"
"11643";"SCN4_PIBAGRCR4";76;26;"Inativa";"IBGE/SCN 2000 Trim.";"Contas nacionais";"PIB - agropecuária - contribuição no crescimento do PIB - var. - ref. 2000";"Contribuição do agropecuária no crescimento do PIB - referência 2000";"Não oculta";"Intranet";90;0;0;"Incluída em 03 / maio / 2007.";"Gerada";"SCN4";"Intranet";"Macro"
"11644";"SCN4_PIBINDCR4";58;36;"Inativa";"IBGE/SCN 2000 Trim.";"Contas nacionais";"PIB - indústria - contribuição no crescimento do PIB - var. - ref. 2000";"Contribuição do indústria no crescimento do PIB - referência 2000";"Não oculta";"Intranet";90;0;0;"Incluída em 03 / maio / 2007.";"Gerada";"SCN4";"Intranet";"Macro"
"11645";"SCN4_PIBSERCR4";21;103;"Inativa";"IBGE/SCN 2000 Trim.";"Contas nacionais";"PIB - serviços - contribuição no crescimento do PIB - var. - ref. 2000";"Contribuição dos serviços no crescimento do PIB - referência 2000";"Não oculta";"Intranet";90;0;0;"Incluída em 03 / maio / 2007.";"Gerada";"SCN4";"Intranet";"Macro"
"11646";"SCN4_PIBDUMCR4";30;78;"Inativa";"IBGE/SCN 2000 Trim.";"Contas nacionais";"PIB - dummy financeiro - contribuição no crescimento do PIB - var. - ref. 2000";"Contribuição do dummy financeiro no crescimento do PIB - referência 2000";"Não oculta";"Intranet";90;0;0;"Incluída em 12/abril/2004";NA;"SCN4";"Intranet";"Macro"
"11647";"SCN4_PIBIVACR4";29;84;"Inativa";"IBGE/SCN 2000 Trim.";"Contas nacionais";"PIB - impostos sobre produtos - contribuição no crescimento do PIB - var. - ref. 2000";"Contribuição dos impostos sobre produtos no crescimento do PIB - referência 2000";"Não oculta";"Intranet";90;0;0;"Incluída em 03 / maio / 2007.";"Gerada";"SCN4";"Intranet";"Macro"
"11648";"HIST_FBKCG1N";4;1216;"Inativa";"IPEA";"Contas nacionais";"Capital fixo - formação bruta - construção - estudos e projetos - adm. pública";"Formação bruta de capital fixo - construção - estudos e projetos - administração pública";"Não oculta";"Internet";360;0;1;"Incluída em 12/abril/2004";NA;"HIST";"Internet";"Macro"
"11649";"HIST_FBKCG2N";3;1315;"Inativa";"IPEA";"Contas nacionais";"Capital fixo - formação bruta - construção - comunicações - adm. pública";"Formação bruta de capital fixo - construção - comunicações - administração pública";"Não oculta";"Internet";360;0;1;"Incluída em 12/abril/2004";NA;"HIST";"Internet";"Macro"
"11650";"HIST_FBKCG3N";4;1216;"Inativa";"IPEA";"Contas nacionais";"Capital fixo - formação bruta - construção - portos, canais e dragagem - adm. pública";"Formação bruta de capital fixo - construção - portos, canais e dragagem - administração pública";"Não oculta";"Internet";360;0;1;"Incluída em 12/abril/2004";NA;"HIST";"Internet";"Macro"
"11651";"HIST_FBKCG4N";7;991;"Inativa";"IPEA";"Contas nacionais";"Capital fixo - formação bruta - construção - açudes, barragens, saneamento - adm. pública";"Formação bruta de capital fixo - construção - açudes, barragens, irrigação e saneamento - administração pública";"Não oculta";"Internet";360;0;1;"Incluída em 12/abril/2004";NA;"HIST";"Internet";"Macro"
"11652";"HIST_FBKCG5N";4;1216;"Inativa";"IPEA";"Contas nacionais";"Capital fixo - formação bruta - construção bases e quartéis - adm. pública";"Formação bruta de capital fixo - construção bases e quartéis - administração pública";"Não oculta";"Internet";360;0;1;"Incluída em 12/abril/2004";NA;"HIST";"Internet";"Macro"
"11653";"HIST_FBKCG6N";12;739;"Inativa";"IPEA";"Contas nacionais";"Capital fixo - formação bruta - construção - ferrovias - adm. pública";"Formação bruta de capital fixo - construção - ferrovias - administração pública";"Não oculta";"Internet";360;0;1;"Incluída em 12/abril/2004";NA;"HIST";"Internet";"Macro"
"11654";"HIST_FBKCG7N";7;991;"Inativa";"IPEA";"Contas nacionais";"Capital fixo - formação bruta - construção - rodovias e pontes - adm. pública";"Formação bruta de capital fixo - construção - rodovias e pontes - administração pública";"Não oculta";"Internet";360;0;1;"Incluída em 12/abril/2004";NA;"HIST";"Internet";"Macro"
"11655";"HIST_FBKCG8N";6;1048;"Inativa";"IPEA";"Contas nacionais";"Capital fixo - formação bruta - construção - hospitais e postos de saúde - adm. pública";"Formação bruta de capital fixo - construção - hospitais e postos de saúde - administração pública";"Não oculta";"Internet";360;0;1;"Incluída em 12/abril/2004";NA;"HIST";"Internet";"Macro"
"11656";"HIST_FBKCG9N";3;1315;"Inativa";"IPEA";"Contas nacionais";"Capital fixo - formação bruta - construção - reparos e adaptações - adm. pública";"Formação bruta de capital fixo - construção - reparos e adaptações - administração pública";"Não oculta";"Internet";360;0;1;"Incluída em 12/abril/2004";NA;"HIST";"Internet";"Macro"
"11657";"HIST_FBKCG10N";8;932;"Inativa";"IPEA";"Contas nacionais";"Capital fixo - formação bruta - construção - construções diversas - adm. pública";"Formação bruta de capital fixo - construção - construções diversas - administração pública";"Não oculta";"Internet";360;0;1;"Incluída em 12/abril/2004";NA;"HIST";"Internet";"Macro"
"11658";"HIST_FBKCG11N";6;1048;"Inativa";"IPEA";"Contas nacionais";"Capital fixo - formação bruta - construção - escolas, universidades e inst. pesquisa  - adm. pública";"Formação bruta de capital fixo - construção - escolas, universidades e inst. pesquisa  - administração pública";"Não oculta";"Internet";360;0;1;"Incluída em 12/abril/2004";NA;"HIST";"Internet";"Macro"
"11659";"HIST_FBKCG12N";4;1216;"Inativa";"IPEA";"Contas nacionais";"Capital fixo - formação bruta - construção - água e esgoto - adm. pública";"Formação bruta de capital fixo - construção - água e esgoto - administração pública";"Não oculta";"Internet";360;0;1;"Incluída em 12/abril/2004";NA;"HIST";"Internet";"Macro"
"11660";"HIST_FBKCG13N";6;1048;"Inativa";"IPEA";"Contas nacionais";"Capital fixo - formação bruta - construção - aeroportos - adm. pública";"Formação bruta de capital fixo - construção - aeroportos - administração pública";"Não oculta";"Internet";360;0;1;"Incluída em 12/abril/2004";NA;"HIST";"Internet";"Macro"
"11661";"HIST_FBKCG14N";5;1138;"Inativa";"IPEA";"Contas nacionais";"Capital fixo - formação bruta - construção - energia elétrica - adm. pública";"Formação bruta de capital fixo - construção - energia elétrica - administração pública";"Não oculta";"Internet";360;0;1;"Incluída em 12/abril/2004";NA;"HIST";"Internet";"Macro"
"11662";"HIST_FBKMG1N";2;1445;"Inativa";"IPEA";"Contas nacionais";"Capital fixo - formação bruta - máquinas e equipamentos - material permanente - adm. pública";"Formação bruta de capital fixo - máquinas e equipamentos - material permanente - administração pública";"Não oculta";"Internet";360;0;1;"Incluída em 12/abril/2004";NA;"HIST";"Internet";"Macro"
"11663";"HIST_FBKMG2N";4;1216;"Inativa";"IPEA";"Contas nacionais";"Capital fixo - formação bruta - máquinas e equipamentos - equipamentos e instalações - adm. pública";"Formação bruta de capital fixo - máquinas e equipamentos - equipamentos e instalações - administração pública";"Não oculta";"Internet";360;0;1;"Incluída em 12/abril/2004";NA;"HIST";"Internet";"Macro"
"11664";"HIST_FBKMG3N";3;1315;"Inativa";"IPEA";"Contas nacionais";"Capital fixo - formação bruta - máquinas e equipamentos - reparos de equipamentos - adm. pública";"Formação bruta de capital fixo - máquinas e equipamentos - reparos de equipamentos - administração pública";"Não oculta";"Internet";360;0;1;"Incluída em 12/abril/2004";NA;"HIST";"Internet";"Macro"
"11665";"HIST_PREVRECORC";1;1606;"Inativa";"Outras fontes";"Finanças públicas";"Previdência social - receita da execução orçamentaria";"Previdência social - receita da execução orçamentaria";"Oculta";"Internet";90;0;1;"Incluída em 12/abril/2009";NA;"HIST";"Oculta";"Macro"
"11666";"HIST_PREVDESPORC";2;1445;"Inativa";"Outras fontes";"Finanças públicas";"Previdência social - despesa da execução orçamentaria";"Previdência social - despesa da execução orçamentaria";"Oculta";"Internet";90;0;1;"Incluída em 12/abril/2010";NA;"HIST";"Oculta";"Macro"
"11667";"HIST_PREVSALDOORC";6;1048;"Inativa";"Outras fontes";"Finanças públicas";"Previdência social - superávit (+) ou déficit (-) da execução orçamentaria";"Previdência social - superávit (+) ou déficit (-) da execução orçamentaria";"Oculta";"Internet";90;0;1;"Incluída em 12/abril/2011";NA;"HIST";"Oculta";"Macro"
"11668";"BM12_NFEEJNNS12";6;1117;"Ativa";"Bacen/Not. Imp./F. Púb.";"Finanças públicas";"NFSP - estatais - juros nominais - s/ desvalorização cambial";"Necessidade de financiamento do setor público (NFSP) - empresas estatais - juros nominais - sem desvalorização cambial";"Não oculta";"Internet";30;0;0;"Incluída em 12/abril/2004";NA;"BM12";"Internet";"Macro"
"11669";"BM12_NFEEJNNAS12";1;1628;"Ativa";"Bacen/Not. Imp./F. Púb.";"Finanças públicas";"NFSP - estatais - juros nominais - s/ desvalorização cambial - acum. 12 meses";"Necessidade de financiamento do setor público (NFSP) - empresas estatais - juros nominais - sem desvalorização cambial - acum. 12 meses";"Não oculta";"Internet";30;0;0;"Incluída em 12/abril/2004";NA;"BM12";"Internet";"Macro"
"11670";"BM12_NFEEJNYS12";NA;NA;"Ativa";"Bacen/Not. Imp./F. Púb.";"Finanças públicas";"NFSP - estatais - juros nominais - s/ desvalorização cambial - acum. 12 meses";"Necessidade de financiamento do setor público (NFSP) - empresas estatais - juros nominais - sem desvalorização cambial - acum. 12 meses";"Não oculta";"Internet";30;0;0;"Incluída em 12/abril/2004";NA;"BM12";"Internet";"Macro"
"11671";"BM12_NFEEJRNS12";NA;NA;"Inativa";"Bacen/Not. Imp./F. Púb.";"Finanças públicas";"NFSP - estatais - juros reais - s/ desvalorização cambial";"Necessidade de financiamento do setor público (NFSP) - empresas estatais - juros reais - sem desvalorização cambial";"Não oculta";"Internet";30;0;0;"Incluída em 12/abril/2004";NA;"BM12";"Internet";"Macro"
"11672";"BM12_NFEEJRNAS12";1;1628;"Inativa";"Bacen/Not. Imp./F. Púb.";"Finanças públicas";"NFSP - estatais - juros reais - s/ desvalorização cambial - acum. 12 meses";"Necessidade de financiamento do setor público (NFSP) - empresas estatais - juros reais - sem desvalorização cambial - acum. 12 meses";"Não oculta";"Internet";30;0;0;"Incluída em 12/abril/2004";NA;"BM12";"Internet";"Macro"
"11673";"BM12_NFEEJRYS12";1;1628;"Inativa";"Bacen/Not. Imp./F. Púb.";"Finanças públicas";"NFSP - estatais - juros reais - s/ desvalorização cambial - acum. 12 meses";"Necessidade de financiamento do setor público (NFSP) - empresas estatais - juros reais - sem desvalorização cambial - acum. 12 meses";"Não oculta";"Internet";30;0;0;"Incluída em 12/abril/2004";NA;"BM12";"Internet";"Macro"
"11674";"BM12_NFEENNS12";1;1628;"Ativa";"Bacen/Not. Imp./F. Púb.";"Finanças públicas";"NFSP - estatais - nominal - s/ desvalorização cambial";"Necessidade de financiamento do setor público (NFSP) - empresas estatais - conceito nominal - sem desvalorização cambial";"Não oculta";"Internet";30;0;0;"Incluída em 12/abril/2004";NA;"BM12";"Internet";"Macro"
"11675";"BM12_NFEENNAS12";2;1480;"Ativa";"Bacen/Not. Imp./F. Púb.";"Finanças públicas";"NFSP - estatais - nominal - s/ desvalorização cambial - acum. 12 meses";"Necessidade de financiamento do setor público (NFSP) - empresas estatais - conceito nominal - sem desvalorização cambial -  acum. 12 meses";"Não oculta";"Internet";30;0;0;"Incluída em 12/abril/2004";NA;"BM12";"Internet";"Macro"
"11676";"BM12_NFEENYS12";1;1628;"Ativa";"Bacen/Not. Imp./F. Púb.";"Finanças públicas";"NFSP - estatais - nominal - s/ desvalorização cambial - acum. 12 meses";"Necessidade de financiamento do setor público (NFSP) - empresas estatais - conceito nominal - sem desvalorização cambial - acum. 12 meses";"Não oculta";"Internet";30;0;0;"Incluída em 12/abril/2004";NA;"BM12";"Internet";"Macro"
"11677";"BM12_NFEEONS12";2;1480;"Inativa";"Bacen/Not. Imp./F. Púb.";"Finanças públicas";"NFSP - estatais - operacional - s/ desvalorização cambial";"Necessidade de financiamento do setor público (NFSP) - empresas estatais - conceito operacional - sem desvalorização cambial";"Não oculta";"Internet";30;0;0;"Incluída em 12/abril/2004";NA;"BM12";"Internet";"Macro"
"11678";"BM12_NFEEONAS12";2;1480;"Inativa";"Bacen/Not. Imp./F. Púb.";"Finanças públicas";"NFSP - estatais - operacional - s/ desvalorização cambial - acum. 12 meses";"Necessidade de financiamento do setor público (NFSP) - empresas estatais - operacional - sem desvalorização cambial - acum. 12 meses";"Não oculta";"Internet";30;0;0;"Incluída em 12/abril/2004";NA;"BM12";"Internet";"Macro"
"11679";"BM12_NFEEOYS12";NA;NA;"Inativa";"Bacen/Not. Imp./F. Púb.";"Finanças públicas";"NFSP - estatais - operacional - s/ desvalorização cambial - acum. 12 meses";"Necessidade de financiamento do setor público (NFSP) - empresas estatais - operacional - sem desvalorização cambial - acum. 12 meses";"Não oculta";"Internet";30;0;0;"Incluída em 12/abril/2004";NA;"BM12";"Internet";"Macro"
"11680";"BM12_NFEEPNS12";NA;NA;"Ativa";"Bacen/Not. Imp./F. Púb.";"Finanças públicas";"NFSP - estatais - primário - s/ desvalorização cambial";"Necessidade de financiamento do setor público (NFSP) - empresas estatais - conceito primário - sem desvalorização cambial";"Não oculta";"Internet";30;0;0;"Incluída em 12/abril/2004";NA;"BM12";"Internet";"Macro"
"11681";"BM12_NFEEPNAS12";1;1628;"Ativa";"Bacen/Not. Imp./F. Púb.";"Finanças públicas";"NFSP - estatais - primário - s/ desvalorização cambial - acum. 12 meses";"Necessidade de financiamento do setor público (NFSP) - empresas estatais - conceito primário - sem desvalorização cambial - acum. 12 meses";"Não oculta";"Internet";30;0;0;"Incluída em 12/abril/2004";NA;"BM12";"Internet";"Macro"
"11682";"BM12_NFEEPYS12";2;1480;"Ativa";"Bacen/Not. Imp./F. Púb.";"Finanças públicas";"NFSP - estatais - primário - s/ desvalorização cambial - acum. 12 meses";"Necessidade de financiamento do setor público (NFSP) - empresas estatais - conceito primário - sem desvalorização cambial - acum. 12 meses";"Não oculta";"Internet";30;0;0;"Incluída em 12/abril/2004";NA;"BM12";"Internet";"Macro"
"11683";"BM12_NFEMJNNS12";4;1262;"Ativa";"Bacen/Not. Imp./F. Púb.";"Finanças públicas";"NFSP - estados e municípios - juros nominais - s/ desvalorização cambial";"Necessidade de financiamento do setor público (NFSP) - estados e municípios - juros nominais - sem desvalorização cambial";"Não oculta";"Internet";30;0;0;"Incluída em 12/abril/2004";NA;"BM12";"Internet";"Macro"
"11684";"BM12_NFEMJNNAS12";1;1628;"Ativa";"Bacen/Not. Imp./F. Púb.";"Finanças públicas";"NFSP - estados e municípios - juros nominais - s/ desvalorização cambial - acum. 12 meses";"Necessidade de financiamento do setor público (NFSP) - estados e municípios - juros nominais - sem desvalorização cambial - acum. 12 meses";"Não oculta";"Internet";30;0;0;"Incluída em 12/abril/2004";NA;"BM12";"Internet";"Macro"
"11685";"BM12_NFEMJNYS12";2;1480;"Ativa";"Bacen/Not. Imp./F. Púb.";"Finanças públicas";"NFSP - estados e municípios - juros nominais - s/ desvalorização cambial - acum. 12 meses";"Necessidade de financiamento do setor público (NFSP) - estados e municípios - juros nominais - sem desvalorização cambial - acum. 12 meses";"Não oculta";"Internet";30;0;0;"Incluída em 12/abril/2004";NA;"BM12";"Internet";"Macro"
"11686";"BM12_NFEMJRNS12";4;1262;"Inativa";"Bacen/Not. Imp./F. Púb.";"Finanças públicas";"NFSP - estados e municípios - juros reais - s/ desvalorização cambial";"Necessidade de financiamento do setor público (NFSP) - estados e municípios - juros reais - sem desvalorização cambial";"Não oculta";"Internet";30;0;0;"Incluída em 12/abril/2004";NA;"BM12";"Internet";"Macro"
"11687";"BM12_NFEMJRNAS12";2;1480;"Inativa";"Bacen/Not. Imp./F. Púb.";"Finanças públicas";"NFSP - estados e municípios - juros reais - s/ desvalorização cambial - acum. 12 meses";"Necessidade de financiamento do setor público (NFSP) - estados e municípios - juros reais - sem desvalorização cambial - acum. 12 meses";"Não oculta";"Internet";30;0;0;"Incluída em 12/abril/2004";NA;"BM12";"Internet";"Macro"
"11688";"BM12_NFEMJRYS12";2;1480;"Inativa";"Bacen/Not. Imp./F. Púb.";"Finanças públicas";"NFSP - estados e municípios - juros reais - s/ desvalorização cambial - acum. 12 meses";"Necessidade de financiamento do setor público (NFSP) - estados e municípios - juros reais - sem desvalorização cambial - acum. 12 meses";"Não oculta";"Internet";30;0;0;"Incluída em 12/abril/2004";NA;"BM12";"Internet";"Macro"
"11689";"BM12_NFEMNNS12";1;1628;"Ativa";"Bacen/Not. Imp./F. Púb.";"Finanças públicas";"NFSP - estados e municípios - nominal - s/ desvalorização cambial";"Necessidade de financiamento do setor público (NFSP) - estados e municípios - conceito nominal - sem desvalorização cambial";"Não oculta";"Internet";30;0;0;"Incluída em 12/abril/2004";NA;"BM12";"Internet";"Macro"
"11690";"BM12_NFEMNNAS12";1;1628;"Ativa";"Bacen/Not. Imp./F. Púb.";"Finanças públicas";"NFSP - estados e municípios - nominal - s/ desvalorização cambial - acum. 12 meses";"Necessidade de financiamento do setor público (NFSP) - estados e municípios - conceito nominal - sem desvalorização cambial - acum. 12 meses";"Não oculta";"Internet";30;0;0;"Incluída em 12/abril/2004";NA;"BM12";"Internet";"Macro"
"11691";"BM12_NFEMNYS12";NA;NA;"Ativa";"Bacen/Not. Imp./F. Púb.";"Finanças públicas";"NFSP - estados e municípios - nominal - s/ desvalorização cambial - acum. 12 meses";"Necessidade de financiamento do setor público (NFSP) - estados e municípios - conceito nominal - sem desvalorização cambial - acum. 12 meses";"Não oculta";"Internet";30;0;0;"Incluída em 12/abril/2004";NA;"BM12";"Internet";"Macro"
"11692";"BM12_NFEMONS12";1;1628;"Inativa";"Bacen/Not. Imp./F. Púb.";"Finanças públicas";"NFSP - estados e municípios - operacional - s/ desvalorização cambial";"Necessidade de financiamento do setor público (NFSP) - estados e municípios - conceito operacional - sem desvalorização cambial";"Não oculta";"Internet";30;0;0;"Incluída em 12/abril/2004";NA;"BM12";"Internet";"Macro"
"11693";"BM12_NFEMONAS12";1;1628;"Inativa";"Bacen/Not. Imp./F. Púb.";"Finanças públicas";"NFSP - estados e municípios - operacional - s/ desvalorização cambial - acum. 12 meses";"Necessidade de financiamento do setor público (NFSP) - estados e municípios - conceito operacional - sem desvalorização cambial - acum. 12 meses";"Não oculta";"Internet";30;0;0;"Incluída em 12/abril/2004";NA;"BM12";"Internet";"Macro"
"11694";"BM12_NFEMOYS12";1;1628;"Inativa";"Bacen/Not. Imp./F. Púb.";"Finanças públicas";"NFSP - estados e municípios - operacional - s/ desvalorização cambial - acum. 12 meses";"Necessidade de financiamento do setor público (NFSP) - estados e municípios - conceito operacional - sem desvalorização cambial - acum. 12 meses";"Não oculta";"Internet";30;0;0;"Incluída em 12/abril/2004";NA;"BM12";"Internet";"Macro"
"11695";"BM12_NFEMPNS12";1;1628;"Ativa";"Bacen/Not. Imp./F. Púb.";"Finanças públicas";"NFSP - estados e municípios - primário - s/ desvalorização cambial";"Necessidade de financiamento do setor público (NFSP) - estados e municípios - conceito primário - sem desvalorização cambial";"Não oculta";"Internet";30;0;0;"Incluída em 12/abril/2004";NA;"BM12";"Internet";"Macro"
"11696";"BM12_NFEMPNAS12";1;1628;"Ativa";"Bacen/Not. Imp./F. Púb.";"Finanças públicas";"NFSP - estados e municípios - primário - s/ desvalorização cambial - acum. 12 meses";"Necessidade de financiamento do setor público (NFSP) - estados e municípios - conceito primário - sem desvalorização cambial - acum. 12 meses";"Não oculta";"Internet";30;0;0;"Incluída em 12/abril/2004";NA;"BM12";"Internet";"Macro"
"11697";"BM12_NFEMPYS12";3;1356;"Ativa";"Bacen/Not. Imp./F. Púb.";"Finanças públicas";"NFSP - estados e municípios - primário - s/ desvalorização cambial - acum. 12 meses";"Necessidade de financiamento do setor público (NFSP) - estados e municípios - conceito primário - sem desvalorização cambial - acum. 12 meses";"Não oculta";"Internet";30;0;0;"Incluída em 12/abril/2004";NA;"BM12";"Internet";"Macro"
"11698";"BM12_NFGFJNNS12";4;1262;"Ativa";"Bacen/Not. Imp./F. Púb.";"Finanças públicas";"NFSP - gov. federal e Banco Central - juros nominais - s/ desvalorização cambial";"Necessidade de financiamento do setor público (NFSP) - governo federal e Banco Central - juros nominais - sem desvalorização cambial";"Não oculta";"Internet";30;0;0;"Incluída em 12/abril/2004";NA;"BM12";"Internet";"Macro"
"11699";"BM12_NFGFJNNAS12";2;1480;"Ativa";"Bacen/Not. Imp./F. Púb.";"Finanças públicas";"NFSP - gov. federal e Banco Central - juros nominais - s/ desvalorização cambial - acum. 12 meses";"Necessidade de financiamento do setor público (NFSP) - governo federal e Banco Central - juros nominais -sem desvalorização cambial - acum. 12 meses";"Não oculta";"Internet";30;0;0;"Incluída em 12/abril/2004";NA;"BM12";"Internet";"Macro"
"11700";"BM12_NFGFJNYS12";4;1262;"Ativa";"Bacen/Not. Imp./F. Púb.";"Finanças públicas";"NFSP - gov. federal e Banco Central - juros nominais - s/ desvalorização cambial - acum. 12 meses";"Necessidade de financiamento do setor público (NFSP) - governo federal e Banco Central - juros nominais - sem desvalorização cambial - acum. 12 meses";"Não oculta";"Internet";30;0;0;"Incluída em 12/abril/2004";NA;"BM12";"Internet";"Macro"
"11701";"BM12_NFGFJRNS12";1;1628;"Inativa";"Bacen/Not. Imp./F. Púb.";"Finanças públicas";"NFSP - gov. federal e Banco Central - juros reais - s/ desvalorização cambial";"Necessidade de financiamento do setor público (NFSP) - governo federal e Banco Central - juros reais - sem desvalorização cambial";"Não oculta";"Internet";30;0;0;"Incluída em 12/abril/2004";NA;"BM12";"Internet";"Macro"
"11702";"BM12_NFGFJRNAS12";5;1176;"Inativa";"Bacen/Not. Imp./F. Púb.";"Finanças públicas";"NFSP - gov. federal e Banco Central - juros reais - s/ desvalorização cambial - acum. 12 meses";"Necessidade de financiamento do setor público (NFSP) - governo federal e Banco Central - juros reais - sem desvalorização cambial - acum. 12 meses";"Não oculta";"Internet";30;0;0;"Incluída em 12/abril/2004";NA;"BM12";"Internet";"Macro"
"11703";"BM12_NFGFJRYS12";2;1480;"Inativa";"Bacen/Not. Imp./F. Púb.";"Finanças públicas";"NFSP - gov. federal e Banco Central - juros reais - s/ desvalorização cambial - acum. 12 meses";"Necessidade de financiamento do setor público (NFSP) - governo federal e Banco Central - juros reais - sem desvalorização cambial - acum. 12 meses";"Não oculta";"Internet";30;0;0;"Incluída em 12/abril/2004";NA;"BM12";"Internet";"Macro"
"11704";"BM12_NFGFNNS12";1;1628;"Ativa";"Bacen/Not. Imp./F. Púb.";"Finanças públicas";"NFSP - gov. federal e Banco Central - nominal - s/ desvalorização cambial";"Necessidade de financiamento do setor público (NFSP) - governo federal e Banco Central - conceito nominal - sem desvalorização cambial";"Não oculta";"Internet";30;0;0;"Incluída em 12/abril/2004";NA;"BM12";"Internet";"Macro"
"11705";"BM12_NFGFNNAS12";2;1480;"Ativa";"Bacen/Not. Imp./F. Púb.";"Finanças públicas";"NFSP - gov. federal e Banco Central - nominal - s/ desvalorização cambial - acum. 12 meses";"Necessidade de financiamento do setor público (NFSP) - governo federal e Banco Central - conceito nominal - sem desvalorização cambial - acum. 12 meses";"Não oculta";"Internet";30;0;0;"Incluída em 12/abril/2004";NA;"BM12";"Internet";"Macro"
"11706";"BM12_NFGFNYS12";1;1628;"Ativa";"Bacen/Not. Imp./F. Púb.";"Finanças públicas";"NFSP - gov. federal e Banco Central - nominal - s/ desvalorização cambial - acum. 12 meses";"Necessidade de financiamento do setor público (NFSP) - governo federal e Banco Central - conceito nominal - sem desvalorização cambial - acum. 12 meses";"Não oculta";"Internet";30;0;0;"Incluída em 12/abril/2004";NA;"BM12";"Internet";"Macro"
"11707";"BM12_NFGFONS12";1;1628;"Inativa";"Bacen/Not. Imp./F. Púb.";"Finanças públicas";"NFSP - gov. federal e Banco Central - operacional - s/ desvalorização cambial";"Necessidade de financiamento do setor público (NFSP) - governo federal e Banco Central - conceito operacional - sem desvalorização cambial";"Não oculta";"Internet";30;0;0;"Incluída em 12/abril/2004";NA;"BM12";"Internet";"Macro"
"11708";"BM12_NFGFONAS12";2;1480;"Inativa";"Bacen/Not. Imp./F. Púb.";"Finanças públicas";"NFSP - gov. federal e Banco Central - operacional - s/ desvalorização cambial - acum. 12 meses";"Necessidade de financiamento do setor público (NFSP) - governo federal e Banco Central - conceito operacional - sem desvalorização cambial - acum. 12 meses";"Não oculta";"Internet";30;0;0;"Incluída em 12/abril/2004";NA;"BM12";"Internet";"Macro"
"11709";"BM12_NFGFOYS12";5;1176;"Inativa";"Bacen/Not. Imp./F. Púb.";"Finanças públicas";"NFSP - gov. federal e Banco Central - operacional - s/ desvalorização cambial - acum. 12 meses";"Necessidade de financiamento do setor público (NFSP) - governo federal e Banco Central - conceito operacional - sem desvalorização cambial - acum. 12 meses";"Não oculta";"Internet";30;0;0;"Incluída em 12/abril/2004";NA;"BM12";"Internet";"Macro"
"11710";"BM12_NFGFPNS12";2;1480;"Ativa";"Bacen/Not. Imp./F. Púb.";"Finanças públicas";"NFSP - gov. federal e Banco Central - primário  - s/ desvalorização cambial";"Necessidade de financiamento do setor público (NFSP) - governo federal e Banco Central - conceito primário - sem desvalorização cambial";"Não oculta";"Internet";30;0;0;"Incluída em 12/abril/2004";NA;"BM12";"Internet";"Macro"
"11711";"BM12_NFGFPNAS12";3;1356;"Ativa";"Bacen/Not. Imp./F. Púb.";"Finanças públicas";"NFSP - gov. federal e Banco Central - primário - s/ desvalorização cambial - acum. 12 meses";"Necessidade de financiamento do setor público (NFSP) - governo federal e Banco Central - conceito primário - sem desvalorização cambial - acum. 12 meses";"Não oculta";"Internet";30;0;0;"Incluída em 12/abril/2004";NA;"BM12";"Internet";"Macro"
"11712";"BM12_NFGFPYS12";8;996;"Ativa";"Bacen/Not. Imp./F. Púb.";"Finanças públicas";"NFSP - gov. federal e Banco Central - primário - s/ desvalorização cambial - acum. 12 meses";"Necessidade de financiamento do setor público (NFSP) - governo federal e Banco Central - conceito primário - sem desvalorização cambial - acum. 12 meses";"Não oculta";"Internet";30;0;0;"Incluída em 12/abril/2004";NA;"BM12";"Internet";"Macro"
"11713";"BM12_NFSPJNNS12";13;769;"Ativa";"Bacen/Not. Imp./F. Púb.";"Finanças públicas";"NFSP - setor público - juros nominais - s/ desvalorização cambial";"Necessidade de financiamento do setor público (NFSP) - setor público - juros nominais - sem desvalorização cambial";"Não oculta";"Internet";30;0;0;"Incluída em 12/abril/2004";NA;"BM12";"Internet";"Macro"
"11714";"BM12_NFSPJNNAS12";9;946;"Ativa";"Bacen/Not. Imp./F. Púb.";"Finanças públicas";"NFSP - setor público - juros nominais - s/ desvalorização cambial - acum. 12 meses";"Necessidade de financiamento do setor público (NFSP) - setor público - juros nominais - sem desvalorização cambial - acum. 12 meses";"Não oculta";"Internet";30;0;0;"Incluída em 12/abril/2004";NA;"BM12";"Internet";"Macro"
"11715";"BM12_NFSPJNYS12";13;769;"Ativa";"Bacen/Not. Imp./F. Púb.";"Finanças públicas";"NFSP - setor público - juros nominais - s/ desvalorização cambial - acum. 12 meses";"Necessidade de financiamento do setor público (NFSP) - setor público - juros nominais - sem desvalorização cambial - acum. 12 meses";"Não oculta";"Internet";30;0;0;"Incluída em 12/abril/2004";NA;"BM12";"Internet";"Macro"
"11716";"BM12_NFSPJRNS12";1;1628;"Inativa";"Bacen/Not. Imp./F. Púb.";"Finanças públicas";"NFSP - setor público - juros reais - s/ desvalorização cambial";"Necessidade de financiamento do setor público (NFSP) - setor público - juros reais - sem desvalorização cambial";"Não oculta";"Internet";30;0;0;"Incluída em 12/abril/2004";NA;"BM12";"Internet";"Macro"
"11717";"BM12_NFSPJRNAS12";2;1480;"Inativa";"Bacen/Not. Imp./F. Púb.";"Finanças públicas";"NFSP - setor público - juros reais - s/ desvalorização cambial - acum. 12 meses";"Necessidade de financiamento do setor público (NFSP) - setor público - juros reais - sem desvalorização cambial - acum. 12 meses";"Não oculta";"Internet";30;0;0;"Incluída em 12/abril/2004";NA;"BM12";"Internet";"Macro"
"11718";"BM12_NFSPJRYS12";6;1117;"Inativa";"Bacen/Not. Imp./F. Púb.";"Finanças públicas";"NFSP - setor público - juros reais - s/ desvalorização cambial - acum. 12 meses";"Necessidade de financiamento do setor público (NFSP) - setor público - juros reais - sem desvalorização cambial - acum. 12 meses";"Não oculta";"Internet";30;0;0;"Incluída em 12/abril/2004";NA;"BM12";"Internet";"Macro"
"11719";"BM12_NFSPNNS12";9;946;"Ativa";"Bacen/Not. Imp./F. Púb.";"Finanças públicas";"NFSP - setor público - nominal - s/ desvalorização cambial";"Necessidade de financiamento do setor público (NFSP) - setor público - conceito nominal - sem desvalorização cambial";"Não oculta";"Internet";30;0;0;"Incluída em 12/abril/2004";NA;"BM12";"Internet";"Macro"
"11720";"BM12_NFSPNNAS12";5;1176;"Ativa";"Bacen/Not. Imp./F. Púb.";"Finanças públicas";"NFSP - setor público - nominal - s/ desvalorização cambial - acum. 12 meses";"Necessidade de financiamento do setor público (NFSP) - setor público - conceito nominal - sem desvalorização cambial - acum. 12 meses";"Não oculta";"Internet";30;0;0;"Incluída em 12/abril/2004";NA;"BM12";"Internet";"Macro"
"11721";"BM12_NFSPNYS12";31;407;"Ativa";"Bacen/Not. Imp./F. Púb.";"Finanças públicas";"NFSP - setor público - nominal - s/ desvalorização cambial - acum. 12 meses";"Necessidade de financiamento do setor público (NFSP) - setor público - conceito nominal - sem desvalorização cambial - acum. 12 meses";"Não oculta";"Internet";30;0;0;"Incluída em 12/abril/2004";NA;"BM12";"Internet";"Macro"
"11722";"BM12_NFSPONS12";2;1480;"Inativa";"Bacen/Not. Imp./F. Púb.";"Finanças públicas";"NFSP - setor público - operacional - s/ desvalorização cambial";"Necessidade de financiamento do setor público (NFSP) - setor público - conceito operacional - sem desvalorização cambial";"Não oculta";"Internet";30;0;0;"Incluída em 12/abril/2004";NA;"BM12";"Internet";"Macro"
"11723";"BM12_NFSPONAS12";1;1628;"Inativa";"Bacen/Not. Imp./F. Púb.";"Finanças públicas";"NFSP - setor público - operacional - s/ desvalorização cambial - acum. 12 meses";"Necessidade de financiamento do setor público (NFSP) - setor público - conceito operacional - sem desvalorização cambial - acum. 12 meses";"Não oculta";"Internet";30;0;0;"Incluída em 12/abril/2004";NA;"BM12";"Internet";"Macro"
"11724";"BM12_NFSPOYS12";5;1176;"Inativa";"Bacen/Not. Imp./F. Púb.";"Finanças públicas";"NFSP - setor público - operacional - s/ desvalorização cambial - acum. 12 meses";"Necessidade de financiamento do setor público (NFSP) - setor público - conceito operacional - sem desvalorização cambial - acum. 12 meses";"Não oculta";"Internet";30;0;0;"Incluída em 12/abril/2004";NA;"BM12";"Internet";"Macro"
"11725";"BM12_NFSPPNS12";7;1050;"Ativa";"Bacen/Not. Imp./F. Púb.";"Finanças públicas";"NFSP - setor público - primário - s/ desvalorização cambial";"Necessidade de financiamento do setor público (NFSP) - setor público - conceito primário - sem desvalorização cambial";"Não oculta";"Internet";30;0;0;"Incluída em 12/abril/2004";NA;"BM12";"Internet";"Macro"
"11726";"BM12_NFSPPNAS12";12;812;"Ativa";"Bacen/Not. Imp./F. Púb.";"Finanças públicas";"NFSP - setor público - primário - s/ desvalorização cambial - acum. 12 meses";"Necessidade de financiamento do setor público (NFSP) - setor público - conceito primário - sem desvalorização cambial - acum. 12 meses";"Não oculta";"Internet";30;0;0;"Incluída em 12/abril/2004";NA;"BM12";"Internet";"Macro"
"11727";"BM12_NFSPPYS12";43;306;"Ativa";"Bacen/Not. Imp./F. Púb.";"Finanças públicas";"NFSP - setor público - primário - s/ desvalorização cambial - acum. 12 meses";"Necessidade de financiamento do setor público (NFSP) - setor público - conceito primário - sem desvalorização cambial - acum. 12 meses";"Não oculta";"Internet";30;0;0;"Incluída em 12/abril/2004";NA;"BM12";"Internet";"Macro"
"11728";"PIMPFN12_QIBK12";37;351;"Inativa";"IBGE/PIM-PF antiga";"Produção";"Produção industrial - bens de capital - quantum - índice (média 2002 = 100)";"Produção industrial de bens de capital: índice de quantum(média 2002 = 100)";"Não oculta";"Internet";40;0;0;"Incluída em 14/abril/2004";NA;"PIMPFN12";"Internet";"Macro"
"11729";"PIMPFN12_QIBKAS12";50;259;"Inativa";"IBGE/PIM-PF antiga";"Produção";"Produção industrial - bens de capital - quantum - índice dessaz. (média 2002 = 100)";"Produção industrial de bens de capital: índice de quantum dessazonalizado (média 2002 = 100)";"Não oculta";"Internet";40;0;0;"Incluída em 14/abril/2004";NA;"PIMPFN12";"Internet";"Macro"
"11730";"PIMPFN12_QIBI12";18;647;"Inativa";"IBGE/PIM-PF antiga";"Produção";"Produção industrial - bens intermediários - quantum - índice (média 2002 = 100)";"Produção industrial de bens intermediários: índice de quantum (média 2002 = 100)";"Não oculta";"Internet";40;0;0;"Incluída em 14/abril/2004";NA;"PIMPFN12";"Internet";"Macro"
"11731";"PIMPFN12_QIBIAS12";22;542;"Inativa";"IBGE/PIM-PF antiga";"Produção";"Produção industrial - bens intermediários - quantum - índice dessaz. (média 2002 = 100)";"Produção industrial de bens intermediários: índice de quantum dessazonalizado (média 2002 = 100)";"Não oculta";"Internet";40;0;0;"Incluída em 14/abril/2004";NA;"PIMPFN12";"Internet";"Macro"
"11732";"PIMPFN12_QIBCT12";31;407;"Inativa";"IBGE/PIM-PF antiga";"Produção";"Produção industrial - bens de consumo - quantum - índice (média 2002 = 100)";"Produção industrial de bens de consumo: índice de quantum (média 2002 = 100)";"Não oculta";"Internet";40;0;0;"Incluída em 14/abril/2004";NA;"PIMPFN12";"Internet";"Macro"
"11733";"PIMPFN12_QIBCTAS12";33;388;"Inativa";"IBGE/PIM-PF antiga";"Produção";"Produção industrial - bens de consumo - quantum - índice dessaz. (média 2002 = 100)";"Produção industrial de bens de consumo: índice de quantum dessazonalizado (média 2002 = 100)";"Não oculta";"Internet";40;0;0;"Incluída em 14/abril/2004";NA;"PIMPFN12";"Internet";"Macro"
"11734";"PIMPFN12_QIBCD12";29;432;"Inativa";"IBGE/PIM-PF antiga";"Produção";"Produção industrial - bens de consumo duráveis - quantum - índice (média 2002 = 100)";"Produção industrial de bens de consumo duráveis: índice de quantum (média 2002 = 100)";"Não oculta";"Internet";40;0;0;"Incluída em 14/abril/2004";NA;"PIMPFN12";"Internet";"Macro"
"11735";"PIMPFN12_QIBCDAS12";22;542;"Inativa";"IBGE/PIM-PF antiga";"Produção";"Produção industrial - bens de consumo duráveis - quantum - índice dessaz. (média 2002 = 100)";"Produção industrial de bens de consumo duráveis: índice de quantum dessazonalizado (média 2002 = 100)";"Não oculta";"Internet";40;0;0;"Incluída em 14/abril/2004";NA;"PIMPFN12";"Internet";"Macro"
"11736";"PIMPFN12_QICND12";23;526;"Inativa";"IBGE/PIM-PF antiga";"Produção";"Produção industrial - bens de consumo não duráveis - quantum - índice (média 2002 = 100)";"Produção industrial de bens de consumo não duráveis: índice de quantum (média 2002 = 100)";"Não oculta";"Internet";40;0;0;"Incluída em 14/abril/2004";NA;"PIMPFN12";"Internet";"Macro"
"11737";"PIMPFN12_QICNDAS12";21;569;"Inativa";"IBGE/PIM-PF antiga";"Produção";"Produção industrial - bens de consumo não duráveis - quantum - índice dessaz. (média 2002 = 100)";"Produção industrial de bens de consumo não duráveis: índice de quantum dessazonalizado (média 2002 = 100)";"Não oculta";"Internet";40;0;0;"Incluída em 14/abril/2004";NA;"PIMPFN12";"Internet";"Macro"
"11738";"PIMPFN12_QIIG12";223;39;"Inativa";"IBGE/PIM-PF antiga";"Produção";"Produção industrial - indústria geral - quantum - índice (média 2002 = 100)";"Produção industrial da indústria geral: índice de quantum (média 2002 = 100)";"Não oculta";"Internet";40;0;0;"Incluída em 14/abril/2004";NA;"PIMPFN12";"Internet";"Macro"
"11739";"PIMPFN12_QIIGSAS12";184;53;"Inativa";"IBGE/PIM-PF antiga";"Produção";"Produção industrial - indústria geral - quantum - índice dessaz. (média 2002 = 100)";"Produção industrial da indústria geral: índice de quantum dessazonalizado (média 2002 = 100)";"Não oculta";"Internet";40;0;0;"Incluída em 14/abril/2004";NA;"PIMPFN12";"Internet";"Macro"
"11740";"PIMPFN12_QIEM12";8;996;"Inativa";"IBGE/PIM-PF antiga";"Produção";"Produção industrial - extrativa mineral - quantum - índice (média 2002 = 100)";"Produção industrial extrativa mineral: índice de quantum (média 2002 = 100)";"Não oculta";"Internet";40;0;0;"Incluída em 14/abril/2004";NA;"PIMPFN12";"Internet";"Macro"
"11741";"PIMPFN12_QIEMAS12";20;593;"Inativa";"IBGE/PIM-PF antiga";"Produção";"Produção industrial - extrativa mineral - quantum - índice dessaz. (média 2002 = 100)";"Produção industrial extrativa mineral: índice de quantum dessazonalizado (média 2002 = 100)";"Não oculta";"Internet";40;0;0;"Incluída em 14/abril/2004";NA;"PIMPFN12";"Internet";"Macro"
"11742";"PIMPFN12_QIIT12";32;398;"Inativa";"IBGE/PIM-PF antiga";"Produção";"Produção industrial - indústria de transformação - quantum - índice (média 2002 = 100)";"Produção industrial da indústria de transformação: índice de quantum (média 2002 = 100)";"Não oculta";"Internet";40;0;0;"Incluída em 14/abril/2004";NA;"PIMPFN12";"Internet";"Macro"
"11743";"PIMPFN12_QIITAS12";24;508;"Inativa";"IBGE/PIM-PF antiga";"Produção";"Produção industrial - indústria de transformação - quantum - índice dessaz. (média 2002 = 100)";"Produção industrial da indústria de transformação: índice de quantum dessazonalizado (média 2002 = 100)";"Não oculta";"Internet";40;0;0;"Incluída em 14/abril/2004";NA;"PIMPFN12";"Internet";"Macro"
"11744";"PIMPFN12_QIIG112";18;647;"Inativa";"IBGE/PIM-PF antiga";"Produção";"Produção industrial - alimentos - quantum - índice (média 2002 = 100)";"Produção industrial de alimentos: índice de quantum (média 2002 = 100)";"Não oculta";"Internet";40;0;0;"Incluída em 14/abril/2004";NA;"PIMPFN12";"Internet";"Macro"
"11745";"PIMPFN12_QIIG212";5;1176;"Inativa";"IBGE/PIM-PF antiga";"Produção";"Produção industrial - bebidas - quantum - índice (média 2002 = 100)";"Produção industrial de bebidas: índice de quantum (média 2002 = 100)";"Não oculta";"Internet";40;0;0;"Incluída em 14/abril/2004";NA;"PIMPFN12";"Internet";"Macro"
"11746";"PIMPFN12_QIIG312";49;267;"Inativa";"IBGE/PIM-PF antiga";"Produção";"Produção industrial - fumo - quantum - índice (média 2002 = 100)";"Produção industrial de fumo: índice de quantum (média 2002 = 100)";"Não oculta";"Internet";40;0;0;"Incluída em 14/abril/2004";NA;"PIMPFN12";"Internet";"Macro"
"11747";"PIMPFN12_QIIG412";58;217;"Inativa";"IBGE/PIM-PF antiga";"Produção";"Produção industrial - têxtil - quantum - índice (média 2002 = 100)";"Produção industrial de têxtil: índice de quantum (média 2002 = 100)";"Não oculta";"Internet";40;0;0;"Incluída em 14/abril/2004";NA;"PIMPFN12";"Internet";"Macro"
"11748";"PIMPFN12_QIIG512";23;526;"Inativa";"IBGE/PIM-PF antiga";"Produção";"Produção industrial - vestuário e acessórios - quantum - índice (média 2002 = 100)";"Produção industrial de vestuário e acessórios: índice de quantum (média 2002 = 100)";"Não oculta";"Internet";40;0;0;"Incluída em 14/abril/2004";NA;"PIMPFN12";"Internet";"Macro"
"11749";"PIMPFN12_QIIG612";16;690;"Inativa";"IBGE/PIM-PF antiga";"Produção";"Produção industrial - calçados e artigos de couro - quantum - índice (média 2002 = 100)";"Produção industrial de calçados e artigos de couro: índice de quantum (média 2002 = 100)";"Não oculta";"Internet";40;0;0;"Incluída em 14/abril/2004";NA;"PIMPFN12";"Internet";"Macro"
"11750";"PIMPFN12_QIIG712";19;621;"Inativa";"IBGE/PIM-PF antiga";"Produção";"Produção industrial - madeira - quantum - índice (média 2002 = 100)";"Produção industrial de madeira: índice de quantum (média 2002 = 100)";"Não oculta";"Internet";40;0;0;"Incluída em 14/abril/2004";NA;"PIMPFN12";"Internet";"Macro"
"11751";"PIMPFN12_QIIG812";20;593;"Inativa";"IBGE/PIM-PF antiga";"Produção";"Produção industrial - celulose, papel e produtos de papel - quantum - índice (média 2002 = 100)";"Produção industrial de celulose, papel e produtos de papel: índice de quantum (média 2002 = 100)";"Não oculta";"Internet";40;0;0;"Incluída em 14/abril/2004";NA;"PIMPFN12";"Internet";"Macro"
"11752";"PIMPFN12_QIIG912";NA;NA;"Inativa";"IBGE/PIM-PF antiga";"Produção";"Produção industrial - edição, impressão de gravações - quantum - índice (média 2002 = 100)";"Produção industrial de edição, impressão e reprodução de gravações: índice de quantum (média 2002 = 100)";"Não oculta";"Internet";40;0;0;"Incluída em 14/abril/2004";NA;"PIMPFN12";"Internet";"Macro"
"11753";"PIMPFN12_QIIG1012";19;621;"Inativa";"IBGE/PIM-PF antiga";"Produção";"Produção industrial - refino de petróleo e álcool - quantum - índice (média 2002 = 100)";"Produção industrial de refino de petróleo e álcool: índice de quantum (média 2002 = 100)";"Não oculta";"Internet";40;0;0;"Incluída em 14/abril/2004";NA;"PIMPFN12";"Internet";"Macro"
"11754";"PIMPFN12_QIIG1112";25;491;"Inativa";"IBGE/PIM-PF antiga";"Produção";"Produção industrial - farmacêutica - quantum - índice (média 2002 = 100)";"Produção industrial de farmacêutica: índice de quantum (média 2002 = 100)";"Não oculta";"Internet";40;0;0;"Incluída em 14/abril/2004";NA;"PIMPFN12";"Internet";"Macro"
"11755";"PIMPFN12_QIIG1212";6;1117;"Inativa";"IBGE/PIM-PF antiga";"Produção";"Produção industrial - perfumaria, sabões, produtos de limpeza - quantum - índice (média 2002 = 100)";"Produção industrial de perfumaria, sabões, detergentes e produtos de limpeza: índice de quantum (média 2002 = 100)";"Não oculta";"Internet";40;0;0;"Incluída em 14/abril/2004";NA;"PIMPFN12";"Internet";"Macro"
"11756";"PIMPFN12_QIIG1312";4;1262;"Inativa";"IBGE/PIM-PF antiga";"Produção";"Produção industrial - outros produtos químicos - quantum - índice (média 2002 = 100)";"Produção industrial de outros produtos químicos: índice de quantum (média 2002 = 100)";"Não oculta";"Internet";40;0;0;"Incluída em 14/abril/2004";NA;"PIMPFN12";"Internet";"Macro"
"11757";"PIMPFN12_QIIG1412";17;667;"Inativa";"IBGE/PIM-PF antiga";"Produção";"Produção industrial - borracha e plástico - quantum - índice (média 2002 = 100)";"Produção industrial de borracha e plástico: índice de quantum (média 2002 = 100)";"Não oculta";"Internet";40;0;0;"Incluída em 14/abril/2004";NA;"PIMPFN12";"Internet";"Macro"
"11758";"PIMPFN12_QIIG1512";1;1628;"Inativa";"IBGE/PIM-PF antiga";"Produção";"Produção industrial - minerais não metálicos - quantum - índice (média 2002 = 100)";"Produção industrial de minerais não metálicos: índice de quantum (média 2002 = 100)";"Não oculta";"Internet";40;0;0;"Incluída em 14/abril/2004";NA;"PIMPFN12";"Internet";"Macro"
"11759";"PIMPFN12_QIIG1612";35;375;"Inativa";"IBGE/PIM-PF antiga";"Produção";"Produção industrial - metalurgia básica - quantum - índice (média 2002 = 100)";"Produção industrial de metalurgia básica: índice de quantum (média 2002 = 100)";"Não oculta";"Internet";40;0;0;"Incluída em 14/abril/2004";NA;"PIMPFN12";"Internet";"Macro"
"11760";"PIMPFN12_QIIG1712";1;1628;"Inativa";"IBGE/PIM-PF antiga";"Produção";"Produção industrial - produtos de metal -exclus. máq. e equip. - quantum - índice (média 2002 = 100)";"Produção industrial de produtos de metal - exclusive máquinas e equipamentos: índice de quantum (média 2002 = 100)";"Não oculta";"Internet";40;0;0;"Incluída em 14/abril/2004";NA;"PIMPFN12";"Internet";"Macro"
"11761";"PIMPFN12_QIIG1812";26;472;"Inativa";"IBGE/PIM-PF antiga";"Produção";"Produção industrial - máquinas e equipamentos - quantum - índice (média 2002 = 100)";"Produção industrial de máquinas e equipamentos: índice de quantum (média 2002 = 100)";"Não oculta";"Internet";40;0;0;"Incluída em 14/abril/2004";NA;"PIMPFN12";"Internet";"Macro"
"11762";"PIMPFN12_QIIG1912";2;1480;"Inativa";"IBGE/PIM-PF antiga";"Produção";"Produção industrial - máquinas p/ escritório e equip. inform. - quantum - índice (média 2002 = 100)";"Produção industrial de máquinas para escritório e equipamentos de informática: índice de quantum (média 2002 = 100)";"Não oculta";"Internet";40;0;0;"Incluída em 14/abril/2004";NA;"PIMPFN12";"Internet";"Macro"
"11763";"PIMPFN12_QIIG2012";10;894;"Inativa";"IBGE/PIM-PF antiga";"Produção";"Produção industrial - máquinas, aparelhos e mater. elétricos - quantum - índice (média 2002 = 100)";"Produção industrial de máquinas, aparelhos e materiais elétricos: índice de quantum (média 2002 = 100)";"Não oculta";"Internet";40;0;0;"Incluída em 14/abril/2004";NA;"PIMPFN12";"Internet";"Macro"
"11764";"PIMPFN12_QIIG2112";7;1050;"Inativa";"IBGE/PIM-PF antiga";"Produção";"Produção industrial - material eletrônico, equip. comunicações - quantum - índice (média 2002 = 100)";"Produção industrial de material eletrônico, aparelhos e equipamentos de comunicações: índice de quantum (média 2002 = 100)";"Não oculta";"Internet";40;0;0;"Incluída em 14/abril/2004";NA;"PIMPFN12";"Internet";"Macro"
"11765";"PIMPFN12_QIIG2212";2;1480;"Inativa";"IBGE/PIM-PF antiga";"Produção";"Produção industrial - equip. de instrumentação médico-hospit. - quantum - índice (média 2002 = 100)";"Produção industrial de equipamentos de instrumentação médico-hospitalar, ópticos e outros: índice de quantum (média 2002 = 100)";"Não oculta";"Internet";40;0;0;"Incluída em 14/abril/2004";NA;"PIMPFN12";"Internet";"Macro"
"11766";"PIMPFN12_QIIG2312";15;714;"Inativa";"IBGE/PIM-PF antiga";"Produção";"Produção industrial - veículos automotores - quantum - índice (média 2002 = 100)";"Produção industrial de veículos automotores: índice de quantum (média 2002 = 100)";"Não oculta";"Internet";40;0;0;"Incluída em 14/abril/2004";NA;"PIMPFN12";"Internet";"Macro"
"11767";"PIMPFN12_QIIG2412";NA;NA;"Inativa";"IBGE/PIM-PF antiga";"Produção";"Produção industrial - outros equipamentos de transporte - quantum - índice (média 2002 = 100)";"Produção industrial de outros equipamentos de transporte: índice de quantum (média 2002 = 100)";"Não oculta";"Internet";40;0;0;"Incluída em 14/abril/2004";NA;"PIMPFN12";"Internet";"Macro"
"11768";"PIMPFN12_QIIG2512";15;714;"Inativa";"IBGE/PIM-PF antiga";"Produção";"Produção industrial - mobiliário - quantum - índice (média 2002 = 100)";"Produção industrial de mobiliário: índice de quantum (média 2002 = 100)";"Não oculta";"Internet";40;0;0;"Incluída em 14/abril/2004";NA;"PIMPFN12";"Internet";"Macro"
"11769";"PIMPFN12_QIIG2612";5;1176;"Inativa";"IBGE/PIM-PF antiga";"Produção";"Produção industrial - diversos - quantum - índice (média 2002 = 100)";"Produção industrial de diversos: índice de quantum (média 2002 = 100)";"Não oculta";"Internet";40;0;0;"Incluída em 14/abril/2004";NA;"PIMPFN12";"Internet";"Macro"
"11770";"DPP";NA;NA;"Ativa";"TSE";"Deputado Federal";"Votação do PP - deputado federal";"Votação do PP - deputado federal";"Não oculta";"Internet";NA;0;0;NA;NA;"DPP";"Internet";"Regional"
"11771";"EPP";NA;NA;"Ativa";"TSE";"Deputado Estadual";"Votação do PP - deputado estadual";"Votação do PP - deputado estadual";"Não oculta";"Internet";NA;0;0;NA;NA;"EPP";"Internet";"Regional"
"11772";"GPMN2";NA;NA;"Ativa";"TSE";"Governador";"Votação do PMN - governador no segundo turno";"Votação do PMN - governador no segundo turno";"Não oculta";"Internet";NA;0;0;NA;NA;"GPMN2";"Internet";"Regional"
"11773";"GPP";NA;NA;"Ativa";"TSE";"Governador";"Votação do PP - governador no primeiro turno";"Votação do PP - governador no primeiro turno";"Não oculta";"Internet";NA;0;0;NA;NA;"GPP";"Internet";"Regional"
"11774";"GPP2";NA;NA;"Ativa";"TSE";"Governador";"Votação do PP - governador no segundo turno";"Votação do PP - governador no segundo turno";"Não oculta";"Internet";NA;0;0;NA;NA;"GPP2";"Internet";"Regional"
"11775";"GPPR";NA;NA;"Ativa";"TSE";"Governador";"Votação do PPR - governador no primeiro turno";"Votação do PPR - governador no primeiro turno";"Não oculta";"Internet";NA;0;0;NA;NA;"GPPR";"Internet";"Regional"
"11776";"GPPR2";NA;NA;"Ativa";"TSE";"Governador";"Votação do PPR - governador no segundo turno";"Votação do PPR - governador no segundo turno";"Não oculta";"Internet";NA;0;0;NA;NA;"GPPR2";"Internet";"Regional"
"11777";"GPSD2";NA;NA;"Ativa";"TSE";"Governador";"Votação do PSD - governador no segundo turno";"Votação do PSD - governador no segundo turno";"Não oculta";"Internet";NA;0;0;NA;NA;"GPSD2";"Internet";"Regional"
"11778";"PPPR";NA;NA;"Ativa";"TSE";"Presidente";"Votação do PPR - presidente no primeiro turno";"Votação do PPR - presidente no primeiro turno";"Não oculta";"Internet";NA;0;0;NA;NA;"PPPR";"Internet";"Regional"
"11779";"SPP";NA;NA;"Ativa";"TSE";"Senador";"Votação do PP - senador";"Votação do PP - senador";"Não oculta";"Internet";NA;0;0;NA;NA;"SPP";"Internet";"Regional"
"11780";"PMEN12_RMRHCCART12";37;351;"Inativa";"IBGE/PME";"Salário e renda";"Rendimento médio real habitual - empregados - setor privado - com carteira assinada - RMs";"Rendimento médio real do trabalho principal, habitualmente recebido por mês, pelas pessoas de 10 anos ou mais de idade, empregadas com carteira de trabalho assinada do setor privado, no trabalho principal da semana de referência,  por regiõ";"Não oculta";"Internet";25;0;0;"Incluída em 12/maio/2004";NA;"PMEN12";"Internet";"Macro"
"11781";"PMEN12_RMRHCP12";21;569;"Inativa";"IBGE/PME";"Salário e renda";"Rendimento médio real habitual - trabalhadores por conta própria - RMs";"Rendimento médio real do trabalho principal, habitualmente recebido por mês, pelas pessoas  de 10 anos ou mais de idade, conta própria no trabalho principal da semana de referência,  por regiões Metropolitanas";"Não oculta";"Internet";25;0;0;"Incluída em 12/maio/2004";NA;"PMEN12";"Internet";"Macro"
"11782";"PMEN12_RMRHSCART12";25;491;"Inativa";"IBGE/PME";"Salário e renda";"Rendimento médio real habitual - empregados - setor privado - sem carteira assinada - RMs";"Rendimento médio real do trabalho principal, habitualmente recebido por mês, pelas pessoas de 10 anos ou mais de idade, empregadas sem carteira de trabalho assinada do setor privado, no trabalho principal da semana de referência,  por regiõ";"Não oculta";"Internet";25;0;0;"Incluída em 12/maio/2004";NA;"PMEN12";"Internet";"Macro"
"11783";"PMEN12_RMRHSPRI12";30;421;"Inativa";"IBGE/PME";"Salário e renda";"Rendimento médio real habitual - empregados - setor privado - RMs";"Rendimento médio real do trabalho principal, habitualmente recebido por mês, pelas pessoas de 10 anos ou mais de idade, empregadas do setor privado, no trabalho principal da semana de referência,  por regiões Metropolitanas";"Não oculta";"Internet";25;0;0;"Incluída em 12/maio/2004";NA;"PMEN12";"Internet";"Macro"
"11784";"PMEN12_RMRHSPUB12";19;621;"Inativa";"IBGE/PME";"Salário e renda";"Rendimento médio real habitual - empregados - setor público - RMs";"Rendimento médio real do trabalho principal, habitualmente recebido por mês, pelas pessoas de 10 anos ou mais de idade, empregadas do setor público, no trabalho principal da semana de referência,  por regiões Metropolitanas";"Não oculta";"Internet";25;0;0;"Incluída em 12/maio/2004";NA;"PMEN12";"Internet";"Macro"
"11785";"DH2O";27;4;"Ativa";"IBGE";"Geográfico";"Massa de água --  percentual da área geográfica";"Massa de água --  percentual da área geográfica ";"Não oculta";"Internet";NA;0;0;NA;NA;"DH2O";"Internet";"Regional"
"11786";"VDD";8;14;"Ativa";"IBGE";"Geográfico";"Vegetação --  Floresta Ombrofila Densa-- percentual da área geográfica";"Vegetação --  Floresta Ombrofila Densa-- percentual da área geográfica";"Não oculta";"Internet";NA;0;0;NA;NA;"VDD";"Internet";"Regional"
"11787";"VDA";13;11;"Ativa";"IBGE";"Geográfico";"Vegetação --  Floresta Ombrofila Aberta-- percentual da área geográfica";"Vegetação --  Floresta Ombrofila Aberta-- percentual da área geográfica";"Não oculta";"Internet";NA;0;0;NA;NA;"VDA";"Internet";"Regional"
"11788";"VDF";8;14;"Ativa";"IBGE";"Geográfico";"Vegetação --  Floresta Estacional Semidecidual -1991";"Vegetação --  Floresta Estacional Semidecidual -1991";"Não oculta";"Internet";NA;0;0;NA;NA;"VDF";"Internet";"Regional"
"11789";"VDC";12;12;"Ativa";"IBGE";"Geográfico";"Vegetação --  Floresta Estacional Decidual-- percentual da área geográfica";"Vegetação --  Floresta Estacional Decidual-- percentual da área geográfica ";"Não oculta";"Internet";NA;0;0;NA;NA;"VDC";"Internet";"Regional"
"11790";"VDL";4;17;"Ativa";"IBGE";"Geográfico";"Vegetação --  Campinarana-- percentual da área geográfica";"Vegetação --  Campinarana-- percentual da área geográfica";"Não oculta";"Internet";NA;0;0;NA;NA;"VDL";"Internet";"Regional"
"11791";"VDS";9;13;"Ativa";"IBGE";"Geográfico";"Vegetação --  Savana-- percentual da área geográfica";"Vegetação --  Savana-- percentual da área geográfica ";"Não oculta";"Internet";NA;0;0;NA;NA;"VDS";"Internet";"Regional"
"11792";"VDT";4;17;"Ativa";"IBGE";"Geográfico";"Vegetação --  Savana Estepica-- percentual da área geográfica";"Vegetação --  Savana Estepica-- percentual da área geográfica";"Não oculta";"Internet";NA;0;0;NA;NA;"VDT";"Internet";"Regional"
"11793";"VDP";4;17;"Ativa";"IBGE";"Geográfico";"Vegetação --  Fomações Pioneiras-- percentual da área geográfica";"Vegetação --  Fomações Pioneiras-- percentual da área geográfica";"Não oculta";"Internet";NA;0;0;NA;NA;"VDP";"Internet";"Regional"
"11794";"VDTE";14;10;"Ativa";"IBGE";"Geográfico";"Vegetação --  Áreas de Tensão Ecológica-- percentual da área geográfica";"Vegetação --  Áreas de Tensão Ecológica-- percentual da área geográfica";"Não oculta";"Internet";NA;0;0;NA;NA;"VDTE";"Internet";"Regional"
"11795";"VDR";2;20;"Ativa";"IBGE";"Geográfico";"Vegetação --  Refúgios Vegetacionais-- percentual da área geográfica";"Vegetação --  Refúgios Vegetacionais-- percentual da área geográfica";"Não oculta";"Internet";NA;0;0;NA;NA;"VDR";"Internet";"Regional"
"11796";"VDV";44;2;"Ativa";"IBGE";"Geográfico";"Vegetação --  Áreas Antropicas-- percentual da área geográfica";"Vegetação --  Áreas Antropicas-- percentual da área geográfica";"Não oculta";"Internet";NA;0;0;NA;NA;"VDV";"Internet";"Regional"
"11797";"GAC12_NUCLEOIPCA";179;57;"Inativa";"IPEA";"Preços";"IPCA- Núcleo";"IPCA- Núcleo";"Não oculta";"Intranet";10;1;0;"Incluída em 31/maio/2004";NA;"GAC12";"Intranet";"Macro"
"11798";"GAC12_NUCLEOFIPE";30;421;"Inativa";"IPEA";"Preços";"FIPE - Núcleo";"FIPE - Núcleo";"Não oculta";"Intranet";10;1;0;"Incluída em 31/maio/2004";NA;"GAC12";"Intranet";"Macro"
"11799";"GAC12_NUCLEOINPC";36;363;"Inativa";"IPEA";"Preços";"INPC - Núcleo";"INPC - Núcleo";"Não oculta";"Intranet";10;1;0;"Incluída em 31/maio/2004";NA;"GAC12";"Intranet";"Macro"
"11800";"GAC12_NUCLEOIPA";37;351;"Inativa";"IPEA";"Preços";"IPA-OG - Núcleo";"IPA-OG - Núcleo";"Não oculta";"Intranet";10;1;0;"Incluída em 31/maio/2004";NA;"GAC12";"Intranet";"Macro"
"11801";"POPINTAM";NA;NA;"Ativa";"IPEA";"População";"População estimada para as áreas minimas comparáveis no período de 1970-2000";"População estimada para as áreas minimas comparáveis no período de 1970-2000";"Não oculta";"Internet";NA;0;0;NA;NA;"POPINTAM";"Internet";"Regional"
"11802";"ANP_XGASOL";13;708;"Ativa";"ANP";"Comércio exterior";"Exportações - gasolina - qde.";"Exportação de gasolina: quantidade";"Não oculta";"Internet";150;0;1;"Incluída em 17/jun/2004";NA;"ANP";"Internet";"Macro"
"11803";"ANP_XGLP";10;818;"Inativa";"ANP";"Comércio exterior";"Exportações - gás GLP - qde.";"Exportação de gás GLP: quantidade.";"Não oculta";"Internet";360;0;1;"Incluída em 17/jun/2004";NA;"ANP";"Internet";"Macro"
"11804";"ANP_XOLCOM";3;1315;"Ativa";"ANP";"Comércio exterior";"Exportações - óleo combustível - qde.";"Exportação de óleo combustível: quantidade";"Não oculta";"Internet";150;0;1;"Incluída em 17/jun/2004";NA;"ANP";"Internet";"Macro"
"11805";"ANP_XOLDIE";10;818;"Inativa";"ANP";"Comércio exterior";"Exportações - óleo diesel - qde.";"Exportação de óleo diesel: quantidade.";"Não oculta";"Internet";360;0;1;"Incluída em 17/jun/2004";NA;"ANP";"Internet";"Macro"
"11806";"ANP_XPET";16;619;"Ativa";"ANP";"Comércio exterior";"Exportações - petróleo - qde.";"Exportação de petróleo: quantidade";"Não oculta";"Internet";150;0;1;"Incluída em 17/jun/2004";NA;"ANP";"Internet";"Macro"
"11807";"ANP_MGASOL";12;739;"Ativa";"ANP";"Comércio exterior";"Importações - gasolina - qde.";"Importação de gasolina: quantidade";"Não oculta";"Internet";150;0;1;"Incluída em 17/jun/2004";NA;"ANP";"Internet";"Macro"
"11808";"ANP_MGLP";2;1445;"Ativa";"ANP";"Comércio exterior";"Importações - gás GLP - qde.";"Importação de gás GLP: quantidade";"Não oculta";"Internet";150;0;1;"Incluída em 17/jun/2004";NA;"ANP";"Internet";"Macro"
"11809";"ANP_MOLCOM";6;1048;"Ativa";"ANP";"Comércio exterior";"Importações - óleo combustível - qde.";"Importação de óleo combustível: quantidade";"Não oculta";"Internet";150;0;1;"Incluída em 17/jun/2004";NA;"ANP";"Internet";"Macro"
"11810";"ANP_MOLDIE";2;1445;"Ativa";"ANP";"Comércio exterior";"Importações - óleo diesel - qde.";"Importação de óleo diesel: quantidade";"Não oculta";"Internet";150;0;1;"Incluída em 17/jun/2004";NA;"ANP";"Internet";"Macro"
"11811";"ANP_MPET";23;471;"Ativa";"ANP";"Comércio exterior";"Importações - petróleo - qde.";"Importação de petróleo: quantidade";"Não oculta";"Internet";150;0;1;"Incluída em 17/jun/2004";NA;"ANP";"Internet";"Macro"
"11812";"ANP_PGASOL";17;594;"Inativa";"ANP";"Produção";"Produção - gasolina - qde.";"Produção de gasolina: quantidade.";"Não oculta";"Internet";360;0;1;"Incluída em 17/jun/2004";NA;"ANP";"Internet";"Macro"
"11813";"ANP_PGLP";5;1138;"Inativa";"ANP";"Produção";"Produção - gás GLP - qde.";"Produção de gás GLP: quantidade.";"Não oculta";"Internet";360;0;1;"Incluída em 17/jun/2004";NA;"ANP";"Internet";"Macro"
"11814";"ANP_POLCOM";3;1315;"Inativa";"ANP";"Produção";"Produção - óleo combustível - qde.";"Produção de óleo combustível: quantidade.";"Não oculta";"Internet";360;0;1;"Incluída em 17/jun/2004";NA;"ANP";"Internet";"Macro"
"11815";"ANP_POLDIE";8;932;"Inativa";"ANP";"Produção";"Produção - óleo diesel - qde.";"Produção de óleo diesel: quantidade.";"Não oculta";"Internet";360;0;1;"Incluída em 17/jun/2004";NA;"ANP";"Internet";"Macro"
"11816";"ANP_CPET";19;538;"Inativa";"ANP";"Consumo e vendas";"Consumo aparente - petróleo - qde.";"Consumo aparente de petróleo: quantidade.";"Não oculta";"Internet";360;0;1;"Incluída em 17/jun/2004";NA;"ANP";"Internet";"Macro"
"11817";"ANP_CGASN";31;376;"Inativa";"ANP";"Consumo e vendas";"Consumo aparente - gás natural - qde.";"Consumo aparente de gás natural: quantidade.";"Não oculta";"Internet";360;0;1;"Incluída em 17/jun/2004";NA;"ANP";"Internet";"Macro"
"11818";"ANP_XQUEROS";5;1138;"Inativa";"ANP";"Comércio exterior";"Exportações - querosene - qde.";"Exportação de querosene: quantidade.";"Não oculta";"Internet";360;0;1;"Incluída em 17/jun/2004";NA;"ANP";"Internet";"Macro"
"11819";"ANP_MQUEROS";5;1138;"Ativa";"ANP";"Comércio exterior";"Importações - querosene - qde.";"Importação de querosene: quantidade";"Não oculta";"Internet";150;0;1;"Incluída em 17/jun/2004";NA;"ANP";"Internet";"Macro"
"11820";"ANP_PQUEROS";1;1606;"Inativa";"ANP";"Produção";"Produção - querosene - qde.";"Produção de querosene: quantidade.";"Não oculta";"Internet";360;0;1;"Incluída em 17/jun/2004";NA;"ANP";"Internet";"Macro"
"11821";"ANP_CQUEROS";5;1138;"Inativa";"ANP";"Consumo e vendas";"Consumo aparente - querosene - qde.";"Consumo aparente de querosene: quantidade.";"Não oculta";"Internet";360;0;1;"Incluída em 17/jun/2004";NA;"ANP";"Internet";"Macro"
"11822";"ANP_MCARVAO";4;1216;"Ativa";"ANP";"Comércio exterior";"Importações - coque de carvão mineral - qde.";"Importações de coque de carvão mineral: quantidade";"Não oculta";"Internet";150;0;1;"Incluída em 17/jun/2004";NA;"ANP";"Internet";"Macro"
"11823";"ANP_PCARVAO";1;1606;"Inativa";"ANP";"Produção";"Produção - coque de carvão mineral - qde.";"Produção de coque de carvão mineral: quantidade.";"Não oculta";"Internet";360;0;1;"Incluída em 17/jun/2004";NA;"ANP";"Internet";"Macro"
"11824";"ANP_CCARVAO";3;1315;"Inativa";"ANP";"Consumo e vendas";"Consumo aparente - coque de carvão mineral - qde.";"Consumo aparente de coque de carvão mineral: quantidade.";"Não oculta";"Internet";360;0;1;"Incluída em 17/jun/2004";NA;"ANP";"Internet";"Macro"
"11825";"ANP_MCARVAOM";4;1216;"Inativa";"ANP";"Comércio exterior";"Importações - carvão mineral - qde.";"Importações de carvão mineral: quantidade";"Não oculta";"Internet";45;0;1;"Incluída em 17/jun/2004";NA;"ANP";"Internet";"Macro"
"11826";"ANP_PCARVAOM";2;1445;"Inativa";"ANP";"Produção";"Produção - carvão mineral - qde.";"Produção de carvão mineral: quantidade";"Não oculta";"Internet";45;0;1;"Incluída em 17/jun/2004";NA;"ANP";"Internet";"Macro"
"11827";"ANP_CCARVAOM";9;871;"Inativa";"ANP";"Consumo e vendas";"Consumo aparente - carvão mineral - qde.";"Consumo aparente de carvão mineral: quantidade";"Não oculta";"Internet";45;0;1;"Incluída em 17/jun/2004";NA;"ANP";"Internet";"Macro"
"11828";"ELETRO_PEET";30;386;"Inativa";"Eletrobras";"Produção";"Produção - energia elétrica - qde.";"Produção de energia elétrica: quantidade";"Não oculta";"Internet";360;0;1;"Incluída em 17/jun/2004";NA;"ELETRO";"Internet";"Macro"
"11829";"ELETRO_PEEHIDR";13;708;"Inativa";"Eletrobras";"Produção";"Produção - energia elétrica - hidráulica - qde.";"Produção de energia elétrica hidráulica: quantidade";"Não oculta";"Internet";360;0;1;"Incluída em 17/jun/2004";NA;"ELETRO";"Internet";"Macro"
"11830";"ELETRO_PEETERM";7;991;"Inativa";"Eletrobras";"Produção";"Produção - energia elétrica - térmica - qde.";"Produção de energia elétrica térmica: quantidade";"Não oculta";"Internet";360;0;1;"Incluída em 17/jun/2004";NA;"ELETRO";"Internet";"Macro"
"11831";"HIST_HIDRELET";1;1606;"Inativa";"Outras fontes";"Produção";"Produção - hidrelétrica - estimativas - qde.";"Estimativas da produção hidrelétrica: quantidade";"Não oculta";"Internet";45;0;1;"Incluída em 17/jun/2004";NA;"HIST";"Internet";"Macro"
"11832";"PIBPMCE";374;18;"Ativa";"IBGE";"Contas Regionais";"PIB Estadual a preços de mercado  corrente";"PIB Estadual a preços de mercado corrente";"Não oculta";"Internet";NA;0;0;NA;NA;"PIBPMCE";"Internet";"Regional"
"11833";"PIBVRAE";128;82;"Ativa";"IBGE";"Contas Regionais";"PIB Estadual - valor adicionado a preços constantes - var.(%)";"PIB Estadual - valor adicionado a preços constantes - var.(%)";"Não oculta";"Internet";NA;0;0;NA;NA;"PIBVRAE";"Internet";"Regional"
"11834";"FUNCEX4_XPPETCAR4";2;436;"Inativa";"Funcex/Séries antigas";"Comércio exterior";"Exportações - setor: petróleo e carvão - preços - índice (média 2006 = 100)";"Índice de preços das exportações por setor: petróleo e carvão (média 2006 = 100)";"Não oculta";"Internet";20;0;0;"Incluída em 06/jul/2004";NA;"FUNCEX4";"Internet";"Macro"
"11835";"FUNCEX4_XQPETCAR4";4;347;"Inativa";"Funcex/Séries antigas";"Comércio exterior";"Exportações - setor: petróleo e carvão - quantum - índice (média 2006 = 100)";"Índice de quantum das exportações por setor: petróleo e carvão (média 2006 = 100)";"Não oculta";"Internet";20;0;0;"Incluída em 06/jul/2004";NA;"FUNCEX4";"Internet";"Macro"
"11836";"FUNCEX12_MDVCAF12";7;1050;"Inativa";"Funcex/Séries antigas";"Comércio exterior";"Importações - setor: café - (FOB)";"Valor FOB das importações por setor: café";"Não oculta";"Internet";20;0;0;"Incluída em 06/jul/2004";NA;"FUNCEX12";"Internet";"Macro"
"11837";"FUNCEX12_MDVACUCT12";4;1262;"Inativa";"Funcex/Séries antigas";"Comércio exterior";"Importações - setor: açucar - (FOB)";"Valor FOB das importações por setor: açucar";"Não oculta";"Internet";20;0;0;"Incluída em 06/jul/2004";NA;"FUNCEX12";"Internet";"Macro"
"11838";"FUNCEX12_XVPETCAR12";22;542;"Inativa";"Funcex/Séries antigas";"Comércio exterior";"Exportações - setor: petróleo e carvão - (FOB)";"Valor FOB das exportações por setor: petróleo e carvão";"Não oculta";"Internet";20;0;0;"Incluída em 06/jul/2004";NA;"FUNCEX12";"Internet";"Macro"
"11839";"FUNCEX12_XVFARPER12";3;1356;"Inativa";"Funcex/Séries antigas";"Comércio exterior";"Exportações - setor: farmacêutica e perfumaria - (FOB)";"Valor FOB das exportações por setor: farmacêutica e perfumaria";"Não oculta";"Internet";20;0;0;"Incluída em 06/jul/2004";NA;"FUNCEX12";"Internet";"Macro"
"11840";"FUNCEX12_XVPLAT12";11;856;"Inativa";"Funcex/Séries antigas";"Comércio exterior";"Exportações - setor: plástica - (FOB)";"Valor FOB das exportações por setor: plástica";"Não oculta";"Internet";20;0;0;"Incluída em 06/jul/2004";NA;"FUNCEX12";"Internet";"Macro"
"11841";"FUNCEX12_XVVEST12";7;1050;"Inativa";"Funcex/Séries antigas";"Comércio exterior";"Exportações - setor: artigos de vestuário - (FOB)";"Valor FOB das exportações por setor: artigos de vestuário";"Não oculta";"Internet";20;0;0;"Incluída em 06/jul/2004";NA;"FUNCEX12";"Internet";"Macro"
"11842";"FUNCEX12_XVLAT12";9;946;"Inativa";"Funcex/Séries antigas";"Comércio exterior";"Exportações - setor: laticínios - (FOB)";"Valor FOB das exportações por setor: laticínios";"Não oculta";"Internet";20;0;0;"Incluída em 06/jul/2004";NA;"FUNCEX12";"Internet";"Macro"
"11843";"DOMAG";134;28;"Ativa";"IBGE";"Habitação";"Domicilios -  com água canalizada rede geral - número";"Domicilios -  com água canalizada rede geral - número";"Não oculta";"Internet";NA;0;0;NA;NA;"DOMAG";"Internet";"Social"
"11844";"DOMEL";91;38;"Ativa";"IBGE";"Habitação";"Domicilios -  com iluminação elétrica - número";"Domicilios -  com iluminação elétrica - número";"Não oculta";"Internet";NA;0;0;NA;NA;"DOMEL";"Internet";"Social"
"11845";"DOMIS";71;49;"Ativa";"IBGE";"Habitação";"Domicilios -  com instalações sanitárias rede geral - número";"Domicilios -  com instalações sanitárias rede geral - número";"Não oculta";"Internet";NA;0;0;NA;NA;"DOMIS";"Internet";"Social"
"11846";"NDOM";83;40;"Ativa";"IBGE";"Habitação";"Domícilios - número";"Domícilios - número";"Não oculta";"Internet";NA;0;0;NA;NA;"NDOM";"Internet";"Social"
"11847";"NDPAP";36;90;"Ativa";"IBGE";"Habitação";"Domicilios -  particulares permanentes - número";"Domicilios -  particulares permanentes - número";"Não oculta";"Internet";NA;0;0;NA;NA;"NDPAP";"Internet";"Social"
"11848";"DOMAGE";4;185;"Ativa";"IBGE";"Habitação";"Domicilios -  com água canalizada rede geral - número";"Domicilios -  com água canalizada rede geral - número";"Não oculta";"Internet";NA;0;0;NA;NA;"DOMAGE";"Internet";"Social"
"11849";"DOMELE";2;202;"Ativa";"IBGE";"Habitação";"Domicilios -  com iluminação elétrica - número";"Domicilios -  com iluminação elétrica - número";"Não oculta";"Internet";NA;0;0;NA;NA;"DOMELE";"Internet";"Social"
"11850";"DOMISE";1;233;"Ativa";"IBGE";"Habitação";"Domicilios -  com instalações sanitárias rede geral - número";"Domicilios -  com instalações sanitárias rede geral - número";"Não oculta";"Internet";NA;0;0;NA;NA;"DOMISE";"Internet";"Social"
"11851";"NDOME";5;178;"Ativa";"IBGE";"Habitação";"Domícilios - número";"Domícilios - número";"Não oculta";"Internet";NA;0;0;NA;NA;"NDOME";"Internet";"Social"
"11852";"SERASA12_CHSF12";227;38;"Ativa";"Serasa";"Consumo e vendas";"Cheques sem fundo";"Cheques sem fundo";"Não oculta";"Internet";50;0;0;"Incluída em 28/jul/2004";NA;"SERASA12";"Internet";"Macro"
"11853";"OCDE_PRODCAN";3;1315;"Ativa";"OCDE";"Economia internacional";"Produtividade por horas trabalhadas - índice (média 2010 = 100)";"Produtividade por horas trabalhadas - índice (média 2010 = 100)";"Não oculta";"Internet";180;0;0;NA;NA;"OCDE";"Internet";"Macro"
"11854";"OCDE_PRODFRA";3;1315;"Ativa";"OCDE";"Economia internacional";"Produtividade por horas trabalhadas - índice (média 2010 = 100)";"Produtividade por horas trabalhadas - índice (média 2010 = 100)";"Não oculta";"Internet";180;0;0;NA;NA;"OCDE";"Internet";"Macro"
"11855";"OCDE_PRODALE";10;818;"Ativa";"OCDE";"Economia internacional";"Produtividade por horas trabalhadas - índice (média 2010 = 100)";"Produtividade por horas trabalhadas - índice (média 2010 = 100)";"Não oculta";"Internet";360;0;0;NA;NA;"OCDE";"Internet";"Macro"
"11856";"OCDE_PRODITA";4;1216;"Ativa";"OCDE";"Economia internacional";"Produtividade por horas trabalhadas - índice (média 2010 = 100)";"Produtividade por horas trabalhadas - índice (média 2010 = 100)";"Não oculta";"Internet";180;0;0;NA;NA;"OCDE";"Internet";"Macro"
"11857";"OCDE_PRODJAP";4;1216;"Ativa";"OCDE";"Economia internacional";"Produtividade por horas trabalhadas - índice (média 2010 = 100)";"Produtividade por horas trabalhadas - índice (média 2010 = 100)";"Não oculta";"Internet";360;0;0;NA;NA;"OCDE";"Internet";"Macro"
"11858";"OCDE_PRODMEX";8;932;"Ativa";"OCDE";"Economia internacional";"Produtividade por horas trabalhadas - índice (média 2010 = 100)";"Produtividade por horas trabalhadas - índice (média 2010 = 100)";"Não oculta";"Internet";180;0;0;NA;NA;"OCDE";"Internet";"Macro"
"11859";"OCDE_PRODUK";2;1445;"Ativa";"OCDE";"Economia internacional";"Produtividade por horas trabalhadas - índice (média 2010 = 100)";"Produtividade por horas trabalhadas - índice (média 2010 = 100)";"Não oculta";"Internet";180;0;0;NA;NA;"OCDE";"Internet";"Macro"
"11860";"OCDE_PRODEUA";32;365;"Ativa";"OCDE";"Economia internacional";"Produtividade por horas trabalhadas - índice (média 2010 = 100)";"Produtividade por horas trabalhadas - índice (média 2010 = 100)";"Não oculta";"Internet";360;0;0;NA;NA;"OCDE";"Internet";"Macro"
"11861";"GCCR";NA;NA;"Ativa";"IPEA";"Estoque de capital";"Estoque líquido capital - governo - comércio - construção";"Estoque líquido capital - governo - comércio - construção";"Não oculta";"Intranet";NA;0;0;NA;NA;"GCCR";"Intranet";"Regional"
"11862";"GCMR";NA;NA;"Ativa";"IPEA";"Estoque de capital";"Estoque líquido capital - governo - comércio - máquinas e equipamentos";"Estoque líquido capital - governo - comércio - máquinas e equipamentos";"Não oculta";"Intranet";NA;0;0;NA;NA;"GCMR";"Intranet";"Regional"
"11863";"GCOR";NA;NA;"Ativa";"IPEA";"Estoque de capital";"Estoque líquido capital - governo - comércio - outros";"Estoque líquido capital - governo - comércio - outros";"Não oculta";"Intranet";NA;0;0;NA;NA;"GCOR";"Intranet";"Regional"
"11864";"GCN";NA;NA;"Ativa";"IPEA";"Estoque de capital";"Estoque líquido capital - governo - comércio";"Estoque líquido capital - governo - comércio";"Não oculta";"Internet";NA;0;0;NA;NA;"GCN";"Internet";"Regional"
"11865";"GICR";NA;NA;"Ativa";"IPEA";"Estoque de capital";"Estoque líquido capital - governo - industria - construção";"Estoque líquido capital - governo - industria - construção";"Não oculta";"Intranet";NA;0;0;NA;NA;"GICR";"Intranet";"Regional"
"11866";"GIMR";NA;NA;"Ativa";"IPEA";"Estoque de capital";"Estoque líquido capital - governo - industria - máquinas e equipamentos";"Estoque líquido capital - governo - industria - máquinas e equipamentos";"Não oculta";"Intranet";NA;0;0;NA;NA;"GIMR";"Intranet";"Regional"
"11867";"GIOR";NA;NA;"Ativa";"IPEA";"Estoque de capital";"Estoque líquido capital - governo - industria - outros";"Estoque líquido capital - governo - industria - outros";"Não oculta";"Intranet";NA;0;0;NA;NA;"GIOR";"Intranet";"Regional"
"11868";"GIN";NA;NA;"Ativa";"IPEA";"Estoque de capital";"Estoque líquido capital - governo - industria";"Estoque líquido capital - governo - industria";"Não oculta";"Internet";NA;0;0;NA;NA;"GIN";"Internet";"Regional"
"11869";"GSCR";NA;NA;"Ativa";"IPEA";"Estoque de capital";"Estoque líquido capital - governo - serviços - construção";"Estoque líquido capital - governo - serviços - construção";"Não oculta";"Intranet";NA;0;0;NA;NA;"GSCR";"Intranet";"Regional"
"11870";"GSMR";NA;NA;"Ativa";"IPEA";"Estoque de capital";"Estoque líquido capital - governo - serviços - máquinas e equipamentos";"Estoque líquido capital - governo - serviços - máquinas e equipamentos";"Não oculta";"Intranet";NA;0;0;NA;NA;"GSMR";"Intranet";"Regional"
"11871";"GSOR";NA;NA;"Ativa";"IPEA";"Estoque de capital";"Estoque líquido capital - governo - serviços - outros";"Estoque líquido capital - governo - serviços - outros";"Não oculta";"Intranet";NA;0;0;NA;NA;"GSOR";"Intranet";"Regional"
"11872";"GSN";NA;NA;"Ativa";"IPEA";"Estoque de capital";"Estoque líquido capital - governo - serviços";"Estoque líquido capital - governo - serviços";"Não oculta";"Internet";NA;0;0;NA;NA;"GSN";"Internet";"Regional"
"11873";"NEGC";NA;NA;"Ativa";"IPEA";"Estoque de capital";"Estoque líquido capital - governo - informantes - comércio";"Estoque líquido capital - governo - informantes - comércio";"Não oculta";"Intranet";NA;0;0;NA;NA;"NEGC";"Intranet";"Regional"
"11874";"NEGI";NA;NA;"Ativa";"IPEA";"Estoque de capital";"Estoque líquido capital - governo - informantes - indústria";"Estoque líquido capital - governo - informantes - indústria";"Não oculta";"Intranet";NA;0;0;NA;NA;"NEGI";"Intranet";"Regional"
"11875";"NEGS";NA;NA;"Ativa";"IPEA";"Estoque de capital";"Estoque líquido capital - governo - informantes - serviços";"Estoque líquido capital - governo - informantes - serviços";"Não oculta";"Intranet";NA;0;0;NA;NA;"NEGS";"Intranet";"Regional"
"11876";"NEKC";NA;NA;"Ativa";"IPEA";"Estoque de capital";"Estoque líquido capital - privado - informantes - comércio";"Estoque líquido capital - privado - informantes - comércio";"Não oculta";"Internet";NA;0;0;NA;NA;"NEKC";"Internet";"Regional"
"11877";"NEKI";NA;NA;"Ativa";"IPEA";"Estoque de capital";"Estoque líquido capital - privado - informantes - indústria";"Estoque líquido capital - privado - informantes - indústria";"Não oculta";"Internet";NA;0;0;NA;NA;"NEKI";"Internet";"Regional"
"11878";"NEKS";NA;NA;"Ativa";"IPEA";"Estoque de capital";"Estoque líquido capital - privado - informantes - serviços";"Estoque líquido capital - privado - informantes - serviços";"Não oculta";"Internet";NA;0;0;NA;NA;"NEKS";"Internet";"Regional"
"11879";"KUNRR";NA;NA;"Ativa";"IPEA";"Estoque de capital";"Estoque líquido capital - empresas privadas";"Estoque líquido capital - empresas privadas";"Não oculta";"Internet";NA;0;0;NA;NA;"KUNRR";"Internet";"Regional"
"11880";"KUNRSCTR";NA;NA;"Ativa";"IPEA";"Estoque de capital";"Estoque líquido capital - empresas privadas (exclusive construção e transporte)";"Estoque líquido capital - empresas privadas (exclusive construção e transporte)";"Não oculta";"Internet";NA;0;0;NA;NA;"KUNRSCTR";"Internet";"Regional"
"11881";"AREA";165;18;"Ativa";"IBGE";"Geográfico";"Área Geográfica publicada nos Censos";"Área Geográfica publicada nos Censos";"Não oculta";"Internet";NA;0;0;NA;NA;"AREA";"Internet";"Regional"
"11882";"ALTITUDE";26;5;"Ativa";"IBGE";"Geográfico";"Altitude para os municípios da divisão político administrativa vigente em 2000";"Altitude para os municípios da divisão político administrativa vigente em 2000";"Não oculta";"Internet";NA;0;0;NA;NA;"ALTITUDE";"Internet";"Regional"
"11883";"TOTMUNE";59;56;"Ativa";"IBGE";"Geográfico";"Números de Municípios";"Total de Municípios";"Não oculta";"Internet";NA;0;0;NA;NA;"TOTMUNE";"Internet";"Regional"
"11884";"AGENCIAS";55;218;"Ativa";"BCB";"Moeda e crédito";"Número de agências bancárias";"Número de agências bancárias";"Não oculta";"Internet";NA;0;0;NA;NA;"AGENCIAS";"Internet";"Regional"
"11885";"DEPOSITGOV";13;708;"Ativa";"BCB";"Moeda e crédito";"Depósitos bancários à vista - governo";"Depósitos bancários à vista - governo ";"Não oculta";"Internet";NA;0;0;NA;NA;"DEPOSITGOV";"Internet";"Regional"
"11886";"DEPOSITPRI";24;457;"Ativa";"BCB";"Moeda e crédito";"Depósitos bancários à vista - privado";"Depósitos bancários à vista - privado";"Não oculta";"Internet";NA;0;0;NA;NA;"DEPOSITPRI";"Internet";"Regional"
"11887";"POUPANCA";88;123;"Ativa";"BCB";"Moeda e crédito";"Poupança";"Poupança";"Não oculta";"Internet";NA;0;0;NA;NA;"POUPANCA";"Internet";"Regional"
"11888";"DEPOSITPRA";21;504;"Ativa";"BCB";"Moeda e crédito";"Depósitos bancários à prazo";"Depósitos bancários à prazo";"Não oculta";"Internet";NA;0;0;NA;NA;"DEPOSITPRA";"Internet";"Regional"
"11889";"OBRIGREC";6;1048;"Ativa";"BCB";"Moeda e crédito";"Obrigações por recebimento";"Obrigações por recebimento";"Não oculta";"Internet";NA;0;0;NA;NA;"OBRIGREC";"Internet";"Regional"
"11890";"APLICACOES";73;153;"Ativa";"BCB";"Moeda e crédito";"Aplicações bancárias";"Aplicações bancárias";"Não oculta";"Internet";NA;0;0;NA;NA;"APLICACOES";"Internet";"Regional"
"11891";"DISTCAPF";8;14;"Ativa";"IPEA";"Geográfico";"Distância à capital federal para os municípios da divisão político administrativa vigente em 2000";"Distância à capital federal para os municípios da divisão político administrativa vigente em 2000";"Não oculta";"Internet";NA;0;0;NA;NA;"DISTCAPF";"Internet";"Regional"
"11892";"DISTCAPU";21;6;"Ativa";"IPEA";"Geográfico";"Distância à capital estadual para os municípios da divisão político administrativa vigente em 2000";"Distância à capital estadual para os municípios da divisão político administrativa vigente em 2000";"Não oculta";"Internet";NA;0;0;NA;NA;"DISTCAPU";"Internet";"Regional"
"11893";"PIMPF12_OUTMET12";NA;NA;"Inativa";"IBGE/PIM-PF antiga";"Produção";"Produção industrial - outros materais metalúrgicos - quantum - nível 80 - índice (média 1991 = 100)";"Produção industrial - outros materais metalúrgicos - quantum - nível 80 - índice (média 1991 = 100)";"Oculta";"Intranet";0;0;0;NA;NA;"PIMPF12";"Oculta";"Macro"
"11894";"PIMPF12_MAQEQUI12";NA;NA;"Inativa";"IBGE/PIM-PF antiga";"Produção";"Produção industrial - máquinas e equipamentos - quantum - nível 80 - índice (média 1991 = 100)";"Produção industrial - máquinas e equipamentos - quantum - nível 80 - índice (média 1991 = 100)";"Oculta";"Intranet";0;0;0;NA;NA;"PIMPF12";"Oculta";"Macro"
"11895";"PIMPF12_MAQTERR12";NA;NA;"Inativa";"IBGE/PIM-PF antiga";"Produção";"Produção industrial - tratores e máquinas planagem - quantum - nível 80 - índice (média 1991 = 100)";"Produção industrial - tratores e máq. de terraplan. - quantum - nível 80 - índice (média 1991 = 100)";"Oculta";"Intranet";0;0;0;NA;NA;"PIMPF12";"Oculta";"Macro"
"11896";"PIMPF12_MATELET12";NA;NA;"Inativa";"IBGE/PIM-PF antiga";"Produção";"Produção industrial - materiais elétricos - quantum - nível 80 - índice (média 1991 = 100)";"Produção industrial - materiais elétricos - quantum - nível 80 - índice (média 1991 = 100)";"Oculta";"Intranet";0;0;0;NA;NA;"PIMPF12";"Oculta";"Macro"
"11897";"PIMPF12_EQELETRO12";NA;NA;"Inativa";"IBGE/PIM-PF antiga";"Produção";"Produção industrial - equipamentos eletrônicos - quantum - nível 80 - índice (média 1991 = 100)";"Produção industrial - equipamentos eletrônicos - quantum - nível 80 - índice (média 1991 = 100)";"Oculta";"Intranet";0;0;0;NA;NA;"PIMPF12";"Oculta";"Macro"
"11898";"PIMPF12_AUTCAMONI12";NA;NA;"Inativa";"IBGE/PIM-PF antiga";"Produção";"Produção industrial - automóveis, caminhões, ônibus - quantum - nível 80 - índice (média 1991 = 100)";"Produção industrial - automóveis, caminhões, ônibus - quantum - nível 80 - índice (média 1991 = 100)";"Oculta";"Intranet";0;0;0;NA;NA;"PIMPF12";"Oculta";"Macro"
"11899";"PIMPF12_OUTVEIC12";NA;NA;"Inativa";"IBGE/PIM-PF antiga";"Produção";"Produção industrial - outros veículos e peças - quantum - nível 80 - índice (média 1991 = 100)";"Produção industrial - outros veículos e peças - quantum - nível 80 - índice (média 1991 = 100)";"Oculta";"Intranet";0;0;0;NA;NA;"PIMPF12";"Oculta";"Macro"
"11900";"PIMPFN12_YICC12";41;319;"Inativa";"IBGE/PIM-PF antiga";"Produção";"Produção industrial - insumos - construção civil - quantum - índice (média 2002 = 100)";"Produção industrial - insumos - construção civil - quantum - índice (média 2002 = 100)";"Não oculta";"Internet";40;0;0;NA;NA;"PIMPFN12";"Internet";"Macro"
"11901";"FLOTOT";24;38;"Ativa";"IBGE";"Agropecuária";"Utilização das terras - matas e florestas  totais- área";"Utilização das terras - matas e florestas  totais- área";"Não oculta";"Internet";NA;0;0;NA;NA;"FLOTOT";"Internet";"Regional"
"11902";"PASTOT";23;41;"Ativa";"IBGE";"Agropecuária";"Utilização das terras - pastagens totais - área";"Utilização das terras - pastagens totais - área";"Não oculta";"Internet";NA;0;0;NA;NA;"PASTOT";"Internet";"Regional"
"11903";"BM12_SFRLPF12";49;267;"Inativa";"Bacen/Not. Imp./Moeda";"Moeda e crédito";"Operações de crédito aos setores público e privado - recursos livres - pessoas físicas";"Operações de crédito do sistema financeiro aos setores público e privado - recursos livres - pessoas físicas";"Oculta";"Internet";30;0;0;"Incluída em 07/out/2004.";NA;"BM12";"Oculta";"Macro"
"11904";"BM12_SFRLPJ12";28;441;"Inativa";"Bacen/Not. Imp./Moeda";"Moeda e crédito";"Operações de crédito aos setores público e privado - recursos livres - pessoas jurídicas";"Operações de crédito do sistema financeiro aos setores público e privado - recursos livres - pessoas jurídicas";"Oculta";"Internet";30;0;0;"Incluída em 07/out/2004.";NA;"BM12";"Oculta";"Macro"
"11905";"BM12_SFRL12";28;441;"Inativa";"Bacen/Not. Imp./Moeda";"Moeda e crédito";"Operações de crédito aos setores público e privado - recursos livres";"Operações de crédito do sistema financeiro aos setores público e privado - recursos livres";"Oculta";"Internet";30;0;0;"Incluída em 07/out/2004.";NA;"BM12";"Oculta";"Macro"
"11906";"BM12_SFRLY12";48;274;"Inativa";"Bacen/Not. Imp./Moeda";"Moeda e crédito";"Operações de crédito aos setores público e privado - recursos livres";"Operações de crédito do sistema financeiro aos setores público e privado - recursos livres";"Oculta";"Internet";30;0;0;"Incluída em 07/out/2004.";NA;"BM12";"Oculta";"Macro"
"11907";"BM12_SFRDH12";18;647;"Inativa";"Bacen/Not. Imp./Moeda";"Moeda e crédito";"Operações de crédito aos setores público e privado - recursos direcionados - habitação";"Operações de crédito do sistema financeiro aos setores público e privado - recursos direcionados - habitação";"Oculta";"Internet";30;0;0;"Incluída em 07/out/2004.";NA;"BM12";"Oculta";"Macro"
"11908";"BM12_SFRDR12";19;621;"Inativa";"Bacen/Not. Imp./Moeda";"Moeda e crédito";"Operações de crédito aos setores público e privado - recursos direcionados - rural";"Operações de crédito do sistema financeiro aos setores público e privado - recursos direcionados - rural";"Oculta";"Internet";30;0;0;"Incluída em 07/out/2004.";NA;"BM12";"Oculta";"Macro"
"11909";"BM12_SFRDBNDESD12";9;946;"Inativa";"Bacen/Not. Imp./Moeda";"Moeda e crédito";"Operações de crédito aos setores público e privado - recursos direcionados - BNDES - direto";"Operações de crédito do sistema financeiro aos setores público e privado - recursos direcionados - BNDES - direto";"Oculta";"Internet";30;0;0;"Incluída em 07/out/2004.";NA;"BM12";"Oculta";"Macro"
"11910";"BM12_SFRDBNDESR12";10;894;"Inativa";"Bacen/Not. Imp./Moeda";"Moeda e crédito";"Operações de crédito aos setores público e privado - recursos direcionados - BNDES - repasses";"Operações de crédito do sistema financeiro aos setores público e privado- recursos direcionados - BNDES - repasses";"Oculta";"Internet";30;0;0;"Incluída em 07/out/2004.";NA;"BM12";"Oculta";"Macro"
"11911";"BM12_SFRDBNDES12";20;593;"Inativa";"Bacen/Not. Imp./Moeda";"Moeda e crédito";"Operações de crédito aos setores público e privado - recursos direcionados - BNDES";"Operações de crédito do sistema financeiro aos setores público e privado - recursos direcionados - BNDES";"Oculta";"Internet";30;0;0;"Incluída em 07/out/2004.";NA;"BM12";"Oculta";"Macro"
"11912";"BM12_SFRDOUT12";5;1176;"Inativa";"Bacen/Not. Imp./Moeda";"Moeda e crédito";"Operações de crédito aos setores público e privado - recursos direcionados - outros";"Operações de crédito do sistema financeiro aos setores público e privado- recursos direcionados - outros";"Oculta";"Internet";30;0;0;"Incluída em 07/out/2004.";NA;"BM12";"Oculta";"Macro"
"11913";"BM12_SFRD12";27;457;"Inativa";"Bacen/Not. Imp./Moeda";"Moeda e crédito";"Operações de crédito aos setores público e privado - recursos direcionados";"Operações de crédito do sistema financeiro aos setores público e privado - recursos direcionados";"Oculta";"Internet";30;0;0;"Incluída em 07/out/2004.";NA;"BM12";"Oculta";"Macro"
"11914";"BM12_SFRDY12";31;407;"Inativa";"Bacen/Not. Imp./Moeda";"Moeda e crédito";"Operações de crédito aos setores público e privado - recursos direcionados";"Operações de crédito do sistema financeiro aos setores público e privado - recursos direcionados";"Oculta";"Internet";30;0;0;"Incluída em 07/out/2004.";NA;"BM12";"Oculta";"Macro"
"11915";"BM12_SFPUBL12";21;569;"Inativa";"Bacen/Not. Imp./Moeda";"Moeda e crédito";"Operações de crédito ao setor público";"Operações de crédito do sistema financeiro ao setor público";"Oculta";"Internet";30;0;0;"Incluída em 07/out/2004.";NA;"BM12";"Oculta";"Macro"
"11916";"BM12_SFTOT12";108;102;"Inativa";"Bacen/Not. Imp./Moeda";"Moeda e crédito";"Operações de crédito aos setores público e privado";"Operações de crédito do sistema financeiro aos setores público e privado";"Oculta";"Internet";30;0;0;"Incluída em 07/out/2004.";NA;"BM12";"Oculta";"Macro"
"11917";"BM12_SFTOTY12";96;119;"Inativa";"Bacen/Not. Imp./Moeda";"Moeda e crédito";"Operações de crédito aos setores público e privado";"Operações de crédito do sistema financeiro aos setores público e privado";"Oculta";"Internet";30;0;0;"Incluída em 07/out/2004.";NA;"BM12";"Oculta";"Macro"
"11918";"BM12_SFPUBLGF12";7;1050;"Inativa";"Bacen/Not. Imp./Moeda";"Moeda e crédito";"Operações de crédito ao setor público - governo federal";"Operações de crédito do sistema financeiro ao setor público - governo federal";"Oculta";"Internet";30;0;0;"Incluída em 07/out/2004.";NA;"BM12";"Oculta";"Macro"
"11919";"BM12_SFPUBLEM12";4;1262;"Inativa";"Bacen/Not. Imp./Moeda";"Moeda e crédito";"Operações de crédito ao setor público - governos estaduias e municipais";"Operações de crédito do sistema financeiro ao setor público - governos estaduias e municipais";"Oculta";"Internet";30;0;0;"Incluída em 07/out/2004.";NA;"BM12";"Oculta";"Macro"
"11920";"BM12_SFPRIIND12";31;407;"Inativa";"Bacen/Not. Imp./Moeda";"Moeda e crédito";"Operações de crédito ao setor privado - indústria";"Operações de crédito do sistema financeiro ao setor privado - indústria";"Oculta";"Internet";30;0;0;"Incluída em 07/out/2004.";NA;"BM12";"Oculta";"Macro"
"11921";"BM12_SFPRIHAB12";24;508;"Inativa";"Bacen/Not. Imp./Moeda";"Moeda e crédito";"Operações de crédito ao setor privado - habitação";"Operações de crédito do sistema financeiro ao setor privado - habitação";"Oculta";"Internet";30;0;0;"Incluída em 07/out/2004.";NA;"BM12";"Oculta";"Macro"
"11922";"BM12_SFPRIRUR12";29;432;"Inativa";"Bacen/Not. Imp./Moeda";"Moeda e crédito";"Operações de crédito ao setor privado - rural";"Operações de crédito do sistema financeiro ao setor privado - rural";"Oculta";"Internet";30;0;0;"Incluída em 07/out/2004.";NA;"BM12";"Oculta";"Macro"
"11923";"BM12_SFPRICOM12";14;737;"Inativa";"Bacen/Not. Imp./Moeda";"Moeda e crédito";"Operações de crédito ao setor privado - comércio";"Operações de crédito do sistema financeiro ao setor privado - comércio";"Oculta";"Internet";30;0;0;"Incluída em 07/out/2004.";NA;"BM12";"Oculta";"Macro"
"11924";"BM12_SFPRIPF12";37;351;"Inativa";"Bacen/Not. Imp./Moeda";"Moeda e crédito";"Operações de crédito ao setor privado - pessoas físicas";"Operações de crédito do sistema financeiro ao setor privado - pessoas físicas";"Oculta";"Internet";30;0;0;"Incluída em 07/out/2004.";NA;"BM12";"Oculta";"Macro"
"11925";"BM12_SFPRIOUT12";10;894;"Inativa";"Bacen/Not. Imp./Moeda";"Moeda e crédito";"Operações de crédito ao setor privado - outros serviços";"Operações de crédito do sistema financeiro ao setor privado - outros serviços";"Oculta";"Internet";30;0;0;"Incluída em 07/out/2004.";NA;"BM12";"Oculta";"Macro"
"11926";"BM12_SFPRI12";64;192;"Inativa";"Bacen/Not. Imp./Moeda";"Moeda e crédito";"Operações de crédito ao setor privado";"Operações de crédito do sistema financeiro ao setor privado";"Oculta";"Internet";30;0;0;"Incluída em 07/out/2004.";NA;"BM12";"Oculta";"Macro"
"11927";"BM12_SFRLCAPF12";93;123;"Inativa";"Bacen/Not. Imp./Moeda";"Moeda e crédito";"Operações de crédito aos setores público e privado - recursos livres - concessões acumuladas - PF";"Operações de crédito do sistema financeiro aos setores público e privado - recursos livres - concessões acumuladas - pessoa física";"Oculta";"Internet";30;0;0;"Incluída em 07/out/2004.";NA;"BM12";"Oculta";"Macro"
"11928";"BM12_SFRLCAPJ12";61;205;"Inativa";"Bacen/Not. Imp./Moeda";"Moeda e crédito";"Operações de crédito aos setores público e privado - recursos livres - concessões acumuladas - PJ";"Operações de crédito do sistema financeiro aos setores público e privado - recursos livres - concessões acumuladas - pessoa jurídica";"Oculta";"Internet";30;0;0;"Incluída em 07/out/2004.";NA;"BM12";"Oculta";"Macro"
"11929";"BM12_SFRLCA12";51;251;"Inativa";"Bacen/Not. Imp./Moeda";"Moeda e crédito";"Operações de crédito aos setores público e privado - recursos livres - concessões acumuladas";"Operações de crédito do sistema financeiro aos setores público e privado - recursos livres - concessões acumuladas";"Oculta";"Internet";30;0;0;"Incluída em 07/out/2004.";NA;"BM12";"Oculta";"Macro"
"11930";"BM12_SFRLTXPF12";110;101;"Inativa";"Bacen/Not. Imp./Moeda";"Moeda e crédito";"Operações de crédito aos setores público e privado - recursos livres - taxa de juros - PF";"Operações de crédito do sistema financeiro aos setores público e privado - recursos livres - taxa de juros - pessoa física";"Oculta";"Internet";30;0;0;"Incluída em 07/out/2004.";NA;"BM12";"Oculta";"Macro"
"11931";"BM12_SFRLTXPJ12";71;175;"Inativa";"Bacen/Not. Imp./Moeda";"Moeda e crédito";"Operações de crédito aos setores público e privado - recursos livres - taxa de juros - PJ";"Operações de crédito do sistema financeiro aos setores público e privado - recursos livres - taxa de juros - pessoa jurídica";"Oculta";"Internet";30;0;0;"Incluída em 07/out/2004.";NA;"BM12";"Oculta";"Macro"
"11932";"BM12_SFRLTX12";45;294;"Inativa";"Bacen/Not. Imp./Moeda";"Moeda e crédito";"Operações de crédito aos setores público e privado - recursos livres - taxa de juros";"Operações de crédito do sistema financeiro aos setores público e privado - recursos livres - taxa de juros";"Oculta";"Internet";30;0;0;"Incluída em 07/out/2004.";NA;"BM12";"Oculta";"Macro"
"11933";"BM12_SFRLSPF12";96;119;"Inativa";"Bacen/Not. Imp./Moeda";"Moeda e crédito";"Operações de crédito aos setores público e privado - recursos livres - spread - PF";"Operações de crédito do sistema financeiro aos setores público e privado - recursos livres - spread - pessoa física";"Oculta";"Internet";30;0;0;"Incluída em 07/out/2004.";NA;"BM12";"Oculta";"Macro"
"11934";"BM12_SFRLSPJ12";75;164;"Inativa";"Bacen/Not. Imp./Moeda";"Moeda e crédito";"Operações de crédito aos setores público e privado - recursos livres - spread - PJ";"Operações de crédito do sistema financeiro aos setores público e privado - recursos livres - spread - pessoa jurídica";"Oculta";"Internet";30;0;0;"Incluída em 07/out/2004.";NA;"BM12";"Oculta";"Macro"
"11935";"BM12_SFRLS12";55;231;"Inativa";"Bacen/Not. Imp./Moeda";"Moeda e crédito";"Operações de crédito aos setores público e privado - recursos livres - spread";"Operações de crédito do sistema financeiro aos setores público e privado - recursos livres - spread";"Oculta";"Internet";30;0;0;"Incluída em 07/out/2004.";NA;"BM12";"Oculta";"Macro"
"11936";"BM12_SFRLPMPF12";19;621;"Inativa";"Bacen/Not. Imp./Moeda";"Moeda e crédito";"Operações de crédito aos setores público e privado - recursos livres - prazo médio - PF";"Operações de crédito do sistema financeiro aos setores público e privado - recursos livres - prazo médio - pessoa física";"Oculta";"Internet";30;0;0;"Incluída em 07/out/2004.";NA;"BM12";"Oculta";"Macro"
"11937";"BM12_SFRLPMPJ12";11;856;"Inativa";"Bacen/Not. Imp./Moeda";"Moeda e crédito";"Operações de crédito aos setores público e privado - recursos livres - prazo médio - PJ";"Operações de crédito do sistema financeiro aos setores público e privado - recursos livres - prazo médio - pessoa jurídica";"Oculta";"Internet";30;0;0;"Incluída em 07/out/2004.";NA;"BM12";"Oculta";"Macro"
"11938";"BM12_SFRLPM12";21;569;"Inativa";"Bacen/Not. Imp./Moeda";"Moeda e crédito";"Operações de crédito aos setores público e privado - recursos livres - prazo médio";"Operações de crédito do sistema financeiro aos setores público e privado - recursos livres - prazo médio";"Oculta";"Internet";30;0;0;"Incluída em 07/out/2004.";NA;"BM12";"Oculta";"Macro"
"11939";"BM12_SFPLINPF12";100;111;"Inativa";"Bacen/Not. Imp./Moeda";"Moeda e crédito";"Operações de crédito aos setores público e privado - recursos livres - inadimplência - PF";"Operações de crédito do sistema financeiro aos setores público e privado - recursos livres - inadimplência - pessoa física";"Oculta";"Internet";30;0;0;"Incluída em 07/out/2004.";NA;"BM12";"Oculta";"Macro"
"11940";"BM12_SFPLINPJ12";41;319;"Inativa";"Bacen/Not. Imp./Moeda";"Moeda e crédito";"Operações de crédito aos setores público e privado - recursos livres - inadimplência - PJ";"Operações de crédito do sistema financeiro aos setores público e privado - recursos livres - inadimplência - pessoa jurídica";"Oculta";"Internet";30;0;0;"Incluída em 07/out/2004.";NA;"BM12";"Oculta";"Macro"
"11941";"BM12_SFPLIN12";70;179;"Inativa";"Bacen/Not. Imp./Moeda";"Moeda e crédito";"Operações de crédito aos setores público e privado - recursos livres - inadimplência";"Operações de crédito do sistema financeiro aos setores público e privado - recursos livres - inadimplência";"Oculta";"Internet";30;0;0;"Incluída em 07/out/2004.";NA;"BM12";"Oculta";"Macro"
"11942";"TXPART";400;6;"Ativa";"IPEA";"Mercado de trabalho";"Taxa de participação";"Taxa de participação";"Não oculta";"Internet";NA;0;0;NA;NA;"TXPART";"Internet";"Social"
"11943";"TXPART_M";141;22;"Ativa";"IPEA";"Mercado de trabalho";"Taxa de participação - mulheres";"Taxa de participação - mulheres";"Não oculta";"Internet";NA;0;0;NA;NA;"TXPART";"Internet";"Social"
"11944";"TXPART_H";141;22;"Ativa";"IPEA";"Mercado de trabalho";"Taxa de participação - homens";"Taxa de participação - homens";"Não oculta";"Internet";NA;0;0;NA;NA;"TXPART";"Internet";"Social"
"11945";"LSPA_AALGA";22;488;"Inativa";"IBGE/PAM";"Produção";"Área colhida - algodão - arbóreo (caroço)";"Área colhida - algodão - arbóreo (caroço)";"Não oculta";"Internet";360;0;1;NA;NA;"LSPA";"Internet";"Macro"
"11946";"LSPA_AALGH";15;639;"Ativa";"IBGE/PAM";"Produção";"Área colhida - algodão - herbáceo (caroço)";"Área colhida - algodão - herbáceo (caroço)";"Não oculta";"Internet";360;0;1;NA;NA;"LSPA";"Internet";"Macro"
"11947";"LSPA_AAMEN";12;739;"Ativa";"IBGE/PAM";"Produção";"Área colhida - amendoim";"Área colhida - amendoim";"Não oculta";"Internet";360;0;1;NA;NA;"LSPA";"Internet";"Macro"
"11948";"LSPA_AARRO";66;180;"Ativa";"IBGE/PAM";"Produção";"Área colhida - arroz";"Área colhida - arroz";"Não oculta";"Internet";360;0;1;NA;NA;"LSPA";"Internet";"Macro"
"11949";"LSPA_ABANA";5;1138;"Ativa";"IBGE/PAM";"Produção";"Área colhida - banana";"Área colhida - banana";"Não oculta";"Internet";360;0;1;NA;NA;"LSPA";"Internet";"Macro"
"11950";"LSPA_ABATI";1;1606;"Ativa";"IBGE/PAM";"Produção";"Área colhida - batata inglesa";"Área colhida - batata inglesa";"Não oculta";"Internet";360;0;1;NA;NA;"LSPA";"Internet";"Macro"
"11951";"LSPA_ACACA";5;1138;"Ativa";"IBGE/PAM";"Produção";"Área colhida - cacau";"Área colhida - cacau";"Não oculta";"Internet";360;0;1;NA;NA;"LSPA";"Internet";"Macro"
"11952";"LSPA_ACAFE";47;256;"Ativa";"IBGE/PAM";"Produção";"Área colhida - café";"Área colhida - café";"Não oculta";"Internet";360;0;1;NA;NA;"LSPA";"Internet";"Macro"
"11953";"LSPA_ACANA";65;185;"Ativa";"IBGE/PAM";"Produção";"Área colhida - cana-de-açúcar";"Área colhida - cana-de-açúcar";"Não oculta";"Internet";360;0;1;NA;NA;"LSPA";"Internet";"Macro"
"11954";"LSPA_ACEBO";NA;NA;"Ativa";"IBGE/PAM";"Produção";"Área colhida - cebola";"Área colhida - cebola";"Não oculta";"Internet";360;0;1;NA;NA;"LSPA";"Internet";"Macro"
"11955";"LSPA_AFEIJ";19;538;"Ativa";"IBGE/PAM";"Produção";"Área colhida - feijão";"Área colhida - feijão";"Não oculta";"Internet";360;0;1;NA;NA;"LSPA";"Internet";"Macro"
"11956";"LSPA_AFUMO";2;1445;"Ativa";"IBGE/PAM";"Produção";"Área colhida - fumo";"Área colhida - fumo";"Não oculta";"Internet";360;0;1;NA;NA;"LSPA";"Internet";"Macro"
"11957";"LSPA_ALARA";9;871;"Ativa";"IBGE/PAM";"Produção";"Área colhida - laranja";"Área colhida - laranja";"Não oculta";"Internet";360;0;1;NA;NA;"LSPA";"Internet";"Macro"
"11958";"LSPA_AMAND";NA;NA;"Ativa";"IBGE/PAM";"Produção";"Área colhida - mandioca";"Área colhida - mandioca";"Não oculta";"Internet";360;0;1;NA;NA;"LSPA";"Internet";"Macro"
"11959";"LSPA_AMILH";30;386;"Ativa";"IBGE/PAM";"Produção";"Área colhida - milho";"Área colhida - milho";"Não oculta";"Internet";360;0;1;NA;NA;"LSPA";"Internet";"Macro"
"11960";"LSPA_ASOJA";116;94;"Ativa";"IBGE/PAM";"Produção";"Área colhida - soja";"Área colhida - soja";"Não oculta";"Internet";360;0;1;NA;NA;"LSPA";"Internet";"Macro"
"11961";"LSPA_ATOMA";3;1315;"Ativa";"IBGE/PAM";"Produção";"Área colhida - tomate";"Área colhida - tomate";"Não oculta";"Internet";360;0;1;NA;NA;"LSPA";"Internet";"Macro"
"11962";"LSPA_ATRIG";25;444;"Ativa";"IBGE/PAM";"Produção";"Área colhida - trigo";"Área colhida - trigo";"Não oculta";"Internet";360;0;1;NA;NA;"LSPA";"Internet";"Macro"
"11963";"LSPA_AUVA";3;1315;"Ativa";"IBGE/PAM";"Produção";"Área colhida - uva";"Área colhida - uva";"Não oculta";"Internet";360;0;1;"Incluída em 29/nov/2004";NA;"LSPA";"Internet";"Macro"
"11964";"LSPA_APIME";2;1445;"Ativa";"IBGE/PAM";"Produção";"Área colhida - pimenta do reino";"Área colhida - pimenta do reino";"Não oculta";"Internet";360;0;1;"Incluída em 29/nov/2004";NA;"LSPA";"Internet";"Macro"
"11965";"LSPA_VALGA";10;818;"Inativa";"IBGE/PAM";"Produção";"Produção - algodão - arbóreo (caroço)";"Produção de algodão arbóreo (caroço)";"Não oculta";"Internet";360;0;1;"Incluída em 29/nov/2004";NA;"LSPA";"Internet";"Macro"
"11966";"LSPA_VALGH";8;932;"Ativa";"IBGE/PAM";"Produção";"Produção - algodão - herbáceo (caroço)";"Produção de algodão herbáceo (caroço)";"Não oculta";"Internet";360;0;1;"Incluída em 29/nov/2004";NA;"LSPA";"Internet";"Macro"
"11967";"LSPA_VAMEN";3;1315;"Ativa";"IBGE/PAM";"Produção";"Produção - amendoim";"Produção de amendoim";"Não oculta";"Internet";360;0;1;"Incluída em 29/nov/2004";NA;"LSPA";"Internet";"Macro"
"11968";"LSPA_VQARRO";50;241;"Ativa";"IBGE/PAM";"Produção";"Produção - arroz";"Produção de arroz";"Não oculta";"Internet";360;0;1;"Incluída em 29/nov/2004";NA;"LSPA";"Internet";"Macro"
"11969";"LSPA_VBANA";2;1445;"Ativa";"IBGE/PAM";"Produção";"Produção - banana";"Produção de banana";"Não oculta";"Internet";360;0;1;"Incluída em 29/nov/2004";NA;"LSPA";"Internet";"Macro"
"11970";"LSPA_VBATI";1;1606;"Ativa";"IBGE/PAM";"Produção";"Produção - batata inglesa";"Produção de batata inglesa";"Não oculta";"Internet";360;0;1;"Incluída em 29/nov/2004";NA;"LSPA";"Internet";"Macro"
"11971";"LSPA_VCACA";4;1216;"Ativa";"IBGE/PAM";"Produção";"Produção - cacau";"Produção de cacau";"Não oculta";"Internet";360;0;1;"Incluída em 29/nov/2004";NA;"LSPA";"Internet";"Macro"
"11972";"LSPA_VCAFE";18;565;"Ativa";"IBGE/PAM";"Produção";"Produção - café";"Produção de café";"Não oculta";"Internet";360;0;1;"Incluída em 29/nov/2004";NA;"LSPA";"Internet";"Macro"
"11973";"LSPA_VCANA";32;365;"Ativa";"IBGE/PAM";"Produção";"Produção - cana-de-açúcar";"Produção de cana-de-açúcar";"Não oculta";"Internet";360;0;1;"Incluída em 29/nov/2004";NA;"LSPA";"Internet";"Macro"
"11974";"LSPA_VCEBO";2;1445;"Ativa";"IBGE/PAM";"Produção";"Produção - cebola";"Produção de cebola";"Não oculta";"Internet";360;0;1;"Incluída em 29/nov/2004";NA;"LSPA";"Internet";"Macro"
"11975";"LSPA_VFEIJ";5;1138;"Ativa";"IBGE/PAM";"Produção";"Produção - feijão";"Produção de feijão";"Não oculta";"Internet";360;0;1;"Incluída em 29/nov/2004";NA;"LSPA";"Internet";"Macro"
"11976";"LSPA_VFUMO";2;1445;"Ativa";"IBGE/PAM";"Produção";"Produção - fumo";"Produção de fumo";"Não oculta";"Internet";360;0;1;"Incluída em 29/nov/2004";NA;"LSPA";"Internet";"Macro"
"11977";"LSPA_VLARA";23;471;"Ativa";"IBGE/PAM";"Produção";"Produção - laranja";"Produção de laranja";"Não oculta";"Internet";360;0;1;"Incluída em 29/nov/2004";NA;"LSPA";"Internet";"Macro"
"11978";"LSPA_VMAND";5;1138;"Ativa";"IBGE/PAM";"Produção";"Produção - mandioca";"Produção de mandioca";"Não oculta";"Internet";360;0;1;"Incluída em 29/nov/2004";NA;"LSPA";"Internet";"Macro"
"11979";"LSPA_VMILH";9;871;"Ativa";"IBGE/PAM";"Produção";"Produção - milho";"Produção de milho";"Não oculta";"Internet";360;0;1;"Incluída em 29/nov/2004";NA;"LSPA";"Internet";"Macro"
"11980";"LSPA_VPIME";NA;NA;"Ativa";"IBGE/PAM";"Produção";"Produção - pimenta do reino";"Produção de pimenta do reino";"Não oculta";"Internet";360;0;1;"Incluída em 29/nov/2004";NA;"LSPA";"Internet";"Macro"
"11981";"LSPA_VSOJA";55;218;"Ativa";"IBGE/PAM";"Produção";"Produção - soja";"Produção de soja";"Não oculta";"Internet";360;0;1;"Incluída em 29/nov/2004";NA;"LSPA";"Internet";"Macro"
"11982";"LSPA_VTOMA";2;1445;"Ativa";"IBGE/PAM";"Produção";"Produção - tomate";"Produção de tomate";"Não oculta";"Internet";360;0;1;"Incluída em 29/nov/2004";NA;"LSPA";"Internet";"Macro"
"11983";"LSPA_VTRIG";3;1315;"Ativa";"IBGE/PAM";"Produção";"Produção - trigo";"Produção de trigo";"Não oculta";"Internet";360;0;1;"Incluída em 29/nov/2004";NA;"LSPA";"Internet";"Macro"
"11984";"LSPA_VUVA";2;1445;"Ativa";"IBGE/PAM";"Produção";"Produção - uva";"Produção de uva";"Não oculta";"Internet";360;0;1;"Incluída em 29/nov/2004";NA;"LSPA";"Internet";"Macro"
"11985";"ACIDT";75;144;"Ativa";"Datasus";"Segurança Pública";"Número de vítimas de acidentes de trânsito";"Número de vítimas de acidentes de trânsito";"Não oculta";"Internet";NA;0;0;NA;NA;"ACIDT";"Internet";"Regional"
"11986";"ACIDTF";16;619;"Ativa";"Datasus";"Segurança Pública";"Número de vítimas de acidentes de trânsito do sexo feminino";"Número de vítimas de acidentes de trânsito do sexo feminino";"Não oculta";"Internet";NA;0;0;NA;NA;"ACIDTF";"Internet";"Regional"
"11987";"ACIDTFJ";19;538;"Ativa";"Datasus";"Segurança Pública";"Número de vítimas de acidentes de trânsito de jovens de 15 a 29 anos do sexo feminino";"Número de vítimas de acidentes de trânsito de jovens de 15 a 29 anos do sexo feminino";"Não oculta";"Internet";NA;0;0;NA;NA;"ACIDTFJ";"Internet";"Regional"
"11988";"ACIDTJ";22;488;"Ativa";"Datasus";"Segurança Pública";"Número de vítimas de acidentes de trânsito de jovens de 15 a 29 anos";"Número de vítimas de acidentes de trânsito de jovens de 15 a 29 anos";"Não oculta";"Internet";NA;0;0;NA;NA;"ACIDTJ";"Internet";"Regional"
"11989";"ACIDTM";17;594;"Ativa";"Datasus";"Segurança Pública";"Número de vítimas de acidentes de trânsito do sexo masculino";"Número de vítimas de acidentes de trânsito do sexo masculino";"Não oculta";"Internet";NA;0;0;NA;NA;"ACIDTM";"Internet";"Regional"
"11990";"ACIDTMJ";12;739;"Ativa";"Datasus";"Segurança Pública";"Número de vítimas de acidentes de trânsito de jovens de 15 a 29 anos do sexo masculino";"Número de vítimas de acidentes de trânsito de jovens de 15 a 29 anos do sexo masculino";"Não oculta";"Internet";NA;0;0;NA;NA;"ACIDTMJ";"Internet";"Regional"
"11991";"HOMIC";330;25;"Ativa";"Datasus";"Segurança Pública";"Número de homicídios";"Número de homicídios";"Não oculta";"Internet";NA;0;0;NA;NA;"HOMIC";"Internet";"Regional"
"11992";"HOMICF";56;210;"Ativa";"Datasus";"Segurança Pública";"Número de homicídios do sexo feminino";"Número de homicídios do sexo feminino";"Não oculta";"Internet";NA;0;0;NA;NA;"HOMICF";"Internet";"Regional"
"11993";"HOMICFJ";34;342;"Ativa";"Datasus";"Segurança Pública";"Número de homicídios de jovens de 15 a 29 anos do sexo feminino";"Número de homicídios de jovens de 15 a 29 anos do sexo feminino";"Não oculta";"Internet";NA;0;0;NA;NA;"HOMICFJ";"Internet";"Regional"
"11994";"HOMICJ";82;133;"Ativa";"Datasus";"Segurança Pública";"Número de homicídios de jovens de 15 a 29 anos";"Número de homicídios de jovens de 15 a 29 anos";"Não oculta";"Internet";NA;0;0;NA;NA;"HOMICJ";"Internet";"Regional"
"11995";"HOMICM";67;173;"Ativa";"Datasus";"Segurança Pública";"Número de homicídios do sexo masculino";"Número de homicídios do sexo masculino";"Não oculta";"Internet";NA;0;0;NA;NA;"HOMICM";"Internet";"Regional"
"11996";"HOMICMJ";41;289;"Ativa";"Datasus";"Segurança Pública";"Número de homicídios de jovens de 15 a 29 anos do sexo masculino";"Número de homicídios de jovens de 15 a 29 anos do sexo masculino";"Não oculta";"Internet";NA;0;0;NA;NA;"HOMICMJ";"Internet";"Regional"
"11997";"PACIDT";35;335;"Ativa";"IPEA";"Segurança Pública";"Proporção de acidentes de trânsito como causa de mortalidade";"Proporção de acidentes de trânsito como causa de mortalidade";"Não oculta";"Internet";NA;0;0;NA;NA;"PACIDT";"Internet";"Regional"
"11998";"PACIDTF";1;1606;"Ativa";"IPEA";"Segurança Pública";"Proporção de acidentes de trânsito como causa de mortalidade do sexo feminino";"Proporção de acidentes de trânsito como causa de mortalidade do sexo feminino";"Não oculta";"Internet";NA;0;0;NA;NA;"PACIDTF";"Internet";"Regional"
"11999";"PACIDTFJ";6;1048;"Ativa";"IPEA";"Segurança Pública";"Proporção de acidentes de trânsito como causa de mortalidade de jovens de 15 a 29 anos do sexo femin";"Proporção de acidentes de trânsito como causa de mortalidade de jovens de 15 a 29 anos do sexo feminino";"Não oculta";"Internet";NA;0;0;NA;NA;"PACIDTFJ";"Internet";"Regional"
"12000";"PACIDTJ";14;680;"Ativa";"IPEA";"Segurança Pública";"Proporção de acidentes de trânsito como causa de mortalidade de jovens de 15 a 29 anos";"Proporção de acidentes de trânsito como causa de mortalidade de jovens de 15 a 29 anos";"Não oculta";"Internet";NA;0;0;NA;NA;"PACIDTJ";"Internet";"Regional"
"12001";"PACIDTM";1;1606;"Ativa";"IPEA";"Segurança Pública";"Proporção de acidentes de trânsito como causa de mortalidade do sexo masculino";"Proporção de acidentes de trânsito como causa de mortalidade do sexo masculino";"Não oculta";"Internet";NA;0;0;NA;NA;"PACIDTM";"Internet";"Regional"
"12002";"PACIDTMJ";4;1216;"Ativa";"IPEA";"Segurança Pública";"Proporção de acidentes de trânsito como causa de mortalidade de jovens de 15 a 29 anos do sexo mascu";"Proporção de acidentes de trânsito como causa de mortalidade de jovens de 15 a 29 anos do sexo masculino";"Não oculta";"Internet";NA;0;0;NA;NA;"PACIDTMJ";"Internet";"Regional"
"12003";"PHOMIC";61;195;"Ativa";"IPEA";"Segurança Pública";"Proporção de homicídios como causa de mortalidade";"Proporção de homicídios como causa de mortalidade";"Não oculta";"Internet";NA;0;0;NA;NA;"PHOMIC";"Internet";"Regional"
"12004";"PHOMICF";6;1048;"Ativa";"IPEA";"Segurança Pública";"Proporção de homicídios como causa de mortalidade do sexo feminino";"Proporção de homicídios como causa de mortalidade do sexo feminino";"Não oculta";"Internet";NA;0;0;NA;NA;"PHOMICF";"Internet";"Regional"
"12005";"PHOMICFJ";1;1606;"Ativa";"IPEA";"Segurança Pública";"Proporção de homicídios como causa de mortalidade de jovens de 15 a 29 anos do sexo feminino";"Proporção de homicídios como causa de mortalidade de jovens de 15 a 29 anos do sexo feminino";"Não oculta";"Internet";NA;0;0;NA;NA;"PHOMICFJ";"Internet";"Regional"
"12006";"PHOMICJ";9;871;"Ativa";"IPEA";"Segurança Pública";"Proporção de homicídios como causa de mortalidade de jovens de 15 a 29 anos";"Proporção de homicídios como causa de mortalidade de jovens de 15 a 29 anos";"Não oculta";"Internet";NA;0;0;NA;NA;"PHOMICJ";"Internet";"Regional"
"12007";"PHOMICM";4;1216;"Ativa";"IPEA";"Segurança Pública";"Proporção de homicídios como causa de mortalidade do sexo masculino";"Proporção de homicídios como causa de mortalidade do sexo masculino";"Não oculta";"Internet";NA;0;0;NA;NA;"PHOMICM";"Internet";"Regional"
"12008";"PHOMICMJ";2;1445;"Ativa";"IPEA";"Segurança Pública";"Proporção de homicídios como causa de mortalidade de jovens de 15 a 29 anos do sexo masculino";"Proporção de homicídios como causa de mortalidade de jovens de 15 a 29 anos do sexo masculino";"Não oculta";"Internet";NA;0;0;NA;NA;"PHOMICMJ";"Internet";"Regional"
"12009";"PSUICID";18;565;"Ativa";"IPEA";"Segurança Pública";"Proporção de suicídios como causa de mortalidade";"Proporção de suicídios como causa de mortalidade";"Não oculta";"Internet";NA;0;0;NA;NA;"PSUICID";"Internet";"Regional"
"12010";"PSUICIDF";2;1445;"Ativa";"IPEA";"Segurança Pública";"Proporção de suicídios como causa de mortalidade do sexo feminino";"Proporção de suicídios como causa de mortalidade do sexo feminino";"Não oculta";"Internet";NA;0;0;NA;NA;"PSUICIDF";"Internet";"Regional"
"12011";"PSUICIDFJ";2;1445;"Ativa";"IPEA";"Segurança Pública";"Proporção de suicídios como causa de mortalidade de jovens de 15 a 29 anos do sexo feminino";"Proporção de suicídios como causa de mortalidade de jovens de 15 a 29 anos do sexo feminino";"Não oculta";"Internet";NA;0;0;NA;NA;"PSUICIDFJ";"Internet";"Regional"
"12012";"PSUICIDJ";4;1216;"Ativa";"IPEA";"Segurança Pública";"Proporção de suicídios como causa de mortalidade de jovens de 15 a 29 anos";"Proporção de suicídios como causa de mortalidade de jovens de 15 a 29 anos";"Não oculta";"Internet";NA;0;0;NA;NA;"PSUICIDJ";"Internet";"Regional"
"12013";"PSUICIDM";2;1445;"Ativa";"IPEA";"Segurança Pública";"Proporção de suicídios como causa de mortalidade do sexo masculino";"Proporção de suicídios como causa de mortalidade do sexo masculino";"Não oculta";"Internet";NA;0;0;NA;NA;"PSUICIDM";"Internet";"Regional"
"12014";"PSUICIDMJ";2;1445;"Ativa";"IPEA";"Segurança Pública";"Proporção de suicídios como causa de mortalidade de jovens de 15 a 29 anos do sexo masculino";"Proporção de suicídios como causa de mortalidade de jovens de 15 a 29 anos do sexo masculino";"Não oculta";"Internet";NA;0;0;NA;NA;"PSUICIDMJ";"Internet";"Regional"
"12015";"SUICID";91;115;"Ativa";"Datasus";"Segurança Pública";"Número de suicídios";"Número de suicídios";"Não oculta";"Internet";NA;0;0;NA;NA;"SUICID";"Internet";"Regional"
"12016";"SUICIDF";29;401;"Ativa";"Datasus";"Segurança Pública";"Número de suicídios do sexo feminino";"Número de suicídios do sexo feminino";"Não oculta";"Internet";NA;0;0;NA;NA;"SUICIDF";"Internet";"Regional"
"12017";"SUICIDFJ";15;639;"Ativa";"Datasus";"Segurança Pública";"Número de suicídios de jovens de 15 a 29 anos do sexo feminino";"Número de suicídios de jovens de 15 a 29 anos do sexo feminino";"Não oculta";"Internet";NA;0;0;NA;NA;"SUICIDFJ";"Internet";"Regional"
"12018";"SUICIDJ";13;708;"Ativa";"Datasus";"Segurança Pública";"Número de suicídios de jovens de 15 a 29 anos";"Número de suicídios de jovens de 15 a 29 anos";"Não oculta";"Internet";NA;0;0;NA;NA;"SUICIDJ";"Internet";"Regional"
"12019";"SUICIDM";21;504;"Ativa";"Datasus";"Segurança Pública";"Número de suicídios do sexo masculino";"Número de suicídios do sexo masculino";"Não oculta";"Internet";NA;0;0;NA;NA;"SUICIDM";"Internet";"Regional"
"12020";"SUICIDMJ";14;680;"Ativa";"Datasus";"Segurança Pública";"Número de suicídios de jovens de 15 a 29 anos do sexo masculino";"Número de suicídios de jovens de 15 a 29 anos do sexo masculino";"Não oculta";"Internet";NA;0;0;NA;NA;"SUICIDMJ";"Internet";"Regional"
"12021";"TACIDT";51;235;"Ativa";"IPEA";"Segurança Pública";"Taxa de vítimas de acidentes de trânsito(100.000 Habitantes)";"Taxa de vítimas de acidentes de trânsito(100.000 Habitantes)";"Não oculta";"Internet";NA;0;0;NA;NA;"TACIDT";"Internet";"Regional"
"12022";"TACIDTF";6;1048;"Ativa";"IPEA";"Segurança Pública";"Taxa de vítimas de acidentes de trânsito do sexo feminino(100.000 Habitantes)";"Taxa de vítimas de acidentes de trânsito do sexo feminino(100.000 Habitantes)";"Não oculta";"Internet";NA;0;0;NA;NA;"TACIDTF";"Internet";"Regional"
"12023";"TACIDTFJ";5;1138;"Ativa";"IPEA";"Segurança Pública";"Taxa de vítimas de acidentes de trânsito de jovens de 15 a 29 anos do sexo feminino(100.000 Habitant";"Taxa de vítimas de acidentes de trânsito de jovens de 15 a 29 anos do sexo feminino(100.000 Habitantes)";"Não oculta";"Internet";NA;0;0;NA;NA;"TACIDTFJ";"Internet";"Regional"
"12024";"TACIDTJ";6;1048;"Ativa";"IPEA";"Segurança Pública";"Taxa de vítimas de acidentes de trânsito de jovens de 15 a 29 anos(100.000 Habitantes)";"Taxa de vítimas de acidentes de trânsito de jovens de 15 a 29 anos(100.000 Habitantes)";"Não oculta";"Internet";NA;0;0;NA;NA;"TACIDTJ";"Internet";"Regional"
"12025";"TACIDTM";10;818;"Ativa";"IPEA";"Segurança Pública";"Taxa de vítimas de acidentes de trânsito do sexo masculino(100.000 Habitantes)";"Taxa de vítimas de acidentes de trânsito do sexo masculino(100.000 Habitantes)";"Não oculta";"Internet";NA;0;0;NA;NA;"TACIDTM";"Internet";"Regional"
"12026";"TACIDTMJ";4;1216;"Ativa";"IPEA";"Segurança Pública";"Taxa de vítimas de acidentes de trânsito de jovens de 15 a 29 anos do sexo masculino(100.000 Habitan";"Taxa de vítimas de acidentes de trânsito de jovens de 15 a 29 anos do sexo masculino(100.000 Habitantes)";"Não oculta";"Internet";NA;0;0;NA;NA;"TACIDTMJ";"Internet";"Regional"
"12027";"THOMIC";131;80;"Ativa";"IPEA";"Segurança Pública";"Taxa de homicídios(100.000 Habitantes)";"Taxa de homicídios(100.000 Habitantes)";"Não oculta";"Internet";NA;0;0;NA;NA;"THOMIC";"Internet";"Regional"
"12028";"THOMICF";8;932;"Ativa";"IPEA";"Segurança Pública";"Taxa de homicídios do sexo feminino(100.000 Habitantes)";"Taxa de homicídios do sexo feminino(100.000 Habitantes)";"Não oculta";"Internet";NA;0;0;NA;NA;"THOMICF";"Internet";"Regional"
"12029";"THOMICFJ";11;772;"Ativa";"IPEA";"Segurança Pública";"Taxa de homicídios de jovens de 15 a 29 anos do sexo feminino(100.000 Habitantes)";"Taxa de homicídios de jovens de 15 a 29 anos do sexo feminino(100.000 Habitantes)";"Não oculta";"Internet";NA;0;0;NA;NA;"THOMICFJ";"Internet";"Regional"
"12030";"THOMICJ";39;298;"Ativa";"IPEA";"Segurança Pública";"Taxa de homicídios de jovens de 15 a 29 anos(100.000 Habitantes)";"Taxa de homicídios de jovens de 15 a 29 anos(100.000 Habitantes)";"Não oculta";"Internet";NA;0;0;NA;NA;"THOMICJ";"Internet";"Regional"
"12031";"THOMICM";15;639;"Ativa";"IPEA";"Segurança Pública";"Taxa de homicídios do sexo masculino(100.000 Habitantes)";"Taxa de homicídios do sexo masculino(100.000 Habitantes)";"Não oculta";"Internet";NA;0;0;NA;NA;"THOMICM";"Internet";"Regional"
"12032";"THOMICMJ";15;639;"Ativa";"IPEA";"Segurança Pública";"Taxa de homicídios de jovens de 15 a 29 anos do sexo masculino(100.000 Habitantes)";"Taxa de homicídios de jovens de 15 a 29 anos do sexo masculino(100.000 Habitantes)";"Não oculta";"Internet";NA;0;0;NA;NA;"THOMICMJ";"Internet";"Regional"
"12033";"TSUICID";31;376;"Ativa";"IPEA";"Segurança Pública";"Taxa de suicídios(100.000 Habitantes)";"Taxa de suicídios(100.000 Habitantes)";"Não oculta";"Internet";NA;0;0;NA;NA;"TSUICID";"Internet";"Regional"
"12034";"TSUICIDF";11;772;"Ativa";"IPEA";"Segurança Pública";"Taxa de suicídios do sexo feminino(100.000 Habitantes)";"Taxa de suicídios do sexo feminino(100.000 Habitantes)";"Não oculta";"Internet";NA;0;0;NA;NA;"TSUICIDF";"Internet";"Regional"
"12035";"TSUICIDFJ";2;1445;"Ativa";"IPEA";"Segurança Pública";"Taxa de suicídios de jovens de 15 a 29 anos do sexo feminino(100.000 Habitantes)";"Taxa de suicídios de jovens de 15 a 29 anos do sexo feminino(100.000 Habitantes)";"Não oculta";"Internet";NA;0;0;NA;NA;"TSUICIDFJ";"Internet";"Regional"
"12036";"TSUICIDJ";6;1048;"Ativa";"IPEA";"Segurança Pública";"Taxa de suicídios de jovens(100.000 Habitantes)";"Taxa de suicídios de jovens(100.000 Habitantes)";"Não oculta";"Internet";NA;0;0;NA;NA;"TSUICIDJ";"Internet";"Regional"
"12037";"TSUICIDM";11;772;"Ativa";"IPEA";"Segurança Pública";"Taxa de suicídios do sexo masculino(100.000 Habitantes)";"Taxa de suicídios do sexo masculino(100.000 Habitantes)";"Não oculta";"Internet";NA;0;0;NA;NA;"TSUICIDM";"Internet";"Regional"
"12038";"TSUICIDMJ";3;1315;"Ativa";"IPEA";"Segurança Pública";"Taxa de suicídios de jovens de 15 a 29 anos do sexo masculino(100.000 Habitantes)";"Taxa de suicídios de jovens de 15 a 29 anos do sexo masculino(100.000 Habitantes)";"Não oculta";"Internet";NA;0;0;NA;NA;"TSUICIDMJ";"Internet";"Regional"
"12039";"SCN_CTCR";43;275;"Inativa";"IBGE/SCN 2000 Anual";"Contas nacionais";"Consumo final - contribuição no crescimento do PIB - var. - ref. 2000";"Contribuição do consumo final no crescimento do PIB - referência 2000";"Oculta";"Internet";360;0;0;"Incluída em 03 / maio / 2007.";"Gerada";"SCN";"Oculta";"Macro"
"12040";"SCN_CFGGCR";67;173;"Inativa";"IBGE/SCN 2000 Anual";"Contas nacionais";"Consumo final - adm. pública - contribuição no crescimento do PIB - var. - ref. 2000";"Contribuição do consumo final da administração pública no crescimento do PIB - referência 2000";"Oculta";"Internet";360;0;0;"Incluída em 03 / maio / 2007.";"Gerada";"SCN";"Oculta";"Macro"
"12041";"SCN_CFPPCR";63;188;"Inativa";"IBGE/SCN 2000 Anual";"Contas nacionais";"Consumo final - famílias - contribuição no crescimento do PIB - var. - ref. 2000";"Contribuição do consumo final das familias no crescimento do PIB - referência 2000";"Oculta";"Internet";360;0;0;"Incluída em 03 / maio / 2007.";"Gerada";"SCN";"Oculta";"Macro"
"12042";"SCN_VESTOCR";41;289;"Inativa";"IBGE/SCN 2000 Anual";"Contas nacionais";"Capital - formação bruta - variação de estoque - contribuição no crescimento do PIB - var. -ref.2000";"Contribuição da variação de estoque da formação bruta de capital no crescimento do PIB - referência 2000";"Oculta";"Internet";360;0;0;"Incluída em 03 / maio / 2007.";"Gerada";"SCN";"Oculta";"Macro"
"12043";"SCN_FBKCR";216;46;"Inativa";"IBGE/SCN 2000 Anual";"Contas nacionais";"Capital - formação bruta - contribuição no crescimento do PIB - var. - ref. 2000";"Contribuição da formação bruta de capital no crescimento do PIB - referência 2000";"Oculta";"Internet";360;0;0;"Incluída em 03 / maio / 2007.";"Gerada";"SCN";"Oculta";"Macro"
"12044";"SCN_MBSZCR";37;319;"Inativa";"IBGE/SCN 2000 Anual";"Contas nacionais";"Importações - bens e serviços - contribuição no crescimento do PIB - var. - ref. 2000";"Contribuição das importações de bens e serviços no crescimento do PIB - referência 2000";"Oculta";"Internet";360;0;0;"Incluída em 03 / maio / 2007.";"Gerada";"SCN";"Oculta";"Macro"
"12045";"SCN_XBSZCR";53;229;"Inativa";"IBGE/SCN 2000 Anual";"Contas nacionais";"Exportações - bens e serviços - contribuição no crescimento do PIB - var. - ref. 2000";"Contribuição das exportações de bens e serviços no crescimento do PIB - referência 2000";"Oculta";"Internet";360;0;0;"Incluída em 03 / maio / 2007.";"Gerada";"SCN";"Oculta";"Macro"
"12046";"FPP";NA;NA;"Ativa";"TSE";"Prefeito";"Votação do PP - prefeito no primeiro turno";"Votação do PP - prefeito no primeiro turno";"Não oculta";"Internet";NA;0;0;NA;NA;"FPP";"Internet";"Regional"
"12047";"FPP2";NA;NA;"Ativa";"TSE";"Prefeito";"Votação do PP - prefeito no segundo turno";"Votação do PP - prefeito no segundo turno";"Não oculta";"Internet";NA;0;0;NA;NA;"FPP2";"Internet";"Regional"
"12048";"FPTC";NA;NA;"Ativa";"TSE";"Prefeito";"Votação do PTC - prefeito no primeiro turno";"Votação do PTC - prefeito no primeiro turno";"Não oculta";"Internet";NA;0;0;NA;NA;"FPTC";"Internet";"Regional"
"12049";"VPPC";NA;NA;"Ativa";"TSE";"Vereador";"Total de vereadores eleitos do PP";"Total de vereadores eleitos do PP";"Não oculta";"Internet";NA;0;0;NA;NA;"VPPC";"Internet";"Regional"
"12050";"VPTCC";NA;NA;"Ativa";"TSE";"Vereador";"Total de vereadores eleitos do PTC";"Total de vereadores eleitos do PTC";"Não oculta";"Internet";NA;0;0;NA;NA;"VPTCC";"Internet";"Regional"
"12051";"VPPV";NA;NA;"Ativa";"TSE";"Vereador";"Votação do PP  - vereador";"Votação do PP  - vereador";"Não oculta";"Internet";NA;0;0;NA;NA;"VPPV";"Internet";"Regional"
"12052";"VPTCV";NA;NA;"Ativa";"TSE";"Vereador";"Votação do PTC  - vereador";"Votação do PTC  - vereador";"Não oculta";"Internet";NA;0;0;NA;NA;"VPTCV";"Internet";"Regional"
"12053";"FUNCEX_XPPETCAR";3;1315;"Inativa";"Funcex/Séries antigas";"Comércio exterior";"Exportações - setor: petróleo e carvão - preços - índice (média 2006 = 100)";"Índice de preços das exportações por setor: petróleo e carvão (média 2006 = 100)";"Não oculta";"Internet";45;0;0;"Incluída em 18/jan/2005";NA;"FUNCEX";"Internet";"Macro"
"12054";"FUNCEX_XQPETCAR";2;1445;"Inativa";"Funcex/Séries antigas";"Comércio exterior";"Exportações - setor: petróleo e carvão - quantum - índice (média 2006 = 100)";"Índice de quantum das exportações por setor: petróleo e carvão (média 2006 = 100)";"Não oculta";"Internet";45;0;0;"Incluída em 18/jan/2005";NA;"FUNCEX";"Internet";"Macro"
"12055";"SRF12_TOTGER12";233;37;"Ativa";"Min. Fazenda/SRF";"Finanças públicas";"Arrecadação das receita federais - receita bruta";"Arrecadação das receita federais - receita bruta";"Não oculta";"Internet";20;0;0;"Incluída em 02/feve/2005";NA;"SRF12";"Internet";"Macro"
"12056";"SRF12_DEMAIS12";10;894;"Ativa";"Min. Fazenda/SRF";"Finanças públicas";"Demais receitas - receita bruta";"Demais receitas - receita bruta";"Não oculta";"Internet";20;0;0;"Incluída em 02/feve/2005";NA;"SRF12";"Internet";"Macro"
"12057";"SRF12_RETFONTE12";NA;NA;"Inativa";"Min. Fazenda/SRF";"Finanças públicas";"Retenção na fonte -Lei nº 10.833, ART. 30";"Retenção na fonte -Lei nº 10.833, ART. 30";"Oculta";"Internet";0;0;0;"Incluída em 02/feve/2005";NA;"SRF12";"Oculta";"Macro"
"12058";"SCN_FBKFCRR";77;143;"Inativa";"IBGE/SCN 2000 Anual";"Contas nacionais";"Capital fixo - formação bruta - contribuição no crescimento do PIB - var. - ref. 2000";"Contribuição da formação bruta de capital fixo no crescimento do PIB - referência 2000";"Oculta";"Internet";360;0;0;"Incluída em 03 / maio / 2007.";"Gerada";"SCN";"Oculta";"Macro"
"12059";"EIA366_PBRENT366";243;6;"Ativa";"EIA";"Economia internacional";"Preço - pétroleo bruto - Brent (FOB)";"Preço por barril do pétroleo bruto Brent (Fob).";"Não oculta";"Internet";15;0;0;"Incluída em 08/mar/2005";NA;"EIA366";"Internet";"Macro"
"12060";"EIA366_PWTI366";131;9;"Ativa";"EIA";"Economia internacional";"Preço - pétroleo bruto - WTI (FOB)";"Preço por barril do pétroleo bruto WTI (Fob).";"Não oculta";"Internet";15;0;0;"Incluída em 08/mar/2005";NA;"EIA366";"Internet";"Macro"
"12061";"DPPBCE";1;140;"Ativa";"TSE";"Deputado Federal";"Total de deputados federais eleitos do PPB";"Total de deputados federais eleitos do PPB";"Não oculta";"Internet";NA;0;0;NA;NA;"DPPBCE";"Internet";"Regional"
"12062";"DPDTCE";2;91;"Ativa";"TSE";"Deputado Federal";"Total de deputados federais eleitos do PDT";"Total de deputados federais eleitos do PDT";"Não oculta";"Internet";NA;0;0;NA;NA;"DPDTCE";"Internet";"Regional"
"12063";"DPTCADE";2;91;"Ativa";"TSE";"Deputado Federal";"Total de deputados federais eleitos do PT";"Total de deputados federais eleitos do PT";"Não oculta";"Internet";NA;0;0;NA;NA;"DPTCADE";"Internet";"Regional"
"12064";"DPTBCE";3;52;"Ativa";"TSE";"Deputado Federal";"Total de deputados federais eleitos do PTB";"Total de deputados federais eleitos do PTB";"Não oculta";"Internet";NA;0;0;NA;NA;"DPTBCE";"Internet";"Regional"
"12065";"DPMDBCE";2;91;"Ativa";"TSE";"Deputado Federal";"Total de deputados federais eleitos do PMDB";"Total de deputados federais eleitos do PMDB";"Não oculta";"Internet";NA;0;0;NA;NA;"DPMDBCE";"Internet";"Regional"
"12066";"DPSLCE";2;91;"Ativa";"TSE";"Deputado Federal";"Total de deputados federais eleitos do PSL";"Total de deputados federais eleitos do PSL";"Não oculta";"Internet";NA;0;0;NA;NA;"DPSLCE";"Internet";"Regional"
"12067";"DPSTCE";2;91;"Ativa";"TSE";"Deputado Federal";"Total de deputados federais eleitos do PSTC";"Total de deputados federais eleitos do PSTC";"Não oculta";"Internet";NA;0;0;NA;NA;"DPSTCE";"Internet";"Regional"
"12068";"DPSCCE";2;91;"Ativa";"TSE";"Deputado Federal";"Total de deputados federais eleitos do PSC";"Total de deputados federais eleitos do PSC";"Não oculta";"Internet";NA;0;0;NA;NA;"DPSCCE";"Internet";"Regional"
"12069";"DPLCE";2;91;"Ativa";"TSE";"Deputado Federal";"Total de deputados federais eleitos do PL";"Total de deputados federais eleitos do PL";"Não oculta";"Internet";NA;0;0;NA;NA;"DPLCE";"Internet";"Regional"
"12070";"DPPSCE";2;91;"Ativa";"TSE";"Deputado Federal";"Total de deputados federais eleitos do PPS";"Total de deputados federais eleitos do PPS";"Não oculta";"Internet";NA;0;0;NA;NA;"DPPSCE";"Internet";"Regional"
"12071";"DPFLCE";3;52;"Ativa";"TSE";"Deputado Federal";"Total de deputados federais eleitos do PFL";"Total de deputados federais eleitos do PFL";"Não oculta";"Internet";NA;0;0;NA;NA;"DPFLCE";"Internet";"Regional"
"12072";"DPSDCCE";2;91;"Ativa";"TSE";"Deputado Federal";"Total de deputados federais eleitos do PSDC";"Total de deputados federais eleitos do PSDC";"Não oculta";"Internet";NA;0;0;NA;NA;"DPSDCCE";"Internet";"Regional"
"12073";"DPMNCE";2;91;"Ativa";"TSE";"Deputado Federal";"Total de deputados federais eleitos do PMN";"Total de deputados federais eleitos do PMN";"Não oculta";"Internet";NA;0;0;NA;NA;"DPMNCE";"Internet";"Regional"
"12074";"DPSBCE";1;140;"Ativa";"TSE";"Deputado Federal";"Total de deputados federais eleitos do PSB";"Total de deputados federais eleitos do PSB";"Não oculta";"Internet";NA;0;0;NA;NA;"DPSBCE";"Internet";"Regional"
"12075";"DPSDCADE";1;140;"Ativa";"TSE";"Deputado Federal";"Total de deputados federais eleitos do PSD";"Total de deputados federais eleitos do PSD";"Não oculta";"Internet";NA;0;0;NA;NA;"DPSDCADE";"Internet";"Regional"
"12076";"DPVCE";4;38;"Ativa";"TSE";"Deputado Federal";"Total de deputados federais eleitos do PV";"Total de deputados federais eleitos do PV";"Não oculta";"Internet";NA;0;0;NA;NA;"DPVCE";"Internet";"Regional"
"12077";"DPSDBCE";3;52;"Ativa";"TSE";"Deputado Federal";"Total de deputados federais eleitos do PSDB";"Total de deputados federais eleitos do PSDB";"Não oculta";"Internet";NA;0;0;NA;NA;"DPSDBCE";"Internet";"Regional"
"12078";"DPRONACE";2;91;"Ativa";"TSE";"Deputado Federal";"Total de deputados federais eleitos do PRONA";"Total de deputados federais eleitos do PRONA";"Não oculta";"Internet";NA;0;0;NA;NA;"DPRONACE";"Internet";"Regional"
"12079";"DPCDOBCE";2;91;"Ativa";"TSE";"Deputado Federal";"Total de deputados federais eleitos do PC do B";"Total de deputados federais eleitos do PC do B";"Não oculta";"Internet";NA;0;0;NA;NA;"DPCDOBCE";"Internet";"Regional"
"12080";"DTOTCE";2;91;"Ativa";"TSE";"Deputado Federal";"Total de deputados federais eleitos";"Total de deputados federais eleitos";"Não oculta";"Internet";NA;0;0;NA;NA;"DTOTCE";"Internet";"Regional"
"12081";"EPDTCE";4;38;"Ativa";"TSE";"Deputado Estadual";"Total de deputados estaduais eleitos do PDT";"Total de deputados estaduais eleitos do PDT";"Não oculta";"Internet";NA;0;0;NA;NA;"EPDTCE";"Internet";"Regional"
"12082";"EPTCADE";3;52;"Ativa";"TSE";"Deputado Estadual";"Total de deputados estaduais eleitos do PT";"Total de deputados estaduais eleitos do PT";"Não oculta";"Internet";NA;0;0;NA;NA;"EPTCADE";"Internet";"Regional"
"12083";"EPTBCE";1;140;"Ativa";"TSE";"Deputado Estadual";"Total de deputados estaduais eleitos do PTB";"Total de deputados estaduais eleitos do PTB";"Não oculta";"Internet";NA;0;0;NA;NA;"EPTBCE";"Internet";"Regional"
"12084";"EPMDBCE";1;140;"Ativa";"TSE";"Deputado Estadual";"Total de deputados estaduais eleitos do PMDB";"Total de deputados estaduais eleitos do PMDB";"Não oculta";"Internet";NA;0;0;NA;NA;"EPMDBCE";"Internet";"Regional"
"12085";"EPSLCE";3;52;"Ativa";"TSE";"Deputado Estadual";"Total de deputados estaduais eleitos do PSL";"Total de deputados estaduais eleitos do PSL";"Não oculta";"Internet";NA;0;0;NA;NA;"EPSLCE";"Internet";"Regional"
"12086";"EPSTCE";1;140;"Ativa";"TSE";"Deputado Estadual";"Total de deputados estaduais eleitos do PST";"Total de deputados estaduais eleitos do PST";"Não oculta";"Internet";NA;0;0;NA;NA;"EPSTCE";"Internet";"Regional"
"12087";"EPTNCE";1;140;"Ativa";"TSE";"Deputado Estadual";"Total de deputados estaduais eleitos do PTN";"Total de deputados estaduais eleitos do PTN";"Não oculta";"Internet";NA;0;0;NA;NA;"EPTNCE";"Internet";"Regional"
"12088";"EPSCCE";1;140;"Ativa";"TSE";"Deputado Estadual";"Total de deputados estaduais eleitos do PSC";"Total de deputados estaduais eleitos do PSC";"Não oculta";"Internet";NA;0;0;NA;NA;"EPSCCE";"Internet";"Regional"
"12089";"EPLCE";1;140;"Ativa";"TSE";"Deputado Estadual";"Total de deputados estaduais eleitos do PL";"Total de deputados estaduais eleitos do PL";"Não oculta";"Internet";NA;0;0;NA;NA;"EPLCE";"Internet";"Regional"
"12090";"EPPSCE";2;91;"Ativa";"TSE";"Deputado Estadual";"Total de deputados estaduais eleitos do PPS";"Total de deputados estaduais eleitos do PPS";"Não oculta";"Internet";NA;0;0;NA;NA;"EPPSCE";"Internet";"Regional"
"12091";"EPFLCE";3;52;"Ativa";"TSE";"Deputado Estadual";"Total de deputados estaduais eleitos do PFL";"Total de deputados estaduais eleitos do PFL";"Não oculta";"Internet";NA;0;0;NA;NA;"EPFLCE";"Internet";"Regional"
"12092";"EPANCE";4;38;"Ativa";"TSE";"Deputado Estadual";"Total de deputados estaduais eleitos do PAN";"Total de deputados estaduais eleitos do PAN";"Não oculta";"Internet";NA;0;0;NA;NA;"EPANCE";"Internet";"Regional"
"12093";"EPSDCCE";2;91;"Ativa";"TSE";"Deputado Estadual";"Total de deputados estaduais eleitos do PSDC";"Total de deputados estaduais eleitos do PSDC";"Não oculta";"Internet";NA;0;0;NA;NA;"EPSDCCE";"Internet";"Regional"
"12094";"EPRTBCE";1;140;"Ativa";"TSE";"Deputado Estadual";"Total de deputados estaduais eleitos do PRTB";"Total de deputados estaduais eleitos do PRTB";"Não oculta";"Internet";NA;0;0;NA;NA;"EPRTBCE";"Internet";"Regional"
"12095";"EPGTCE";1;140;"Ativa";"TSE";"Deputado Estadual";"Total de deputados estaduais eleitos do PGT";"Total de deputados estaduais eleitos do PGT";"Não oculta";"Internet";NA;0;0;NA;NA;"EPGTCE";"Internet";"Regional"
"12096";"EPHSCE";1;140;"Ativa";"TSE";"Deputado Estadual";"Total de deputados estaduais eleitos do PHS";"Total de deputados estaduais eleitos do PHS";"Não oculta";"Internet";NA;0;0;NA;NA;"EPHSCE";"Internet";"Regional"
"12097";"EPMNCE";4;38;"Ativa";"TSE";"Deputado Estadual";"Total de deputados estaduais eleitos do PMN";"Total de deputados estaduais eleitos do PMN";"Não oculta";"Internet";NA;0;0;NA;NA;"EPMNCE";"Internet";"Regional"
"12098";"EPTCCE";1;140;"Ativa";"TSE";"Deputado Estadual";"Total de deputados estaduais eleitos do PTC";"Total de deputados estaduais eleitos do PTC";"Não oculta";"Internet";NA;0;0;NA;NA;"EPTCCE";"Internet";"Regional"
"12099";"EPSBCE";2;91;"Ativa";"TSE";"Deputado Estadual";"Total de deputados estaduais eleitos do PSB";"Total de deputados estaduais eleitos do PSB";"Não oculta";"Internet";NA;0;0;NA;NA;"EPSBCE";"Internet";"Regional"
"12100";"EPSDCADE";4;38;"Ativa";"TSE";"Deputado Estadual";"Total de deputados estaduais eleitos do PSD";"Total de deputados estaduais eleitos do PSD";"Não oculta";"Internet";NA;0;0;NA;NA;"EPSDCADE";"Internet";"Regional"
"12101";"EPVCE";4;38;"Ativa";"TSE";"Deputado Estadual";"Total de deputados estaduais eleitos do PV";"Total de deputados estaduais eleitos do PV";"Não oculta";"Internet";NA;0;0;NA;NA;"EPVCE";"Internet";"Regional"
"12102";"EPRPCE";2;91;"Ativa";"TSE";"Deputado Estadual";"Total de deputados estaduais eleitos do PRP";"Total de deputados estaduais eleitos do PRP";"Não oculta";"Internet";NA;0;0;NA;NA;"EPRPCE";"Internet";"Regional"
"12103";"EPSDBCE";4;38;"Ativa";"TSE";"Deputado Estadual";"Total de deputados estaduais eleitos do PSDB";"Total de deputados estaduais eleitos do PSDB";"Não oculta";"Internet";NA;0;0;NA;NA;"EPSDBCE";"Internet";"Regional"
"12104";"EPRONACE";4;38;"Ativa";"TSE";"Deputado Estadual";"Total de deputados estaduais eleitos do PRONA";"Total de deputados estaduais eleitos do PRONA";"Não oculta";"Internet";NA;0;0;NA;NA;"EPRONACE";"Internet";"Regional"
"12105";"EPCDOBCE";3;52;"Ativa";"TSE";"Deputado Estadual";"Total de deputados estaduais eleitos do PC DO B";"Total de deputados estaduais eleitos do PC DO B";"Não oculta";"Internet";NA;0;0;NA;NA;"EPCDOBCE";"Internet";"Regional"
"12106";"EPTDOBCE";3;52;"Ativa";"TSE";"Deputado Estadual";"Total de deputados estaduais eleitos do PT do B";"Total de deputados estaduais eleitos do PT do B";"Não oculta";"Internet";NA;0;0;NA;NA;"EPTDOBCE";"Internet";"Regional"
"12107";"ETOTCE";9;20;"Ativa";"TSE";"Deputado Estadual";"Total de deputados estaduais eleitos";"Total de deputados estaduais eleitos";"Não oculta";"Internet";NA;0;0;NA;NA;"ETOTCE";"Internet";"Regional"
"12108";"SPDTCE";4;38;"Ativa";"TSE";"Senador";"Total de senadores eleitos do PDT";"Total de senadores eleitos do PDT";"Não oculta";"Internet";NA;0;0;NA;NA;"SPDTCE";"Internet";"Regional"
"12109";"SPTCADE";3;52;"Ativa";"TSE";"Senador";"Total de senadores eleitos do PT";"Total de senadores eleitos do PT";"Não oculta";"Internet";NA;0;0;NA;NA;"SPTCADE";"Internet";"Regional"
"12110";"SPTBCE";3;52;"Ativa";"TSE";"Senador";"Total de senadores eleitos do PTB";"Total de senadores eleitos do PTB";"Não oculta";"Internet";NA;0;0;NA;NA;"SPTBCE";"Internet";"Regional"
"12111";"SPMDBCE";5;33;"Ativa";"TSE";"Senador";"Total de senadores eleitos do PMDB";"Total de senadores eleitos do PMDB";"Não oculta";"Internet";NA;0;0;NA;NA;"SPMDBCE";"Internet";"Regional"
"12112";"SPLCE";3;52;"Ativa";"TSE";"Senador";"Total de senadores eleitos do PL";"Total de senadores eleitos do PL";"Não oculta";"Internet";NA;0;0;NA;NA;"SPLCE";"Internet";"Regional"
"12113";"SPPSCE";2;91;"Ativa";"TSE";"Senador";"Total de senadores eleitos do PPS";"Total de senadores eleitos do PPS";"Não oculta";"Internet";NA;0;0;NA;NA;"SPPSCE";"Internet";"Regional"
"12114";"SPFLCE";3;52;"Ativa";"TSE";"Senador";"Total de senadores eleitos do PFL";"Total de senadores eleitos do PFL";"Não oculta";"Internet";NA;0;0;NA;NA;"SPFLCE";"Internet";"Regional"
"12115";"SPSBCE";2;91;"Ativa";"TSE";"Senador";"Total de senadores eleitos do PSB";"Total de senadores eleitos do PSB";"Não oculta";"Internet";NA;0;0;NA;NA;"SPSBCE";"Internet";"Regional"
"12116";"SPSDCADE";1;140;"Ativa";"TSE";"Senador";"Total de senadores eleitos do PSD";"Total de senadores eleitos do PSD";"Não oculta";"Internet";NA;0;0;NA;NA;"SPSDCADE";"Internet";"Regional"
"12117";"SPSDBCE";3;52;"Ativa";"TSE";"Senador";"Total de senadores eleitos do PSDB";"Total de senadores eleitos do PSDB";"Não oculta";"Internet";NA;0;0;NA;NA;"SPSDBCE";"Internet";"Regional"
"12118";"STOTCE";2;91;"Ativa";"TSE";"Senador";"Total de senadores eleitos";"Total de senadores eleitos";"Não oculta";"Internet";NA;0;0;NA;NA;"STOTCE";"Internet";"Regional"
"12119";"EPSNCE";2;91;"Ativa";"TSE";"Deputado Estadual";"Total de deputados estaduais eleitos do PSN";"Total de deputados estaduais eleitos do PSN";"Não oculta";"Internet";NA;0;0;NA;NA;"EPSNCE";"Internet";"Regional"
"12120";"SPPBCE";3;52;"Ativa";"TSE";"Senador";"Total de senadores eleitos do PPB";"Total de senadores eleitos do PPB";"Não oculta";"Internet";NA;0;0;NA;NA;"SPPBCE";"Internet";"Regional"
"12121";"DPPCE";2;91;"Ativa";"TSE";"Deputado Federal";"Total de deputados federais eleitos do PP";"Total de deputados federais eleitos do PP";"Não oculta";"Internet";NA;0;0;NA;NA;"DPPCE";"Internet";"Regional"
"12122";"DPPRCE";2;91;"Ativa";"TSE";"Deputado Federal";"Total de deputados federais eleitos do PPR";"Total de deputados federais eleitos do PPR";"Não oculta";"Internet";NA;0;0;NA;NA;"DPPRCE";"Internet";"Regional"
"12123";"DPRNCE";2;91;"Ativa";"TSE";"Deputado Federal";"Total de deputados federais eleitos do PRN";"Total de deputados federais eleitos do PRN";"Não oculta";"Internet";NA;0;0;NA;NA;"DPRNCE";"Internet";"Regional"
"12124";"EPPCE";1;140;"Ativa";"TSE";"Deputado Estadual";"Total de deputados estaduais eleitos do PP";"Total de deputados estaduais eleitos do PP";"Não oculta";"Internet";NA;0;0;NA;NA;"EPPCE";"Internet";"Regional"
"12125";"EPPRCE";1;140;"Ativa";"TSE";"Deputado Estadual";"Total de deputados estaduais eleitos do PPR";"Total de deputados estaduais eleitos do PPR";"Não oculta";"Internet";NA;0;0;NA;NA;"EPPRCE";"Internet";"Regional"
"12126";"EPRNCE";1;140;"Ativa";"TSE";"Deputado Estadual";"Total de deputados estaduais eleitos do PRN";"Total de deputados estaduais eleitos do PRN";"Não oculta";"Internet";NA;0;0;NA;NA;"EPRNCE";"Internet";"Regional"
"12127";"SPPCE";2;91;"Ativa";"TSE";"Senador";"Total de senadores eleitos do PP";"Total de senadores eleitos do PP";"Não oculta";"Internet";NA;0;0;NA;NA;"SPPCE";"Internet";"Regional"
"12128";"SPPRCE";3;52;"Ativa";"TSE";"Senador";"Total de senadores eleitos do PPR";"Total de senadores eleitos do PPR";"Não oculta";"Internet";NA;0;0;NA;NA;"SPPRCE";"Internet";"Regional"
"12129";"EPPBCE";3;52;"Ativa";"TSE";"Deputado Estadual";"Total de deputados estaduais eleitos do PPB";"Total de deputados estaduais eleitos do PPB";"Não oculta";"Internet";NA;0;0;NA;NA;"EPPBCE";"Internet";"Regional"
"12130";"FUNCEX_MDVCAF";7;991;"Inativa";"Funcex/Séries antigas";"Comércio exterior";"Importações - setor: café - (FOB)";"Valor FOB das importações por setor: café";"Não oculta";"Internet";45;0;0;"Incluída em 30/mar/2005";NA;"FUNCEX";"Internet";"Macro"
"12131";"FUNCEX_MDVACUCT";11;772;"Inativa";"Funcex/Séries antigas";"Comércio exterior";"Importações - setor: açucar - (FOB)";"Valor FOB das importações por setor: açucar";"Não oculta";"Internet";45;0;0;"Incluída em 30/mar/2005";NA;"FUNCEX";"Internet";"Macro"
"12132";"FUNCEX_XVPETCAR";4;1216;"Inativa";"Funcex/Séries antigas";"Comércio exterior";"Exportações - setor: petróleo e carvão - (FOB)";"Valor FOB das exportações por setor: petróleo e carvão";"Não oculta";"Internet";45;0;0;"Incluída em 30/mar/2005";NA;"FUNCEX";"Internet";"Macro"
"12133";"FUNCEX_XVFARPER";4;1216;"Inativa";"Funcex/Séries antigas";"Comércio exterior";"Exportações - setor: farmacêutica e perfumaria - (FOB)";"Valor FOB das exportações por setor: farmacêutica e perfumaria";"Não oculta";"Internet";45;0;0;"Incluída em 30/mar/2005";NA;"FUNCEX";"Internet";"Macro"
"12134";"FUNCEX_XVPLAT";1;1606;"Inativa";"Funcex/Séries antigas";"Comércio exterior";"Exportações - setor: plástica - (FOB)";"Valor FOB das exportações por setor: plástica";"Não oculta";"Internet";45;0;0;"Incluída em 30/mar/2005";NA;"FUNCEX";"Internet";"Macro"
"12135";"FUNCEX_XVVEST";3;1315;"Inativa";"Funcex/Séries antigas";"Comércio exterior";"Exportações - setor: artigos de vestuário - (FOB)";"Valor FOB das exportações por setor: artigos de vestuário";"Não oculta";"Internet";45;0;0;"Incluída em 30/mar/2005";NA;"FUNCEX";"Internet";"Macro"
"12136";"FUNCEX_XVLAT";2;1445;"Inativa";"Funcex/Séries antigas";"Comércio exterior";"Exportações - setor: laticínios - (FOB)";"Valor FOB das exportações por setor: laticínios";"Não oculta";"Internet";45;0;0;"Incluída em 30/mar/2005";NA;"FUNCEX";"Internet";"Macro"
"12137";"IFS_PWNG";128;82;"Inativa";"FMI/IFS";"Economia internacional";"PIB - var. real anual";"Produto interno bruto (PIB): variação real anual";"Não oculta";"Internet";360;0;0;"Incluída em 22 / abr  / 2005.";NA;"IFS";"Internet";"Macro"
"12138";"PIMPFN12_N80S020112";13;769;"Inativa";"IBGE/PIM-PF antiga";"Produção";"Produção industrial - minério de ferro - quantum - nível 80 - índice (média 2002 = 100)";"Produção industrial - minério de ferro - quantum - nível 80 - índice (média 2002 = 100)";"Não oculta";"Internet";0;0;0;"Incluída em 25/abril/2005";NA;"PIMPFN12";"Internet";"Macro"
"12139";"PIMPFN12_N80S020212";NA;NA;"Inativa";"IBGE/PIM-PF antiga";"Produção";"Produção industrial - outros minerais - quantum - nível 80 - índice (média 2002 = 100)";"Produção industrial - outros minerais - quantum - nível 80 - índice (média 2002 = 100)";"Não oculta";"Internet";0;0;0;"Incluída em 25/abril/2005";NA;"PIMPFN12";"Internet";"Macro"
"12140";"PIMPFN12_N80S030112";3;1356;"Inativa";"IBGE/PIM-PF antiga";"Produção";"Produção industrial - petróleo e gás - quantum - nível 80 - índice (média 2002 = 100)";"Produção industrial - petróleo e gás - quantum - nível 80 - índice (média 2002 = 100)";"Não oculta";"Internet";0;0;0;"Incluída em 25/abril/2005";NA;"PIMPFN12";"Internet";"Macro"
"12141";"PIMPFN12_N80S030212";5;1176;"Inativa";"IBGE/PIM-PF antiga";"Produção";"Produção industrial - carvão e outros - quantum - nível 80 - índice (média 2002 = 100)";"Produção industrial - carvão e outros - quantum - nível 80 - índice (média 2002 = 100)";"Não oculta";"Internet";0;0;0;"Incluída em 25/abril/2005";NA;"PIMPFN12";"Internet";"Macro"
"12142";"PIMPFN12_N80S040112";4;1262;"Inativa";"IBGE/PIM-PF antiga";"Produção";"Produção industrial - prod. minerais não-metálicos - quantum - nível 80 - índice (média 2002 = 100)";"Produção industrial - produtos minerais não-metálicos - quantum - nível 80 - índice (média 2002 = 100)";"Não oculta";"Internet";0;0;0;"Incluída em 25/abril/2005";NA;"PIMPFN12";"Internet";"Macro"
"12143";"PIMPFN12_N80S050112";10;894;"Inativa";"IBGE/PIM-PF antiga";"Produção";"Produção industrial - produtos siderúrgicos básicos - quantum - nível 80 - índice (média 2002 = 100)";"Produção industrial - produtos siderúrgicos básicos - quantum - nível 80 - índice (média 2002 = 100)";"Não oculta";"Internet";0;0;0;"Incluída em 25/abril/2005";NA;"PIMPFN12";"Internet";"Macro"
"12144";"PIMPFN12_N80S050212";2;1480;"Inativa";"IBGE/PIM-PF antiga";"Produção";"Produção industrial - laminados de aço - quantum - nível 80 - índice (média 2002 = 100)";"Produção industrial - laminados de aço - quantum - nível 80 - índice (média 2002 = 100)";"Não oculta";"Internet";0;0;0;"Incluída em 25/abril/2005";NA;"PIMPFN12";"Internet";"Macro"
"12145";"PIMPFN12_N80S060112";4;1262;"Inativa";"IBGE/PIM-PF antiga";"Produção";"Produção industrial - prod. metalúrgico não-ferros. - quantum - nível 80 - índice (média 2002 = 100)";"Produção industrial - produtos metalúrgicos não-ferrosos - quantum - nível 80 - índice (média 2002 = 100)";"Não oculta";"Internet";0;0;0;"Incluída em 25/abril/2005";NA;"PIMPFN12";"Internet";"Macro"
"12146";"PIMPFN12_N80S070112";1;1628;"Inativa";"IBGE/PIM-PF antiga";"Produção";"Produção industrial - outros produtos metalúrgicos - quantum - nível 80 - índice (média 2002 = 100)";"Produção industrial - outros produtos metalúrgicos - quantum - nível 80 - índice (média 2002 = 100)";"Não oculta";"Internet";0;0;0;"Incluída em 25/abril/2005";NA;"PIMPFN12";"Internet";"Macro"
"12147";"PIMPFN12_N80S080112";9;946;"Inativa";"IBGE/PIM-PF antiga";"Produção";"Produção industrial - máquinas e equipamentos - quantum - nível 80 - índice (média 2002 = 100)";"Produção industrial - fabricação e manutenção de máquinas e equipamentos - quantum - nível 80 - índice (média 2002 = 100)";"Não oculta";"Internet";0;0;0;"Incluída em 25/abril/2005";NA;"PIMPFN12";"Internet";"Macro"
"12148";"PIMPFN12_N80S080212";4;1262;"Inativa";"IBGE/PIM-PF antiga";"Produção";"Produção industrial - tratores e máquinas terrapla. - quantum - nível 80 - índice (média 2002 = 100)";"Produção industrial - tratores e máquinas de terraplanagem - quantum - nível 80 - índice (média 2002 = 100)";"Não oculta";"Internet";0;0;0;"Incluída em 25/abril/2005";NA;"PIMPFN12";"Internet";"Macro"
"12149";"PIMPFN12_N80S100112";NA;NA;"Inativa";"IBGE/PIM-PF antiga";"Produção";"Produção industrial - material elétrico - quantum - nível 80 - índice (média 2002 = 100)";"Produção industrial - material elétrico - quantum - nível 80 - índice (média 2002 = 100)";"Não oculta";"Internet";0;0;0;"Incluída em 25/abril/2005";NA;"PIMPFN12";"Internet";"Macro"
"12150";"PIMPFN12_N80S110112";5;1176;"Inativa";"IBGE/PIM-PF antiga";"Produção";"Produção industrial - equipamentos eletrônico - quantum - nível 80 - índice (média 2002 = 100)";"Produção industrial - equipamentos eletrônicos - quantum - nível 80 - índice (média 2002 = 100)";"Não oculta";"Internet";0;0;0;"Incluída em 25/abril/2005";NA;"PIMPFN12";"Internet";"Macro"
"12151";"PIMPFN12_N80S120112";12;812;"Inativa";"IBGE/PIM-PF antiga";"Produção";"Produção industrial - automóveis, caminhões, ônibus - quantum - nível 80 - índice (média 2002 = 100)";"Produção industrial - automóveis, caminhões e ônibus - quantum - nível 80 - índice (média 2002 = 100)";"Não oculta";"Internet";0;0;0;"Incluída em 25/abril/2005";NA;"PIMPFN12";"Internet";"Macro"
"12152";"PIMPFN12_N80S130112";2;1480;"Inativa";"IBGE/PIM-PF antiga";"Produção";"Produção industrial - outros veículos e peças - quantum - nível 80 - índice (média 2002 = 100)";"Produção industrial - outros veículos e peças - quantum - nível 80 - índice (média 2002 = 100)";"Não oculta";"Internet";0;0;0;"Incluída em 25/abril/2005";NA;"PIMPFN12";"Internet";"Macro"
"12153";"PIMPFN12_N80S140112";15;714;"Inativa";"IBGE/PIM-PF antiga";"Produção";"Produção industrial - madeira e mobiliário - quantum - nível 80 - índice (média 2002 = 100)";"Produção industrial - madeira e mobiliário - quantum - nível 80 - índice (média 2002 = 100)";"Não oculta";"Internet";0;0;0;"Incluída em 25/abril/2005";NA;"PIMPFN12";"Internet";"Macro"
"12154";"PIMPFN12_N80S150112";7;1050;"Inativa";"IBGE/PIM-PF antiga";"Produção";"Produção industrial - papel, celulose, papelão - quantum - nível 80 - índice (média 2002 = 100)";"Produção industrial - papel, celulose, papelão e artefatos - quantum - nível 80 - índice (média 2002 = 100)";"Não oculta";"Internet";0;0;0;"Incluída em 25/abril/2005";NA;"PIMPFN12";"Internet";"Macro"
"12155";"PIMPFN12_N80S160112";3;1356;"Inativa";"IBGE/PIM-PF antiga";"Produção";"Produção industrial - produtos derivados borracha - quantum - nível 80 - índice (média 2002 = 100)";"Produção industrial - produtos derivados da borracha - quantum - nível 80 - índice (média 2002 = 100)";"Não oculta";"Internet";0;0;0;"Incluída em 25/abril/2005";NA;"PIMPFN12";"Internet";"Macro"
"12156";"PIMPFN12_N80S170112";5;1176;"Inativa";"IBGE/PIM-PF antiga";"Produção";"Produção industrial - elem. quím. não-petroquímicos - quantum - nível 80 - índice (média 2002 = 100)";"Produção industrial - elementos químicos não-petroquímicos - quantum - nível 80 - índice (média 2002 = 100)";"Não oculta";"Internet";0;0;0;"Incluída em 25/abril/2005";NA;"PIMPFN12";"Internet";"Macro"
"12157";"PIMPFN12_N80S170212";23;526;"Inativa";"IBGE/PIM-PF antiga";"Produção";"Produção industrial - álcool de cana e de cereais - quantum - nível 80 - índice (média 2002 = 100)";"Produção industrial - álcool de cana e de cereais - quantum - nível 80 - índice (média 2002 = 100)";"Não oculta";"Internet";0;0;0;"Incluída em 25/abril/2005";NA;"PIMPFN12";"Internet";"Macro"
"12158";"PIMPFN12_N80S180112";3;1356;"Inativa";"IBGE/PIM-PF antiga";"Produção";"Produção industrial - gasolina pura - quantum - nível 80 - índice (média 2002 = 100)";"Produção industrial - gasolina pura - quantum - nível 80 - índice (média 2002 = 100)";"Não oculta";"Internet";0;0;0;"Incluída em 25/abril/2005";NA;"PIMPFN12";"Internet";"Macro"
"12159";"PIMPFN12_N80S180212";7;1050;"Inativa";"IBGE/PIM-PF antiga";"Produção";"Produção industrial - óleos combustíveis - quantum - nível 80 - índice (média 2002 = 100)";"Produção industrial - óleos combustíveis - quantum - nível 80 - índice (média 2002 = 100)";"Não oculta";"Internet";0;0;0;"Incluída em 25/abril/2005";NA;"PIMPFN12";"Internet";"Macro"
"12160";"PIMPFN12_N80S180312";2;1480;"Inativa";"IBGE/PIM-PF antiga";"Produção";"Produção industrial - outros produtos do refino - quantum - nível 80 - índice (média 2002 = 100)";"Produção industrial - outros produtos do refino - quantum - nível 80 - índice (média 2002 = 100)";"Não oculta";"Internet";0;0;0;"Incluída em 25/abril/2005";NA;"PIMPFN12";"Internet";"Macro"
"12161";"PIMPFN12_N80S180412";3;1356;"Inativa";"IBGE/PIM-PF antiga";"Produção";"Produção industrial - prod. petroquímicos básicos - quantum - nível 80 - índice (média 2002 = 100)";"Produção industrial - produtos petroquímicos básicos - quantum - nível 80 - índice (média 2002 = 100)";"Não oculta";"Internet";0;0;0;"Incluída em 25/abril/2005";NA;"PIMPFN12";"Internet";"Macro"
"12162";"PIMPFN12_N80S180512";2;1480;"Inativa";"IBGE/PIM-PF antiga";"Produção";"Produção industrial - resinas - quantum - nível 80 - índice (média 2002 = 100)";"Produção industrial - resinas - quantum - nível 80 - índice (média 2002 = 100)";"Não oculta";"Internet";0;0;0;"Incluída em 25/abril/2005";NA;"PIMPFN12";"Internet";"Macro"
"12163";"PIMPFN12_N80S190112";10;894;"Inativa";"IBGE/PIM-PF antiga";"Produção";"Produção industrial - adubos - quantum - nível 80 - índice (média 2002 = 100)";"Produção industrial - adubos - quantum - nível 80 - índice (média 2002 = 100)";"Não oculta";"Internet";0;0;0;"Incluída em 25/abril/2005";NA;"PIMPFN12";"Internet";"Macro"
"12164";"PIMPFN12_N80S190212";2;1480;"Inativa";"IBGE/PIM-PF antiga";"Produção";"Produção industrial - tintas - quantum - nível 80 - índice (média 2002 = 100)";"Produção industrial - tintas - quantum - nível 80 - índice (média 2002 = 100)";"Não oculta";"Internet";0;0;0;"Incluída em 25/abril/2005";NA;"PIMPFN12";"Internet";"Macro"
"12165";"PIMPFN12_N80S190312";2;1480;"Inativa";"IBGE/PIM-PF antiga";"Produção";"Produção industrial - outros produtos químicos - quantum - nível 80 - índice (média 2002 = 100)";"Produção industrial - outros produtos químicos - quantum - nível 80 - índice (média 2002 = 100)";"Não oculta";"Internet";0;0;0;"Incluída em 25/abril/2005";NA;"PIMPFN12";"Internet";"Macro"
"12166";"PIMPFN12_N80S200112";7;1050;"Inativa";"IBGE/PIM-PF antiga";"Produção";"Produção industrial - prod. farmacêuticos e perfum. - quantum - nível 80 - índice (média 2002 = 100)";"Produção industrial - produtos farmacêuticos e de perfumaria - quantum - nível 80 - índice (média 2002 = 100)";"Não oculta";"Internet";0;0;0;"Incluída em 25/abril/2005";NA;"PIMPFN12";"Internet";"Macro"
"12167";"PIMPFN12_N80S210112";9;946;"Inativa";"IBGE/PIM-PF antiga";"Produção";"Produção industrial - artigos de plástico - quantum - nível 80 - índice (média 2002 = 100)";"Produção industrial - artigos de plástico - quantum - nível 80 - índice (média 2002 = 100)";"Não oculta";"Internet";0;0;0;"Incluída em 25/abril/2005";NA;"PIMPFN12";"Internet";"Macro"
"12168";"PIMPFN12_N80S220112";3;1356;"Inativa";"IBGE/PIM-PF antiga";"Produção";"Produção industrial - fios têxteis naturais - quantum - nível 80 - índice (média 2002 = 100)";"Produção industrial - fios têxteis naturais - quantum - nível 80 - índice (média 2002 = 100)";"Não oculta";"Internet";0;0;0;"Incluída em 25/abril/2005";NA;"PIMPFN12";"Internet";"Macro"
"12169";"PIMPFN12_N80S220212";NA;NA;"Inativa";"IBGE/PIM-PF antiga";"Produção";"Produção industrial - tecidos naturais - quantum - nível 80 - índice (média 2002 = 100)";"Produção industrial - tecidos naturais - quantum - nível 80 - índice (média 2002 = 100)";"Não oculta";"Internet";0;0;0;"Incluída em 25/abril/2005";NA;"PIMPFN12";"Internet";"Macro"
"12170";"PIMPFN12_N80S220312";2;1480;"Inativa";"IBGE/PIM-PF antiga";"Produção";"Produção industrial - fios têxteis artificiais - quantum - nível 80 - índice (média 2002 = 100)";"Produção industrial - fios têxteis artificiais - quantum - nível 80 - índice (média 2002 = 100)";"Não oculta";"Internet";0;0;0;"Incluída em 25/abril/2005";NA;"PIMPFN12";"Internet";"Macro"
"12171";"PIMPFN12_N80S220412";NA;NA;"Inativa";"IBGE/PIM-PF antiga";"Produção";"Produção industrial - tecidos artificiais - quantum - nível 80 - índice (média 2002 = 100)";"Produção industrial - tecidos artificiais - quantum - nível 80 - índice (média 2002 = 100)";"Não oculta";"Internet";0;0;0;"Incluída em 25/abril/2005";NA;"PIMPFN12";"Internet";"Macro"
"12172";"PIMPFN12_N80S220512";NA;NA;"Inativa";"IBGE/PIM-PF antiga";"Produção";"Produção industrial - outros produtos têxteis - quantum - nível 80 - índice (média 2002 = 100)";"Produção industrial - outros produtos têxteis - quantum - nível 80 - índice (média 2002 = 100)";"Não oculta";"Internet";0;0;0;"Incluída em 25/abril/2005";NA;"PIMPFN12";"Internet";"Macro"
"12173";"PIMPFN12_N80S230112";11;856;"Inativa";"IBGE/PIM-PF antiga";"Produção";"Produção industrial - artigos do vestuário - quantum - nível 80 - índice (média 2002 = 100)";"Produção industrial - artigos do vestuário - quantum - nível 80 - índice (média 2002 = 100)";"Não oculta";"Internet";0;0;0;"Incluída em 25/abril/2005";NA;"PIMPFN12";"Internet";"Macro"
"12174";"PIMPFN12_N80S240112";4;1262;"Inativa";"IBGE/PIM-PF antiga";"Produção";"Produção industrial - produtos de couro e calçados - quantum - nível 80 - índice (média 2002 = 100)";"Produção industrial - produtos de couro e calçados - quantum - nível 80 - índice (média 2002 = 100)";"Não oculta";"Internet";0;0;0;"Incluída em 25/abril/2005";NA;"PIMPFN12";"Internet";"Macro"
"12175";"PIMPFN12_N80S250112";2;1480;"Inativa";"IBGE/PIM-PF antiga";"Produção";"Produção industrial - produtos do café - quantum - nível 80 - índice (média 2002 = 100)";"Produção industrial - produtos do café - quantum - nível 80 - índice (média 2002 = 100)";"Não oculta";"Internet";0;0;0;"Incluída em 25/abril/2005";NA;"PIMPFN12";"Internet";"Macro"
"12176";"PIMPFN12_N80S260112";NA;NA;"Inativa";"IBGE/PIM-PF antiga";"Produção";"Produção industrial - arroz beneficiado - quantum - nível 80 - índice (média 2002 = 100)";"Produção industrial - arroz beneficiado - quantum - nível 80 - índice (média 2002 = 100)";"Não oculta";"Internet";0;0;0;"Incluída em 25/abril/2005";NA;"PIMPFN12";"Internet";"Macro"
"12177";"PIMPFN12_N80S260212";NA;NA;"Inativa";"IBGE/PIM-PF antiga";"Produção";"Produção industrial - farinha de trigo - quantum - nível 80 - índice (média 2002 = 100)";"Produção industrial - farinha de trigo - quantum - nível 80 - índice (média 2002 = 100)";"Não oculta";"Internet";0;0;0;"Incluída em 25/abril/2005";NA;"PIMPFN12";"Internet";"Macro"
"12178";"PIMPFN12_N80S260312";NA;NA;"Inativa";"IBGE/PIM-PF antiga";"Produção";"Produção industrial - outros prod. vegetais benef. - quantum - nível 80 - índice (média 2002 = 100)";"Produção industrial - outros produtos vegetais beneficiados - quantum - nível 80 - índice (média 2002 = 100)";"Não oculta";"Internet";0;0;0;"Incluída em 25/abril/2005";NA;"PIMPFN12";"Internet";"Macro"
"12179";"PIMPFN12_N80S270112";19;621;"Inativa";"IBGE/PIM-PF antiga";"Produção";"Produção industrial - carne bovina - quantum - nível 80 - índice (média 2002 = 100)";"Produção industrial - carne bovina - quantum - nível 80 - índice (média 2002 = 100)";"Não oculta";"Internet";0;0;0;"Incluída em 25/abril/2005";NA;"PIMPFN12";"Internet";"Macro"
"12180";"PIMPFN12_N80S270212";19;621;"Inativa";"IBGE/PIM-PF antiga";"Produção";"Produção industrial - carne de aves abatidas - quantum - nível 80 - índice (média 2002 = 100)";"Produção industrial - carne de aves abatidas - quantum - nível 80 - índice (média 2002 = 100)";"Não oculta";"Internet";0;0;0;"Incluída em 25/abril/2005";NA;"PIMPFN12";"Internet";"Macro"
"12181";"PIMPFN12_N80S280112";30;421;"Inativa";"IBGE/PIM-PF antiga";"Produção";"Produção industrial - leite beneficiado - quantum - nível 80 - índice (média 2002 = 100)";"Produção industrial - leite beneficiado - quantum - nível 80 - índice (média 2002 = 100)";"Não oculta";"Internet";0;0;0;"Incluída em 25/abril/2005";NA;"PIMPFN12";"Internet";"Macro"
"12182";"PIMPFN12_N80S280212";1;1628;"Inativa";"IBGE/PIM-PF antiga";"Produção";"Produção industrial - outros laticínios - quantum - nível 80 - índice (média 2002 = 100)";"Produção industrial - outros laticínios - quantum - nível 80 - índice (média 2002 = 100)";"Não oculta";"Internet";0;0;0;"Incluída em 25/abril/2005";NA;"PIMPFN12";"Internet";"Macro"
"12183";"PIMPFN12_N80S290112";13;769;"Inativa";"IBGE/PIM-PF antiga";"Produção";"Produção industrial - açúcar - quantum - nível 80 - índice (média 2002 = 100)";"Produção industrial - açúcar - quantum - nível 80 - índice (média 2002 = 100)";"Não oculta";"Internet";0;0;0;"Incluída em 25/abril/2005";NA;"PIMPFN12";"Internet";"Macro"
"12184";"PIMPFN12_N80S300112";8;996;"Inativa";"IBGE/PIM-PF antiga";"Produção";"Produção industrial - óleos vegetais em bruto - quantum - nível 80 - índice (média 2002 = 100)";"Produção industrial - óleos vegetais em bruto - quantum - nível 80 - índice (média 2002 = 100)";"Não oculta";"Internet";0;0;0;"Incluída em 25/abril/2005";NA;"PIMPFN12";"Internet";"Macro"
"12185";"PIMPFN12_N80S300212";4;1262;"Inativa";"IBGE/PIM-PF antiga";"Produção";"Produção industrial - óleos vegetais refinados - quantum - nível 80 - índice (média 2002 = 100)";"Produção industrial - óleos vegetais refinados - quantum - nível 80 - índice (média 2002 = 100)";"Não oculta";"Internet";0;0;0;"Incluída em 25/abril/2005";NA;"PIMPFN12";"Internet";"Macro"
"12186";"PIMPFN12_N80S310112";2;1480;"Inativa";"IBGE/PIM-PF antiga";"Produção";"Produção industrial - outros prod. Alimentares - quantum - nível 80 - índice (média 2002 = 100)";"Produção industrial - outros produtos alimentares inclusive rações - quantum - nível 80 - índice (média 2002 = 100)";"Não oculta";"Internet";0;0;0;"Incluída em 25/abril/2005";NA;"PIMPFN12";"Internet";"Macro"
"12187";"PIMPFN12_N80S310212";3;1356;"Inativa";"IBGE/PIM-PF antiga";"Produção";"Produção industrial - bebidas - quantum - nível 80 - índice (média 2002 = 100)";"Produção industrial - bebidas - quantum - nível 80 - índice (média 2002 = 100)";"Não oculta";"Internet";0;0;0;"Incluída em 25/abril/2005";NA;"PIMPFN12";"Internet";"Macro"
"12188";"PIMPFN12_N80S320112";NA;NA;"Inativa";"IBGE/PIM-PF antiga";"Produção";"Produção industrial - produtos diversos - quantum - nível 80 - índice (média 2002 = 100)";"Produção industrial - produtos diversos - quantum - nível 80 - índice (média 2002 = 100)";"Não oculta";"Internet";0;0;0;"Incluída em 25/abril/2005";NA;"PIMPFN12";"Internet";"Macro"
"12189";"HIST_XTVLIBRA";17;594;"Inativa";"Outras fontes";"Comércio exterior";"Exportações - (FOB)";"Exportações - (FOB)";"Não oculta";"Internet";90;0;1;"Incluída em 04/maio/2005 .";NA;"HIST";"Internet";"Macro"
"12190";"HIST_MTVLIBRA";6;1048;"Inativa";"Outras fontes";"Comércio exterior";"Importações - (CIF)";"Importações - (CIF)";"Não oculta";"Internet";90;0;1;"Incluída em 04/maio/2005 .";NA;"HIST";"Internet";"Macro"
"12191";"HIST_XTVN";9;871;"Inativa";"Outras fontes";"Comércio exterior";"Exportações - (FOB)";"Exportações - (FOB)";"Não oculta";"Internet";90;0;1;"Incluída em 04/maio/2005 .";NA;"HIST";"Internet";"Macro"
"12192";"HIST_MTVN";1;1606;"Inativa";"Outras fontes";"Comércio exterior";"Importações - (CIF)";"Importações - (CIF)";"Não oculta";"Internet";90;0;1;"Incluída em 04/maio/2005 .";NA;"HIST";"Internet";"Macro"
"12193";"POPTOT";1190;1;"Ativa";"IBGE";"População";"População  residente -  total";"População  residente -  total";"Não oculta";"Internet";NA;0;0;NA;NA;"POPTOT";"Internet";"Regional"
"12194";"Gac4_COEFPM2S4";9;217;"Inativa";"IPEA";"Comércio exterior";"Importações - setor: extrativa mineral - coeficiente de penetração";"Importações - setor: extrativa mineral - coeficiente de penetração";"Não oculta";"Internet";360;0;0;"Incluída em 10/maio/2005.";NA;"Gac4";"Internet";"Macro"
"12195";"Gac4_COEFPM3S4";11;190;"Inativa";"IPEA";"Comércio exterior";"Importações - setor: petróleo e carvão - coeficiente de penetração";"Importações - setor: petróleo e carvão - coeficiente de penetração";"Não oculta";"Internet";360;0;0;"Incluída em 10/maio/2005.";NA;"Gac4";"Internet";"Macro"
"12196";"Gac4_COEFPM4S4";12;166;"Inativa";"IPEA";"Comércio exterior";"Importações - setor: minerais não metálicos - coeficiente de penetração";"Importações - setor: minerais não metálicos - coeficiente de penetração";"Não oculta";"Internet";360;0;0;"Incluída em 10/maio/2005.";NA;"Gac4";"Internet";"Macro"
"12197";"Gac4_COEFPM5S4";15;140;"Inativa";"IPEA";"Comércio exterior";"Importações - setor: siderurgia - coeficiente de penetração";"Importações - setor: siderurgia - coeficiente de penetração";"Não oculta";"Internet";360;0;0;"Incluída em 10/maio/2005.";NA;"Gac4";"Internet";"Macro"
"12198";"Gac4_COEFPM6S4";8;244;"Inativa";"IPEA";"Comércio exterior";"Importações - setor: metalurgia não ferrosos - coeficiente de penetração";"Importações - setor: metalurgia não ferrosos - coeficiente de penetração";"Não oculta";"Internet";360;0;0;"Incluída em 10/maio/2005.";NA;"Gac4";"Internet";"Macro"
"12199";"Gac4_COEFPM7S4";12;166;"Inativa";"IPEA";"Comércio exterior";"Importações - setor: outros produtos metalúrgicos - coeficiente de penetração";"Importações - setor: outros produtos metalúrgicos - coeficiente de penetração";"Não oculta";"Internet";360;0;0;"Incluída em 10/maio/2005.";NA;"Gac4";"Internet";"Macro"
"12200";"Gac4_COEFPM8S4";12;166;"Inativa";"IPEA";"Comércio exterior";"Importações - setor: máquinas e tratores - coeficiente de penetração";"Importações - setor: máquinas e tratores - coeficiente de penetração";"Não oculta";"Internet";360;0;0;"Incluída em 10/maio/2005.";NA;"Gac4";"Internet";"Macro"
"12201";"Gac4_COEFPM10S4";11;190;"Inativa";"IPEA";"Comércio exterior";"Importações - setor: material elétrico - coeficiente de penetração";"Importações - setor: material elétrico - coeficiente de penetração";"Não oculta";"Internet";360;0;0;"Incluída em 10/maio/2005.";NA;"Gac4";"Internet";"Macro"
"12202";"Gac4_COEFPM11S4";17;127;"Inativa";"IPEA";"Comércio exterior";"Importações - setor: equipamentos eletrônicos - coeficiente de penetração";"Importações - setor: equipamentos eletrônicos - coeficiente de penetração";"Não oculta";"Internet";360;0;0;"Incluída em 10/maio/2005.";NA;"Gac4";"Internet";"Macro"
"12203";"Gac4_COEFPM12S4";21;103;"Inativa";"IPEA";"Comércio exterior";"Importações - setor: veículos automotores - coeficiente de penetração";"Importações - setor: veículos automotores - coeficiente de penetração";"Não oculta";"Internet";360;0;0;"Incluída em 10/maio/2005.";NA;"Gac4";"Internet";"Macro"
"12204";"Gac4_COEFPM13S4";15;140;"Inativa";"IPEA";"Comércio exterior";"Importações - setor: peças e outros veículos - coeficiente de penetração";"Importações - setor: peças e outros veículos - coeficiente de penetração";"Não oculta";"Internet";360;0;0;"Incluída em 10/maio/2005.";NA;"Gac4";"Internet";"Macro"
"12205";"Gac4_COEFPM14S4";11;190;"Inativa";"IPEA";"Comércio exterior";"Importações - setor: madeira e mobiliário - coeficiente de penetração";"Importações - setor: madeira e mobiliário - coeficiente de penetração";"Não oculta";"Internet";360;0;0;"Incluída em 10/maio/2005.";NA;"Gac4";"Internet";"Macro"
"12206";"Gac4_COEFPM15S4";9;217;"Inativa";"IPEA";"Comércio exterior";"Importações - setor: celulose, papel e gráfica - coeficiente de penetração";"Importações - setor: celulose, papel e gráfica - coeficiente de penetração";"Não oculta";"Internet";360;0;0;"Incluída em 10/maio/2005.";NA;"Gac4";"Internet";"Macro"
"12207";"Gac4_COEFPM16S4";12;166;"Inativa";"IPEA";"Comércio exterior";"Importações - setor: borracha - coeficiente de penetração";"Importações - setor: borracha - coeficiente de penetração";"Não oculta";"Internet";360;0;0;"Incluída em 10/maio/2005.";NA;"Gac4";"Internet";"Macro"
"12208";"Gac4_COEFPM17S4";9;217;"Inativa";"IPEA";"Comércio exterior";"Importações - setor: elementos químicos - coeficiente de penetração";"Importações - setor: elementos químicos - coeficiente de penetração";"Não oculta";"Internet";360;0;0;"Incluída em 10/maio/2005.";NA;"Gac4";"Internet";"Macro"
"12209";"Gac4_COEFPM18S4";12;166;"Inativa";"IPEA";"Comércio exterior";"Importações - setor: refino de petróleo - coeficiente de penetração";"Importações - setor: refino de petróleo - coeficiente de penetração";"Não oculta";"Internet";360;0;0;"Incluída em 10/maio/2005.";NA;"Gac4";"Internet";"Macro"
"12210";"Gac4_COEFPM19S4";12;166;"Inativa";"IPEA";"Comércio exterior";"Importações - setor: químicos diversos - coeficiente de penetração";"Importações - setor: químicos diversos - coeficiente de penetração";"Não oculta";"Internet";360;0;0;"Incluída em 10/maio/2005.";NA;"Gac4";"Internet";"Macro"
"12211";"Gac4_COEFPM20S4";17;127;"Inativa";"IPEA";"Comércio exterior";"Importações - setor: farmacêutica e perfumaria - coeficiente de penetração";"Importações - setor: farmacêutica e perfumaria - coeficiente de penetração";"Não oculta";"Internet";360;0;0;"Incluída em 10/maio/2005.";NA;"Gac4";"Internet";"Macro"
"12212";"Gac4_COEFPM21S4";12;166;"Inativa";"IPEA";"Comércio exterior";"Importações - setor: plástica - coeficiente de penetração";"Importações - setor: plástica - coeficiente de penetração";"Não oculta";"Internet";360;0;0;"Incluída em 10/maio/2005.";NA;"Gac4";"Internet";"Macro"
"12213";"Gac4_COEFPM22S4";19;109;"Inativa";"IPEA";"Comércio exterior";"Importações - setor: têxtil - coeficiente de penetração";"Importações - setor: têxtil - coeficiente de penetração";"Não oculta";"Internet";360;0;0;"Incluída em 10/maio/2005.";NA;"Gac4";"Internet";"Macro"
"12214";"Gac4_COEFPM23S4";11;190;"Inativa";"IPEA";"Comércio exterior";"Importações - setor: artigos de vestuário - coeficiente de penetração";"Importações - setor: artigos de vestuário - coeficiente de penetração";"Não oculta";"Internet";360;0;0;"Incluída em 10/maio/2005.";NA;"Gac4";"Internet";"Macro"
"12215";"Gac4_COEFPM24S4";24;90;"Inativa";"IPEA";"Comércio exterior";"Importações - setor: calçados - coeficiente de penetração";"Importações - setor: calçados - coeficiente de penetração";"Não oculta";"Internet";360;0;0;"Incluída em 10/maio/2005.";NA;"Gac4";"Internet";"Macro"
"12216";"Gac4_COEFPM25S4";6;291;"Inativa";"IPEA";"Comércio exterior";"Importações - setor: café - coeficiente de penetração";"Importações - setor: café - coeficiente de penetração";"Não oculta";"Internet";360;0;0;"Incluída em 10/maio/2005.";NA;"Gac4";"Internet";"Macro"
"12217";"Gac4_COEFPM26S4";6;291;"Inativa";"IPEA";"Comércio exterior";"Importações - setor: beneficiamento de produtos vegetais - coeficiente de penetração";"Importações - setor: beneficiamento de produtos vegetais - coeficiente de penetração";"Não oculta";"Internet";360;0;0;"Incluída em 10/maio/2005.";NA;"Gac4";"Internet";"Macro"
"12218";"Gac4_COEFPM27S4";7;270;"Inativa";"IPEA";"Comércio exterior";"Importações - setor: abate de animais - coeficiente de penetração";"Importações - setor: abate de animais - coeficiente de penetração";"Não oculta";"Internet";360;0;0;"Incluída em 10/maio/2005.";NA;"Gac4";"Internet";"Macro"
"12219";"Gac4_COEFPM28S4";7;270;"Inativa";"IPEA";"Comércio exterior";"Importações - setor: laticínios - coeficiente de penetração";"Importações - setor: laticínios - coeficiente de penetração";"Não oculta";"Internet";360;0;0;"Incluída em 10/maio/2005.";NA;"Gac4";"Internet";"Macro"
"12220";"Gac4_COEFPM29S4";12;166;"Inativa";"IPEA";"Comércio exterior";"Importações - setor: açúcar - coeficiente de penetração";"Importações - setor: açúcar - coeficiente de penetração";"Não oculta";"Internet";360;0;0;"Incluída em 10/maio/2005.";NA;"Gac4";"Internet";"Macro"
"12221";"Gac4_COEFPM30S4";5;315;"Inativa";"IPEA";"Comércio exterior";"Importações - setor: óleos vegetais - coeficiente de penetração";"Importações - setor: óleos vegetais - coeficiente de penetração";"Não oculta";"Internet";360;0;0;"Incluída em 10/maio/2005.";NA;"Gac4";"Internet";"Macro"
"12222";"Gac4_COEFPM31S4";53;39;"Inativa";"IPEA";"Comércio exterior";"Importações - setor: outros produtos alimentares - coeficiente de penetração";"Importações - setor: outros produtos alimentares - coeficiente de penetração";"Não oculta";"Internet";360;0;0;"Incluída em 10/maio/2005.";NA;"Gac4";"Internet";"Macro"
"12223";"Gac4_COEFPM1S4";14;148;"Inativa";"IPEA";"Comércio exterior";"Importações - setor: indústria de transformação - coeficiente de penetração";"Importações - setor: indústria de transformação - coeficiente de penetração";"Não oculta";"Internet";360;0;0;"Incluída em 10/maio/2005.";NA;"Gac4";"Internet";"Macro"
"12224";"Gac4_COEFX2S4";10;202;"Inativa";"IPEA";"Comércio exterior";"Exportações - setor: extrativa mineral - coeficiente de abertura";"Exportações - setor: extrativa mineral - coeficiente de abertura";"Não oculta";"Internet";360;0;0;"Incluída em 10/maio/2005.";NA;"Gac4";"Internet";"Macro"
"12225";"Gac4_COEFEXP3S4";10;202;"Inativa";"IPEA";"Comércio exterior";"Exportações - setor: petróleo e carvão - coeficiente de abertura";"Exportações - setor: petróleo e carvão - coeficiente de abertura";"Não oculta";"Internet";360;0;0;"Incluída em 10/maio/2005.";NA;"Gac4";"Internet";"Macro"
"12226";"Gac4_COEFEXP4S4";9;217;"Inativa";"IPEA";"Comércio exterior";"Exportações - setor: minerais não metálicos - coeficiente de abertura";"Exportações - setor: minerais não metálicos - coeficiente de abertura";"Não oculta";"Internet";360;0;0;"Incluída em 10/maio/2005.";NA;"Gac4";"Internet";"Macro"
"12227";"Gac4_COEFEXP5S4";19;109;"Inativa";"IPEA";"Comércio exterior";"Exportações - setor: siderurgia - coeficiente de abertura";"Exportações - setor: siderurgia - coeficiente de abertura";"Não oculta";"Internet";360;0;0;"Incluída em 10/maio/2005.";NA;"Gac4";"Internet";"Macro"
"12228";"Gac4_COEFEXP6S4";7;270;"Inativa";"IPEA";"Comércio exterior";"Exportações - setor: metalurgia não ferrosos - coeficiente de abertura";"Exportações - setor: metalurgia não ferrosos - coeficiente de abertura";"Não oculta";"Internet";360;0;0;"Incluída em 10/maio/2005.";NA;"Gac4";"Internet";"Macro"
"12229";"Gac4_COEFEXP7S4";9;217;"Inativa";"IPEA";"Comércio exterior";"Exportações - setor: outros produtos metalúrgicos - coeficiente de abertura";"Exportações - setor: outros produtos metalúrgicos - coeficiente de abertura";"Não oculta";"Internet";360;0;0;"Incluída em 10/maio/2005.";NA;"Gac4";"Internet";"Macro"
"12230";"Gac4_COEFEXP8S4";12;166;"Inativa";"IPEA";"Comércio exterior";"Exportações - setor: máquinas e tratores - coeficiente de abertura";"Exportações - setor: máquinas e tratores - coeficiente de abertura";"Não oculta";"Internet";360;0;0;"Incluída em 10/maio/2005.";NA;"Gac4";"Internet";"Macro"
"12231";"Gac4_COEFEXP10S4";9;217;"Inativa";"IPEA";"Comércio exterior";"Exportações - setor: material elétrico - coeficiente de abertura";"Exportações - setor: material elétrico - coeficiente de abertura";"Não oculta";"Internet";360;0;0;"Incluída em 10/maio/2005.";NA;"Gac4";"Internet";"Macro"
"12232";"Gac4_COEFEXP11S4";19;109;"Inativa";"IPEA";"Comércio exterior";"Exportações - setor: equipamentos eletrônicos - coeficiente de abertura";"Exportações - setor: equipamentos eletrônicos - coeficiente de abertura";"Não oculta";"Internet";360;0;0;"Incluída em 10/maio/2005.";NA;"Gac4";"Internet";"Macro"
"12233";"Gac4_COEFEXP12S4";19;109;"Inativa";"IPEA";"Comércio exterior";"Exportações - setor: veículos automotores - coeficiente de abertura";"Exportações - setor: veículos automotores - coeficiente de abertura";"Não oculta";"Internet";360;0;0;"Incluída em 10/maio/2005.";NA;"Gac4";"Internet";"Macro"
"12234";"Gac4_COEFEXP13S4";8;244;"Inativa";"IPEA";"Comércio exterior";"Exportações - setor: peças e outros veículos - coeficiente de abertura";"Exportações - setor: peças e outros veículos - coeficiente de abertura";"Não oculta";"Internet";360;0;0;"Incluída em 10/maio/2005.";NA;"Gac4";"Internet";"Macro"
"12235";"Gac4_COEFEXP14S4";13;155;"Inativa";"IPEA";"Comércio exterior";"Exportações - setor: madeira e mobiliário - coeficiente de abertura";"Exportações - setor: madeira e mobiliário - coeficiente de abertura";"Não oculta";"Internet";360;0;0;"Incluída em 10/maio/2005.";NA;"Gac4";"Internet";"Macro"
"12236";"Gac4_COEFEXP15S4";16;134;"Inativa";"IPEA";"Comércio exterior";"Exportações - setor: celulose, papel e gráfica - coeficiente de abertura";"Exportações - setor: celulose, papel e gráfica - coeficiente de abertura";"Não oculta";"Internet";360;0;0;"Incluída em 10/maio/2005.";NA;"Gac4";"Internet";"Macro"
"12237";"Gac4_COEFEXP16S4";6;291;"Inativa";"IPEA";"Comércio exterior";"Exportações - setor: borracha - coeficiente de abertura";"Exportações - setor: borracha - coeficiente de abertura";"Não oculta";"Internet";360;0;0;"Incluída em 10/maio/2005.";NA;"Gac4";"Internet";"Macro"
"12238";"Gac4_COEFEXP17S4";8;244;"Inativa";"IPEA";"Comércio exterior";"Exportações - setor: elementos químicos - coeficiente de abertura";"Exportações - setor: elementos químicos - coeficiente de abertura";"Não oculta";"Internet";360;0;0;"Incluída em 10/maio/2005.";NA;"Gac4";"Internet";"Macro"
"12239";"Gac4_COEFEXP18S4";9;217;"Inativa";"IPEA";"Comércio exterior";"Exportações - setor: refino de petróleo - coeficiente de abertura";"Exportações - setor: refino de petróleo - coeficiente de abertura";"Não oculta";"Internet";360;0;0;"Incluída em 10/maio/2005.";NA;"Gac4";"Internet";"Macro"
"12240";"Gac4_COEFEXP19S4";8;244;"Inativa";"IPEA";"Comércio exterior";"Exportações - setor: químicos diversos - coeficiente de abertura";"Exportações - setor: químicos diversos - coeficiente de abertura";"Não oculta";"Internet";360;0;0;"Incluída em 10/maio/2005.";NA;"Gac4";"Internet";"Macro"
"12241";"Gac4_COEFEXP20S4";9;217;"Inativa";"IPEA";"Comércio exterior";"Exportações - setor: farmacêutica e perfumaria - coeficiente de abertura";"Exportações - setor: farmacêutica e perfumaria - coeficiente de abertura";"Não oculta";"Internet";360;0;0;"Incluída em 10/maio/2005.";NA;"Gac4";"Internet";"Macro"
"12242";"Gac4_COEFEXP21S4";6;291;"Inativa";"IPEA";"Comércio exterior";"Exportações - setor: plástica - coeficiente de abertura";"Exportações - setor: plástica - coeficiente de abertura";"Não oculta";"Internet";360;0;0;"Incluída em 10/maio/2005.";NA;"Gac4";"Internet";"Macro"
"12243";"Gac4_COEFEXP22S4";13;155;"Inativa";"IPEA";"Comércio exterior";"Exportações - setor: têxtil - coeficiente de abertura";"Exportações - setor: têxtil - coeficiente de abertura";"Não oculta";"Internet";360;0;0;"Incluída em 10/maio/2005.";NA;"Gac4";"Internet";"Macro"
"12244";"Gac4_COEFEXP23S4";12;166;"Inativa";"IPEA";"Comércio exterior";"Exportações - setor: artigos de vestuário - coeficiente de abertura";"Exportações - setor: artigos de vestuário - coeficiente de abertura";"Não oculta";"Internet";360;0;0;"Incluída em 10/maio/2005.";NA;"Gac4";"Internet";"Macro"
"12245";"Gac4_COEFEXP24S4";24;90;"Inativa";"IPEA";"Comércio exterior";"Exportações - setor: calçados - coeficiente de abertura";"Exportações - setor: calçados - coeficiente de abertura";"Não oculta";"Internet";360;0;0;"Incluída em 10/maio/2005.";NA;"Gac4";"Internet";"Macro"
"12246";"Gac4_COEFEXP25S4";10;202;"Inativa";"IPEA";"Comércio exterior";"Exportações - setor: café - coeficiente de abertura";"Exportações - setor: café - coeficiente de abertura";"Não oculta";"Internet";360;0;0;"Incluída em 10/maio/2005.";NA;"Gac4";"Internet";"Macro"
"12247";"Gac4_COEFEXP26S4";5;315;"Inativa";"IPEA";"Comércio exterior";"Exportações - setor: beneficiamento de produtos vegetais - coeficiente de abertura";"Exportações - setor: beneficiamento de produtos vegetais - coeficiente de abertura";"Não oculta";"Internet";360;0;0;"Incluída em 10/maio/2005.";NA;"Gac4";"Internet";"Macro"
"12248";"Gac4_COEFEXP27S4";36;62;"Inativa";"IPEA";"Comércio exterior";"Exportações - setor: abate de animais - coeficiente de abertura";"Exportações - setor: abate de animais - coeficiente de abertura";"Não oculta";"Internet";360;0;0;"Incluída em 10/maio/2005.";NA;"Gac4";"Internet";"Macro"
"12249";"Gac4_COEFEXP28S4";8;244;"Inativa";"IPEA";"Comércio exterior";"Exportações - setor: laticínios - coeficiente de abertura";"Exportações - setor: laticínios - coeficiente de abertura";"Não oculta";"Internet";360;0;0;"Incluída em 10/maio/2005.";NA;"Gac4";"Internet";"Macro"
"12250";"Gac4_COEFEXP29S4";19;109;"Inativa";"IPEA";"Comércio exterior";"Exportações - setor: açúcar - coeficiente de abertura";"Exportações - setor: açúcar - coeficiente de abertura";"Não oculta";"Internet";360;0;0;"Incluída em 10/maio/2005.";NA;"Gac4";"Internet";"Macro"
"12251";"Gac4_COEFEXP30S4";6;291;"Inativa";"IPEA";"Comércio exterior";"Exportações - setor: óleos vegetais - coeficiente de abertura";"Exportações - setor: óleos vegetais - coeficiente de abertura";"Não oculta";"Internet";360;0;0;"Incluída em 10/maio/2005.";NA;"Gac4";"Internet";"Macro"
"12252";"Gac4_COEFEXP31S4";9;217;"Inativa";"IPEA";"Comércio exterior";"Exportações - setor: outros produtos alimentares - coeficiente de abertura";"Exportações - setor: outros produtos alimentares - coeficiente de abertura";"Não oculta";"Internet";360;0;0;"Incluída em 10/maio/2005.";NA;"Gac4";"Internet";"Macro"
"12253";"Gac4_COEFEXP1S4";15;140;"Inativa";"IPEA";"Comércio exterior";"Exportações - setor: indústria de transformação - coeficiente de abertura";"Exportações - setor: indústria de transformação - coeficiente de abertura";"Não oculta";"Internet";360;0;0;"Incluída em 10/maio/2005.";NA;"Gac4";"Internet";"Macro"
"12254";"FIESP12_NEINSPX12";69;181;"Ativa";"Fiesp";"Emprego";"Nível de emprego - indústria - índice (jun. 2005 = 100) - SP";"Nível de emprego - indústria - índice (jun. 2005 = 100) - SP";"Não oculta";"Internet";60;0;0;NA;NA;"FIESP12";"Internet";"Macro"
"12255";"PAN_TPR";NA;NA;"Inativa";"IPEA";"Sinopse macroeconômica";"Tendência prospectiva para 4 meses - IPCA";"Tendência prospectiva para 4 meses - IPCA";"Não oculta";"Internet";10;1;0;"Incluída em 31/mai/2005 .";"Gerada";"PAN";"Internet";"Macro"
"12256";"PAN_TCERXTINPC";NA;NA;"Ativa";"IPEA";"Sinopse macroeconômica";"Taxa de câmbio - efetiva real - INPC - exportações - índice (média 2010 = 100)";"Taxa de câmbio - efetiva real - INPC - exportações - índice (média 2010 = 100)";"Não oculta";"Internet";120;1;0;"Incluída em 31/mai/2005. Revisada em 02/fev/2016.";"Gerada";"PAN";"Internet";"Macro"
"12257";"PAN12_TPR12";30;421;"Inativa";"IPEA";"Sinopse macroeconômica";"Tendência prospectiva para 4 meses - IPCA";"Tendência prospectiva para 4 meses - IPCA";"Não oculta";"Internet";10;1;0;"Incluída em 31/mai/2005 .";"Gerada";"PAN12";"Internet";"Macro"
"12258";"PAN12_TCERXTINPC12";99;115;"Ativa";"IPEA";"Sinopse macroeconômica";"Taxa de câmbio - efetiva real - INPC - exportações - índice (média 2010 = 100)";"Taxa de câmbio - efetiva real - INPC - exportações - índice (média 2010 = 100)";"Não oculta";"Internet";120;1;0;"Incluída em 31/mai/2005. Revisada em 02/fev/2016.";"Gerada";"PAN12";"Internet";"Macro"
"12259";"PAN4_TPR4";NA;NA;"Inativa";"IPEA";"Sinopse macroeconômica";"Tendência prospectiva para 4 meses - IPCA";"Tendência prospectiva para 4 meses - IPCA";"Não oculta";"Internet";10;1;0;"Incluída em 31/mai/2005 .";"Gerada";"PAN4";"Internet";"Macro"
"12260";"PAN4_TCERXTINPC4";NA;NA;"Ativa";"IPEA";"Sinopse macroeconômica";"Taxa de câmbio - efetiva real - INPC - exportações - índice (média 2010 = 100)";"Taxa de câmbio - efetiva real - INPC - exportações - índice (média 2010 = 100)";"Não oculta";"Internet";120;1;0;"Incluída em 31/mai/2005. Revisada em 02/fev/2016.";"Gerada";"PAN4";"Internet";"Macro"
"12261";"LATITUDE";21;6;"Ativa";"IBGE";"Geográfico";"Latitude para os municípios da divisão político administrativa vigente em 2000";"Latitude para os municípios da divisão político administrativa vigente em 2000";"Não oculta";"Internet";NA;0;0;NA;NA;"LATITUDE";"Internet";"Regional"
"12262";"LONGITUDE";15;9;"Ativa";"IBGE";"Geográfico";"Longitude para os municípios da divisão político administrativa vigente em 2000";"Longitude para os municípios da divisão político administrativa vigente em 2000";"Não oculta";"Internet";NA;0;0;NA;NA;"LONGITUDE";"Internet";"Regional"
"12263";"BM12_IPCAEXP612";153;70;"Ativa";"Bacen/Boletim/Ativ. Ec.";"Preços";"Expectativa média de Inflação - IPCA - taxa anualizada para os próximos seis meses";"Expectativa média de inflação - IPCA - taxa anualizada para os próximos seis meses";"Não oculta";"Internet";30;0;0;"Incluída em 09/junho/2005 .";NA;"BM12";"Internet";"Macro"
"12264";"BM12_IPCAEXP1212";334;27;"Ativa";"Bacen/Boletim/Ativ. Ec.";"Preços";"Expectativa média de Inflação - IPCA - taxa acumulada para os próximos doze meses";"Expectativa média de Inflação - IPCA - taxa acumulada para os próximos doze meses";"Não oculta";"Internet";30;0;0;"Incluída em 09/junho/2005 .";NA;"BM12";"Internet";"Macro"
"12265";"VALOR366_FEDFUND366";101;14;"Ativa";"Valor Econômico";"Economia internacional";"Taxa de juros básica - Federal Funds - fixada pelo FOMC";"Taxa de juros básica - Federal Funds - fixada pelo Comitê Federal do Mercado Aberto (FOMC)";"Não oculta";"Internet";1;0;0;"Incluída em 13/jun/2005 .";NA;"VALOR366";"Internet";"Macro"
"12266";"BM366_TJOVER366";1154;2;"Ativa";"Bacen/Boletim/M. Finan.";"Financeiras";"Taxa de juros - Selic - fixada pelo Copom";"Taxa de juros - Selic - fixada pelo Comitê de Política Monetária (Copom)";"Não oculta";"Internet";0;0;0;"Incluída em 13/jun/2005 .";NA;"BM366";"Internet";"Macro"
"12267";"FUNCEX12_TTR12";68;184;"Ativa";"Funcex";"Comércio exterior";"Termos de troca - índice (média 2006 = 100)";"Índice de termos de troca (média 2006 = 100)";"Não oculta";"Internet";51;0;0;NA;NA;"FUNCEX12";"Internet";"Macro"
"12268";"FUNCEX_TTR";43;275;"Ativa";"Funcex";"Comércio exterior";"Termos de troca - índice (média 2006 = 100)";"Índice de termos de troca (média 2006 = 100)";"Não oculta";"Internet";75;0;1;NA;NA;"FUNCEX";"Internet";"Macro"
"12269";"testemen";NA;NA;"Inativa";"Minagincom";"Geográfico";"Teste para dados mensais";"Teste para dados mensais";"Oculta";"Internet";30;0;0;NA;NA;"testemen";"Oculta";"Regional"
"12270";"IMPPIB";48;27;"Ativa";"IBGE";"Contas Regionais";"PIB Municipal - impostos sobre produtos";"PIB Municipal - impostos sobre produtos";"Não oculta";"Internet";NA;0;0;NA;NA;"IMPPIB";"Internet";"Regional"
"12271";"IGP12_INCCMG1D12";NA;NA;"Ativa";"FGV/Conj. Econ. - IGP";"Preços";"Inflação - INCC-M - 1º decêndio";"Inflação - INCC-M - 1º decêndio";"Não oculta";"Internet";5;0;0;"Incluída em 06/jul/2005.";NA;"IGP12";"Internet";"Macro"
"12272";"IGP12_INCCMG2D12";NA;NA;"Ativa";"FGV/Conj. Econ. - IGP";"Preços";"Inflação - INCC-M - 2º decêndio";"Inflação - INCC-M - 2º decêndio";"Não oculta";"Internet";5;0;0;"Incluída em 06/jul/2005.";NA;"IGP12";"Internet";"Macro"
"12273";"IGP12_INCCMG12";82;145;"Ativa";"FGV/Conj. Econ. - IGP";"Preços";"Inflação - INCC-M";"Inflação - INCC-M";"Não oculta";"Internet";5;0;0;"Incluída em 06/jul/2005.";NA;"IGP12";"Internet";"Macro"
"12274";"IGP12_IPAMG1D12";NA;NA;"Ativa";"FGV/Conj. Econ. - IGP";"Preços";"Inflação - IPA-M - 1º decêndio";"Inflação - IPA-M - 1º decêndio";"Não oculta";"Internet";5;0;0;"Incluída em 06/jul/2005.";NA;"IGP12";"Internet";"Macro"
"12275";"IGP12_IPAMG2D12";NA;NA;"Ativa";"FGV/Conj. Econ. - IGP";"Preços";"Inflação - IPA-M - 2º decêndio";"Inflação - IPA-M - 2º decêndio";"Não oculta";"Internet";5;0;0;"Incluída em 06/jul/2005.";NA;"IGP12";"Internet";"Macro"
"12276";"IGP12_IPAMG12";103;105;"Ativa";"FGV/Conj. Econ. - IGP";"Preços";"Inflação - IPA-M";"Inflação - IPA-M";"Não oculta";"Internet";5;0;0;"Incluída em 06/jul/2005.";NA;"IGP12";"Internet";"Macro"
"12277";"IGP12_IPCMG1D12";NA;NA;"Ativa";"FGV/Conj. Econ. - IGP";"Preços";"Inflação - IPC-M - 1º decêndio";"Inflação - IPC-M - 1º decêndio";"Não oculta";"Internet";5;0;0;"Incluída em 06/jul/2005.";NA;"IGP12";"Internet";"Macro"
"12278";"IGP12_IPCMG2D12";NA;NA;"Ativa";"FGV/Conj. Econ. - IGP";"Preços";"Inflação - IPC-M - 2º decêndio";"Inflação - IPC-M - 2º decêndio";"Não oculta";"Internet";5;0;0;"Incluída em 06/jul/2005.";NA;"IGP12";"Internet";"Macro"
"12279";"IGP12_IPCMG12";48;274;"Ativa";"FGV/Conj. Econ. - IGP";"Preços";"Inflação - IPC-M";"Inflação - IPC-M";"Não oculta";"Internet";5;0;0;"Incluída em 06/jul/2005.";NA;"IGP12";"Internet";"Macro"
"12280";"IGP12_IPAINDMG12";1;1628;"Ativa";"FGV/Conj. Econ. - IGP";"Preços";"Inflação - IPA-M - produtos industriais";"Inflação - IPA-M - produtos industriais";"Não oculta";"Intranet";5;0;0;"Incluída em 06/jul/2005.";NA;"IGP12";"Intranet";"Macro"
"12281";"IGP12_IPAAGRMG12";1;1628;"Ativa";"FGV/Conj. Econ. - IGP";"Preços";"Inflação - IPA-M - produtos agropecuários";"Inflação - IPA-M - produtos agropecuários";"Não oculta";"Intranet";5;0;0;"Incluída em 06/jul/2005.";NA;"IGP12";"Intranet";"Macro"
"12282";"IGP12_IGP1012";82;145;"Ativa";"FGV/Conj. Econ. - IGP";"Preços";"IGP-10 - índice (ago. 1994 = 100)";"IGP-10 - índice (ago. 1994 = 100)";"Não oculta";"Internet";5;0;0;"Incluída em 06/jul/2005.";NA;"IGP12";"Internet";"Macro"
"12283";"IGP12_INCC1012";78;155;"Ativa";"FGV/Conj. Econ. - IGP";"Preços";"INCC-10 - índice (ago. 1994 = 100)";"INCC-10 - índice (ago. 1994 = 100)";"Não oculta";"Internet";5;0;0;"Incluída em 06/jul/2005.";NA;"IGP12";"Internet";"Macro"
"12284";"IGP12_IPC1012";22;542;"Ativa";"FGV/Conj. Econ. - IGP";"Preços";"IPC-10 - índice (ago. 1994 = 100)";"IPC-10 - índice (ago. 1994 = 100)";"Não oculta";"Internet";5;0;0;"Incluída em 06/jul/2005.";NA;"IGP12";"Internet";"Macro"
"12285";"IGP12_IPA1012";12;812;"Ativa";"FGV/Conj. Econ. - IGP";"Preços";"IPA-10 - índice (ago. 1994 = 100)";"IPA-10 - índice (ago. 1994 = 100)";"Não oculta";"Internet";5;0;0;"Incluída em 06/jul/2005.";NA;"IGP12";"Internet";"Macro"
"12286";"IGP12_IPAIND1012";NA;NA;"Ativa";"FGV/Conj. Econ. - IGP";"Preços";"IPA-10 - produtos industriais - índice (ago. 1994 = 100)";"IPA-10 - produtos industriais - índice (ago. 1994 = 100)";"Não oculta";"Intranet";5;0;0;"Incluída em 06/jul/2005.";NA;"IGP12";"Intranet";"Macro"
"12287";"IGP12_IPAAGR1012";NA;NA;"Ativa";"FGV/Conj. Econ. - IGP";"Preços";"IPA-10 - produtos agropecuários - índice (ago. 1994 = 100)";"IPA-10 - produtos agropecuários - índice (ago. 1994 = 100)";"Não oculta";"Intranet";5;0;0;"Incluída em 06/jul/2005.";NA;"IGP12";"Intranet";"Macro"
"12288";"WDI_PIBPPCBRA";42;282;"Ativa";"Banco Mundial/WDI";"Economia internacional";"Brasil - PIB - paridade do poder de compra (PPC)";"Brasil - Produto interno bruto (PIB): conceito de paridade do poder de compra (PPC)";"Não oculta";"Internet";270;0;0;NA;NA;"WDI";"Internet";"Macro"
"12289";"WDI_PIBPPCCAPBRA";73;153;"Ativa";"Banco Mundial/WDI";"Economia internacional";"Brasil - PIB - paridade do poder de compra (PPC) - per capita";"Brasil - Produto interno bruto (PIB): conceito de paridade do poder de compra (PPC) per capita";"Não oculta";"Internet";270;0;0;NA;NA;"WDI";"Internet";"Macro"
"12290";"ANBIMA12_TJTLN112";26;472;"Ativa";"Anbima";"Financeiras";"Taxa de juros pré fixada - estrutura a termo - LTN - 1 mês";"Estrutura a termo da taxa de juros prefixadas LTN - prazo 1 mês";"Não oculta";"Internet";5;0;0;NA;NA;"ANBIMA12";"Internet";"Macro"
"12291";"ANBIMA12_TJTLN312";23;526;"Ativa";"Anbima";"Financeiras";"Taxa de juros pré fixada - estrutura a termo - LTN - 3 meses";"Estrutura a termo da taxa de juros prefixadas LTN - prazo 3 meses";"Não oculta";"Internet";5;0;0;NA;NA;"ANBIMA12";"Internet";"Macro"
"12292";"ANBIMA12_TJTLN612";19;621;"Ativa";"Anbima";"Financeiras";"Taxa de juros pré fixada - estrutura a termo - LTN - 6 meses";"Estrutura a termo da taxa de juros prefixadas LTN - prazo 6 meses";"Não oculta";"Internet";5;0;0;NA;NA;"ANBIMA12";"Internet";"Macro"
"12293";"ANBIMA12_TJTLN1212";40;330;"Ativa";"Anbima";"Financeiras";"Taxa de juros pré fixada - estrutura a termo - LTN - 12 meses";"Estrutura a termo da taxa de juros prefixadas LTN - prazo 12 meses";"Não oculta";"Internet";5;0;0;NA;NA;"ANBIMA12";"Internet";"Macro"
"12294";"BLS12_IPAEUA12";26;472;"Ativa";"BLS";"Economia internacional";"IPA  (estágio de processamento) - índice (média 1982 = 100) - dessazonalizado";"IPA  (estágio de processamento) - índice (média 1982 = 100) - dessazonalizado";"Não oculta";"Internet";90;0;0;"Incluída em 25/jul/2005.";NA;"BLS12";"Internet";"Macro"
"12295";"BLS12_IPCEUA12";45;294;"Ativa";"BLS";"Economia internacional";"IPC - índice (média 1982-84 = 100) - dessazonalizado";"IPC - índice (média 1982-84 = 100) - dessazonalizado";"Não oculta";"Internet";90;0;0;"Incluída em 25/jul/2005.";NA;"BLS12";"Internet";"Macro"
"12296";"TOTAMC7091";NA;NA;"Ativa";"IBGE";"Geográfico";"Número de AMC no período de 1970 a 1991";"Número de AMC no período de 1970 a 1991";"Não oculta";"Internet";NA;0;0;NA;NA;"TOTAMC7091";"Internet";"Regional"
"12297";"TOTAMC8091";2;5;"Ativa";"IBGE";"Geográfico";"Número de AMC no período de 1980 a 1991";"Número de AMC no período de 1980 a 1991";"Não oculta";"Internet";NA;0;0;NA;NA;"TOTAMC8091";"Internet";"Regional"
"12298";"TOTAMC7095";NA;NA;"Ativa";"IBGE";"Geográfico";"Número de AMC no período de 1970 a 1995";"Número de AMC no período de 1970 a 1995";"Não oculta";"Internet";NA;0;0;NA;NA;"TOTAMC7095";"Internet";"Regional"
"12299";"TOTAMC8095";1;6;"Ativa";"IBGE";"Geográfico";"Número de AMC no período de 1980 a 1995";"Número de AMC no período de 1980 a 1995";"Não oculta";"Internet";NA;0;0;NA;NA;"TOTAMC8095";"Internet";"Regional"
"12300";"TOTAMC9195";4;3;"Ativa";"IBGE";"Geográfico";"Número de AMC no período de 1991 a 1995";"Número de AMC no período de 1991 a 1995";"Não oculta";"Internet";NA;0;0;NA;NA;"TOTAMC9195";"Internet";"Regional"
"12301";"TOTAMC6000";21;1;"Ativa";"IBGE";"Geográfico";"Número de AMC no período de 1960 a 2000";"Número de AMC no período de 1960 a 2000";"Não oculta";"Internet";NA;0;0;NA;NA;"TOTAMC6000";"Internet";"Regional"
"12302";"TOTAMC7000";1;6;"Ativa";"IBGE";"Geográfico";"Número de AMC no período de 1970 a 2000";"Número de AMC no período de 1970 a 2000";"Não oculta";"Internet";NA;0;0;NA;NA;"TOTAMC7000";"Internet";"Regional"
"12303";"TOTAMC8000";NA;NA;"Ativa";"IBGE";"Geográfico";"Número de AMC no período de 1980 a 2000";"Número de AMC no período de 1980 a 2000";"Não oculta";"Internet";NA;0;0;NA;NA;"TOTAMC8000";"Internet";"Regional"
"12304";"TOTAMC9100";1;6;"Ativa";"IBGE";"Geográfico";"Número de AMC no período de 1991 a 2000";"Número de AMC no período de 1991 a 2000";"Não oculta";"Internet";NA;0;0;NA;NA;"TOTAMC9100";"Internet";"Regional"
"12305";"TOTAMC9500";3;4;"Ativa";"IBGE";"Geográfico";"Número de AMC no período de 1995 a 2000";"Número de AMC no período de 1995 a 2000";"Não oculta";"Internet";NA;0;0;NA;NA;"TOTAMC9500";"Internet";"Regional"
"12306";"IFS12_CAMBNOR12";NA;NA;"Inativa";"FMI/IFS";"Economia internacional";"taxa de câmbio - coroa norueguesa / US$ - média";"taxa de câmbio - coroa norueguesa / US$ - média";"Não oculta";"Intranet";60;0;0;"Incluída em 11/ago/2005.";NA;"IFS12";"Intranet";"Macro"
"12307";"IFS12_CAMBSWE12";NA;NA;"Inativa";"FMI/IFS";"Economia internacional";"taxa de câmbio - coroa sueca / US$ - média";"taxa de câmbio - coroa sueca / US$ - média";"Não oculta";"Intranet";60;0;0;"Incluída em 11/ago/2005.";NA;"IFS12";"Intranet";"Macro"
"12308";"IFS12_CAMBCHE12";NA;NA;"Inativa";"FMI/IFS";"Economia internacional";"taxa de câmbio - franco suiço / US$ - média";"taxa de câmbio - franco suiço / US$ - média";"Não oculta";"Intranet";60;0;0;"Incluída em 11/ago/2005.";NA;"IFS12";"Intranet";"Macro"
"12309";"IFS12_CAMBIRL12";NA;NA;"Inativa";"FMI/IFS";"Economia internacional";"taxa de câmbio - libra irlandesa / US$ - média";"taxa de câmbio - libra irlandesa / US$ - média";"Não oculta";"Intranet";60;0;0;"Incluída em 11/ago/2005.";NA;"IFS12";"Intranet";"Macro"
"12310";"IFS12_CAMBPRT12";NA;NA;"Inativa";"FMI/IFS";"Economia internacional";"taxa de câmbio - escudo / US$ - média";"taxa de câmbio - escudo / US$ - média";"Não oculta";"Intranet";60;0;0;"Incluída em 11/ago/2005.";NA;"IFS12";"Intranet";"Macro"
"12311";"IFS12_CAMBAUS12";NA;NA;"Inativa";"FMI/IFS";"Economia internacional";"taxa de câmbio - dólar australiano / US$ - média";"taxa de câmbio - dólar australiano / US$ - média";"Não oculta";"Intranet";60;0;0;"Incluída em 11/ago/2005.";NA;"IFS12";"Intranet";"Macro"
"12312";"IFS12_CAMBNZL12";NA;NA;"Inativa";"FMI/IFS";"Economia internacional";"taxa de câmbio - dólar da nova zelândia / US$ - média";"taxa de câmbio - dólar da nova zelândia / US$ - média";"Não oculta";"Intranet";60;0;0;"Incluída em 11/ago/2005.";NA;"IFS12";"Intranet";"Macro"
"12313";"IFS12_CAMBZAF12";NA;NA;"Inativa";"FMI/IFS";"Economia internacional";"taxa de câmbio - rand / US$ - média";"taxa de câmbio - rand / US$ - média";"Não oculta";"Intranet";60;0;0;"Incluída em 11/ago/2005.";NA;"IFS12";"Intranet";"Macro"
"12314";"IFS12_CAMBBOL12";NA;NA;"Inativa";"FMI/IFS";"Economia internacional";"taxa de câmbio - peso boliviano / US$ - média";"taxa de câmbio - peso boliviano / US$ - média";"Não oculta";"Intranet";60;0;0;"Incluída em 11/ago/2005.";NA;"IFS12";"Intranet";"Macro"
"12315";"IFS12_CAMBDOM12";NA;NA;"Inativa";"FMI/IFS";"Economia internacional";"taxa de câmbio - peso dominicano / US$ - média";"taxa de câmbio - peso dominicano / US$ - média";"Não oculta";"Intranet";60;0;0;"Incluída em 11/ago/2005.";NA;"IFS12";"Intranet";"Macro"
"12316";"IFS12_CAMBECU12";NA;NA;"Inativa";"FMI/IFS";"Economia internacional";"taxa de câmbio - sucre / US$ - média";"taxa de câmbio - sucre / US$ - média";"Não oculta";"Intranet";60;0;0;"Incluída em 11/ago/2005.";NA;"IFS12";"Intranet";"Macro"
"12317";"IFS12_CAMBPER12";NA;NA;"Inativa";"FMI/IFS";"Economia internacional";"taxa de câmbio - sol novo / US$ - média";"taxa de câmbio - sol novo / US$ - média";"Não oculta";"Intranet";60;0;0;"Incluída em 11/ago/2005.";NA;"IFS12";"Intranet";"Macro"
"12318";"IFS12_CAMBBHS12";NA;NA;"Inativa";"FMI/IFS";"Economia internacional";"taxa de câmbio - dólar das bahamas / US$ - média";"taxa de câmbio - dólar das bahamas / US$ - média";"Não oculta";"Intranet";60;0;0;"Incluída em 11/ago/2005.";NA;"IFS12";"Intranet";"Macro"
"12319";"IFS12_CAMBLCA12";NA;NA;"Inativa";"FMI/IFS";"Economia internacional";"taxa de câmbio - franco CFA / US$ - média";"taxa de câmbio - franco CFA / US$ - média";"Não oculta";"Intranet";60;0;0;"Incluída em 11/ago/2005.";NA;"IFS12";"Intranet";"Macro"
"12320";"IFS12_CAMBTTO12";NA;NA;"Inativa";"FMI/IFS";"Economia internacional";"taxa de câmbio - dólar de trindad e tobago / US$ - média";"taxa de câmbio - dólar de trindad e tobago / US$ - média";"Não oculta";"Intranet";60;0;0;"Incluída em 11/ago/2005.";NA;"IFS12";"Intranet";"Macro"
"12321";"IFS12_CAMBIRN12";NA;NA;"Inativa";"FMI/IFS";"Economia internacional";"taxa de câmbio - rial iraniano / US$ - média";"taxa de câmbio - rial iraniano / US$ - média";"Não oculta";"Intranet";60;0;0;"Incluída em 11/ago/2005.";NA;"IFS12";"Intranet";"Macro"
"12322";"IFS12_CAMBIRQ12";NA;NA;"Inativa";"FMI/IFS";"Economia internacional";"taxa de câmbio - dinar iraquiano / US$ - média";"taxa de câmbio - dinar iraquiano / US$ - média";"Não oculta";"Intranet";60;0;0;"Incluída em 11/ago/2005.";NA;"IFS12";"Intranet";"Macro"
"12323";"IFS12_CAMBISR12";NA;NA;"Inativa";"FMI/IFS";"Economia internacional";"taxa de câmbio - shekel novo / US$ - média";"taxa de câmbio - shekel novo / US$ - média";"Não oculta";"Intranet";60;0;0;"Incluída em 11/ago/2005.";NA;"IFS12";"Intranet";"Macro"
"12324";"IFS12_CAMBSAU12";NA;NA;"Inativa";"FMI/IFS";"Economia internacional";"taxa de câmbio - rial saudita / US$ - média";"taxa de câmbio - rial saudita / US$ - média";"Não oculta";"Intranet";60;0;0;"Incluída em 11/ago/2005.";NA;"IFS12";"Intranet";"Macro"
"12325";"IFS12_CAMBEGY12";NA;NA;"Inativa";"FMI/IFS";"Economia internacional";"taxa de câmbio - libra egípcia / US$ - média";"taxa de câmbio - libra egípcia / US$ - média";"Não oculta";"Intranet";60;0;0;"Incluída em 11/ago/2005.";NA;"IFS12";"Intranet";"Macro"
"12326";"IFS12_CAMBYEM12";NA;NA;"Inativa";"FMI/IFS";"Economia internacional";"taxa de câmbio - rial iemenita / US$ - média";"taxa de câmbio - rial iemenita / US$ - média";"Não oculta";"Intranet";60;0;0;"Incluída em 11/ago/2005.";NA;"IFS12";"Intranet";"Macro"
"12327";"IFS12_CAMBHKG12";NA;NA;"Inativa";"FMI/IFS";"Economia internacional";"taxa de câmbio - dólar de hong kong / US$ - média";"taxa de câmbio - dólar de hong kong / US$ - média";"Não oculta";"Intranet";60;0;0;"Incluída em 11/ago/2005.";NA;"IFS12";"Intranet";"Macro"
"12328";"IFS12_CAMBIND12";NA;NA;"Inativa";"FMI/IFS";"Economia internacional";"taxa de câmbio - rupia indiana / US$ - média";"taxa de câmbio - rupia indiana / US$ - média";"Não oculta";"Intranet";60;0;0;"Incluída em 11/ago/2005.";NA;"IFS12";"Intranet";"Macro"
"12329";"IFS12_CAMBIDN12";NA;NA;"Inativa";"FMI/IFS";"Economia internacional";"taxa de câmbio - rupia / US$ - média";"taxa de câmbio - rupia / US$ - média";"Não oculta";"Intranet";60;0;0;"Incluída em 11/ago/2005.";NA;"IFS12";"Intranet";"Macro"
"12330";"IFS12_CAMBMYS12";NA;NA;"Inativa";"FMI/IFS";"Economia internacional";"taxa de câmbio - ringgit malaio / US$ - média";"taxa de câmbio - ringgit malaio / US$ - média";"Não oculta";"Intranet";60;0;0;"Incluída em 11/ago/2005.";NA;"IFS12";"Intranet";"Macro"
"12331";"IFS12_CAMBPHL12";NA;NA;"Inativa";"FMI/IFS";"Economia internacional";"taxa de câmbio - peso filipino / US$ - média";"taxa de câmbio - peso filipino / US$ - média";"Não oculta";"Intranet";60;0;0;"Incluída em 11/ago/2005.";NA;"IFS12";"Intranet";"Macro"
"12332";"IFS12_CAMBSGP12";NA;NA;"Inativa";"FMI/IFS";"Economia internacional";"taxa de câmbio - dólar de cingapura / US$ - média";"taxa de câmbio - dólar de cingapura / US$ - média";"Não oculta";"Intranet";60;0;0;"Incluída em 11/ago/2005.";NA;"IFS12";"Intranet";"Macro"
"12333";"IFS12_CAMBTHA12";NA;NA;"Inativa";"FMI/IFS";"Economia internacional";"taxa de câmbio - baht / US$ - média";"taxa de câmbio - baht / US$ - média";"Não oculta";"Intranet";60;0;0;"Incluída em 11/ago/2005.";NA;"IFS12";"Intranet";"Macro"
"12334";"IFS12_CAMBDZA12";NA;NA;"Inativa";"FMI/IFS";"Economia internacional";"taxa de câmbio - dinar argelino / US$ - média";"taxa de câmbio - dinar argelino / US$ - média";"Não oculta";"Intranet";60;0;0;"Incluída em 11/ago/2005.";NA;"IFS12";"Intranet";"Macro"
"12335";"IFS12_CAMBAGO12";NA;NA;"Inativa";"FMI/IFS";"Economia internacional";"taxa de câmbio - kuanza / US$ - média";"taxa de câmbio - kuanza / US$ - média";"Não oculta";"Intranet";60;0;0;"Incluída em 11/ago/2005.";NA;"IFS12";"Intranet";"Macro"
"12336";"IFS12_CAMBMAR12";NA;NA;"Inativa";"FMI/IFS";"Economia internacional";"taxa de câmbio - dirrã marroquino / US$ - média";"taxa de câmbio - dirrã marroquino / US$ - média";"Não oculta";"Intranet";60;0;0;"Incluída em 11/ago/2005.";NA;"IFS12";"Intranet";"Macro"
"12337";"IFS12_CAMBNGA12";NA;NA;"Inativa";"FMI/IFS";"Economia internacional";"taxa de câmbio - naira / US$ - média";"taxa de câmbio - naira / US$ - média";"Não oculta";"Intranet";60;0;0;"Incluída em 11/ago/2005.";NA;"IFS12";"Intranet";"Macro"
"12338";"IFS12_CAMBRUS12";NA;NA;"Inativa";"FMI/IFS";"Economia internacional";"taxa de câmbio - rublo / US$ - média";"taxa de câmbio - rublo / US$ - média";"Não oculta";"Intranet";60;0;0;"Incluída em 11/ago/2005.";NA;"IFS12";"Intranet";"Macro"
"12339";"IFS12_CAMBSVN12";NA;NA;"Inativa";"FMI/IFS";"Economia internacional";"taxa de câmbio - tolar / US$ - média";"taxa de câmbio - tolar / US$ - média";"Não oculta";"Intranet";60;0;0;"Incluída em 11/ago/2005.";NA;"IFS12";"Intranet";"Macro"
"12340";"IFS12_CAMBROU12";NA;NA;"Inativa";"FMI/IFS";"Economia internacional";"taxa de câmbio - leu romeno / US$ - média";"taxa de câmbio - leu romeno / US$ - média";"Não oculta";"Intranet";60;0;0;"Incluída em 11/ago/2005.";NA;"IFS12";"Intranet";"Macro"
"12341";"IFS12_IPCNOR12";NA;NA;"Inativa";"FMI/IFS";"Economia internacional";"IPC - índice (média 2005 = 100)";"IPC - índice (média 2005 = 100)";"Não oculta";"Intranet";60;0;0;"Incluída em 11/ago/2005.";NA;"IFS12";"Intranet";"Macro"
"12342";"IFS12_IPCSWE12";NA;NA;"Inativa";"FMI/IFS";"Economia internacional";"IPC - índice (média 2005 = 100)";"IPC - índice (média 2005 = 100)";"Não oculta";"Intranet";60;0;0;"Incluída em 11/ago/2005.";NA;"IFS12";"Intranet";"Macro"
"12343";"IFS12_IPCCHE12";NA;NA;"Inativa";"FMI/IFS";"Economia internacional";"IPC - índice (média 2005 = 100)";"IPC - índice (média 2005 = 100)";"Não oculta";"Intranet";60;0;0;"Incluída em 11/ago/2005.";NA;"IFS12";"Intranet";"Macro"
"12344";"IFS12_IPCIRL12";NA;NA;"Inativa";"FMI/IFS";"Economia internacional";"IPC - índice (média 2005 = 100)";"IPC - índice (média 2005 = 100)";"Não oculta";"Intranet";60;0;0;"Incluída em 11/ago/2005.";NA;"IFS12";"Intranet";"Macro"
"12345";"IFS12_IPCPRT12";NA;NA;"Inativa";"FMI/IFS";"Economia internacional";"IPC - índice (média 2005 = 100)";"IPC - índice (média 2005 = 100)";"Não oculta";"Intranet";60;0;0;"Incluída em 11/ago/2005.";NA;"IFS12";"Intranet";"Macro"
"12346";"IFS12_IPCZAF12";NA;NA;"Inativa";"FMI/IFS";"Economia internacional";"IPC - índice (média 2005 = 100)";"IPC - índice (média 2005 = 100)";"Não oculta";"Intranet";60;0;0;"Incluída em 11/ago/2005.";NA;"IFS12";"Intranet";"Macro"
"12347";"IFS12_IPCBOL12";NA;NA;"Inativa";"FMI/IFS";"Economia internacional";"IPC - índice (média 2005 = 100)";"IPC - índice (média 2005 = 100)";"Não oculta";"Intranet";60;0;0;"Incluída em 11/ago/2005.";NA;"IFS12";"Intranet";"Macro"
"12348";"IFS12_IPCDOM12";NA;NA;"Inativa";"FMI/IFS";"Economia internacional";"IPC - índice (média 2005 = 100)";"IPC - índice (média 2005 = 100)";"Não oculta";"Intranet";60;0;0;"Incluída em 11/ago/2005.";NA;"IFS12";"Intranet";"Macro"
"12349";"IFS12_IPCECU12";NA;NA;"Inativa";"FMI/IFS";"Economia internacional";"IPC - índice (média 2005 = 100)";"IPC - índice (média 2005 = 100)";"Não oculta";"Intranet";60;0;0;"Incluída em 11/ago/2005.";NA;"IFS12";"Intranet";"Macro"
"12350";"IFS12_IPCPER12";NA;NA;"Inativa";"FMI/IFS";"Economia internacional";"IPC - índice (média 2005 = 100)";"IPC - índice (média 2005 = 100)";"Não oculta";"Intranet";60;0;0;"Incluída em 11/ago/2005.";NA;"IFS12";"Intranet";"Macro"
"12351";"IFS12_IPCBHS12";NA;NA;"Inativa";"FMI/IFS";"Economia internacional";"IPC - índice (média 2005 = 100)";"IPC - índice (média 2005 = 100)";"Não oculta";"Intranet";60;0;0;"Incluída em 11/ago/2005.";NA;"IFS12";"Intranet";"Macro"
"12352";"IFS12_IPCLCA12";NA;NA;"Inativa";"FMI/IFS";"Economia internacional";"IPC - índice (média 2005 = 100)";"IPC - índice (média 2005 = 100)";"Não oculta";"Intranet";60;0;0;"Incluída em 11/ago/2005.";NA;"IFS12";"Intranet";"Macro"
"12353";"IFS12_IPCTTO12";NA;NA;"Inativa";"FMI/IFS";"Economia internacional";"IPC - índice (média 2005 = 100)";"IPC - índice (média 2005 = 100)";"Não oculta";"Intranet";60;0;0;"Incluída em 11/ago/2005.";NA;"IFS12";"Intranet";"Macro"
"12354";"IFS12_IPCIRN12";NA;NA;"Inativa";"FMI/IFS";"Economia internacional";"IPC - índice (média 2005 = 100)";"IPC - índice (média 2005 = 100)";"Não oculta";"Intranet";60;0;0;"Incluída em 11/ago/2005.";NA;"IFS12";"Intranet";"Macro"
"12355";"IFS12_IPCISR12";NA;NA;"Inativa";"FMI/IFS";"Economia internacional";"IPC - índice (média 2005 = 100)";"IPC - índice (média 2005 = 100)";"Não oculta";"Intranet";60;0;0;"Incluída em 11/ago/2005.";NA;"IFS12";"Intranet";"Macro"
"12356";"IFS12_IPCSAU12";NA;NA;"Inativa";"FMI/IFS";"Economia internacional";"IPC - índice (média 2005 = 100)";"IPC - índice (média 2005 = 100)";"Não oculta";"Intranet";60;0;0;"Incluída em 11/ago/2005.";NA;"IFS12";"Intranet";"Macro"
"12357";"IFS12_IPCEGY12";NA;NA;"Inativa";"FMI/IFS";"Economia internacional";"IPC - índice (média 2005 = 100)";"IPC - índice (média 2005 = 100)";"Não oculta";"Intranet";60;0;0;"Incluída em 11/ago/2005.";NA;"IFS12";"Intranet";"Macro"
"12358";"IFS12_IPCHKG12";NA;NA;"Inativa";"FMI/IFS";"Economia internacional";"IPC - índice (média 2005 = 100)";"IPC - índice (média 2005 = 100)";"Não oculta";"Intranet";60;0;0;"Incluída em 11/ago/2005.";NA;"IFS12";"Intranet";"Macro"
"12359";"IFS12_IPCIND12";NA;NA;"Inativa";"FMI/IFS";"Economia internacional";"IPC - índice (média 2005 = 100)";"IPC - índice (média 2005 = 100)";"Não oculta";"Intranet";60;0;0;"Incluída em 11/ago/2005.";NA;"IFS12";"Intranet";"Macro"
"12360";"IFS12_IPCIDN12";NA;NA;"Inativa";"FMI/IFS";"Economia internacional";"IPC - índice (média 2005 = 100)";"IPC - índice (média 2005 = 100)";"Não oculta";"Intranet";60;0;0;"Incluída em 11/ago/2005.";NA;"IFS12";"Intranet";"Macro"
"12361";"IFS12_IPCMYS12";NA;NA;"Inativa";"FMI/IFS";"Economia internacional";"IPC - índice (média 2005 = 100)";"IPC - índice (média 2005 = 100)";"Não oculta";"Intranet";60;0;0;"Incluída em 11/ago/2005.";NA;"IFS12";"Intranet";"Macro"
"12362";"IFS12_IPCPHL12";NA;NA;"Inativa";"FMI/IFS";"Economia internacional";"IPC - índice (média 2005 = 100)";"IPC - índice (média 2005 = 100)";"Não oculta";"Intranet";60;0;0;"Incluída em 11/ago/2005.";NA;"IFS12";"Intranet";"Macro"
"12363";"IFS12_IPCSGP12";NA;NA;"Inativa";"FMI/IFS";"Economia internacional";"IPC - índice (média 2005 = 100)";"IPC - índice (média 2005 = 100)";"Não oculta";"Intranet";60;0;0;"Incluída em 11/ago/2005.";NA;"IFS12";"Intranet";"Macro"
"12364";"IFS12_IPCTHA12";NA;NA;"Inativa";"FMI/IFS";"Economia internacional";"IPC - índice (média 2005 = 100)";"IPC - índice (média 2005 = 100)";"Não oculta";"Intranet";60;0;0;"Incluída em 11/ago/2005.";NA;"IFS12";"Intranet";"Macro"
"12365";"IFS12_IPCDZA12";NA;NA;"Inativa";"FMI/IFS";"Economia internacional";"IPC - índice (média 2005 = 100)";"IPC - índice (média 2005 = 100)";"Não oculta";"Intranet";60;0;0;"Incluída em 11/ago/2005.";NA;"IFS12";"Intranet";"Macro"
"12366";"IFS12_IPCAGO12";NA;NA;"Inativa";"FMI/IFS";"Economia internacional";"IPC - índice (média 2005 = 100)";"IPC - índice (média 2005 = 100)";"Não oculta";"Intranet";60;0;0;"Incluída em 11/ago/2005.";NA;"IFS12";"Intranet";"Macro"
"12367";"IFS12_IPCMAR12";NA;NA;"Inativa";"FMI/IFS";"Economia internacional";"IPC - índice (média 2005 = 100)";"IPC - índice (média 2005 = 100)";"Não oculta";"Intranet";60;0;0;"Incluída em 11/ago/2005.";NA;"IFS12";"Intranet";"Macro"
"12368";"IFS12_IPCNGA12";NA;NA;"Inativa";"FMI/IFS";"Economia internacional";"IPC - índice (média 2005 = 100)";"IPC - índice (média 2005 = 100)";"Não oculta";"Intranet";60;0;0;"Incluída em 11/ago/2005.";NA;"IFS12";"Intranet";"Macro"
"12369";"IFS12_IPCRUS12";NA;NA;"Inativa";"FMI/IFS";"Economia internacional";"IPC - índice (média 2005 = 100)";"IPC - índice (média 2005 = 100)";"Não oculta";"Intranet";60;0;0;"Incluída em 11/ago/2005.";NA;"IFS12";"Intranet";"Macro"
"12370";"IFS12_IPCSVN12";NA;NA;"Inativa";"FMI/IFS";"Economia internacional";"IPC - índice (média 2005 = 100)";"IPC - índice (média 2005 = 100)";"Não oculta";"Intranet";60;0;0;"Incluída em 11/ago/2005.";NA;"IFS12";"Intranet";"Macro"
"12371";"IFS12_IPCROU12";NA;NA;"Inativa";"FMI/IFS";"Economia internacional";"IPC - índice (média 2005 = 100)";"IPC - índice (média 2005 = 100)";"Não oculta";"Intranet";60;0;0;"Incluída em 11/ago/2005.";NA;"IFS12";"Intranet";"Macro"
"12372";"TOTAMC7080";1;6;"Ativa";"IBGE";"Geográfico";"Número de AMC no período de 1970 a 1980";"Número de AMC no período de 1970 a 1980";"Não oculta";"Internet";NA;0;0;NA;NA;"TOTAMC7080";"Internet";"Regional"
"12373";"HIST12_ERVL12";6;1117;"Inativa";"Outras fontes";"Câmbio";"Taxa de câmbio - libra esterlina / mil réis - RJ";"Taxa  de câmbio da libra esterlina (em pences/réis) na praça do Rio de Janeiro (RJ)";"Oculta";"Intranet";90;0;1;"Incluída em 25/ago/2005 .";NA;"HIST12";"Oculta";"Macro"
"12374";"HIST12_CAFEARR12";27;457;"Inativa";"Outras fontes";"Preços";"Preço - café - arroba";"Preço - café - arroba";"Não oculta";"Internet";90;0;1;"Incluída em 25/ago/2005 .";NA;"HIST12";"Internet";"Macro"
"12375";"HIST12_ACUCARARR12";9;946;"Inativa";"Outras fontes";"Preços";"Preço - açucar branco - arroba";"Preço - açucar branco - arroba";"Não oculta";"Internet";90;0;1;"Incluída em 25/ago/2005 .";NA;"HIST12";"Internet";"Macro"
"12376";"HIST12_ACUCARBRARR12";10;894;"Inativa";"Outras fontes";"Preços";"Preço - açucar bruto - arroba";"Preço - açucar bruto - arroba";"Não oculta";"Internet";90;0;1;"Incluída em 25/ago/2005 .";NA;"HIST12";"Internet";"Macro"
"12377";"HIST_DIVFEDFUND";18;565;"Inativa";"Outras fontes";"Finanças públicas";"Dívida interna  - fundada - gov. federal";"Dívida interna  - fundada - governo federal";"Não oculta";"Internet";90;0;1;"Incluída em 30/ago/2005 .";NA;"HIST";"Internet";"Macro"
"12378";"HIST_XTVMAQLIBRA";3;1315;"Inativa";"Outras fontes";"Comércio exterior";"Importações - máquinas e equipamentos para a indústria (da Grã-Bretanha, EUA, Alemanha e França)";"Importações - máquinas e equipamentos para a indústria  provenientes da Grã-Bretanha, EUA, Alemanha e França";"Não oculta";"Internet";90;0;1;"Incluída em 20/set/2005 .";NA;"HIST";"Internet";"Macro"
"12379";"HIST_MDQBK";6;1048;"Inativa";"Outras fontes";"Comércio exterior";"Importações - bens de capital - quantum - índice (média 1939 = 100)";"Importações - bens de capital - quantum - índice (média 1939 = 100)";"Não oculta";"Internet";90;0;1;"Incluída em 20/set/2005 .";NA;"HIST";"Internet";"Macro"
"12380";"HIST_CCIM";16;619;"Inativa";"Outras fontes";"Consumo e vendas";"Consumo aparente - cimento - qde.";"Consumo aparente de cimento: quantidade";"Não oculta";"Internet";90;0;1;"Incluída em 20/set/2005 .";NA;"HIST";"Internet";"Macro"
"12381";"HIST_CACO";10;818;"Inativa";"Outras fontes";"Consumo e vendas";"Consumo aparente - laminados de aço - qde.";"Consumo aparente de laminados de aço: quantidade";"Não oculta";"Internet";90;0;1;"Incluída em 20/set/2005 .";NA;"HIST";"Internet";"Macro"
"12382";"MTE12_SALMIN12";820;13;"Ativa";"MTE/Outras";"Salário e renda";"Salário mínimo";"Salário mínimo nominal vigente.";"Não oculta";"Internet";0;0;0;NA;"Geradora";"MTE12";"Internet";"Macro"
"12383";"GAMMA_ERMRH";NA;NA;"Inativa";"IPEA";"Contas nacionais";"Estruturas residenciais estimado pelo Método de Renda Hedônico ER (MRH)";"Estruturas residenciais estimado pelo Método de Renda Hedônico ER (MRH)";"Oculta";"Internet";360;0;0;"Incluída em 09/agot/2005 .";NA;"GAMMA";"Oculta";"Macro"
"12384";"GAMMA_DOMPNAD";NA;NA;"Inativa";"IPEA";"Contas nacionais";"Brasil: Total de Domicílios Particulares Permanentes Ocupados (PNAD)";"Brasil: Total de Domicílios Particulares Permanentes Ocupados (PNAD)";"Oculta";"Internet";360;0;0;"Incluída em 09/agot/2005 .";NA;"GAMMA";"Oculta";"Macro"
"12385";"HIST_CIMENTV";1;1606;"Inativa";"Outras fontes";"Produção";"Produção - cimento";"Produção - cimento";"Não oculta";"Internet";90;0;1;"Incluída em 29/seti/2005 .";NA;"HIST";"Internet";"Macro"
"12386";"HIST_CIMENTMQ";1;1606;"Inativa";"Outras fontes";"Comércio exterior";"Importações - cimento - qde.";"Importações - cimento: quantidade";"Não oculta";"Internet";90;0;1;"Incluída em 29/seti/2005 .";NA;"HIST";"Internet";"Macro"
"12387";"HIST_CIMENTMV";1;1606;"Inativa";"Outras fontes";"Comércio exterior";"Importações - cimento";"Importações - cimento";"Não oculta";"Internet";90;0;1;"Incluída em 29/seti/2005 .";NA;"HIST";"Internet";"Macro"
"12388";"HIST_XPMAQEUA";6;1048;"Inativa";"Outras fontes";"Economia internacional";"exportações - máquinas e veículos - preços - índice (média 1913 = 100)";"Índice de preços das exportações de máquinas e veículos, exceto automóveis ( média 1913=100)";"Não oculta";"Internet";90;0;1;"Incluída em 04/out/2005 .";NA;"HIST";"Internet";"Macro"
"12389";"HIST_ERVL";20;518;"Inativa";"Outras fontes";"Câmbio";"Taxa de câmbio - libra esterlina / mil réis - RJ";"Taxa de  câmbio média mensal da libra esterlina (réis por pence) na praça do Rio de Janeiro (RJ)";"Não oculta";"Internet";90;0;1;"Incluída em 25/ago/2005 .";NA;"HIST";"Internet";"Macro"
"12390";"POPINTAMC60";NA;NA;"Ativa";"IPEA";"População";"População estimada para as áreas minimas comparáveis no período de 1960-2000";"População estimada para as áreas minimas comparáveis no período de 1960-2000";"Não oculta";"Internet";NA;0;0;NA;NA;"POPINTAMC60";"Internet";"Regional"
"12391";"POPPERCA";NA;NA;"Ativa";"IPEA";"População";"População utilizada para geração de gráfico(percapita)";"População -  gráfico(percapita)";"Não oculta";"Intranet";NA;0;0;NA;NA;"POPPERCA";"Intranet";"Regional"
"12392";"NESTACAO";102;1;"Ativa";"RFFSA";"Transporte";"Número de estações ferroviárias no município";"Número de estações ferroviárias no município";"Não oculta";"Internet";NA;0;0;NA;NA;"NESTACAO";"Internet";"Regional"
"12393";"STN12_NFRRBC12";1;1628;"Inativa";"Min. Fazenda/STN";"Finanças públicas";"NFSP - gov. central - receita total - receitas do Banco Central";"Necessidade de financiamento do setor público (NFSP) - governo central - receita total - receitas do Banco Central";"Não oculta";"Internet";30;0;0;"Incluída em 24/out/2005.";NA;"STN12";"Internet";"Macro"
"12394";"STN12_NFTEMCIDE12";11;856;"Inativa";"Min. Fazenda/STN";"Finanças públicas";"NFSP - gov. central - transf. estados e municípios - transferências da Cide";"Necessidade de financiamento do setor público (NFSP) - governo central - transferências a estados e municípios - transferências da Cide";"Não oculta";"Internet";30;0;0;"Incluída em 24/out/2005.";NA;"STN12";"Internet";"Macro"
"12395";"STN12_NFDBA12";18;647;"Inativa";"Min. Fazenda/STN";"Finanças públicas";"NFSP - gov. central - despesa total - benefícios assistenciais (LOAS e RMV)";"Necessidade de financiamento do setor público (NFSP) - governo central - despesa total - benefícios assistenciais (LOAS e RMV)";"Não oculta";"Internet";30;0;0;"Incluída em 24/out/2005.";NA;"STN12";"Internet";"Macro"
"12396";"STN12_NFDTT12";2;1480;"Inativa";"Min. Fazenda/STN";"Finanças públicas";"NFSP - gov. central - despesa total - transferência do Tesouro ao Banco Central";"Necessidade de financiamento do setor público (NFSP) - governo central - despesa total - transferência do Tesouro ao Banco Central";"Não oculta";"Internet";30;0;0;"Incluída em 24/out/2005.";NA;"STN12";"Internet";"Macro"
"12397";"STN12_NFDDBC12";7;1050;"Inativa";"Min. Fazenda/STN";"Finanças públicas";"NFSP - gov. central - despesa total - despesas do Banco Central";"Necessidade de financiamento do setor público (NFSP) - governo central - despesa total - despesas do Banco Central";"Não oculta";"Internet";30;0;0;"Incluída em 24/out/2005.";NA;"STN12";"Internet";"Macro"
"12398";"STN12_NFAJUS12";3;1356;"Inativa";"Min. Fazenda/STN";"Finanças públicas";"NFSP - gov. central - ajuste metodológico";"Necessidade de financiamento do setor público (NFSP) - governo central - ajuste metodológico";"Não oculta";"Internet";30;0;0;"Incluída em 24/out/2005.";NA;"STN12";"Internet";"Macro"
"12399";"STN12_RRBRUTO12";6;1117;"Inativa";"Min. Fazenda/STN";"Finanças públicas";"Execução financeira - receitas - recolhimento bruto";"Execução financeira do Tesouro Nacional - receitas - recolhimento bruto";"Não oculta";"Internet";30;0;0;"Incluída em 24/out/2005.";NA;"STN12";"Internet";"Macro"
"12400";"STN12_RINCFISC12";7;1050;"Inativa";"Min. Fazenda/STN";"Finanças públicas";"Execução financeira - receitas - incentivos fiscais";"Execução financeira do Tesouro Nacional - receitas - incentivos fiscais";"Não oculta";"Internet";30;0;0;"Incluída em 24/out/2005.";NA;"STN12";"Internet";"Macro"
"12401";"STN12_RSALEDU12";8;996;"Inativa";"Min. Fazenda/STN";"Finanças públicas";"Execução financeira - receitas - receita do salário educação";"Execução financeira do Tesouro Nacional - receitas - receita do salário educação";"Não oculta";"Internet";30;0;0;"Incluída em 24/out/2005.";NA;"STN12";"Internet";"Macro"
"12402";"STN12_DLIBVINC12";33;388;"Inativa";"Min. Fazenda/STN";"Finanças públicas";"Execução financeira - despesas - liberações vinculadas";"Execução financeira do Tesouro Nacional - despesas - liberações vinculadas";"Não oculta";"Internet";30;0;0;"Incluída em 24/out/2005.";NA;"STN12";"Internet";"Macro"
"12403";"STN12_DLVTRAFUND12";10;894;"Inativa";"Min. Fazenda/STN";"Finanças públicas";"Execução financeira - despesas - liberações vinculadas - transferências a fundos constitucionais";"Execução financeira do Tesouro Nacional - despesas - liberações vinculadas - transferências a fundos constitucionais";"Não oculta";"Internet";30;0;0;"Incluída em 24/out/2005.";NA;"STN12";"Internet";"Macro"
"12404";"STN12_DLVTRAFDEM12";8;996;"Inativa";"Min. Fazenda/STN";"Finanças públicas";"Execução financeira - despesas - liberações vinculadas - demais transferências estados e municípios";"Execução financeira do Tesouro Nacional - despesas - liberações vinculadas - demais transferências a estados e municípios";"Não oculta";"Internet";30;0;0;"Incluída em 24/out/2005.";NA;"STN12";"Internet";"Macro"
"12405";"STN12_DLVLEI12";5;1176;"Inativa";"Min. Fazenda/STN";"Finanças públicas";"Execução financeira - despesas - liberações vinculadas - transferência da Lei complementar 87";"Execução financeira do Tesouro Nacional - despesas - liberações vinculadas - transferência da Lei complementar 87";"Não oculta";"Internet";30;0;0;"Incluída em 24/out/2005.";NA;"STN12";"Internet";"Macro"
"12406";"STN12_DLIBORD12";35;375;"Inativa";"Min. Fazenda/STN";"Finanças públicas";"Execução financeira - despesas - liberações ordinárias";"Execução financeira do Tesouro Nacional - despesas - liberações ordinárias";"Não oculta";"Internet";30;0;0;"Incluída em 24/out/2005.";NA;"STN12";"Internet";"Macro"
"12407";"STN12_DLOEDIVINT12";14;737;"Inativa";"Min. Fazenda/STN";"Finanças públicas";"Execução financeira - despesas - liberações ordinárias - encargos dívida contratual - interna";"Execução financeira do Tesouro Nacional - despesas - liberações ordinárias - encargos dívida contratual - interna";"Não oculta";"Internet";30;0;0;"Incluída em 24/out/2005.";NA;"STN12";"Internet";"Macro"
"12408";"STN12_DLOEDIVEXT12";7;1050;"Inativa";"Min. Fazenda/STN";"Finanças públicas";"Execução financeira - despesas - liberações ordinárias - encargos dívida contratual - externa";"Execução financeira do Tesouro Nacional - despesas - liberações ordinárias - encargos dívida contratual - externa";"Não oculta";"Internet";30;0;0;"Incluída em 24/out/2005.";NA;"STN12";"Internet";"Macro"
"12409";"STN12_DLOREST12";4;1262;"Inativa";"Min. Fazenda/STN";"Finanças públicas";"Execução financeira - despesas - liberações ordinárias - restos a pagar";"Execução financeira do Tesouro Nacional - despesas - liberações ordinárias - restos a pagar";"Não oculta";"Internet";0;0;0;"Incluída em 24/out/2005.";NA;"STN12";"Internet";"Macro"
"12410";"STN12_RF12";10;894;"Inativa";"Min. Fazenda/STN";"Finanças públicas";"Execução financeira - financiamento - receitas";"Execução financeira do Tesouro Nacional - financiamento - receita";"Não oculta";"Internet";30;0;0;"Incluída em 24/out/2005.";NA;"STN12";"Internet";"Macro"
"12411";"STN12_DESF12";11;856;"Inativa";"Min. Fazenda/STN";"Finanças públicas";"Execução financeira - financiamento - despesas";"Execução financeira do Tesouro Nacional - financiamento - despesa";"Não oculta";"Internet";30;0;0;"Incluída em 24/out/2005.";NA;"STN12";"Internet";"Macro"
"12412";"STN12_DESFAMI12";16;690;"Inativa";"Min. Fazenda/STN";"Finanças públicas";"Execução financeira - financiamento - despesas - amortização da dívida interna";"Execução financeira do Tesouro Nacional - financiamento - despesas - amortização da dívida interna";"Não oculta";"Internet";30;0;0;"Incluída em 24/out/2005.";NA;"STN12";"Internet";"Macro"
"12413";"STN12_DESFAMITIT12";5;1176;"Inativa";"Min. Fazenda/STN";"Finanças públicas";"Execução financeira - financiamento - despesas - amortização da dívida interna - resg. tít.- mercado";"Execução financeira do Tesouro Nacional - financiamento - despesas - amortização da dívida interna - resgate de títulos - mercado";"Não oculta";"Internet";30;0;0;"Incluída em 24/out/2005.";NA;"STN12";"Internet";"Macro"
"12414";"STN12_DESFAMIDC12";7;1050;"Inativa";"Min. Fazenda/STN";"Finanças públicas";"Execução financeira - financiamento - despesas - amortização da dívida interna - dívida contratual";"Execução financeira do Tesouro Nacional - financiamento - despesas - amortização da dívida interna - dívida contratual";"Não oculta";"Internet";30;0;0;"Incluída em 24/out/2005.";NA;"STN12";"Internet";"Macro"
"12415";"STN12_DESFAME12";10;894;"Inativa";"Min. Fazenda/STN";"Finanças públicas";"Execução financeira - financiamento - despesas - amortização da dívida externa";"Execução financeira do Tesouro Nacional - financiamento - despesas - amortização da dívida externa";"Não oculta";"Internet";30;0;0;"Incluída em 24/out/2005.";NA;"STN12";"Internet";"Macro"
"12416";"STN12_DESFGAR12";2;1480;"Inativa";"Min. Fazenda/STN";"Finanças públicas";"Execução financeira - financiamento - despesas - aquisição de garantias e outras liberações";"Execução financeira do Tesouro Nacional - financiamento - despesas - aquisição de garantias e outras liberações";"Não oculta";"Internet";30;0;0;"Incluída em 24/out/2005.";NA;"STN12";"Internet";"Macro"
"12417";"STN12_ENDMOBI112";15;714;"Inativa";"Min. Fazenda/STN";"Finanças públicas";"Execução financeira - financiamento - endividamento mobiliário interno líquido";"Execução financeira do Tesouro Nacional - financiamento - endividamento mobiliário interno líquido";"Não oculta";"Internet";30;0;0;"Incluída em 24/out/2005.";NA;"STN12";"Internet";"Macro"
"12418";"STN12_RTNBCB12";5;1176;"Inativa";"Min. Fazenda/STN";"Finanças públicas";"Execução financeira - financiamento - resultado Tesouro/Bacen";"Execução financeira do Tesouro Nacional - financiamento - resultado Tesouro/Bacen";"Não oculta";"Internet";30;0;0;"Incluída em 24/out/2005.";NA;"STN12";"Internet";"Macro"
"12419";"STN12_RFTIT12";1;1628;"Inativa";"Min. Fazenda/STN";"Finanças públicas";"Execução financeira - financiamento - receitas - emissão de títulos - mercado";"Execução financeira do Tesouro Nacional - financiamento - receitas - emissão de títulos - mercado";"Não oculta";"Internet";30;0;0;"Incluída em 24/out/2005.";NA;"STN12";"Internet";"Macro"
"12420";"GAC12_CARN12";68;184;"Inativa";"IPEA";"Preços";"Commodities - carnes - preço - índice (jan. 2002 = 100)";"Índice de preços internacionais de commodities:carne";"Não oculta";"Internet";30;1;0;"Incluída em 24/out/2005.";NA;"GAC12";"Internet";"Macro"
"12421";"GAC12_GRAO12";85;140;"Inativa";"IPEA";"Preços";"Commodities - grãos, oleaginosas e frutas - preço - índice (jan. 2002 = 100)";"Índice de preços internacionais de commodities:grãos, oleaginosas e frutas";"Não oculta";"Internet";30;1;0;"Incluída em 24/out/2005.";NA;"GAC12";"Internet";"Macro"
"12422";"GAC12_EXPETR12";79;151;"Inativa";"IPEA";"Preços";"Commodities - geral (exceto petróleo) - preço - índice (jan. 2002 = 100)";"Índice de preços internacionais de commodities:geral (exceto petróleo)";"Não oculta";"Internet";30;1;0;"Incluída em 24/out/2005.";NA;"GAC12";"Internet";"Macro"
"12423";"GAC12_COMMO12";54;238;"Inativa";"IPEA";"Preços";"Commodities - geral - preço - índice (jan. 2002 = 100)";"Índice de preços internacionais de commodities:geral";"Não oculta";"Internet";30;1;0;"Incluída em 24/out/2005.";NA;"GAC12";"Internet";"Macro"
"12424";"GAC12_MATPRIM12";40;330;"Inativa";"IPEA";"Preços";"Commodities - materias primas - preço - índice (jan. 2002 = 100)";"Índice de preços internacionais de commodities:materias primas";"Não oculta";"Internet";30;1;0;"Incluída em 24/out/2005.";NA;"GAC12";"Internet";"Macro"
"12425";"GAC12_MIN12";38;345;"Inativa";"IPEA";"Preços";"Commodities - minerais - preço - índice (jan. 2002 = 100)";"Índice de preços internacionais de commodities:minerais";"Não oculta";"Internet";30;1;0;"Incluída em 24/out/2005.";NA;"GAC12";"Internet";"Macro"
"12426";"GAC12_PETROL12";96;119;"Inativa";"IPEA";"Preços";"Commodities - petróleo e derivados - preço - índice (jan. 2002 = 100)";"Índice de preços internacionais de commodities:petróleo e derivados";"Não oculta";"Internet";30;1;0;"Incluída em 24/out/2005.";NA;"GAC12";"Internet";"Macro"
"12427";"STN12_RRTNBCB12";4;1262;"Inativa";"Min. Fazenda/STN";"Finanças públicas";"Execução financeira - financiamento - resultado Tesouro/Bacen - rec. do Bacen";"Execução financeira do Tesouro Nacional do Tesouro Nacional - financiamento - resultado Tesouro/Bacen - receitas do Bacen";"Não oculta";"Internet";30;0;0;"Incluída em 26/out/2005.";NA;"STN12";"Internet";"Macro"
"12428";"STN12_RTNBCBTIT12";3;1356;"Inativa";"Min. Fazenda/STN";"Finanças públicas";"Execução financeira - financiamento - resultado Tesouro/Bacen - rec. do Bacen - emissão títulos";"Execução financeira do Tesouro Nacional - financiamento - resultado Tesouro/Bacen - receitas do Bacen - emissão de títulos";"Não oculta";"Internet";30;0;0;"Incluída em 26/out/2005.";NA;"STN12";"Internet";"Macro"
"12429";"STN12_RTNBCBDIS12";1;1628;"Inativa";"Min. Fazenda/STN";"Finanças públicas";"Execução financeira - financiamento - resultado Tesouro/Bacen - rec. do Bacen - remun. disponib.";"Execução financeira do Tesouro Nacional - financiamento - resultado Tesouro/Bacen - receitas do Bacen - remuneração das disponibilidades";"Não oculta";"Internet";30;0;0;"Incluída em 26/out/2005.";NA;"STN12";"Internet";"Macro"
"12430";"STN12_RTNBCBUGS12";1;1628;"Inativa";"Min. Fazenda/STN";"Finanças públicas";"Execução financeira - financiamento - resultado Tesouro/Bacen - rec. do Bacen - remun. aplic. financ";"Execução financeira do Tesouro Nacional - financiamento - resultado Tesouro/Bacen - receitas do Bacen - remuneração das aplic. financeiras das Ugs";"Não oculta";"Internet";30;0;0;"Incluída em 26/out/2005.";NA;"STN12";"Internet";"Macro"
"12431";"STN12_DTNBCB12";3;1356;"Inativa";"Min. Fazenda/STN";"Finanças públicas";"Execução financeira - financiamento - resultado Tesouro/Bacen - des. no Bacen";"Execução financeira do Tesouro Nacional - financiamento - resultado Tesouro/Bacen - despesas no Bacen";"Não oculta";"Internet";30;0;0;"Incluída em 26/out/2005.";NA;"STN12";"Internet";"Macro"
"12432";"STN12_DTNBCBTIT12";1;1628;"Inativa";"Min. Fazenda/STN";"Finanças públicas";"Execução financeira - financiamento - resultado Tesouro/Bacen - des. no Bacen - resgate títulos";"Execução financeira do Tesouro Nacional - financiamento - resultado Tesouro/Bacen - despesas no Bacen - resgate de títulos";"Não oculta";"Internet";30;0;0;"Incluída em 26/out/2005.";NA;"STN12";"Internet";"Macro"
"12433";"VALOR366_GLOBAL40366";110;12;"Inativa";"Valor Econômico";"Financeiras";"Bônus global República (40) - spread (série interrompida)";"Bônus global República (40) - spread (série interrompida)";"Não oculta";"Intranet";1;0;0;"Incluída em 31/out/2005";NA;"VALOR366";"Intranet";"Macro"
"12434";"PMEN12_POCSPUB12";17;667;"Inativa";"IBGE/PME";"Emprego";"População ocupada - empregada - setor público - RMs";"Pessoas de 10 anos ou mais de idade, empregadas do setor público, no trabalho principal, da semana de referência, por regiões metropolitanas.";"Não oculta";"Internet";25;0;0;"Incluída em 3/novr/2005 .";NA;"PMEN12";"Internet";"Macro"
"12435";"PMEN12_POCSPUBCCART12";26;472;"Inativa";"IBGE/PME";"Emprego";"População ocupada - empregada - setor público - com carteira assinada - RMs";"Pessoas de 10 anos ou mais de idade, empregadas com carteira de trabalho assinada do setor público, no trabalho principal da semana de referência,  por regiões metropolitanas.";"Não oculta";"Internet";25;0;0;"Incluída em 08/nov/2005 .";NA;"PMEN12";"Internet";"Macro"
"12436";"PMEN12_POCSPUBSCART12";26;472;"Inativa";"IBGE/PME";"Emprego";"População ocupada - empregada - setor público - sem carteira assinada - RMs";"Pessoas de 10 anos ou mais de idade, empregadas sem carteira de trabalho assinada do setor público, no trabalho principal da semana de referência,  por regiões metropolitanas.";"Não oculta";"Internet";25;0;0;"Incluída em 08/nov/2005 .";NA;"PMEN12";"Internet";"Macro"
"12437";"PMC12_VRVEICSA12";36;363;"Ativa";"IBGE/PMC";"Consumo e vendas";"Vendas reais - varejo - veículos, motos, partes e peças - índice dessaz. (média 2014 = 100)";"Vendas reais de veículos, motos, partes e peças no varejo - índice com ajuste sazonal (média 2014 = 100)";"Não oculta";"Internet";40;0;0;"Incluída em 09/nov/2005.";NA;"PMC12";"Internet";"Macro"
"12438";"PMC12_VRCOMBSA12";18;647;"Ativa";"IBGE/PMC";"Consumo e vendas";"Vendas reais - varejo - combustíveis e lubrificantes - índice dessaz. (média 2014 = 100)";"Vendas reais de combustíveis e lubrificantes no varejo - índice com ajuste sazonal (média 2014 = 100)";"Não oculta";"Internet";40;0;0;"Incluída em 09/nov/2005.";NA;"PMC12";"Internet";"Macro"
"12439";"PMC12_VRSUPSA12";40;330;"Ativa";"IBGE/PMC";"Consumo e vendas";"Vendas reais - varejo - hipermercados, prod. alim.. bebida e fumo - índice dessaz.(média 2014 = 100)";"Vendas reais de hipermercados, supermercados, produtos alimentícios, bebidas e fumo no varejo - índice com ajuste sazonal (média 2014 = 100)";"Não oculta";"Internet";40;0;0;"Incluída em 09/nov/2005.";NA;"PMC12";"Internet";"Macro"
"12440";"PMC12_VRSUPTSA12";58;217;"Ativa";"IBGE/PMC";"Consumo e vendas";"Vendas reais - varejo - hipermercados e superm. - índice dessaz. (média 2014 = 100)";"Vendas reais de hipermercados e supermercados no varejo - índice com ajuste sazonal (média 2014 = 100)";"Não oculta";"Internet";40;0;0;"Incluída em 09/nov/2005.";NA;"PMC12";"Internet";"Macro"
"12441";"PMC12_VRVESTSA12";63;197;"Ativa";"IBGE/PMC";"Consumo e vendas";"Vendas reais - varejo - tecidos, vestuário e calçados - índice dessaz. (média 2014 = 100)";"Vendas reais de tecidos, vestuário e calçados no varejo - índice com ajuste sazonal (média 2014 = 100)";"Não oculta";"Internet";40;0;0;"Incluída em 09/nov/2005.";NA;"PMC12";"Internet";"Macro"
"12442";"PMC12_VRELETRSA12";59;214;"Ativa";"IBGE/PMC";"Consumo e vendas";"Vendas reais - varejo - móveis e eletrodomésticos - índice dessaz. (média 2014 = 100)";"Vendas reais de móveis e eletrodomésticos no varejo - índice com ajuste sazonal (média 2014 = 100)";"Não oculta";"Internet";40;0;0;"Incluída em 09/nov/2005.";NA;"PMC12";"Internet";"Macro"
"12443";"PMC12_IVVRSA12";90;129;"Ativa";"IBGE/PMC";"Consumo e vendas";"Vendas reais - varejo - índice dessaz. (média 2014 = 100)";"Vendas reais no varejo - índice com ajuste sazonal (média 2014 = 100)";"Não oculta";"Internet";40;0;0;"Incluída em 09/nov/2005.";NA;"PMC12";"Internet";"Macro"
"12444";"ANFAVE_VCAMINGAS";4;1216;"Ativa";"Anfavea";"Consumo e vendas";"Vendas - caminhões - nacionais - gasolina - montados - qde.";"Vendas - caminhões - nacionais - gasolina - montados - qde.";"Não oculta";"Intranet";360;0;0;"Incluída em 17/novr/2005.";NA;"ANFAVE";"Intranet";"Macro"
"12445";"ANFAVE_VONIBUGAS";2;1445;"Inativa";"Anfavea";"Consumo e vendas";"Vendas - ônibus - nacionais - gasolina - montados - qde.";"Vendas - ônibus - nacionais - gasolina - montados - qde.";"Não oculta";"Intranet";360;0;0;"Incluída em 17/novr/2005.";NA;"ANFAVE";"Intranet";"Macro"
"12446";"ANFAVE_VQVEICLGAS";26;432;"Ativa";"Anfavea";"Consumo e vendas";"Vendas - automóveis - nacionais - gasolina - montados - qde.";"Vendas - automóveis - nacionais - gasolina - montados - qde.";"Não oculta";"Intranet";360;0;0;"Incluída em 17/novr/2005.";NA;"ANFAVE";"Intranet";"Macro"
"12447";"ANFAVE_VTOTGAS";28;415;"Ativa";"Anfavea";"Consumo e vendas";"Vendas - autoveículos - nacionais - gasolina - montados - qde.";"Vendas - autoveículos - nacionais - gasolina - montados - qde.";"Não oculta";"Intranet";360;0;0;"Incluída em 17/novr/2005.";NA;"ANFAVE";"Intranet";"Macro"
"12448";"ANFAVE_VVEICLGAS";8;932;"Ativa";"Anfavea";"Consumo e vendas";"Vendas - veículos comerciais leves - nacionais - gasolina - montados - qde.";"Vendas - veículos comerciais leves - nacionais - gasolina - montados - qde.";"Não oculta";"Intranet";360;0;0;"Incluída em 17/novr/2005.";NA;"ANFAVE";"Intranet";"Macro"
"12449";"ANFAVE_VCAMINALC";8;932;"Inativa";"Anfavea";"Consumo e vendas";"Vendas - caminhões - nacionais - álcool - montados - qde.";"Vendas - caminhões - nacionais - álcool - montados - qde.";"Não oculta";"Intranet";360;0;0;"Incluída em 17/novr/2005.";NA;"ANFAVE";"Intranet";"Macro"
"12450";"ANFAVE_VONIBUALC";4;1216;"Inativa";"Anfavea";"Consumo e vendas";"Vendas - ônibus - nacionais - álcool - montados - qde.";"Vendas - ônibus - nacionais - álcool - montados - qde.";"Não oculta";"Intranet";360;0;0;"Incluída em 17/novr/2005.";NA;"ANFAVE";"Intranet";"Macro"
"12451";"ANFAVE_VQVEICLALC";46;263;"Ativa";"Anfavea";"Consumo e vendas";"Vendas - automóveis - nacionais - álcool - montados - qde.";"Vendas - automóveis - nacionais - álcool - montados - qde.";"Não oculta";"Intranet";360;0;0;"Incluída em 17/novr/2005.";NA;"ANFAVE";"Intranet";"Macro"
"12452";"ANFAVE_VTOTALC";23;471;"Ativa";"Anfavea";"Consumo e vendas";"Vendas - autoveículos - nacionais - álcool - montados - qde.";"Vendas - autoveículos - nacionais - álcool - montados - qde.";"Não oculta";"Intranet";360;0;0;"Incluída em 17/novr/2005.";NA;"ANFAVE";"Intranet";"Macro"
"12453";"ANFAVE_VVEICLALC";17;594;"Ativa";"Anfavea";"Consumo e vendas";"Vendas - veículos comerciais leves - nacionais - álcool - montados - qde.";"Vendas - veículos comerciais leves - nacionais - álcool - montados - qde.";"Não oculta";"Intranet";360;0;0;"Incluída em 17/novr/2005.";NA;"ANFAVE";"Intranet";"Macro"
"12454";"ANFAVE_VQVEICLFLEX";20;518;"Ativa";"Anfavea";"Consumo e vendas";"Vendas - automóveis - nacionais - flex fuel - montados - qde.";"Vendas - automóveis - nacionais - flex fuel - montados - qde.";"Não oculta";"Intranet";360;0;0;"Incluída em 17/novr/2005.";NA;"ANFAVE";"Intranet";"Macro"
"12455";"ANFAVE_VTOTFLEX";10;818;"Ativa";"Anfavea";"Consumo e vendas";"Vendas - autoveículos - nacionais - flex fuel - montados - qde.";"Vendas - autoveículos - nacionais - flex fuel - montados - qde.";"Não oculta";"Intranet";360;0;0;"Incluída em 17/novr/2005.";NA;"ANFAVE";"Intranet";"Macro"
"12456";"ANFAVE_VVEICLFLEX";6;1048;"Ativa";"Anfavea";"Consumo e vendas";"Vendas - veículos comerciais leves - nacionais - flex fuel - montados - qde.";"Vendas - veículos comerciais leves - nacionais - flex fuel - montados - qde.";"Não oculta";"Intranet";360;0;0;"Incluída em 17/novr/2005.";NA;"ANFAVE";"Intranet";"Macro"
"12457";"ANFAVE_VCAMINDIES";2;1445;"Ativa";"Anfavea";"Consumo e vendas";"Vendas - caminhões - nacionais - diesel - montados - qde.";"Vendas - caminhões - nacionais - diesel - montados - qde.";"Não oculta";"Intranet";360;0;0;"Incluída em 17/novr/2005.";NA;"ANFAVE";"Intranet";"Macro"
"12458";"ANFAVE_VONIBUDIES";2;1445;"Ativa";"Anfavea";"Consumo e vendas";"Vendas - ônibus - nacionais - diesel - montados - qde.";"Vendas - ônibus - nacionais - diesel - montados - qde.";"Não oculta";"Intranet";360;0;0;"Incluída em 17/novr/2005.";NA;"ANFAVE";"Intranet";"Macro"
"12459";"ANFAVE_VQVEICLDIES";4;1216;"Inativa";"Anfavea";"Consumo e vendas";"Vendas - automóveis - nacionais - diesel - montados - qde.";"Vendas - automóveis - nacionais - diesel - montados - qde.";"Não oculta";"Intranet";360;0;0;"Incluída em 17/novr/2005.";NA;"ANFAVE";"Intranet";"Macro"
"12460";"ANFAVE_VTOTDIES";3;1315;"Ativa";"Anfavea";"Consumo e vendas";"Vendas - autoveículos - nacionais - diesel - montados - qde.";"Vendas - autoveículos - nacionais - diesel - montados - qde.";"Não oculta";"Intranet";360;0;0;"Incluída em 17/novr/2005.";NA;"ANFAVE";"Intranet";"Macro"
"12461";"ANFAVE_VVEICLDIES";3;1315;"Ativa";"Anfavea";"Consumo e vendas";"Vendas - veículos comerciais leves - nacionais - diesel - montados - qde.";"Vendas - veículos comerciais leves - nacionais - diesel - montados - qde.";"Não oculta";"Intranet";360;0;0;"Incluída em 17/novr/2005.";NA;"ANFAVE";"Intranet";"Macro"
"12462";"G1PT1";1;140;"Ativa";"TSE";"Governador";"Partido do candidato a governador mais votado no primeiro turno(Municipal)";"Partido do candidato a governador mais votado no primeiro turno(Municipal)";"Não oculta";"Internet";NA;0;0;NA;NA;"G1PT1";"Internet";"Regional"
"12463";"GAC12_NUCLEOLIVRES12";51;251;"Inativa";"IPEA";"Preços";"IPCA - Núcleo preços livres";"IPCA - Núcleo preços livres";"Não oculta";"Intranet";10;1;0;"Incluída em 21/nov/2005.";NA;"GAC12";"Intranet";"Macro"
"12464";"EMPCO";156;7;"Ativa";"IBGE";"Emprego";"Pessoal ocupado - Comércio";"Pessoal ocupado - Comércio";"Não oculta";"Internet";NA;0;0;NA;NA;"EMPCO";"Internet";"Regional"
"12465";"NECO";180;6;"Ativa";"IBGE";"Produção";"Número total de Estabelecimentos ou Unidades Locais - Comércio";"Número total de Estabelecimentos ou Unidades Locais - Comércio";"Não oculta";"Internet";NA;0;0;NA;NA;"NECO";"Internet";"Regional"
"12466";"NESE";93;13;"Ativa";"IBGE";"Produção";"Número total de Estabelecimentos ou Unidades Locais - Comércio, Serviços";"Número total de Estabelecimentos ou Unidades Locais - Comércio, Serviços";"Não oculta";"Internet";NA;0;0;NA;NA;"NESE";"Internet";"Regional"
"12467";"EMPSE";111;10;"Ativa";"IBGE";"Emprego";"Pessoal ocupado - Comércio, Serviços";"Pessoal ocupado - Comércio, Serviços";"Não oculta";"Internet";NA;0;0;NA;NA;"EMPSE";"Internet";"Regional"
"12468";"NEIN";146;8;"Ativa";"IBGE";"Produção";"Número total de Estabelecimentos ou Unidades Locais - Industria";"Número total de Estabelecimentos ou Unidades Locais - Industria";"Não oculta";"Internet";NA;0;0;NA;NA;"NEIN";"Internet";"Regional"
"12469";"EMPIN";136;9;"Ativa";"IBGE";"Emprego";"Pessoal ocupado - Industria";"Pessoal ocupado - Industria";"Não oculta";"Internet";NA;0;0;NA;NA;"EMPIN";"Internet";"Regional"
"12470";"NEOS";76;17;"Ativa";"IBGE";"Produção";"Número total de Estabelecimentos ou Unidades Locais - Serviços";"Número total de Estabelecimentos ou Unidades Locais - Serviços";"Não oculta";"Internet";NA;0;0;NA;NA;"NEOS";"Internet";"Regional"
"12471";"EMPOS";99;12;"Ativa";"IBGE";"Emprego";"Pessoal ocupado - Serviços";"Pessoal ocupado - Serviços";"Não oculta";"Internet";NA;0;0;NA;NA;"EMPOS";"Internet";"Regional"
"12472";"PESO714C1";NA;NA;"Ativa";"IPEA";"Demografia";"Pessoas 7 a 14 anos  - Brancos";"Pessoas 7 a 14 anos  - Brancos ";"Não oculta";"Intranet";NA;0;0;NA;NA;"PESO714C1";"Intranet";"Social"
"12473";"PESO722C1";NA;NA;"Ativa";"IPEA";"Demografia";"Pessoas 7 a 22 anos  - Brancos";"Pessoas 7 a 22 anos  - Brancos ";"Não oculta";"Intranet";NA;0;0;NA;NA;"PESO722C1";"Intranet";"Social"
"12474";"PESO014C1";NA;NA;"Ativa";"IPEA";"Demografia";"Pessoas 0 a 14 anos  - Brancos";"Pessoas 0 a 14 anos  - Brancos ";"Não oculta";"Intranet";NA;0;0;NA;NA;"PESO014C1";"Intranet";"Social"
"12475";"PESO45C1";NA;NA;"Ativa";"IPEA";"Demografia";"Pessoas 4 a 5 anos  - Brancos";"Pessoas 4 a 5 anos  - Brancos ";"Não oculta";"Intranet";NA;0;0;NA;NA;"PESO45C1";"Intranet";"Social"
"12476";"PESO56C1";NA;NA;"Ativa";"IPEA";"Demografia";"Pessoas 5 a 6 anos  - Brancos";"Pessoas 5 a 6 anos  - Brancos ";"Não oculta";"Intranet";NA;0;0;NA;NA;"PESO56C1";"Intranet";"Social"
"12477";"PEM1517C1";NA;NA;"Ativa";"IPEA";"Demografia";"Pessoas 15 a 17 anos - mulheres  - Brancas";"Pessoas 15 a 17 anos - mulheres  - Brancas ";"Não oculta";"Intranet";NA;0;0;NA;NA;"PEM1517C1";"Intranet";"Social"
"12478";"PEM1014C1";NA;NA;"Ativa";"IPEA";"Demografia";"Pessoas 10 a 14 anos - mulheres - Brancas";"Pessoas 10 a 14 anos - mulheres - Brancas ";"Não oculta";"Intranet";NA;0;0;NA;NA;"PEM1014C1";"Intranet";"Social"
"12479";"PESO1014C1";NA;NA;"Ativa";"IPEA";"Demografia";"Pessoas 10 a 14 anos  - Brancos";"Pessoas 10 a 14 anos  - Brancos ";"Não oculta";"Intranet";NA;0;0;NA;NA;"PESO1014C1";"Intranet";"Social"
"12480";"PESO1517C1";NA;NA;"Ativa";"IPEA";"Demografia";"Pessoas 15 a 17 anos  - Brancos";"Pessoas 15 a 17 anos  - Brancos ";"Não oculta";"Intranet";NA;0;0;NA;NA;"PESO1517C1";"Intranet";"Social"
"12481";"PESO65C1";NA;NA;"Ativa";"IPEA";"Demografia";"Pessoas 65 ou mais anos  - Brancos";"Pessoas 65 ou mais anos  - Brancos";"Não oculta";"Intranet";NA;0;0;NA;NA;"PESO65C1";"Intranet";"Social"
"12482";"PESO714C2";NA;NA;"Ativa";"IPEA";"Demografia";"Pessoas 7 a 14 anos  - Negros";"Pessoas 7 a 14 anos  - Negros ";"Não oculta";"Intranet";NA;0;0;NA;NA;"PESO714C2";"Intranet";"Social"
"12483";"PESO722C2";NA;NA;"Ativa";"IPEA";"Demografia";"Pessoas 7 a 22 anos  - Negros";"Pessoas 7 a 22 anos  - Negros ";"Não oculta";"Intranet";NA;0;0;NA;NA;"PESO722C2";"Intranet";"Social"
"12484";"PESO014C2";NA;NA;"Ativa";"IPEA";"Demografia";"Pessoas 0 a 14 anos  - Negros";"Pessoas 0 a 14 anos  - Negros ";"Não oculta";"Intranet";NA;0;0;NA;NA;"PESO014C2";"Intranet";"Social"
"12485";"PESO45C2";NA;NA;"Ativa";"IPEA";"Demografia";"Pessoas 4 a 5 anos  - Negros";"Pessoas 4 a 5 anos  - Negros ";"Não oculta";"Intranet";NA;0;0;NA;NA;"PESO45C2";"Intranet";"Social"
"12486";"PESO56C2";NA;NA;"Ativa";"IPEA";"Demografia";"Pessoas 5 a 6 anos  - Negros";"Pessoas 5 a 6 anos  - Negros ";"Não oculta";"Intranet";NA;0;0;NA;NA;"PESO56C2";"Intranet";"Social"
"12487";"PEM1517C2";NA;NA;"Ativa";"IPEA";"Demografia";"Pessoas 15 a 17 anos - mulheres - Negras";"Pessoas 15 a 17 anos - mulheres - Negras ";"Não oculta";"Intranet";NA;0;0;NA;NA;"PEM1517C2";"Intranet";"Social"
"12488";"PEM1014C2";NA;NA;"Ativa";"IPEA";"Demografia";"Pessoas 10 a 14 anos - mulheres - Negras";"Pessoas 10 a 14 anos - mulheres - Negras ";"Não oculta";"Intranet";NA;0;0;NA;NA;"PEM1014C2";"Intranet";"Social"
"12489";"PESO1014C2";NA;NA;"Ativa";"IPEA";"Demografia";"Pessoas 10 a 14 anos  - Negros";"Pessoas 10 a 14 anos  - Negros ";"Não oculta";"Intranet";NA;0;0;NA;NA;"PESO1014C2";"Intranet";"Social"
"12490";"PESO1517C2";NA;NA;"Ativa";"IPEA";"Demografia";"Pessoas 15 a 17 anos  - Negros";"Pessoas 15 a 17 anos  - Negros ";"Não oculta";"Intranet";NA;0;0;NA;NA;"PESO1517C2";"Intranet";"Social"
"12491";"PESO65C2";NA;NA;"Ativa";"IPEA";"Demografia";"Pessoas 65 ou mais anos  - Negros";"Pessoas 65 ou mais anos  - Negros ";"Não oculta";"Intranet";NA;0;0;NA;NA;"PESO65C2";"Intranet";"Social"
"12492";"PESO714";NA;NA;"Ativa";"IPEA";"Demografia";"Pessoas 7 a 14 anos";"Pessoas 7 a 14 anos ";"Não oculta";"Intranet";NA;0;0;NA;NA;"PESO714";"Intranet";"Social"
"12493";"PESO722";NA;NA;"Ativa";"IPEA";"Demografia";"Pessoas 7 a 22 anos";"Pessoas 7 a 22 anos ";"Não oculta";"Intranet";NA;0;0;NA;NA;"PESO722";"Intranet";"Social"
"12494";"PESO014";NA;NA;"Ativa";"IPEA";"Demografia";"Pessoas 0 a 14 anos";"Pessoas 0 a 14 anos ";"Não oculta";"Intranet";NA;0;0;NA;NA;"PESO014";"Intranet";"Social"
"12495";"PESO45";NA;NA;"Ativa";"IPEA";"Demografia";"Pessoas 4 a 5 anos";"Pessoas 4 a 5 anos ";"Não oculta";"Intranet";NA;0;0;NA;NA;"PESO45";"Intranet";"Social"
"12496";"PESO56";NA;NA;"Ativa";"IPEA";"Demografia";"Pessoas 5 a 6 anos";"Pessoas 5 a 6 anos ";"Não oculta";"Intranet";NA;0;0;NA;NA;"PESO56";"Intranet";"Social"
"12497";"PEM1517";NA;NA;"Ativa";"IPEA";"Demografia";"Pessoas 15 a 17 anos - mulheres";"Pessoas 15 a 17 anos - mulheres ";"Não oculta";"Intranet";NA;0;0;NA;NA;"PEM1517";"Intranet";"Social"
"12498";"PEM1014";NA;NA;"Ativa";"IPEA";"Demografia";"Pessoas 10 a 14 anos - mulheres";"Pessoas 10 a 14 anos - mulheres";"Não oculta";"Intranet";NA;0;0;NA;NA;"PEM1014";"Intranet";"Social"
"12499";"PESO1014";NA;NA;"Ativa";"IPEA";"Demografia";"Pessoas 10 a 14 anos";"Pessoas 10 a 14 anos ";"Não oculta";"Intranet";NA;0;0;NA;NA;"PESO1014";"Intranet";"Social"
"12500";"PESO1517";NA;NA;"Ativa";"IPEA";"Demografia";"Pessoas 15 a 17 anos";"Pessoas 15 a 17 anos ";"Não oculta";"Intranet";NA;0;0;NA;NA;"PESO1517";"Intranet";"Social"
"12501";"PESO65";NA;NA;"Ativa";"IPEA";"Demografia";"Pessoas 65 ou mais anos";"Pessoas 65 ou mais anos";"Não oculta";"Intranet";NA;0;0;NA;NA;"PESO65";"Intranet";"Social"
"12502";"DPPL";NA;NA;"Ativa";"TSE";"Deputado Federal";"Votação do PPL - deputado federal";"Votação do PPL - deputado federal";"Não oculta";"Internet";30;0;NA;NA;NA;"DPPL";"Internet";"Regional"
"12503";"DSD";NA;NA;"Ativa";"TSE";"Deputado Federal";"Votação do SD - deputado federal";"Votação do SD - deputado federal";"Não oculta";"Internet";30;0;NA;NA;NA;"DSD";"Internet";"Regional"
"12504";"DPROS";NA;NA;"Ativa";"TSE";"Deputado Federal";"Votação do PROS - deputado federal";"Votação do PROS - deputado federal";"Não oculta";"Internet";30;0;NA;NA;NA;"DPROS";"Internet";"Regional"
"12505";"EPEN";NA;NA;"Ativa";"TSE";"Deputado Estadual";"Votação do PEN - deputado estadual";"Votação do PEN - deputado estadual";"Não oculta";"Internet";30;0;NA;NA;NA;"EPEN";"Internet";"Regional"
"12506";"EPPL";NA;NA;"Ativa";"TSE";"Deputado Estadual";"Votação do PPL - deputado estadual";"Votação do PPL - deputado estadual";"Não oculta";"Internet";30;0;NA;NA;NA;"EPPL";"Internet";"Regional"
"12507";"ESD";NA;NA;"Ativa";"TSE";"Deputado Estadual";"Votação do SD - deputado estadual";"Votação do SD - deputado estadual";"Não oculta";"Internet";30;0;NA;NA;NA;"ESD";"Internet";"Regional"
"12508";"EPROS";NA;NA;"Ativa";"TSE";"Deputado Estadual";"Votação do PROS - deputado estadual";"Votação do PROS - deputado estadual";"Não oculta";"Internet";30;0;NA;NA;NA;"EPROS";"Internet";"Regional"
"12509";"GPEN";NA;NA;"Ativa";"TSE";"Governador";"Votação do PEN - governador no primeiro turno";"Votação do PEN - governador no primeiro turno";"Não oculta";"Internet";30;0;NA;NA;NA;"GPEN";"Internet";"Regional"
"12510";"GPPL";NA;NA;"Ativa";"TSE";"Governador";"Votação do PPL - governador no primeiro turno";"Votação do PPL - governador no primeiro turno";"Não oculta";"Internet";30;0;NA;NA;NA;"GPPL";"Internet";"Regional"
"12511";"GSD";NA;NA;"Ativa";"TSE";"Governador";"Votação do SD - governador no primeiro turno";"Votação do SD - governador no primeiro turno";"Não oculta";"Internet";30;0;NA;NA;NA;"GSD";"Internet";"Regional"
"12512";"GPROS";NA;NA;"Ativa";"TSE";"Governador";"Votação do PROS - governador no primeiro turno";"Votação do PROS - governador no primeiro turno";"Não oculta";"Internet";30;0;NA;NA;NA;"GPROS";"Internet";"Regional"
"12513";"GPROS2";NA;NA;"Ativa";"TSE";"Governador";"Votação do PROS - governador no segundo turno";"Votação do PROS - governador no segundo turno";"Não oculta";"Internet";30;0;NA;NA;NA;"GPROS2";"Internet";"Regional"
"12514";"SPEN";NA;NA;"Ativa";"TSE";"Senador";"Votação do PEN - senador";"Votação do PEN - senador";"Não oculta";"Internet";30;0;NA;NA;NA;"SPEN";"Internet";"Regional"
"12515";"SPPL";NA;NA;"Ativa";"TSE";"Senador";"Votação do PPL - senador";"Votação do PPL - senador";"Não oculta";"Internet";30;0;NA;NA;NA;"SPPL";"Internet";"Regional"
"12516";"SSD";NA;NA;"Ativa";"TSE";"Senador";"Votação do SD - senador";"Votação do SD - senador";"Não oculta";"Internet";30;0;NA;NA;NA;"SSD";"Internet";"Regional"
"12517";"SPROS";NA;NA;"Ativa";"TSE";"Senador";"Votação do PROS - senador";"Votação do PROS - senador";"Não oculta";"Internet";30;0;NA;NA;NA;"SPROS";"Internet";"Regional"
"12518";"DPENCE";NA;NA;"Ativa";"TSE";"Deputado Federal";"Total de deputados federais eleitos do PEN";"Total de deputados federais eleitos do PEN";"Não oculta";"Internet";30;0;NA;NA;NA;"DPENCE";"Internet";"Regional"
"12519";"DPSDCE";NA;NA;"Ativa";"TSE";"Deputado Federal";"Total de deputados federais eleitos do PSD";"Total de deputados federais eleitos do PSD";"Oculta";"Internet";30;0;NA;NA;NA;"DPSDCE";"Oculta";"Regional"
"12520";"DSDCE";NA;NA;"Ativa";"TSE";"Deputado Federal";"Total de deputados federais eleitos do SD";"Total de deputados federais eleitos do SD";"Não oculta";"Internet";30;0;NA;NA;NA;"DSDCE";"Internet";"Regional"
"12521";"DPROSCE";NA;NA;"Ativa";"TSE";"Deputado Federal";"Total de deputados federais eleitos do PROS";"Total de deputados federais eleitos do PROS";"Não oculta";"Internet";30;0;NA;NA;NA;"DPROSCE";"Internet";"Regional"
"12522";"EPENCE";NA;NA;"Ativa";"TSE";"Deputado Estadual";"Total de deputados estaduais eleitos do PEN";"Total de deputados estaduais eleitos do PEN";"Não oculta";"Internet";30;0;NA;NA;NA;"EPENCE";"Internet";"Regional"
"12523";"EPPLCE";NA;NA;"Ativa";"TSE";"Deputado Estadual";"Total de deputados estaduais eleitos do PPL";"Total de deputados estaduais eleitos do PPL";"Não oculta";"Internet";30;0;NA;NA;NA;"EPPLCE";"Internet";"Regional"
"12524";"EPSDCE";NA;NA;"Ativa";"TSE";"Deputado Estadual";"Total de deputados estaduais eleitos do PSD";"Total de deputados estaduais eleitos do PSD";"Oculta";"Internet";30;0;NA;NA;NA;"EPSDCE";"Oculta";"Regional"
"12525";"ESDCE";NA;NA;"Ativa";"TSE";"Deputado Estadual";"Total de deputados estaduais eleitos do SD";"Total de deputados estaduais eleitos do SD";"Não oculta";"Internet";30;0;NA;NA;NA;"ESDCE";"Internet";"Regional"
"12526";"EPROSCE";NA;NA;"Ativa";"TSE";"Deputado Estadual";"Total de deputados estaduais eleitos do PROS";"Total de deputados estaduais eleitos do PROS";"Não oculta";"Internet";30;0;NA;NA;NA;"EPROSCE";"Internet";"Regional"
"12527";"SPSDCE";NA;NA;"Ativa";"TSE";"Senador";"Total de senadores eleitos do PSD";"Total de senadores eleitos do PSD";"Oculta";"Internet";30;0;NA;NA;NA;"SPSDCE";"Oculta";"Regional"
"12528";"DPEN";NA;NA;"Ativa";"TSE";"Deputado Federal";"Votação do PEN - deputado federal";"Votação do PEN - deputado federal";"Não oculta";"Internet";30;0;NA;NA;NA;"DPEN";"Internet";"Regional"
"12529";"VPPLC";NA;NA;"Ativa";"TSE";"Vereador";"Total de vereadores eleitos do PPL";"Total de vereadores eleitos do PPL";"Não oculta";"Internet";30;0;NA;NA;NA;"VPPLC";"Internet";"Regional"
"12530";"VPPLV";NA;NA;"Ativa";"TSE";"Vereador";"Votação do PPL - vereador";"Votação do PPL - vereador";"Não oculta";"Internet";30;0;NA;NA;NA;"VPPLV";"Internet";"Regional"
"12531";"FPPL";NA;NA;"Ativa";"TSE";"Prefeito";"Votação do PPL - prefeito no primeiro turno";"Votação do PPL - prefeito no primeiro turno";"Não oculta";"Internet";30;0;NA;NA;NA;"FPPL";"Internet";"Regional"
"12532";"FSD";NA;NA;"Ativa";"TSE";"Prefeito";"Votação do SD - prefeito no primeiro turno";"Votação do SD - prefeito no primeiro turno";"Não oculta";"Internet";30;0;NA;NA;NA;"FSD";"Internet";"Regional"
"12533";"ANP_PROLDIE";78;139;"Ativa";"ANP";"Preços";"Preço médio - óleo diesel - metro cúbico";"Preço médio - óleo diesel - metro cúbico";"Não oculta";"Internet";360;0;0;"Incluída em 19/dez/2005";NA;"ANP";"Internet";"Macro"
"12534";"ANP_PROLCOM";32;365;"Inativa";"ANP";"Preços";"Preço médio - óleo combustível - tonelada";"Preço médio - óleo combustível - tonelada.";"Não oculta";"Internet";360;0;0;"Incluída em 19/dez/2005";NA;"ANP";"Internet";"Macro"
"12535";"ANP_PRGASOL";156;69;"Ativa";"ANP";"Preços";"Preço médio - gasolina - metro cúbico";"Preço médio - gasolina - metro cúbico";"Não oculta";"Internet";360;0;0;"Incluída em 19/dez/2005";NA;"ANP";"Internet";"Macro"
"12536";"ANP_PRALCO";160;67;"Ativa";"ANP";"Preços";"Preço médio - álcool - metro cúbico";"Preço médio - álcool - metro cúbico";"Não oculta";"Internet";360;0;0;"Incluída em 19/dez/2005";NA;"ANP";"Internet";"Macro"
"12537";"ANP_PRGLP";17;594;"Ativa";"ANP";"Preços";"Preço médio - gás GLP - tonelada";"Preço médio - gás GLP - tonelada";"Não oculta";"Internet";360;0;0;"Incluída em 19/dez/2005";NA;"ANP";"Internet";"Macro"
"12538";"ANP_PRGASN";38;308;"Inativa";"ANP";"Preços";"Preço médio - gás natural - metro cúbico";"Preço médio - gás natural - metro cúbico.";"Não oculta";"Internet";360;0;0;"Incluída em 19/dez/2005";NA;"ANP";"Internet";"Macro"
"12539";"ANP_PRCARVAOV";1;1606;"Inativa";"ANP";"Preços";"Preço médio - carvão vapor - tonelada";"Preço médio - carvão vapor - tonelada.";"Não oculta";"Internet";360;0;0;"Incluída em 19/dez/2005";NA;"ANP";"Internet";"Macro"
"12540";"ANP_PRCARVAOVG";1;1606;"Inativa";"ANP";"Preços";"Preço médio - carvão vegetal - metro cúbico";"Preço médio - carvão vegetal - metro cúbico.";"Não oculta";"Internet";360;0;0;"Incluída em 19/dez/2005";NA;"ANP";"Internet";"Macro"
"12541";"ESTIMA_PO";380;16;"Ativa";"IBGE";"População";"População residente - 1º de julho - estimativas";"População residente - 1º de julho - estimativas";"Não oculta";"Internet";360;0;0;NA;NA;"ESTIMA";"Internet";"Regional"
"12542";"POP_PROJE";116;94;"Ativa";"IBGE";"População";"População residente - 1º de julho - projeção";"População residente - 1º de julho - projeção";"Não oculta";"Internet";NA;0;0;NA;NA;"POP";"Internet";"Regional"
"12543";"ALFABETIZ";72;48;"Ativa";"IBGE";"Educação";"População alfabetizada";"População alfabetizada";"Não oculta";"Internet";NA;0;0;NA;NA;"ALFABETIZ";"Internet";"Social"
"12544";"ANALFABET";52;63;"Ativa";"IBGE";"Educação";"População analfabeta";"População analfabeta";"Não oculta";"Internet";NA;0;0;NA;NA;"ANALFABET";"Internet";"Social"
"12545";"PTNALFA";38;87;"Ativa";"IBGE";"Educação";"Analfabetos";"Analfabetos";"Não oculta";"Internet";NA;0;0;NA;NA;"PTNALFA";"Internet";"Social"
"12546";"FNOVO";NA;NA;"Ativa";"TSE";"Prefeito";"Votação do NOVO - prefeito no primeiro turno";"Votação do NOVO - prefeito no primeiro turno";"Não oculta";"Internet";30;0;NA;NA;NA;"FNOVO";"Internet";"Regional"
"12547";"FREDE";NA;NA;"Ativa";"TSE";"Prefeito";"Votação do REDE - prefeito no primeiro turno";"Votação do REDE - prefeito no primeiro turno";"Não oculta";"Internet";30;0;NA;NA;NA;"FREDE";"Internet";"Regional"
"12548";"FPMB";NA;NA;"Ativa";"TSE";"Prefeito";"Votação do PMB - prefeito no primeiro turno";"Votação do PMB - prefeito no primeiro turno";"Não oculta";"Internet";30;0;NA;NA;NA;"FPMB";"Internet";"Regional"
"12549";"FPEN";NA;NA;"Ativa";"TSE";"Prefeito";"Votação do PEN - prefeito no primeiro turno";"Votação do PEN - prefeito no primeiro turno";"Não oculta";"Internet";30;0;NA;NA;NA;"FPEN";"Internet";"Regional"
"12550";"FPROS";NA;NA;"Ativa";"TSE";"Prefeito";"Votação do PROS - prefeito no primeiro turno";"Votação do PROS - prefeito no primeiro turno";"Não oculta";"Internet";30;0;NA;NA;NA;"FPROS";"Internet";"Regional"
"12551";"FREDE2";NA;NA;"Ativa";"TSE";"Prefeito";"Votação do REDE - prefeito no segundo turno";"Votação do REDE - prefeito no segundo turno";"Não oculta";"Internet";30;0;NA;NA;NA;"FREDE2";"Internet";"Regional"
"12552";"FPMB2";NA;NA;"Ativa";"TSE";"Prefeito";"Votação do PMB - prefeito no segundo turno";"Votação do PMB - prefeito no segundo turno";"Não oculta";"Internet";30;0;NA;NA;NA;"FPMB2";"Internet";"Regional"
"12553";"VNOVOC";NA;NA;"Ativa";"TSE";"Vereador";"Total de vereadores eleitos do NOVO";"Total de vereadores eleitos do NOVO";"Não oculta";"Internet";30;0;NA;NA;NA;"VNOVOC";"Internet";"Regional"
"12554";"VPMBC";NA;NA;"Ativa";"TSE";"Vereador";"Total de vereadores eleitos do PMB";"Total de vereadores eleitos do PMB";"Não oculta";"Internet";30;0;NA;NA;NA;"VPMBC";"Internet";"Regional"
"12555";"VPENC";NA;NA;"Ativa";"TSE";"Vereador";"Total de vereadores eleitos do PEN";"Total de vereadores eleitos do PEN";"Não oculta";"Internet";30;0;NA;NA;NA;"VPENC";"Internet";"Regional"
"12556";"VPROSC";NA;NA;"Ativa";"TSE";"Vereador";"Total de vereadores eleitos do PROS";"Total de vereadores eleitos do PROS";"Não oculta";"Internet";30;0;NA;NA;NA;"VPROSC";"Internet";"Regional"
"12557";"VREDEC";NA;NA;"Ativa";"TSE";"Vereador";"Total de vereadores eleitos do REDE";"Total de vereadores eleitos do REDE";"Não oculta";"Internet";30;0;NA;NA;NA;"VREDEC";"Internet";"Regional"
"12558";"VNOVOV";NA;NA;"Ativa";"TSE";"Vereador";"Votação do NOVO - vereador";"Votação do NOVO - vereador";"Não oculta";"Internet";30;0;NA;NA;NA;"VNOVOV";"Internet";"Regional"
"12559";"VPMBV";NA;NA;"Ativa";"TSE";"Vereador";"Votação do PMB - vereador";"Votação do PMB - vereador";"Não oculta";"Internet";30;0;NA;NA;NA;"VPMBV";"Internet";"Regional"
"12560";"VPENV";NA;NA;"Ativa";"TSE";"Vereador";"Votação do PEN - vereador";"Votação do PEN - vereador";"Não oculta";"Internet";30;0;NA;NA;NA;"VPENV";"Internet";"Regional"
"12561";"VPROSV";NA;NA;"Ativa";"TSE";"Vereador";"Votação do PROS - vereador";"Votação do PROS - vereador";"Não oculta";"Internet";30;0;NA;NA;NA;"VPROSV";"Internet";"Regional"
"12562";"VREDEV";NA;NA;"Ativa";"TSE";"Vereador";"Votação do REDE - vereador";"Votação do REDE - vereador";"Não oculta";"Internet";30;0;NA;NA;NA;"VREDEV";"Internet";"Regional"
"12563";"CUSAGR";2;1445;"Ativa";"BCB";"Moeda e crédito";"Estoque de crédito rural - custeio - agrícola";"Valor referente à agregação do saldo contábil das operações de crédito rural para custeio das despesas do ciclo produtivo realizadas pelas agências das intituições financeiras do município ao 31 de dezembro.";"Não oculta";"Internet";NA;0;0;NA;NA;"CUSAGR";"Internet";"Regional"
"12564";"CUSPEC";NA;NA;"Ativa";"BCB";"Moeda e crédito";"Estoque de crédito rural - custeio - pecuária";"Valor referente à agregação do saldo contábil das operações de crédito rural para custeio das despesas do ciclo produtivo realizadas pelas agências das intituições financeiras do município ao 31 de dezembro.";"Não oculta";"Internet";NA;0;0;NA;NA;"CUSPEC";"Internet";"Regional"
"12565";"CUSGIO";3;1315;"Ativa";"BCB";"Moeda e crédito";"Estoque de crédito rural - custeio";"Valor referente à agregação do saldo contábil das operações de crédito rural para custeio das despesas do ciclo produtivo realizadas pelas agências das intituições financeiras do município ao 31 de dezembro.";"Não oculta";"Internet";NA;0;0;NA;NA;"CUSGIO";"Internet";"Regional"
"12566";"INVAGR";9;871;"Ativa";"BCB";"Moeda e crédito";"Estoque de crédito rural - investimento - agrícola";"Valor referente à agregação do saldo contábil das operações de crédito rural para investimento (bens e serviços cujo aproveitamento se estenda por vários ciclos produtivos) realizado pelas agências das intituições financeiras do município ao 31 de dezembro.";"Não oculta";"Internet";NA;0;0;NA;NA;"INVAGR";"Internet";"Regional"
"12567";"INVPEC";3;1315;"Ativa";"BCB";"Moeda e crédito";"Estoque de crédito rural - investimento - pecuária";"Valor referente à agregação do saldo contábil das operações de crédito rural para investimento (bens e serviços cujo aproveitamento se estenda por vários ciclos produtivos) realizado pelas agências das intituições financeiras do município ao 31 de dezembro.";"Não oculta";"Internet";NA;0;0;NA;NA;"INVPEC";"Internet";"Regional"
"12568";"INVEST";11;772;"Ativa";"BCB";"Moeda e crédito";"Estoque de crédito rural - investimento";"Valor referente à agregação do saldo contábil das operações de crédito rural para investimento (bens e serviços cujo aproveitamento se estenda por vários ciclos produtivos) realizado pelas agências das intituições financeiras do município ao 31 de dezembro.";"Não oculta";"Internet";NA;0;0;NA;NA;"INVEST";"Internet";"Regional"
"12569";"COMAGR";23;471;"Ativa";"BCB";"Moeda e crédito";"Estoque de crédito rural - comercialização - agrícola";"Valor referente à agregação do saldo contábil das operações de crédito rural para à comercialização da produção realizado pelas agências das intituições financeiras do município ao 31 de dezembro.";"Não oculta";"Internet";NA;0;0;NA;NA;"COMAGR";"Internet";"Regional"
"12570";"COMPEC";15;639;"Ativa";"BCB";"Moeda e crédito";"Estoque de crédito rural - comercialização - pecuária";"Valor referente à agregação do saldo contábil das operações de crédito rural para à comercialização da produção realizado pelas agências das intituições financeiras do município ao 31 de dezembro.";"Não oculta";"Internet";NA;0;0;NA;NA;"COMPEC";"Internet";"Regional"
"12571";"COMERC";20;518;"Ativa";"BCB";"Moeda e crédito";"Estoque de crédito rural - comercialização";"Valor referente à agregação do saldo contábil das operações de crédito rural para à comercialização da produção realizado pelas agências das intituições financeiras do município ao 31 de dezembro.";"Não oculta";"Internet";NA;0;0;NA;NA;"COMERC";"Internet";"Regional"
"12572";"CREAT";38;308;"Ativa";"BCB";"Moeda e crédito";"Estoque de crédito rural";"Valor referente à agregação do saldo contábil das operações de crédito rural (inclui custeio, investimento e comercialização do ciclo produtivo) realizadas pelas agências das instituições financeiras do município ao 31 de dezembro.";"Não oculta";"Internet";NA;0;0;NA;NA;"CREAT";"Internet";"Regional"
"12573";"NCUSAG";18;565;"Ativa";"BCB";"Moeda e crédito";"Total de contratos de crédito rural - custeio - agrícola";"Total de contratos de crédito rural destinados para o custerio das despesas do ciclo produtivo agrícola.";"Não oculta";"Internet";NA;0;0;NA;NA;"NCUSAG";"Internet";"Regional"
"12574";"NINVAG";42;282;"Ativa";"BCB";"Moeda e crédito";"Total de contratos de crédito rural - investimento - agrícola";"Total de contratos de crédito rural destinados para o investimentos em bens e serviçõs cujo aproveitamento se estenda por vários ciclos produtivos agrícolas.";"Não oculta";"Internet";NA;0;0;NA;NA;"NINVAG";"Internet";"Regional"
"12575";"NCUSPC";15;639;"Ativa";"BCB";"Moeda e crédito";"Total de contratos de crédito rural - custeio - pecuária";"Total de contratos de crédito rural destinados para o custerio das despesas do ciclo produtivo pecuário.";"Não oculta";"Internet";NA;0;0;NA;NA;"NCUSPC";"Internet";"Regional"
"12576";"NINVPC";43;275;"Ativa";"BCB";"Moeda e crédito";"Total de contratos de crédito rural - investimento - pecuária";"Total de contratos de crédito rural destinados para o investimentos em bens e serviçõs cujo aproveitamento se estenda por vários ciclos produtivos pecuários.";"Não oculta";"Internet";NA;0;0;NA;NA;"NINVPC";"Internet";"Regional"
"12577";"NCOMPC";19;538;"Ativa";"BCB";"Moeda e crédito";"Total de contratos de crédito rural - comercialização - pecuária";"Total de contratos de crédito rural destinados para à comercialização da produção pecuária.";"Não oculta";"Internet";NA;0;0;NA;NA;"NCOMPC";"Internet";"Regional"
"12578";"NCOMAG";13;708;"Ativa";"BCB";"Moeda e crédito";"Total de contratos de crédito rural - comercialização - agrícola";"Total de contratos de crédito rural destinados para à comercialização da produção agrícola.";"Não oculta";"Internet";NA;0;0;NA;NA;"NCOMAG";"Internet";"Regional"
"12579";"NCUSGI";15;639;"Ativa";"BCB";"Moeda e crédito";"Total de contratos de crédito rural - custeio";"Total de contratos de crédito rural destinados para o custeio das despesas do ciclo produtivo.";"Não oculta";"Internet";NA;0;0;NA;NA;"NCUSGI";"Internet";"Regional"
"12580";"NINVES";43;275;"Ativa";"BCB";"Moeda e crédito";"Total de contratos de crédito rural - investimento";"Total de contratos de crédito rural destinados para o investimento.";"Não oculta";"Internet";NA;0;0;NA;NA;"NINVES";"Internet";"Regional"
"12581";"NCOMER";17;594;"Ativa";"BCB";"Moeda e crédito";"Total de contratos de crédito rural - comercialização";"Total de contratos de crédito rural destinados para à comercialização da produção.";"Não oculta";"Internet";NA;0;0;NA;NA;"NCOMER";"Internet";"Regional"
"12582";"NCREAT";15;639;"Ativa";"BCB";"Moeda e crédito";"Total de contratos de crédito rural";"Total de contratos de crédito rural.";"Não oculta";"Internet";NA;0;0;NA;NA;"NCREAT";"Internet";"Regional"
"12583";"CUSAGRE";NA;NA;"Ativa";"BCB";"Moeda e crédito";"Fluxo de crédito rural - custeio - agrícola";"Soma do fluxo de operações de crédito rural contratos por instituições financeiras ao longo do período. Tratase do registro das operações contratadas para o custeio das despesas do ciclo produtivo, não da liberação de recursos que pode ser parcelada.";"Não oculta";"Internet";NA;0;0;NA;NA;"CUSAGRE";"Internet";"Regional"
"12584";"CUSPECE";1;1606;"Ativa";"BCB";"Moeda e crédito";"Fluxo de crédito rural - custeio - pecuária";"Soma do fluxo de operações de crédito rural contratos por instituições financeiras ao longo do período. Tratase do registro das operações contratadas para o custeio das despesas do ciclo produtivo, não da liberação de recursos que pode ser parcelada.";"Não oculta";"Internet";NA;0;0;NA;NA;"CUSPECE";"Internet";"Regional"
"12585";"CUSPESE";NA;NA;"Ativa";"BCB";"Moeda e crédito";"Fluxo de crédito rural - custeio - pesqueira";"Soma do fluxo de operações de crédito rural contratos por instituições financeiras ao longo do período. Tratase do registro das operações contratadas para o custeio das despesas do ciclo produtivo, não da liberação de recursos que pode ser parcelada.";"Não oculta";"Internet";NA;0;0;NA;NA;"CUSPESE";"Internet";"Regional"
"12586";"CUSGIOE";5;1138;"Ativa";"BCB";"Moeda e crédito";"Fluxo de crédito rural - custeio";"Soma do fluxo de operações de crédito rural contratos por instituições financeiras ao longo do período. Tratase do registro das operações contratadas para o custeio das despesas do ciclo produtivo, não da liberação de recursos que pode ser parcelada.";"Não oculta";"Internet";NA;0;0;NA;NA;"CUSGIOE";"Internet";"Regional"
"12587";"INVAGRE";3;1315;"Ativa";"BCB";"Moeda e crédito";"Fluxo de crédito rural - investimento - agrícola";"Soma do fluxo de operações de crédito rural contratos por instituições financeiras ao longo do período. Tratase do registro das operações contratadas para investimento (bens e serviços cujo aproveitamento se estenda por vários ciclos produtivos), não da liberação de recursos que pode ser parcelada.";"Não oculta";"Internet";NA;0;0;NA;NA;"INVAGRE";"Internet";"Regional"
"12588";"INVPECE";5;1138;"Ativa";"BCB";"Moeda e crédito";"Fluxo de crédito rural - investimento - pecuária";"Soma do fluxo de operações de crédito rural contratos por instituições financeiras ao longo do período. Tratase do registro das operações contratadas para investimento (bens e serviços cujo aproveitamento se estenda por vários ciclos produtivos), não da liberação de recursos que pode ser parcelada.";"Não oculta";"Internet";NA;0;0;NA;NA;"INVPECE";"Internet";"Regional"
"12589";"INVPESE";NA;NA;"Ativa";"BCB";"Moeda e crédito";"Fluxo de crédito rural - investimento - pesqueira";"Soma do fluxo de operações de crédito rural contratos por instituições financeiras ao longo do período. Tratase do registro das operações contratadas para investimento (bens e serviços cujo aproveitamento se estenda por vários ciclos produtivos), não da liberação de recursos que pode ser parcelada.";"Não oculta";"Internet";NA;0;0;NA;NA;"INVPESE";"Internet";"Regional"
"12590";"INVESTE";1;1606;"Ativa";"BCB";"Moeda e crédito";"Fluxo de crédito rural - investimento";"Soma do fluxo de operações de crédito rural contratos por instituições financeiras ao longo do período. Tratase do registro das operações contratadas para investimento (bens e serviços cujo aproveitamento se estenda por vários ciclos produtivos), não da liberação de recursos que pode ser parcelada.";"Não oculta";"Internet";NA;0;0;NA;NA;"INVESTE";"Internet";"Regional"
"12591";"COMAGRE";7;991;"Ativa";"BCB";"Moeda e crédito";"Fluxo de crédito rural - comercialização - agrícola";"Soma do fluxo de operações de crédito rural contratos por instituições financeiras ao longo do período. Tratase do registro das operações contratadas para à comercialização da produção, não da liberação de recursos que pode ser parcelada.";"Não oculta";"Internet";NA;0;0;NA;NA;"COMAGRE";"Internet";"Regional"
"12592";"COMPECE";NA;NA;"Ativa";"BCB";"Moeda e crédito";"Fluxo de crédito rural - comercialização - pecuária";"Soma do fluxo de operações de crédito rural contratos por instituições financeiras ao longo do período. Tratase do registro das operações contratadas para à comercialização da produção, não da liberação de recursos que pode ser parcelada.";"Não oculta";"Internet";NA;0;0;NA;NA;"COMPECE";"Internet";"Regional"
"12593";"COMPESE";NA;NA;"Ativa";"BCB";"Moeda e crédito";"Fluxo de crédito rural - comercialização - pesqueira";"Soma do fluxo de operações de crédito rural contratos por instituições financeiras ao longo do período. Tratase do registro das operações contratadas para à comercialização da produção, não da liberação de recursos que pode ser parcelada.";"Não oculta";"Internet";NA;0;0;NA;NA;"COMPESE";"Internet";"Regional"
"12594";"COMERCE";8;932;"Ativa";"BCB";"Moeda e crédito";"Fluxo de crédito rural - comercialização";"Soma do fluxo de operações de crédito rural contratos por instituições financeiras ao longo do período. Tratase do registro das operações contratadas para à comercialização da produção, não da liberação de recursos que pode ser parcelada.";"Não oculta";"Internet";NA;0;0;NA;NA;"COMERCE";"Internet";"Regional"
"12595";"CREATE";12;739;"Ativa";"BCB";"Moeda e crédito";"Fluxo de crédito rural";"Soma do fluxo de operações de crédito rural contratos por instituições financeiras ao longo do período. Tratase do registro das operações contratadas para o custeio, investimento e comercialização não da liberação de recursos que pode ser parcelada.";"Não oculta";"Internet";NA;0;0;NA;NA;"CREATE";"Internet";"Regional"
"12596";"DIEST_RODOV1";NA;NA;"Ativa";"IPEA";"Transporte";"Rodovias concedidsas";"Rodovias concedidsas";"Não oculta";"Intranet";360;1;NA;NA;NA;"DIEST";"Intranet";"Macro"
"12597";"DFCETE";11;772;"Ativa";"Min. Fazenda-STN";"Finanças públicas";"Despesas por função - ciência e tecnologia - estadual";"Despesas por função - ciência e tecnologia - estadual";"Não oculta";"Internet";NA;0;0;NA;NA;"DFCETE";"Internet";"Regional"
"12598";"DFDELE";5;1138;"Ativa";"Min. Fazenda-STN";"Finanças públicas";"Despesas por função - desportes e lazer - estadual";"Despesas por função - desportes e lazer - estadual";"Não oculta";"Internet";NA;0;0;NA;NA;"DFDELE";"Internet";"Regional"
"12599";"DFJEDCE";NA;NA;"Ativa";"Min. Fazenda-STN";"Finanças públicas";"Despesas por função - essencial a justiça e direito da cidadania - estadual";"Despesas por função - essencial a justiça e direito da cidadania - estadual";"Não oculta";"Internet";NA;0;0;NA;NA;"DFJEDCE";"Internet";"Regional"
"12600";"DFCETM";30;386;"Ativa";"Min. Fazenda-STN";"Finanças públicas";"Despesas por função - ciência e tecnologia - municipal";"Despesas por função - ciência e tecnologia - municipal";"Não oculta";"Internet";NA;0;0;NA;NA;"DFCETM";"Internet";"Regional"
"12601";"DFDELM";32;365;"Ativa";"Min. Fazenda-STN";"Finanças públicas";"Despesas por função - desportes e lazer - municipal";"Despesas por função - desportes e lazer - municipal";"Não oculta";"Internet";NA;0;0;NA;NA;"DFDELM";"Internet";"Regional"
"12602";"DFJEDCM";24;457;"Ativa";"Min. Fazenda-STN";"Finanças públicas";"Despesas por função - essencial a justiça e direito da cidadania - municipal";"Despesas por função - essencial a justiça e direito da cidadania - municipal";"Não oculta";"Internet";NA;0;0;NA;NA;"DFJEDCM";"Internet";"Regional"
"12603";"DFENCEM";23;471;"Ativa";"Min. Fazenda-STN";"Finanças públicas";"Despesas por função - encargos especiais - municipal";"Despesas por função - encargos especiais - municipal";"Não oculta";"Internet";NA;0;0;NA;NA;"DFENCEM";"Internet";"Regional"
"12604";"DFENCEE";NA;NA;"Ativa";"Min. Fazenda-STN";"Finanças públicas";"Despesas por função - encargos especiais - estadual";"Despesas por função - encargos especiais - estadual";"Não oculta";"Internet";NA;0;0;NA;NA;"DFENCEE";"Internet";"Regional"
"12605";"DREDE";NA;NA;"Ativa";"TSE";"Deputado Federal";"Votação do REDE - deputado federal";"Votação do REDE - deputado federal";"Não oculta";"Internet";30;0;NA;NA;NA;"DREDE";"Internet";"Regional"
"12606";"DNOVO";NA;NA;"Ativa";"TSE";"Deputado Federal";"Votação do NOVO - deputado federal";"Votação do NOVO - deputado federal";"Não oculta";"Internet";30;0;NA;NA;NA;"DNOVO";"Internet";"Regional"
"12607";"EREDE";NA;NA;"Ativa";"TSE";"Deputado Estadual";"Votação do REDE - deputado estadual";"Votação do REDE - deputado estadual";"Não oculta";"Internet";30;0;NA;NA;NA;"EREDE";"Internet";"Regional"
"12608";"ENOVO";NA;NA;"Ativa";"TSE";"Deputado Estadual";"Votação do NOVO - deputado estadual";"Votação do NOVO - deputado estadual";"Não oculta";"Internet";30;0;NA;NA;NA;"ENOVO";"Internet";"Regional"
"12609";"EPMB";NA;NA;"Ativa";"TSE";"Deputado Estadual";"Votação do PMB - deputado estadual";"Votação do PMB - deputado estadual";"Não oculta";"Internet";30;0;NA;NA;NA;"EPMB";"Internet";"Regional"
"12610";"GREDE";NA;NA;"Ativa";"TSE";"Governador";"Votação do REDE - governador no primeiro turno";"Votação do REDE - governador no primeiro turno";"Não oculta";"Internet";30;0;NA;NA;NA;"GREDE";"Internet";"Regional"
"12611";"GNOVO";NA;NA;"Ativa";"TSE";"Governador";"Votação do NOVO - governador no primeiro turno";"Votação do NOVO - governador no primeiro turno";"Não oculta";"Internet";30;0;NA;NA;NA;"GNOVO";"Internet";"Regional"
"12612";"SREDE";NA;NA;"Ativa";"TSE";"Senador";"Votação do REDE - senador";"Votação do REDE - senador";"Não oculta";"Internet";30;0;NA;NA;NA;"SREDE";"Internet";"Regional"
"12613";"SNOVO";NA;NA;"Ativa";"TSE";"Senador";"Votação do NOVO - senador";"Votação do NOVO - senador";"Não oculta";"Internet";30;0;NA;NA;NA;"SNOVO";"Internet";"Regional"
"12614";"SPMB";NA;NA;"Ativa";"TSE";"Senador";"Votação do PMB - senador";"Votação do PMB - senador";"Não oculta";"Internet";30;0;NA;NA;NA;"SPMB";"Internet";"Regional"
"12615";"DREDECE";NA;NA;"Ativa";"TSE";"Deputado Federal";"Total de deputados federais eleitos do REDE";"Total de deputados federais eleitos do REDE";"Não oculta";"Internet";30;0;NA;NA;NA;"DREDECE";"Internet";"Regional"
"12616";"DNOVOCE";NA;NA;"Ativa";"TSE";"Deputado Federal";"Total de deputados federais eleitos do NOVO";"Total de deputados federais eleitos do NOVO";"Não oculta";"Internet";30;0;NA;NA;NA;"DNOVOCE";"Internet";"Regional"
"12617";"EREDECE";NA;NA;"Ativa";"TSE";"Deputado Estadual";"Total de deputados estaduais eleitos do REDE";"Total de deputados estaduais eleitos do REDE";"Não oculta";"Internet";30;0;NA;NA;NA;"EREDECE";"Internet";"Regional"
"12618";"ENOVOCE";NA;NA;"Ativa";"TSE";"Deputado Estadual";"Total de deputados estaduais eleitos do NOVO";"Total de deputados estaduais eleitos do NOVO";"Não oculta";"Internet";30;0;NA;NA;NA;"ENOVOCE";"Internet";"Regional"
"12619";"EPMBCE";NA;NA;"Ativa";"TSE";"Deputado Estadual";"Total de deputados estaduais eleitos do PMB";"Total de deputados estaduais eleitos do PMB";"Não oculta";"Internet";30;0;NA;NA;NA;"EPMBCE";"Internet";"Regional"
"12620";"SREDECE";NA;NA;"Ativa";"TSE";"Senador";"Total de senadores eleitos do REDE";"Total de senadores eleitos do REDE";"Não oculta";"Internet";30;0;NA;NA;NA;"SREDECE";"Internet";"Regional"
"12621";"PREDE";NA;NA;"Ativa";"TSE";"Presidente";"Votação do REDE - presidente no primeiro turno";"Votação do REDE - presidente no primeiro turno";"Não oculta";"Internet";30;0;NA;NA;NA;"PREDE";"Internet";"Regional"
"12622";"PNOVO";NA;NA;"Ativa";"TSE";"Presidente";"Votação do NOVO - presidente no primeiro turno";"Votação do NOVO - presidente no primeiro turno";"Não oculta";"Internet";30;0;NA;NA;NA;"PNOVO";"Internet";"Regional"
"12623";"IMPORTACAO";NA;NA;"Ativa";"MDIC/SECEX";"Comércio exterior";"Importações Brasileiras";"Importações Brasileiras";"Não oculta";"Internet";30;0;NA;NA;NA;"IMPORTACAO";"Internet";"Regional"
"12624";"HIST_IPA";22;488;"Inativa";"Outras fontes";"Preços";"IPA - índice (média 1913 = 100)";"IPA - índice (média 1913 = 100)";"Não oculta";"Internet";90;0;1;"Incluída em 14/out/2003 .";NA;"HIST";"Internet";"Macro"
"12625";"HIST_ICVALIRJESC";10;818;"Inativa";"Outras fontes";"Preços";"Inflação - Custo de vida - alimentação - ponderação escravos 1856 - RJ - índice (média 1820=100)";"Inflação - Custo de vida - alimentação - ponderação escravos 1856 - cidade do Rio de Janeiro - índice (média 1820 = 100)";"Não oculta";"Internet";90;0;1;"Incluída em 21/mar/2006";NA;"HIST";"Internet";"Macro"
"12626";"HIST_ICVALIRJAFF";10;818;"Inativa";"Outras fontes";"Preços";"Inflação - Custo de vida - alimentação - ponderação Affonseca Jr.1919 - RJ - índice (média 1820=100)";"Inflação - Custo de vida - alimentação - ponderação Affonseca Jr.1919 - cidade do Rio de Janeiro - índice (média 1820 = 100)";"Não oculta";"Internet";90;0;1;"Incluída em 21/mar/2006";NA;"HIST";"Internet";"Macro"
"12627";"HIST_ICVALIRJFGV";13;708;"Inativa";"Outras fontes";"Preços";"Inflação - Custo de vida - alimentação - ponderação FGV 1947 - RJ - índice (média 1820=100)";"Inflação - Custo de vida - alimentação - ponderação FGV 1947 - cidade do Rio de Janeiro - índice (média 1820 = 100)";"Não oculta";"Internet";90;0;1;"Incluída em 21/mar/2006";NA;"HIST";"Internet";"Macro"
"12628";"FUNCEX_CAPIMP";45;267;"Inativa";"Funcex";"Comércio exterior";"Capacidade de importar (média 2006 = 100)";"Capacidade de importar (média 2006 = 100)";"Não oculta";"Internet";45;0;1;"Incluída em 22/mar/2006.";NA;"FUNCEX";"Internet";"Macro"
"12629";"FIEMG12_CUTIND12";20;593;"Ativa";"Fiemg";"Produção";"Utilização da capacidade - indústria - extrativa mineral - média";"Utilização da capacidade - indústria - extrativa mineral - média";"Não oculta";"Internet";40;0;0;NA;NA;"FIEMG12";"Internet";"Macro"
"12630";"HIST_MTE";31;376;"Inativa";"Outras fontes";"Comércio exterior";"Importações - tarifa - alíquota efetiva";"Importações - tarifa - alíquota efetiva";"Não oculta";"Internet";90;0;1;"Incluída em 27/mar/2006.";NA;"HIST";"Internet";"Macro"
"12631";"HIST_IMIGRAN";33;353;"Inativa";"Outras fontes";"População";"População - imigrantes";"População - imigrantes";"Não oculta";"Internet";120;0;1;"Incluída em 29/mar/2006 .";NA;"HIST";"Internet";"Macro"
"12632";"HIST_DEXVELHADB";5;1138;"Inativa";"Outras fontes";"Balanço de pagamentos";"Dívida externa (velha) - empréstimos externos públicos - valor desembolsado bruto";"Dívida externa (velha) - empréstimos externos públicos - valor desembolsado bruto";"Não oculta";"Internet";90;0;1;"Incluída em 5/abr/2006.";NA;"HIST";"Internet";"Macro"
"12633";"HIST_DEXVELHADP";4;1216;"Inativa";"Outras fontes";"Balanço de pagamentos";"Dívida externa (velha) - empréstimos externos públicos - valor dos descontos pagos";"Dívida externa (velha) - empréstimos externos públicos - valor dos descontos pagos";"Não oculta";"Internet";90;0;1;"Incluída em 5/abr/2006.";NA;"HIST";"Internet";"Macro"
"12634";"HIST_DEXVELHADL";4;1216;"Inativa";"Outras fontes";"Balanço de pagamentos";"Dívida externa (velha) - empréstimos externos públicos - valor desembolsado líquido";"Dívida externa (velha) - empréstimos externos públicos - valor desembolsado líquido";"Não oculta";"Internet";90;0;1;"Incluída em 5/abr/2006.";NA;"HIST";"Internet";"Macro"
"12635";"HIST_DEXVELHAJUR";8;932;"Inativa";"Outras fontes";"Balanço de pagamentos";"Dívida externa (velha) - juros pagos nos empréstimos externos públicos";"Dívida externa (velha) - juros pagos nos empréstimos externos públicos";"Não oculta";"Internet";90;0;1;"Incluída em 5/abr/2006.";NA;"HIST";"Internet";"Macro"
"12636";"HIST_DEXVELHACOM";4;1216;"Inativa";"Outras fontes";"Balanço de pagamentos";"Dívida externa (velha) - comissões pagas nos empréstimos externos públicos";"Dívida externa (velha) - comissões pagas nos empréstimos externos públicos";"Não oculta";"Internet";90;0;1;"Incluída em 5/abr/2006.";NA;"HIST";"Internet";"Macro"
"12637";"HIST_DEXVELHAAM";6;1048;"Inativa";"Outras fontes";"Balanço de pagamentos";"Dívida externa (velha) - amortizações pagas nos empréstimos externos públicos";"Dívida externa (velha) - amortizações pagas nos empréstimos externos públicos";"Não oculta";"Internet";90;0;1;"Incluída em 5/abr/2006.";NA;"HIST";"Internet";"Macro"
"12638";"HIST_SBCLIBRA";22;488;"Inativa";"Outras fontes";"Balanço de pagamentos";"Balança comercial - (FOB) - saldo";"Balança comercial - (FOB) - saldo";"Não oculta";"Internet";90;0;1;"Incluída em 05/abril/2006 .";NA;"HIST";"Internet";"Macro"
"12639";"HIST_NAVLIBRA";2;1445;"Inativa";"Outras fontes";"Balanço de pagamentos";"Balanço de pagamentos - serviços - navegação";"Balanço de pagamentos - serviços - navegação";"Não oculta";"Internet";90;0;1;"Incluída em 05/abril/2006 .";NA;"HIST";"Internet";"Macro"
"12640";"HIST_LUCLIBRA";3;1315;"Inativa";"Outras fontes";"Balanço de pagamentos";"Balanço de pagamentos - serviços - remessas de lucros";"Balanço de pagamentos - serviços - remessas de lucros";"Não oculta";"Internet";90;0;1;"Incluída em 05/abril/2006 .";NA;"HIST";"Internet";"Macro"
"12641";"HIST_JURLIBRA";6;1048;"Inativa";"Outras fontes";"Balanço de pagamentos";"Balanço de pagamentos - serviços - juros";"Balanço de pagamentos - serviços - juros";"Não oculta";"Internet";90;0;1;"Incluída em 05/abril/2006 .";NA;"HIST";"Internet";"Macro"
"12642";"HIST_JURGLIBRA";6;1048;"Inativa";"Outras fontes";"Balanço de pagamentos";"Balanço de pagamentos - serviços - garantia de juros";"Balanço de pagamentos - serviços - garantia de juros";"Não oculta";"Internet";90;0;1;"Incluída em 05/abril/2006 .";NA;"HIST";"Internet";"Macro"
"12643";"HIST_SEROUTLIBRA";2;1445;"Inativa";"Outras fontes";"Balanço de pagamentos";"Balanço de pagamentos - serviços - outros";"Balanço de pagamentos - serviços - outros";"Não oculta";"Internet";90;0;1;"Incluída em 05/abril/2006 .";NA;"HIST";"Internet";"Macro"
"12644";"HIST_SERLIBRA";4;1216;"Inativa";"Outras fontes";"Balanço de pagamentos";"Balanço de pagamentos - serviços - saldo";"Balanço de pagamentos - serviços - saldo";"Não oculta";"Internet";90;0;1;"Incluída em 05/abril/2006 .";NA;"HIST";"Internet";"Macro"
"12645";"HIST_TUNLIBRA";2;1445;"Inativa";"Outras fontes";"Balanço de pagamentos";"Balanço de pagamentos - transferências unilaterais";"Balanço de pagamentos - transferências unilaterais";"Não oculta";"Internet";90;0;1;"Incluída em 05/abril/2006 .";NA;"HIST";"Internet";"Macro"
"12646";"HIST_STCLIBRA";4;1216;"Inativa";"Outras fontes";"Balanço de pagamentos";"Balanço de pagamentos - transações correntes - saldo";"Balanço de pagamentos - transações correntes - saldo";"Não oculta";"Internet";90;0;1;"Incluída em 05/abril/2006 .";NA;"HIST";"Internet";"Macro"
"12647";"HIST_IEDLLIBRA";22;488;"Inativa";"Outras fontes";"Balanço de pagamentos";"Balanço de pagamentos - conta capital - investimento direto";"Balanço de pagamentos - conta capital - investimento direto";"Não oculta";"Internet";90;0;1;"Incluída em 05/abril/2006 .";NA;"HIST";"Internet";"Macro"
"12648";"HIST_EMPLIBRA";6;1048;"Inativa";"Outras fontes";"Balanço de pagamentos";"Balanço de pagamentos - conta capital - empréstimos";"Balanço de pagamentos - conta capital - empréstimos";"Não oculta";"Internet";90;0;1;"Incluída em 05/abril/2006 .";NA;"HIST";"Internet";"Macro"
"12649";"HIST_AMORLIBRA";13;708;"Inativa";"Outras fontes";"Balanço de pagamentos";"Balanço de pagamentos - conta capital - amortizações";"Balanço de pagamentos - conta capital - amortizações";"Não oculta";"Internet";90;0;1;"Incluída em 05/abril/2006 .";NA;"HIST";"Internet";"Macro"
"12650";"HIST_STKLIBRA";2;1445;"Inativa";"Outras fontes";"Balanço de pagamentos";"Balanço de pagamentos - conta capital - saldo";"Balanço de pagamentos - conta capital - saldo";"Não oculta";"Internet";90;0;1;"Incluída em 05/abril/2006 .";NA;"HIST";"Internet";"Macro"
"12651";"HIST_EROMLIBRA";6;1048;"Inativa";"Outras fontes";"Balanço de pagamentos";"Balanço de pagamentos - erros e omissões";"Balanço de pagamentos - erros e omissões";"Não oculta";"Internet";90;0;1;"Incluída em 05/abril/2006 .";NA;"HIST";"Internet";"Macro"
"12652";"HIST_SBPLIBRA";2;1445;"Inativa";"Outras fontes";"Balanço de pagamentos";"Balanço de pagamentos - saldo";"Balanço de pagamentos - saldo";"Não oculta";"Internet";90;0;1;"Incluída em 05/abril/2006 .";NA;"HIST";"Internet";"Macro"
"12653";"HIST_CAFEQ60W";9;871;"Inativa";"Outras fontes";"Produção";"Produção - café - qde.";"Produção de café: quantidade";"Não oculta";"Internet";90;0;1;"Incluída em 10/abr/2006 .";NA;"HIST";"Internet";"Macro"
"12654";"HIST_CAFEQ60";13;708;"Inativa";"Outras fontes";"Produção";"Produção - café - qde.";"Produção de café: quantidade";"Não oculta";"Internet";90;0;1;"Incluída em 10/abr/2006 .";NA;"HIST";"Internet";"Macro"
"12655";"EXPORTACAO";611;8;"Ativa";"MDIC/SECEX";"Comércio exterior";"Exportações Brasileiras";"Exportações Brasileiras";"Não oculta";"Internet";NA;0;0;NA;NA;"EXPORTACAO";"Internet";"Regional"
"12656";"MME_CAPINSTEE";45;267;"Ativa";"MME";"Produção";"Capacidade instalada - geração de energia elétrica - qde.";"Capacidade instalada de geração de energia elétrica do Brasil: quantidade";"Não oculta";"Internet";420;0;1;"Incluída em 08/mai/2006";NA;"MME";"Internet";"Macro"
"12657";"ONS12_HIDR12";24;508;"Ativa";"ONS";"Produção";"Geração de energia elétrica - hidráulica - qde.";"Geração de energia elétrica hidraúlica: quantidade";"Não oculta";"Internet";30;0;0;"Incluída em 10/mai/2006";NA;"ONS12";"Internet";"Macro"
"12658";"ONS12_CONV12";19;621;"Ativa";"ONS";"Produção";"Geração de energia elétrica - térmica convencional - qde.";"Geração de energia elétrica térmica convencional: quantidade";"Não oculta";"Internet";30;0;0;"Incluída em 10/mai/2007";NA;"ONS12";"Internet";"Macro"
"12659";"ONS12_NUCL12";12;812;"Ativa";"ONS";"Produção";"Geração de energia elétrica - termo nuclear - qde.";"Geração de energia elétrica termo nuclear: quantidade";"Não oculta";"Internet";30;0;0;"Incluída em 10/mai/2008";NA;"ONS12";"Internet";"Macro"
"12660";"ONS12_EMERG12";13;769;"Inativa";"ONS";"Produção";"Geração de energia elétrica - térmica emergencial - qde.";"Geração de energia elétrica térmica emergencial: quantidade";"Não oculta";"Internet";20;0;0;"Incluída em 10/mai/2009";NA;"ONS12";"Internet";"Macro"
"12661";"ANATEL_INST";42;282;"Inativa";"Anatel";"Produção";"Telefone - acessos fixos instalados";"Número de acessos telefônicos fixos instalados";"Não oculta";"Internet";360;0;0;"Incluída em 17/mai/2006";NA;"ANATEL";"Internet";"Macro"
"12662";"ANATEL_SERV";21;504;"Ativa";"Anatel";"Produção";"Telefone - acessos fixos em serviço";"Número de acessos telefônicos fixos instalados em serviço";"Não oculta";"Internet";360;0;0;"Incluída em 17/mai/2006";NA;"ANATEL";"Internet";"Macro"
"12663";"PIA_T_RM";NA;NA;"Ativa";"IBGE";"Mercado de trabalho";"População em Idade Ativa";"População em Idade Ativa ";"Oculta";"Intranet";NA;0;0;NA;NA;"PIA";"Oculta";"Social"
"12664";"POP0_4M";13;130;"Ativa";"IBGE";"População";"Pessoas 0 a 4 anos - homens";"Pessoas 0 a 4 anos - homens  ";"Não oculta";"Internet";NA;0;0;NA;NA;"POP0";"Internet";"Regional"
"12665";"POP0_4F";6;167;"Ativa";"IBGE";"População";"Pessoas 0 a 4 anos - mulheres";"Pessoas 0 a 4 anos - mulheres  ";"Não oculta";"Internet";NA;0;0;NA;NA;"POP0";"Internet";"Regional"
"12666";"POP5_9M";7;157;"Ativa";"IBGE";"População";"Pessoas 5 a 9 anos - homens";"Pessoas 5 a 9 anos - homens  ";"Não oculta";"Internet";NA;0;0;NA;NA;"POP5";"Internet";"Regional"
"12667";"POP5_9F";6;167;"Ativa";"IBGE";"População";"Pessoas 5 a 9 anos - mulheres";"Pessoas 5 a 9 anos - mulheres  ";"Não oculta";"Internet";NA;0;0;NA;NA;"POP5";"Internet";"Regional"
"12668";"POP10_14M";7;157;"Ativa";"IBGE";"População";"Pessoas 10 a 14 anos - homens";"Pessoas 10 a 14 anos - homens  ";"Não oculta";"Internet";NA;0;0;NA;NA;"POP10";"Internet";"Regional"
"12669";"POP10_14F";4;185;"Ativa";"IBGE";"População";"Pessoas 10 a 14 anos - mulheres";"Pessoas 10 a 14 anos - mulheres  ";"Não oculta";"Internet";NA;0;0;NA;NA;"POP10";"Internet";"Regional"
"12670";"POP15_19M";6;167;"Ativa";"IBGE";"População";"Pessoas 15 a 19 anos - homens";"Pessoas 15 a 19 anos - homens  ";"Não oculta";"Internet";NA;0;0;NA;NA;"POP15";"Internet";"Regional"
"12671";"POP15_19F";2;202;"Ativa";"IBGE";"População";"Pessoas 15 a 19 anos - mulheres";"Pessoas 15 a 19 anos - mulheres  ";"Não oculta";"Internet";NA;0;0;NA;NA;"POP15";"Internet";"Regional"
"12672";"POP20_24M";15;124;"Ativa";"IBGE";"População";"Pessoas 20 a 24 anos - homens";"Pessoas 20 a 24 anos - homens  ";"Não oculta";"Internet";NA;0;0;NA;NA;"POP20";"Internet";"Regional"
"12673";"POP20_24F";8;149;"Ativa";"IBGE";"População";"Pessoas 20 a 24 anos - mulheres";"Pessoas 20 a 24 anos - mulheres  ";"Não oculta";"Internet";NA;0;0;NA;NA;"POP20";"Internet";"Regional"
"12674";"POP25_29M";7;157;"Ativa";"IBGE";"População";"Pessoas 25 a 29 anos - homens";"Pessoas 25 a 29 anos - homens  ";"Não oculta";"Internet";NA;0;0;NA;NA;"POP25";"Internet";"Regional"
"12675";"POP25_29F";6;167;"Ativa";"IBGE";"População";"Pessoas 25 a 29 anos - mulheres";"Pessoas 25 a 29 anos - mulheres  ";"Não oculta";"Internet";NA;0;0;NA;NA;"POP25";"Internet";"Regional"
"12676";"POP30_39M";2;202;"Ativa";"IBGE";"População";"Pessoas 30 a 39 anos - homens";"Pessoas 30 a 39 anos - homens  ";"Não oculta";"Internet";NA;0;0;NA;NA;"POP30";"Internet";"Regional"
"12677";"POP30_39F";NA;NA;"Ativa";"IBGE";"População";"Pessoas 30 a 39 anos - mulheres";"Pessoas 30 a 39 anos - mulheres  ";"Não oculta";"Internet";NA;0;0;NA;NA;"POP30";"Internet";"Regional"
"12678";"POP40_49M";NA;NA;"Ativa";"IBGE";"População";"Pessoas 40 a 49 anos - homens";"Pessoas 40 a 49 anos - homens  ";"Não oculta";"Internet";NA;0;0;NA;NA;"POP40";"Internet";"Regional"
"12679";"POP40_49F";2;202;"Ativa";"IBGE";"População";"Pessoas 40 a 49 anos - mulheres";"Pessoas 40 a 49 anos - mulheres  ";"Não oculta";"Internet";NA;0;0;NA;NA;"POP40";"Internet";"Regional"
"12680";"POP50_59M";1;233;"Ativa";"IBGE";"População";"Pessoas 50 a 59 anos - homens";"Pessoas 50 a 59 anos - homens  ";"Não oculta";"Internet";NA;0;0;NA;NA;"POP50";"Internet";"Regional"
"12681";"POP50_59F";2;202;"Ativa";"IBGE";"População";"Pessoas 50 a 59 anos - mulheres";"Pessoas 50 a 59 anos - mulheres  ";"Não oculta";"Internet";NA;0;0;NA;NA;"POP50";"Internet";"Regional"
"12682";"POP60_69M";3;194;"Ativa";"IBGE";"População";"Pessoas 60 a 69 anos - homens";"Pessoas 60 a 69 anos - homens  ";"Não oculta";"Internet";NA;0;0;NA;NA;"POP60";"Internet";"Regional"
"12683";"POP60_69F";2;202;"Ativa";"IBGE";"População";"Pessoas 60 a 69 anos - mulheres";"Pessoas 60 a 69 anos - mulheres  ";"Não oculta";"Internet";NA;0;0;NA;NA;"POP60";"Internet";"Regional"
"12684";"POP70M_M";2;202;"Ativa";"IBGE";"População";"Pessoas 70 anos e mais- homens";"Pessoas 70 anos ou + - homens  ";"Não oculta";"Internet";NA;0;0;NA;NA;"POP70M";"Internet";"Regional"
"12685";"POP70M_F";6;167;"Ativa";"IBGE";"População";"Pessoas 70 anos e mais - mulheres";"Pessoas 70 anos ou + - mulheres  ";"Não oculta";"Internet";NA;0;0;NA;NA;"POP70M";"Internet";"Regional"
"12686";"POP80M_M";3;194;"Ativa";"IBGE";"População";"Pessoas 80 anos e mais - homens";"Pessoas 80 anos ou + - homens  ";"Não oculta";"Internet";NA;0;0;NA;NA;"POP80M";"Internet";"Regional"
"12687";"POP80M_F";3;194;"Ativa";"IBGE";"População";"Pessoas 80 anos e mais - mulheres";"Pessoas 80 anos ou + - mulheres  ";"Não oculta";"Internet";NA;0;0;NA;NA;"POP80M";"Internet";"Regional"
"12688";"POPIGN_M";1;233;"Ativa";"IBGE";"População";"População idade ignorada - homens";"População idade ignorada - homens  ";"Não oculta";"Internet";NA;0;0;NA;NA;"POPIGN";"Internet";"Regional"
"12689";"POPIGN_F";3;194;"Ativa";"IBGE";"População";"População idade ignorada - mulheres";"População idade ignorada - mulheres  ";"Não oculta";"Internet";NA;0;0;NA;NA;"POPIGN";"Internet";"Regional"
"12690";"VIOLPOP";NA;NA;"Ativa";"IPEA";"Segurança Pública";"População residente - ponderador";"População residente - ponderador";"Não oculta";"Intranet";NA;0;0;NA;NA;"VIOLPOP";"Intranet";"Regional"
"12691";"VIOLPOPF";NA;NA;"Ativa";"IPEA";"Segurança Pública";"População residente do sexo feminino - ponderador";"População residente do sexo feminino - ponderador";"Não oculta";"Intranet";NA;0;0;NA;NA;"VIOLPOPF";"Intranet";"Regional"
"12692";"VIOLPOPM";NA;NA;"Ativa";"IPEA";"Segurança Pública";"População residente do sexo masculino - ponderador";"População residente do sexo masculino - ponderador";"Não oculta";"Intranet";NA;0;0;NA;NA;"VIOLPOPM";"Intranet";"Regional"
"12693";"VIOLPOPJ";NA;NA;"Ativa";"IPEA";"Segurança Pública";"População residente de jovens de 15 a 29 anos - ponderador";"População residente de jovens de 15 a 29 anos - ponderador";"Não oculta";"Intranet";NA;0;0;NA;NA;"VIOLPOPJ";"Intranet";"Regional"
"12694";"VIOLPOPFJ";NA;NA;"Ativa";"IPEA";"Segurança Pública";"População residente de jovens de 15 a 29 anos do sexo feminino - ponderador";"População residente de jovens de 15 a 29 anos do sexo feminino - ponderador";"Não oculta";"Intranet";NA;0;0;NA;NA;"VIOLPOPFJ";"Intranet";"Regional"
"12695";"VIOLPOPMJ";NA;NA;"Ativa";"IPEA";"Segurança Pública";"População residente de jovens de 15 a 29 anos do sexo masculino - ponderador";"População residente de jovens de 15 a 29 anos do sexo masculino - ponderador";"Não oculta";"Intranet";NA;0;0;NA;NA;"VIOLPOPMJ";"Intranet";"Regional"
"12696";"VIOLOBI";NA;NA;"Ativa";"IPEA";"Segurança Pública";"Número de óbitos - ponderador";"Número de óbitos - ponderador";"Não oculta";"Intranet";NA;0;0;NA;NA;"VIOLOBI";"Intranet";"Regional"
"12697";"VIOLOBIF";NA;NA;"Ativa";"IPEA";"Segurança Pública";"Número de óbitos do sexo feminino - ponderador";"Número de óbitos do sexo feminino - ponderador";"Não oculta";"Intranet";NA;0;0;NA;NA;"VIOLOBIF";"Intranet";"Regional"
"12698";"VIOLOBIM";NA;NA;"Ativa";"IPEA";"Segurança Pública";"Número de óbitos do sexo masculino - ponderador";"Número de óbitos do sexo masculino - ponderador";"Não oculta";"Intranet";NA;0;0;NA;NA;"VIOLOBIM";"Intranet";"Regional"
"12699";"VIOLOBIJ";NA;NA;"Ativa";"IPEA";"Segurança Pública";"Número de óbitos de jovens de 15 a 29 anos - ponderador";"Número de óbitos de jovens de 15 a 29 anos - ponderador";"Não oculta";"Intranet";NA;0;0;NA;NA;"VIOLOBIJ";"Intranet";"Regional"
"12700";"VIOLOBIFJ";NA;NA;"Ativa";"IPEA";"Segurança Pública";"Número de óbitos de jovens de 15 a 29 anos do sexo feminino - ponderador";"Número de óbitos de jovens de 15 a 29 anos do sexo feminino - ponderador";"Não oculta";"Intranet";NA;0;0;NA;NA;"VIOLOBIFJ";"Intranet";"Regional"
"12701";"VIOLOBIMJ";NA;NA;"Ativa";"IPEA";"Segurança Pública";"Número de óbitos de jovens de 15 a 29 anos do sexo masculino - ponderador";"Número de óbitos de jovens de 15 a 29 anos do sexo masculino - ponderador";"Não oculta";"Intranet";NA;0;0;NA;NA;"VIOLOBIMJ";"Intranet";"Regional"
"12702";"IFS12_IPCPOL12";NA;NA;"Inativa";"FMI/IFS";"Economia internacional";"IPC - índice (média 2005 = 100)";"IPC - índice (média 2005 = 100)";"Não oculta";"Intranet";60;0;0;"Incluída em 28/jun/2006.";NA;"IFS12";"Intranet";"Macro"
"12703";"IFS12_CAMBPOL12";NA;NA;"Inativa";"FMI/IFS";"Economia internacional";"taxa de câmbio - zloty / US$ - média";"taxa de câmbio - zloty / US$ - média";"Não oculta";"Intranet";60;0;0;"Incluída em 28/jun/2006.";NA;"IFS12";"Intranet";"Macro"
"12704";"GAC12_COEFEXP13S4";13;769;"Inativa";"IPEA";"Câmbio";"Taxa de câmbio - efetiva real - setor: peças e outros veículos - índice (média 2005 = 100)";"Taxa de câmbio - efetiva real - setor: peças e outros veículos - índice (média 2005 = 100)";"Não oculta";"Intranet";90;0;0;"Incluída em 07/julho/2006.";NA;"GAC12";"Intranet";"Macro"
"12705";"GAC12_COEFEXP1S4";24;508;"Inativa";"IPEA";"Câmbio";"Taxa de câmbio - efetiva real - setor: agropecuária - índice (média 2005 = 100)";"Taxa de câmbio - efetiva real - setor: agropecuária - índice (média 2005 = 100)";"Não oculta";"Intranet";90;0;0;"Incluída em 07/julho/2006.";NA;"GAC12";"Intranet";"Macro"
"12706";"GAC12_COEFEXP2S4";9;946;"Inativa";"IPEA";"Câmbio";"Taxa de câmbio - efetiva real - setor: extrativa mineral - índice (média 2005 = 100)";"Taxa de câmbio - efetiva real - setor: extrativa mineral - índice (média 2005 = 100)";"Não oculta";"Intranet";90;0;0;"Incluída em 07/julho/2006.";NA;"GAC12";"Intranet";"Macro"
"12707";"GAC12_COEFEXP4S4";4;1262;"Inativa";"IPEA";"Câmbio";"Taxa de câmbio - efetiva real - setor: minerais não metálicos - índice (média 2005 = 100)";"Taxa de câmbio - efetiva real - setor: minerais não metálicos - índice (média 2005 = 100)";"Não oculta";"Intranet";90;0;0;"Incluída em 07/julho/2006.";NA;"GAC12";"Intranet";"Macro"
"12708";"GAC12_COEFEXP5S4";17;667;"Inativa";"IPEA";"Câmbio";"Taxa de câmbio - efetiva real - setor: siderurgia - índice (média 2005 = 100)";"Taxa de câmbio - efetiva real - setor: siderurgia - índice (média 2005 = 100)";"Não oculta";"Intranet";90;0;0;"Incluída em 07/julho/2006.";NA;"GAC12";"Intranet";"Macro"
"12709";"GAC12_COEFEXP6S4";3;1356;"Inativa";"IPEA";"Câmbio";"Taxa de câmbio - efetiva real - setor: metalurgia não ferrosos - índice (média 2005 = 100)";"Taxa de câmbio - efetiva real - setor: metalurgia não ferrosos - índice (média 2005 = 100)";"Não oculta";"Intranet";90;0;0;"Incluída em 07/julho/2006.";NA;"GAC12";"Intranet";"Macro"
"12710";"GAC12_COEFEXP7S4";21;569;"Inativa";"IPEA";"Câmbio";"Taxa de câmbio - efetiva real - setor: outros produtos metalúrgicos - índice (média 2005 = 100)";"Taxa de câmbio - efetiva real - setor: outros produtos metalúrgicos - índice (média 2005 = 100)";"Não oculta";"Intranet";90;0;0;"Incluída em 07/julho/2006.";NA;"GAC12";"Intranet";"Macro"
"12711";"GAC12_COEFEXP8S4";9;946;"Inativa";"IPEA";"Câmbio";"Taxa de câmbio - efetiva real - setor: máquinas e tratores - índice (média 2005 = 100)";"Taxa de câmbio - efetiva real - setor: máquinas e tratores - índice (média 2005 = 100)";"Não oculta";"Intranet";90;0;0;"Incluída em 07/julho/2006.";NA;"GAC12";"Intranet";"Macro"
"12712";"GAC12_COEFEXP10S4";3;1356;"Inativa";"IPEA";"Câmbio";"Taxa de câmbio - efetiva real - setor: material elétrico - índice (média 2005 = 100)";"Taxa de câmbio - efetiva real - setor: material elétrico - índice (média 2005 = 100)";"Não oculta";"Intranet";90;0;0;"Incluída em 07/julho/2006.";NA;"GAC12";"Intranet";"Macro"
"12713";"GAC12_COEFEXP11S4";7;1050;"Inativa";"IPEA";"Câmbio";"Taxa de câmbio - efetiva real - setor: equipamentos eletrônicos - índice (média 2005 = 100)";"Taxa de câmbio - efetiva real - setor: equipamentos eletrônicos - índice (média 2005 = 100)";"Não oculta";"Intranet";90;0;0;"Incluída em 07/julho/2006.";NA;"GAC12";"Intranet";"Macro"
"12714";"GAC12_COEFEXP12S4";11;856;"Inativa";"IPEA";"Câmbio";"Taxa de câmbio - efetiva real - setor: veículos automotores - índice (média 2005 = 100)";"Taxa de câmbio - efetiva real - setor: veículos automotores - índice (média 2005 = 100)";"Não oculta";"Intranet";90;0;0;"Incluída em 07/julho/2006.";NA;"GAC12";"Intranet";"Macro"
"12715";"GAC12_COEFEXP14S4";5;1176;"Inativa";"IPEA";"Câmbio";"Taxa de câmbio - efetiva real - setor: madeira e mobiliário - índice (média 2005 = 100)";"Taxa de câmbio - efetiva real - setor: madeira e mobiliário - índice (média 2005 = 100)";"Não oculta";"Intranet";90;0;0;"Incluída em 07/julho/2006.";NA;"GAC12";"Intranet";"Macro"
"12716";"GAC12_COEFEXP15S4";14;737;"Inativa";"IPEA";"Câmbio";"Taxa de câmbio - efetiva real - setor: celulose, papel e gráfica - índice (média 2005 = 100)";"Taxa de câmbio - efetiva real - setor: celulose, papel e gráfica - índice (média 2005 = 100)";"Não oculta";"Intranet";90;0;0;"Incluída em 07/julho/2006.";NA;"GAC12";"Intranet";"Macro"
"12717";"GAC12_COEFEXP16S4";4;1262;"Inativa";"IPEA";"Câmbio";"Taxa de câmbio - efetiva real - setor: borracha - índice (média 2005 = 100)";"Taxa de câmbio - efetiva real - setor: borracha - índice (média 2005 = 100)";"Não oculta";"Intranet";90;0;0;"Incluída em 07/julho/2006.";NA;"GAC12";"Intranet";"Macro"
"12718";"GAC12_COEFEXP17S4";4;1262;"Inativa";"IPEA";"Câmbio";"Taxa de câmbio - efetiva real - setor: elementos químicos - índice (média 2005 = 100)";"Taxa de câmbio - efetiva real - setor: elementos químicos - índice (média 2005 = 100)";"Não oculta";"Intranet";90;0;0;"Incluída em 07/julho/2006.";NA;"GAC12";"Intranet";"Macro"
"12719";"GAC12_COEFEXP21S4";5;1176;"Inativa";"IPEA";"Câmbio";"Taxa de câmbio - efetiva real - setor: plástica - índice (média 2005 = 100)";"Taxa de câmbio - efetiva real - setor: plástica - índice (média 2005 = 100)";"Não oculta";"Intranet";90;0;0;"Incluída em 07/julho/2006.";NA;"GAC12";"Intranet";"Macro"
"12720";"GAC12_COEFEXP22S4";12;812;"Inativa";"IPEA";"Câmbio";"Taxa de câmbio - efetiva real - setor: têxtil - índice (média 2005 = 100)";"Taxa de câmbio - efetiva real - setor: têxtil - índice (média 2005 = 100)";"Não oculta";"Intranet";90;0;0;"Incluída em 07/julho/2006.";NA;"GAC12";"Intranet";"Macro"
"12721";"GAC12_COEFEXP23S4";7;1050;"Inativa";"IPEA";"Câmbio";"Taxa de câmbio - efetiva real - setor: artigos de vestuário - índice (média 2005 = 100)";"Taxa de câmbio - efetiva real - setor: artigos de vestuário - índice (média 2005 = 100)";"Não oculta";"Intranet";90;0;0;"Incluída em 07/julho/2006.";NA;"GAC12";"Intranet";"Macro"
"12722";"GAC12_COEFEXP24S4";7;1050;"Inativa";"IPEA";"Câmbio";"Taxa de câmbio - efetiva real - setor: calçados - índice (média 2005 = 100)";"Taxa de câmbio - efetiva real - setor: calçados - índice (média 2005 = 100)";"Não oculta";"Intranet";90;0;0;"Incluída em 07/julho/2006.";NA;"GAC12";"Intranet";"Macro"
"12723";"GAC12_COEFEXP25S4";20;593;"Inativa";"IPEA";"Câmbio";"Taxa de câmbio - efetiva real - setor: café - índice (média 2005 = 100)";"Taxa de câmbio - efetiva real - setor: café - índice (média 2005 = 100)";"Não oculta";"Intranet";90;0;0;"Incluída em 07/julho/2006.";NA;"GAC12";"Intranet";"Macro"
"12724";"GAC12_COEFEXP26S4";2;1480;"Inativa";"IPEA";"Câmbio";"Taxa de câmbio - efetiva real - setor: beneficiamento produtos vegetais - índice (média 2005 = 100)";"Taxa de câmbio - efetiva real - setor: beneficiamento produtos vegetais - índice (média 2005 = 100)";"Não oculta";"Intranet";90;0;0;"Incluída em 07/julho/2006.";NA;"GAC12";"Intranet";"Macro"
"12725";"GAC12_COEFEXP27S4";4;1262;"Inativa";"IPEA";"Câmbio";"Taxa de câmbio - efetiva real - setor: abate de animais - índice (média 2005 = 100)";"Taxa de câmbio - efetiva real - setor: abate de animais - índice (média 2005 = 100)";"Não oculta";"Intranet";90;0;0;"Incluída em 07/julho/2006.";NA;"GAC12";"Intranet";"Macro"
"12726";"GAC12_COEFEXP30S4";3;1356;"Inativa";"IPEA";"Câmbio";"Taxa de câmbio - efetiva real - setor: óleos vegetais - índice (média 2005 = 100)";"Taxa de câmbio - efetiva real - setor: óleos vegetais - índice (média 2005 = 100)";"Não oculta";"Intranet";90;0;0;"Incluída em 07/julho/2006.";NA;"GAC12";"Intranet";"Macro"
"12727";"GAC12_COEFEXP31S4";5;1176;"Inativa";"IPEA";"Câmbio";"Taxa de câmbio - efetiva real - setor: outros produtos alimentares - índice (média 2005 = 100)";"Taxa de câmbio - efetiva real - setor: outros produtos alimentares - índice (média 2005 = 100)";"Não oculta";"Intranet";90;0;0;"Incluída em 07/julho/2006.";NA;"GAC12";"Intranet";"Macro"
"12728";"GAC12_COEFEXP32S4";3;1356;"Inativa";"IPEA";"Câmbio";"Taxa de câmbio - efetiva real - setor: indústrias diversas - índice (média 2005 = 100)";"Taxa de câmbio - efetiva real - setor: indústrias diversas - índice (média 2005 = 100)";"Não oculta";"Intranet";90;0;0;"Incluída em 07/julho/2006.";NA;"GAC12";"Intranet";"Macro"
"12729";"GAC12_COEFEXP3S4";10;894;"Inativa";"IPEA";"Câmbio";"Taxa de câmbio - efetiva real - setor: petróleo e carvão - índice (média 2005 = 100)";"Taxa de câmbio - efetiva real - setor: petróleo e carvão - índice (média 2005 = 100)";"Não oculta";"Intranet";90;0;0;"Incluída em 07/julho/2006.";NA;"GAC12";"Intranet";"Macro"
"12730";"GAC12_COEFEXP18S4";12;812;"Inativa";"IPEA";"Câmbio";"Taxa de câmbio - efetiva real - setor: refino de petróleo - índice (média 2005 = 100)";"Taxa de câmbio - efetiva real - setor: refino de petróleo - índice (média 2005 = 100)";"Não oculta";"Intranet";90;0;0;"Incluída em 07/julho/2006.";NA;"GAC12";"Intranet";"Macro"
"12731";"GAC12_COEFEXP19S4";5;1176;"Inativa";"IPEA";"Câmbio";"Taxa de câmbio - efetiva real - setor: químicos diversos - índice (média 2005 = 100)";"Taxa de câmbio - efetiva real - setor: químicos diversos - índice (média 2005 = 100)";"Não oculta";"Intranet";90;0;0;"Incluída em 07/julho/2006.";NA;"GAC12";"Intranet";"Macro"
"12732";"GAC12_COEFEXP20S4";5;1176;"Inativa";"IPEA";"Câmbio";"Taxa de câmbio - efetiva real - setor: farmacêutica e perfumaria - índice (média 2005 = 100)";"Taxa de câmbio - efetiva real - setor: farmacêutica e perfumaria - índice (média 2005 = 100)";"Não oculta";"Intranet";90;0;0;"Incluída em 07/julho/2006.";NA;"GAC12";"Intranet";"Macro"
"12733";"GAC12_COEFEXP28S4";2;1480;"Inativa";"IPEA";"Câmbio";"Taxa de câmbio - efetiva real - setor: laticínios - índice (média 2005 = 100)";"Taxa de câmbio - efetiva real - setor: laticínios - índice (média 2005 = 100)";"Não oculta";"Intranet";90;0;0;"Incluída em 07/julho/2006.";NA;"GAC12";"Intranet";"Macro"
"12734";"GAC12_COEFEXP29S4";14;737;"Inativa";"IPEA";"Câmbio";"Taxa de câmbio - efetiva real - setor: açúcar - índice (média 2005 = 100)";"Taxa de câmbio - efetiva real - setor: açúcar - índice (média 2005 = 100)";"Não oculta";"Intranet";90;0;0;"Incluída em 07/julho/2006.";NA;"GAC12";"Intranet";"Macro"
"12735";"PEA";340;7;"Ativa";"IPEA";"Mercado de trabalho";"População Economicamente Ativa(PEA) - Total";"População Economicamente Ativa(PEA) - Total";"Não oculta";"Internet";NA;0;0;NA;NA;"PEA";"Internet";"Social"
"12736";"PEA_R";60;54;"Ativa";"IPEA";"Mercado de trabalho";"Populacao Economicamente Ativa(PEA)- Rural";"Populacao Economicamente Ativa- Rural";"Não oculta";"Internet";NA;0;0;NA;NA;"PEA";"Internet";"Social"
"12737";"PEA_U";117;33;"Ativa";"IPEA";"Mercado de trabalho";"Populacao Economicamente Ativa(PEA)- Urbana";"Populacao Economicamente Ativa- Urbana";"Não oculta";"Internet";NA;0;0;NA;NA;"PEA";"Internet";"Social"
"12738";"POPOC";217;15;"Ativa";"IPEA";"Mercado de trabalho";"Populacao Ocupada";"Populacao Ocupada";"Não oculta";"Internet";NA;0;0;NA;NA;"POPOC";"Internet";"Social"
"12739";"POPOC_R";81;42;"Ativa";"IPEA";"Mercado de trabalho";"Populacao Ocupada- Rural";"Populacao Ocupada- Rural";"Não oculta";"Internet";NA;0;0;NA;NA;"POPOC";"Internet";"Social"
"12740";"POPOC_U";83;40;"Ativa";"IPEA";"Mercado de trabalho";"Populacao Ocupada- Urbana";"Populacao Ocupada- Urbana";"Não oculta";"Internet";NA;0;0;NA;NA;"POPOC";"Internet";"Social"
"12741";"PEA_AGROH";9;142;"Ativa";"IBGE";"Mercado de trabalho";"População Economicamente Ativa(PEA)- Agricultura,Pecuária e Silvicultura - Homem";"População Economicamente Ativa(PEA)- Agricultura,Pecuária e Silvicultura - Homem";"Não oculta";"Internet";NA;0;0;NA;NA;"PEA";"Internet";"Social"
"12742";"PEA_AGROM";7;157;"Ativa";"IBGE";"Mercado de trabalho";"População Economicamente Ativa(PEA)- Agricultura,Pecuária e Silvicultura - Mulher";"População Economicamente Ativa(PEA)- Agricultura,Pecuária e Silvicultura - Mulher";"Não oculta";"Internet";NA;0;0;NA;NA;"PEA";"Internet";"Social"
"12743";"PEA_IEXTH";1;233;"Ativa";"IBGE";"Mercado de trabalho";"População Economicamente Ativa(PEA)- Indústrias extrativas - Homem";"População Economicamente Ativa(PEA)- Indústrias extrativas - Homem";"Não oculta";"Internet";NA;0;0;NA;NA;"PEA";"Internet";"Social"
"12744";"PEA_IEXTM";1;233;"Ativa";"IBGE";"Mercado de trabalho";"População Economicamente Ativa(PEA)- Indústrias extrativas - Mulher";"População Economicamente Ativa(PEA)- Indústrias extrativas - Mulher";"Não oculta";"Internet";NA;0;0;NA;NA;"PEA";"Internet";"Social"
"12745";"PEA_ITRAH";26;107;"Ativa";"IBGE";"Mercado de trabalho";"População Economicamente Ativa(PEA)- Indústrias de Transformação e Construção Civil - Homem";"População Economicamente Ativa(PEA)- Indústrias de Transformação e Construção Civil - Homem";"Não oculta";"Internet";NA;0;0;NA;NA;"PEA";"Internet";"Social"
"12746";"PEA_ITRAM";2;202;"Ativa";"IBGE";"Mercado de trabalho";"População Economicamente Ativa(PEA)- Indústrias de Transformação  e Construção Civil - Mulher";"População Economicamente Ativa(PEA)- Indústrias de Transformação  e Construção Civil - Mulher";"Não oculta";"Internet";NA;0;0;NA;NA;"PEA";"Internet";"Social"
"12747";"PEA_COMMH";2;202;"Ativa";"IBGE";"Mercado de trabalho";"População Economicamente Ativa(PEA)- Comercio de Mercadorias - Homem";"População Economicamente Ativa(PEA)- Comercio de Mercadorias - Homem";"Não oculta";"Internet";NA;0;0;NA;NA;"PEA";"Internet";"Social"
"12748";"PEA_COMMM";3;194;"Ativa";"IBGE";"Mercado de trabalho";"População Economicamente Ativa(PEA)- Comercio de Mercadorias - Mulher";"População Economicamente Ativa(PEA)- Comercio de Mercadorias - Mulher";"Não oculta";"Internet";NA;0;0;NA;NA;"PEA";"Internet";"Social"
"12749";"PEA_COMIH";2;202;"Ativa";"IBGE";"Mercado de trabalho";"População Economicamente Ativa(PEA)- Comercio de Imóveis - Homem";"População Economicamente Ativa(PEA)- Comercio de Imóveis - Homem";"Não oculta";"Internet";NA;0;0;NA;NA;"PEA";"Internet";"Social"
"12750";"PEA_COMIM";2;202;"Ativa";"IBGE";"Mercado de trabalho";"População Economicamente Ativa(PEA)- Comercio de Imóveis - Mulher";"População Economicamente Ativa(PEA)- Comercio de Imóveis - Mulher";"Não oculta";"Internet";NA;0;0;NA;NA;"PEA";"Internet";"Social"
"12751";"PEA_TRCOH";2;202;"Ativa";"IBGE";"Mercado de trabalho";"População Economicamente Ativa(PEA)- Transportes, Comunicações e armazenagem - Homem";"População Economicamente Ativa(PEA)- Transportes, Comunicações e armazenagem - Homem";"Não oculta";"Internet";NA;0;0;NA;NA;"PEA";"Internet";"Social"
"12752";"PEA_TRCOM";1;233;"Ativa";"IBGE";"Mercado de trabalho";"População Economicamente Ativa(PEA)- Transportes, Comunicações e Armazenagem - Mulher";"População Economicamente Ativa(PEA)- Transportes, Comunicações e Armazenagem - Mulher";"Não oculta";"Internet";NA;0;0;NA;NA;"PEA";"Internet";"Social"
"12753";"PEA_ADMIH";4;185;"Ativa";"IBGE";"Mercado de trabalho";"População Economicamente Ativa(PEA)- Administração Pública, Justiça e Legislativo - Homem";"População Economicamente Ativa(PEA)- Administração. Pública, Justiça e Legislativo - Homem";"Não oculta";"Internet";NA;0;0;NA;NA;"PEA";"Internet";"Social"
"12754";"PEA_ADMIM";1;233;"Ativa";"IBGE";"Mercado de trabalho";"População Economicamente Ativa(PEA)- Administração Pública, Justiça e Legislativo - Mulher";"População Economicamente Ativa(PEA)- Administração. Pública, Justiça e Legislativo - Mulher";"Não oculta";"Internet";NA;0;0;NA;NA;"PEA";"Internet";"Social"
"12755";"PEA_DEFNH";2;202;"Ativa";"IBGE";"Mercado de trabalho";"População Economicamente Ativa(PEA)- Defesa Nacional,Segurança pública - Homem";"População Economicamente Ativa(PEA)- Defesa Nacional,Segurança pública - Homem";"Não oculta";"Internet";NA;0;0;NA;NA;"PEA";"Internet";"Social"
"12756";"PEA_DEFNM";NA;NA;"Ativa";"IBGE";"Mercado de trabalho";"População Economicamente Ativa(PEA)- Defesa Nacional,Segurança pública - Mulher";"População Economicamente Ativa(PEA)- Defesa Nacional,Segurança pública - Mulher";"Não oculta";"Internet";NA;0;0;NA;NA;"PEA";"Internet";"Social"
"12757";"PEA_PROLH";3;194;"Ativa";"IBGE";"Mercado de trabalho";"População Economicamente Ativa(PEA)- Profissional Liberal - Homem";"População Economicamente Ativa(PEA)- Profissional Liberal - Homem";"Não oculta";"Internet";NA;0;0;NA;NA;"PEA";"Internet";"Social"
"12758";"PEA_PROLM";2;202;"Ativa";"IBGE";"Mercado de trabalho";"População Economicamente Ativa(PEA)- Profissional Liberal - Mulher";"População Economicamente Ativa(PEA)- Profissional Liberal - Mulher";"Não oculta";"Internet";NA;0;0;NA;NA;"PEA";"Internet";"Social"
"12759";"PEA_SESOH";2;202;"Ativa";"IBGE";"Mercado de trabalho";"População Economicamente Ativa(PEA)- Serviços e Atividades Sociais - Homem";"População Economicamente Ativa(PEA)- Serviços e Atividades Sociais - Homem";"Não oculta";"Internet";NA;0;0;NA;NA;"PEA";"Internet";"Social"
"12760";"PEA_SESOM";5;178;"Ativa";"IBGE";"Mercado de trabalho";"População Economicamente Ativa(PEA)- Serviços, e Atividades Sociais - Mulher";"População Economicamente Ativa(PEA)- Serviços, e Atividades Sociais - Mulher";"Não oculta";"Internet";NA;0;0;NA;NA;"PEA";"Internet";"Social"
"12761";"PEA_ADOMH";2;202;"Ativa";"IBGE";"Mercado de trabalho";"População Economicamente Ativa(PEA)- Atividades Domésticas, etc - Homem";"População Economicamente Ativa(PEA)- Atividades Domésticas, etc - Homem";"Não oculta";"Internet";NA;0;0;NA;NA;"PEA";"Internet";"Social"
"12762";"PEA_ADOMM";2;202;"Ativa";"IBGE";"Mercado de trabalho";"População Economicamente Ativa(PEA)- Atividades Domésticas, etc - Mulher";"População Economicamente Ativa(PEA)- Atividades Domésticas, etc - Mulher";"Não oculta";"Internet";NA;0;0;NA;NA;"PEA";"Internet";"Social"
"12763";"PEA_10INH";7;157;"Ativa";"IBGE";"Mercado de trabalho";"População  Economicamente Inativa- Homem";"População  Economicamente Inativa- Homem";"Não oculta";"Internet";NA;0;0;NA;NA;"PEA";"Internet";"Social"
"12764";"PEA_10INM";4;185;"Ativa";"IBGE";"Mercado de trabalho";"População  Economicamente Inativa- Mulher";"População  Economicamente Inativa- Mulher";"Não oculta";"Internet";NA;0;0;NA;NA;"PEA";"Internet";"Social"
"12765";"NECTAR_PKP";69;165;"Inativa";NA;"Transporte";"Transporte aéreo - passageiros - Km transportados pagos - total segmento doméstico regular";"Transporte aéreo - passageiros - Km transportados pagos - total segmento doméstico regular";"Oculta";"Internet";45;0;0;"Incluída em 1/ago/2006";NA;"NECTAR";"Oculta";"Macro"
"12766";"NECTAR_AKO";65;185;"Inativa";NA;"Transporte";"Transporte aéreo - assentos - Km oferecidos - total segmento doméstico regular";"Transporte aéreo - assentos - Km oferecidos - total segmento doméstico regular";"Oculta";"Internet";45;0;0;"Incluída em 1/ago/2006";NA;"NECTAR";"Oculta";"Macro"
"12767";"NECTAR_APROV";39;298;"Inativa";NA;"Transporte";"Transporte aéreo - fator de aproveitamento de vôo - total segmento doméstico regular";"Transporte aéreo - fator de aproveitamento de vôo - total segmento doméstico regular";"Oculta";"Internet";45;0;0;"Incluída em 1/ago/2006";NA;"NECTAR";"Oculta";"Macro"
"12768";"BLS12_IPCEUAS12";80;148;"Ativa";"BLS";"Economia internacional";"IPC - índice (média 1982-84 = 100)";"IPC - índice (média 1982-84 = 100)";"Não oculta";"Internet";90;0;0;"Incluída em 03/ago/2006.";NA;"BLS12";"Internet";"Macro"
"12769";"BLS12_IPAEUAS12";48;274;"Ativa";"BLS";"Economia internacional";"IPA  (estágio de processamento) - índice (média 1982 = 100)";"IPA  (estágio de processamento) - índice (média 1982 = 100)";"Não oculta";"Internet";90;0;0;"Incluída em 14/ago/2006.";NA;"BLS12";"Internet";"Macro"
"12770";"BLS12_NUCLEOIPCEUA12";22;542;"Ativa";"BLS";"Economia internacional";"núcleo - IPC - índice (média 1982-84 = 100) - dessazonalizado";"núcleo - IPC - índice (média 1982-84 = 100) - dessazonalizado";"Não oculta";"Internet";90;0;0;"Incluída em 14/ago/2006.";NA;"BLS12";"Internet";"Macro"
"12771";"CE_PIBN";NA;NA;"Inativa";"FGV/Conj. Econ.";"Contas nacionais";"PIB";"PIB";"Oculta";"Intranet";30;0;0;NA;NA;"CE";"Oculta";"Macro"
"12772";"CE_VAAGRON";NA;NA;"Inativa";"FGV/Conj. Econ.";"Contas nacionais";"PIB - agropecuária";"PIB - agropecuária";"Não oculta";"Intranet";30;0;0;NA;NA;"CE";"Intranet";"Macro"
"12773";"CE_VAINDN";NA;NA;"Inativa";"FGV/Conj. Econ.";"Contas nacionais";"PIB - indústria";"PIB - indústria";"Não oculta";"Intranet";30;0;0;NA;NA;"CE";"Intranet";"Macro"
"12774";"CE_VASERVN";NA;NA;"Inativa";"FGV/Conj. Econ.";"Contas nacionais";"PIB - serviços";"PIB - serviços";"Não oculta";"Intranet";30;0;0;NA;NA;"CE";"Intranet";"Macro"
"12775";"CE_VACOMN";NA;NA;"Inativa";"FGV/Conj. Econ.";"Contas nacionais";"PIB - serviços - comércio";"PIB - serviços - comércio";"Não oculta";"Intranet";30;0;0;NA;NA;"CE";"Intranet";"Macro"
"12776";"CE_VAIFN";NA;NA;"Inativa";"FGV/Conj. Econ.";"Contas nacionais";"PIB - serviços - instituições financeiras";"PIB - serviços - instituições financeiras";"Não oculta";"Intranet";30;0;0;NA;NA;"CE";"Intranet";"Macro"
"12777";"CE_VACCN";NA;NA;"Inativa";"FGV/Conj. Econ.";"Contas nacionais";"PIB - serviços - transporte e comunicações";"PIB - serviços - transporte e comunicações";"Não oculta";"Intranet";30;0;0;NA;NA;"CE";"Intranet";"Macro"
"12778";"CE_VAAPN";NA;NA;"Inativa";"FGV/Conj. Econ.";"Contas nacionais";"PIB - serviços - adm. pública";"PIB - serviços - adm. pública";"Não oculta";"Intranet";30;0;0;NA;NA;"CE";"Intranet";"Macro"
"12779";"CE_VAALN";NA;NA;"Inativa";"FGV/Conj. Econ.";"Contas nacionais";"PIB - serviços - aluguéis";"PIB - serviços - aluguéis";"Não oculta";"Intranet";30;0;0;NA;NA;"CE";"Intranet";"Macro"
"12780";"CE_VAOSN";NA;NA;"Inativa";"FGV/Conj. Econ.";"Contas nacionais";"PIB - serviços - outros";"PIB - serviços - outros";"Não oculta";"Intranet";30;0;0;NA;NA;"CE";"Intranet";"Macro"
"12781";"BMF12_SWAPDI180F12";32;398;"Ativa";"BM&FBovespa";"Financeiras";"Taxa referencial - swaps - DI pré-fixada - 180 dias - fim de período";"Taxa referencial de swaps - DI pré-fixada - 180 dias - fim de período";"Não oculta";"Internet";5;0;0;"Incluída em 19/set/2006 .";NA;"BMF12";"Internet";"Macro"
"12782";"BMF12_SWAPDI360F12";50;259;"Ativa";"BM&FBovespa";"Financeiras";"Taxa referencial - swaps - DI pré-fixada - 360 dias - fim de período";"Taxa referencial de swaps - DI pré-fixada - 360 dias - fim de período";"Não oculta";"Internet";5;0;0;"Incluída em 19/set/2006 .";NA;"BMF12";"Internet";"Macro"
"12783";"BMF12_SWAPDI18012";26;472;"Ativa";"BM&FBovespa";"Financeiras";"Taxa referencial - swaps - DI pré-fixada - 180 dias - média do período";"Taxa referencial de swaps - DI pré-fixada - 180 dias - média do período";"Não oculta";"Internet";5;0;0;"Incluída em 19/set/2006 .";NA;"BMF12";"Internet";"Macro"
"12784";"BMF12_SWAPDI36012";74;165;"Ativa";"BM&FBovespa";"Financeiras";"Taxa referencial - swaps - DI pré-fixada - 360 dias - média do período";"Taxa referencial de swaps - DI pré-fixada - 360 dias - média do período";"Não oculta";"Internet";5;0;0;"Incluída em 19/set/2006 .";NA;"BMF12";"Internet";"Macro"
"12785";"RTSP_FBKFEE";16;619;"Inativa";"IBGE/RTSP";"Contas nacionais";"Capital fixo - formação bruta - governo federal - empresas estatais";"Formação bruta de capital fixo - governo federal - empresas estatais";"Não oculta";"Internet";0;0;1;NA;NA;"RTSP";"Internet";"Macro"
"12786";"RTSP_FBKFEEAGRI";2;1445;"Inativa";"IBGE/RTSP";"Contas nacionais";"Capital fixo - formação bruta - governo federal - empresas estatais - agricultura e abastecimento";"Formação bruta de capital fixo - governo federal - empresas estatais - agricultura e abastecimento";"Não oculta";"Internet";0;0;1;NA;NA;"RTSP";"Internet";"Macro"
"12787";"RTSP_FBKFEECOM";1;1606;"Inativa";"IBGE/RTSP";"Contas nacionais";"Capital fixo - formação bruta - governo federal - empresas estatais - comércio";"Formação bruta de capital fixo - governo federal - empresas estatais - comércio";"Não oculta";"Internet";0;0;1;NA;NA;"RTSP";"Internet";"Macro"
"12788";"RTSP_FBKFEECOMU";5;1138;"Inativa";"IBGE/RTSP";"Contas nacionais";"Capital fixo - formação bruta - governo federal - empresas estatais - comunicações";"Formação bruta de capital fixo - governo federal - empresas estatais - comunicações";"Não oculta";"Internet";0;0;1;NA;NA;"RTSP";"Internet";"Macro"
"12789";"RTSP_FBKFEEENER";5;1138;"Inativa";"IBGE/RTSP";"Contas nacionais";"Capital fixo - formação bruta - governo federal - empresas estatais - energia";"Formação bruta de capital fixo - governo federal - empresas estatais - energia";"Não oculta";"Internet";0;0;1;NA;NA;"RTSP";"Internet";"Macro"
"12790";"RTSP_FBKFEEFINAC";1;1606;"Inativa";"IBGE/RTSP";"Contas nacionais";"Capital fixo - formação bruta - governo federal - empresas estatais - financeiro";"Formação bruta de capital fixo - governo federal - empresas estatais - financeiro";"Não oculta";"Internet";0;0;1;NA;NA;"RTSP";"Internet";"Macro"
"12791";"RTSP_FBKFEEINDT";3;1315;"Inativa";"IBGE/RTSP";"Contas nacionais";"Capital fixo - formação bruta - governo federal - empresas estatais - indústria de transformação";"Formação bruta de capital fixo - governo federal - empresas estatais - indústria de transformação";"Não oculta";"Internet";0;0;1;NA;NA;"RTSP";"Internet";"Macro"
"12792";"RTSP_FBKFEEMIN";1;1606;"Inativa";"IBGE/RTSP";"Contas nacionais";"Capital fixo - formação bruta - governo federal - empresas estatais - mineração";"Formação bruta de capital fixo - governo federal - empresas estatais - mineração";"Não oculta";"Internet";0;0;1;NA;NA;"RTSP";"Internet";"Macro"
"12793";"RTSP_FBKFEEOUT";NA;NA;"Inativa";"IBGE/RTSP";"Contas nacionais";"Capital fixo - formação bruta - governo federal - empresas estatais - outros";"Formação bruta de capital fixo - governo federal - empresas estatais - outros";"Não oculta";"Internet";0;0;1;NA;NA;"RTSP";"Internet";"Macro"
"12794";"RTSP_FBKFEESP";NA;NA;"Inativa";"IBGE/RTSP";"Contas nacionais";"Capital fixo - formação bruta - governo federal - empresas estatais - serviços públicos";"Formação bruta de capital fixo - governo federal - empresas estatais - serviços públicos";"Não oculta";"Internet";0;0;1;NA;NA;"RTSP";"Internet";"Macro"
"12795";"RTSP_FBKFEETRAN";3;1315;"Inativa";"IBGE/RTSP";"Contas nacionais";"Capital fixo - formação bruta - governo federal - empresas estatais - transportes";"Formação bruta de capital fixo - governo federal - empresas estatais - transportes";"Não oculta";"Internet";0;0;1;NA;NA;"RTSP";"Internet";"Macro"
"12796";"RTSP_GOVRECTRIB";28;415;"Inativa";"IBGE/RTSP";"Finanças públicas";"Receita tributária - governo federal";"Receita tributária - governo federal";"Não oculta";"Internet";0;0;1;"Incluída em 04/outubro/2006";NA;"RTSP";"Internet";"Macro"
"12797";"RTSP_GOVRECTRIBD";11;772;"Inativa";"IBGE/RTSP";"Finanças públicas";"Receita tributária - direta - governo federal";"Receita tributária - direta - governo federal";"Não oculta";"Internet";0;0;1;"Incluída em 04/outubro/2006";NA;"RTSP";"Internet";"Macro"
"12798";"RTSP_GOVRECTRIBI";7;991;"Inativa";"IBGE/RTSP";"Finanças públicas";"Receita tributária - indireta - governo federal";"Receita tributária - indireta - governo federal";"Não oculta";"Internet";0;0;1;"Incluída em 04/outubro/2007";NA;"RTSP";"Internet";"Macro"
"12799";"RTSP_GOVERECTRIB";15;639;"Inativa";"IBGE/RTSP";"Finanças públicas";"Receita tributária - governo estadual";"Receita tributária - governo estadual";"Não oculta";"Internet";0;0;1;"Incluída em 04/outubro/2008";NA;"RTSP";"Internet";"Macro"
"12800";"RTSP_GOVERECTRIBD";10;818;"Inativa";"IBGE/RTSP";"Finanças públicas";"Receita tributária - direta - governo estadual";"Receita tributária - direta - governo estadual";"Não oculta";"Internet";0;0;1;"Incluída em 04/outubro/2009";NA;"RTSP";"Internet";"Macro"
"12801";"RTSP_GOVERECTRIBI";3;1315;"Inativa";"IBGE/RTSP";"Finanças públicas";"Receita tributária - indireta - governo estadual";"Receita tributária - indireta - governo estadual";"Não oculta";"Internet";0;0;1;"Incluída em 04/outubro/2010";NA;"RTSP";"Internet";"Macro"
"12802";"RTSP_GOVMRECTRIB";8;932;"Inativa";"IBGE/RTSP";"Finanças públicas";"Receita tributária - governo municipal";"Receita tributária - governo municipal";"Não oculta";"Internet";0;0;1;"Incluída em 04/outubro/2011";NA;"RTSP";"Internet";"Macro"
"12803";"RTSP_GOVMRECTRIBD";4;1216;"Inativa";"IBGE/RTSP";"Finanças públicas";"Receita tributária - direta - governo municipal";"Receita tributária - direta - governo municipal";"Não oculta";"Internet";0;0;1;"Incluída em 04/outubro/2012";NA;"RTSP";"Internet";"Macro"
"12804";"RTSP_GOVMRECTRIBI";1;1606;"Inativa";"IBGE/RTSP";"Finanças públicas";"Governo municipal - receita tributária - indireta";"Governo municipal - receita tributária indireta";"Não oculta";"Internet";0;0;0;"Incluída em 04/outubro/2013";NA;"RTSP";"Internet";"Macro"
"12805";"RTSP_FBKCGESTN";7;991;"Inativa";"IBGE/RTSP";"Contas nacionais";"Capital fixo - formação bruta - construção - governo estadual - adm. pública";"Formação bruta de capital fixo - construção - governo estadual - administração pública";"Não oculta";"Internet";0;0;1;"Incluída em 03/out/2006 .";NA;"RTSP";"Internet";"Macro"
"12806";"RTSP_FBKCGFEDN";11;772;"Inativa";"IBGE/RTSP";"Contas nacionais";"Capital fixo - formação bruta - construção - governo federal - adm. pública";"Formação bruta de capital fixo - construção - governo federal - administração pública";"Não oculta";"Internet";0;0;1;"Incluída em 03/out/2006 .";NA;"RTSP";"Internet";"Macro"
"12807";"RTSP_FBKCGMUNN";6;1048;"Inativa";"IBGE/RTSP";"Contas nacionais";"Capital fixo - formação bruta - construção - governo municipal - adm. pública";"Formação bruta de capital fixo - construção - governo municipal - administração pública";"Não oculta";"Internet";0;0;1;"Incluída em 03/out/2006 .";NA;"RTSP";"Internet";"Macro"
"12808";"RTSP_FBKFGESTN";19;538;"Inativa";"IBGE/RTSP";"Contas nacionais";"Capital fixo - formação bruta - governo estadual - adm. pública";"Formação bruta de capital fixo - governo estadual - administração pública";"Não oculta";"Internet";0;0;1;"Incluída em 03/out/2006 .";NA;"RTSP";"Internet";"Macro"
"12809";"RTSP_FBKFGFEDN";29;401;"Inativa";"IBGE/RTSP";"Contas nacionais";"Capital fixo - formação bruta - governo federal - adm. pública";"Formação bruta de capital fixo - governo federal - administração pública";"Não oculta";"Internet";0;0;1;"Incluída em 03/out/2006 .";NA;"RTSP";"Internet";"Macro"
"12810";"RTSP_FBKFGMUNN";9;871;"Inativa";"IBGE/RTSP";"Contas nacionais";"Capital fixo - formação bruta - governo municipal - adm. pública";"Formação bruta de capital fixo - governo municipal - administração pública";"Não oculta";"Internet";0;0;1;"Incluída em 03/out/2006 .";NA;"RTSP";"Internet";"Macro"
"12811";"RTSP_FBKMGESTN";4;1216;"Inativa";"IBGE/RTSP";"Contas nacionais";"Capital fixo - formação bruta - máquinas e equipamentos - governo estadual - adm. pública";"Formação bruta de capital fixo - máquinas e equipamentos - governo estadual - administração pública";"Não oculta";"Internet";0;0;1;"Incluída em 03/out/2006 .";NA;"RTSP";"Internet";"Macro"
"12812";"RTSP_FBKMGFEDN";1;1606;"Inativa";"IBGE/RTSP";"Contas nacionais";"Capital fixo - formação bruta - máquinas e equipamentos - governo federal - adm. pública";"Formação bruta de capital fixo - máquinas e equipamentos - governo federal - administração pública";"Não oculta";"Internet";0;0;1;"Incluída em 03/out/2006 .";NA;"RTSP";"Internet";"Macro"
"12813";"RTSP_FBKMGMUNN";NA;NA;"Inativa";"IBGE/RTSP";"Contas nacionais";"Capital fixo - formação bruta - máquinas e equipamentos - governo municipal -adm. pública";"Formação bruta de capital fixo - máquinas e equipamentos - governo municipal -administração pública";"Não oculta";"Internet";0;0;1;"Incluída em 03/out/2006 .";NA;"RTSP";"Internet";"Macro"
"12814";"CONSUMORES";98;110;"Ativa";"MME";"Consumo e vendas";"Consumo de energia elétrica - residencial";"Consumo de energia elétrica residencial";"Não oculta";"Internet";NA;0;0;NA;NA;"CONSUMORES";"Internet";"Regional"
"12815";"CONSUMOCOM";72;157;"Ativa";"MME";"Consumo e vendas";"Consumo de energia elétrica  - comercial";"Consumo de energia elétrica comercial";"Não oculta";"Internet";NA;0;0;NA;NA;"CONSUMOCOM";"Internet";"Regional"
"12816";"CONSUMOIND";78;139;"Ativa";"MME";"Consumo e vendas";"Consumo de energia elétrica - industrial";"Consumo de energia elétrica industrial";"Não oculta";"Internet";NA;0;0;NA;NA;"CONSUMOIND";"Internet";"Regional"
"12817";"CONSUMOOUT";38;308;"Ativa";"MME";"Consumo e vendas";"Consumo de energia elétrica - outros";"Consumo de energia elétrica outras";"Não oculta";"Internet";NA;0;0;NA;NA;"CONSUMOOUT";"Internet";"Regional"
"12818";"CONSUMOTOT";123;87;"Ativa";"MME";"Consumo e vendas";"Consumo de energia elétrica  - total";"Consumo de energia elétrica total";"Não oculta";"Internet";NA;0;0;NA;NA;"CONSUMOTOT";"Internet";"Regional"
"12819";"TOTAMC9701";13;2;"Ativa";"IBGE";"Geográfico";"Número de AMC no período de 1997 a 2001";"Número de AMC no período de 1997 a 2001";"Não oculta";"Internet";NA;0;0;NA;NA;"TOTAMC9701";"Internet";"Regional"
"12820";"TOTAMC7001";1;6;"Ativa";"IBGE";"Geográfico";"Número de AMC no período de 1970 a 2001";"Número de AMC no período de 1970 a 2001";"Não oculta";"Internet";NA;0;0;NA;NA;"TOTAMC7001";"Internet";"Regional"
"12821";"EVNNEW";NA;NA;"Ativa";"IPEA";"Demografia";"Esperança de vida ao nascer";"Esperança de vida ao nascer";"Não oculta";"Internet";NA;0;0;NA;NA;"EVNNEW";"Internet";"Social"
"12822";"TXMNEW";NA;NA;"Ativa";"IPEA";"Demografia";"Mortalidade infantil (por mil nascidos vivos)";"Mortalidade infantil (por mil nascidos vivos)";"Não oculta";"Internet";NA;0;0;NA;NA;"TXMNEW";"Internet";"Social"
"12823";"VALOR366_GLOBAL40V366";3;31;"Inativa";"IPEA";"Financeiras";"Bônus global República (40) - spread - volatilidade (série interrompida)";"Volatilidade do bônus global República (40) - spread (série interrompida)";"Não oculta";"Intranet";1;0;0;"Incluída em 27/nov/2006 .";NA;"VALOR366";"Intranet";"Macro"
"12824";"BMF366_FUT3DOLV366";3;31;"Ativa";"IPEA";"Câmbio";"Taxa de câmbio - R$ / US$ - comercial - futuro: vencimento em t+3 - volatilidade";"Volatilidade da taxa de câmbio - real (R$) / dólar americano (US$) - comercial - contrato futuro com vencimento em t+3";"Não oculta";"Internet";15;0;0;"Incluída em 27/nov/2006 .";NA;"BMF366";"Internet";"Macro"
"12825";"BMF366_FUT3DI1V366";1;33;"Ativa";"IPEA";"Financeiras";"Taxa de juros - DI de 1 dia - futuro: vencimento em t+3 - volatilidade";"Volatilidade da taxa de juros - DI de 1 dia - contrato futuro com vencimento em t+3";"Não oculta";"Internet";1;0;0;"Incluída em 27/nov/2006 .";NA;"BMF366";"Internet";"Macro"
"12826";"GM366_ERTUR366";8;28;"Ativa";"Valor Econômico";"Câmbio";"Taxa de câmbio - R$ / US$ - turismo - venda - média";"Taxa de câmbio turismo para venda: real (R$) / dólar americano (US$) - média";"Não oculta";"Internet";1;0;0;"Incluída em 27/nov/2006 .";NA;"GM366";"Internet";"Macro"
"12827";"GM366_ERVV366";15;26;"Ativa";"IPEA";"Câmbio";"Taxa de câmbio - R$ / US$ - comercial - venda - média - volatilidade";"Volatilidade da taxa de câmbio comercial para venda: real (R$) / dólar americano (US$) - média";"Não oculta";"Internet";1;0;0;"Incluída em 27/nov/2006 .";NA;"GM366";"Internet";"Macro"
"12828";"GM366_IBVSPV366";7;30;"Ativa";"IPEA";"Financeiras";"Índice de ações - Ibovespa - fechamento - volatilidade";"Volatilidade do índice de ações: Ibovespa - fechamento";"Não oculta";"Internet";1;0;0;"Incluída em 27/nov/2006 .";NA;"GM366";"Internet";"Macro"
"12829";"GM366_TJOVERV366";8;28;"Ativa";"IPEA";"Financeiras";"Taxa de juros - Over / Selic - volatilidade";"Volatilidade da taxa de juros: Overnight / Selic";"Não oculta";"Internet";1;0;0;"Incluída em 27/nov/2006 .";NA;"GM366";"Internet";"Macro"
"12830";"FIRJAN12_NUCIRJ12";NA;NA;"Ativa";"Firjan";"Produção";"Utilização da capacidade instalada - indústria - RJ";"Utilização da capacidade instalada - indústria - RJ";"Não oculta";"Internet";60;0;0;NA;NA;"FIRJAN12";"Internet";"Macro"
"12831";"FIRJAN12_FATREALRJ12";NA;NA;"Ativa";"Firjan";"Consumo e vendas";"Faturamento real - indústria  - índice - RJ - (média 2006 = 100)";"Faturamento real - indústria  - índice - RJ - (média 2006 = 100)";"Não oculta";"Internet";60;0;0;NA;NA;"FIRJAN12";"Internet";"Macro"
"12832";"FIRJAN12_MASSARJ12";NA;NA;"Ativa";"Firjan";"Emprego";"Massa salarial - indústria  - índice - RJ - (média 2006 = 100)";"Massa salarial - indústria  - índice - RJ - (média 2006 = 100)";"Não oculta";"Internet";60;0;0;NA;NA;"FIRJAN12";"Internet";"Macro"
"12833";"FIRJAN12_EINDRJ12";NA;NA;"Ativa";"Firjan";"Emprego";"Emprego - indústria - RJ - índice (média 2006 = 100)";"Emprego - indústria - RJ - índice (média 2006 = 100)";"Não oculta";"Internet";60;0;0;NA;NA;"FIRJAN12";"Internet";"Macro"
"12834";"FIRJAN12_HTRABRJ12";NA;NA;"Ativa";"Firjan";"Emprego";"Horas trabalhadas - indústria - índice - RJ - (média 2006 = 100)";"Horas trabalhadas - indústria - índice - RJ - (média 2006 = 100)";"Não oculta";"Internet";60;0;0;NA;NA;"FIRJAN12";"Internet";"Macro"
"12835";"PMEN12_RMHN12";NA;NA;"Inativa";"IBGE/PME";"Salário e renda";"Rendimento médio nominal habitual do trabalho principal - RMs";"Rendimento médio nominal do trabalho principal, habitualmente recebido por mês, pelas pessoas de 10 anos ou mais de idade, ocupadas na semana de referência, por regiões metropolitanas";"Não oculta";"Internet";25;0;0;"Incluída em 24/jan/2007";NA;"PMEN12";"Internet";"Macro"
"12836";"HIST_QCAFEX";NA;NA;"Inativa";"Outras fontes";"Comércio exterior";"Exportações - café - qde.";"Exportações - café: quantidade";"Não oculta";"Internet";90;0;1;"Incluída em 02/fev/2007 .";NA;"HIST";"Internet";"Macro"
"12837";"HIST_CAFEP50";NA;NA;"Inativa";"Outras fontes";"Preços";"Preço - café (sacas de 50)";"Preço - café (sacas de 50)";"Não oculta";"Internet";90;0;1;"Incluída em 02/fev/2007 .";NA;"HIST";"Internet";"Macro"
"12838";"HIST_CAFEPM";NA;NA;"Inativa";"Outras fontes";"Preços";"Preço médio - café - quilo";"Preço médio - café - quilo";"Não oculta";"Internet";90;0;1;"Incluída em 02/fev/2007 .";NA;"HIST";"Internet";"Macro"
"12839";"DPRB";NA;NA;"Ativa";"TSE";"Deputado Federal";"Votação do PRB - deputado federal";"Votação do PRB - deputado federal";"Não oculta";"Internet";NA;0;0;NA;NA;"DPRB";"Internet";"Regional"
"12840";"DPSOL";NA;NA;"Ativa";"TSE";"Deputado Federal";"Votação do PSOL - deputado federal";"Votação do PSOL - deputado federal";"Não oculta";"Internet";NA;0;0;NA;NA;"DPSOL";"Internet";"Regional"
"12841";"EPRB";NA;NA;"Ativa";"TSE";"Deputado Estadual";"Votação do PRB - deputado estadual";"Votação do PRB - deputado estadual";"Não oculta";"Internet";NA;0;0;NA;NA;"EPRB";"Internet";"Regional"
"12842";"EPSOL";NA;NA;"Ativa";"TSE";"Deputado Estadual";"Votação do PSOL - deputado estadual";"Votação do PSOL - deputado estadual";"Não oculta";"Internet";NA;0;0;NA;NA;"EPSOL";"Internet";"Regional"
"12843";"GPRB";NA;NA;"Ativa";"TSE";"Governador";"Votação do PRB - governador no primeiro turno";"Votação do PRB - governador no primeiro turno";"Não oculta";"Internet";NA;0;0;NA;NA;"GPRB";"Internet";"Regional"
"12844";"GPSOL";NA;NA;"Ativa";"TSE";"Governador";"Votação do PSOL - governador no primeiro turno";"Votação do PSOL - governador no primeiro turno";"Não oculta";"Internet";NA;0;0;NA;NA;"GPSOL";"Internet";"Regional"
"12845";"PPSOL";NA;NA;"Ativa";"TSE";"Presidente";"Votação do PSOL - presidente no primeiro turno";"Votação do PSOL - presidente no primeiro turno";"Não oculta";"Internet";NA;0;0;NA;NA;"PPSOL";"Internet";"Regional"
"12846";"SPRB";NA;NA;"Ativa";"TSE";"Senador";"Votação do PRB - senador";"Votação do PRB - senador";"Não oculta";"Internet";NA;0;0;NA;NA;"SPRB";"Internet";"Regional"
"12847";"SPSOL";NA;NA;"Ativa";"TSE";"Senador";"Votação do PSOL - senador";"Votação do PSOL - senador";"Não oculta";"Internet";NA;0;0;NA;NA;"SPSOL";"Internet";"Regional"
"12848";"CNI12_REMN12";NA;NA;"Ativa";"CNI";"Salário e renda";"Massa salarial - indústria - índice (média 2006 = 100)";"Massa salarial na indústria: índice (média 2006 = 100)";"Não oculta";"Internet";40;0;0;NA;NA;"CNI12";"Internet";"Macro"
"12849";"CNI12_REMR12";NA;NA;"Ativa";"CNI";"Salário e renda";"Massa salarial - real - indústria - índice (média 2006 = 100)";"Massa salarial real na indústria: índice (média 2006 = 100)";"Não oculta";"Internet";40;0;0;NA;NA;"CNI12";"Internet";"Macro"
"12850";"FIESP12_POP12";NA;NA;"Ativa";"Fiesp";"Emprego";"Pessoal ocupado - na produção - indústria - índice (média 2006 = 100) - SP";"Pessoal ocupado - na produção - indústria - índice (média 2006 = 100) - SP";"Não oculta";"Internet";60;0;0;NA;NA;"FIESP12";"Internet";"Macro"
"12851";"FIESP12_SNP12";NA;NA;"Ativa";"Fiesp";"Salário e renda";"Salário nominal - na produção - indústria - índice (média 2006 = 100) - SP";"Salário nominal - na produção - indústria - índice (média 2006 = 100) - SP";"Não oculta";"Internet";60;0;0;NA;NA;"FIESP12";"Internet";"Macro"
"12852";"SCN85R4_CFGGBM4";NA;NA;"Inativa";NA;"Contas nacionais";"Consumo final - adm. pública - base móvel (média do ano anterior = 100)";"Consumo final da administração pública: base móvel (média do ano anterior = 100)";"Oculta";"Intranet";0;0;0;"Incluída em 22/mar/2002.";"Geradora";"SCN85R4";"Oculta";"Macro"
"12853";"SCN85R4_CFGGI4";NA;NA;"Inativa";NA;"Contas nacionais";"Consumo final - adm. pública - índice encadeado (média 1990 = 100)";"Consumo final da administração pública: índice encadeado (média 1990 = 100)";"Oculta";"Intranet";0;0;0;"Incluída em 05/out/2001.";NA;"SCN85R4";"Oculta";"Macro"
"12854";"SCN85R4_CFGGN4";NA;NA;"Inativa";NA;"Contas nacionais";"Consumo final - adm. pública";"Consumo final da administração pública";"Oculta";"Intranet";0;0;0;"Incluída em 05/out/2001.";NA;"SCN85R4";"Oculta";"Macro"
"12855";"SCN85R4_CFPPBM4";NA;NA;"Inativa";NA;"Contas nacionais";"Consumo final - famílias - base móvel (média do ano anterior = 100)";"Consumo final das famílias: base móvel (média do ano anterior = 100)";"Oculta";"Intranet";0;0;0;"Incluída em 22/mar/2002.";"Geradora";"SCN85R4";"Oculta";"Macro"
"12856";"SCN85R4_CFPPI4";NA;NA;"Inativa";NA;"Contas nacionais";"Consumo final - famílias - índice encadeado (média 1990 = 100)";"Consumo final das famílias: índice encadeado (média 1990 = 100)";"Oculta";"Intranet";0;0;0;"Incluída em 05/out/2001.";NA;"SCN85R4";"Oculta";"Macro"
"12857";"SCN85R4_CFPPN4";NA;NA;"Inativa";NA;"Contas nacionais";"Consumo final - famílias";"Consumo final das famílias";"Oculta";"Intranet";0;0;0;"Incluída em 05/out/2001.";NA;"SCN85R4";"Oculta";"Macro"
"12858";"SCN85R4_CTBM4";NA;NA;"Inativa";NA;"Contas nacionais";"Consumo final - base móvel (média do ano anterior = 100)";"Consumo final: base móvel (média do ano anterior = 100)";"Oculta";"Intranet";0;0;0;"Incluída em 03/out/2002 .";"Gerada";"SCN85R4";"Oculta";"Macro"
"12859";"SCN85R4_CTCR4";NA;NA;"Inativa";NA;"Contas nacionais";"Consumo final - contribuição no crescimento do PIB - var.";"Contribuição do consumo final no crescimento do PIB";"Oculta";"Intranet";0;0;0;"Incluída em 12/abril/2004";NA;"SCN85R4";"Oculta";"Macro"
"12860";"SCN85R4_CTI4";NA;NA;"Inativa";NA;"Contas nacionais";"Consumo final - índice encadeado (média 1990 = 100)";"Consumo final: índice encadeado (média 1990 = 100)";"Oculta";"Intranet";0;0;0;"Incluída em 11/mar/2002.";"Gerada";"SCN85R4";"Oculta";"Macro"
"12861";"SCN85R4_CTN4";NA;NA;"Inativa";NA;"Contas nacionais";"Consumo final";"Consumo final";"Oculta";"Intranet";0;0;0;"Incluída em 11/mar/2002.";"Gerada";"SCN85R4";"Oculta";"Macro"
"12862";"SCN85R4_DICFGGG4";NA;NA;"Inativa";NA;"Contas nacionais";"Consumo final - adm. pública - deflator implícito - var.";"Consumo final da administração pública - deflator implícito - var.";"Oculta";"Intranet";0;0;0;"Incluída em 16/nov/2001.";"Gerada";"SCN85R4";"Oculta";"Macro"
"12863";"SCN85R4_DICFPPG4";NA;NA;"Inativa";NA;"Contas nacionais";"Consumo final - famílias - deflator implícito - var.";"Consumo final das famílias - deflator implícito - var.";"Oculta";"Intranet";0;0;0;"Incluída em 16/nov/2001.";"Gerada";"SCN85R4";"Oculta";"Macro"
"12864";"SCN85R4_DICTG4";NA;NA;"Inativa";NA;"Contas nacionais";"Consumo final - deflator implícito - var.";"Consumo final - deflator implícito - var.";"Oculta";"Intranet";0;0;0;"Incluída em 29/jan/2002.";"Gerada";"SCN85R4";"Oculta";"Macro"
"12865";"SCN85R4_DIFBKFG4";NA;NA;"Inativa";NA;"Contas nacionais";"Capital fixo - formação bruta - deflator implícito - var.";"Formação bruta de capital fixo - deflator implícito - var.";"Oculta";"Intranet";0;0;0;"Incluída em 29/jan/2002.";"Gerada";"SCN85R4";"Oculta";"Macro"
"12866";"SCN85R4_DIFBKG4";NA;NA;"Inativa";NA;"Contas nacionais";"Capital - formação bruta - deflator implícito - var.";"Formação bruta de capital - deflator implícito - var.";"Oculta";"Intranet";0;0;0;"Incluída em 16/nov/2001.";"Gerada";"SCN85R4";"Oculta";"Macro"
"12867";"SCN85R4_DIMBSZG4";NA;NA;"Inativa";NA;"Contas nacionais";"Importações - bens e serviços - deflator implícito - var.";"Importações de bens e serviços - deflator implícito - var.";"Oculta";"Intranet";0;0;0;"Incluída em 16/nov/2001.";"Gerada";"SCN85R4";"Oculta";"Macro"
"12868";"SCN85R4_DIPIBG4";NA;NA;"Inativa";NA;"Contas nacionais";"PIB - deflator implícito - var.";"Produto interno bruto (PIB) - deflator implícito: variação";"Oculta";"Intranet";0;0;0;"Incluída em 16/nov/2001.";"Gerada";"SCN85R4";"Oculta";"Macro"
"12869";"SCN85R4_DIVESTG4";NA;NA;"Inativa";NA;"Contas nacionais";"Capital - formação bruta - variação de estoque - deflator implícito - var.";"Formação bruta de capital - variação de estoque - deflator implícito - var.";"Oculta";"Intranet";0;0;0;"Incluída em 29/jan/2002.";"Gerada";"SCN85R4";"Oculta";"Macro"
"12870";"SCN85R4_DIXBSZG4";NA;NA;"Inativa";NA;"Contas nacionais";"Exportações - bens e serviços - deflator implícito - var.";"Exportações de bens e serviços - deflator implícito - var.";"Oculta";"Intranet";0;0;0;"Incluída em 16/nov/2001.";"Gerada";"SCN85R4";"Oculta";"Macro"
"12871";"SCN85R4_FBKBM4";NA;NA;"Inativa";NA;"Contas nacionais";"Capital - formação bruta - base móvel (média do ano anterior = 100)";"Formação bruta de capital: base móvel (média do ano anterior = 100)";"Oculta";"Intranet";0;0;0;"Incluída em 28/nov/2002 .";"Gerada";"SCN85R4";"Oculta";"Macro"
"12872";"SCN85R4_FBKCR4";NA;NA;"Inativa";NA;"Contas nacionais";"Capital - formação bruta - contribuição no crescimento do PIB - var.";"Contribuição da formação bruta de capital no crescimento do PIB";"Oculta";"Intranet";0;0;0;"Incluída em 12/abril/2004";NA;"SCN85R4";"Oculta";"Macro"
"12873";"SCN85R4_FBKFBM4";NA;NA;"Inativa";NA;"Contas nacionais";"Capital fixo - formação bruta - base móvel (média do ano anterior = 100)";"Formação bruta de capital fixo: base móvel (média do ano anterior = 100)";"Oculta";"Intranet";0;0;0;"Incluída em 22/mar/2002.";"Geradora";"SCN85R4";"Oculta";"Macro"
"12874";"SCN85R4_FBKFI4";NA;NA;"Inativa";NA;"Contas nacionais";"Capital fixo - formação bruta - índice encadeado (média 1990 = 100)";"Formação bruta de capital fixo: índice encadeado (média 1990 = 100)";"Oculta";"Intranet";0;0;0;"Incluída em 29/jan/2002.";NA;"SCN85R4";"Oculta";"Macro"
"12875";"SCN85R4_FBKFN4";NA;NA;"Inativa";NA;"Contas nacionais";"Capital fixo - formação bruta";"Formação bruta de capital fixo";"Oculta";"Intranet";0;0;0;"Incluída em 29/jan/2002.";NA;"SCN85R4";"Oculta";"Macro"
"12876";"SCN85R4_FBKFPIB904";NA;NA;"Inativa";NA;"Contas nacionais";"Taxa de investimento (preços 1990)";"Taxa de investimento (preços 1990)";"Oculta";"Intranet";0;0;0;"GAC4_FBKFPIB904 até 21/mar/2002.";NA;"SCN85R4";"Oculta";"Macro"
"12877";"SCN85R4_FBKFPIBBM4";NA;NA;"Inativa";NA;"Contas nacionais";"Taxa de investimento - preços do ano anterior";"Taxa de investimento a preços do ano anterior";"Oculta";"Intranet";0;0;0;"Incluída em 27/mar/2001. GAC4_FBKFPIBBM4 até 21/mar/2002.";"Gerada";"SCN85R4";"Oculta";"Macro"
"12878";"SCN85R4_FBKFPIBV4";NA;NA;"Inativa";NA;"Contas nacionais";"Taxa de investimento - preços correntes";"Taxa de investimento a preços correntes";"Oculta";"Intranet";0;0;0;"Incluída em 11/mar/2002.";"Gerada";"SCN85R4";"Oculta";"Macro"
"12879";"SCN85R4_FBKI4";NA;NA;"Inativa";NA;"Contas nacionais";"Capital - formação bruta - índice encadeado (média 1990 = 100)";"Formação bruta de capital: índice encadeado (média 1990 = 100)";"Oculta";"Intranet";0;0;0;"Incluída em 05/out/2001.";"Gerada";"SCN85R4";"Oculta";"Macro"
"12880";"SCN85R4_FBKN4";NA;NA;"Inativa";NA;"Contas nacionais";"Capital - formação bruta";"Formação bruta de capital";"Oculta";"Intranet";0;0;0;"Incluída em 05/out/2001.";NA;"SCN85R4";"Oculta";"Macro"
"12881";"SCN85R4_MBSZBM4";NA;NA;"Inativa";NA;"Contas nacionais";"Importações - bens e serviços - base móvel (média do ano anterior = 100)";"Importações de bens e serviços: base móvel (média do ano anterior = 100)";"Oculta";"Intranet";0;0;0;"Incluída em 22/mar/2002.";"Geradora";"SCN85R4";"Oculta";"Macro"
"12882";"SCN85R4_MBSZCR4";NA;NA;"Inativa";NA;"Contas nacionais";"Importações - bens e serviços - contribuição no crescimento do PIB - var.";"Contribuição das importações de bens e serviços no crescimento do PIB";"Oculta";"Intranet";0;0;0;"Incluída em 12/abril/2004";NA;"SCN85R4";"Oculta";"Macro"
"12883";"SCN85R4_MBSZI4";NA;NA;"Inativa";NA;"Contas nacionais";"Importações - bens e serviços - índice encadeado (média 1990 = 100)";"Importações de bens e serviços: índice encadeado (média 1990 = 100)";"Oculta";"Intranet";0;0;0;"Incluída em 05/out/2001.";NA;"SCN85R4";"Oculta";"Macro"
"12884";"SCN85R4_MBSZN4";NA;NA;"Inativa";NA;"Contas nacionais";"Importações - bens e serviços";"Importações de bens e serviços";"Oculta";"Intranet";0;0;0;"Incluída em 05/out/2001.";NA;"SCN85R4";"Oculta";"Macro"
"12885";"SCN85R4_NFB4";NA;NA;"Inativa";NA;"Contas nacionais";"Necessidade (-) ou capacidade (+) de financiamento";"Necessidade (-) ou capacidade (+) de financiamento";"Oculta";"Intranet";0;0;0;"Incluída em 30/mai/2003 .";NA;"SCN85R4";"Oculta";"Macro"
"12886";"SCN85R4_PIB4";NA;NA;"Inativa";NA;"Contas nacionais";"PIB - preços básicos - índice encadeado (média 1990 = 100)";"Produto interno bruto (PIB) a preços básicos: índice encadeado (média 1990 = 100)";"Oculta";"Intranet";0;0;0;"Revisada em 31/mai/2001.";NA;"SCN85R4";"Oculta";"Macro"
"12887";"SCN85R4_PIBAEV4";NA;NA;"Inativa";NA;"Contas nacionais";"PIB - agropecuária - extrativa vegetal - índice encadeado (média 1990 = 100)";"Produto interno bruto (PIB) - agropecuária - extrativa vegetal: índice encadeado (média 1990 = 100)";"Oculta";"Intranet";0;0;0;NA;NA;"SCN85R4";"Oculta";"Macro"
"12888";"SCN85R4_PIBAGPAS4";NA;NA;"Inativa";NA;"Contas nacionais";"PIB - agropecuária - índice encadeado - dessaz. (média 1990 = 100)";"Produto interno bruto (PIB) - agropecuária: índice encadeado dessazonalizado (média 1990 = 100)";"Oculta";"Intranet";0;0;0;"Incluída em 31/mai/2001.";NA;"SCN85R4";"Oculta";"Macro"
"12889";"SCN85R4_PIBAGPV4";NA;NA;"Inativa";NA;"Contas nacionais";"PIB - agropecuária";"Produto interno bruto (PIB) - agropecuária";"Oculta";"Intranet";0;0;0;NA;NA;"SCN85R4";"Oculta";"Macro"
"12890";"SCN85R4_PIBAGR4";NA;NA;"Inativa";NA;"Contas nacionais";"PIB - agropecuária - índice encadeado (média 1990 = 100)";"Produto interno bruto (PIB) - agropecuária: índice encadeado (média 1990 = 100)";"Oculta";"Intranet";0;0;0;NA;NA;"SCN85R4";"Oculta";"Macro"
"12891";"SCN85R4_PIBAGRBM4";NA;NA;"Inativa";NA;"Contas nacionais";"PIB - agropecuária - base móvel (média do ano anterior = 100)";"Produto interno bruto (PIB) - agropecuária: base móvel (média do ano anterior = 100)";"Oculta";"Intranet";0;0;0;"Incluída em 22/mar/2002.";NA;"SCN85R4";"Oculta";"Macro"
"12892";"SCN85R4_PIBAGRCR4";NA;NA;"Inativa";NA;"Contas nacionais";"PIB - agropecuária - contribuição no crescimento do PIB - var.";"Contribuição do agropecuária no crescimento do PIB";"Oculta";"Intranet";0;0;0;"Incluída em 12/abril/2004";NA;"SCN85R4";"Oculta";"Macro"
"12893";"SCN85R4_PIBALAV4";NA;NA;"Inativa";NA;"Contas nacionais";"PIB - agropecuária - lavouras - índice encadeado (média 1990 = 100)";"Produto interno bruto (PIB) - agropecuária - lavouras: índice encadeado (média 1990 = 100)";"Oculta";"Intranet";0;0;0;NA;NA;"SCN85R4";"Oculta";"Macro"
"12894";"SCN85R4_PIBAPA4";NA;NA;"Inativa";NA;"Contas nacionais";"PIB - agropecuária - produção animal - índice encadeado (média 1990 = 100)";"Produto interno bruto (PIB) - agropecuária - produção animal: índice encadeado (média 1990 = 100)";"Oculta";"Intranet";0;0;0;NA;NA;"SCN85R4";"Oculta";"Macro"
"12895";"SCN85R4_PIBAS4";NA;NA;"Inativa";NA;"Contas nacionais";"PIB - preços básicos - índice encadeado - dessaz. (média 1990 = 100)";"Produto interno bruto (PIB) a preços básicos: índice encadeado dessazonalizado (média 1990 = 100)";"Oculta";"Intranet";0;0;0;NA;NA;"SCN85R4";"Oculta";"Macro"
"12896";"SCN85R4_PIBBM4";NA;NA;"Inativa";NA;"Contas nacionais";"PIB - preços básicos - base móvel (média do ano anterior = 100)";"Produto interno bruto (PIB) a preços básicos: base móvel (média do ano anterior = 100)";"Oculta";"Intranet";0;0;0;"Incluída em 22/mar/2002.";NA;"SCN85R4";"Oculta";"Macro"
"12897";"SCN85R4_PIBCGGAS4";NA;NA;"Inativa";NA;"Contas nacionais";"Consumo final - adm. pública - índice encadeado - dessaz. (média 1990 = 100)";"Consumo final da administração pública: índice encadeado dessazonalizado (média 1990 = 100)";"Oculta";"Intranet";0;0;0;"Incluída em 11/mar/2002.";NA;"SCN85R4";"Oculta";"Macro"
"12898";"SCN85R4_PIBCPPAS4";NA;NA;"Inativa";NA;"Contas nacionais";"Consumo final - famílias - índice encadeado - dessaz. (média 1990 = 100)";"Consumo final das famílias: índice encadeado dessazonalizado (média 1990 = 100)";"Oculta";"Intranet";0;0;0;"Incluída em 11/mar/2002.";NA;"SCN85R4";"Oculta";"Macro"
"12899";"SCN85R4_PIBDUM4";NA;NA;"Inativa";NA;"Contas nacionais";"PIB - dummy financeiro - índice encadeado (média 1990 = 100)";"Produto interno bruto (PIB) - dummy financeiro: índice encadeado (média 1990 = 100)";"Oculta";"Intranet";0;0;0;NA;NA;"SCN85R4";"Oculta";"Macro"
"12900";"SCN85R4_PIBDUMBM4";NA;NA;"Inativa";NA;"Contas nacionais";"PIB - dummy financeiro - base móvel (média do ano anterior = 100)";"Produto interno bruto (PIB) - dummy financeiro: base móvel (média do ano anterior = 100)";"Oculta";"Intranet";0;0;0;"Incluída em 22/mar/2002.";NA;"SCN85R4";"Oculta";"Macro"
"12901";"SCN85R4_PIBDUMCR4";NA;NA;"Inativa";NA;"Contas nacionais";"PIB - dummy financeiro - contribuição no crescimento do PIB - var.";"Contribuição do dummy financeiro no crescimento do PIB";"Oculta";"Intranet";0;0;0;"Incluída em 12/abril/2004";NA;"SCN85R4";"Oculta";"Macro"
"12902";"SCN85R4_PIBDUMV4";NA;NA;"Inativa";NA;"Contas nacionais";"PIB - dummy financeiro";"Produto interno bruto (PIB) - dummy financeiro";"Oculta";"Intranet";0;0;0;NA;NA;"SCN85R4";"Oculta";"Macro"
"12903";"SCN85R4_PIBFBKFAS4";NA;NA;"Inativa";NA;"Contas nacionais";"Capital fixo - formação bruta - índice encadeado - dessaz. (média 1990 = 100)";"Formação bruta de capital fixo: índice encadeado dessazonalizado (média 1990 = 100)";"Oculta";"Intranet";0;0;0;"Incluída em 11/mar/2002.";NA;"SCN85R4";"Oculta";"Macro"
"12904";"SCN85R4_PIBICC4";NA;NA;"Inativa";NA;"Contas nacionais";"PIB - indústria - construção civil - índice encadeado (média 1990 = 100)";"Produto interno bruto (PIB) - indústria da construção civil: índice encadeado (média 1990 = 100)";"Oculta";"Intranet";0;0;0;NA;NA;"SCN85R4";"Oculta";"Macro"
"12905";"SCN85R4_PIBICCAS4";NA;NA;"Inativa";NA;"Contas nacionais";"PIB - indústria - construção civil - índice encadeado - dessaz. (média 1990 = 100)";"Produto interno bruto (PIB) - indústria da construção civil: índice encadeado dessazonalizado (média 1990 = 100)";"Oculta";"Intranet";0;0;0;"Incluída em 12/mar/2002.";NA;"SCN85R4";"Oculta";"Macro"
"12906";"SCN85R4_PIBICCBM4";NA;NA;"Inativa";NA;"Contas nacionais";"PIB - indústria - construção civil - base móvel (média do ano anterior = 100)";"Produto interno bruto (PIB) - indústria da construção civil: base móvel (média do ano anterior = 100)";"Oculta";"Intranet";0;0;0;"Incluída em 22/mar/2002.";NA;"SCN85R4";"Oculta";"Macro"
"12907";"SCN85R4_PIBICCV4";NA;NA;"Inativa";NA;"Contas nacionais";"PIB - indústria - construção civil";"Produto interno bruto (PIB) - indústria da construção civil";"Oculta";"Intranet";0;0;0;"Incluída em 07/abr/2003 .";NA;"SCN85R4";"Oculta";"Macro"
"12908";"SCN85R4_PIBIEX4";NA;NA;"Inativa";NA;"Contas nacionais";"PIB - indústria - extrativa mineral - índice encadeado (média 1990 = 100)";"Produto interno bruto (PIB) - indústria extrativa mineral: índice encadeado (média 1990 = 100)";"Oculta";"Intranet";0;0;0;NA;NA;"SCN85R4";"Oculta";"Macro"
"12909";"SCN85R4_PIBIEXAS4";NA;NA;"Inativa";NA;"Contas nacionais";"PIB - indústria - extrativa mineral - índice encadeado - dessaz. (média 1990 = 100)";"Produto interno bruto (PIB) - indústria extrativa mineral: índice encadeado dessazonalizado (média 1990 = 100)";"Oculta";"Intranet";0;0;0;"Incluída em 12/mar/2002.";NA;"SCN85R4";"Oculta";"Macro"
"12910";"SCN85R4_PIBIEXBM4";NA;NA;"Inativa";NA;"Contas nacionais";"PIB - indústria - extrativa mineral - base móvel (média do ano anterior = 100)";"Produto interno bruto (PIB) - indústria extrativa mineral: base móvel (média do ano anterior = 100)";"Oculta";"Intranet";0;0;0;"Incluída em 22/mar/2002.";NA;"SCN85R4";"Oculta";"Macro"
"12911";"SCN85R4_PIBIEXV4";NA;NA;"Inativa";NA;"Contas nacionais";"PIB - indústria - extrativa mineral";"Produto interno bruto (PIB) - indústria extrativa mineral";"Oculta";"Intranet";0;0;0;"Incluída em 07/abr/2003 .";NA;"SCN85R4";"Oculta";"Macro"
"12912";"SCN85R4_PIBIND4";NA;NA;"Inativa";NA;"Contas nacionais";"PIB - indústria - índice encadeado (média 1990 = 100)";"Produto interno bruto (PIB) - indústria: índice encadeado (média 1990 = 100)";"Oculta";"Intranet";0;0;0;NA;NA;"SCN85R4";"Oculta";"Macro"
"12913";"SCN85R4_PIBINDAS4";NA;NA;"Inativa";NA;"Contas nacionais";"PIB - indústria - índice encadeado - dessaz. (média 1990 = 100)";"Produto interno bruto (PIB) - indústria: índice encadeado dessazonalizado (média 1990 = 100)";"Oculta";"Intranet";0;0;0;"Incluída em 31/mai/2001.";NA;"SCN85R4";"Oculta";"Macro"
"12914";"SCN85R4_PIBINDBM4";NA;NA;"Inativa";NA;"Contas nacionais";"PIB - indústria - base móvel (média do ano anterior = 100)";"Produto interno bruto (PIB) - indústria: base móvel (média do ano anterior = 100)";"Oculta";"Intranet";0;0;0;"Incluída em 22/mar/2002.";NA;"SCN85R4";"Oculta";"Macro"
"12915";"SCN85R4_PIBINDCR4";NA;NA;"Inativa";NA;"Contas nacionais";"PIB - indústria - contribuição no crescimento do PIB - var.";"Contribuição do indústria no crescimento do PIB";"Oculta";"Intranet";0;0;0;"Incluída em 12/abril/2004";NA;"SCN85R4";"Oculta";"Macro"
"12916";"SCN85R4_PIBINDV4";NA;NA;"Inativa";NA;"Contas nacionais";"PIB - indústria";"Produto interno bruto (PIB) - indústria";"Oculta";"Intranet";0;0;0;NA;NA;"SCN85R4";"Oculta";"Macro"
"12917";"SCN85R4_PIBITR4";NA;NA;"Inativa";NA;"Contas nacionais";"PIB - indústria - transformação - índice encadeado (média 1990 = 100)";"Produto interno bruto (PIB) - indústria de transformação: índice encadeado (média 1990 = 100)";"Oculta";"Intranet";0;0;0;NA;NA;"SCN85R4";"Oculta";"Macro"
"12918";"SCN85R4_PIBITRAS4";NA;NA;"Inativa";NA;"Contas nacionais";"PIB - indústria - transformação - índice encadeado - dessaz. (média 1990 = 100)";"Produto interno bruto (PIB) - indústria de transformação: índice encadeado dessazonalizado (média 1990 = 100)";"Oculta";"Intranet";0;0;0;"Incluída em 12/mar/2002.";NA;"SCN85R4";"Oculta";"Macro"
"12919";"SCN85R4_PIBITRBM4";NA;NA;"Inativa";NA;"Contas nacionais";"PIB - indústria - transformação - base móvel (média do ano anterior = 100)";"Produto interno bruto (PIB) - indústria de transformação: base móvel (média do ano anterior = 100)";"Oculta";"Intranet";0;0;0;"Incluída em 22/mar/2002.";NA;"SCN85R4";"Oculta";"Macro"
"12920";"SCN85R4_PIBITRV4";NA;NA;"Inativa";NA;"Contas nacionais";"PIB - indústria - transformação";"Produto interno bruto (PIB) - indústria de transformação";"Oculta";"Intranet";0;0;0;"Incluída em 07/abr/2003 .";NA;"SCN85R4";"Oculta";"Macro"
"12921";"SCN85R4_PIBIUP4";NA;NA;"Inativa";NA;"Contas nacionais";"PIB - indústria - serviços utilid. púb. (SIUP) - índice encadeado (média 1990 = 100)";"Produto interno bruto (PIB) - indústria - serviços de utilidade pública (SIUP): índice encadeado (média 1990 = 100)";"Oculta";"Intranet";0;0;0;NA;NA;"SCN85R4";"Oculta";"Macro"
"12922";"SCN85R4_PIBIUPAS4";NA;NA;"Inativa";NA;"Contas nacionais";"PIB - indústria - serviços utilid. púb. (SIUP) - índice encadeado - dessaz. (média 1990 = 100)";"Produto interno bruto (PIB) - indústria - serviços de utilidade pública (SIUP): índice encadeado dessazonalizado (média 1990 = 100)";"Oculta";"Intranet";0;0;0;"Incluída em 12/mar/2002.";NA;"SCN85R4";"Oculta";"Macro"
"12923";"SCN85R4_PIBIUPBM4";NA;NA;"Inativa";NA;"Contas nacionais";"PIB - indústria - serviços utilid. púb. (SIUP) - base móvel (média do ano anterior = 100)";"Produto interno bruto (PIB) - indústria - serviços de utilidade pública (SIUP): base móvel (média do ano anterior = 100)";"Oculta";"Intranet";0;0;0;"Incluída em 22/mar/2002.";NA;"SCN85R4";"Oculta";"Macro"
"12924";"SCN85R4_PIBIUPV4";NA;NA;"Inativa";NA;"Contas nacionais";"PIB - indústria - serviços utilid. púb. (SIUP)";"Produto interno bruto (PIB) - indústria - serviços de utilidade pública (SIUP)";"Oculta";"Intranet";0;0;0;"Incluída em 07/abr/2003 .";NA;"SCN85R4";"Oculta";"Macro"
"12925";"SCN85R4_PIBIVA4";NA;NA;"Inativa";NA;"Contas nacionais";"PIB - impostos sobre produtos - índice encadeado (média 1990 = 100)";"Produto interno bruto (PIB) - impostos sobre produtos: índice encadeado (média 1990 = 100)";"Oculta";"Intranet";0;0;0;NA;NA;"SCN85R4";"Oculta";"Macro"
"12926";"SCN85R4_PIBIVAAS4";NA;NA;"Inativa";NA;"Contas nacionais";"PIB - impostos sobre produtos - índice encadeado - dessaz. (média 1990 = 100)";"Produto interno bruto (PIB) - impostos sobre produtos: índice encadeado dessazonalizado (média 1990 = 100)";"Oculta";"Intranet";0;0;0;"Incluída em 12/mar/2002.";NA;"SCN85R4";"Oculta";"Macro"
"12927";"SCN85R4_PIBIVABM4";NA;NA;"Inativa";NA;"Contas nacionais";"PIB - impostos sobre produtos - base móvel (média do ano anterior = 100)";"Produto interno bruto (PIB) - impostos sobre produtos: base móvel (média do ano anterior = 100)";"Oculta";"Intranet";0;0;0;"Incluída em 22/mar/2002.";NA;"SCN85R4";"Oculta";"Macro"
"12928";"SCN85R4_PIBIVACR4";NA;NA;"Inativa";NA;"Contas nacionais";"PIB - impostos sobre produtos - contribuição no crescimento do PIB - var.";"Contribuição dos impostos sobre produtos no crescimento do PIB";"Oculta";"Intranet";0;0;0;"Incluída em 12/abril/2004";NA;"SCN85R4";"Oculta";"Macro"
"12929";"SCN85R4_PIBIVAV4";NA;NA;"Inativa";NA;"Contas nacionais";"PIB - impostos sobre produtos";"Produto interno bruto (PIB) - impostos sobre produtos";"Oculta";"Intranet";0;0;0;NA;NA;"SCN85R4";"Oculta";"Macro"
"12930";"SCN85R4_PIBMBSZAS4";NA;NA;"Inativa";NA;"Contas nacionais";"Importações - bens e serviços - índice encadeado - dessaz. (média 1990 = 100)";"Importações de bens e serviços: índice encadeado dessazonalizado (média 1990 = 100)";"Oculta";"Intranet";0;0;0;"Incluída em 11/mar/2002.";NA;"SCN85R4";"Oculta";"Macro"
"12931";"SCN85R4_PIBPBN4";NA;NA;"Inativa";NA;"Contas nacionais";"PIB - preços básicos";"Produto interno bruto (PIB) a preços básicos";"Oculta";"Intranet";0;0;0;"Incluída em 24/jan/2002.";NA;"SCN85R4";"Oculta";"Macro"
"12932";"SCN85R4_PIBPM4";NA;NA;"Inativa";NA;"Contas nacionais";"PIB - preços de mercado - índice encadeado (média 1990 = 100)";"Produto interno bruto (PIB) a preços de mercado: índice encadeado (média 1990 = 100)";"Oculta";"Intranet";0;0;0;NA;NA;"SCN85R4";"Oculta";"Macro"
"12933";"SCN85R4_PIBPMAS4";NA;NA;"Inativa";NA;"Contas nacionais";"PIB - preços de mercado - índice encadeado - dessaz. (média 1990 = 100)";"Produto interno bruto (PIB) a preços de mercado: índice encadeado dessazonalizado (média 1990 = 100)";"Oculta";"Intranet";0;0;0;"Incluída em 31/mai/2001.";NA;"SCN85R4";"Oculta";"Macro"
"12934";"SCN85R4_PIBPMBM4";NA;NA;"Inativa";NA;"Contas nacionais";"PIB - preços de mercado - base móvel (média do ano anterior = 100)";"Produto interno bruto (PIB) a preços de mercado: base móvel (média do ano anterior = 100)";"Oculta";"Intranet";0;0;0;"Incluída em 22/mar/2002.";"Geradora";"SCN85R4";"Oculta";"Macro"
"12935";"SCN85R4_PIBPMV4";NA;NA;"Inativa";NA;"Contas nacionais";"PIB - preços de mercado";"Produto interno bruto (PIB) a preços de mercado";"Oculta";"Intranet";0;0;0;NA;NA;"SCN85R4";"Oculta";"Macro"
"12936";"SCN85R4_PIBSAL4";NA;NA;"Inativa";NA;"Contas nacionais";"PIB - serviços - aluguéis - índice encadeado (média 1990 = 100)";"Produto interno bruto (PIB) - serviços - aluguéis: índice encadeado (média 1990 = 100)";"Oculta";"Intranet";0;0;0;NA;NA;"SCN85R4";"Oculta";"Macro"
"12937";"SCN85R4_PIBSALAS4";NA;NA;"Inativa";NA;"Contas nacionais";"PIB - serviços - aluguéis - índice encadeado - dessaz. (média 1990 = 100)";"Produto interno bruto (PIB) - serviços - aluguéis: índice encadeado dessazonalizado (média 1990 = 100)";"Oculta";"Intranet";0;0;0;"Incluída em 12/mar/2002.";NA;"SCN85R4";"Oculta";"Macro"
"12938";"SCN85R4_PIBSALBM4";NA;NA;"Inativa";NA;"Contas nacionais";"PIB - serviços - aluguéis - base móvel (média do ano anterior = 100)";"Produto interno bruto (PIB) - serviços - aluguéis: base móvel (média do ano anterior = 100)";"Oculta";"Intranet";0;0;0;"Incluída em 22/mar/2002.";NA;"SCN85R4";"Oculta";"Macro"
"12939";"SCN85R4_PIBSALV4";NA;NA;"Inativa";NA;"Contas nacionais";"PIB - serviços - aluguéis";"Produto interno bruto (PIB) - serviços - aluguéis";"Oculta";"Intranet";0;0;0;"Incluída em 07/abr/2003 .";NA;"SCN85R4";"Oculta";"Macro"
"12940";"SCN85R4_PIBSAP4";NA;NA;"Inativa";NA;"Contas nacionais";"PIB - serviços - adm. pública - índice encadeado (média 1990 = 100)";"Produto interno bruto (PIB) - serviços - administração pública: índice encadeado (média 1990 = 100)";"Oculta";"Intranet";0;0;0;NA;NA;"SCN85R4";"Oculta";"Macro"
"12941";"SCN85R4_PIBSAPAS4";NA;NA;"Inativa";NA;"Contas nacionais";"PIB - serviços - adm. pública - índice encadeado - dessaz. (média 1990 = 100)";"Produto interno bruto (PIB) - serviços - administração pública: índice encadeado dessazonalizado (média 1990 = 100)";"Oculta";"Intranet";0;0;0;"Incluída em 12/mar/2002.";NA;"SCN85R4";"Oculta";"Macro"
"12942";"SCN85R4_PIBSAPBM4";NA;NA;"Inativa";NA;"Contas nacionais";"PIB - serviços - adm. pública - base móvel (média do ano anterior = 100)";"Produto interno bruto (PIB) - serviços - administração pública: base móvel (média do ano anterior = 100)";"Oculta";"Intranet";0;0;0;"Incluída em 22/mar/2002.";NA;"SCN85R4";"Oculta";"Macro"
"12943";"SCN85R4_PIBSAPV4";NA;NA;"Inativa";NA;"Contas nacionais";"PIB - serviços - adm. pública";"Produto interno bruto (PIB) - serviços - administração pública";"Oculta";"Intranet";0;0;0;"Incluída em 07/abr/2003 .";NA;"SCN85R4";"Oculta";"Macro"
"12944";"SCN85R4_PIBSCMN4";NA;NA;"Inativa";NA;"Contas nacionais";"PIB - serviços - comunicações - índice encadeado (média 1990 = 100)";"Produto interno bruto (PIB) - serviços - comunicações: índice encadeado (média 1990 = 100)";"Oculta";"Intranet";0;0;0;NA;NA;"SCN85R4";"Oculta";"Macro"
"12945";"SCN85R4_PIBSCMNAS4";NA;NA;"Inativa";NA;"Contas nacionais";"PIB - serviços - comunicações - índice encadeado - dessaz. (média 1990 = 100)";"Produto interno bruto (PIB) - serviços - comunicações: índice encadeado dessazonalizado (média 1990 = 100)";"Oculta";"Intranet";0;0;0;"Incluída em 12/mar/2002.";NA;"SCN85R4";"Oculta";"Macro"
"12946";"SCN85R4_PIBSCMNBM4";NA;NA;"Inativa";NA;"Contas nacionais";"PIB - serviços - comunicações - base móvel (média do ano anterior = 100)";"Produto interno bruto (PIB) - serviços - comunicações: base móvel (média do ano anterior = 100)";"Oculta";"Intranet";0;0;0;"Incluída em 22/mar/2002.";NA;"SCN85R4";"Oculta";"Macro"
"12947";"SCN85R4_PIBSCMNV4";NA;NA;"Inativa";NA;"Contas nacionais";"PIB - serviços - comunicações";"Produto interno bruto (PIB) - serviços - comunicações";"Oculta";"Intranet";0;0;0;"Incluída em 07/abr/2003 .";NA;"SCN85R4";"Oculta";"Macro"
"12948";"SCN85R4_PIBSCO4";NA;NA;"Inativa";NA;"Contas nacionais";"PIB - serviços - comércio - índice encadeado (média 1990 = 100)";"Produto interno bruto (PIB) - serviços - comércio: índice encadeado (média 1990 = 100)";"Oculta";"Intranet";0;0;0;NA;NA;"SCN85R4";"Oculta";"Macro"
"12949";"SCN85R4_PIBSCOAS4";NA;NA;"Inativa";NA;"Contas nacionais";"PIB - serviços - comércio - índice encadeado - dessaz. (média 1990 = 100)";"Produto interno bruto (PIB) - serviços - comércio: índice encadeado dessazonalizado (média 1990 = 100)";"Oculta";"Intranet";0;0;0;"Incluída em 12/mar/2002.";NA;"SCN85R4";"Oculta";"Macro"
"12950";"SCN85R4_PIBSCOBM4";NA;NA;"Inativa";NA;"Contas nacionais";"PIB - serviços - comércio - base móvel (média do ano anterior = 100)";"Produto interno bruto (PIB) - serviços - comércio: base móvel (média do ano anterior = 100)";"Oculta";"Intranet";0;0;0;"Incluída em 22/mar/2002.";NA;"SCN85R4";"Oculta";"Macro"
"12951";"SCN85R4_PIBSCOV4";NA;NA;"Inativa";NA;"Contas nacionais";"PIB - serviços - comércio";"Produto interno bruto (PIB) - serviços - comércio";"Oculta";"Intranet";0;0;0;"Incluída em 07/abr/2003 .";NA;"SCN85R4";"Oculta";"Macro"
"12952";"SCN85R4_PIBSER4";NA;NA;"Inativa";NA;"Contas nacionais";"PIB - serviços - índice encadeado (média 1990 = 100)";"Produto interno bruto (PIB) - serviços: índice encadeado (média 1990 = 100)";"Oculta";"Intranet";0;0;0;NA;NA;"SCN85R4";"Oculta";"Macro"
"12953";"SCN85R4_PIBSERAS4";NA;NA;"Inativa";NA;"Contas nacionais";"PIB - serviços - índice encadeado - dessaz. (média 1990 = 100)";"Produto interno bruto (PIB) - serviços: índice encadeado dessazonalizado (média 1990 = 100)";"Oculta";"Intranet";0;0;0;"Incluída em 31/mai/2001.";NA;"SCN85R4";"Oculta";"Macro"
"12954";"SCN85R4_PIBSERBM4";NA;NA;"Inativa";NA;"Contas nacionais";"PIB - serviços - base móvel (média do ano anterior = 100)";"Produto interno bruto (PIB) - serviços: base móvel (média do ano anterior = 100)";"Oculta";"Intranet";0;0;0;"Incluída em 22/mar/2002.";NA;"SCN85R4";"Oculta";"Macro"
"12955";"SCN85R4_PIBSERCR4";NA;NA;"Inativa";NA;"Contas nacionais";"PIB - serviços - contribuição no crescimento do PIB - var.";"Contribuição dos serviços no crescimento do PIB";"Oculta";"Intranet";0;0;0;"Incluída em 12/abril/2004";NA;"SCN85R4";"Oculta";"Macro"
"12956";"SCN85R4_PIBSERV4";NA;NA;"Inativa";NA;"Contas nacionais";"PIB - serviços";"Produto interno bruto (PIB) - serviços";"Oculta";"Intranet";0;0;0;NA;NA;"SCN85R4";"Oculta";"Macro"
"12957";"SCN85R4_PIBSIF4";NA;NA;"Inativa";NA;"Contas nacionais";"PIB - serviços - instituições financeiras - índice encadeado (média 1990 = 100)";"Produto interno bruto (PIB) - serviços - instituições financeiras: índice encadeado (média 1990 = 100)";"Oculta";"Intranet";0;0;0;NA;NA;"SCN85R4";"Oculta";"Macro"
"12958";"SCN85R4_PIBSIFAS4";NA;NA;"Inativa";NA;"Contas nacionais";"PIB - serviços - instituições financeiras - índice encadeado - dessaz. (média 1990 = 100)";"Produto interno bruto (PIB) - serviços - instituições financeiras: índice encadeado dessazonalizado (média 1990 = 100)";"Oculta";"Intranet";0;0;0;"Incluída em 12/mar/2002.";NA;"SCN85R4";"Oculta";"Macro"
"12959";"SCN85R4_PIBSIFBM4";NA;NA;"Inativa";NA;"Contas nacionais";"PIB - serviços - instituições financeiras - base móvel (média do ano anterior = 100)";"Produto interno bruto (PIB) - serviços - instituições financeiras: base móvel (média do ano anterior = 100)";"Oculta";"Intranet";0;0;0;"Incluída em 22/mar/2002.";NA;"SCN85R4";"Oculta";"Macro"
"12960";"SCN85R4_PIBSIFV4";NA;NA;"Inativa";NA;"Contas nacionais";"PIB - serviços - instituições financeiras";"Produto interno bruto (PIB) - serviços - instituições financeiras";"Oculta";"Intranet";0;0;0;"Incluída em 07/abr/2003 .";NA;"SCN85R4";"Oculta";"Macro"
"12961";"SCN85R4_PIBSOS4";NA;NA;"Inativa";NA;"Contas nacionais";"PIB - serviços - outros serviços - índice encadeado (média 1990 = 100)";"Produto interno bruto (PIB) - serviços - outros serviços: índice encadeado (média 1990 = 100)";"Oculta";"Intranet";0;0;0;NA;NA;"SCN85R4";"Oculta";"Macro"
"12962";"SCN85R4_PIBSOSAS4";NA;NA;"Inativa";NA;"Contas nacionais";"PIB - serviços - outros serviços - índice encadeado - dessaz. (média 1990 = 100)";"Produto interno bruto (PIB) - serviços - outros serviços: índice encadeado dessazonalizado (média 1990 = 100)";"Oculta";"Intranet";0;0;0;"Incluída em 12/mar/2002.";NA;"SCN85R4";"Oculta";"Macro"
"12963";"SCN85R4_PIBSOSBM4";NA;NA;"Inativa";NA;"Contas nacionais";"PIB - serviços - outros serviços - base móvel (média do ano anterior = 100)";"Produto interno bruto (PIB) - serviços - outros serviços: base móvel (média do ano anterior = 100)";"Oculta";"Intranet";0;0;0;"Incluída em 22/mar/2002.";NA;"SCN85R4";"Oculta";"Macro"
"12964";"SCN85R4_PIBSOSV4";NA;NA;"Inativa";NA;"Contas nacionais";"PIB - serviços - outros serviços";"Produto interno bruto (PIB) - serviços - outros serviços";"Oculta";"Intranet";0;0;0;"Incluída em 07/abr/2003 .";NA;"SCN85R4";"Oculta";"Macro"
"12965";"SCN85R4_PIBSTR4";NA;NA;"Inativa";NA;"Contas nacionais";"PIB - serviços - transportes - índice encadeado (média 1990 = 100)";"Produto interno bruto (PIB) - serviços - transportes: índice encadeado (média 1990 = 100)";"Oculta";"Intranet";0;0;0;NA;NA;"SCN85R4";"Oculta";"Macro"
"12966";"SCN85R4_PIBSTRAS4";NA;NA;"Inativa";NA;"Contas nacionais";"PIB - serviços - transportes - índice encadeado - dessaz. (média 1990 = 100)";"Produto interno bruto (PIB) - serviços - transportes: índice encadeado dessazonalizado (média 1990 = 100)";"Oculta";"Intranet";0;0;0;"Incluída em 12/mar/2002.";NA;"SCN85R4";"Oculta";"Macro"
"12967";"SCN85R4_PIBSTRBM4";NA;NA;"Inativa";NA;"Contas nacionais";"PIB - serviços - transportes - base móvel (média do ano anterior = 100)";"Produto interno bruto (PIB) - serviços - transportes: base móvel (média do ano anterior = 100)";"Oculta";"Intranet";0;0;0;"Incluída em 22/mar/2002.";NA;"SCN85R4";"Oculta";"Macro"
"12968";"SCN85R4_PIBSTRV4";NA;NA;"Inativa";NA;"Contas nacionais";"PIB - serviços - transportes";"Produto interno bruto (PIB) - serviços - transportes";"Oculta";"Intranet";0;0;0;"Incluída em 07/abr/2003 .";NA;"SCN85R4";"Oculta";"Macro"
"12969";"SCN85R4_PIBXBSZAS4";NA;NA;"Inativa";NA;"Contas nacionais";"Exportações - bens e serviços - índice encadeado - dessaz. (média 1990 = 100)";"Exportações de bens e serviços: índice encadeado dessazonalizado (média 1990 = 100)";"Oculta";"Intranet";0;0;0;"Incluída em 11/mar/2002.";NA;"SCN85R4";"Oculta";"Macro"
"12970";"SCN85R4_PNBN4";NA;NA;"Inativa";NA;"Contas nacionais";"Renda nacional bruta";"Renda nacional bruta";"Oculta";"Intranet";0;0;0;"Incluída em 30/mai/2003 .";NA;"SCN85R4";"Oculta";"Macro"
"12971";"SCN85R4_RLEX1N4";NA;NA;"Inativa";NA;"Contas nacionais";"Remuneração empregados - não residentes";"Remuneração de empregados não residentes";"Oculta";"Intranet";0;0;0;"Incluída em 30/mai/2003 .";NA;"SCN85R4";"Oculta";"Macro"
"12972";"SCN85R4_RLEX2N4";NA;NA;"Inativa";NA;"Contas nacionais";"Rendas de propriedade - enviadas e recebidas do resto do mundo";"Rendas de propriedade enviadas e recebidas do resto do mundo";"Oculta";"Intranet";0;0;0;"Incluída em 30/mai/2003 .";NA;"SCN85R4";"Oculta";"Macro"
"12973";"SCN85R4_RNDBN4";NA;NA;"Inativa";NA;"Contas nacionais";"Renda disponível bruta";"Renda disponível bruta";"Oculta";"Intranet";0;0;0;"Incluída em 30/mai/2003 .";NA;"SCN85R4";"Oculta";"Macro"
"12974";"SCN85R4_SBN4";NA;NA;"Inativa";NA;"Contas nacionais";"Poupança nacional bruta";"Poupança nacional bruta";"Oculta";"Intranet";0;0;0;"Incluída em 30/mai/2003 .";NA;"SCN85R4";"Oculta";"Macro"
"12975";"SCN85R4_TRUNIN4";NA;NA;"Inativa";NA;"Contas nacionais";"Transferências correntes - enviadas e recebidas do resto do mundo - total";"Transferências correntes enviadas e recebidas do resto do mundo: total";"Oculta";"Intranet";0;0;0;"Incluída em 30/mai/2003 .";NA;"SCN85R4";"Oculta";"Macro"
"12976";"SCN85R4_VESTOBM4";NA;NA;"Inativa";NA;"Contas nacionais";"Capital - formação bruta - variação de estoque - base móvel (média do ano anterior = 100)";"Formação bruta de capital - variação de estoque: base móvel (média do ano anterior = 100)";"Oculta";"Intranet";0;0;0;"Incluída em 03/out/2002 .";"Gerada";"SCN85R4";"Oculta";"Macro"
"12977";"SCN85R4_VESTOI4";NA;NA;"Inativa";NA;"Contas nacionais";"Capital - formação bruta - variação de estoque - índice encadeado (média 1990 = 100)";"Formação bruta de capital - variação de estoque: índice encadeado (média 1990 = 100)";"Oculta";"Intranet";0;0;0;"Incluída em 11/mar/2002.";"Gerada";"SCN85R4";"Oculta";"Macro"
"12978";"SCN85R4_VESTON4";NA;NA;"Inativa";NA;"Contas nacionais";"Capital - formação bruta - variação de estoque";"Formação bruta de capital - variação de estoque";"Oculta";"Intranet";0;0;0;"Incluída em 29/jan/2002.";NA;"SCN85R4";"Oculta";"Macro"
"12979";"SCN85R4_XBSZBM4";NA;NA;"Inativa";NA;"Contas nacionais";"Exportações - bens e serviços - base móvel (média do ano anterior = 100)";"Exportações de bens e serviços: base móvel (média do ano anterior = 100)";"Oculta";"Intranet";0;0;0;"Incluída em 22/mar/2002.";"Geradora";"SCN85R4";"Oculta";"Macro"
"12980";"SCN85R4_XBSZCR4";NA;NA;"Inativa";NA;"Contas nacionais";"Exportações - bens e serviços - contribuição no crescimento do PIB - var.";"Contribuição das exportações de bens e serviços no crescimento do PIB";"Oculta";"Intranet";0;0;0;"Incluída em 12/abril/2004";NA;"SCN85R4";"Oculta";"Macro"
"12981";"SCN85R4_XBSZI4";NA;NA;"Inativa";NA;"Contas nacionais";"Exportações - bens e serviços - índice encadeado (média 1990 = 100)";"Exportações de bens e serviços: índice encadeado (média 1990 = 100)";"Oculta";"Intranet";0;0;0;"Incluída em 05/out/2001.";NA;"SCN85R4";"Oculta";"Macro"
"12982";"SCN85R4_XBSZN4";NA;NA;"Inativa";NA;"Contas nacionais";"Exportações - bens e serviços";"Exportações de bens e serviços";"Oculta";"Intranet";0;0;0;"Incluída em 05/out/2001.";NA;"SCN85R4";"Oculta";"Macro"
"12983";"SCN85R4_XLBM4";NA;NA;"Inativa";NA;"Contas nacionais";"Exportações líquidas - base móvel (média do ano anterior = 100)";"Exportações líquidas: base móvel (média do ano anterior = 100)";"Oculta";"Intranet";0;0;0;"Incluída em 28/nov/2002 .";"Gerada";"SCN85R4";"Oculta";"Macro"
"12984";"SCN85R4_XLI4";NA;NA;"Inativa";NA;"Contas nacionais";"Exportações líquidas - índice encadeado (média 1990 = 100)";"Exportações líquidas: índice encadeado (média 1990 = 100)";"Oculta";"Intranet";0;0;0;"Incluída em 28/nov/2002 .";"Gerada";"SCN85R4";"Oculta";"Macro"
"12985";"SCN_CFISFLSFG";NA;NA;"Inativa";"IBGE/SCN 2000 Anual";"Contas nacionais";"Consumo final - ISFLSF - var. real anual - ref. 2000";"Consumo final das instituições sem fins de lucro a serviço das famílias (ISFLSF): var. real anual  - referência 2000";"Oculta";"Internet";720;0;0;"Incluída em 03 / maio / 2007.";NA;"SCN";"Oculta";"Macro"
"12986";"SCN_SUBPRON";NA;NA;"Inativa";"IBGE/SCN 2000 Anual";"Contas nacionais";"Subsídios aos produtos - ref. 2000";"Subsídios aos produtos - referência 2000";"Oculta";"Internet";720;0;0;"Incluída em 03 / maio / 2007.";NA;"SCN";"Oculta";"Macro"
"12987";"SCN_CFISFLSFN";NA;NA;"Inativa";"IBGE/SCN 2000 Anual";"Contas nacionais";"Consumo final - ISFLSF - ref. 2000";"Consumo final das instituições sem fins de lucro a serviço das famílias (ISFLSF) - referência 2000";"Oculta";"Internet";720;0;0;"Incluída em 03 / maio / 2007.";NA;"SCN";"Oculta";"Macro"
"12988";"SCN_ISPIN";NA;NA;"Inativa";"IBGE/SCN 2000 Anual";"Contas nacionais";"Impostos sobre a produção e importação - ref. 2000";"Impostos sobre a produção e importação - referência 2000";"Oculta";"Internet";720;0;0;"Incluída em 03 / maio / 2007.";NA;"SCN";"Oculta";"Macro"
"12989";"SCN_SUBPIN";NA;NA;"Inativa";"IBGE/SCN 2000 Anual";"Contas nacionais";"Subsídios a produção e importação (-) - ref. 2000";"Subsídios a produção e importação (-) - referência 2000";"Oculta";"Internet";720;0;0;"Incluída em 03 / maio / 2007.";NA;"SCN";"Oculta";"Macro"
"12990";"SCN_RECTRIB";NA;NA;"Inativa";"IBGE/SCN 2000 Anual";"Contas nacionais";"Receita tributária - ref. 2000";"Receita tributária - referência 2000";"Oculta";"Internet";720;0;0;"Incluída em 03 / maio / 2007.";NA;"SCN";"Oculta";"Macro"
"12991";"SCN_ILPI";NA;NA;"Inativa";"IBGE/SCN 2000 Anual";"Contas nacionais";"Impostos ligados a produção e a importação - ref. 2000";"Impostos ligados a produção e a importação - referência 2000";"Oculta";"Internet";720;0;0;"Incluída em 03 / maio / 2007.";NA;"SCN";"Oculta";"Macro"
"12992";"SCN_IR";NA;NA;"Inativa";"IBGE/SCN 2000 Anual";"Contas nacionais";"Impostos sobre a renda e a propriedade - ref. 2000";"Impostos sobre a renda e a propriedade - referência 2000";"Oculta";"Internet";720;0;0;"Incluída em 03 / maio / 2007.";NA;"SCN";"Oculta";"Macro"
"12993";"SCN_PREV";NA;NA;"Inativa";"IBGE/SCN 2000 Anual";"Contas nacionais";"Contribuiçõesaos Institutos Oficiais de Previdência, FGTS e PIS/PASEP - ref. 2000";"Contribuiçõesaos Institutos Oficiais de Previdência, FGTS e PIS/PASEP - referência 2000";"Oculta";"Internet";720;0;0;"Incluída em 03 / maio / 2007.";NA;"SCN";"Oculta";"Macro"
"12994";"SCN_PREVFP";NA;NA;"Inativa";"IBGE/SCN 2000 Anual";"Contas nacionais";"Contribuições previdenciárias do funcionalismo público - ref. 2000";"Contribuições previdenciárias do funcionalismo público - referência 2000";"Oculta";"Internet";720;0;0;"Incluída em 03 / maio / 2007.";NA;"SCN";"Oculta";"Macro"
"12995";"SCN_IPK";NA;NA;"Inativa";"IBGE/SCN 2000 Anual";"Contas nacionais";"Impostos sobre o capital - ref. 2000";"Impostos sobre o capital - referência 2000";"Oculta";"Internet";720;0;0;"Incluída em 03 / maio / 2007.";NA;"SCN";"Oculta";"Macro"
"12996";"SCN_FBKOGN";NA;NA;"Inativa";"IBGE/SCN 2000 Anual";"Contas nacionais";"Capital fixo - formação bruta - outros - adm. pública - ref. 2000";"Formação bruta de capital fixo - outros - administração pública - referência 2000";"Oculta";"Internet";360;0;0;"Incluída em 03 / maio / 2007.";NA;"SCN";"Oculta";"Macro"
"12997";"SCN_FBKOPN";NA;NA;"Inativa";"IBGE/SCN 2000 Anual";"Contas nacionais";"Capital fixo - formação bruta - outros - empresas e famílias - ref. 2000";"Formação bruta de capital fixo - outros  - empresas e famílias - referência 2000";"Oculta";"Internet";360;0;0;"Incluída em 03 / maio / 2007.";"Gerada";"SCN";"Oculta";"Macro"
"12998";"SCN85R_AUTCAMONI";22;488;"Inativa";NA;"Produção";"Produção industrial - automóveis, caminhões e ônibus";"Produção industrial - automóveis, caminhões e ônibus";"Oculta";"Internet";0;0;0;NA;NA;"SCN85R";"Oculta";"Macro"
"12999";"SCN85R_AUTOFING";NA;NA;"Inativa";NA;"Contas nacionais";"Taxa de autofinanciamento";"Taxa de autofinanciamento";"Oculta";"Intranet";0;0;0;"Incluída em 03 / jul / 2002 .";NA;"SCN85R";"Oculta";"Macro"
"13000";"SCN85R_BSCSG";NA;NA;"Inativa";NA;"Contas nacionais";"Benefícios sociais / contribuições sociais";"Benefícios sociais / contribuições sociais";"Oculta";"Intranet";0;0;0;"Incluída em 03 / jul / 2002 .";NA;"SCN85R";"Oculta";"Macro"
"13001";"SCN85R_BSSN";NA;NA;"Inativa";NA;"Contas nacionais";"Bens e serviços - saldo externo";"Bens e serviços - saldo externo";"Oculta";"Intranet";0;0;0;"Incluída em 20/mai/2002.";NA;"SCN85R";"Oculta";"Macro"
"13002";"SCN85R_CARGALY";NA;NA;"Inativa";NA;"Contas nacionais";"Carga tributária - líquida";"Carga tributária líquida";"Oculta";"Intranet";0;0;0;"Incluída em 03 / jul / 2002 .";NA;"SCN85R";"Oculta";"Macro"
"13003";"SCN85R_CARGATY";NA;NA;"Inativa";NA;"Contas nacionais";"Carga tributária - total";"Carga tributária total";"Oculta";"Intranet";0;0;0;NA;NA;"SCN85R";"Oculta";"Macro"
"13004";"SCN85R_CARGESL";NA;NA;"Inativa";NA;"Contas nacionais";"Carga tributária - estadual - líquida";"Carga tributária estadual líquida";"Oculta";"Intranet";0;0;0;"Incluída em 04 / jul / 2002.";NA;"SCN85R";"Oculta";"Macro"
"13005";"SCN85R_CARGESY";NA;NA;"Inativa";NA;"Contas nacionais";"Carga tributária - estadual";"Carga tributária estadual";"Oculta";"Intranet";0;0;0;NA;NA;"SCN85R";"Oculta";"Macro"
"13006";"SCN85R_CARGGFL";NA;NA;"Inativa";NA;"Contas nacionais";"Carga tributária - federal - líquida";"Carga tributária federal líquida";"Oculta";"Intranet";0;0;0;"Incluída em 04 / jul / 2002.";NA;"SCN85R";"Oculta";"Macro"
"13007";"SCN85R_CARGGFY";NA;NA;"Inativa";NA;"Contas nacionais";"Carga tributária - federal";"Carga tributária federal";"Oculta";"Intranet";0;0;0;NA;NA;"SCN85R";"Oculta";"Macro"
"13008";"SCN85R_CARGMUL";NA;NA;"Inativa";NA;"Contas nacionais";"Carga tributária - municipal - líquida";"Carga tributária municipal líquida";"Oculta";"Intranet";0;0;0;"Incluída em 04 / jul / 2002.";NA;"SCN85R";"Oculta";"Macro"
"13009";"SCN85R_CARGMUY";NA;NA;"Inativa";NA;"Contas nacionais";"Carga tributária - municipal";"Carga tributária municipal";"Oculta";"Intranet";0;0;0;NA;NA;"SCN85R";"Oculta";"Macro"
"13010";"SCN85R_CARGPRL";NA;NA;"Inativa";NA;"Contas nacionais";"Carga tributária - previdência - líquida";"Carga tributária - previdência - líquida";"Oculta";"Intranet";0;0;0;"Incluída em 04 / jul / 2002.";NA;"SCN85R";"Oculta";"Macro"
"13011";"SCN85R_CFGGCR";NA;NA;"Inativa";NA;"Contas nacionais";"Consumo final - adm. pública - contribuição no crescimento do PIB - var.";"Contribuição do consumo final da administração pública no crescimento do PIB";"Oculta";"Intranet";0;0;0;"Incluída em 05/janeiro/2005";"Gerada";"SCN85R";"Oculta";"Macro"
"13012";"SCN85R_CFGGN";NA;NA;"Inativa";NA;"Contas nacionais";"Consumo final - adm. pública";"Consumo final da administração pública";"Oculta";"Intranet";0;0;0;NA;"Geradora";"SCN85R";"Oculta";"Macro"
"13013";"SCN85R_CFPPCR";NA;NA;"Inativa";NA;"Contas nacionais";"Consumo final - famílias - contribuição no crescimento do PIB - var.";"Contribuição do consumo final das familias no crescimento do PIB";"Oculta";"Intranet";0;0;0;"Incluída em 05/janeiro/2005";"Gerada";"SCN85R";"Oculta";"Macro"
"13014";"SCN85R_CFPPEN";7;991;"Inativa";NA;"Contas nacionais";"Consumo final - famílias (inclui variação de estoque)";"Consumo final das famílias (inclui variação de estoque)";"Oculta";"Intranet";0;0;0;"Incluída em 11/jul/2001.";NA;"SCN85R";"Oculta";"Macro"
"13015";"SCN85R_CFPPN";NA;NA;"Inativa";NA;"Contas nacionais";"Consumo final - famílias";"Consumo final das famílias";"Oculta";"Intranet";0;0;0;NA;"Geradora";"SCN85R";"Oculta";"Macro"
"13016";"SCN85R_CGG";NA;NA;"Inativa";NA;"Contas nacionais";"Consumo final - adm. pública - var. real anual";"Consumo final da administração pública: var. real anual";"Oculta";"Intranet";0;0;0;NA;NA;"SCN85R";"Oculta";"Macro"
"13017";"SCN85R_CIGEN";7;991;"Inativa";NA;"Contas nacionais";"Consumo intermediário - adm. pública - estadual";"Consumo intermediário da administração pública estadual";"Oculta";"Intranet";0;0;0;NA;NA;"SCN85R";"Oculta";"Macro"
"13018";"SCN85R_CIGFN";10;818;"Inativa";NA;"Contas nacionais";"Consumo intermediário - adm. pública - federal";"Consumo intermediário da administração pública federal";"Oculta";"Intranet";0;0;0;NA;NA;"SCN85R";"Oculta";"Macro"
"13019";"SCN85R_CIGGN";14;680;"Inativa";NA;"Contas nacionais";"Consumo intermediário - adm. pública - total";"Consumo intermediário da administração pública total";"Oculta";"Intranet";0;0;0;NA;NA;"SCN85R";"Oculta";"Macro"
"13020";"SCN85R_CIGMN";8;932;"Inativa";NA;"Contas nacionais";"Consumo intermediário - adm. pública - municipal";"Consumo intermediário da administração pública municipal";"Oculta";"Intranet";0;0;0;NA;NA;"SCN85R";"Oculta";"Macro"
"13021";"SCN85R_CIN";NA;NA;"Inativa";NA;"Contas nacionais";"Consumo intermediário";"Consumo intermediário";"Oculta";"Intranet";0;0;0;NA;NA;"SCN85R";"Oculta";"Macro"
"13022";"SCN85R_CIPSN";3;1315;"Inativa";NA;"Contas nacionais";"Consumo intermediário - adm. pública - previdência";"Consumo intermediário da administração pública - previdência";"Oculta";"Intranet";0;0;0;NA;NA;"SCN85R";"Oculta";"Macro"
"13023";"SCN85R_CPPG";NA;NA;"Inativa";NA;"Contas nacionais";"Consumo final - famílias - var. real anual";"Consumo final das famílias: var. real anual";"Oculta";"Intranet";0;0;0;NA;NA;"SCN85R";"Oculta";"Macro"
"13024";"SCN85R_CPPGEN";NA;NA;"Inativa";NA;"Contas nacionais";"Remuneração empregados - contr. sociais efetivas - empregador prev. priv. - adm. pública - estadual";"Remuneração de empregados - contribuições sociais efetivas - empregador para previdência privada - administração pública estadual";"Oculta";"Intranet";0;0;0;NA;NA;"SCN85R";"Oculta";"Macro"
"13025";"SCN85R_CPPGFN";NA;NA;"Inativa";NA;"Contas nacionais";"Remuneração empregados - contr. sociais efetivas - empregador prev. priv. - adm. pública - federal";"Remuneração de empregados - contribuições sociais efetivas - empregador para previdência privada - administração pública federal";"Oculta";"Intranet";0;0;0;NA;NA;"SCN85R";"Oculta";"Macro"
"13026";"SCN85R_CPPGGN";NA;NA;"Inativa";NA;"Contas nacionais";"Remuneração empregados - contr. sociais efetivas - empregador prev. priv. - adm. pública - total";"Remuneração de empregados - contribuições sociais efetivas - empregador para previdência privada - administração pública total";"Oculta";"Intranet";0;0;0;NA;NA;"SCN85R";"Oculta";"Macro"
"13027";"SCN85R_CPPGMN";NA;NA;"Inativa";NA;"Contas nacionais";"Remuneração empregados - contr. sociais efetivas - empregador prev. priv. - adm. pública -municipal";"Remuneração de empregados - contribuições sociais efetivas - empregador para previdência privada - administração pública municipal";"Oculta";"Intranet";0;0;0;NA;NA;"SCN85R";"Oculta";"Macro"
"13028";"SCN85R_CPPPSN";NA;NA;"Inativa";NA;"Contas nacionais";"Remuneração empregados - contr. sociais efetivas - empregador prev. priv. - adm. pública - previd.";"Remuneração de empregados - contribuições sociais efetivas - empregador para previdência privada - administração pública - previdência";"Oculta";"Intranet";0;0;0;NA;NA;"SCN85R";"Oculta";"Macro"
"13029";"SCN85R_CSEGEN";NA;NA;"Inativa";NA;"Contas nacionais";"Remuneração empregados - contr. sociais efetivas - adm. pública - estadual";"Remuneração de empregados - contribuições sociais efetivas - administração pública estadual";"Oculta";"Intranet";0;0;0;NA;NA;"SCN85R";"Oculta";"Macro"
"13030";"SCN85R_CSEGFN";NA;NA;"Inativa";NA;"Contas nacionais";"Remuneração empregados - contr. sociais efetivas - adm. pública - federal";"Remuneração de empregados - contribuições sociais efetivas - administração pública federal";"Oculta";"Intranet";0;0;0;NA;NA;"SCN85R";"Oculta";"Macro"
"13031";"SCN85R_CSEGGN";NA;NA;"Inativa";NA;"Contas nacionais";"Remuneração empregados - contr. sociais efetivas - adm. pública - total";"Remuneração de empregados - contribuições sociais efetivas - administração pública total";"Oculta";"Intranet";0;0;0;NA;NA;"SCN85R";"Oculta";"Macro"
"13032";"SCN85R_CSEGMN";NA;NA;"Inativa";NA;"Contas nacionais";"Remuneração empregados - contr. sociais efetivas - adm. pública - municipal";"Remuneração de empregados - contribuições sociais efetivas - administração pública municipal";"Oculta";"Intranet";0;0;0;NA;NA;"SCN85R";"Oculta";"Macro"
"13033";"SCN85R_CSEN";NA;NA;"Inativa";NA;"Contas nacionais";"Remuneração empregados - contribuições sociais efetivas";"Remuneração de empregados - contribuições sociais efetivas";"Oculta";"Intranet";0;0;0;"Incluída em 20/mai/2002.";NA;"SCN85R";"Oculta";"Macro"
"13034";"SCN85R_CSEPSN";NA;NA;"Inativa";NA;"Contas nacionais";"Remuneração empregados - contr. sociais efetivas - adm. pública - previdência";"Remuneração de empregados - contribuições sociais efetivas - administração pública - previdência";"Oculta";"Intranet";0;0;0;NA;NA;"SCN85R";"Oculta";"Macro"
"13035";"SCN85R_CSIGEN";NA;NA;"Inativa";NA;"Contas nacionais";"Remuneração empregados - contr. sociais imputadas - adm. pública - estadual";"Remuneração de empregados - contribuições sociais imputadas - administração pública estadual";"Oculta";"Intranet";0;0;0;NA;NA;"SCN85R";"Oculta";"Macro"
"13036";"SCN85R_CSIGFN";NA;NA;"Inativa";NA;"Contas nacionais";"Remuneração empregados - contr. sociais imputadas - adm. pública - federal";"Remuneração de empregados - contribuições sociais imputadas - administração pública federal";"Oculta";"Intranet";0;0;0;NA;NA;"SCN85R";"Oculta";"Macro"
"13037";"SCN85R_CSIGGN";NA;NA;"Inativa";NA;"Contas nacionais";"Remuneração empregados - contr. sociais imputadas - adm. pública - total";"Remuneração de empregados - contribuições sociais imputadas - administração pública total";"Oculta";"Intranet";0;0;0;NA;NA;"SCN85R";"Oculta";"Macro"
"13038";"SCN85R_CSIGMN";NA;NA;"Inativa";NA;"Contas nacionais";"Remuneração empregados - contr. sociais imputadas - adm. pública - municipal";"Remuneração de empregados - contribuições sociais imputadas - administração pública municipal";"Oculta";"Intranet";0;0;0;NA;NA;"SCN85R";"Oculta";"Macro"
"13039";"SCN85R_CSIPSN";NA;NA;"Inativa";NA;"Contas nacionais";"Remuneração empregados - contr. sociais imputadas - adm. pública - previdência";"Remuneração de empregados - contribuições sociais imputadas - administração pública - previdência";"Oculta";"Intranet";0;0;0;NA;NA;"SCN85R";"Oculta";"Macro"
"13040";"SCN85R_CTCR";NA;NA;"Inativa";NA;"Contas nacionais";"Consumo final - contribuição no crescimento do PIB - var.";"Contribuição do consumo final no crescimento do PIB";"Oculta";"Intranet";0;0;0;"Incluída em 05/janeiro/2005";"Gerada";"SCN85R";"Oculta";"Macro"
"13041";"SCN85R_CTG";NA;NA;"Inativa";NA;"Contas nacionais";"Consumo final - var. real anual";"Consumo final: var. real anual";"Oculta";"Intranet";0;0;0;NA;NA;"SCN85R";"Oculta";"Macro"
"13042";"SCN85R_CTN";NA;NA;"Inativa";NA;"Contas nacionais";"Consumo final";"Consumo final";"Oculta";"Intranet";0;0;0;NA;NA;"SCN85R";"Oculta";"Macro"
"13043";"SCN85R_CTR";NA;NA;"Inativa";NA;"Contas nacionais";"Consumo final";"Consumo final a preços constantes de 1980";"Oculta";"Intranet";0;0;0;NA;NA;"SCN85R";"Oculta";"Macro"
"13044";"SCN85R_CTY";NA;NA;"Inativa";NA;"Contas nacionais";"Consumo final";"Consumo final";"Oculta";"Intranet";0;0;0;"Incluída em 16 / jul / 2002.";"Gerada";"SCN85R";"Oculta";"Macro"
"13045";"SCN85R_DAN";NA;NA;"Inativa";NA;"Contas nacionais";"Demanda total";"Demanda total";"Oculta";"Intranet";0;0;0;NA;NA;"SCN85R";"Oculta";"Macro"
"13046";"SCN85R_DIAGROG";44;273;"Inativa";NA;"Contas nacionais";"PIB - agropecuária - deflator implícito - var. anual";"Produto interno bruto (PIB) - agropecuária - deflator implícito: variação anual";"Oculta";"Intranet";0;0;0;NA;NA;"SCN85R";"Oculta";"Macro"
"13047";"SCN85R_DIFBKF";NA;NA;"Inativa";NA;"Contas nacionais";"Capital fixo - formação bruta - deflator implícito - índice encadeado (média 1980 = 100)";"Formação bruta de capital fixo - deflator implícito - índice encadeado (média 1980 = 100)";"Oculta";"Intranet";0;0;0;"Incluída em 12/ago/2002 .";NA;"SCN85R";"Oculta";"Macro"
"13048";"SCN85R_DIINDG";18;565;"Inativa";NA;"Contas nacionais";"PIB - indústria - deflator implícito - var. anual";"Produto interno bruto (PIB) - indústria - deflator implícito: variação anual";"Oculta";"Intranet";0;0;0;NA;NA;"SCN85R";"Oculta";"Macro"
"13049";"SCN85R_DIPIB";NA;NA;"Inativa";NA;"Contas nacionais";"PIB - deflator implícito - índice encadeado (média 1980 = 100)";"Produto interno bruto (PIB) - deflator implícito: índice encadeado (média 1980 = 100)";"Oculta";"Intranet";0;0;0;"Incluída em 12/ago/2002 .";NA;"SCN85R";"Oculta";"Macro"
"13050";"SCN85R_DIPIBG";NA;NA;"Inativa";NA;"Contas nacionais";"PIB - deflator implícito - var. anual";"Produto interno bruto (PIB) - deflator implícito: variação anual";"Oculta";"Intranet";0;0;0;NA;NA;"SCN85R";"Oculta";"Macro"
"13051";"SCN85R_DISERVG";14;680;"Inativa";NA;"Contas nacionais";"PIB - serviços - deflator implícito - var. anual";"Produto interno bruto (PIB) - serviços - deflator implícito: variação anual";"Oculta";"Intranet";0;0;0;NA;NA;"SCN85R";"Oculta";"Macro"
"13052";"SCN85R_DIVRN";NA;NA;"Inativa";NA;"Contas nacionais";"Rendas de propriedades - dividendos (recursos)";"Rendas de propriedades - dividendos (recursos)";"Oculta";"Intranet";0;0;0;"Incluída em 20/mai/2002.";NA;"SCN85R";"Oculta";"Macro"
"13053";"SCN85R_DIVUN";NA;NA;"Inativa";NA;"Contas nacionais";"Rendas de propriedades - dividendos (usos)";"Rendas de propriedades - dividendos (usos)";"Oculta";"Intranet";0;0;0;"Incluída em 20/mai/2002.";NA;"SCN85R";"Oculta";"Macro"
"13054";"SCN85R_EQELETRO";15;639;"Inativa";NA;"Produção";"Produção industrial - equipamentos eletrônicos";"Produção industrial - equipamentos eletrônicos";"Oculta";"Internet";0;0;0;NA;NA;"SCN85R";"Oculta";"Macro"
"13055";"SCN85R_EXPMEQ";6;1048;"Inativa";NA;"Contas nacionais";"Capital fixo - formação bruta - máquinas e equipamentos nacionais - exportações";"Capital fixo - formação bruta - máquinas e equipamentos nacionais - exportações";"Oculta";"Intranet";0;0;0;NA;NA;"SCN85R";"Oculta";"Macro"
"13056";"SCN85R_FBKC";NA;NA;"Inativa";NA;"Contas nacionais";"Capital fixo - formação bruta - construção (preços do ano anterior)";"Formação bruta de capital fixo - construção a preços constantes do ano anterior";"Oculta";"Intranet";0;0;0;"Incluída em 23 / 07 / 2002 .";NA;"SCN85R";"Oculta";"Macro"
"13057";"SCN85R_FBKCG";NA;NA;"Inativa";NA;"Contas nacionais";"Capital fixo - formação bruta - construção - var. real anual";"Formação bruta de capital fixo - construção - var. real anual";"Oculta";"Intranet";0;0;0;NA;NA;"SCN85R";"Oculta";"Macro"
"13058";"SCN85R_FBKCGN";NA;NA;"Inativa";NA;"Contas nacionais";"Capital fixo - formação bruta - construção - adm. pública";"Formação bruta de capital fixo - construção - administração pública";"Oculta";"Intranet";0;0;0;NA;NA;"SCN85R";"Oculta";"Macro"
"13059";"SCN85R_FBKCN";NA;NA;"Inativa";NA;"Contas nacionais";"Capital fixo - formação bruta - construção";"Formação bruta de capital fixo - construção";"Oculta";"Intranet";0;0;0;NA;"Geradora";"SCN85R";"Oculta";"Macro"
"13060";"SCN85R_FBKCPN";NA;NA;"Inativa";NA;"Contas nacionais";"Capital fixo - formação bruta - construção - empresas e famílias";"Formação bruta de capital fixo - construção - empresas e famílias";"Oculta";"Intranet";0;0;0;NA;"Gerada/Geradora";"SCN85R";"Oculta";"Macro"
"13061";"SCN85R_FBKCR";NA;NA;"Inativa";NA;"Contas nacionais";"Capital - formação bruta - contribuição no crescimento do PIB - var.";"Contribuição da formação bruta de capital no crescimento do PIB";"Oculta";"Intranet";0;0;0;"Incluída em 05/janeiro/2005";"Gerada";"SCN85R";"Oculta";"Macro"
"13062";"SCN85R_FBKEEN";18;565;"Inativa";NA;"Contas nacionais";"Capital - formação bruta - setor público - empresas públicas";"Formação bruta de capital - setor público - empresas públicas";"Oculta";"Intranet";0;0;0;"Incluída em 03 / jul / 2002 .";NA;"SCN85R";"Oculta";"Macro"
"13063";"SCN85R_FBKF";NA;NA;"Inativa";NA;"Contas nacionais";"Capital fixo - formação bruta (preços do ano anterior)";"Formação bruta de capital fixo a preços constantes do ano anterior";"Oculta";"Intranet";0;0;0;"Incluída em 23 / 07 / 2002 .";NA;"SCN85R";"Oculta";"Macro"
"13064";"SCN85R_FBKFCR";NA;NA;"Inativa";NA;"Contas nacionais";"Capital fixo - formação bruta - construção";"Formação bruta de capital fixo - construção a preços constantes de 1980";"Oculta";"Intranet";0;0;0;NA;NA;"SCN85R";"Oculta";"Macro"
"13065";"SCN85R_FBKFCRR";NA;NA;"Inativa";NA;"Contas nacionais";"Capital fixo - formação bruta - contribuição no crescimento do PIB - var.";"Contribuição da formação bruta de capital fixo no crescimento do PIB";"Oculta";"Intranet";0;0;0;"Incluída em 05/janeiro/2005";"Gerada";"SCN85R";"Oculta";"Macro"
"13066";"SCN85R_FBKFG";NA;NA;"Inativa";NA;"Contas nacionais";"Capital fixo - formação bruta - var. real anual";"Formação bruta de capital fixo - var. real anual";"Oculta";"Intranet";0;0;0;NA;NA;"SCN85R";"Oculta";"Macro"
"13067";"SCN85R_FBKFGN";NA;NA;"Inativa";NA;"Contas nacionais";"Capital fixo - formação bruta - adm. pública";"Formação bruta de capital fixo - administração pública";"Oculta";"Intranet";0;0;0;NA;NA;"SCN85R";"Oculta";"Macro"
"13068";"SCN85R_FBKFMMR";8;932;"Inativa";NA;"Contas nacionais";"Capital fixo - formação bruta - máquinas e equipamentos importados";"Formação bruta de capital fixo - máquinas e equipamentos importados a preços constantes de 1980";"Oculta";"Intranet";0;0;0;NA;NA;"SCN85R";"Oculta";"Macro"
"13069";"SCN85R_FBKFMNR";6;1048;"Inativa";NA;"Contas nacionais";"Capital fixo - formação bruta - máquinas e equipamentos nacionais";"Formação bruta de capital fixo - máquinas e equipamentos nacionais a preços constantes de 1980";"Oculta";"Intranet";0;0;0;"Incluída em 24 / jul / 2002 .";NA;"SCN85R";"Oculta";"Macro"
"13070";"SCN85R_FBKFMR";NA;NA;"Inativa";NA;"Contas nacionais";"Capital fixo - formação bruta - máquinas e equipamentos";"Formação bruta de capital fixo - máquinas e equipamentos a preços constantes de 1980";"Oculta";"Intranet";0;0;0;"Incluída em 26 / jul / 2002 .";NA;"SCN85R";"Oculta";"Macro"
"13071";"SCN85R_FBKFN";NA;NA;"Inativa";NA;"Contas nacionais";"Capital fixo - formação bruta";"Formação bruta de capital fixo";"Oculta";"Intranet";0;0;0;NA;"Geradora";"SCN85R";"Oculta";"Macro"
"13072";"SCN85R_FBKFOR";NA;NA;"Inativa";NA;"Contas nacionais";"Capital fixo - formação bruta - outros";"Formação bruta de capital fixo - outros a preços constantes de 1980";"Oculta";"Intranet";0;0;0;NA;NA;"SCN85R";"Oculta";"Macro"
"13073";"SCN85R_FBKFPIB80";70;161;"Inativa";NA;"Contas nacionais";"Taxa de investimento (preços 1980)";"Taxa de investimento (preços 1980)";"Oculta";"Intranet";0;0;0;"Incluída em 12/ago/2002 .";NA;"SCN85R";"Oculta";"Macro"
"13074";"SCN85R_FBKFPIBBM";NA;NA;"Inativa";NA;"Contas nacionais";"Taxa de investimento - preços do ano anterior";"Taxa de investimento a preços do ano anterior";"Oculta";"Intranet";0;0;0;"Incluída em 09/jul/2001.";NA;"SCN85R";"Oculta";"Macro"
"13075";"SCN85R_FBKFPIBV";NA;NA;"Inativa";NA;"Contas nacionais";"Taxa de investimento - preços correntes";"Taxa de investimento a preços correntes";"Oculta";"Intranet";0;0;0;"Incluída em 09/jul/2001.";NA;"SCN85R";"Oculta";"Macro"
"13076";"SCN85R_FBKFPN";NA;NA;"Inativa";NA;"Contas nacionais";"Capital fixo - formação bruta - empresas e famílias";"Formação bruta de capital fixo - empresas e famílias";"Oculta";"Intranet";0;0;0;NA;"Gerada";"SCN85R";"Oculta";"Macro"
"13077";"SCN85R_FBKFR";NA;NA;"Inativa";NA;"Contas nacionais";"Capital fixo - formação bruta";"Formação bruta de capital fixo a preços constantes de 1980";"Oculta";"Intranet";0;0;0;NA;NA;"SCN85R";"Oculta";"Macro"
"13078";"SCN85R_FBKG";NA;NA;"Inativa";NA;"Contas nacionais";"Capital - formação bruta - var. real anual";"Formação bruta de capital - var. real anual";"Oculta";"Intranet";0;0;0;NA;NA;"SCN85R";"Oculta";"Macro"
"13079";"SCN85R_FBKGGN";24;457;"Inativa";NA;"Contas nacionais";"Capital - formação bruta - setor público - adm. pública";"Formação bruta de capital - setor público - administração pública";"Oculta";"Intranet";0;0;0;"Incluída em 03 / jul / 2002 .";NA;"SCN85R";"Oculta";"Macro"
"13080";"SCN85R_FBKM";NA;NA;"Inativa";NA;"Contas nacionais";"Capital fixo - formação bruta - máquinas e equipamentos (preços do ano anterior)";"Formação bruta de capital fixo - máquinas e equipamentos a preços constantes do ano anterior";"Oculta";"Intranet";0;0;0;"Incluída em 23 / 07 / 2002 .";NA;"SCN85R";"Oculta";"Macro"
"13081";"SCN85R_FBKMG";NA;NA;"Inativa";NA;"Contas nacionais";"Capital fixo - formação bruta - máquinas e equipamentos - var. real anual";"Formação bruta de capital fixo - máquinas e equipamentos - var. real anual";"Oculta";"Intranet";0;0;0;NA;NA;"SCN85R";"Oculta";"Macro"
"13082";"SCN85R_FBKMGN";NA;NA;"Inativa";NA;"Contas nacionais";"Capital fixo - formação bruta - máquinas e equipamentos - adm. pública";"Formação bruta de capital fixo - máquinas e equipamentos - administração pública";"Oculta";"Intranet";0;0;0;NA;NA;"SCN85R";"Oculta";"Macro"
"13083";"SCN85R_FBKMI";1;1606;"Inativa";NA;"Contas nacionais";"Capital fixo - formação bruta - máquinas e equipamentos - importados (preços do ano anterior)";"Formação bruta de capital fixo - máquinas e equipamentos - importados a preços constantes do ano anterior";"Oculta";"Intranet";0;0;0;"Incluída em 23 / 07 / 2002 .";NA;"SCN85R";"Oculta";"Macro"
"13084";"SCN85R_FBKMIG";17;594;"Inativa";NA;"Contas nacionais";"Capital fixo - formação bruta - máquinas e equipamentos - importados - var. real anual";"Formação bruta de capital fixo - máquinas e equipamentos importados - var. real anual";"Oculta";"Intranet";0;0;0;NA;NA;"SCN85R";"Oculta";"Macro"
"13085";"SCN85R_FBKMIN";6;1048;"Inativa";NA;"Contas nacionais";"Capital fixo - formação bruta - máquinas e equipamentos - importados";"Formação bruta de capital fixo - máquinas e equipamentos - importados";"Oculta";"Intranet";0;0;0;"Incluída em 17 / jul / 2002.";NA;"SCN85R";"Oculta";"Macro"
"13086";"SCN85R_FBKMN";NA;NA;"Inativa";NA;"Contas nacionais";"Capital fixo - formação bruta - máquinas e equipamentos";"Formação bruta de capital fixo - máquinas e equipamentos";"Oculta";"Intranet";0;0;0;NA;"Geradora";"SCN85R";"Oculta";"Macro"
"13087";"SCN85R_FBKMNN";8;932;"Inativa";NA;"Contas nacionais";"Capital fixo - formação bruta - máquinas e equipamentos - nacionais";"Formação bruta de capital fixo - máquinas e equipamentos - nacionais";"Oculta";"Intranet";0;0;0;"Incluída em 17 / jul / 2002.";NA;"SCN85R";"Oculta";"Macro"
"13088";"SCN85R_FBKMNNG";11;772;"Inativa";NA;"Contas nacionais";"Capital fixo - formação bruta - máquinas e equipamentos - nacionais - var. real anual";"Formação bruta de capital fixo - máquinas e equipamentos nacionais - var. real anual";"Oculta";"Intranet";0;0;0;"Incluída em 24 / jul / 2002 .";NA;"SCN85R";"Oculta";"Macro"
"13089";"SCN85R_FBKMNNN";2;1445;"Inativa";NA;"Contas nacionais";"Capital fixo - formação bruta - máquinas e equipamentos - nacionais (preços do ano anterior)";"Formação bruta de capital fixo - máquinas e equipamentos - nacionais a preços constantes do ano anterior";"Oculta";"Intranet";0;0;0;"Incluída em 24 / jul / 2002 .";NA;"SCN85R";"Oculta";"Macro"
"13090";"SCN85R_FBKMPN";NA;NA;"Inativa";NA;"Contas nacionais";"Capital fixo - formação bruta - máquinas e equipamentos - empresas e famílias";"Formação bruta de capital fixo - máquinas e equipamentos - empresas e famílias";"Oculta";"Intranet";0;0;0;NA;"Gerada/Geradora";"SCN85R";"Oculta";"Macro"
"13091";"SCN85R_FBKN";NA;NA;"Inativa";NA;"Contas nacionais";"Capital - formação bruta";"Formação bruta de capital";"Oculta";"Intranet";0;0;0;NA;NA;"SCN85R";"Oculta";"Macro"
"13092";"SCN85R_FBKO";NA;NA;"Inativa";NA;"Contas nacionais";"Capital fixo - formação bruta - outros (preços do ano anterior)";"Formação bruta de capital fixo - outros a preços constantes do ano anterior";"Oculta";"Intranet";0;0;0;"Incluída em 23 / 07 / 2002 .";NA;"SCN85R";"Oculta";"Macro"
"13093";"SCN85R_FBKOG";NA;NA;"Inativa";NA;"Contas nacionais";"Capital fixo - formação bruta - outros - var. real anual";"Formação bruta de capital fixo - outros - var. real anual";"Oculta";"Intranet";0;0;0;NA;NA;"SCN85R";"Oculta";"Macro"
"13094";"SCN85R_FBKON";NA;NA;"Inativa";NA;"Contas nacionais";"Capital fixo - formação bruta - outros";"Formação bruta de capital fixo - outros";"Oculta";"Intranet";0;0;0;NA;NA;"SCN85R";"Oculta";"Macro"
"13095";"SCN85R_FBKPPN";75;144;"Inativa";NA;"Contas nacionais";"Capital - formação bruta - setor privado";"Formação bruta de capital - setor privado";"Oculta";"Intranet";0;0;0;"Incluída em 03 / jul / 2002 .";NA;"SCN85R";"Oculta";"Macro"
"13096";"SCN85R_FBKR";NA;NA;"Inativa";NA;"Contas nacionais";"Capital - formação bruta";"Formação bruta de capital a preços constantes de 1980";"Oculta";"Intranet";0;0;0;"Incluída em 26 / jul / 2002 .";NA;"SCN85R";"Oculta";"Macro"
"13097";"SCN85R_FBKSPN";56;210;"Inativa";NA;"Contas nacionais";"Capital - formação bruta - setor público";"Formação bruta de capital - setor público";"Oculta";"Intranet";0;0;0;"Incluída em 04 / jul / 2002.";NA;"SCN85R";"Oculta";"Macro"
"13098";"SCN85R_FGTSGEN";NA;NA;"Inativa";NA;"Contas nacionais";"Remuneração empregados - contr. sociais efetivas - inst. ofic. prev. FGTS - adm. pública - estadual";"Remuneração de empregados - contribuições sociais efetivas - instituto oficial de previdência FGTS - administração pública estadual";"Oculta";"Intranet";0;0;0;NA;NA;"SCN85R";"Oculta";"Macro"
"13099";"SCN85R_FGTSGFN";NA;NA;"Inativa";NA;"Contas nacionais";"Remuneração empregados - contr. sociais efetivas - inst. ofic. prev. FGTS - adm. pública - federal";"Remuneração de empregados - contribuições sociais efetivas - instituto oficial de previdência FGTS - administração pública federal";"Oculta";"Intranet";0;0;0;NA;NA;"SCN85R";"Oculta";"Macro"
"13100";"SCN85R_FGTSGGN";NA;NA;"Inativa";NA;"Contas nacionais";"Remuneração empregados - contr. sociais efetivas - inst. ofic. prev. FGTS - adm. pública - total";"Remuneração de empregados - contribuições sociais efetivas - instituto oficial de previdência FGTS - administração pública total";"Oculta";"Intranet";0;0;0;NA;NA;"SCN85R";"Oculta";"Macro"
"13101";"SCN85R_FGTSGMN";NA;NA;"Inativa";NA;"Contas nacionais";"Remuneração empregados - contr. sociais efetivas - inst. ofic. prev. FGTS - adm. pública  municipal";"Remuneração de empregados - contribuições sociais efetivas - instituto oficial de previdência FGTS - administração pública municipal";"Oculta";"Intranet";0;0;0;NA;NA;"SCN85R";"Oculta";"Macro"
"13102";"SCN85R_FGTSPSN";NA;NA;"Inativa";NA;"Contas nacionais";"Remuneração empregados - contr. sociais efetivas - inst. ofic. prev. FGTS - adm. pública - previd.";"Remuneração de empregados - contribuições sociais efetivas - instituto oficial de previdência FGTS - administração pública - previdência";"Oculta";"Intranet";0;0;0;NA;NA;"SCN85R";"Oculta";"Macro"
"13103";"SCN85R_GARGPRY";NA;NA;"Inativa";NA;"Contas nacionais";"Carga tributária - previdência";"Carga tributária - previdência";"Oculta";"Intranet";0;0;0;NA;NA;"SCN85R";"Oculta";"Macro"
"13104";"SCN85R_IIMN";4;1216;"Inativa";NA;"Contas nacionais";"Impostos sobre produtos - Imposto sobre a importação (II)";"Impostos sobre produtos - Imposto sobre a importação (II)";"Oculta";"Intranet";0;0;0;NA;NA;"SCN85R";"Oculta";"Macro"
"13105";"SCN85R_ILSPIN";3;1315;"Inativa";NA;"Contas nacionais";"Impostos sobre produção e importação (líquidos de subsídios)";"Impostos sobre produção e importação (líquidos de subsídios)";"Oculta";"Intranet";0;0;0;"Incluída em 20/mai/2002.";NA;"SCN85R";"Oculta";"Macro"
"13106";"SCN85R_IODN";6;1048;"Inativa";NA;"Contas nacionais";"Impostos sobre produtos - demais impostos sobre produtos";"Impostos sobre produtos - demais impostos sobre produtos";"Oculta";"Intranet";0;0;0;NA;NA;"SCN85R";"Oculta";"Macro"
"13107";"SCN85R_IPBN";NA;NA;"Inativa";NA;"Contas nacionais";"Impostos sobre produtos";"Impostos sobre produtos";"Oculta";"Intranet";0;0;0;NA;NA;"SCN85R";"Oculta";"Macro"
"13108";"SCN85R_JURORN";NA;NA;"Inativa";NA;"Contas nacionais";"Rendas de propriedades - juros (recursos)";"Rendas de propriedades - juros (recursos)";"Oculta";"Intranet";0;0;0;"Incluída em 20/mai/2002.";NA;"SCN85R";"Oculta";"Macro"
"13109";"SCN85R_JUROUN";NA;NA;"Inativa";NA;"Contas nacionais";"Rendas de propriedades - juros (usos)";"Rendas de propriedades - juros (usos)";"Oculta";"Intranet";0;0;0;"Incluída em 20/mai/2002.";NA;"SCN85R";"Oculta";"Macro"
"13110";"SCN85R_MAQEQUI";14;680;"Inativa";NA;"Produção";"Produção industrial - fabricação máquinas e equipamentos";"Produção industrial - fabricação máquinas e equipamentos";"Oculta";"Internet";0;0;0;NA;NA;"SCN85R";"Oculta";"Macro"
"13111";"SCN85R_MAQTERR";9;871;"Inativa";NA;"Produção";"Produção industrial - tratores e máquinas planagem";"Produção industrial - tratores e máquinas planagem";"Oculta";"Internet";0;0;0;NA;NA;"SCN85R";"Oculta";"Macro"
"13112";"SCN85R_MATELET";9;871;"Inativa";NA;"Produção";"Produção industrial - materiais elétricos";"Produção industrial - materiais elétricos";"Oculta";"Internet";0;0;0;NA;NA;"SCN85R";"Oculta";"Macro"
"13113";"SCN85R_MBN";NA;NA;"Inativa";NA;"Contas nacionais";"Importações - bens";"Importações de bens";"Oculta";"Intranet";0;0;0;"Incluída em 20/mai/2002.";NA;"SCN85R";"Oculta";"Macro"
"13114";"SCN85R_MBSZCR";NA;NA;"Inativa";NA;"Contas nacionais";"Importações - bens e serviços - contribuição no crescimento do PIB - var.";"Contribuição das importações de bens e serviços no crescimento do PIB";"Oculta";"Intranet";0;0;0;"Incluída em 05/janeiro/2005";"Gerada";"SCN85R";"Oculta";"Macro"
"13115";"SCN85R_MBSZN";NA;NA;"Inativa";NA;"Contas nacionais";"Importações - bens e serviços";"Importações de bens e serviços";"Oculta";"Intranet";0;0;0;NA;"Geradora";"SCN85R";"Oculta";"Macro"
"13116";"SCN85R_MBSZR";NA;NA;"Inativa";NA;"Contas nacionais";"Importações - bens e serviços";"Importações - bens e serviços a preços constantes de 1980";"Oculta";"Intranet";0;0;0;NA;NA;"SCN85R";"Oculta";"Macro"
"13117";"SCN85R_MBSZY";NA;NA;"Inativa";NA;"Contas nacionais";"Importações - bens e serviços";"Importações de bens e serviços";"Oculta";"Intranet";0;0;0;"Incluída em 16 / jul / 2002.";"Gerada";"SCN85R";"Oculta";"Macro"
"13118";"SCN85R_MSN";NA;NA;"Inativa";NA;"Contas nacionais";"Importações - serviços";"Importações de serviços";"Oculta";"Intranet";0;0;0;"Incluída em 20/mai/2002.";NA;"SCN85R";"Oculta";"Macro"
"13119";"SCN85R_MTG";NA;NA;"Inativa";NA;"Contas nacionais";"Importações - bens e serviços - var. real anual";"Importações de bens e serviços: var. real anual";"Oculta";"Intranet";0;0;0;NA;NA;"SCN85R";"Oculta";"Macro"
"13120";"SCN85R_NFB";NA;NA;"Inativa";NA;"Contas nacionais";"Necessidade (-) ou capacidade (+) de financiamento";"Necessidade (-) ou capacidade (+) de financiamento";"Oculta";"Intranet";0;0;0;NA;NA;"SCN85R";"Oculta";"Macro"
"13121";"SCN85R_NFPIB";NA;NA;"Inativa";NA;"Contas nacionais";"NFSP";"Necessidade de financiamento do setor público (NFSP)";"Oculta";"Intranet";0;0;0;"Incluída em 03 / jul / 2002 .";NA;"SCN85R";"Oculta";"Macro"
"13122";"SCN85R_OGN";13;708;"Inativa";NA;"Contas nacionais";"Oferta total a preço do consumidor";"Oferta total a preço do consumidor";"Oculta";"Intranet";0;0;0;NA;NA;"SCN85R";"Oculta";"Macro"
"13123";"SCN85R_OTPGEN";NA;NA;"Inativa";NA;"Contas nacionais";"Outros impostos sobre a produção - adm. pública - estadual";"Outros impostos sobre a produção - administração pública - estadual";"Oculta";"Intranet";0;0;0;NA;NA;"SCN85R";"Oculta";"Macro"
"13124";"SCN85R_OTPGFN";3;1315;"Inativa";NA;"Contas nacionais";"Outros impostos sobre a produção - adm. pública - federal";"Outros impostos sobre a produção - administração pública - federal";"Oculta";"Intranet";0;0;0;NA;NA;"SCN85R";"Oculta";"Macro"
"13125";"SCN85R_OTPGGN";NA;NA;"Inativa";NA;"Contas nacionais";"Outros impostos sobre a produção - adm. pública - total";"Outros impostos sobre a produção - administração pública - total";"Oculta";"Intranet";0;0;0;NA;NA;"SCN85R";"Oculta";"Macro"
"13126";"SCN85R_OTPGMN";NA;NA;"Inativa";NA;"Contas nacionais";"Outros impostos sobre a produção - adm. pública - municipal";"Outros impostos sobre a produção - administração pública - municipal";"Oculta";"Intranet";0;0;0;NA;NA;"SCN85R";"Oculta";"Macro"
"13127";"SCN85R_OTPPSN";1;1606;"Inativa";NA;"Contas nacionais";"Outros impostos sobre a produção - adm. pública - previdência";"Outros impostos sobre a produção - administração pública - previdência";"Oculta";"Intranet";0;0;0;NA;NA;"SCN85R";"Oculta";"Macro"
"13128";"SCN85R_OUTMET";8;932;"Inativa";NA;"Produção";"Produção industrial - outros materais metalúrgicos";"Produção industrial - outros materais metalúrgicos";"Oculta";"Internet";0;0;0;NA;NA;"SCN85R";"Oculta";"Macro"
"13129";"SCN85R_OUTVEIC";8;932;"Inativa";NA;"Produção";"Produção industrial - outros veículos e peças";"Produção industrial - outros veículos e peças";"Oculta";"Internet";0;0;0;NA;NA;"SCN85R";"Oculta";"Macro"
"13130";"SCN85R_PIBG";NA;NA;"Inativa";NA;"Contas nacionais";"PIB - var. real anual";"Produto interno bruto (PIB): variação real anual";"Oculta";"Intranet";0;0;0;NA;NA;"SCN85R";"Oculta";"Macro"
"13131";"SCN85R_PIBI";152;73;"Inativa";NA;"Contas nacionais";"PIB - índice real encadeado (média 1980 = 100)";"Produto interno bruto (PIB): índice real encadeado (média 1980 = 100)";"Oculta";"Intranet";0;0;0;"Incluída em 12/ago/2002 .";NA;"SCN85R";"Oculta";"Macro"
"13132";"SCN85R_PIBN";NA;NA;"Inativa";NA;"Contas nacionais";"PIB";"Produto interno bruto (PIB)";"Oculta";"Intranet";0;0;0;NA;"Geradora";"SCN85R";"Oculta";"Macro"
"13133";"SCN85R_PIBPBN";NA;NA;"Inativa";NA;"Contas nacionais";"PIB - preços básicos";"Produto interno bruto (PIB) a preços básicos";"Oculta";"Intranet";0;0;0;"Incluída em 24/jan/2002.";NA;"SCN85R";"Oculta";"Macro"
"13134";"SCN85R_PIBPBN1";NA;NA;"Inativa";NA;"Contas nacionais";"PIB (inclusive imputação de serviços intermediação financeira) - valor adicionado - preços básicos";"Produto interno bruto (PIB) (inclusive imputação de serviços de intermediação financeira) - valor adicionado a preços básicos";"Oculta";"Intranet";0;0;0;"Incluída em 12/ago/2002 .";NA;"SCN85R";"Oculta";"Macro"
"13135";"SCN85R_PIBR";NA;NA;"Inativa";NA;"Contas nacionais";"PIB";"Produto interno bruto (PIB) a preços constantes de 1980 índice";"Oculta";"Intranet";0;0;0;NA;NA;"SCN85R";"Oculta";"Macro"
"13136";"SCN85R_PNBN";NA;NA;"Inativa";NA;"Contas nacionais";"Renda nacional bruta";"Renda nacional bruta";"Oculta";"Intranet";0;0;0;NA;NA;"SCN85R";"Oculta";"Macro"
"13137";"SCN85R_POCAGR";12;739;"Inativa";NA;"Contas nacionais";"Pessoal ocupado - agropecuária";"Pessoal ocupado - agropecuária";"Oculta";"Intranet";0;0;0;NA;NA;"SCN85R";"Oculta";"Macro"
"13138";"SCN85R_POCCP";NA;NA;"Inativa";NA;"Contas nacionais";"Pessoal ocupado - conta própria";"Pessoal ocupado - conta própria";"Oculta";"Intranet";0;0;0;NA;NA;"SCN85R";"Oculta";"Macro"
"13139";"SCN85R_POCEMP";NA;NA;"Inativa";NA;"Contas nacionais";"Pessoal ocupado - empregador";"Pessoal ocupado - empregador";"Oculta";"Intranet";0;0;0;NA;NA;"SCN85R";"Oculta";"Macro"
"13140";"SCN85R_POCEMPR";NA;NA;"Inativa";NA;"Contas nacionais";"Pessoal ocupado - empregado";"Pessoal ocupado - empregado";"Oculta";"Intranet";0;0;0;NA;NA;"SCN85R";"Oculta";"Macro"
"13141";"SCN85R_POCIND";7;991;"Inativa";NA;"Contas nacionais";"Pessoal ocupado - indústria";"Pessoal ocupado - indústria";"Oculta";"Intranet";0;0;0;NA;NA;"SCN85R";"Oculta";"Macro"
"13142";"SCN85R_POCNR";2;1445;"Inativa";NA;"Contas nacionais";"Pessoal ocupado - trabalho não remunerado";"Pessoal ocupado - trabalho não remunerado";"Oculta";"Intranet";0;0;0;NA;NA;"SCN85R";"Oculta";"Macro"
"13143";"SCN85R_POCSER";4;1216;"Inativa";NA;"Contas nacionais";"Pessoal ocupado - serviços";"Pessoal ocupado - serviços";"Oculta";"Intranet";0;0;0;NA;NA;"SCN85R";"Oculta";"Macro"
"13144";"SCN85R_POCTOT";15;639;"Inativa";NA;"Contas nacionais";"Pessoal ocupado - total";"Pessoal ocupado - total";"Oculta";"Intranet";0;0;0;NA;NA;"SCN85R";"Oculta";"Macro"
"13145";"SCN85R_PRODG";68;169;"Inativa";NA;"Contas nacionais";"Produtividade do trabalho - total";"Produtividade total do trabalho";"Oculta";"Intranet";0;0;0;NA;NA;"SCN85R";"Oculta";"Macro"
"13146";"SCN85R_PROMEQ";9;871;"Inativa";NA;"Contas nacionais";"Capital fixo - formação bruta - máquinas e equipamentos nacionais - produção";"Capital fixo - formação bruta - máquinas e equipamentos nacionais - produção";"Oculta";"Intranet";0;0;0;NA;NA;"SCN85R";"Oculta";"Macro"
"13147";"SCN85R_RAN";NA;NA;"Inativa";NA;"Contas nacionais";"Rendimento - autônomos - misto";"Rendimento de autônomos - misto";"Oculta";"Intranet";0;0;0;NA;NA;"SCN85R";"Oculta";"Macro"
"13148";"SCN85R_RLEX1DN";NA;NA;"Inativa";NA;"Contas nacionais";"Remuneração empregados - não residentes (paga ao resto do mundo)";"Remuneração de empregados não residentes paga ao resto do mundo";"Oculta";"Intranet";0;0;0;NA;NA;"SCN85R";"Oculta";"Macro"
"13149";"SCN85R_RLEX1N";NA;NA;"Inativa";NA;"Contas nacionais";"Remuneração empregados - não residentes";"Remuneração de empregados não residentes";"Oculta";"Intranet";0;0;0;"Incluída em 18/out/2001.";NA;"SCN85R";"Oculta";"Macro"
"13150";"SCN85R_RLEX1RN";NA;NA;"Inativa";NA;"Contas nacionais";"Remuneração empregados - não residentes (recebida do resto do mundo)";"Remuneração de empregados não residentes recebida do resto do mundo";"Oculta";"Intranet";0;0;0;NA;NA;"SCN85R";"Oculta";"Macro"
"13151";"SCN85R_RLEX2N";NA;NA;"Inativa";NA;"Contas nacionais";"Rendas de propriedade enviadas e recebidas do resto do mundo";"Rendas de propriedade enviadas e recebidas do resto do mundo";"Oculta";"Intranet";0;0;0;"Incluída em 18/out/2001.";NA;"SCN85R";"Oculta";"Macro"
"13152";"SCN85R_RLOAN";NA;NA;"Inativa";NA;"Contas nacionais";"Excedente operacional bruto - inclusive autônomos";"Excedente operacional bruto - inclusive autônomos";"Oculta";"Intranet";0;0;0;NA;NA;"SCN85R";"Oculta";"Macro"
"13153";"SCN85R_RLOGEN";NA;NA;"Inativa";NA;"Contas nacionais";"Excedente operacional bruto - exceto autônomos - adm. pública - estadual";"Excedente operacional bruto - exceto autônomos - administração pública estadual";"Oculta";"Intranet";0;0;0;NA;NA;"SCN85R";"Oculta";"Macro"
"13154";"SCN85R_RLOGFN";NA;NA;"Inativa";NA;"Contas nacionais";"Excedente operacional bruto - exceto autônomos - adm. pública - federal";"Excedente operacional bruto - exceto autônomos - administração pública federal";"Oculta";"Intranet";0;0;0;NA;NA;"SCN85R";"Oculta";"Macro"
"13155";"SCN85R_RLOGGN";NA;NA;"Inativa";NA;"Contas nacionais";"Excedente operacional bruto - exceto autônomos - adm. pública - total";"Excedente operacional bruto - exceto autônomos - administração pública total";"Oculta";"Intranet";0;0;0;NA;NA;"SCN85R";"Oculta";"Macro"
"13156";"SCN85R_RLOGMN";NA;NA;"Inativa";NA;"Contas nacionais";"Excedente operacional bruto - exceto autônomos - adm. pública - municipal";"Excedente operacional bruto - exceto autônomos - administração pública municipal";"Oculta";"Intranet";0;0;0;NA;NA;"SCN85R";"Oculta";"Macro"
"13157";"SCN85R_RLON";NA;NA;"Inativa";NA;"Contas nacionais";"Excedente operacional bruto";"Excedente operacional bruto";"Oculta";"Intranet";0;0;0;NA;NA;"SCN85R";"Oculta";"Macro"
"13158";"SCN85R_RLOPSN";NA;NA;"Inativa";NA;"Contas nacionais";"Excedente operacional bruto - exceto autônomos - adm. pública - previdência";"Excedente operacional bruto - exceto autônomos - administração pública - previdência";"Oculta";"Intranet";0;0;0;NA;NA;"SCN85R";"Oculta";"Macro"
"13159";"SCN85R_RNDBN";NA;NA;"Inativa";NA;"Contas nacionais";"Renda disponível bruta";"Renda disponível bruta";"Oculta";"Intranet";0;0;0;NA;NA;"SCN85R";"Oculta";"Macro"
"13160";"SCN85R_RPEEXN";NA;NA;"Inativa";NA;"Contas nacionais";"Rendas de propriedade enviadas e recebidas do resto do mundo (usos)";"Rendas de propriedade enviadas e recebidas do resto do mundo (usos)";"Oculta";"Intranet";0;0;0;NA;NA;"SCN85R";"Oculta";"Macro"
"13161";"SCN85R_RPREXN";NA;NA;"Inativa";NA;"Contas nacionais";"Rendas de propriedade enviadas e recebidas do resto do mundo (recursos)";"Rendas de propriedade enviadas e recebidas do resto do mundo (recursos)";"Oculta";"Intranet";0;0;0;NA;NA;"SCN85R";"Oculta";"Macro"
"13162";"SCN85R_RPRN";NA;NA;"Inativa";NA;"Contas nacionais";"Rendas de propriedade - recursos";"Rendas de propriedade - recursos";"Oculta";"Intranet";0;0;0;"Incluída em 20/mai/2002.";NA;"SCN85R";"Oculta";"Macro"
"13163";"SCN85R_RPUN";NA;NA;"Inativa";NA;"Contas nacionais";"Rendas de propriedade - usos";"Rendas de propriedade - usos";"Oculta";"Intranet";0;0;0;"Incluída em 20/mai/2002.";NA;"SCN85R";"Oculta";"Macro"
"13164";"SCN85R_RTRESY";NA;NA;"Inativa";NA;"Contas nacionais";"Receita disponível após transferências correntes - adm. pública - estadual";"Receita disponível após transferências correntes - administração pública - estadual";"Oculta";"Intranet";0;0;0;NA;NA;"SCN85R";"Oculta";"Macro"
"13165";"SCN85R_RTRGFY";NA;NA;"Inativa";NA;"Contas nacionais";"Receita disponível após transferências correntes - adm. pública - federal";"Receita disponível após transferências correntes - administração pública - federal";"Oculta";"Intranet";0;0;0;NA;NA;"SCN85R";"Oculta";"Macro"
"13166";"SCN85R_RTRMUY";NA;NA;"Inativa";NA;"Contas nacionais";"Receita disponível após transferências correntes - adm. pública - municipal";"Receita disponível após transferências correntes - administração pública - municipal";"Oculta";"Intranet";0;0;0;NA;NA;"SCN85R";"Oculta";"Macro"
"13167";"SCN85R_RTRPRY";NA;NA;"Inativa";NA;"Contas nacionais";"Receita disponível após transferências correntes - adm. pública - previdência";"Receita disponível após transferências correntes - administração pública - previdência";"Oculta";"Intranet";0;0;0;NA;NA;"SCN85R";"Oculta";"Macro"
"13168";"SCN85R_RTRTOY";NA;NA;"Inativa";NA;"Contas nacionais";"Receita disponível após transferências correntes - adm. pública - total";"Receita disponível após transferências correntes - administração pública - total";"Oculta";"Intranet";0;0;0;NA;NA;"SCN85R";"Oculta";"Macro"
"13169";"SCN85R_RWGEN";13;708;"Inativa";NA;"Contas nacionais";"Remuneração empregados - adm. pública - estadual";"Remuneração de empregados - administração pública estadual";"Oculta";"Intranet";0;0;0;NA;NA;"SCN85R";"Oculta";"Macro"
"13170";"SCN85R_RWGFN";12;739;"Inativa";NA;"Contas nacionais";"Remuneração empregados - adm. pública - federal";"Remuneração de empregados - administração pública federal";"Oculta";"Intranet";0;0;0;NA;NA;"SCN85R";"Oculta";"Macro"
"13171";"SCN85R_RWGGN";11;772;"Inativa";NA;"Contas nacionais";"Remuneração empregados - adm. pública - total";"Remuneração de empregados - administração pública total";"Oculta";"Intranet";0;0;0;NA;NA;"SCN85R";"Oculta";"Macro"
"13172";"SCN85R_RWGMN";11;772;"Inativa";NA;"Contas nacionais";"Remuneração empregados - adm. pública - municipal";"Remuneração de empregados - administração pública municipal";"Oculta";"Intranet";0;0;0;NA;NA;"SCN85R";"Oculta";"Macro"
"13173";"SCN85R_RWN";NA;NA;"Inativa";NA;"Contas nacionais";"Remuneração empregados - salários";"Remuneração de empregados - salários";"Oculta";"Intranet";0;0;0;"Incluída em 20/mai/2002.";NA;"SCN85R";"Oculta";"Macro"
"13174";"SCN85R_RWPSN";NA;NA;"Inativa";NA;"Contas nacionais";"Remuneração empregados - adm. pública - previdência";"Remuneração de empregados - administração pública - previdência";"Oculta";"Intranet";0;0;0;NA;NA;"SCN85R";"Oculta";"Macro"
"13175";"SCN85R_RWRDN";NA;NA;"Inativa";NA;"Contas nacionais";"Remuneração empregados - residentes";"Remuneração de empregados residentes";"Oculta";"Intranet";0;0;0;NA;NA;"SCN85R";"Oculta";"Macro"
"13176";"SCN85R_RWTN";NA;NA;"Inativa";NA;"Contas nacionais";"Remuneração empregados (usos)";"Remuneração de empregados (usos)";"Oculta";"Intranet";0;0;0;NA;NA;"SCN85R";"Oculta";"Macro"
"13177";"SCN85R_RWTRN";NA;NA;"Inativa";NA;"Contas nacionais";"Remuneração empregados (recursos)";"Remuneração de empregados (recursos)";"Oculta";"Intranet";0;0;0;NA;NA;"SCN85R";"Oculta";"Macro"
"13178";"SCN85R_SBG";NA;NA;"Inativa";NA;"Contas nacionais";"Taxa de poupança";"Taxa de poupança";"Oculta";"Intranet";0;0;0;"Incluída em 03 / jul / 2002 .";NA;"SCN85R";"Oculta";"Macro"
"13179";"SCN85R_SBN";NA;NA;"Inativa";NA;"Contas nacionais";"Poupança nacional bruta";"Poupança nacional bruta";"Oculta";"Intranet";0;0;0;NA;NA;"SCN85R";"Oculta";"Macro"
"13180";"SCN85R_SECN";NA;NA;"Inativa";NA;"Contas nacionais";"Saldo externo corrente";"Saldo externo corrente";"Oculta";"Intranet";0;0;0;"Incluída em 20/mai/2002.";NA;"SCN85R";"Oculta";"Macro"
"13181";"SCN85R_SECY";NA;NA;"Inativa";NA;"Contas nacionais";"Saldo externo corrente";"Saldo externo corrente";"Oculta";"Intranet";0;0;0;"Incluída em 16 / jul / 2002.";"Gerada";"SCN85R";"Oculta";"Macro"
"13182";"SCN85R_SEEN";9;871;"Inativa";NA;"Contas nacionais";"Poupança nacional bruta - empresas públicas";"Poupança nacional bruta - empresas públicas";"Oculta";"Intranet";0;0;0;"Incluída em 03 / jul / 2002 .";NA;"SCN85R";"Oculta";"Macro"
"13183";"SCN85R_SGGN";16;619;"Inativa";NA;"Contas nacionais";"Poupança nacional bruta - adm. pública";"Poupança nacional bruta - administração pública";"Oculta";"Intranet";0;0;0;"Incluída em 03 / jul / 2002 .";NA;"SCN85R";"Oculta";"Macro"
"13184";"SCN85R_SGN";27;421;"Inativa";NA;"Contas nacionais";"Poupança nacional bruta - setor público";"Poupança nacional bruta - setor público";"Oculta";"Intranet";0;0;0;"Incluída em 03 / jul / 2002 .";NA;"SCN85R";"Oculta";"Macro"
"13185";"SCN85R_SOBGEN";NA;NA;"Inativa";NA;"Contas nacionais";"Remuneração empregados - salários e ordenados brutos - adm. pública - estadual";"Remuneração de empregados - salários e ordenados brutos - administração pública estadual";"Oculta";"Intranet";0;0;0;NA;NA;"SCN85R";"Oculta";"Macro"
"13186";"SCN85R_SOBGFN";NA;NA;"Inativa";NA;"Contas nacionais";"Remuneração empregados - salários e ordenados brutos - adm. pública - federal";"Remuneração de empregados - salários e ordenados brutos - administração pública federal";"Oculta";"Intranet";0;0;0;NA;NA;"SCN85R";"Oculta";"Macro"
"13187";"SCN85R_SOBGGN";1;1606;"Inativa";NA;"Contas nacionais";"Remuneração empregados - salários e ordenados brutos - adm. pública - total";"Remuneração de empregados - salários e ordenados brutos - administração pública total";"Oculta";"Intranet";0;0;0;NA;NA;"SCN85R";"Oculta";"Macro"
"13188";"SCN85R_SOBGMN";NA;NA;"Inativa";NA;"Contas nacionais";"Remuneração empregados - salários e ordenados brutos - adm. pública - municipal";"Remuneração de empregados - salários e ordenados brutos - administração pública municipal";"Oculta";"Intranet";0;0;0;NA;NA;"SCN85R";"Oculta";"Macro"
"13189";"SCN85R_SOBPSN";NA;NA;"Inativa";NA;"Contas nacionais";"Remuneração empregados - salários e ordenados brutos - adm. pública - previdência";"Remuneração de empregados - salários e ordenados brutos - administração pública - previdência";"Oculta";"Intranet";0;0;0;NA;NA;"SCN85R";"Oculta";"Macro"
"13190";"SCN85R_SPPN";19;538;"Inativa";NA;"Contas nacionais";"Poupança nacional bruta - setor privado";"Poupança nacional bruta - setor privado";"Oculta";"Intranet";0;0;0;"Incluída em 03 / jul / 2002 .";NA;"SCN85R";"Oculta";"Macro"
"13191";"SCN85R_STCCN";NA;NA;"Inativa";NA;"Contas nacionais";"Operações correntes com o resto do mundo - saldo";"Operações correntes com o resto do mundo - saldo";"Oculta";"Intranet";0;0;0;NA;NA;"SCN85R";"Oculta";"Macro"
"13192";"SCN85R_SUBN";NA;NA;"Inativa";NA;"Contas nacionais";"Subsídios à produção (-)";"Subsídios à produção (-)";"Oculta";"Intranet";0;0;0;NA;NA;"SCN85R";"Oculta";"Macro"
"13193";"SCN85R_TIN";NA;NA;"Inativa";NA;"Contas nacionais";"Impostos sobre produção e importação (tributos indiretos)";"Impostos sobre produção e importação (tributos indiretos)";"Oculta";"Intranet";0;0;0;NA;NA;"SCN85R";"Oculta";"Macro"
"13194";"SCN85R_TRCAEGEN";NA;NA;"Inativa";NA;"Contas nacionais";"Transferências correntes - entre adm. públicas - intergovernamentais - estadual (recursos)";"Transferências correntes - entre administrações públicas - intergovernamentais - estadual (recursos)";"Oculta";"Intranet";0;0;0;NA;NA;"SCN85R";"Oculta";"Macro"
"13195";"SCN85R_TRCAEGFN";NA;NA;"Inativa";NA;"Contas nacionais";"Transferências correntes - entre adm. públicas - intergovernamentais - federal (recursos)";"Transferências correntes - entre administrações públicas - intergovernamentais - federal (recursos)";"Oculta";"Intranet";0;0;0;NA;NA;"SCN85R";"Oculta";"Macro"
"13196";"SCN85R_TRCAEGGN";NA;NA;"Inativa";NA;"Contas nacionais";"Transferências correntes - entre adm. públicas - intergovernamentais - total (recursos)";"Transferências correntes - entre administrações públicas - intergovernamentais - total (recursos)";"Oculta";"Intranet";0;0;0;NA;NA;"SCN85R";"Oculta";"Macro"
"13197";"SCN85R_TRCAEGMN";NA;NA;"Inativa";NA;"Contas nacionais";"Transferências correntes - entre adm. públicas - intergovernamentais - municipal (recursos)";"Transferências correntes - entre administrações públicas - intergovernamentais - municipal (recursos)";"Oculta";"Intranet";0;0;0;NA;NA;"SCN85R";"Oculta";"Macro"
"13198";"SCN85R_TRCAEPSN";NA;NA;"Inativa";NA;"Contas nacionais";"Transferências correntes - entre adm. públicas - intergovernamentais - previdência (recursos)";"Transferências correntes - entre administrações públicas - intergovernamentais - previdência (recursos)";"Oculta";"Intranet";0;0;0;NA;NA;"SCN85R";"Oculta";"Macro"
"13199";"SCN85R_TRCAGEN";NA;NA;"Inativa";NA;"Contas nacionais";"Transferências correntes - entre adm. públicas - estadual (recursos)";"Transferências correntes - entre administrações públicas - estadual (recursos)";"Oculta";"Intranet";0;0;0;NA;NA;"SCN85R";"Oculta";"Macro"
"13200";"SCN85R_TRCAGFN";NA;NA;"Inativa";NA;"Contas nacionais";"Transferências correntes - entre adm. públicas - federal (recursos)";"Transferências correntes - entre administrações públicas - federal (recursos)";"Oculta";"Intranet";0;0;0;NA;NA;"SCN85R";"Oculta";"Macro"
"13201";"SCN85R_TRCAGGN";NA;NA;"Inativa";NA;"Contas nacionais";"Transferências correntes - entre adm. públicas - total (recursos)";"Transferências correntes - entre administrações públicas - total (recursos)";"Oculta";"Intranet";0;0;0;NA;NA;"SCN85R";"Oculta";"Macro"
"13202";"SCN85R_TRCAGMN";NA;NA;"Inativa";NA;"Contas nacionais";"Transferências correntes - entre adm. públicas - municipal (recursos)";"Transferências correntes - entre administrações públicas - municipal (recursos)";"Oculta";"Intranet";0;0;0;NA;NA;"SCN85R";"Oculta";"Macro"
"13203";"SCN85R_TRCAIGEN";NA;NA;"Inativa";NA;"Contas nacionais";"Transferências correntes - entre adm. públicas - intragovernamentais - estadual (recursos)";"Transferências correntes - entre administrações públicas - intragovernamentais - estadual (recursos)";"Oculta";"Intranet";0;0;0;NA;NA;"SCN85R";"Oculta";"Macro"
"13204";"SCN85R_TRCAIGFN";NA;NA;"Inativa";NA;"Contas nacionais";"Transferências correntes - entre adm. públicas - intragovernamentais - federal (recursos)";"Transferências correntes - entre administrações públicas - intragovernamentais - federal (recursos)";"Oculta";"Intranet";0;0;0;NA;NA;"SCN85R";"Oculta";"Macro"
"13205";"SCN85R_TRCAIGGN";NA;NA;"Inativa";NA;"Contas nacionais";"Transferências correntes - entre adm. públicas - intragovernamentais - total (recursos)";"Transferências correntes - entre administrações públicas - intragovernamentais - total (recursos)";"Oculta";"Intranet";0;0;0;NA;NA;"SCN85R";"Oculta";"Macro"
"13206";"SCN85R_TRCAIGMN";NA;NA;"Inativa";NA;"Contas nacionais";"Transferências correntes - entre adm. públicas - intragovernamentais - municipal (recursos)";"Transferências correntes - entre administrações públicas - intragovernamentais - municipal (recursos)";"Oculta";"Intranet";0;0;0;NA;NA;"SCN85R";"Oculta";"Macro"
"13207";"SCN85R_TRCAIPSN";NA;NA;"Inativa";NA;"Contas nacionais";"Transferências correntes - entre adm. públicas - intragovernamentais - previdência (recursos)";"Transferências correntes - entre administrações públicas - intragovernamentais - previdência (recursos)";"Oculta";"Intranet";0;0;0;NA;NA;"SCN85R";"Oculta";"Macro"
"13208";"SCN85R_TRCAPGEN";NA;NA;"Inativa";NA;"Contas nacionais";"Transferências capital - p/ instit. privadas s/ fins lucr. - adm. pública - estadual (recursos)";"Transferências de capital - para instituições privadas sem fins lucrativos - administração pública - estadual (recursos)";"Oculta";"Intranet";0;0;0;NA;NA;"SCN85R";"Oculta";"Macro"
"13209";"SCN85R_TRCAPGFN";NA;NA;"Inativa";NA;"Contas nacionais";"Transferências capital - p/ instit. privadas s/ fins lucr. - adm. pública - federal (recursos)";"Transferências de capital - para instituições privadas sem fins lucrativos - administração pública - federal (recursos)";"Oculta";"Intranet";0;0;0;NA;NA;"SCN85R";"Oculta";"Macro"
"13210";"SCN85R_TRCAPGGN";1;1606;"Inativa";NA;"Contas nacionais";"Transferências capital - p/ instit. privadas s/ fins lucr. - adm. pública - total (recursos)";"Transferências de capital - para instituições privadas sem fins lucrativos - administração pública - total (recursos)";"Oculta";"Intranet";0;0;0;NA;NA;"SCN85R";"Oculta";"Macro"
"13211";"SCN85R_TRCAPGMN";1;1606;"Inativa";NA;"Contas nacionais";"Transferências capital - p/ instit. privadas s/ fins lucr. - adm. pública - municipal (recursos)";"Transferências de capital - para instituições privadas sem fins lucrativos - administração pública - municipal (recursos)";"Oculta";"Intranet";0;0;0;NA;NA;"SCN85R";"Oculta";"Macro"
"13212";"SCN85R_TRCAPPSN";NA;NA;"Inativa";NA;"Contas nacionais";"Transferências capital - p/ instit. privadas s/ fins lucr. - adm. pública - previdência (recursos)";"Transferências de capital - para instituições privadas sem fins lucrativos - administração pública - previdência (recursos)";"Oculta";"Intranet";0;0;0;NA;NA;"SCN85R";"Oculta";"Macro"
"13213";"SCN85R_TRCAPSN";NA;NA;"Inativa";NA;"Contas nacionais";"Transferências correntes - entre adm. públicas - previdência (recursos)";"Transferências correntes - entre administrações públicas - previdência (recursos)";"Oculta";"Intranet";0;0;0;NA;NA;"SCN85R";"Oculta";"Macro"
"13214";"SCN85R_TRCDN";NA;NA;"Inativa";NA;"Contas nacionais";"Transferências correntes - diversas (recursos)";"Transferências correntes - diversas (recursos)";"Oculta";"Intranet";0;0;0;"Incluída em 20/mai/2002.";NA;"SCN85R";"Oculta";"Macro"
"13215";"SCN85R_TRCGEN";5;1138;"Inativa";NA;"Contas nacionais";"Transferências correntes - adm. pública - estadual (recursos)";"Transferências correntes - administração pública - estadual (recursos)";"Oculta";"Intranet";0;0;0;NA;NA;"SCN85R";"Oculta";"Macro"
"13216";"SCN85R_TRCGFN";4;1216;"Inativa";NA;"Contas nacionais";"Transferências correntes - adm. pública - federal (recursos)";"Transferências correntes - administração pública - federal (recursos)";"Oculta";"Intranet";0;0;0;NA;NA;"SCN85R";"Oculta";"Macro"
"13217";"SCN85R_TRCGGN";4;1216;"Inativa";NA;"Contas nacionais";"Transferências correntes - adm. pública - total (recursos)";"Transferências correntes - administração pública - total (recursos)";"Oculta";"Intranet";0;0;0;NA;NA;"SCN85R";"Oculta";"Macro"
"13218";"SCN85R_TRCGGSN";NA;NA;"Inativa";NA;"Contas nacionais";"Transferências correntes - adm. pública - indeniz. seg. não-vida (recursos)";"Transferências correntes - administração pública - indenizações de seguros não-vida (recursos)";"Oculta";"Intranet";0;0;0;"Incluída em 06/mar/2003 .";NA;"SCN85R";"Oculta";"Macro"
"13219";"SCN85R_TRCGMN";4;1216;"Inativa";NA;"Contas nacionais";"Transferências correntes - adm. pública - municipal (recursos)";"Transferências correntes - administração pública - municipal (recursos)";"Oculta";"Intranet";0;0;0;NA;NA;"SCN85R";"Oculta";"Macro"
"13220";"SCN85R_TRCOGEN";1;1606;"Inativa";NA;"Contas nacionais";"Transferências correntes - diversas - adm. pública - estadual (recursos)";"Transferências correntes - diversas - administração pública - estadual (recursos)";"Oculta";"Intranet";0;0;0;NA;NA;"SCN85R";"Oculta";"Macro"
"13221";"SCN85R_TRCOGFN";2;1445;"Inativa";NA;"Contas nacionais";"Transferências correntes - diversas - adm. pública - federal (recursos)";"Transferências correntes - diversas - administração pública - federal (recursos)";"Oculta";"Intranet";0;0;0;NA;NA;"SCN85R";"Oculta";"Macro"
"13222";"SCN85R_TRCOGGN";NA;NA;"Inativa";NA;"Contas nacionais";"Transferências correntes - diversas - adm. pública - total (recursos)";"Transferências correntes - diversas - administração pública - total (recursos)";"Oculta";"Intranet";0;0;0;NA;NA;"SCN85R";"Oculta";"Macro"
"13223";"SCN85R_TRCOGMN";1;1606;"Inativa";NA;"Contas nacionais";"Transferências correntes - diversas - adm. pública - municipal (recursos)";"Transferências correntes - diversas - administração pública - municipal (recursos)";"Oculta";"Intranet";0;0;0;NA;NA;"SCN85R";"Oculta";"Macro"
"13224";"SCN85R_TRCOPSN";NA;NA;"Inativa";NA;"Contas nacionais";"Transferências correntes - diversas - adm. pública - previdência (recursos)";"Transferências correntes - diversas - administração pública - previdência (recursos)";"Oculta";"Intranet";0;0;0;NA;NA;"SCN85R";"Oculta";"Macro"
"13225";"SCN85R_TRCPLN";NA;NA;"Inativa";NA;"Contas nacionais";"Transferências correntes - enviadas e receb. resto do mundo - prêmios líq. seg. não-vida (recursos)";"Transferências correntes - enviadas e recebidas do resto do mundo - prêmios líquidos de seguros não-vida (recursos)";"Oculta";"Intranet";0;0;0;"Incluída em 20/mai/2002.";NA;"SCN85R";"Oculta";"Macro"
"13226";"SCN85R_TRCPSN";NA;NA;"Inativa";NA;"Contas nacionais";"Transferências correntes - adm. pública - previdência (recursos)";"Transferências correntes - administração pública - previdência (recursos)";"Oculta";"Intranet";0;0;0;NA;NA;"SCN85R";"Oculta";"Macro"
"13227";"SCN85R_TRISN";NA;NA;"Inativa";NA;"Contas nacionais";"Transferências correntes - enviadas e receb. resto do mundo - indeniz. seg. não-vida (recursos)";"Transferências correntes - enviadas e recebidas do resto do mundo - indenizações de seguros não-vida (recursos)";"Oculta";"Intranet";0;0;0;"Incluída em 20/mai/2002.";NA;"SCN85R";"Oculta";"Macro"
"13228";"SCN85R_TRKAEGEN";1;1606;"Inativa";NA;"Contas nacionais";"Transferências capital - entre adm. públicas - intergovernamentais - estadual (recursos)";"Transferências de capital - entre administrações públicas - intergovernamentais - estadual (recursos)";"Oculta";"Intranet";0;0;0;NA;NA;"SCN85R";"Oculta";"Macro"
"13229";"SCN85R_TRKAEGFN";NA;NA;"Inativa";NA;"Contas nacionais";"Transferências capital - entre adm. públicas - intergovernamentais - federal (recursos)";"Transferências de capital - entre administrações públicas - intergovernamentais - federal (recursos)";"Oculta";"Intranet";0;0;0;NA;NA;"SCN85R";"Oculta";"Macro"
"13230";"SCN85R_TRKAEGGN";NA;NA;"Inativa";NA;"Contas nacionais";"Transferências capital - entre adm. públicas - intergovernamentais - total (recursos)";"Transferências de capital - entre administrações públicas - intergovernamentais - total (recursos)";"Oculta";"Intranet";0;0;0;NA;NA;"SCN85R";"Oculta";"Macro"
"13231";"SCN85R_TRKAEGMN";NA;NA;"Inativa";NA;"Contas nacionais";"Transferências capital - entre adm. públicas - intergovernamentais - municipal (recursos)";"Transferências de capital - entre administrações públicas - intergovernamentais - municipal (recursos)";"Oculta";"Intranet";0;0;0;NA;NA;"SCN85R";"Oculta";"Macro"
"13232";"SCN85R_TRKAEPSN";NA;NA;"Inativa";NA;"Contas nacionais";"Transferências capital - entre adm. públicas - intergovernamentais - previdência (recursos)";"Transferências de capital - entre administrações públicas - intergovernamentais - previdência (recursos)";"Oculta";"Intranet";0;0;0;NA;NA;"SCN85R";"Oculta";"Macro"
"13233";"SCN85R_TRKAGEN";NA;NA;"Inativa";NA;"Contas nacionais";"Transferências capital - entre adm. públicas - estadual (recursos)";"Transferências de capital - entre administrações públicas - estadual (recursos)";"Oculta";"Intranet";0;0;0;NA;NA;"SCN85R";"Oculta";"Macro"
"13234";"SCN85R_TRKAGFN";NA;NA;"Inativa";NA;"Contas nacionais";"Transferências capital - entre adm. públicas - federal (recursos)";"Transferências de capital - entre administrações públicas - federal (recursos)";"Oculta";"Intranet";0;0;0;NA;NA;"SCN85R";"Oculta";"Macro"
"13235";"SCN85R_TRKAGGN";NA;NA;"Inativa";NA;"Contas nacionais";"Transferências capital - entre adm. públicas - total (recursos)";"Transferências de capital - entre administrações públicas - total (recursos)";"Oculta";"Intranet";0;0;0;NA;NA;"SCN85R";"Oculta";"Macro"
"13236";"SCN85R_TRKAGMN";NA;NA;"Inativa";NA;"Contas nacionais";"Transferências capital - entre adm. públicas - municipal (recursos)";"Transferências de capital - entre administrações públicas - municipal (recursos)";"Oculta";"Intranet";0;0;0;NA;NA;"SCN85R";"Oculta";"Macro"
"13237";"SCN85R_TRKAIGEN";NA;NA;"Inativa";NA;"Contas nacionais";"Transferências capital - entre adm. públicas - intragovernamentais - estadual (recursos)";"Transferências de capital - entre administrações públicas - intragovernamentais - estadual (recursos)";"Oculta";"Intranet";0;0;0;NA;NA;"SCN85R";"Oculta";"Macro"
"13238";"SCN85R_TRKAIGFN";NA;NA;"Inativa";NA;"Contas nacionais";"Transferências capital - entre adm. públicas - intragovernamentais - federal (recursos)";"Transferências de capital - entre administrações públicas - intragovernamentais - federal (recursos)";"Oculta";"Intranet";0;0;0;NA;NA;"SCN85R";"Oculta";"Macro"
"13239";"SCN85R_TRKAIGGN";NA;NA;"Inativa";NA;"Contas nacionais";"Transferências capital - entre adm. públicas - intragovernamentais - total (recursos)";"Transferências de capital - entre administrações públicas - intragovernamentais - total (recursos)";"Oculta";"Intranet";0;0;0;NA;NA;"SCN85R";"Oculta";"Macro"
"13240";"SCN85R_TRKAIGMN";NA;NA;"Inativa";NA;"Contas nacionais";"Transferências capital - entre adm. públicas - intragovernamentais - municipal (recursos)";"Transferências de capital - entre administrações públicas - intragovernamentais - municipal (recursos)";"Oculta";"Intranet";0;0;0;NA;NA;"SCN85R";"Oculta";"Macro"
"13241";"SCN85R_TRKAIPSN";1;1606;"Inativa";NA;"Contas nacionais";"Transferências capital - entre adm. públicas - intragovernamentais - previdência (recursos)";"Transferências de capital - entre administrações públicas - intragovernamentais - previdência (recursos)";"Oculta";"Intranet";0;0;0;NA;NA;"SCN85R";"Oculta";"Macro"
"13242";"SCN85R_TRKAPSN";NA;NA;"Inativa";NA;"Contas nacionais";"Transferências capital - entre adm. públicas - previdência (recursos)";"Transferências de capital - entre administrações públicas - previdência (recursos)";"Oculta";"Intranet";0;0;0;NA;NA;"SCN85R";"Oculta";"Macro"
"13243";"SCN85R_TRKGEN";NA;NA;"Inativa";NA;"Contas nacionais";"Transferências capital - adm. pública - estadual (recursos)";"Transferências de capital - administração pública - estadual (recursos)";"Oculta";"Intranet";0;0;0;NA;NA;"SCN85R";"Oculta";"Macro"
"13244";"SCN85R_TRKGFN";NA;NA;"Inativa";NA;"Contas nacionais";"Transferências capital - adm. pública - federal (recursos)";"Transferências de capital - administração pública - federal (recursos)";"Oculta";"Intranet";0;0;0;NA;NA;"SCN85R";"Oculta";"Macro"
"13245";"SCN85R_TRKGGN";NA;NA;"Inativa";NA;"Contas nacionais";"Transferências capital - adm. pública - total (recursos)";"Transferências de capital - administração pública - total (recursos)";"Oculta";"Intranet";0;0;0;NA;NA;"SCN85R";"Oculta";"Macro"
"13246";"SCN85R_TRKGMN";NA;NA;"Inativa";NA;"Contas nacionais";"Transferências capital - adm. pública - municipal (recursos)";"Transferências de capital - administração pública - municipal (recursos)";"Oculta";"Intranet";0;0;0;NA;NA;"SCN85R";"Oculta";"Macro"
"13247";"SCN85R_TRKN";NA;NA;"Inativa";NA;"Contas nacionais";"Transferências capital - enviadas e recebidas do resto do mundo (recursos)";"Transferências de capital - enviadas e recebidas do resto do mundo (recursos)";"Oculta";"Intranet";0;0;0;"Incluída em 20/mai/2002.";NA;"SCN85R";"Oculta";"Macro"
"13248";"SCN85R_TRKOGEN";NA;NA;"Inativa";NA;"Contas nacionais";"Transferências capital - outras - adm. pública - estadual (recursos)";"Transferências de capital - outras - administração pública - estadual (recursos)";"Oculta";"Intranet";0;0;0;NA;NA;"SCN85R";"Oculta";"Macro"
"13249";"SCN85R_TRKOGFN";NA;NA;"Inativa";NA;"Contas nacionais";"Transferências capital - outras - adm. pública - federal (recursos)";"Transferências de capital - outras - administração pública - federal (recursos)";"Oculta";"Intranet";0;0;0;NA;NA;"SCN85R";"Oculta";"Macro"
"13250";"SCN85R_TRKOGGN";NA;NA;"Inativa";NA;"Contas nacionais";"Transferências capital - outras - adm. pública - total (recursos)";"Transferências de capital - outras - administração pública - total (recursos)";"Oculta";"Intranet";0;0;0;NA;NA;"SCN85R";"Oculta";"Macro"
"13251";"SCN85R_TRKOGMN";NA;NA;"Inativa";NA;"Contas nacionais";"Transferências capital - outras - adm. pública - municipal (recursos)";"Transferências de capital - outras - administração pública - municipal (recursos)";"Oculta";"Intranet";0;0;0;NA;NA;"SCN85R";"Oculta";"Macro"
"13252";"SCN85R_TRKOPSN";NA;NA;"Inativa";NA;"Contas nacionais";"Transferências capital - outras - adm. pública - previdência (recursos)";"Transferências de capital - outras - administração pública - previdência (recursos)";"Oculta";"Intranet";0;0;0;NA;NA;"SCN85R";"Oculta";"Macro"
"13253";"SCN85R_TRKPSN";1;1606;"Inativa";NA;"Contas nacionais";"Transferências capital - adm. pública - previdência (recursos)";"Transferências de capital - administração pública - previdência (recursos)";"Oculta";"Intranet";0;0;0;NA;NA;"SCN85R";"Oculta";"Macro"
"13254";"SCN85R_TRUNIDN";NA;NA;"Inativa";NA;"Contas nacionais";"Transferências correntes - enviadas e receb. resto do mundo - total (recursos)";"Transferências correntes - enviadas e recebidas do resto do mundo - total (recursos)";"Oculta";"Intranet";0;0;0;NA;NA;"SCN85R";"Oculta";"Macro"
"13255";"SCN85R_TRUNIN";NA;NA;"Inativa";NA;"Contas nacionais";"Transferências correntes - enviadas e receb. resto do mundo - total";"Transferências correntes - enviadas e recebidas do resto do mundo - total";"Oculta";"Intranet";0;0;0;"Incluída em 18/out/2001.";NA;"SCN85R";"Oculta";"Macro"
"13256";"SCN85R_TRUNIRN";NA;NA;"Inativa";NA;"Contas nacionais";"Transferências correntes - enviadas e receb. resto do mundo - total (usos)";"Transferências correntes - enviadas e recebidas do resto do mundo - total (usos)";"Oculta";"Intranet";0;0;0;NA;NA;"SCN85R";"Oculta";"Macro"
"13257";"SCN85R_TUCAEGEN";NA;NA;"Inativa";NA;"Contas nacionais";"Transferências correntes - entre adm. públicas - intergovernamentais - estadual (usos)";"Transferências correntes - entre administrações públicas - intergovernamentais - estadual (usos)";"Oculta";"Intranet";0;0;0;NA;NA;"SCN85R";"Oculta";"Macro"
"13258";"SCN85R_TUCAEGFN";NA;NA;"Inativa";NA;"Contas nacionais";"Transferências correntes - entre adm. públicas - intergovernamentais - federal (usos)";"Transferências correntes - entre administrações públicas - intergovernamentais - federal (usos)";"Oculta";"Intranet";0;0;0;NA;NA;"SCN85R";"Oculta";"Macro"
"13259";"SCN85R_TUCAEGGN";1;1606;"Inativa";NA;"Contas nacionais";"Transferências correntes - entre adm. públicas - intergovernamentais - total (usos)";"Transferências correntes - entre administrações públicas - intergovernamentais - total (usos)";"Oculta";"Intranet";0;0;0;NA;NA;"SCN85R";"Oculta";"Macro"
"13260";"SCN85R_TUCAEGMN";NA;NA;"Inativa";NA;"Contas nacionais";"Transferências correntes - entre adm. públicas - intergovernamentais - municipal (usos)";"Transferências correntes - entre administrações públicas - intergovernamentais - municipal (usos)";"Oculta";"Intranet";0;0;0;NA;NA;"SCN85R";"Oculta";"Macro"
"13261";"SCN85R_TUCAEPSN";NA;NA;"Inativa";NA;"Contas nacionais";"Transferências correntes - entre adm. públicas - intergovernamentais - previdência (usos)";"Transferências correntes - entre administrações públicas - intergovernamentais - previdência (usos)";"Oculta";"Intranet";0;0;0;NA;NA;"SCN85R";"Oculta";"Macro"
"13262";"SCN85R_TUCAGEN";NA;NA;"Inativa";NA;"Contas nacionais";"Transferências correntes - entre adm. públicas - estadual (usos)";"Transferências correntes - entre administrações públicas - estadual (usos)";"Oculta";"Intranet";0;0;0;NA;NA;"SCN85R";"Oculta";"Macro"
"13263";"SCN85R_TUCAGFN";NA;NA;"Inativa";NA;"Contas nacionais";"Transferências correntes - entre adm. públicas - federal (usos)";"Transferências correntes - entre administrações públicas - federal (usos)";"Oculta";"Intranet";0;0;0;NA;NA;"SCN85R";"Oculta";"Macro"
"13264";"SCN85R_TUCAGGN";NA;NA;"Inativa";NA;"Contas nacionais";"Transferências correntes - entre adm. públicas - total (usos)";"Transferências correntes - entre administrações públicas - total (usos)";"Oculta";"Intranet";0;0;0;NA;NA;"SCN85R";"Oculta";"Macro"
"13265";"SCN85R_TUCAGMN";NA;NA;"Inativa";NA;"Contas nacionais";"Transferências correntes - entre adm. públicas - municipal (usos)";"Transferências correntes - entre administrações públicas - municipal (usos)";"Oculta";"Intranet";0;0;0;NA;NA;"SCN85R";"Oculta";"Macro"
"13266";"SCN85R_TUCAIGEN";NA;NA;"Inativa";NA;"Contas nacionais";"Transferências correntes - entre adm. públicas - intragovernamentais - estadual (usos)";"Transferências correntes - entre administrações públicas - intragovernamentais - estadual (usos)";"Oculta";"Intranet";0;0;0;NA;NA;"SCN85R";"Oculta";"Macro"
"13267";"SCN85R_TUCAIGFN";NA;NA;"Inativa";NA;"Contas nacionais";"Transferências correntes - entre adm. públicas - intragovernamentais - federal (usos)";"Transferências correntes - entre administrações públicas - intragovernamentais - federal (usos)";"Oculta";"Intranet";0;0;0;NA;NA;"SCN85R";"Oculta";"Macro"
"13268";"SCN85R_TUCAIGGN";NA;NA;"Inativa";NA;"Contas nacionais";"Transferências correntes - entre adm. públicas - intragovernamentais - total (usos)";"Transferências correntes - entre administrações públicas - intragovernamentais - total (usos)";"Oculta";"Intranet";0;0;0;NA;NA;"SCN85R";"Oculta";"Macro"
"13269";"SCN85R_TUCAIGMN";NA;NA;"Inativa";NA;"Contas nacionais";"Transferências correntes - entre adm. públicas - intragovernamentais - municipal (usos)";"Transferências correntes - entre administrações públicas - intragovernamentais - municipal (usos)";"Oculta";"Intranet";0;0;0;NA;NA;"SCN85R";"Oculta";"Macro"
"13270";"SCN85R_TUCAIPSN";NA;NA;"Inativa";NA;"Contas nacionais";"Transferências correntes - entre adm. públicas - intragovernamentais - previdência (usos)";"Transferências correntes - entre administrações públicas - intragovernamentais - previdência (usos)";"Oculta";"Intranet";0;0;0;NA;NA;"SCN85R";"Oculta";"Macro"
"13271";"SCN85R_TUCAPGEN";NA;NA;"Inativa";NA;"Contas nacionais";"Transferências correntes - p/ instit. privadas s/ fins lucr. - adm. pública - estadual (usos)";"Transferências correntes - para instituições privadas sem fins lucrativos - administração pública - estadual (usos)";"Oculta";"Intranet";0;0;0;NA;NA;"SCN85R";"Oculta";"Macro"
"13272";"SCN85R_TUCAPGFN";NA;NA;"Inativa";NA;"Contas nacionais";"Transferências correntes - p/ instit. privadas s/ fins lucr. - adm. pública - federal (usos)";"Transferências correntes - para instituições privadas sem fins lucrativos - administração pública - federal (usos)";"Oculta";"Intranet";0;0;0;NA;NA;"SCN85R";"Oculta";"Macro"
"13273";"SCN85R_TUCAPGGN";1;1606;"Inativa";NA;"Contas nacionais";"Transferências correntes - p/ instit. privadas s/ fins lucr. - adm. pública - total (usos)";"Transferências correntes - para instituições privadas sem fins lucrativos - administração pública - total (usos)";"Oculta";"Intranet";0;0;0;NA;NA;"SCN85R";"Oculta";"Macro"
"13274";"SCN85R_TUCAPGMN";NA;NA;"Inativa";NA;"Contas nacionais";"Transferências correntes - p/ instit. privadas s/ fins lucr. - adm. pública - municipal (usos)";"Transferências correntes - para instituições privadas sem fins lucrativos - administração pública - municipal (usos)";"Oculta";"Intranet";0;0;0;NA;NA;"SCN85R";"Oculta";"Macro"
"13275";"SCN85R_TUCAPPSN";NA;NA;"Inativa";NA;"Contas nacionais";"Transferências correntes - p/ instit. privadas s/ fins lucr. - adm. pública - previdência (usos)";"Transferências correntes - para instituições privadas sem fins lucrativos - administração pública - previdência (usos)";"Oculta";"Intranet";0;0;0;NA;NA;"SCN85R";"Oculta";"Macro"
"13276";"SCN85R_TUCAPSN";NA;NA;"Inativa";NA;"Contas nacionais";"Transferências correntes - entre adm. públicas - previdência (usos)";"Transferências correntes - entre administrações públicas - previdência (usos)";"Oculta";"Intranet";0;0;0;NA;NA;"SCN85R";"Oculta";"Macro"
"13277";"SCN85R_TUCDN";NA;NA;"Inativa";NA;"Contas nacionais";"Transferências correntes - diversas (usos)";"Transferências correntes - diversas (usos)";"Oculta";"Intranet";0;0;0;"Incluída em 20/mai/2002.";NA;"SCN85R";"Oculta";"Macro"
"13278";"SCN85R_TUCGEN";NA;NA;"Inativa";NA;"Contas nacionais";"Transferências correntes - adm. pública - estadual (usos)";"Transferências correntes - administração pública - estadual (usos)";"Oculta";"Intranet";0;0;0;NA;NA;"SCN85R";"Oculta";"Macro"
"13279";"SCN85R_TUCGFN";NA;NA;"Inativa";NA;"Contas nacionais";"Transferências correntes - adm. pública - federal (usos)";"Transferências correntes - administração pública - federal (usos)";"Oculta";"Intranet";0;0;0;NA;NA;"SCN85R";"Oculta";"Macro"
"13280";"SCN85R_TUCGGN";NA;NA;"Inativa";NA;"Contas nacionais";"Transferências correntes - adm. pública - total (usos)";"Transferências correntes - administração pública - total (usos)";"Oculta";"Intranet";0;0;0;NA;NA;"SCN85R";"Oculta";"Macro"
"13281";"SCN85R_TUCGGPLN";NA;NA;"Inativa";NA;"Contas nacionais";"Transferências correntes - adm. pública - prêmios líq. seg. não-vida (usos)";"Transferências correntes - administração pública - prêmios líquidos de seguros não-vida (usos)";"Oculta";"Intranet";0;0;0;"Incluída em 06/mar/2003 .";NA;"SCN85R";"Oculta";"Macro"
"13282";"SCN85R_TUCGMN";NA;NA;"Inativa";NA;"Contas nacionais";"Transferências correntes - adm. pública - municipal (usos)";"Transferências correntes - administração pública - municipal (usos)";"Oculta";"Intranet";0;0;0;NA;NA;"SCN85R";"Oculta";"Macro"
"13283";"SCN85R_TUCOGEN";NA;NA;"Inativa";NA;"Contas nacionais";"Transferências correntes - diversas - adm. pública - estadual (usos)";"Transferências correntes - diversas - administração pública - estadual (usos)";"Oculta";"Intranet";0;0;0;NA;NA;"SCN85R";"Oculta";"Macro"
"13284";"SCN85R_TUCOGFN";NA;NA;"Inativa";NA;"Contas nacionais";"Transferências correntes - diversas - adm. pública - federal (usos)";"Transferências correntes - diversas - administração pública - federal (usos)";"Oculta";"Intranet";0;0;0;NA;NA;"SCN85R";"Oculta";"Macro"
"13285";"SCN85R_TUCOGGN";NA;NA;"Inativa";NA;"Contas nacionais";"Transferências correntes - diversas - adm. pública - total (usos)";"Transferências correntes - diversas - administração pública - total (usos)";"Oculta";"Intranet";0;0;0;NA;NA;"SCN85R";"Oculta";"Macro"
"13286";"SCN85R_TUCOGMN";NA;NA;"Inativa";NA;"Contas nacionais";"Transferências correntes - diversas - adm. pública - municipal (usos)";"Transferências correntes - diversas - administração pública - municipal (usos)";"Oculta";"Intranet";0;0;0;NA;NA;"SCN85R";"Oculta";"Macro"
"13287";"SCN85R_TUCOPSN";NA;NA;"Inativa";NA;"Contas nacionais";"Transferências correntes - diversas - adm. pública - previdência (usos)";"Transferências correntes - diversas - administração pública - previdência (usos)";"Oculta";"Intranet";0;0;0;NA;NA;"SCN85R";"Oculta";"Macro"
"13288";"SCN85R_TUCPLN";NA;NA;"Inativa";NA;"Contas nacionais";"Transferências correntes - enviadas e receb. resto do mundo - prêmios líq. seg. não-vida (usos)";"Transferências correntes - enviadas e recebidas do resto do mundo - prêmios líquidos de seguros não-vida (usos)";"Oculta";"Intranet";0;0;0;"Incluída em 20/mai/2002.";NA;"SCN85R";"Oculta";"Macro"
"13289";"SCN85R_TUCPSN";NA;NA;"Inativa";NA;"Contas nacionais";"Transferências correntes - adm. pública - previdência (usos)";"Transferências correntes - administração pública - previdência (usos)";"Oculta";"Intranet";0;0;0;NA;NA;"SCN85R";"Oculta";"Macro"
"13290";"SCN85R_TUISN";NA;NA;"Inativa";NA;"Contas nacionais";"Transferências correntes - enviadas e receb. resto do mundo - indeniz. seg. não-vida (usos)";"Transferências correntes - enviadas e recebidas do resto do mundo - indenizações de seguros não-vida (usos)";"Oculta";"Intranet";0;0;0;"Incluída em 20/mai/2002.";NA;"SCN85R";"Oculta";"Macro"
"13291";"SCN85R_TUKAEGEN";NA;NA;"Inativa";NA;"Contas nacionais";"Transferências capital - entre adm. públicas - intergovernamentais - estadual (usos)";"Transferências de capital - entre administrações públicas - intergovernamentais - estadual (usos)";"Oculta";"Intranet";0;0;0;NA;NA;"SCN85R";"Oculta";"Macro"
"13292";"SCN85R_TUKAEGFN";NA;NA;"Inativa";NA;"Contas nacionais";"Transferências capital - entre adm. públicas - intergovernamentais - federal (usos)";"Transferências de capital - entre administrações públicas - intergovernamentais - federal (usos)";"Oculta";"Intranet";0;0;0;NA;NA;"SCN85R";"Oculta";"Macro"
"13293";"SCN85R_TUKAEGGN";NA;NA;"Inativa";NA;"Contas nacionais";"Transferências capital - entre adm. públicas - intergovernamentais - total (usos)";"Transferências de capital - entre administrações públicas - intergovernamentais - total (usos)";"Oculta";"Intranet";0;0;0;NA;NA;"SCN85R";"Oculta";"Macro"
"13294";"SCN85R_TUKAEGMN";1;1606;"Inativa";NA;"Contas nacionais";"Transferências capital - entre adm. públicas - intergovernamentais - municipal (usos)";"Transferências de capital - entre administrações públicas - intergovernamentais - municipal (usos)";"Oculta";"Intranet";0;0;0;NA;NA;"SCN85R";"Oculta";"Macro"
"13295";"SCN85R_TUKAEPSN";NA;NA;"Inativa";NA;"Contas nacionais";"Transferências capital - entre adm. públicas - intergovernamentais - previdência (usos)";"Transferências de capital - entre administrações públicas - intergovernamentais - previdência (usos)";"Oculta";"Intranet";0;0;0;NA;NA;"SCN85R";"Oculta";"Macro"
"13296";"SCN85R_TUKAGEN";NA;NA;"Inativa";NA;"Contas nacionais";"Transferências capital - entre adm. públicas - estadual (usos)";"Transferências de capital - entre administrações públicas - estadual (usos)";"Oculta";"Intranet";0;0;0;NA;NA;"SCN85R";"Oculta";"Macro"
"13297";"SCN85R_TUKAGFN";1;1606;"Inativa";NA;"Contas nacionais";"Transferências capital - entre adm. públicas - federal (usos)";"Transferências de capital - entre administrações públicas - federal (usos)";"Oculta";"Intranet";0;0;0;NA;NA;"SCN85R";"Oculta";"Macro"
"13298";"SCN85R_TUKAGGN";NA;NA;"Inativa";NA;"Contas nacionais";"Transferências capital - entre adm. públicas - total (usos)";"Transferências de capital - entre administrações públicas - total (usos)";"Oculta";"Intranet";0;0;0;NA;NA;"SCN85R";"Oculta";"Macro"
"13299";"SCN85R_TUKAGMN";NA;NA;"Inativa";NA;"Contas nacionais";"Transferências capital - entre adm. públicas - municipal (usos)";"Transferências de capital - entre administrações públicas - municipal (usos)";"Oculta";"Intranet";0;0;0;NA;NA;"SCN85R";"Oculta";"Macro"
"13300";"SCN85R_TUKAIGEN";NA;NA;"Inativa";NA;"Contas nacionais";"Transferências capital - entre adm. públicas - intragovernamentais - estadual (usos)";"Transferências de capital - entre administrações públicas - intragovernamentais - estadual (usos)";"Oculta";"Intranet";0;0;0;NA;NA;"SCN85R";"Oculta";"Macro"
"13301";"SCN85R_TUKAIGFN";NA;NA;"Inativa";NA;"Contas nacionais";"Transferências capital - entre adm. públicas - intragovernamentais - federal (usos)";"Transferências de capital - entre administrações públicas - intragovernamentais - federal (usos)";"Oculta";"Intranet";0;0;0;NA;NA;"SCN85R";"Oculta";"Macro"
"13302";"SCN85R_TUKAIGGN";NA;NA;"Inativa";NA;"Contas nacionais";"Transferências capital - entre adm. públicas - intragovernamentais - total (usos)";"Transferências de capital - entre administrações públicas - intragovernamentais - total (usos)";"Oculta";"Intranet";0;0;0;NA;NA;"SCN85R";"Oculta";"Macro"
"13303";"SCN85R_TUKAIGMN";NA;NA;"Inativa";NA;"Contas nacionais";"Transferências capital - entre adm. públicas - intragovernamentais - municipal (usos)";"Transferências de capital - entre administrações públicas - intragovernamentais - municipal (usos)";"Oculta";"Intranet";0;0;0;NA;NA;"SCN85R";"Oculta";"Macro"
"13304";"SCN85R_TUKAIPSN";NA;NA;"Inativa";NA;"Contas nacionais";"Transferências capital - entre adm. públicas - intragovernamentais - previdência (usos)";"Transferências de capital - entre administrações públicas - intragovernamentais - previdência (usos)";"Oculta";"Intranet";0;0;0;NA;NA;"SCN85R";"Oculta";"Macro"
"13305";"SCN85R_TUKAPSN";2;1445;"Inativa";NA;"Contas nacionais";"Transferências capital - entre adm. públicas - previdência (usos)";"Transferências de capital - entre administrações públicas - previdência (usos)";"Oculta";"Intranet";0;0;0;NA;NA;"SCN85R";"Oculta";"Macro"
"13306";"SCN85R_TUKGEN";1;1606;"Inativa";NA;"Contas nacionais";"Transferências capital - adm. pública - estadual (usos)";"Transferências de capital - administração pública - estadual (usos)";"Oculta";"Intranet";0;0;0;NA;NA;"SCN85R";"Oculta";"Macro"
"13307";"SCN85R_TUKGFN";NA;NA;"Inativa";NA;"Contas nacionais";"Transferências capital - adm. pública - federal (usos)";"Transferências de capital - administração pública - federal (usos)";"Oculta";"Intranet";0;0;0;NA;NA;"SCN85R";"Oculta";"Macro"
"13308";"SCN85R_TUKGGN";NA;NA;"Inativa";NA;"Contas nacionais";"Transferências capital - adm. pública - total (usos)";"Transferências de capital - administração pública - total (usos)";"Oculta";"Intranet";0;0;0;NA;NA;"SCN85R";"Oculta";"Macro"
"13309";"SCN85R_TUKGMN";NA;NA;"Inativa";NA;"Contas nacionais";"Transferências capital - adm. pública - municipal (usos)";"Transferências de capital - administração pública - municipal (usos)";"Oculta";"Intranet";0;0;0;NA;NA;"SCN85R";"Oculta";"Macro"
"13310";"SCN85R_TUKN";NA;NA;"Inativa";NA;"Contas nacionais";"Transferências capital - enviadas e recebidas do resto do mundo (usos)";"Transferências de capital - enviadas e recebidas do resto do mundo (usos)";"Oculta";"Intranet";0;0;0;"Incluída em 20/mai/2002.";NA;"SCN85R";"Oculta";"Macro"
"13311";"SCN85R_TUKOGEN";NA;NA;"Inativa";NA;"Contas nacionais";"Transferências capital - outras - adm. pública - estadual (usos)";"Transferências de capital - outras - administração pública - estadual (usos)";"Oculta";"Intranet";0;0;0;NA;NA;"SCN85R";"Oculta";"Macro"
"13312";"SCN85R_TUKOGFN";NA;NA;"Inativa";NA;"Contas nacionais";"Transferências capital - outras - adm. pública - federal (usos)";"Transferências de capital - outras - administração pública - federal (usos)";"Oculta";"Intranet";0;0;0;NA;NA;"SCN85R";"Oculta";"Macro"
"13313";"SCN85R_TUKOGGN";NA;NA;"Inativa";NA;"Contas nacionais";"Transferências capital - outras - adm. pública - total (usos)";"Transferências de capital - outras - administração pública - total (usos)";"Oculta";"Intranet";0;0;0;NA;NA;"SCN85R";"Oculta";"Macro"
"13314";"SCN85R_TUKOGMN";NA;NA;"Inativa";NA;"Contas nacionais";"Transferências capital - outras - adm. pública - municipal (usos)";"Transferências de capital - outras - administração pública - municipal (usos)";"Oculta";"Intranet";0;0;0;NA;NA;"SCN85R";"Oculta";"Macro"
"13315";"SCN85R_TUKOPSN";NA;NA;"Inativa";NA;"Contas nacionais";"Transferências capital - outras - adm. pública - previdência (usos)";"Transferências de capital - outras - administração pública - previdência (usos)";"Oculta";"Intranet";0;0;0;NA;NA;"SCN85R";"Oculta";"Macro"
"13316";"SCN85R_TUKPSN";NA;NA;"Inativa";NA;"Contas nacionais";"Transferências capital - adm. pública - previdência (usos)";"Transferências de capital - administração pública - previdência (usos)";"Oculta";"Intranet";0;0;0;NA;NA;"SCN85R";"Oculta";"Macro"
"13317";"SCN85R_VAAGRO";NA;NA;"Inativa";NA;"Contas nacionais";"PIB - agropecuária - valor adicionado - preços básicos - var. real anual";"Produto interno bruto (PIB) - agropecuária: valor adicionado a preços básicos - variação real anual";"Oculta";"Intranet";0;0;0;NA;NA;"SCN85R";"Oculta";"Macro"
"13318";"SCN85R_VAAGRON";NA;NA;"Inativa";NA;"Contas nacionais";"PIB - agropecuária - valor adicionado - preços básicos";"Produto interno bruto (PIB) - agropecuária: valor adicionado a preços básicos";"Oculta";"Intranet";0;0;0;NA;NA;"SCN85R";"Oculta";"Macro"
"13319";"SCN85R_VAAGROY";NA;NA;"Inativa";NA;"Contas nacionais";"PIB - agropecuária - valor adicionado - preços básicos";"Produto interno bruto (PIB) - agropecuária: valor adicionado a preços básicos";"Oculta";"Intranet";0;0;0;"Incluída em 23/jul/2002 .";NA;"SCN85R";"Oculta";"Macro"
"13320";"SCN85R_VAALGY";NA;NA;"Inativa";NA;"Contas nacionais";"PIB - serviços - aluguéis - valor adicionado - preços básicos - var. real anual";"Produto interno bruto (PIB) - serviços - aluguéis: valor adicionado a preços básicos - variação real anual";"Oculta";"Intranet";0;0;0;NA;NA;"SCN85R";"Oculta";"Macro"
"13321";"SCN85R_VAALN";NA;NA;"Inativa";NA;"Contas nacionais";"PIB - serviços - aluguéis - valor adicionado - preços básicos";"Produto interno bruto (PIB) - serviços - aluguéis: valor adicionado a preços básicos";"Oculta";"Intranet";0;0;0;NA;NA;"SCN85R";"Oculta";"Macro"
"13322";"SCN85R_VAALY";NA;NA;"Inativa";NA;"Contas nacionais";"PIB - serviços - aluguéis - valor adicionado - preços básicos";"Produto interno bruto (PIB) - serviços - aluguéis: valor adicionado a preços básicos";"Oculta";"Intranet";0;0;0;"Incluída em 23 / 07 / 2002 .";NA;"SCN85R";"Oculta";"Macro"
"13323";"SCN85R_VAAPGY";NA;NA;"Inativa";NA;"Contas nacionais";"PIB - serviços - adm. pública - valor adicionado - preços básicos - var. real anual";"Produto interno bruto (PIB) - serviços - administração pública: valor adicionado a preços básicos - variação real anual";"Oculta";"Intranet";0;0;0;NA;NA;"SCN85R";"Oculta";"Macro"
"13324";"SCN85R_VAAPN";NA;NA;"Inativa";NA;"Contas nacionais";"PIB - serviços - adm. pública - valor adicionado - preços básicos";"Produto interno bruto (PIB) - serviços - administração pública: valor adicionado a preços básicos";"Oculta";"Intranet";0;0;0;NA;NA;"SCN85R";"Oculta";"Macro"
"13325";"SCN85R_VAAPY";NA;NA;"Inativa";NA;"Contas nacionais";"PIB - serviços - adm. pública - valor adicionado - preços básicos";"Produto interno bruto (PIB) - serviços - administração pública: valor adicionado a preços básicos";"Oculta";"Intranet";0;0;0;"Incluída em 23 / 07 / 2002 .";NA;"SCN85R";"Oculta";"Macro"
"13326";"SCN85R_VACCGY";NA;NA;"Inativa";NA;"Contas nacionais";"PIB - serviços - comunicações - valor adicionado - preços básicos - var. real anual";"Produto interno bruto (PIB) - serviços - comunicações: valor adicionado a preços básicos - variação real anual";"Oculta";"Intranet";0;0;0;NA;NA;"SCN85R";"Oculta";"Macro"
"13327";"SCN85R_VACCN";NA;NA;"Inativa";NA;"Contas nacionais";"PIB - serviços - comunicações - valor adicionado - preços básicos";"Produto interno bruto (PIB) - serviços - comunicações: valor adicionado a preços básicos";"Oculta";"Intranet";0;0;0;NA;NA;"SCN85R";"Oculta";"Macro"
"13328";"SCN85R_VACCY";NA;NA;"Inativa";NA;"Contas nacionais";"PIB - serviços - comunicações - valor adicionado - preços básicos";"Produto interno bruto (PIB) - serviços - comunicações: valor adicionado a preços básicos";"Oculta";"Intranet";0;0;0;"Incluída em 23 / 07 / 2002 .";NA;"SCN85R";"Oculta";"Macro"
"13329";"SCN85R_VACOGY";NA;NA;"Inativa";NA;"Contas nacionais";"PIB - indústria - construção civil - valor adicionado - preços básicos - var. real anual";"Produto interno bruto (PIB) - indústria da construção civil: valor adicionado a preços básicos - variação real anual";"Oculta";"Intranet";0;0;0;NA;NA;"SCN85R";"Oculta";"Macro"
"13330";"SCN85R_VACOMGY";NA;NA;"Inativa";NA;"Contas nacionais";"PIB - serviços - comércio - valor adicionado - preços básicos - var. real anual";"Produto interno bruto (PIB) - serviços - comércio: valor adicionado a preços básicos - variação real anual";"Oculta";"Intranet";0;0;0;NA;NA;"SCN85R";"Oculta";"Macro"
"13331";"SCN85R_VACOMN";NA;NA;"Inativa";NA;"Contas nacionais";"PIB - serviços - comércio - valor adicionado - preços básicos";"Produto interno bruto (PIB) - serviços - comércio: valor adicionado a preços básicos";"Oculta";"Intranet";0;0;0;NA;NA;"SCN85R";"Oculta";"Macro"
"13332";"SCN85R_VACOMY";NA;NA;"Inativa";NA;"Contas nacionais";"PIB - serviços - comércio - valor adicionado - preços básicos";"Produto interno bruto (PIB) - serviços - comércio: valor adicionado a preços básicos";"Oculta";"Intranet";0;0;0;"Incluída em 23 / 07 / 2002 .";NA;"SCN85R";"Oculta";"Macro"
"13333";"SCN85R_VACON";NA;NA;"Inativa";NA;"Contas nacionais";"PIB - indústria - construção civil - valor adicionado - preços básicos";"Produto interno bruto (PIB) - indústria - construção civil: valor adicionado a preços básicos";"Oculta";"Intranet";0;0;0;NA;NA;"SCN85R";"Oculta";"Macro"
"13334";"SCN85R_VACOY";NA;NA;"Inativa";NA;"Contas nacionais";"PIB - indústria - construção civil - valor adicionado - preços básicos";"Produto interno bruto (PIB) - indústria da construção civil: valor adicionado a preços básicos";"Oculta";"Intranet";0;0;0;"Incluída em 23 / 07 / 2002 .";NA;"SCN85R";"Oculta";"Macro"
"13335";"SCN85R_VAEMECOMY";NA;NA;"Inativa";NA;"Contas nacionais";"PIB - indústria - extrativa mineral (exceto combustíveis) - valor adicionado - preços básicos";"Produto interno bruto (PIB) - indústria extrativa mineral (exceto combustíveis): valor adicionado a preços básicos";"Oculta";"Intranet";0;0;0;"Incluída em 27 / 03 / 2006";NA;"SCN85R";"Oculta";"Macro"
"13336";"SCN85R_VAEMGY";NA;NA;"Inativa";NA;"Contas nacionais";"PIB - indústria - extrativa mineral - valor adicionado - preços básicos - var. real anual";"Produto interno bruto (PIB) - indústria extrativa mineral: valor adicionado a preços básicos - variação real anual";"Oculta";"Intranet";0;0;0;NA;NA;"SCN85R";"Oculta";"Macro"
"13337";"SCN85R_VAEMN";NA;NA;"Inativa";NA;"Contas nacionais";"PIB - indústria - extrativa mineral - valor adicionado - preços básicos";"Produto interno bruto (PIB) - indústria - extrativa mineral: valor adicionado a preços básicos";"Oculta";"Intranet";0;0;0;NA;NA;"SCN85R";"Oculta";"Macro"
"13338";"SCN85R_VAEMY";NA;NA;"Inativa";NA;"Contas nacionais";"PIB - indústria - extrativa mineral - valor adicionado - preços básicos";"Produto interno bruto (PIB) - indústria extrativa mineral: valor adicionado a preços básicos";"Oculta";"Intranet";0;0;0;"Incluída em 23 / 07 / 2002 .";NA;"SCN85R";"Oculta";"Macro"
"13339";"SCN85R_VAGEN";1;1606;"Inativa";NA;"Contas nacionais";"Valor adicionado bruto - adm. pública - estadual";"Valor adicionado bruto da administração pública estadual";"Oculta";"Intranet";0;0;0;NA;NA;"SCN85R";"Oculta";"Macro"
"13340";"SCN85R_VAGFN";NA;NA;"Inativa";NA;"Contas nacionais";"Valor adicionado bruto - adm. pública - federal";"Valor adicionado bruto da administração pública federal";"Oculta";"Intranet";0;0;0;NA;NA;"SCN85R";"Oculta";"Macro"
"13341";"SCN85R_VAGGN";1;1606;"Inativa";NA;"Contas nacionais";"Valor adicionado bruto - adm. pública - total";"Valor adicionado bruto da administração pública total";"Oculta";"Intranet";0;0;0;NA;NA;"SCN85R";"Oculta";"Macro"
"13342";"SCN85R_VAGMN";NA;NA;"Inativa";NA;"Contas nacionais";"Valor adicionado bruto - adm. pública - municipal";"Valor adicionado bruto da administração pública municipal";"Oculta";"Intranet";0;0;0;NA;NA;"SCN85R";"Oculta";"Macro"
"13343";"SCN85R_VAIFGY";NA;NA;"Inativa";NA;"Contas nacionais";"PIB - serviços - instituições financeiras - valor adicionado - preços básicos - var. real anual";"Produto interno bruto (PIB) - serviços - instituições financeiras: valor adicionado a preços básicos - variação real anual";"Oculta";"Intranet";0;0;0;NA;NA;"SCN85R";"Oculta";"Macro"
"13344";"SCN85R_VAIFN";NA;NA;"Inativa";NA;"Contas nacionais";"PIB - serviços - instituições financeiras - valor adicionado - preços básicos";"Produto interno bruto (PIB) - serviços - instituições financeiras: valor adicionado a preços básicos";"Oculta";"Intranet";0;0;0;NA;NA;"SCN85R";"Oculta";"Macro"
"13345";"SCN85R_VAIFY";NA;NA;"Inativa";NA;"Contas nacionais";"PIB - serviços - instituições financeiras - valor adicionado - preços básicos";"Produto interno bruto (PIB) - serviços - instituições financeiras: valor adicionado a preços básicos";"Oculta";"Intranet";0;0;0;"Incluída em 23 / 07 / 2002 .";NA;"SCN85R";"Oculta";"Macro"
"13346";"SCN85R_VAIND";NA;NA;"Inativa";NA;"Contas nacionais";"PIB - indústria - valor adicionado - preços básicos - var. real anual";"Produto interno bruto (PIB) - indústria: valor adicionado a preços básicos - variação real anual";"Oculta";"Intranet";0;0;0;NA;NA;"SCN85R";"Oculta";"Macro"
"13347";"SCN85R_VAINDN";NA;NA;"Inativa";NA;"Contas nacionais";"PIB - indústria - valor adicionado - preços básicos";"Produto interno bruto (PIB) - indústria: valor adicionado a preços básicos";"Oculta";"Intranet";0;0;0;NA;NA;"SCN85R";"Oculta";"Macro"
"13348";"SCN85R_VAINDY";NA;NA;"Inativa";NA;"Contas nacionais";"PIB - indústria - valor adicionado - preços básicos";"Produto interno bruto (PIB) - indústria: valor adicionado a preços básicos";"Oculta";"Intranet";0;0;0;"Incluída em 23 / 07 / 2002 .";NA;"SCN85R";"Oculta";"Macro"
"13349";"SCN85R_VAITGY";NA;NA;"Inativa";NA;"Contas nacionais";"PIB - indústria - transformação - valor adicionado - preços básicos - var. real anual";"Produto interno bruto (PIB) - indústria de transformação: valor adicionado a preços básicos - variação real anual";"Oculta";"Intranet";0;0;0;NA;NA;"SCN85R";"Oculta";"Macro"
"13350";"SCN85R_VAITN";NA;NA;"Inativa";NA;"Contas nacionais";"PIB - indústria - transformação - valor adicionado - preços básicos";"Produto interno bruto (PIB) - indústria - transformação: valor adicionado a preços básicos";"Oculta";"Intranet";0;0;0;NA;NA;"SCN85R";"Oculta";"Macro"
"13351";"SCN85R_VAITY";NA;NA;"Inativa";NA;"Contas nacionais";"PIB - indústria - transformação - valor adicionado - preços básicos";"Produto interno bruto (PIB) - indústria de transformação: valor adicionado a preços básicos";"Oculta";"Intranet";0;0;0;"Incluída em 23 / 07 / 2002 .";NA;"SCN85R";"Oculta";"Macro"
"13352";"SCN85R_VAOSGY";NA;NA;"Inativa";NA;"Contas nacionais";"PIB - serviços - outros - valor adicionado - preços básicos - var. real anual";"Produto interno bruto (PIB) - serviços - outros: valor adicionado a preços básicos - variação real anual";"Oculta";"Intranet";0;0;0;NA;NA;"SCN85R";"Oculta";"Macro"
"13353";"SCN85R_VAOSN";NA;NA;"Inativa";NA;"Contas nacionais";"PIB - serviços - outros - valor adicionado - preços básicos";"Produto interno bruto (PIB) - serviços - outros: valor adicionado a preços básicos";"Oculta";"Intranet";0;0;0;NA;NA;"SCN85R";"Oculta";"Macro"
"13354";"SCN85R_VAOSY";NA;NA;"Inativa";NA;"Contas nacionais";"PIB - serviços - outros - valor adicionado - preços básicos";"Produto interno bruto (PIB) - serviços - outros: valor adicionado a preços básicos";"Oculta";"Intranet";0;0;0;"Incluída em 23 / 07 / 2002 .";NA;"SCN85R";"Oculta";"Macro"
"13355";"SCN85R_VAPETRY";NA;NA;"Inativa";NA;"Contas nacionais";"PIB - indústria - extração petróleo, gás natural, carvão e outros- valor adicionado - preços básicos";"Produto interno bruto (PIB) - indústria extração de petróleo e gás natural, carvão e outros combustíveis: valor adicionado a preços básicos";"Oculta";"Intranet";0;0;0;"Incluída em 27 / 03 / 2006";NA;"SCN85R";"Oculta";"Macro"
"13356";"SCN85R_VAPSN";2;1445;"Inativa";NA;"Contas nacionais";"Valor adicionado bruto - adm. pública - previdência";"Valor adicionado bruto da administração pública: previdência";"Oculta";"Intranet";0;0;0;NA;NA;"SCN85R";"Oculta";"Macro"
"13357";"SCN85R_VASERV";NA;NA;"Inativa";NA;"Contas nacionais";"PIB - serviços - valor adicionado - preços básicos - var. real anual";"Produto interno bruto (PIB) - serviços: valor adicionado a preços básicos - variação real anual";"Oculta";"Intranet";0;0;0;NA;NA;"SCN85R";"Oculta";"Macro"
"13358";"SCN85R_VASERVN";NA;NA;"Inativa";NA;"Contas nacionais";"PIB - serviços - valor adicionado - preços básicos";"Produto interno bruto (PIB) - serviços: valor adicionado a preços básicos";"Oculta";"Intranet";0;0;0;NA;NA;"SCN85R";"Oculta";"Macro"
"13359";"SCN85R_VASERVY";NA;NA;"Inativa";NA;"Contas nacionais";"PIB - serviços - valor adicionado - preços básicos";"Produto interno bruto (PIB) - serviços: valor adicionado a preços básicos";"Oculta";"Intranet";0;0;0;"Incluída em 23 / 07 / 2002 .";NA;"SCN85R";"Oculta";"Macro"
"13360";"SCN85R_VASUPGY";NA;NA;"Inativa";NA;"Contas nacionais";"PIB - indústria - serviços utilid. púb. (SIUP) - valor adicionado - preços básicos - var.real anual";"Produto interno bruto (PIB) - indústria - serviços de utilidade pública (SIUP): valor adicionado a preços básicos - variação real anual";"Oculta";"Intranet";0;0;0;NA;NA;"SCN85R";"Oculta";"Macro"
"13361";"SCN85R_VASUPN";NA;NA;"Inativa";NA;"Contas nacionais";"PIB - indústria - serviços utilid. púb. (SIUP) - valor adicionado - preços básicos";"Produto interno bruto (PIB) - indústria - serviços de utilidade pública (SIUP): valor adicionado a preços básicos";"Oculta";"Intranet";0;0;0;NA;NA;"SCN85R";"Oculta";"Macro"
"13362";"SCN85R_VASUPY";NA;NA;"Inativa";NA;"Contas nacionais";"PIB - indústria - serviços utilid. púb. (SIUP) - valor adicionado - preços básicos";"Produto interno bruto (PIB) - indústria - serviços de utilidade pública (SIUP): valor adicionado a preços básicos";"Oculta";"Intranet";0;0;0;"Incluída em 23 / 07 / 2002 .";NA;"SCN85R";"Oculta";"Macro"
"13363";"SCN85R_VATRAGY";NA;NA;"Inativa";NA;"Contas nacionais";"PIB - serviços - transportes - valor adicionado - preços básicos - var. real anual";"Produto interno bruto (PIB) - serviços - transportes: valor adicionado a preços básicos - variação real anual";"Oculta";"Intranet";0;0;0;NA;NA;"SCN85R";"Oculta";"Macro"
"13364";"SCN85R_VATRAN";NA;NA;"Inativa";NA;"Contas nacionais";"PIB - serviços - transportes - valor adicionado - preços básicos";"Produto interno bruto (PIB) - serviços - transportes: valor adicionado a preços básicos";"Oculta";"Intranet";0;0;0;NA;NA;"SCN85R";"Oculta";"Macro"
"13365";"SCN85R_VATRAY";NA;NA;"Inativa";NA;"Contas nacionais";"PIB - serviços - transportes - valor adicionado - preços básicos";"Produto interno bruto (PIB) - serviços - transportes: valor adicionado a preços básicos";"Oculta";"Intranet";0;0;0;"Incluída em 23 / 07 / 2002 .";NA;"SCN85R";"Oculta";"Macro"
"13366";"SCN85R_VBPN";NA;NA;"Inativa";NA;"Contas nacionais";"Produção";"Produção";"Oculta";"Intranet";0;0;0;NA;NA;"SCN85R";"Oculta";"Macro"
"13367";"SCN85R_VESTOCR";NA;NA;"Inativa";NA;"Contas nacionais";"Capital - formação bruta - variação de estoque - contribuição no crescimento do PIB - var.";"Contribuição da variação de estoque da formação bruta de capital no crescimento do PIB";"Oculta";"Intranet";0;0;0;"Incluída em 05/janeiro/2005";"Gerada";"SCN85R";"Oculta";"Macro"
"13368";"SCN85R_VESTON";NA;NA;"Inativa";NA;"Contas nacionais";"Capital - formação bruta - variação de estoque";"Formação bruta de capital - variação de estoque";"Oculta";"Intranet";0;0;0;NA;NA;"SCN85R";"Oculta";"Macro"
"13369";"SCN85R_VPLN";NA;NA;"Inativa";NA;"Contas nacionais";"Patrimônio líquido - entre poupança e transferências capital - variação";"Patrimônio líquido - entre poupança e transferências de capital - variação";"Oculta";"Intranet";0;0;0;"Incluída em 20/mai/2002.";NA;"SCN85R";"Oculta";"Macro"
"13370";"SCN85R_XBN";NA;NA;"Inativa";NA;"Contas nacionais";"Exportações - bens";"Exportações de bens";"Oculta";"Intranet";0;0;0;"Incluída em 20/mai/2002.";NA;"SCN85R";"Oculta";"Macro"
"13371";"SCN85R_XBSZCR";NA;NA;"Inativa";NA;"Contas nacionais";"Exportações - bens e serviços - contribuição no crescimento do PIB - var.";"Contribuição das exportações de bens e serviços no crescimento do PIB";"Oculta";"Intranet";0;0;0;"Incluída em 05/janeiro/2005";"Gerada";"SCN85R";"Oculta";"Macro"
"13372";"SCN85R_XBSZN";NA;NA;"Inativa";NA;"Contas nacionais";"Exportações - bens e serviços";"Exportações de bens e serviços";"Oculta";"Intranet";0;0;0;NA;"Geradora";"SCN85R";"Oculta";"Macro"
"13373";"SCN85R_XBSZR";NA;NA;"Inativa";NA;"Contas nacionais";"Exportações - bens e serviços";"Exportações - bens e serviços a preços constantes de 1980";"Oculta";"Intranet";0;0;0;NA;NA;"SCN85R";"Oculta";"Macro"
"13374";"SCN85R_XBSZY";NA;NA;"Inativa";NA;"Contas nacionais";"Exportações - bens e serviços";"Exportações de bens e serviços";"Oculta";"Intranet";0;0;0;"Incluída em 16 / jul / 2002.";"Gerada";"SCN85R";"Oculta";"Macro"
"13375";"SCN85R_XSN";NA;NA;"Inativa";NA;"Contas nacionais";"Exportações - serviços";"Exportações de serviços";"Oculta";"Intranet";0;0;0;"Incluída em 20/mai/2002.";NA;"SCN85R";"Oculta";"Macro"
"13376";"SCN85R_XTG";NA;NA;"Inativa";NA;"Contas nacionais";"Exportações - bens e serviços - var. real anual";"Exportações de bens e serviços: var. real anual";"Oculta";"Intranet";0;0;0;NA;NA;"SCN85R";"Oculta";"Macro"
"13377";"SCN85R_YSGEN";NA;NA;"Inativa";NA;"Contas nacionais";"Produção - adm. pública - estadual";"Produção - administração pública - estadual";"Oculta";"Intranet";0;0;0;NA;NA;"SCN85R";"Oculta";"Macro"
"13378";"SCN85R_YSGFN";NA;NA;"Inativa";NA;"Contas nacionais";"Produção - adm. pública - federal";"Produção - administração pública - federal";"Oculta";"Intranet";0;0;0;NA;NA;"SCN85R";"Oculta";"Macro"
"13379";"SCN85R_YSGGN";1;1606;"Inativa";NA;"Contas nacionais";"Produção - adm. pública - total";"Produção - administração pública - total";"Oculta";"Intranet";0;0;0;NA;NA;"SCN85R";"Oculta";"Macro"
"13380";"SCN85R_YSGMN";NA;NA;"Inativa";NA;"Contas nacionais";"Produção - adm. pública - municipal";"Produção - administração pública - municipal";"Oculta";"Intranet";0;0;0;NA;NA;"SCN85R";"Oculta";"Macro"
"13381";"SCN85R_YSPSN";2;1445;"Inativa";NA;"Contas nacionais";"Produção - adm. pública - previdência";"Produção - administração pública - previdência";"Oculta";"Intranet";0;0;0;NA;NA;"SCN85R";"Oculta";"Macro"
"13382";"CE12_CUTBC12";NA;NA;"Inativa";"FGV/Conj. Econ.";"Produção";"Utilização da capacidade instalada - indústria - bens de consumo";"Utilização da capacidade instalada na indústria de bens de consumo";"Não oculta";"Internet";5;0;0;"Incluída em 20/junho/2007.";NA;"CE12";"Internet";"Macro"
"13383";"CE12_CUTBI12";NA;NA;"Inativa";"FGV/Conj. Econ.";"Produção";"Utilização da capacidade instalada - indústria - bens intermediários";"Utilização da capacidade instalada na indústria de bens intermediários";"Não oculta";"Internet";5;0;0;"Incluída em 20/junho/2007.";NA;"CE12";"Internet";"Macro"
"13384";"CE12_CUTBK12";NA;NA;"Inativa";"FGV/Conj. Econ.";"Produção";"Utilização da capacidade instalada - indústria - bens de capital";"Utilização da capacidade instalada na indústria de bens de capital";"Não oculta";"Internet";5;0;0;"Incluída em 20/junho/2007.";NA;"CE12";"Internet";"Macro"
"13385";"CE12_CUTBMC12";NA;NA;"Inativa";"FGV/Conj. Econ.";"Produção";"Utilização da capacidade instalada - indústria - material para construção";"Utilização da capacidade instalada na indústria de material para construção";"Não oculta";"Internet";5;0;0;"Incluída em 20/junho/2007.";NA;"CE12";"Internet";"Macro"
"13386";"CE12_CUTIND12";NA;NA;"Ativa";"FGV/Conj. Econ.";"Produção";"Utilização da capacidade instalada - indústria - média";"Utilização da capacidade instalada na indústria";"Não oculta";"Internet";5;0;0;"Incluída em 20/junho/2007.";NA;"CE12";"Internet";"Macro"
"13387";"MME_CETOT";NA;NA;"Ativa";"MME";"Produção";"Consumo final energia - qde.";"Consumo final de energia: quantidade";"Não oculta";"Internet";420;0;0;"Incluída em 01/julho/2007";NA;"MME";"Internet";"Macro"
"13388";"MME_CENE";NA;NA;"Ativa";"MME";"Produção";"Consumo final energia - uso não-energético - qde.";"Consumo final de energia no setor não energético: quantidade";"Não oculta";"Internet";420;0;0;"Incluída em 01/julho/2007";NA;"MME";"Internet";"Macro"
"13389";"MME_CEENE";NA;NA;"Ativa";"MME";"Produção";"Consumo final energia - setor energético - qde.";"Consumo final de energia no setor energético: quantidade";"Não oculta";"Internet";420;0;0;"Incluída em 01/julho/2008";NA;"MME";"Internet";"Macro"
"13390";"MME_CERES";NA;NA;"Ativa";"MME";"Produção";"Consumo final energia - residencia - qde.";"Consumo final de energia no setor residênica: quantidade";"Não oculta";"Internet";420;0;0;"Incluída em 01/julho/2009";NA;"MME";"Internet";"Macro"
"13391";"MME_CECOM";NA;NA;"Ativa";"MME";"Produção";"Consumo final energia - comércio - qde.";"Consumo final de energia no setor comércio: quantidade";"Não oculta";"Internet";420;0;0;"Incluída em 01/julho/2010";NA;"MME";"Internet";"Macro"
"13392";"MME_CEPUBL";NA;NA;"Ativa";"MME";"Produção";"Consumo final energia - público - qde.";"Consumo final de energia no setor público: quantidade";"Não oculta";"Internet";420;0;0;"Incluída em 01/julho/2011";NA;"MME";"Internet";"Macro"
"13393";"MME_CEAGRO";NA;NA;"Ativa";"MME";"Produção";"Consumo final energia - agropecuário - qde.";"Consumo final de energia no setor agropecuário: quantidade";"Não oculta";"Internet";420;0;0;"Incluída em 01/julho/2012";NA;"MME";"Internet";"Macro"
"13394";"MME_CETRANS";NA;NA;"Ativa";"MME";"Produção";"Consumo final energia - transporte - qde.";"Consumo final de energia no setor transporte: quantidade";"Não oculta";"Internet";420;0;0;"Incluída em 01/julho/2013";NA;"MME";"Internet";"Macro"
"13395";"MME_CEIND";NA;NA;"Ativa";"MME";"Produção";"Consumo final energia - industria - qde.";"Consumo final de energia no setor industrial: quantidade";"Não oculta";"Internet";420;0;0;"Incluída em 01/julho/2014";NA;"MME";"Internet";"Macro"
"13396";"MME_CENID";NA;NA;"Ativa";"MME";"Produção";"Consumo final energia - não-identificado - qde.";"Consumo final de energia não identificado: quantidade";"Não oculta";"Internet";420;0;0;"Incluída em 01/julho/2015";NA;"MME";"Internet";"Macro"
"13397";"MME_PENRETOT";NA;NA;"Ativa";"MME";"Produção";"Produção energia primária - não renovável - qde.";"Produção de energia primária não renovável: quantidade";"Não oculta";"Internet";420;0;0;"Incluída em 01/julho/2016";NA;"MME";"Internet";"Macro"
"13398";"MME_PENREP";NA;NA;"Ativa";"MME";"Produção";"Produção energia primária - não renovável - petróleo - qde.";"Produção de energia primária não renovável (petróleo): quantidade";"Não oculta";"Internet";420;0;0;"Incluída em 01/julho/2017";NA;"MME";"Internet";"Macro"
"13399";"MME_PENREGN";NA;NA;"Ativa";"MME";"Produção";"Produção energia primária - não renovável - gás natural - qde.";"Produção de energia primária não renovável (gás natural): quantidade";"Não oculta";"Internet";420;0;0;"Incluída em 01/julho/2018";NA;"MME";"Internet";"Macro"
"13400";"MME_PENREC";NA;NA;"Ativa";"MME";"Produção";"Produção energia primária - não renovável - carvão vapor - qde.";"Produção de energia primária não renovável (carvão vapor): quantidade";"Não oculta";"Internet";420;0;0;"Incluída em 01/julho/2019";NA;"MME";"Internet";"Macro"
"13401";"MME_PENRECM";NA;NA;"Ativa";"MME";"Produção";"Produção energia primária - não renovável - carvão metalúrgico - qde.";"Produção de energia primária não renovável (carvão metalúrgico): quantidade";"Não oculta";"Internet";420;0;0;"Incluída em 01/julho/2020";NA;"MME";"Internet";"Macro"
"13402";"MME_PENREU";NA;NA;"Ativa";"MME";"Produção";"Produção energia primária - não renovável - urânio (u3o8) - qde.";"Produção de energia primária não renovável (urânio u3o8): quantidade";"Não oculta";"Internet";420;0;0;"Incluída em 01/julho/2021";NA;"MME";"Internet";"Macro"
"13403";"MME_PERETOT";NA;NA;"Ativa";"MME";"Produção";"Produção energia primária - renovável - qde.";"Produção de energia primária renovável: quantidade";"Não oculta";"Internet";420;0;0;"Incluída em 01/julho/2022";NA;"MME";"Internet";"Macro"
"13404";"MME_PEREHIDR";NA;NA;"Ativa";"MME";"Produção";"Produção energia primária - renovável - energia hidráulica - qde.";"Produção de energia primária renovável (energia hidráulica): quantidade";"Não oculta";"Internet";420;0;0;"Incluída em 01/julho/2023";NA;"MME";"Internet";"Macro"
"13405";"MME_PEREL";NA;NA;"Ativa";"MME";"Produção";"Produção energia primária - renovável - lenha - qde.";"Produção de energia primária renovável (lenha): quantidade";"Não oculta";"Internet";420;0;0;"Incluída em 01/julho/2024";NA;"MME";"Internet";"Macro"
"13406";"MME_PERECA";NA;NA;"Ativa";"MME";"Produção";"Produção energia primária - renovável - produtos da cana-de-açúcar - qde.";"Produção de energia primária renovável (produtos da cana-de-açúcar): quantidade";"Não oculta";"Internet";420;0;0;"Incluída em 01/julho/2025";NA;"MME";"Internet";"Macro"
"13407";"MME_PEREOUT";NA;NA;"Ativa";"MME";"Produção";"Produção energia primária - renovável - outras - qde.";"Produção de energia primária renovável (outras fontes): quantidade";"Não oculta";"Internet";420;0;0;"Incluída em 01/julho/2026";NA;"MME";"Internet";"Macro"
"13408";"MME_PETOT";NA;NA;"Ativa";"MME";"Produção";"Produção energia primária - qde.";"Produção de energia primária: quantidade";"Não oculta";"Internet";420;0;0;"Incluída em 01/julho/2027";NA;"MME";"Internet";"Macro"
"13409";"ELETRO12_CEEOUT12";NA;NA;"Ativa";"Eletrobras";"Consumo e vendas";"Consumo - energia elétrica - outros setores - qde.";"Consumo de energia elétrica nos outros setores: quantidade";"Não oculta";"Internet";60;0;0;"Incluída em 11/juL/2007.";NA;"ELETRO12";"Internet";"Macro"
"13410";"GPCB";NA;NA;"Ativa";"TSE";"Governador";"Votação do PCB - governador no primeiro turno";"Votação do PCB - governador no primeiro turno";"Não oculta";"Internet";NA;0;0;NA;NA;"GPCB";"Internet";"Regional"
"13411";"GPCDOB";NA;NA;"Ativa";"TSE";"Governador";"Votação do PC do B - governador no primeiro turno";"Votação do PC do B - governador no primeiro turno";"Não oculta";"Internet";NA;0;0;NA;NA;"GPCDOB";"Internet";"Regional"
"13412";"GPHS";NA;NA;"Ativa";"TSE";"Governador";"Votação do PHS - governador no primeiro turno";"Votação do PHS - governador no primeiro turno";"Não oculta";"Internet";NA;0;0;NA;NA;"GPHS";"Internet";"Regional"
"13413";"GPPS2";NA;NA;"Ativa";"TSE";"Governador";"Votação do PPS - governador no segundo turno";"Votação do PPS - governador no segundo turno";"Não oculta";"Internet";NA;0;0;NA;NA;"GPPS2";"Internet";"Regional"
"13414";"PPRP";NA;NA;"Ativa";"TSE";"Presidente";"Votação do PRP - presidente no primeiro turno";"Votação do PRP - presidente no primeiro turno";"Não oculta";"Internet";NA;0;0;NA;NA;"PPRP";"Internet";"Regional"
"13415";"PPSL";NA;NA;"Ativa";"TSE";"Presidente";"Votação do PSL - presidente no primeiro turno";"Votação do PSL - presidente no primeiro turno";"Não oculta";"Internet";NA;0;0;NA;NA;"PPSL";"Internet";"Regional"
"13416";"POPHJ1519";NA;NA;"Ativa";"IBGE";"População";"População - Homens Jovens - Idade 15-19";"População - Homens Jovens - Idade 15-19";"Oculta";"Intranet";NA;0;0;NA;NA;"POPHJ1519";"Oculta";"Social"
"13417";"POPHJ2024";NA;NA;"Ativa";"IBGE";"População";"População - Homens Jovens - Idade 20-24";"População - Homens Jovens - Idade 20-24";"Oculta";"Intranet";NA;0;0;NA;NA;"POPHJ2024";"Oculta";"Social"
"13418";"POPHJ2529";NA;NA;"Ativa";"IBGE";"População";"População - Homens Jovens - Idade 25-29";"População - Homens Jovens - Idade 25-29";"Oculta";"Intranet";NA;0;0;NA;NA;"POPHJ2529";"Oculta";"Social"
"13419";"POPHJT";NA;NA;"Ativa";"IBGE";"População";"População - Homens Jovens - Total";"População - Homens Jovens - Total";"Oculta";"Intranet";NA;0;0;NA;NA;"POPHJT";"Oculta";"Social"
"13420";"POPMJ1519";NA;NA;"Ativa";"IBGE";"População";"População - Mulheres Jovens - Idade 15-19";"População - Mulheres Jovens - Idade 15-19";"Oculta";"Intranet";NA;0;0;NA;NA;"POPMJ1519";"Oculta";"Social"
"13421";"POPMJ2024";NA;NA;"Ativa";"IBGE";"População";"População - Mulheres Jovens - Idade 20-24";"População - Mulheres Jovens - Idade 20-24";"Oculta";"Intranet";NA;0;0;NA;NA;"POPMJ2024";"Oculta";"Social"
"13422";"POPMJ2529";NA;NA;"Ativa";"IBGE";"População";"População - Mulheres Jovens - Idade 25-29";"População - Mulheres Jovens - Idade 25-29";"Oculta";"Intranet";NA;0;0;NA;NA;"POPMJ2529";"Oculta";"Social"
"13423";"POPMJT";NA;NA;"Ativa";"IBGE";"População";"População - Mulheres Jovens - Total";"População - Mulheres Jovens - Total";"Oculta";"Intranet";NA;0;0;NA;NA;"POPMJT";"Oculta";"Social"
"13424";"POPJT1519";NA;NA;"Ativa";"IBGE";"População";"População - Jovens - Idade 15-19";"População - Jovens - Idade 15-19";"Oculta";"Intranet";NA;0;0;NA;NA;"POPJT1519";"Oculta";"Social"
"13425";"POPJT2024";NA;NA;"Ativa";"IBGE";"População";"População - Jovens - Idade 20-24";"População - Jovens - Idade 20-24";"Oculta";"Intranet";NA;0;0;NA;NA;"POPJT2024";"Oculta";"Social"
"13426";"POPJT2529";NA;NA;"Ativa";"IBGE";"População";"População - Jovens - Idade 25-29";"População - Jovens - Idade 25-29";"Oculta";"Intranet";NA;0;0;NA;NA;"POPJT2529";"Oculta";"Social"
"13427";"POPJT";NA;NA;"Ativa";"IBGE";"População";"População - Jovens - Total";"População - Jovens - Total";"Oculta";"Intranet";NA;0;0;NA;NA;"POPJT";"Oculta";"Social"
"13428";"PPHJTAN";NA;NA;"Ativa";"IBGE";"Educação";"População - Homens Jovens - Analfabetos - Percentual";"População - Homens Jovens - Analfabetos - Percentual";"Oculta";"Intranet";NA;0;0;NA;NA;"PPHJTAN";"Oculta";"Social"
"13429";"PPMJTAN";NA;NA;"Ativa";"IBGE";"Educação";"População - Mulheres Jovens - Analfabetas - Percentual";"População - Mulheres Jovens - Analfabetas - Percentual";"Oculta";"Intranet";NA;0;0;NA;NA;"PPMJTAN";"Oculta";"Social"
"13430";"PPJTAN";NA;NA;"Ativa";"IBGE";"Educação";"População - Jovens - Analfabetos - Percentual";"População - Jovens - Analfabetos - Percentual";"Oculta";"Intranet";NA;0;0;NA;NA;"PPJTAN";"Oculta";"Social"
"13431";"PPHJEB";NA;NA;"Ativa";"IBGE";"Educação";"Escolaridade Básica - Homens Jovens - Percentual";"Escolaridade Básica - Homens Jovens - Percentual";"Oculta";"Intranet";NA;0;0;NA;NA;"PPHJEB";"Oculta";"Social"
"13432";"PPHJEM";NA;NA;"Ativa";"IBGE";"Educação";"Escolaridade Média - Homens Jovens - Percentual";"Escolaridade Média - Homens Jovens - Percentual";"Oculta";"Intranet";NA;0;0;NA;NA;"PPHJEM";"Oculta";"Social"
"13433";"PPHJES";NA;NA;"Ativa";"IBGE";"Educação";"Escolaridade Superior - Homens Jovens - Percentual";"Escolaridade Superior - Homens Jovens - Percentual";"Oculta";"Intranet";NA;0;0;NA;NA;"PPHJES";"Oculta";"Social"
"13434";"PPMJEB";NA;NA;"Ativa";"IBGE";"Educação";"Escolaridade Básica - Mulheres Jovens - Percentual";"Escolaridade Básica - Mulheres Jovens - Percentual";"Oculta";"Intranet";NA;0;0;NA;NA;"PPMJEB";"Oculta";"Social"
"13435";"PPMJEM";NA;NA;"Ativa";"IBGE";"Educação";"Escolaridade Média - Mulheres Jovens - Percentual";"Escolaridade Média - Mulheres Jovens - Percentual";"Oculta";"Intranet";NA;0;0;NA;NA;"PPMJEM";"Oculta";"Social"
"13436";"PPMJES";NA;NA;"Ativa";"IBGE";"Educação";"Escolaridade Superior - Mulheres Jovens - Percentual";"Escolaridade Superior - Mulheres Jovens - Percentual";"Oculta";"Intranet";NA;0;0;NA;NA;"PPMJES";"Oculta";"Social"
"13437";"PPJEB";NA;NA;"Ativa";"IBGE";"Educação";"Escolaridade Básica - Jovens - Percentual";"Escolaridade Básica - Jovens - Percentual";"Oculta";"Intranet";NA;0;0;NA;NA;"PPJEB";"Oculta";"Social"
"13438";"PPJEM";NA;NA;"Ativa";"IBGE";"Educação";"Escolaridade Média - Jovens - Percentual";"Escolaridade Média - Jovens - Percentual";"Oculta";"Intranet";NA;0;0;NA;NA;"PPJEM";"Oculta";"Social"
"13439";"PPJES";NA;NA;"Ativa";"IBGE";"Educação";"Escolaridade Superior - Jovens - Percentual";"Escolaridade Superior - Jovens - Percentual";"Oculta";"Intranet";NA;0;0;NA;NA;"PPJES";"Oculta";"Social"
"13440";"NMAEHJ1519";NA;NA;"Ativa";"IBGE";"Educação";"Número Médio de Anos de Estudo - Homens Jovens - Idade 15-19";"Número Médio de Anos de Estudo - Homens Jovens - Idade 15-19";"Oculta";"Intranet";NA;0;0;NA;NA;"NMAEHJ1519";"Oculta";"Social"
"13441";"NMAEHJ2024";NA;NA;"Ativa";"IBGE";"Educação";"Número Médio de Anos de Estudo - Homens Jovens - Idade 20-24";"Número Médio de Anos de Estudo - Homens Jovens - Idade 20-24";"Oculta";"Intranet";NA;0;0;NA;NA;"NMAEHJ2024";"Oculta";"Social"
"13442";"NMAEHJ2529";NA;NA;"Ativa";"IBGE";"Educação";"Número Médio de Anos de Estudo - Homens Jovens - Idade 25-29";"Número Médio de Anos de Estudo - Homens Jovens - Idade 25-29";"Oculta";"Intranet";NA;0;0;NA;NA;"NMAEHJ2529";"Oculta";"Social"
"13443";"NMAEHJT";NA;NA;"Ativa";"IBGE";"Educação";"Número Médio de Anos de Estudo - Homens Jovens";"Número Médio de Anos de Estudo - Homens Jovens";"Oculta";"Intranet";NA;0;0;NA;NA;"NMAEHJT";"Oculta";"Social"
"13444";"NMAEMJ1519";NA;NA;"Ativa";"IBGE";"Educação";"Número Médio de Anos de Estudo - Mulheres Jovens - Idade 15-19";"Número Médio de Anos de Estudo - Mulheres Jovens - Idade 15-19";"Oculta";"Intranet";NA;0;0;NA;NA;"NMAEMJ1519";"Oculta";"Social"
"13445";"NMAEMJ2024";NA;NA;"Ativa";"IBGE";"Educação";"Número Médio de Anos de Estudo - Mulheres Jovens - Idade 20-24";"Número Médio de Anos de Estudo - Mulheres Jovens - Idade 20-24";"Oculta";"Intranet";NA;0;0;NA;NA;"NMAEMJ2024";"Oculta";"Social"
"13446";"NMAEMJ2529";NA;NA;"Ativa";"IBGE";"Educação";"Número Médio de Anos de Estudo - Mulheres Jovens - Idade 25-29";"Número Médio de Anos de Estudo - Mulheres Jovens - Idade 25-29";"Oculta";"Intranet";NA;0;0;NA;NA;"NMAEMJ2529";"Oculta";"Social"
"13447";"NMAEMJT";NA;NA;"Ativa";"IBGE";"Educação";"Número Médio de Anos de Estudo - Mulheres Jovens";"Número Médio de Anos de Estudo - Mulheres Jovens";"Oculta";"Intranet";NA;0;0;NA;NA;"NMAEMJT";"Oculta";"Social"
"13448";"NMAEJ1519";NA;NA;"Ativa";"IBGE";"Educação";"Número Médio de Anos de Estudo - Jovens - 15-19";"Número Médio de Anos de Estudo - Jovens - 15-19";"Oculta";"Intranet";NA;0;0;NA;NA;"NMAEJ1519";"Oculta";"Social"
"13449";"NMAEJ2024";NA;NA;"Ativa";"IBGE";"Educação";"Número Médio de Anos de Estudo - Jovens - 20-24";"Número Médio de Anos de Estudo - Jovens - 20-24";"Oculta";"Intranet";NA;0;0;NA;NA;"NMAEJ2024";"Oculta";"Social"
"13450";"NMAEJ2529";NA;NA;"Ativa";"IBGE";"Educação";"Número Médio de Anos de Estudo - Jovens - 25-29";"Número Médio de Anos de Estudo - Jovens - 25-29";"Oculta";"Intranet";NA;0;0;NA;NA;"NMAEJ2529";"Oculta";"Social"
"13451";"NMAEJT";NA;NA;"Ativa";"IBGE";"Educação";"Número Médio de Anos de Estudo -  Jovens";"Número Médio de Anos de Estudo -  Jovens";"Oculta";"Intranet";NA;0;0;NA;NA;"NMAEJT";"Oculta";"Social"
"13452";"POPH";NA;NA;"Ativa";"IBGE";"População";"População observada  - Homens";"População observada  - Homens";"Oculta";"Intranet";NA;0;0;NA;NA;"POPH";"Oculta";"Social"
"13453";"POPT";NA;NA;"Ativa";"IBGE";"População";"População observada  - Total";"População observada  - Total";"Oculta";"Intranet";NA;0;0;NA;NA;"POPT";"Oculta";"Social"
"13454";"POPJH1519";NA;NA;"Ativa";"IBGE";"População";"População - Homens Jovens - Idade 15-19";"População - Homens Jovens - Idade 15-19";"Oculta";"Intranet";NA;0;0;NA;NA;"POPJH1519";"Oculta";"Social"
"13455";"POPJH2024";NA;NA;"Ativa";"IBGE";"População";"População - Homens Jovens - Idade 20-24";"População - Homens Jovens - Idade 20-24";"Oculta";"Intranet";NA;0;0;NA;NA;"POPJH2024";"Oculta";"Social"
"13456";"POPJH2529";NA;NA;"Ativa";"IBGE";"População";"População - Homens Jovens - Idade 25-29";"População - Homens Jovens - Idade 25-29";"Oculta";"Intranet";NA;0;0;NA;NA;"POPJH2529";"Oculta";"Social"
"13457";"POPJHT";NA;NA;"Ativa";"IBGE";"População";"População - Homens Jovens - Total";"População - Homens Jovens - Total";"Oculta";"Intranet";NA;0;0;NA;NA;"POPJHT";"Oculta";"Social"
"13458";"POPJM1519";NA;NA;"Ativa";"IBGE";"População";"População - Mulheres Jovens - Idade 15-19";"População - Mulheres Jovens - Idade 15-19";"Oculta";"Intranet";NA;0;0;NA;NA;"POPJM1519";"Oculta";"Social"
"13459";"POPJM2024";NA;NA;"Ativa";"IBGE";"População";"População - Mulheres Jovens - Idade 20-24";"População - Mulheres Jovens - Idade 20-24";"Oculta";"Intranet";NA;0;0;NA;NA;"POPJM2024";"Oculta";"Social"
"13460";"POPJM2529";NA;NA;"Ativa";"IBGE";"População";"População - Mulheres Jovens - Idade 25-29";"População - Mulheres Jovens - Idade 25-29";"Oculta";"Intranet";NA;0;0;NA;NA;"POPJM2529";"Oculta";"Social"
"13461";"POPJMT";NA;NA;"Ativa";"IBGE";"População";"População - Mulheres Jovens - Total";"População - Mulheres Jovens - Total";"Oculta";"Intranet";NA;0;0;NA;NA;"POPJMT";"Oculta";"Social"
"13462";"PPOPJH1519";NA;NA;"Ativa";"IBGE";"População";"População - Homens Jovens - Idade 15-19 - Percentual";"População - Homens Jovens - Idade 15-19 - Percentual";"Oculta";"Intranet";NA;0;0;NA;NA;"PPOPJH1519";"Oculta";"Social"
"13463";"PPOPJH2024";NA;NA;"Ativa";"IBGE";"População";"População - Homens Jovens - Idade 20-24 - Percentual";"População - Homens Jovens - Idade 20-24 - Percentual";"Oculta";"Intranet";NA;0;0;NA;NA;"PPOPJH2024";"Oculta";"Social"
"13464";"PPOPJH2529";NA;NA;"Ativa";"IBGE";"População";"População - Homens Jovens - Idade 25-29 - Percentual";"População - Homens Jovens - Idade 25-29 - Percentual";"Oculta";"Intranet";NA;0;0;NA;NA;"PPOPJH2529";"Oculta";"Social"
"13465";"PPOPJHT";NA;NA;"Ativa";"IBGE";"População";"População - Homens Jovens - Percentual";"População - Homens Jovens - Percentual";"Oculta";"Intranet";NA;0;0;NA;NA;"PPOPJHT";"Oculta";"Social"
"13466";"PPOPJM1519";NA;NA;"Ativa";"IBGE";"População";"População - Mulheres Jovens - Idade 15-19 - Percentual";"População - Mulheres Jovens - Idade 15-19 - Percentual";"Oculta";"Intranet";NA;0;0;NA;NA;"PPOPJM1519";"Oculta";"Social"
"13467";"PPOPJM2024";NA;NA;"Ativa";"IBGE";"População";"População - Mulheres Jovens - Idade 20-24 - Percentual";"População - Mulheres Jovens - Idade 20-24 - Percentual";"Oculta";"Intranet";NA;0;0;NA;NA;"PPOPJM2024";"Oculta";"Social"
"13468";"PPOPJM2529";NA;NA;"Ativa";"IBGE";"População";"População - Mulheres Jovens - Idade 25-29 - Percentual";"População - Mulheres Jovens - Idade 25-29 - Percentual";"Oculta";"Intranet";NA;0;0;NA;NA;"PPOPJM2529";"Oculta";"Social"
"13469";"PPOPJMT";NA;NA;"Ativa";"IBGE";"População";"População Mulheres - Jovens - Percentual";"População Mulheres - Jovens - Percentual";"Oculta";"Intranet";NA;0;0;NA;NA;"PPOPJMT";"Oculta";"Social"
"13470";"PPOPJT1519";NA;NA;"Ativa";"IBGE";"População";"População - Jovens - Idade 15-19 - Percentual";"População - Jovens - Idade 15-19 - Percentual";"Oculta";"Intranet";NA;0;0;NA;NA;"PPOPJT1519";"Oculta";"Social"
"13471";"PPOPJT2024";NA;NA;"Ativa";"IBGE";"População";"População - Jovens - Idade 20-24 - Percentual";"População - Jovens - Idade 20-24 - Percentual";"Oculta";"Intranet";NA;0;0;NA;NA;"PPOPJT2024";"Oculta";"Social"
"13472";"PPOPJT2529";NA;NA;"Ativa";"IBGE";"População";"População - Jovens - Idade 25-29 - Percentual";"População - Jovens - Idade 25-29 - Percentual";"Oculta";"Intranet";NA;0;0;NA;NA;"PPOPJT2529";"Oculta";"Social"
"13473";"PPOPJT";NA;NA;"Ativa";"IBGE";"População";"População - Jovens - Total - Percentual";"População - Jovens - Total - Percentual";"Oculta";"Intranet";NA;0;0;NA;NA;"PPOPJT";"Oculta";"Social"
"13474";"POPJRS";NA;NA;"Ativa";"IBGE";"População";"Razão de Sexos da População Jovens";"Razão de Sexos da População Jovens ";"Oculta";"Intranet";NA;0;0;NA;NA;"POPJRS";"Oculta";"Social"
"13475";"POPJHBRN";NA;NA;"Ativa";"IBGE";"População";"População - Homens Jovens - Brancos";"População - Homens Jovens - Brancos";"Oculta";"Intranet";NA;0;0;NA;NA;"POPJHBRN";"Oculta";"Social"
"13476";"POPJHPTO";NA;NA;"Ativa";"IBGE";"População";"População - Homens Jovens -  Pretos";"População - Homens Jovens -  Pretos";"Oculta";"Intranet";NA;0;0;NA;NA;"POPJHPTO";"Oculta";"Social"
"13477";"POPJHPRD";NA;NA;"Ativa";"IBGE";"População";"População - Homens Jovens - Pardos";"População - Homens Jovens - Pardos";"Oculta";"Intranet";NA;0;0;NA;NA;"POPJHPRD";"Oculta";"Social"
"13478";"POPJHIND";NA;NA;"Ativa";"IBGE";"População";"População - Homens Jovens - Indígenas";"População - Homens Jovens - Indígenas";"Oculta";"Intranet";NA;0;0;NA;NA;"POPJHIND";"Oculta";"Social"
"13479";"POPJHAMR";NA;NA;"Ativa";"IBGE";"População";"População - Homens Jovens - Amarelos";"População - Homens Jovens - Amarelos";"Oculta";"Intranet";NA;0;0;NA;NA;"POPJHAMR";"Oculta";"Social"
"13480";"POPJMBRN";NA;NA;"Ativa";"IBGE";"População";"População - Mulheres Jovens - Brancas";"População - Mulheres Jovens - Brancas";"Oculta";"Intranet";NA;0;0;NA;NA;"POPJMBRN";"Oculta";"Social"
"13481";"POPJMPTO";NA;NA;"Ativa";"IBGE";"População";"População - Mulheres Jovens - Pretas";"População - Mulheres Jovens - Pretas";"Oculta";"Intranet";NA;0;0;NA;NA;"POPJMPTO";"Oculta";"Social"
"13482";"POPJMPRD";NA;NA;"Ativa";"IBGE";"População";"População - Mulheres Jovens - Pardas";"População - Mulheres Jovens - Pardas";"Oculta";"Intranet";NA;0;0;NA;NA;"POPJMPRD";"Oculta";"Social"
"13483";"POPJMIND";NA;NA;"Ativa";"IBGE";"População";"População - Mulheres Jovens - Indígenas";"População - Mulheres Jovens - Indígenas";"Oculta";"Intranet";NA;0;0;NA;NA;"POPJMIND";"Oculta";"Social"
"13484";"POPJMAMR";NA;NA;"Ativa";"IBGE";"População";"População - Mulheres Jovens - Amarelas";"População - Mulheres Jovens - Amarelas";"Oculta";"Intranet";NA;0;0;NA;NA;"POPJMAMR";"Oculta";"Social"
"13485";"POPJTBRN";NA;NA;"Ativa";"IBGE";"População";"População - Jovens - Brancos";"População - Jovens - Brancos";"Oculta";"Intranet";NA;0;0;NA;NA;"POPJTBRN";"Oculta";"Social"
"13486";"POPJTPTO";NA;NA;"Ativa";"IBGE";"População";"População - Jovens - Pretos";"População - Jovens - Pretos";"Oculta";"Intranet";NA;0;0;NA;NA;"POPJTPTO";"Oculta";"Social"
"13487";"POPJTPRD";NA;NA;"Ativa";"IBGE";"População";"População - Jovens - Pardos";"População - Jovens - Pardos";"Oculta";"Intranet";NA;0;0;NA;NA;"POPJTPRD";"Oculta";"Social"
"13488";"POPJTIND";NA;NA;"Ativa";"IBGE";"População";"População - Jovens - Indígenas";"População - Jovens - Indígenas";"Oculta";"Intranet";NA;0;0;NA;NA;"POPJTIND";"Oculta";"Social"
"13489";"POPJTAMR";NA;NA;"Ativa";"IBGE";"População";"População - Jovens - Amarelos";"População - Jovens - Amarelos";"Oculta";"Intranet";NA;0;0;NA;NA;"POPJTAMR";"Oculta";"Social"
"13490";"PPOPJHBRN";NA;NA;"Ativa";"IBGE";"População";"População - Homens Jovens - Brancos - Percentual";"População - Homens Jovens - Brancos - Percentual";"Oculta";"Intranet";NA;0;0;NA;NA;"PPOPJHBRN";"Oculta";"Social"
"13491";"PPOPJHPTO";NA;NA;"Ativa";"IBGE";"População";"População - Homens Jovens -  Pretos - Percentual";"População - Homens Jovens -  Pretos - Percentual";"Oculta";"Intranet";NA;0;0;NA;NA;"PPOPJHPTO";"Oculta";"Social"
"13492";"PPOPJHPRD";NA;NA;"Ativa";"IBGE";"População";"População - Homens Jovens - Pardos - Percentual";"População - Homens Jovens - Pardos - Percentual";"Oculta";"Intranet";NA;0;0;NA;NA;"PPOPJHPRD";"Oculta";"Social"
"13493";"PPOPJHIND";NA;NA;"Ativa";"IBGE";"População";"População - Homens Jovens - Indígenas - Percentual";"População - Homens Jovens - Indígenas - Percentual";"Oculta";"Intranet";NA;0;0;NA;NA;"PPOPJHIND";"Oculta";"Social"
"13494";"PPOPJHAMR";NA;NA;"Ativa";"IBGE";"População";"População - Homens Jovens - Amarelos - Percentual";"População - Homens Jovens - Amarelos - Percentual";"Oculta";"Intranet";NA;0;0;NA;NA;"PPOPJHAMR";"Oculta";"Social"
"13495";"PPOPJMBRN";NA;NA;"Ativa";"IBGE";"População";"População - Mulheres Jovens - Brancas - Percentual";"População - Mulheres Jovens - Brancas - Percentual";"Oculta";"Intranet";NA;0;0;NA;NA;"PPOPJMBRN";"Oculta";"Social"
"13496";"PPOPJMPTO";NA;NA;"Ativa";"IBGE";"População";"População - Mulheres Jovens - Pretas - Percentual";"População - Mulheres Jovens - Pretas - Percentual";"Oculta";"Intranet";NA;0;0;NA;NA;"PPOPJMPTO";"Oculta";"Social"
"13497";"PPOPJMPRD";NA;NA;"Ativa";"IBGE";"População";"População - Mulheres Jovens - Pardas - Percentual";"População - Mulheres Jovens - Pardas - Percentual";"Oculta";"Intranet";NA;0;0;NA;NA;"PPOPJMPRD";"Oculta";"Social"
"13498";"PPOPJMIND";NA;NA;"Ativa";"IBGE";"População";"População - Mulheres Jovens - Indígenas - Percentual";"População - Mulheres Jovens - Indígenas - Percentual";"Oculta";"Intranet";NA;0;0;NA;NA;"PPOPJMIND";"Oculta";"Social"
"13499";"PPOPJMAMR";NA;NA;"Ativa";"IBGE";"População";"População - Mulheres Jovens - Amarelas - Percentual";"População - Mulheres Jovens - Amarelas - Percentual";"Oculta";"Intranet";NA;0;0;NA;NA;"PPOPJMAMR";"Oculta";"Social"
"13500";"PPOPJTBRN";NA;NA;"Ativa";"IBGE";"População";"População - Jovens - Brancos - Percentual";"População - Jovens - Brancos - Percentual";"Oculta";"Intranet";NA;0;0;NA;NA;"PPOPJTBRN";"Oculta";"Social"
"13501";"PPOPJTPTO";NA;NA;"Ativa";"IBGE";"População";"População - Jovens - Pretos - Percentual";"População - Jovens - Pretos - Percentual";"Oculta";"Intranet";NA;0;0;NA;NA;"PPOPJTPTO";"Oculta";"Social"
"13502";"PPOPJTPRD";NA;NA;"Ativa";"IBGE";"População";"População - Jovens - Pardos - Percentual";"População - Jovens - Pardos - Percentual";"Oculta";"Intranet";NA;0;0;NA;NA;"PPOPJTPRD";"Oculta";"Social"
"13503";"PPOPJTIND";NA;NA;"Ativa";"IBGE";"População";"População - Jovens - Indígenas - Percentual";"População - Jovens - Indígenas - Percentual";"Oculta";"Intranet";NA;0;0;NA;NA;"PPOPJTIND";"Oculta";"Social"
"13504";"PPOPJTAMR";NA;NA;"Ativa";"IBGE";"População";"População - Jovens - Amarelos - Percentual";"População - Jovens - Amarelos - Percentual";"Oculta";"Intranet";NA;0;0;NA;NA;"PPOPJTAMR";"Oculta";"Social"
"13505";"POPJHCH";NA;NA;"Ativa";"IBGE";"População";"População - Homens Jovens - Condição no Domicílio - Chefe";"População - Homens Jovens - Condição no Domicílio - Chefe";"Oculta";"Intranet";NA;0;0;NA;NA;"POPJHCH";"Oculta";"Social"
"13506";"POPJHCJ";NA;NA;"Ativa";"IBGE";"População";"População - Homens Jovens - Condição no Domicílio - Cônjuge";"População - Homens Jovens - Condição no Domicílio - Cônjuge";"Oculta";"Intranet";NA;0;0;NA;NA;"POPJHCJ";"Oculta";"Social"
"13507";"POPJHFI";NA;NA;"Ativa";"IBGE";"População";"População - Homens Jovens - Condição no Domicílio - Filho ou enteado";"População - Homens Jovens - Condição no Domicílio - Filho ou enteado";"Oculta";"Intranet";NA;0;0;NA;NA;"POPJHFI";"Oculta";"Social"
"13508";"POPJHOP";NA;NA;"Ativa";"IBGE";"População";"População - Homens Jovens - Condição no Domicílio - Outro Parente";"População - Homens Jovens - Condição no Domicílio - Outro Parente";"Oculta";"Intranet";NA;0;0;NA;NA;"POPJHOP";"Oculta";"Social"
"13509";"POPJMCH";NA;NA;"Ativa";"IBGE";"População";"População - Mulheres Jovens - Condição no Domicílio - Chefe";"População - Mulheres Jovens - Condição no Domicílio - Chefe";"Oculta";"Intranet";NA;0;0;NA;NA;"POPJMCH";"Oculta";"Social"
"13510";"POPJMCJ";NA;NA;"Ativa";"IBGE";"População";"População - Mulheres Jovens - Condição no Domicílio - Cônjuge";"População - Mulheres Jovens - Condição no Domicílio - Cônjuge";"Oculta";"Intranet";NA;0;0;NA;NA;"POPJMCJ";"Oculta";"Social"
"13511";"POPJMFI";NA;NA;"Ativa";"IBGE";"População";"População - Mulheres Jovens - Condição no Domicílio - Filha ou enteada";"População - Mulheres Jovens - Condição no Domicílio - Filha ou enteada";"Oculta";"Intranet";NA;0;0;NA;NA;"POPJMFI";"Oculta";"Social"
"13512";"POPJMOP";NA;NA;"Ativa";"IBGE";"População";"População - Mulheres Jovens - Condição no Domicílio - Outro Parente";"População - Mulheres Jovens - Condição no Domicílio - Outro Parente";"Oculta";"Intranet";NA;0;0;NA;NA;"POPJMOP";"Oculta";"Social"
"13513";"POPJTCH";NA;NA;"Ativa";"IBGE";"População";"População - Jovens - Condição no Domicílio - Chefe";"População - Jovens - Condição no Domicílio - Chefe";"Oculta";"Intranet";NA;0;0;NA;NA;"POPJTCH";"Oculta";"Social"
"13514";"POPJTCJ";NA;NA;"Ativa";"IBGE";"População";"População - Jovens - Condição no Domicílio - Cônjuge";"População - Jovens - Condição no Domicílio - Cônjuge";"Oculta";"Intranet";NA;0;0;NA;NA;"POPJTCJ";"Oculta";"Social"
"13515";"POPJTFI";NA;NA;"Ativa";"IBGE";"População";"População - Jovens - Condição no Domicílio - Filho ou enteado";"População - Jovens - Condição no Domicílio - Filho ou enteado";"Oculta";"Intranet";NA;0;0;NA;NA;"POPJTFI";"Oculta";"Social"
"13516";"POPJTOP";NA;NA;"Ativa";"IBGE";"População";"População - Jovens - Condição no Domicílio - Outro Parente";"População - Jovens - Condição no Domicílio - Outro Parente";"Oculta";"Intranet";NA;0;0;NA;NA;"POPJTOP";"Oculta";"Social"
"13517";"PPOPJHCH";NA;NA;"Ativa";"IBGE";"População";"População - Homens Jovens - Condição no Domicílio - Chefe - Percentual";"População - Homens Jovens - Condição no Domicílio - Chefe - Percentual";"Oculta";"Intranet";NA;0;0;NA;NA;"PPOPJHCH";"Oculta";"Social"
"13518";"PPOPJHCJ";NA;NA;"Ativa";"IBGE";"População";"População - Homens Jovens - Condição no Domicílio - Cônjuge - Percentual";"População - Homens Jovens - Condição no Domicílio - Cônjuge - Percentual";"Oculta";"Intranet";NA;0;0;NA;NA;"PPOPJHCJ";"Oculta";"Social"
"13519";"PPOPJHFI";NA;NA;"Ativa";"IBGE";"População";"População - Homens Jovens - Condição no Domicílio - Filho ou enteado - Percentual";"População - Homens Jovens - Condição no Domicílio - Filho  ou enteado - Percentual";"Oculta";"Intranet";NA;0;0;NA;NA;"PPOPJHFI";"Oculta";"Social"
"13520";"PPOPJHOP";NA;NA;"Ativa";"IBGE";"População";"População - Homens Jovens - Condição no Domicílio - Outro Parente - Percentual";"População - Homens Jovens - Condição no Domicílio - Outro Parente - Percentual";"Oculta";"Intranet";NA;0;0;NA;NA;"PPOPJHOP";"Oculta";"Social"
"13521";"PPOPJMCH";NA;NA;"Ativa";"IBGE";"População";"População - Mulheres Jovens - Condição no Domicílio - Chefe - Percentual";"População - Mulheres Jovens - Condição no Domicílio - Chefe - Percentual";"Oculta";"Intranet";NA;0;0;NA;NA;"PPOPJMCH";"Oculta";"Social"
"13522";"PPOPJMCJ";NA;NA;"Ativa";"IBGE";"População";"População - Mulheres Jovens - Condição no Domicílio - Cônjuge - Percentual";"População - Mulheres Jovens - Condição no Domicílio - Cônjuge - Percentual";"Oculta";"Intranet";NA;0;0;NA;NA;"PPOPJMCJ";"Oculta";"Social"
"13523";"PPOPJMFI";NA;NA;"Ativa";"IBGE";"População";"População - Mulheres Jovens - Condição no Domicílio - Filha ou enteada - Percentual";"População - Mulheres Jovens - Condição no Domicílio - Filha ou enteada - Percentual";"Oculta";"Intranet";NA;0;0;NA;NA;"PPOPJMFI";"Oculta";"Social"
"13524";"PPOPJMOP";NA;NA;"Ativa";"IBGE";"População";"População - Mulheres Jovens - Condição no Domicílio - Outro Parente - Percentual";"População - Mulheres Jovens - Condição no Domicílio - Outro Parente - Percentual";"Oculta";"Intranet";NA;0;0;NA;NA;"PPOPJMOP";"Oculta";"Social"
"13525";"PPOPJTCH";NA;NA;"Ativa";"IBGE";"População";"População - Jovens - Condição no Domicílio - Chefe - Percentual";"População - Jovens - Condição no Domicílio - Chefe - Percentual";"Oculta";"Intranet";NA;0;0;NA;NA;"PPOPJTCH";"Oculta";"Social"
"13526";"PPOPJTCJ";NA;NA;"Ativa";"IBGE";"População";"População - Jovens - Condição no Domicílio - Cônjuge - Percentual";"População - Jovens - Condição no Domicílio - Cônjuge - Percentual";"Oculta";"Intranet";NA;0;0;NA;NA;"PPOPJTCJ";"Oculta";"Social"
"13527";"PPOPJTFI";NA;NA;"Ativa";"IBGE";"População";"População - Jovens - Condição no Domicílio - Filho ou enteado - Percentual";"População - Jovens - Condição no Domicílio - Filho ou enteado - Percentual";"Oculta";"Intranet";NA;0;0;NA;NA;"PPOPJTFI";"Oculta";"Social"
"13528";"PPOPJTOP";NA;NA;"Ativa";"IBGE";"População";"População - Jovens - Condição no Domicílio - Outro Parente  - Percentual";"População - Jovens - Condição no Domicílio - Outro Parente  - Percentual";"Oculta";"Intranet";NA;0;0;NA;NA;"PPOPJTOP";"Oculta";"Social"
"13529";"POPJHSLT1519";NA;NA;"Ativa";"IBGE";"População";"População - Homens Jovens - Estado Conjugal - Solteiros - Idade 15-19";"População - Homens Jovens - Estado Conjugal - Solteiros - Idade 15-19";"Oculta";"Intranet";NA;0;0;NA;NA;"POPJHSLT1519";"Oculta";"Social"
"13530";"POPJHCAS1519";NA;NA;"Ativa";"IBGE";"População";"População  - Homens Jovens - Estado Conjugal - Casados - Idade 15-19";"População  - Homens Jovens - Estado Conjugal - Casados - Idade 15-19";"Oculta";"Intranet";NA;0;0;NA;NA;"POPJHCAS1519";"Oculta";"Social"
"13531";"POPJHSV1519";NA;NA;"Ativa";"IBGE";"População";"População  - Homens Jovens - Estado Conjugal -  Separados ou Viúvos - Idade 15-19";"População  - Homens Jovens - Estado Conjugal -  Separados e Viúvos - Idade 15-19";"Oculta";"Intranet";NA;0;0;NA;NA;"POPJHSV1519";"Oculta";"Social"
"13532";"POPJHSLT2024";NA;NA;"Ativa";"IBGE";"População";"População - Homens Jovens - Estado Conjugal - Solteiros - Idade 20-24";"População - Homens Jovens - Estado Conjugal - Solteiros - Idade 20-24";"Oculta";"Intranet";NA;0;0;NA;NA;"POPJHSLT2024";"Oculta";"Social"
"13533";"POPJHCAS2024";NA;NA;"Ativa";"IBGE";"População";"População  - Homens Jovens - Estado Conjugal - Casados - Idade 20-24";"População  - Homens Jovens - Estado Conjugal - Casados - Idade 20-24";"Oculta";"Intranet";NA;0;0;NA;NA;"POPJHCAS2024";"Oculta";"Social"
"13534";"POPJHSV2024";NA;NA;"Ativa";"IBGE";"População";"População  - Homens Jovens - Estado Conjugal -  Separados ou Viúvos - Idade 20-24";"População  - Homens Jovens - Estado Conjugal -  Separados e Viúvos - Idade 20-24";"Oculta";"Intranet";NA;0;0;NA;NA;"POPJHSV2024";"Oculta";"Social"
"13535";"POPJHSLT2529";NA;NA;"Ativa";"IBGE";"População";"População - Homens Jovens - Estado Conjugal - Solteiros - Idade 25-29";"População - Homens Jovens - Estado Conjugal - Solteiros - Idade 25-29";"Oculta";"Intranet";NA;0;0;NA;NA;"POPJHSLT2529";"Oculta";"Social"
"13536";"POPJHCAS2529";NA;NA;"Ativa";"IBGE";"População";"População  - Homens Jovens - Estado Conjugal - Casados - Idade 25-29";"População  - Homens Jovens - Estado Conjugal - Casados - Idade 25-29";"Oculta";"Intranet";NA;0;0;NA;NA;"POPJHCAS2529";"Oculta";"Social"
"13537";"POPJHSV2529";NA;NA;"Ativa";"IBGE";"População";"População  - Homens Jovens - Estado Conjugal -  Separados ou Viúvos - Idade 25-29";"População  - Homens Jovens - Estado Conjugal -  Separados e Viúvos - Idade 25-29";"Oculta";"Intranet";NA;0;0;NA;NA;"POPJHSV2529";"Oculta";"Social"
"13538";"POPJHSLT";NA;NA;"Ativa";"IBGE";"População";"População - Homens Jovens - Estado Conjugal - Solteiros";"População - Homens Jovens - Estado Conjugal - Solteiros";"Oculta";"Intranet";NA;0;0;NA;NA;"POPJHSLT";"Oculta";"Social"
"13539";"POPJHCAS";NA;NA;"Ativa";"IBGE";"População";"População  - Homens Jovens - Estado Conjugal - Casados";"População  - Homens Jovens - Estado Conjugal - Casados";"Oculta";"Intranet";NA;0;0;NA;NA;"POPJHCAS";"Oculta";"Social"
"13540";"POPJHSV";NA;NA;"Ativa";"IBGE";"População";"População  - Homens Jovens - Estado Conjugal -  Separados ou Viúvos";"População  - Homens Jovens - Estado Conjugal -  Separados e Viúvos";"Oculta";"Intranet";NA;0;0;NA;NA;"POPJHSV";"Oculta";"Social"
"13541";"POPJMSLT1519";NA;NA;"Ativa";"IBGE";"População";"População - Mulheres Jovens - Estado Conjugal - Solteiras - Idade 15-19";"População - Mulheres Jovens - Estado Conjugal - Solteiras - Idade 15-19";"Oculta";"Intranet";NA;0;0;NA;NA;"POPJMSLT1519";"Oculta";"Social"
"13542";"POPJMCAS1519";NA;NA;"Ativa";"IBGE";"População";"População - Mulheres Jovens - Estado Conjugal - Casadas - Idade 15-19";"População - Mulheres Jovens - Estado Conjugal - Casadas - Idade 15-19";"Oculta";"Intranet";NA;0;0;NA;NA;"POPJMCAS1519";"Oculta";"Social"
"13543";"POPJMSV1519";NA;NA;"Ativa";"IBGE";"População";"População - Mulheres Jovens - Estado Conjugal - Separadas ou Viúvas -  Idade 15-19";"População - Mulheres Jovens - Estado Conjugal - Separadas ou Viúvas -  Idade 15-19";"Oculta";"Intranet";NA;0;0;NA;NA;"POPJMSV1519";"Oculta";"Social"
"13544";"POPJMSLT2024";NA;NA;"Ativa";"IBGE";"População";"População - Mulheres Jovens - Estado Conjugal - Solteiras - Idade 20-24";"População - Mulheres Jovens - Estado Conjugal - Solteiras - Idade 20-24";"Oculta";"Intranet";NA;0;0;NA;NA;"POPJMSLT2024";"Oculta";"Social"
"13545";"POPJMCAS2024";NA;NA;"Ativa";"IBGE";"População";"População - Mulheres Jovens - Estado Conjugal - Casadas - Idade 20-24";"População - Mulheres Jovens - Estado Conjugal - Casadas - Idade 20-24";"Oculta";"Intranet";NA;0;0;NA;NA;"POPJMCAS2024";"Oculta";"Social"
"13546";"POPJMSV2024";NA;NA;"Ativa";"IBGE";"População";"População - Mulheres Jovens - Estado Conjugal - Separadas ou Viúvas - Idade 20-24";"População - Mulheres Jovens - Estado Conjugal - Separadas ou Viúvas - Idade 20-24";"Oculta";"Intranet";NA;0;0;NA;NA;"POPJMSV2024";"Oculta";"Social"
"13547";"POPJMSLT2529";NA;NA;"Ativa";"IBGE";"População";"População - Mulheres Jovens - Estado Conjugal - Solteiras - Idade 25-29";"População - Mulheres Jovens - Estado Conjugal - Solteiras - Idade 25-29";"Oculta";"Intranet";NA;0;0;NA;NA;"POPJMSLT2529";"Oculta";"Social"
"13548";"POPJMCAS2529";NA;NA;"Ativa";"IBGE";"População";"População - Mulheres Jovens - Estado Conjugal - Casadas - Idade 25-29";"População - Mulheres Jovens - Estado Conjugal - Casadas - Idade 25-29";"Oculta";"Intranet";NA;0;0;NA;NA;"POPJMCAS2529";"Oculta";"Social"
"13549";"POPJMSV2529";NA;NA;"Ativa";"IBGE";"População";"População - Mulheres Jovens - Estado Conjugal - Separadas ou Viúvas - Idade 25-29";"População - Mulheres Jovens - Estado Conjugal - Separadas ou Viúvas - Idade 25-29";"Oculta";"Intranet";NA;0;0;NA;NA;"POPJMSV2529";"Oculta";"Social"
"13550";"POPJMSLT";NA;NA;"Ativa";"IBGE";"População";"População - Mulheres Jovens - Estado Conjugal - Solteiras";"População - Mulheres Jovens - Estado Conjugal - Solteiras";"Oculta";"Intranet";NA;0;0;NA;NA;"POPJMSLT";"Oculta";"Social"
"13551";"POPJMCAS";NA;NA;"Ativa";"IBGE";"População";"População - Mulheres Jovens - Estado Conjugal - Casadas";"População - Mulheres Jovens - Estado Conjugal - Casadas";"Oculta";"Intranet";NA;0;0;NA;NA;"POPJMCAS";"Oculta";"Social"
"13552";"POPJMSV";NA;NA;"Ativa";"IBGE";"População";"População - Mulheres Jovens - Estado Conjugal - Separadas ou Viúvas";"População - Mulheres Jovens - Estado Conjugal - Separadas ou Viúvas";"Oculta";"Intranet";NA;0;0;NA;NA;"POPJMSV";"Oculta";"Social"
"13553";"POPJTSLT1519";NA;NA;"Ativa";"IBGE";"População";"População - Jovens - Estado Conjugal - Solteiros - Idade 15-19";"População - Jovens - Estado Conjugal - Solteiros - Idade 15-19";"Oculta";"Intranet";NA;0;0;NA;NA;"POPJTSLT1519";"Oculta";"Social"
"13554";"POPJTCAS1519";NA;NA;"Ativa";"IBGE";"População";"População  - Jovens - Estado Conjugal - Casados - Idade 15-19";"População  - Jovens - Estado Conjugal - Casados - Idade 15-19";"Oculta";"Intranet";NA;0;0;NA;NA;"POPJTCAS1519";"Oculta";"Social"
"13555";"POPJTSV1519";NA;NA;"Ativa";"IBGE";"População";"População  - Jovens - Estado Conjugal -  Separados ou Viúvos - Idade 15-19";"População  - Jovens - Estado Conjugal -  Separados e Viúvos - Idade 15-19";"Oculta";"Intranet";NA;0;0;NA;NA;"POPJTSV1519";"Oculta";"Social"
"13556";"POPJTSLT2024";NA;NA;"Ativa";"IBGE";"População";"População - Jovens - Estado Conjugal - Solteiros - Idade 20-24";"População - Jovens - Estado Conjugal - Solteiros - Idade 20-24";"Oculta";"Intranet";NA;0;0;NA;NA;"POPJTSLT2024";"Oculta";"Social"
"13557";"POPJTCAS2024";NA;NA;"Ativa";"IBGE";"População";"População  - Jovens - Estado Conjugal - Casados - Idade 20-24";"População  - Jovens - Estado Conjugal - Casados - Idade 20-24";"Oculta";"Intranet";NA;0;0;NA;NA;"POPJTCAS2024";"Oculta";"Social"
"13558";"POPJTSV2024";NA;NA;"Ativa";"IBGE";"População";"População  - Jovens - Estado Conjugal -  Separados ou Viúvos - Idade 20-24";"População  - Jovens - Estado Conjugal -  Separados e Viúvos - Idade 20-24";"Oculta";"Intranet";NA;0;0;NA;NA;"POPJTSV2024";"Oculta";"Social"
"13559";"POPJTSLT2529";NA;NA;"Ativa";"IBGE";"População";"População - Jovens - Estado Conjugal - Solteiros - Idade 25-29";"População - Jovens - Estado Conjugal - Solteiros - Idade 25-29";"Oculta";"Intranet";NA;0;0;NA;NA;"POPJTSLT2529";"Oculta";"Social"
"13560";"POPJTCAS2529";NA;NA;"Ativa";"IBGE";"População";"População  - Jovens - Estado Conjugal - Casados - Idade 25-29";"População  - Jovens - Estado Conjugal - Casados - Idade 25-29";"Oculta";"Intranet";NA;0;0;NA;NA;"POPJTCAS2529";"Oculta";"Social"
"13561";"POPJTSV2529";NA;NA;"Ativa";"IBGE";"População";"População  - Jovens - Estado Conjugal -  Separados ou Viúvos - Idade 25-29";"População  - Jovens - Estado Conjugal -  Separados e Viúvos - Idade 25-29";"Oculta";"Intranet";NA;0;0;NA;NA;"POPJTSV2529";"Oculta";"Social"
"13562";"POPJTSLT";NA;NA;"Ativa";"IBGE";"População";"População - Jovens - Estado Conjugal - Solteiros";"População - Jovens - Estado Conjugal - Solteiros";"Oculta";"Intranet";NA;0;0;NA;NA;"POPJTSLT";"Oculta";"Social"
"13563";"POPJTCAS";NA;NA;"Ativa";"IBGE";"População";"População  - Jovens - Estado Conjugal - Casados";"População  - Jovens - Estado Conjugal - Casados";"Oculta";"Intranet";NA;0;0;NA;NA;"POPJTCAS";"Oculta";"Social"
"13564";"POPJTSV";NA;NA;"Ativa";"IBGE";"População";"População  - Jovens - Estado Conjugal -  Separados ou Viúvos";"População  - Jovens - Estado Conjugal -  Separados e Viúvos - Idade 25-30";"Oculta";"Intranet";NA;0;0;NA;NA;"POPJTSV";"Oculta";"Social"
"13565";"PPOPJHSLT1519";NA;NA;"Ativa";"IBGE";"População";"População - Homens Jovens - Estado Conjugal - Solteiros - Idade 15-19";"População - Homens Jovens - Estado Conjugal - Solteiros - Idade 15-19";"Oculta";"Intranet";NA;0;0;NA;NA;"PPOPJHSLT1519";"Oculta";"Social"
"13566";"PPOPJHCAS1519";NA;NA;"Ativa";"IBGE";"População";"População  - Homens Jovens - Estado Conjugal - Casados - Idade 15-19";"População  - Homens Jovens - Estado Conjugal - Casados - Idade 15-19";"Oculta";"Intranet";NA;0;0;NA;NA;"PPOPJHCAS1519";"Oculta";"Social"
"13567";"PPOPJHSV1519";NA;NA;"Ativa";"IBGE";"População";"População  - Homens Jovens - Estado Conjugal -  Separados ou Viúvos - Idade 15-19";"População  - Homens Jovens - Estado Conjugal -  Separados e Viúvos - Idade 15-19";"Oculta";"Intranet";NA;0;0;NA;NA;"PPOPJHSV1519";"Oculta";"Social"
"13568";"PPOPJHSLT2024";NA;NA;"Ativa";"IBGE";"População";"População - Homens Jovens - Estado Conjugal - Solteiros - Idade 20-24";"População - Homens Jovens - Estado Conjugal - Solteiros - Idade 20-24";"Oculta";"Intranet";NA;0;0;NA;NA;"PPOPJHSLT2024";"Oculta";"Social"
"13569";"PPOPJHCAS2024";NA;NA;"Ativa";"IBGE";"População";"População  - Homens Jovens - Estado Conjugal - Casados - Idade 20-24";"População  - Homens Jovens - Estado Conjugal - Casados - Idade 20-24";"Oculta";"Intranet";NA;0;0;NA;NA;"PPOPJHCAS2024";"Oculta";"Social"
"13570";"PPOPJHSV2024";NA;NA;"Ativa";"IBGE";"População";"População  - Homens Jovens - Estado Conjugal -  Separados ou Viúvos - Idade 20-24";"População  - Homens Jovens - Estado Conjugal -  Separados e Viúvos - Idade 20-24";"Oculta";"Intranet";NA;0;0;NA;NA;"PPOPJHSV2024";"Oculta";"Social"
"13571";"PPOPJHSLT2529";NA;NA;"Ativa";"IBGE";"População";"População - Homens Jovens - Estado Conjugal - Solteiros - Idade 25-29";"População - Homens Jovens - Estado Conjugal - Solteiros - Idade 25-29";"Oculta";"Intranet";NA;0;0;NA;NA;"PPOPJHSLT2529";"Oculta";"Social"
"13572";"PPOPJHCAS2529";NA;NA;"Ativa";"IBGE";"População";"População  - Homens Jovens - Estado Conjugal - Casados - Idade 25-29";"População  - Homens Jovens - Estado Conjugal - Casados - Idade 25-29";"Oculta";"Intranet";NA;0;0;NA;NA;"PPOPJHCAS2529";"Oculta";"Social"
"13573";"PPOPJHSV2529";NA;NA;"Ativa";"IBGE";"População";"População  - Homens Jovens - Estado Conjugal -  Separados ou Viúvos - Idade 25-29";"População  - Homens Jovens - Estado Conjugal -  Separados e Viúvos - Idade 25-29";"Oculta";"Intranet";NA;0;0;NA;NA;"PPOPJHSV2529";"Oculta";"Social"
"13574";"PPOPJHSLT";NA;NA;"Ativa";"IBGE";"População";"População - Homens Jovens - Estado Conjugal - Solteiros";"População - Homens Jovens - Estado Conjugal - Solteiros";"Oculta";"Intranet";NA;0;0;NA;NA;"PPOPJHSLT";"Oculta";"Social"
"13575";"PPOPJHCAS";NA;NA;"Ativa";"IBGE";"População";"População  - Homens Jovens - Estado Conjugal - Casados";"População  - Homens Jovens - Estado Conjugal - Casados";"Oculta";"Intranet";NA;0;0;NA;NA;"PPOPJHCAS";"Oculta";"Social"
"13576";"PPOPJHSV";NA;NA;"Ativa";"IBGE";"População";"População  - Homens Jovens - Estado Conjugal -  Separados ou Viúvos";"População  - Homens Jovens - Estado Conjugal -  Separados e Viúvos";"Oculta";"Intranet";NA;0;0;NA;NA;"PPOPJHSV";"Oculta";"Social"
"13577";"PPOPJMSLT1519";NA;NA;"Ativa";"IBGE";"População";"População - Mulheres Jovens - Estado Conjugal - Solteiras - Idade 15-19";"População - Mulheres Jovens - Estado Conjugal - Solteiras - Idade 15-19";"Oculta";"Intranet";NA;0;0;NA;NA;"PPOPJMSLT1519";"Oculta";"Social"
"13578";"PPOPJMCAS1519";NA;NA;"Ativa";"IBGE";"População";"População - Mulheres Jovens - Estado Conjugal - Casadas - Idade 15-19";"População - Mulheres Jovens - Estado Conjugal - Casadas - Idade 15-19";"Oculta";"Intranet";NA;0;0;NA;NA;"PPOPJMCAS1519";"Oculta";"Social"
"13579";"PPOPJMSV1519";NA;NA;"Ativa";"IBGE";"População";"População - Mulheres Jovens - Estado Conjugal - Separadas ou Viúvas -  Idade 15-19";"População - Mulheres Jovens - Estado Conjugal - Separadas e Viúvas -  Idade 15-19";"Oculta";"Intranet";NA;0;0;NA;NA;"PPOPJMSV1519";"Oculta";"Social"
"13580";"PPOPJMSLT2024";NA;NA;"Ativa";"IBGE";"População";"População - Mulheres Jovens - Estado Conjugal - Solteiras - Idade 20-24";"População - Mulheres Jovens - Estado Conjugal - Solteiras - Idade 20-24";"Oculta";"Intranet";NA;0;0;NA;NA;"PPOPJMSLT2024";"Oculta";"Social"
"13581";"PPOPJMCAS2024";NA;NA;"Ativa";"IBGE";"População";"População - Mulheres Jovens - Estado Conjugal - Casadas - Idade 20-24";"População - Mulheres Jovens - Estado Conjugal - Casadas - Idade 20-24";"Oculta";"Intranet";NA;0;0;NA;NA;"PPOPJMCAS2024";"Oculta";"Social"
"13582";"PPOPJMSV2024";NA;NA;"Ativa";"IBGE";"População";"População - Mulheres Jovens - Estado Conjugal - Separadas ou Viúvas - Idade 20-24";"População - Mulheres Jovens - Estado Conjugal - Separadas e Viúvas - Idade 20-24";"Oculta";"Intranet";NA;0;0;NA;NA;"PPOPJMSV2024";"Oculta";"Social"
"13583";"PPOPJMSLT2529";NA;NA;"Ativa";"IBGE";"População";"População - Mulheres Jovens - Estado Conjugal - Solteiras - Idade 25-29";"População - Mulheres Jovens - Estado Conjugal - Solteiras - Idade 25-29";"Oculta";"Intranet";NA;0;0;NA;NA;"PPOPJMSLT2529";"Oculta";"Social"
"13584";"PPOPJMCAS2529";NA;NA;"Ativa";"IBGE";"População";"População - Mulheres Jovens - Estado Conjugal - Casadas - Idade 25-29";"População - Mulheres Jovens - Estado Conjugal - Casadas - Idade 25-29";"Oculta";"Intranet";NA;0;0;NA;NA;"PPOPJMCAS2529";"Oculta";"Social"
"13585";"PPOPJMSV2529";NA;NA;"Ativa";"IBGE";"População";"População - Mulheres Jovens - Estado Conjugal - Separadas ou Viúvas - Idade 25-29";"População - Mulheres Jovens - Estado Conjugal - Separadas e Viúvas - Idade 25-29";"Oculta";"Intranet";NA;0;0;NA;NA;"PPOPJMSV2529";"Oculta";"Social"
"13586";"PPOPJMSLT";NA;NA;"Ativa";"IBGE";"População";"População - Mulheres Jovens - Estado Conjugal - Solteiras";"População - Mulheres Jovens - Estado Conjugal - Solteiras";"Oculta";"Intranet";NA;0;0;NA;NA;"PPOPJMSLT";"Oculta";"Social"
"13587";"PPOPJMCAS";NA;NA;"Ativa";"IBGE";"População";"População - Mulheres Jovens - Estado Conjugal - Casadas";"População - Mulheres Jovens - Estado Conjugal - Casadas";"Oculta";"Intranet";NA;0;0;NA;NA;"PPOPJMCAS";"Oculta";"Social"
"13588";"PPOPJMSV";NA;NA;"Ativa";"IBGE";"População";"População - Mulheres Jovens - Estado Conjugal - Separadas ou Viúvas";"População - Mulheres Jovens - Estado Conjugal - Separadas e Viúvas";"Oculta";"Intranet";NA;0;0;NA;NA;"PPOPJMSV";"Oculta";"Social"
"13589";"PPOPJTSLT1519";NA;NA;"Ativa";"IBGE";"População";"População - Jovens - Estado Conjugal - Solteiros - Idade 15-19";"População - Jovens - Estado Conjugal - Solteiros - Idade 15-19";"Oculta";"Intranet";NA;0;0;NA;NA;"PPOPJTSLT1519";"Oculta";"Social"
"13590";"PPOPJTCAS1519";NA;NA;"Ativa";"IBGE";"População";"População  - Jovens - Estado Conjugal - Casados - Idade 15-19";"População  - Jovens - Estado Conjugal - Casados - Idade 15-19";"Oculta";"Intranet";NA;0;0;NA;NA;"PPOPJTCAS1519";"Oculta";"Social"
"13591";"PPOPJTSV1519";NA;NA;"Ativa";"IBGE";"População";"População  - Jovens - Estado Conjugal -  Separados ou Viúvos - Idade 15-19";"População  - Jovens - Estado Conjugal -  Separados e Viúvos - Idade 15-19";"Oculta";"Intranet";NA;0;0;NA;NA;"PPOPJTSV1519";"Oculta";"Social"
"13592";"PPOPJTSLT2024";NA;NA;"Ativa";"IBGE";"População";"População - Jovens - Estado Conjugal - Solteiros - Idade 20-24";"População - Jovens - Estado Conjugal - Solteiros - Idade 20-24";"Oculta";"Intranet";NA;0;0;NA;NA;"PPOPJTSLT2024";"Oculta";"Social"
"13593";"PPOPJTCAS2024";NA;NA;"Ativa";"IBGE";"População";"População  - Jovens - Estado Conjugal - Casados - Idade 20-24";"População  - Jovens - Estado Conjugal - Casados - Idade 20-24";"Oculta";"Intranet";NA;0;0;NA;NA;"PPOPJTCAS2024";"Oculta";"Social"
"13594";"PPOPJTSV2024";NA;NA;"Ativa";"IBGE";"População";"População  - Jovens - Estado Conjugal -  Separados ou Viúvos - Idade 20-24";"População  - Jovens - Estado Conjugal -  Separados e Viúvos - Idade 20-24";"Oculta";"Intranet";NA;0;0;NA;NA;"PPOPJTSV2024";"Oculta";"Social"
"13595";"PPOPJTSLT2529";NA;NA;"Ativa";"IBGE";"População";"População - Jovens - Estado Conjugal - Solteiros - Idade 25-29";"População - Jovens - Estado Conjugal - Solteiros - Idade 25-29";"Oculta";"Intranet";NA;0;0;NA;NA;"PPOPJTSLT2529";"Oculta";"Social"
"13596";"PPOPJTCAS2529";NA;NA;"Ativa";"IBGE";"População";"População  - Jovens - Estado Conjugal - Casados - Idade 25-29";"População  - Jovens - Estado Conjugal - Casados - Idade 25-29";"Oculta";"Intranet";NA;0;0;NA;NA;"PPOPJTCAS2529";"Oculta";"Social"
"13597";"PPOPJTSV2529";NA;NA;"Ativa";"IBGE";"População";"População  - Jovens - Estado Conjugal -  Separados ou Viúvos - Idade 25-29";"População  - Jovens - Estado Conjugal -  Separados e Viúvos - Idade 25-29";"Oculta";"Intranet";NA;0;0;NA;NA;"PPOPJTSV2529";"Oculta";"Social"
"13598";"PPOPJTSLT";NA;NA;"Ativa";"IBGE";"População";"População - Jovens - Estado Conjugal - Solteiros";"População - Jovens - Estado Conjugal - Solteiros";"Oculta";"Intranet";NA;0;0;NA;NA;"PPOPJTSLT";"Oculta";"Social"
"13599";"PPOPJTCAS";NA;NA;"Ativa";"IBGE";"População";"População  - Jovens - Estado Conjugal - Casados";"População  - Jovens - Estado Conjugal - Casados";"Oculta";"Intranet";NA;0;0;NA;NA;"PPOPJTCAS";"Oculta";"Social"
"13600";"PPOPJTSV";NA;NA;"Ativa";"IBGE";"População";"População  - Jovens - Estado Conjugal -  Separados ou viúvos";"População  - Jovens - Estado Conjugal -  Separados ou viúvos";"Oculta";"Intranet";NA;0;0;NA;NA;"PPOPJTSV";"Oculta";"Social"
"13601";"DOMCJ";NA;NA;"Ativa";"IBGE";"População";"População - Número de domicílios com jovens";"População - Número de domicílios com jovens";"Oculta";"Intranet";NA;0;0;NA;NA;"DOMCJ";"Oculta";"Social"
"13602";"POPJHOE";NA;NA;"Ativa";"IBGE";"População";"População - Homens Jovens - Outras Etnias";"População - Homens Jovens - Outras Etnias";"Oculta";"Intranet";NA;0;0;NA;NA;"POPJHOE";"Oculta";"Social"
"13603";"POPJMOE";NA;NA;"Ativa";"IBGE";"População";"População - Mulheres Jovens - Outras Etnias";"População - Mulheres Jovens - Outras Etnias";"Oculta";"Intranet";NA;0;0;NA;NA;"POPJMOE";"Oculta";"Social"
"13604";"POPJTOE";NA;NA;"Ativa";"IBGE";"População";"População - Jovens - Outras Etnias";"População - Jovens - Outras Etnias";"Oculta";"Intranet";NA;0;0;NA;NA;"POPJTOE";"Oculta";"Social"
"13605";"PPHJTBAN";NA;NA;"Ativa";"IBGE";"Educação";"População - Homens Jovens Brancos - Analfabetos - Percentual";"População - Homens Jovens Brancos - Analfabetos - Percentual";"Oculta";"Intranet";NA;0;0;NA;NA;"PPHJTBAN";"Oculta";"Social"
"13606";"PPHJTPRAN";NA;NA;"Ativa";"IBGE";"Educação";"População - Homens Jovens Pretos - Analfabetos - Percentual";"População - Homens Jovens Pretos - Analfabetos - Percentual";"Oculta";"Intranet";NA;0;0;NA;NA;"PPHJTPRAN";"Oculta";"Social"
"13607";"PPHJTPAN";NA;NA;"Ativa";"IBGE";"Educação";"População - Homens Jovens Pardos - Analfabetos - Percentual";"População - Homens Jovens Pardos - Analfabetos - Percentual";"Oculta";"Intranet";NA;0;0;NA;NA;"PPHJTPAN";"Oculta";"Social"
"13608";"PPHJTOEAN";NA;NA;"Ativa";"IBGE";"Educação";"População - Homens Jovens Outras Etnias - Analfabetos - Percentual";"População - Homens Jovens Outras Etnias - Analfabetos - Percentual";"Oculta";"Intranet";NA;0;0;NA;NA;"PPHJTOEAN";"Oculta";"Social"
"13609";"PPMJTBAN";NA;NA;"Ativa";"IBGE";"Educação";"População - Mulheres Jovens Brancas - Analfabetas - Percentual";"População - Mulheres Jovens Brancas - Analfabetas - Percentual";"Oculta";"Intranet";NA;0;0;NA;NA;"PPMJTBAN";"Oculta";"Social"
"13610";"PPMJTPRAN";NA;NA;"Ativa";"IBGE";"Educação";"População - Mulheres Jovens Pretas - Analfabetas - Percentual";"População - Mulheres Jovens Pretas - Analfabetas - Percentual";"Oculta";"Intranet";NA;0;0;NA;NA;"PPMJTPRAN";"Oculta";"Social"
"13611";"PPMJTPAN";NA;NA;"Ativa";"IBGE";"Educação";"População - Mulheres Jovens Pardas - Analfabetas - Percentual";"População - Mulheres Jovens Pardas - Analfabetas - Percentual";"Oculta";"Intranet";NA;0;0;NA;NA;"PPMJTPAN";"Oculta";"Social"
"13612";"PPMJTOEAN";NA;NA;"Ativa";"IBGE";"Educação";"População - Mulheres Jovens Outras Etnias - Analfabetas - Percentual";"População - Mulheres Jovens Outras Etnias - Analfabetas - Percentual";"Oculta";"Intranet";NA;0;0;NA;NA;"PPMJTOEAN";"Oculta";"Social"
"13613";"PPJTBAN";NA;NA;"Ativa";"IBGE";"Educação";"População - Jovens Brancos - Analfabetos - Percentual";"População - Jovens Brancos - Analfabetos - Percentual";"Oculta";"Intranet";NA;0;0;NA;NA;"PPJTBAN";"Oculta";"Social"
"13614";"PPJTPRAN";NA;NA;"Ativa";"IBGE";"Educação";"População - Jovens Pretos - Analfabetos - Percentual";"População - Jovens Pretos - Analfabetos - Percentual";"Oculta";"Intranet";NA;0;0;NA;NA;"PPJTPRAN";"Oculta";"Social"
"13615";"PPJTPAN";NA;NA;"Ativa";"IBGE";"Educação";"População - Jovens Pardos - Analfabetos - Percentual";"População - Jovens Pardos - Analfabetos - Percentual";"Oculta";"Intranet";NA;0;0;NA;NA;"PPJTPAN";"Oculta";"Social"
"13616";"PPJTOEAN";NA;NA;"Ativa";"IBGE";"Educação";"População - Jovens Outras Etnias - Analfabetos - Percentual";"População - Jovens Outras Etnias - Analfabetos - Percentual";"Oculta";"Intranet";NA;0;0;NA;NA;"PPJTOEAN";"Oculta";"Social"
"13617";"PPHJFE1519";NA;NA;"Ativa";"IBGE";"Educação";"Freqüenta Escola -  Homens Jovens - Idade 15-19 - Percentual";"Freqüenta Escola -  Homens Jovens - Idade 15-19 - Percentual";"Oculta";"Intranet";NA;0;0;NA;NA;"PPHJFE1519";"Oculta";"Social"
"13618";"PPHJFE2024";NA;NA;"Ativa";"IBGE";"Educação";"Freqüenta Escola -  Homens Jovens - Idade 20-24 - Percentual";"Freqüenta Escola -  Homens Jovens - Idade 20-24 - Percentual";"Oculta";"Intranet";NA;0;0;NA;NA;"PPHJFE2024";"Oculta";"Social"
"13619";"PPHJFE2529";NA;NA;"Ativa";"IBGE";"Educação";"Freqüenta Escola -  Homens Jovens - Idade 25-29 - Percentual";"Freqüenta Escola -  Homens Jovens - Idade 25-29 - Percentual";"Oculta";"Intranet";NA;0;0;NA;NA;"PPHJFE2529";"Oculta";"Social"
"13620";"PPHJTFE";NA;NA;"Ativa";"IBGE";"Educação";"Freqüenta Escola -  Homens Jovens - Percentual";"Freqüenta Escola -  Homens Jovens - Percentual";"Oculta";"Intranet";NA;0;0;NA;NA;"PPHJTFE";"Oculta";"Social"
"13621";"PPMJFE1519";NA;NA;"Ativa";"IBGE";"Educação";"Freqüenta Escola - Mulheres Jovens - Idade 15-19 - Percentual";"Freqüenta Escola - Mulheres Jovens - Idade 15-19 - Percentual";"Oculta";"Intranet";NA;0;0;NA;NA;"PPMJFE1519";"Oculta";"Social"
"13622";"PPMJFE2024";NA;NA;"Ativa";"IBGE";"Educação";"Freqüenta Escola - Mulheres Jovens - Idade 20-24 - Percentual";"Freqüenta Escola - Mulheres Jovens - Idade 20-24 - Percentual";"Oculta";"Intranet";NA;0;0;NA;NA;"PPMJFE2024";"Oculta";"Social"
"13623";"PPMJFE2529";NA;NA;"Ativa";"IBGE";"Educação";"Freqüenta Escola - Mulheres Jovens - Idade 25-29 - Percentual";"Freqüenta Escola - Mulheres Jovens - Idade 25-29 - Percentual";"Oculta";"Intranet";NA;0;0;NA;NA;"PPMJFE2529";"Oculta";"Social"
"13624";"PPMJTFE";NA;NA;"Ativa";"IBGE";"Educação";"Freqüenta Escola - Mulheres Jovens - Percentual";"Freqüenta Escola - Mulheres Jovens - Percentual";"Oculta";"Intranet";NA;0;0;NA;NA;"PPMJTFE";"Oculta";"Social"
"13625";"PPJFE1519";NA;NA;"Ativa";"IBGE";"Educação";"Freqüenta Escola - Jovens - Idade 15-19 - Percentual";"Freqüenta Escola - Jovens - Idade 15-19 - Percentual";"Oculta";"Intranet";NA;0;0;NA;NA;"PPJFE1519";"Oculta";"Social"
"13626";"PPJFE2024";NA;NA;"Ativa";"IBGE";"Educação";"Freqüenta Escola - Jovens - Idade 20-24 - Percentual";"Freqüenta Escola - Jovens - Idade 20-24 - Percentual";"Oculta";"Intranet";NA;0;0;NA;NA;"PPJFE2024";"Oculta";"Social"
"13627";"PPJFE2529";NA;NA;"Ativa";"IBGE";"Educação";"Freqüenta Escola - Jovens - Idade 25-29 - Percentual";"Freqüenta Escola - Jovens - Idade 25-29 - Percentual";"Oculta";"Intranet";NA;0;0;NA;NA;"PPJFE2529";"Oculta";"Social"
"13628";"PPJTFE";NA;NA;"Ativa";"IBGE";"Educação";"Freqüenta Escola - Jovens - Percentual";"Freqüenta Escola - Jovens - Percentual";"Oculta";"Intranet";NA;0;0;NA;NA;"PPJTFE";"Oculta";"Social"
"13629";"PHJOCUP1519";NA;NA;"Ativa";"IBGE";"Mercado de trabalho";"População Ocupada - Homens Jovens - Idade 15-19";"População Ocupada - Homens Jovens - Idade 15-19";"Oculta";"Intranet";NA;0;0;NA;NA;"PHJOCUP1519";"Oculta";"Social"
"13630";"PHJOCUP2024";NA;NA;"Ativa";"IBGE";"Mercado de trabalho";"População Ocupada - Homens Jovens - Idade 20-24";"População Ocupada - Homens Jovens - Idade 20-24 ";"Oculta";"Intranet";NA;0;0;NA;NA;"PHJOCUP2024";"Oculta";"Social"
"13631";"PHJOCUP2529";NA;NA;"Ativa";"IBGE";"Mercado de trabalho";"População Ocupada - Homens Jovens - Idade 25-29";"População Ocupada - Homens Jovens - Idade 25-29 ";"Oculta";"Intranet";NA;0;0;NA;NA;"PHJOCUP2529";"Oculta";"Social"
"13632";"PHJOCUP";NA;NA;"Ativa";"IBGE";"Mercado de trabalho";"População Ocupada - Homens Jovens";"População Ocupada - Homens Jovens";"Oculta";"Intranet";NA;0;0;NA;NA;"PHJOCUP";"Oculta";"Social"
"13633";"PMJOCUP1519";NA;NA;"Ativa";"IBGE";"Mercado de trabalho";"População Ocupada - Mulheres  Jovens - Idade 15-19";"População Ocupada - Mulheres  Jovens - Idade 15-19 ";"Oculta";"Intranet";NA;0;0;NA;NA;"PMJOCUP1519";"Oculta";"Social"
"13634";"PMJOCUP2024";NA;NA;"Ativa";"IBGE";"Mercado de trabalho";"População Ocupada - Mulheres Jovens - Idade 20-24";"População Ocupada - Mulheres Jovens - Idade 20-24 ";"Oculta";"Intranet";NA;0;0;NA;NA;"PMJOCUP2024";"Oculta";"Social"
"13635";"PMJOCUP2529";NA;NA;"Ativa";"IBGE";"Mercado de trabalho";"População Ocupada - Mulheres Jovens - Idade 25-29";"População Ocupada - Mulheres Jovens - Idade 25-29 ";"Oculta";"Intranet";NA;0;0;NA;NA;"PMJOCUP2529";"Oculta";"Social"
"13636";"PMJOCUP";NA;NA;"Ativa";"IBGE";"Mercado de trabalho";"População Ocupada - Mulheres Jovens";"População Ocupada - Mulheres Jovens";"Oculta";"Intranet";NA;0;0;NA;NA;"PMJOCUP";"Oculta";"Social"
"13637";"PJOCUP1519";NA;NA;"Ativa";"IBGE";"Mercado de trabalho";"População Ocupada - Jovens - Idade 15-19";"População Ocupada - Jovens - Idade 15-19 ";"Oculta";"Intranet";NA;0;0;NA;NA;"PJOCUP1519";"Oculta";"Social"
"13638";"PJOCUP2024";NA;NA;"Ativa";"IBGE";"Mercado de trabalho";"População Ocupada - Jovens  - Idade 20-24";"População Ocupada - Jovens  - Idade 20-24 ";"Oculta";"Intranet";NA;0;0;NA;NA;"PJOCUP2024";"Oculta";"Social"
"13639";"PJOCUP2529";NA;NA;"Ativa";"IBGE";"Mercado de trabalho";"População Ocupada - Jovens  - Idade 25-29";"População Ocupada - Jovens  - Idade 25-29 ";"Oculta";"Intranet";NA;0;0;NA;NA;"PJOCUP2529";"Oculta";"Social"
"13640";"PJOCUP";NA;NA;"Ativa";"IBGE";"Mercado de trabalho";"População  Ocupada - Jovens";"População  Ocupada - Jovens";"Oculta";"Intranet";NA;0;0;NA;NA;"PJOCUP";"Oculta";"Social"
"13641";"PPHJOCUP1519";NA;NA;"Ativa";"IBGE";"Mercado de trabalho";"População Ocupada - Homens Jovens - Idade 15-19 - Percentual";"População Ocupada - Homens Jovens - Idade 15-19 - Percentual";"Oculta";"Intranet";NA;0;0;NA;NA;"PPHJOCUP1519";"Oculta";"Social"
"13642";"PPHJOCUP2024";NA;NA;"Ativa";"IBGE";"Mercado de trabalho";"População Ocupada - Homens Jovens - Idade 20-24  - Percentual";"População Ocupada - Homens Jovens - Idade 20-24  - Percentual";"Oculta";"Intranet";NA;0;0;NA;NA;"PPHJOCUP2024";"Oculta";"Social"
"13643";"PPHJOCUP2529";NA;NA;"Ativa";"IBGE";"Mercado de trabalho";"População Ocupada - Homens Jovens - Idade 25-29  - Percentual";"População Ocupada - Homens Jovens - Idade 25-29  - Percentual";"Oculta";"Intranet";NA;0;0;NA;NA;"PPHJOCUP2529";"Oculta";"Social"
"13644";"PPHJOCUP";NA;NA;"Ativa";"IBGE";"Mercado de trabalho";"População Ocupada - Homens Jovens - Percentual";"População Ocupada - Homens Jovens - Percentual";"Oculta";"Intranet";NA;0;0;NA;NA;"PPHJOCUP";"Oculta";"Social"
"13645";"PPMJOCUP1519";NA;NA;"Ativa";"IBGE";"Mercado de trabalho";"População Ocupada - Mulheres  Jovens - Idade 15-19  - Percentual";"População Ocupada - Mulheres  Jovens - Idade 15-19  - Percentual";"Oculta";"Intranet";NA;0;0;NA;NA;"PPMJOCUP1519";"Oculta";"Social"
"13646";"PPMJOCUP2024";NA;NA;"Ativa";"IBGE";"Mercado de trabalho";"População Ocupada - Mulheres Jovens - Idade 20-24  - Percentual";"População Ocupada - Mulheres Jovens - Idade 20-24  - Percentual";"Oculta";"Intranet";NA;0;0;NA;NA;"PPMJOCUP2024";"Oculta";"Social"
"13647";"PPMJOCUP2529";NA;NA;"Ativa";"IBGE";"Mercado de trabalho";"População Ocupada - Mulheres Jovens - Idade 25-29  - Percentual";"População Ocupada - Mulheres Jovens - Idade 25-29  - Percentual";"Oculta";"Intranet";NA;0;0;NA;NA;"PPMJOCUP2529";"Oculta";"Social"
"13648";"PPMJOCUP";NA;NA;"Ativa";"IBGE";"Mercado de trabalho";"População Ocupada - Mulheres Jovens- Percentual";"População Ocupada - Mulheres Jovens- Percentual";"Oculta";"Intranet";NA;0;0;NA;NA;"PPMJOCUP";"Oculta";"Social"
"13649";"PPJOCUP";NA;NA;"Ativa";"IBGE";"Mercado de trabalho";"População  Ocupada - Jovens - Percentual";"População  Ocupada - Jovens - Percentual";"Oculta";"Intranet";NA;0;0;NA;NA;"PPJOCUP";"Oculta";"Social"
"13650";"POHJHT";NA;NA;"Ativa";"IBGE";"Mercado de trabalho";"População Ocupada - Homens Jovens - Número Médio de Horas Trabalhadas";"População Ocupada - Homens Jovens - Número Médio de Horas Trabalhadas ";"Oculta";"Intranet";NA;0;0;NA;NA;"POHJHT";"Oculta";"Social"
"13651";"POMJHT";NA;NA;"Ativa";"IBGE";"Mercado de trabalho";"População Ocupada - Mulheres Jovens - Número Médio de Horas Trabalhadas";"População Ocupada - Mulheres Jovens - Número Médio de Horas Trabalhadas ";"Oculta";"Intranet";NA;0;0;NA;NA;"POMJHT";"Oculta";"Social"
"13652";"POJHT";NA;NA;"Ativa";"IBGE";"Mercado de trabalho";"População Ocupada - Jovens - Número Médio de Horas Trabalhadas - Ambos os Sexos";"População Ocupada - Jovens - Número Médio de Horas Trabalhadas";"Oculta";"Intranet";NA;0;0;NA;NA;"POJHT";"Oculta";"Social"
"13653";"PPHJOCRAP";NA;NA;"Ativa";"IBGE";"Mercado de trabalho";"População Ocupada -  Homens Jovens - Ramo de Atividade - Primário - Percentual";"População Ocupada -  Homens Jovens - Ramo de Atividade - Primário - Percentual";"Oculta";"Intranet";NA;0;0;NA;NA;"PPHJOCRAP";"Oculta";"Social"
"13654";"PPHJOCRAS";NA;NA;"Ativa";"IBGE";"Mercado de trabalho";"População Ocupada -  Homens Jovens - Ramo de Atividade - Secundário - Percentual";"População Ocupada -  Homens Jovens - Ramo de Atividade - Secundário - Percentual";"Oculta";"Intranet";NA;0;0;NA;NA;"PPHJOCRAS";"Oculta";"Social"
"13655";"PPHJOCRAT";NA;NA;"Ativa";"IBGE";"Mercado de trabalho";"População Ocupada -  Homens Jovens - Ramo de Atividade - Terciário - Percentual";"População Ocupada -  Homens Jovens - Ramo de Atividade - Terciário - Percentual";"Oculta";"Intranet";NA;0;0;NA;NA;"PPHJOCRAT";"Oculta";"Social"
"13656";"PPMJOCRAP";NA;NA;"Ativa";"IBGE";"Mercado de trabalho";"População Ocupada -  Mulheres Jovens - Ramo de Atividade - Primário - Percentual";"População Ocupada -  Mulheres Jovens - Ramo de Atividade - Primário - Percentual";"Oculta";"Intranet";NA;0;0;NA;NA;"PPMJOCRAP";"Oculta";"Social"
"13657";"PPMJOCRAS";NA;NA;"Ativa";"IBGE";"Mercado de trabalho";"População Ocupada - Mulheres Jovens - Ramo de Atividade - Secundário - Percentual";"População Ocupada - Mulheres Jovens - Ramo de Atividade - Secundário - Percentual";"Oculta";"Intranet";NA;0;0;NA;NA;"PPMJOCRAS";"Oculta";"Social"
"13658";"PPMJOCRAT";NA;NA;"Ativa";"IBGE";"Mercado de trabalho";"População Ocupada -  Mulheres Jovens - Ramo de Atividade - Terciário - Percentual";"População Ocupada -  Mulheres Jovens - Ramo de Atividade - Terciário - Percentual";"Oculta";"Intranet";NA;0;0;NA;NA;"PPMJOCRAT";"Oculta";"Social"
"13659";"PPJOCRAP";NA;NA;"Ativa";"IBGE";"Mercado de trabalho";"População Ocupada -  Jovens - Ramo de Atividade - Primário - Percentual";"População Ocupada -  Jovens - Ramo de Atividade - Primário - Percentual";"Oculta";"Intranet";NA;0;0;NA;NA;"PPJOCRAP";"Oculta";"Social"
"13660";"PPJOCRAS";NA;NA;"Ativa";"IBGE";"Mercado de trabalho";"População Ocupada -  Jovens - Ramo de Atividade - Secundário - Percentual";" População Ocupada -  Jovens - Ramo de Atividade - Secundário - Percentual";"Oculta";"Intranet";NA;0;0;NA;NA;"PPJOCRAS";"Oculta";"Social"
"13661";"PPJOCRAT";NA;NA;"Ativa";"IBGE";"Mercado de trabalho";"População Ocupada -  Jovens - Ramo de Atividade - Terciário - Percentual";"População Ocupada -  Jovens - Ramo de Atividade - Terciário - Percentual";"Oculta";"Intranet";NA;0;0;NA;NA;"PPJOCRAT";"Oculta";"Social"
"13662";"PPHJOCECC";NA;NA;"Ativa";"IBGE";"Mercado de trabalho";"População Ocupada -  Homens Jovens -  Posição na Ocupação - Empregados com carteira assinada - Total";"População Ocupada -  Homens Jovens -  Posição na Ocupação - Empregados com carteira assinada - Total - Percentual";"Oculta";"Intranet";NA;0;0;NA;NA;"PPHJOCECC";"Oculta";"Social"
"13663";"PPHJOCESC";NA;NA;"Ativa";"IBGE";"Mercado de trabalho";"População Ocupada -  Homens Jovens -  Posição na Ocupação - Empregados sem Carteira - Percentual";"População Ocupada -  Homens Jovens -  Posição na Ocupação - Empregados sem Carteira - Percentual  ";"Oculta";"Intranet";NA;0;0;NA;NA;"PPHJOCESC";"Oculta";"Social"
"13664";"PPMJOCECC";NA;NA;"Ativa";"IBGE";"Mercado de trabalho";"População Ocupada -  Mulheres Jovens -  Posição na Ocupação -Empregados com carteira assinada - Tota";"População Ocupada -  Mulheres Jovens -  Posição na Ocupação -Empregados com carteira assinada - Total - Percentual";"Oculta";"Intranet";NA;0;0;NA;NA;"PPMJOCECC";"Oculta";"Social"
"13665";"PPMJOCESC";NA;NA;"Ativa";"IBGE";"Mercado de trabalho";"População Ocupada -  Mulheres Jovens -  Posição na Ocupação - Empregados sem Carteira - Percentual";"População Ocupada -  Mulheres Jovens -  Posição na Ocupação - Empregados sem Carteira - Percentual  ";"Oculta";"Intranet";NA;0;0;NA;NA;"PPMJOCESC";"Oculta";"Social"
"13666";"PPJOCECC";NA;NA;"Ativa";"IBGE";"Mercado de trabalho";"População Ocupada -  Jovens - Posição na Ocupação - Empregados com carteira assinada - Total - Perce";"População Ocupada -  Jovens - Posição na Ocupação - Empregados com carteira assinada - Total - Percentual";"Oculta";"Intranet";NA;0;0;NA;NA;"PPJOCECC";"Oculta";"Social"
"13667";"PPJOCESC";NA;NA;"Ativa";"IBGE";"Mercado de trabalho";"População Ocupada - Jovens - Posição na Ocupação - Empregados sem Carteira - Percentual";"População Ocupada - Jovens - Posição na Ocupação - Empregados sem Carteira - Percentual ";"Oculta";"Intranet";NA;0;0;NA;NA;"PPJOCESC";"Oculta";"Social"
"13668";"TXPTCH1519";NA;NA;"Ativa";"IBGE";"Mercado de trabalho";"Taxa de Participação - Homens Jovens - Idade 15-19";"Taxa de Participação - Homens Jovens - Idade 15-19  ";"Oculta";"Intranet";NA;0;0;NA;NA;"TXPTCH1519";"Oculta";"Social"
"13669";"TXPTCH2024";NA;NA;"Ativa";"IBGE";"Mercado de trabalho";"Taxa de Participação - Homens Jovens - Idade 20-24";"Taxa de Participação - Homens Jovens - Idade 20-24 ";"Oculta";"Intranet";NA;0;0;NA;NA;"TXPTCH2024";"Oculta";"Social"
"13670";"TXPTCH2529";NA;NA;"Ativa";"IBGE";"Mercado de trabalho";"Taxa de Participação - Homens Jovens - Idade 25-29";"Taxa de Participação - Homens Jovens - Idade 25-29 ";"Oculta";"Intranet";NA;0;0;NA;NA;"TXPTCH2529";"Oculta";"Social"
"13671";"TXPTCHJ";NA;NA;"Ativa";"IBGE";"Mercado de trabalho";"Taxa de Participação - Homens Jovens - Total";"Taxa de Participação - Homens Jovens - Total ";"Oculta";"Intranet";NA;0;0;NA;NA;"TXPTCHJ";"Oculta";"Social"
"13672";"TXPTCM1519";NA;NA;"Ativa";"IBGE";"Mercado de trabalho";"Taxa de Participação - Mulheres Jovens - Idade 15-19";"Taxa de Participação - Mulheres Jovens - Idade 15-19  ";"Oculta";"Intranet";NA;0;0;NA;NA;"TXPTCM1519";"Oculta";"Social"
"13673";"TXPTCM2024";NA;NA;"Ativa";"IBGE";"Mercado de trabalho";"Taxa de Participação - Mulheres Jovens - Idade 20-24";"Taxa de Participação - Mulheres Jovens - Idade 20-24  ";"Oculta";"Intranet";NA;0;0;NA;NA;"TXPTCM2024";"Oculta";"Social"
"13674";"TXPTCM2529";NA;NA;"Ativa";"IBGE";"Mercado de trabalho";"Taxa de Participação - Mulheres Jovens - Idade 25-29";"Taxa de Participação - Mulheres Jovens - Idade 25-29 ";"Oculta";"Intranet";NA;0;0;NA;NA;"TXPTCM2529";"Oculta";"Social"
"13675";"TXPTCMJ";NA;NA;"Ativa";"IBGE";"Mercado de trabalho";"Taxa de Participação - Mulheres Jovens - Total";"Taxa de Participação - Mulheres Jovens - Total";"Oculta";"Intranet";NA;0;0;NA;NA;"TXPTCMJ";"Oculta";"Social"
"13676";"TXPTCJ";NA;NA;"Ativa";"IBGE";"Mercado de trabalho";"Taxa de Participação - Jovens - Total";"Taxa de Participação - Jovens - Total";"Oculta";"Intranet";NA;0;0;NA;NA;"TXPTCJ";"Oculta";"Social"
"13677";"PPEHJ";NA;NA;"Ativa";"IBGE";"Mercado de trabalho";"PEA e estuda - Homens Jovens - Total - Percentual";"PEA e estuda - Homens Jovens - Total - Percentual";"Oculta";"Intranet";NA;0;0;NA;NA;"PPEHJ";"Oculta";"Social"
"13678";"PPNEHJ";NA;NA;"Ativa";"IBGE";"Mercado de trabalho";"PEA e não estuda - Homens Jovens - Total - Percentual";"PEA e não estuda - Homens Jovens - Total - Percentual";"Oculta";"Intranet";NA;0;0;NA;NA;"PPNEHJ";"Oculta";"Social"
"13679";"PNPEHJ";NA;NA;"Ativa";"IBGE";"Mercado de trabalho";"Não PEA e estuda - Homens Jovens - Total - Percentual";"Não PEA e estuda - Homens Jovens - Total - Percentual";"Oculta";"Intranet";NA;0;0;NA;NA;"PNPEHJ";"Oculta";"Social"
"13680";"PNPNEHJ";NA;NA;"Ativa";"IBGE";"Mercado de trabalho";"Não PEA e não estuda - Homens Jovens - Total - Percentual";"Não PEA e não estuda - Homens Jovens - Total - Percentual";"Oculta";"Intranet";NA;0;0;NA;NA;"PNPNEHJ";"Oculta";"Social"
"13681";"PPEMJ";NA;NA;"Ativa";"IBGE";"Mercado de trabalho";"PEA e estuda - Mulheres Jovens - Total - Percentual";"PEA e estuda - Mulheres Jovens - Total - Percentual";"Oculta";"Intranet";NA;0;0;NA;NA;"PPEMJ";"Oculta";"Social"
"13682";"PPNEMJ";NA;NA;"Ativa";"IBGE";"Mercado de trabalho";"PEA e não estuda - Mulheres Jovens - Total - Percentual";"PEA e não estuda - Mulheres Jovens - Total - Percentual";"Oculta";"Intranet";NA;0;0;NA;NA;"PPNEMJ";"Oculta";"Social"
"13683";"PNPEMJ";NA;NA;"Ativa";"IBGE";"Mercado de trabalho";"Não PEA e estuda - Mulheres Jovens - Total - Percentual";"Não PEA e estuda - Mulheres Jovens - Total - Percentual";"Oculta";"Intranet";NA;0;0;NA;NA;"PNPEMJ";"Oculta";"Social"
"13684";"PNPNEMJ";NA;NA;"Ativa";"IBGE";"Mercado de trabalho";"Não PEA e não estuda - Mulheres Jovens - Total - Percentual";"Não PEA e não estuda - Mulheres Jovens - Total - Percentual";"Oculta";"Intranet";NA;0;0;NA;NA;"PNPNEMJ";"Oculta";"Social"
"13685";"PPEJ";NA;NA;"Ativa";"IBGE";"Mercado de trabalho";"PEA e estuda - Jovens - Total - Percentual";"PEA e estuda - Jovens - Total - Percentual";"Oculta";"Intranet";NA;0;0;NA;NA;"PPEJ";"Oculta";"Social"
"13686";"PPNEJ";NA;NA;"Ativa";"IBGE";"Mercado de trabalho";"PEA e não estuda - Jovens - Total - Percentual";"PEA e não estuda - Jovens - Total - Percentual";"Oculta";"Intranet";NA;0;0;NA;NA;"PPNEJ";"Oculta";"Social"
"13687";"PNPEJ";NA;NA;"Ativa";"IBGE";"Mercado de trabalho";"Não PEA e estuda - Jovens - Total - Percentual";"Não PEA e estuda - Jovens - Total - Percentual";"Oculta";"Intranet";NA;0;0;NA;NA;"PNPEJ";"Oculta";"Social"
"13688";"PNPNEJ";NA;NA;"Ativa";"IBGE";"Mercado de trabalho";"Não PEA e não estuda - Jovens - Total - Percentual";"Não PEA e não estuda - Jovens - Total - Percentual";"Oculta";"Intranet";NA;0;0;NA;NA;"PNPNEJ";"Oculta";"Social"
"13689";"POPHJATM";NA;NA;"Ativa";"IBGE";"População";"Procurou serviço ou profissional de saúde para atendimento relacionado à própria saúde - Homens Jove";"Procurou serviço ou profissional de saúde para atendimento relacionado à própria saúde - Homens Jovens";"Oculta";"Intranet";NA;0;0;NA;NA;"POPHJATM";"Oculta";"Social"
"13690";"POPMJATM";NA;NA;"Ativa";"IBGE";"População";"Procurou serviço ou profissional de saúde para atendimento relacionado à própria saúde - Mulheres Jo";"Procurou serviço ou profissional de saúde para atendimento relacionado à própria saúde - Mulheres Jovens";"Oculta";"Intranet";NA;0;0;NA;NA;"POPMJATM";"Oculta";"Social"
"13691";"POPJATM";NA;NA;"Ativa";"IBGE";"População";"Procurou serviço ou profissional de saúde para atendimento relacionado à própria saúde - Jovens";"Procurou serviço ou profissional de saúde para atendimento relacionado à própria saúde - Jovens";"Oculta";"Intranet";NA;0;0;NA;NA;"POPJATM";"Oculta";"Social"
"13692";"PPHJSOB";NA;NA;"Ativa";"IBGE";"Saúde";"Percepção do estado de saúde - Ótimo e bom -  Homens Jovens - Percentual";"Percepção do estado de saúde - Ótimo e bom -  Homens Jovens - Percentual";"Oculta";"Intranet";NA;0;0;NA;NA;"PPHJSOB";"Oculta";"Social"
"13693";"PPHJSR";NA;NA;"Ativa";"IBGE";"Renda";"População Sem Rendimento - Homens Jovens - Total - Percentual";"População Sem Rendimento - Homens Jovens - Total - Percentual";"Oculta";"Intranet";NA;0;0;NA;NA;"PPHJSR";"Oculta";"Social"
"13694";"PPHJSRMR";NA;NA;"Ativa";"IBGE";"Saúde";"Percepção do estado de saúde - Ruim e muito ruim -  Homens Jovens - Percentual";"Percepção do estado de saúde - Ruim e muito ruim -  Homens Jovens - Percentual";"Oculta";"Intranet";NA;0;0;NA;NA;"PPHJSRMR";"Oculta";"Social"
"13695";"PPMJSOB";NA;NA;"Ativa";"IBGE";"Saúde";"Percepção do estado de saúde - Ótimo e bom -  Mulheres Jovens - Percentual";"Percepção do estado de saúde - Ótimo e bom -  Mulheres Jovens - Percentual";"Oculta";"Intranet";NA;0;0;NA;NA;"PPMJSOB";"Oculta";"Social"
"13696";"PPMJSR";NA;NA;"Ativa";"IBGE";"Renda";"População Sem Rendimento - Mulheres Jovens - Total - Percentual";"População Sem Rendimento - Mulheres Jovens - Total - Percentual";"Oculta";"Intranet";NA;0;0;NA;NA;"PPMJSR";"Oculta";"Social"
"13697";"PPMJSRMR";NA;NA;"Ativa";"IBGE";"Saúde";"Percepção do estado de saúde - Ruim e muito ruim -  Mulheres Jovens - Percentual";"Percepção do estado de saúde - Ruim e muito ruim -  Mulheres Jovens - Percentual";"Oculta";"Intranet";NA;0;0;NA;NA;"PPMJSRMR";"Oculta";"Social"
"13698";"PPJSOB";NA;NA;"Ativa";"IBGE";"Saúde";"Percepção do estado de saúde - Ótimo e bom - Jovens - Percentual";"Percepção do estado de saúde - Ótimo e bom - Jovens - Percentual";"Oculta";"Intranet";NA;0;0;NA;NA;"PPJSOB";"Oculta";"Social"
"13699";"PPJSR";NA;NA;"Ativa";"IBGE";"Renda";"População Sem Rendimento - Jovens - Ambos os Sexos - Percentual";"População Sem Rendimento - Jovens - Total - Percentual";"Oculta";"Intranet";NA;0;0;NA;NA;"PPJSR";"Oculta";"Social"
"13700";"PPJSRMR";NA;NA;"Ativa";"IBGE";"Saúde";"Percepção do estado de saúde - Ruim e muito ruim - Jovens - Percentual";"Percepção do estado de saúde - Ruim e muito ruim - Jovens - Percentual";"Oculta";"Intranet";NA;0;0;NA;NA;"PPJSRMR";"Oculta";"Social"
"13701";"PPHJPS";NA;NA;"Ativa";"IBGE";"Saúde";"Tem direito a algum plano de saúde - Homens Jovens - Percentual";"Tem direito a algum plano de saúde - Homens Jovens - Percentual";"Oculta";"Intranet";NA;0;0;NA;NA;"PPHJPS";"Oculta";"Social"
"13702";"PPMJPS";NA;NA;"Ativa";"IBGE";"Saúde";"Tem direito a algum plano de saúde  - Mulheres Jovens - Percentual";"Tem direito a algum plano de saúde  - Mulheres Jovens - Percentual";"Oculta";"Intranet";NA;0;0;NA;NA;"PPMJPS";"Oculta";"Social"
"13703";"PPJPS";NA;NA;"Ativa";"IBGE";"Saúde";"Tem direito a algum plano de saúde  - Jovens - Percentual";"Tem direito a algum plano de saúde  - Jovens - Percentual";"Oculta";"Intranet";NA;0;0;NA;NA;"PPJPS";"Oculta";"Social"
"13704";"PPHJMED";NA;NA;"Ativa";"IBGE";"Saúde";"Consultou médico nos últimos 12 meses - Homens Jovens - Percentual";"Consultou médico nos últimos 12 meses - Homens Jovens - Percentual";"Oculta";"Intranet";NA;0;0;NA;NA;"PPHJMED";"Oculta";"Social"
"13705";"PPMJMED";NA;NA;"Ativa";"IBGE";"Saúde";"Consultou médico nos últimos 12 meses  - Mulheres Jovens - Percentual";"Consultou médico nos últimos 12 meses  - Mulheres Jovens - Percentual";"Oculta";"Intranet";NA;0;0;NA;NA;"PPMJMED";"Oculta";"Social"
"13706";"PPJMED";NA;NA;"Ativa";"IBGE";"Saúde";"Consultou médico nos últimos 12 meses  - Jovens - Percentual";"Consultou médico nos últimos 12 meses  - Jovens - Percentual";"Oculta";"Intranet";NA;0;0;NA;NA;"PPJMED";"Oculta";"Social"
"13707";"PPHJDENT";NA;NA;"Ativa";"IBGE";"Saúde";"Visitou o dentista pela última vez em menos de 1 ano - Homens Jovens - Percentual";"Visitou o dentista pela última vez em menos de 1 ano - Homens Jovens - Percentual";"Oculta";"Intranet";NA;0;0;NA;NA;"PPHJDENT";"Oculta";"Social"
"13708";"PPMJDENT";NA;NA;"Ativa";"IBGE";"Saúde";"Visitou o dentista pela última vez em menos de 1 ano  - Mulheres Jovens - Percentual";"Visitou o dentista pela última vez em menos de 1 ano  - Mulheres Jovens - Percentual";"Oculta";"Intranet";NA;0;0;NA;NA;"PPMJDENT";"Oculta";"Social"
"13709";"PPJDENT";NA;NA;"Ativa";"IBGE";"Saúde";"Visitou o dentista pela última vez em menos de 1 ano  - Jovens - Percentual";"Visitou o dentista pela última vez em menos de 1 ano  - Jovens - Percentual";"Oculta";"Intranet";NA;0;0;NA;NA;"PPJDENT";"Oculta";"Social"
"13710";"PPHJATM";NA;NA;"Ativa";"IBGE";"Saúde";"Procurou serviço ou profissional de saúde para atendimento relacionado à própria saúde - Homens Jove";"Procurou serviço ou profissional de saúde para atendimento relacionado à própria saúde - Homens Jovens - Percentual";"Oculta";"Intranet";NA;0;0;NA;NA;"PPHJATM";"Oculta";"Social"
"13711";"PPMJATM";NA;NA;"Ativa";"IBGE";"Saúde";"Procurou serviço ou profissional de saúde para atendimento relacionado à própria saúde - Mulheres Jo";"Procurou serviço ou profissional de saúde para atendimento relacionado à própria saúde - Mulheres Jovens - Percentual";"Oculta";"Intranet";NA;0;0;NA;NA;"PPMJATM";"Oculta";"Social"
"13712";"PPJATM";NA;NA;"Ativa";"IBGE";"Saúde";"Procurou serviço ou profissional de saúde para atendimento relacionado à própria saúde - Jovens - Pe";"Procurou serviço ou profissional de saúde para atendimento relacionado à própria saúde - Jovens - Percentual";"Oculta";"Intranet";NA;0;0;NA;NA;"PPJATM";"Oculta";"Social"
"13713";"PPHJATEX";NA;NA;"Ativa";"IBGE";"Saúde";"Procurou atendimento relacionado à própria saúde por motivo de exames de rotina ou prevenção - Homen";"Procurou atendimento relacionado à própria saúde por motivo de exames de rotina ou prevenção - Homens Jovens - Percentual";"Oculta";"Intranet";NA;0;0;NA;NA;"PPHJATEX";"Oculta";"Social"
"13714";"PPMJATEX";NA;NA;"Ativa";"IBGE";"Saúde";"Procurou atendimento relacionado à própria saúde por motivo de exames de rotina ou prevenção - Mulhe";"Procurou atendimento relacionado à própria saúde por motivo de exames de rotina ou prevenção - Mulheres Jovens - Percentual";"Oculta";"Intranet";NA;0;0;NA;NA;"PPMJATEX";"Oculta";"Social"
"13715";"PPJATEX";NA;NA;"Ativa";"IBGE";"Saúde";"Procurou atendimento relacionado à própria saúde por motivo de exames de rotina ou prevenção - Joven";"Procurou atendimento relacionado à própria saúde por motivo de exames de rotina ou prevenção - Jovens - Percentual";"Oculta";"Intranet";NA;0;0;NA;NA;"PPJATEX";"Oculta";"Social"
"13716";"PPHJATDOE";NA;NA;"Ativa";"IBGE";"Saúde";"Procurou atendimento relacionado à própria saúde por motivo de doença - Homens Jovens - Percentual";"Procurou atendimento relacionado à própria saúde por motivo de doença - Homens Jovens - Percentual";"Oculta";"Intranet";NA;0;0;NA;NA;"PPHJATDOE";"Oculta";"Social"
"13717";"PPMJATDOE";NA;NA;"Ativa";"IBGE";"Saúde";"Procurou atendimento relacionado à própria saúde por motivo de doença - Mulheres Jovens - Percentual";"Procurou atendimento relacionado à própria saúde por motivo de doença - Mulheres Jovens - Percentual";"Oculta";"Intranet";NA;0;0;NA;NA;"PPMJATDOE";"Oculta";"Social"
"13718";"PPJATDOE";NA;NA;"Ativa";"IBGE";"Saúde";"Procurou atendimento relacionado à própria saúde por motivo de doença - Jovens - Percentual";"Procurou atendimento relacionado à própria saúde por motivo de doença - Jovens - Percentual";"Oculta";"Intranet";NA;0;0;NA;NA;"PPJATDOE";"Oculta";"Social"
"13719";"PPHJATCM";NA;NA;"Ativa";"IBGE";"Saúde";"Principal atendimento de saúde recebido - Consulta médica - Homens Jovens - Percentual";"Principal atendimento de saúde recebido - Consulta médica - Homens Jovens - Percentual";"Oculta";"Intranet";NA;0;0;NA;NA;"PPHJATCM";"Oculta";"Social"
"13720";"PPMJATCM";NA;NA;"Ativa";"IBGE";"Saúde";"Principal atendimento de saúde recebido - Consulta médica - Mulheres Jovens - Percentual";"Principal atendimento de saúde recebido - Consulta médica - Mulheres Jovens - Percentual";"Oculta";"Intranet";NA;0;0;NA;NA;"PPMJATCM";"Oculta";"Social"
"13721";"PPJATCM";NA;NA;"Ativa";"IBGE";"Saúde";"Principal atendimento de saúde recebido - Consulta médica - Jovens - Percentual";"Principal atendimento de saúde recebido - Consulta médica - Jovens - Percentual";"Oculta";"Intranet";NA;0;0;NA;NA;"PPJATCM";"Oculta";"Social"
"13722";"PPHJATDENT";NA;NA;"Ativa";"IBGE";"Saúde";"Principal atendimento de saúde recebido - Dentista - Homens Jovens - Percentual";"Principal atendimento de saúde recebido - Dentista - Homens Jovens - Percentual";"Oculta";"Intranet";NA;0;0;NA;NA;"PPHJATDENT";"Oculta";"Social"
"13723";"PPMJATDENT";NA;NA;"Ativa";"IBGE";"Saúde";"Principal atendimento de saúde recebido - Dentista - Mulheres Jovens - Percentual";"Principal atendimento de saúde recebido - Dentista - Mulheres Jovens - Percentual";"Oculta";"Intranet";NA;0;0;NA;NA;"PPMJATDENT";"Oculta";"Social"
"13724";"PPJATDENT";NA;NA;"Ativa";"IBGE";"Saúde";"Principal atendimento de saúde recebido - Dentista - Jovens - Percentual";"Principal atendimento de saúde recebido - Dentista - Jovens - Percentual";"Oculta";"Intranet";NA;0;0;NA;NA;"PPJATDENT";"Oculta";"Social"
"13725";"PPHJATPUB";NA;NA;"Ativa";"IBGE";"Saúde";"Principal atendimento de saúde recebido foi em estabelecimento Público - Homens Jovens - Percentual";"Principal atendimento de saúde recebido foi em estabelecimento Público - Homens Jovens - Percentual";"Oculta";"Intranet";NA;0;0;NA;NA;"PPHJATPUB";"Oculta";"Social"
"13726";"PPMJATPUB";NA;NA;"Ativa";"IBGE";"Saúde";"Principal atendimento de saúde recebido foi em estabelecimento Público  - Mulheres Jovens - Percentu";"Principal atendimento de saúde recebido foi em estabelecimento Público  - Mulheres Jovens - Percentual";"Oculta";"Intranet";NA;0;0;NA;NA;"PPMJATPUB";"Oculta";"Social"
"13727";"PPJATPUB";NA;NA;"Ativa";"IBGE";"Saúde";"Principal atendimento de saúde recebido foi em estabelecimento Público  - Jovens - Percentual";"Principal atendimento de saúde recebido foi em estabelecimento Público  - Jovens - Percentual";"Oculta";"Intranet";NA;0;0;NA;NA;"PPJATPUB";"Oculta";"Social"
"13728";"PPHJATPRIV";NA;NA;"Ativa";"IBGE";"Saúde";"Principal atendimento de saúde recebido foi em estabelecimento Privado - Homens Jovens - Percentual";"Principal atendimento de saúde recebido foi em estabelecimento Privado - Homens Jovens - Percentual";"Oculta";"Intranet";NA;0;0;NA;NA;"PPHJATPRIV";"Oculta";"Social"
"13729";"PPMJATPRIV";NA;NA;"Ativa";"IBGE";"Saúde";"Principal atendimento de saúde recebido foi em estabelecimento Privado  - Mulheres Jovens - Percentu";"Principal atendimento de saúde recebido foi em estabelecimento Privado  - Mulheres Jovens - Percentual";"Oculta";"Intranet";NA;0;0;NA;NA;"PPMJATPRIV";"Oculta";"Social"
"13730";"PPJATPRIV";NA;NA;"Ativa";"IBGE";"Saúde";"Principal atendimento de saúde recebido foi em estabelecimento Privado  - Jovens - Percentual";"Principal atendimento de saúde recebido foi em estabelecimento Privado  - Jovens - Percentual";"Oculta";"Intranet";NA;0;0;NA;NA;"PPJATPRIV";"Oculta";"Social"
"13731";"PPHJATPOS";NA;NA;"Ativa";"IBGE";"Saúde";"Avaliação positiva do principal atendimento de saúde recebido - Homens Jovens - Percentual";"Avaliação positiva do principal atendimento de saúde recebido - Homens Jovens - Percentual";"Oculta";"Intranet";NA;0;0;NA;NA;"PPHJATPOS";"Oculta";"Social"
"13732";"PPMJATPOS";NA;NA;"Ativa";"IBGE";"Saúde";"Avaliação positiva do principal atendimento de saúde recebido - Mulheres Jovens - Percentual";"Avaliação positiva do principal atendimento de saúde recebido - Mulheres Jovens - Percentual";"Oculta";"Intranet";NA;0;0;NA;NA;"PPMJATPOS";"Oculta";"Social"
"13733";"PPJATPOS";NA;NA;"Ativa";"IBGE";"Saúde";"Avaliação positiva do principal atendimento de saúde recebido - Jovens - Percentual";"Avaliação positiva do principal atendimento de saúde recebido - Jovens - Percentual";"Oculta";"Intranet";NA;0;0;NA;NA;"PPJATPOS";"Oculta";"Social"
"13734";"PPHJATNEG";NA;NA;"Ativa";"IBGE";"Saúde";"Avaliação negativa do principal atendimento de saúde recebido - Homens Jovens - Percentual";"Avaliação negativa do principal atendimento de saúde recebido - Homens Jovens - Percentual";"Oculta";"Intranet";NA;0;0;NA;NA;"PPHJATNEG";"Oculta";"Social"
"13735";"PPMJATNEG";NA;NA;"Ativa";"IBGE";"Saúde";"Avaliação negativa do principal atendimento de saúde recebido - Mulheres Jovens - Percentual";"Avaliação negativa do principal atendimento de saúde recebido - Mulheres Jovens - Percentual";"Oculta";"Intranet";NA;0;0;NA;NA;"PPMJATNEG";"Oculta";"Social"
"13736";"PPJATNEG";NA;NA;"Ativa";"IBGE";"Saúde";"Avaliação negativa do principal atendimento de saúde recebido - Jovens - Percentual";"Avaliação negativa do principal atendimento de saúde recebido - Jovens - Percentual";"Oculta";"Intranet";NA;0;0;NA;NA;"PPJATNEG";"Oculta";"Social"
"13737";"PPMJFIL1519";NA;NA;"Ativa";"IBGE";"Saúde";"Tiveram filhos nascidos vivos - Mulheres Jovens - Idade 15-19 - Percentual";"Tiveram filhos nascidos vivos - Mulheres Jovens - Idade 15-19 - Percentual";"Oculta";"Intranet";NA;0;0;NA;NA;"PPMJFIL1519";"Oculta";"Social"
"13738";"PPMJFIL2024";NA;NA;"Ativa";"IBGE";"Saúde";"Tiveram filhos nascidos vivos - Mulheres Jovens - Idade 20-24 - Percentual";"Tiveram filhos nascidos vivos - Mulheres Jovens - Idade 20-24 - Percentual";"Oculta";"Intranet";NA;0;0;NA;NA;"PPMJFIL2024";"Oculta";"Social"
"13739";"PPMJFIL2529";NA;NA;"Ativa";"IBGE";"Saúde";"Tiveram filhos nascidos vivos - Mulheres Jovens - Idade 25-29 - Percentual";"Tiveram filhos nascidos vivos - Mulheres Jovens - Idade 25-29 - Percentual";"Oculta";"Intranet";NA;0;0;NA;NA;"PPMJFIL2529";"Oculta";"Social"
"13740";"PPMJFIL";NA;NA;"Ativa";"IBGE";"Saúde";"Tiveram filhos nascidos vivos - Mulheres Jovens - Percentual";"Tiveram filhos nascidos vivos - Mulheres Jovens - Percentual";"Oculta";"Intranet";NA;0;0;NA;NA;"PPMJFIL";"Oculta";"Social"
"13741";"RENDTOTHJ";NA;NA;"Ativa";"IBGE";"Renda";"Total de Rendimentos - Homens Jovens - Total";"Total de Rendimentos - Homens Jovens - Total";"Oculta";"Intranet";NA;0;0;NA;NA;"RENDTOTHJ";"Oculta";"Social"
"13742";"RENDTOTMJ";NA;NA;"Ativa";"IBGE";"Renda";"Total de Rendimentos - Mulheres Jovens - Total";"Total de Rendimentos - Mulheres Jovens - Total";"Oculta";"Intranet";NA;0;0;NA;NA;"RENDTOTMJ";"Oculta";"Social"
"13743";"RENDTOTJ";NA;NA;"Ativa";"IBGE";"Renda";"Total de Rendimentos - Jovens - Ambos os Sexos";"Total de Rendimentos - Jovens - Total";"Oculta";"Intranet";NA;0;0;NA;NA;"RENDTOTJ";"Oculta";"Social"
"13744";"RENDOMJ";NA;NA;"Ativa";"IBGE";"Renda";"Rendimento Domiciliar - Domicílios com presença de jovens";"Rendimento Domiciliar - Domicílios com presença de jovens";"Oculta";"Intranet";NA;0;0;NA;NA;"RENDOMJ";"Oculta";"Social"
"13745";"PPHJPOBR";NA;NA;"Ativa";"IBGE";"Renda";"Pobres - Homens Jovens - Total - Percentual";"Pobres - Homens Jovens - Total - Percentual";"Oculta";"Intranet";NA;0;0;NA;NA;"PPHJPOBR";"Oculta";"Social"
"13746";"PPMJPOBR";NA;NA;"Ativa";"IBGE";"Renda";"Pobres - Mulheres Jovens - Total - Percentual";"Pobres - Mulheres Jovens - Total - Percentual";"Oculta";"Intranet";NA;0;0;NA;NA;"PPMJPOBR";"Oculta";"Social"
"13747";"PPJPOBR";NA;NA;"Ativa";"IBGE";"Renda";"Pobres - Jovens - Proporção - Ambos os Sexos - Percentual";"Pobres - Jovens - Proporção -Total - Percentual";"Oculta";"Intranet";NA;0;0;NA;NA;"PPJPOBR";"Oculta";"Social"
"13748";"RMSMHJT";NA;NA;"Ativa";"IBGE";"Renda";"Rendimento Médio - Homens Jovens - Total";"Rendimento Médio - Homens Jovens - Total";"Oculta";"Intranet";NA;0;0;NA;NA;"RMSMHJT";"Oculta";"Social"
"13749";"RMSMMJT";NA;NA;"Ativa";"IBGE";"Renda";"Rendimento Médio - Mulheres Jovens - Total";"Rendimento Médio - Mulheres Jovens - Total";"Oculta";"Intranet";NA;0;0;NA;NA;"RMSMMJT";"Oculta";"Social"
"13750";"RMSMJT";NA;NA;"Ativa";"IBGE";"Renda";"Rendimento Médio - Jovens - Ambos os Sexos";"Rendimento Médio - Jovens - Total";"Oculta";"Intranet";NA;0;0;NA;NA;"RMSMJT";"Oculta";"Social"
"13751";"CRFRHJTRBT";NA;NA;"Ativa";"IBGE";"Renda";"Composição da Renda - Homens Jovens - Fonte de Renda - Trabalho - Total";"Composição da Renda - Homens Jovens - Fonte de Renda - Trabalho - Total";"Oculta";"Intranet";NA;0;0;NA;NA;"CRFRHJTRBT";"Oculta";"Social"
"13752";"CRFRMJTRBT";NA;NA;"Ativa";"IBGE";"Renda";"Composição da Renda - Mulheres Jovens - Fonte de Renda - Trabalho - Total";"Composição da Renda - Mulheres Jovens - Fonte de Renda - Trabalho - Total";"Oculta";"Intranet";NA;0;0;NA;NA;"CRFRMJTRBT";"Oculta";"Social"
"13753";"CRFRJTRBT";NA;NA;"Ativa";"IBGE";"Renda";"Composição da Renda - Jovens - Fonte de Renda - Trabalho - Ambos os Sexos";"Composição da Renda - Jovens - Fonte de Renda - Trabalho - Total";"Oculta";"Intranet";NA;0;0;NA;NA;"CRFRJTRBT";"Oculta";"Social"
"13754";"PPCRFAMRHJT";NA;NA;"Ativa";"IBGE";"Renda";"Participação Percentual na Renda Domiciliar - Renda  Homens Jovens - Total";"Participação Percentual na Renda Domiciliar - Renda  Homens Jovens - Total";"Oculta";"Intranet";NA;0;0;NA;NA;"PPCRFAMRHJT";"Oculta";"Social"
"13755";"PPCRFAMRMJT";NA;NA;"Ativa";"IBGE";"Renda";"Participação Percentual na Renda Domiciliar - Renda  Mulheres Jovens - Total";"Participação Percentual na Renda Domiciliar - Renda  Mulheres Jovens - Total";"Oculta";"Intranet";NA;0;0;NA;NA;"PPCRFAMRMJT";"Oculta";"Social"
"13756";"PPCRFAMRJT";NA;NA;"Ativa";"IBGE";"Renda";"Participação Percentual na Renda Domiciliar - Renda Jovens - Ambos os Sexos";"Participação Percentual na Renda Domiciliar - Renda Jovens - Total";"Oculta";"Intranet";NA;0;0;NA;NA;"PPCRFAMRJT";"Oculta";"Social"
"13757";"OBPHJ1519";NA;NA;"Ativa";NA;"Saúde";"Óbitos - Homens Jovens - Idade 15-19";"Óbitos - Homens Jovens - Idade 15-19";"Oculta";"Intranet";NA;0;0;NA;NA;"OBPHJ1519";"Oculta";"Social"
"13758";"OBPHJ2024";NA;NA;"Ativa";NA;"Saúde";"Óbitos - Homens Jovens - Idade 20-24";"Óbitos - Homens Jovens - Idade 20-24";"Oculta";"Intranet";NA;0;0;NA;NA;"OBPHJ2024";"Oculta";"Social"
"13759";"OBPHJ2529";NA;NA;"Ativa";NA;"Saúde";"Óbitos - Homens Jovens - Idade 25-29";"Óbitos - Homens Jovens - Idade 25-29";"Oculta";"Intranet";NA;0;0;NA;NA;"OBPHJ2529";"Oculta";"Social"
"13760";"OBPHJ";NA;NA;"Ativa";NA;"Saúde";"Óbitos - Homens Jovens";"Óbitos - Homens Jovens";"Oculta";"Intranet";NA;0;0;NA;NA;"OBPHJ";"Oculta";"Social"
"13761";"OBPMJ1519";NA;NA;"Ativa";NA;"Saúde";"Óbitos - Mulheres Jovens - Idade 15-19";"Óbitos - Mulheres Jovens - Idade 15-19";"Oculta";"Intranet";NA;0;0;NA;NA;"OBPMJ1519";"Oculta";"Social"
"13762";"OBPMJ2024";NA;NA;"Ativa";NA;"Saúde";"Óbitos - Mulheres Jovens - Idade 20-24";"Óbitos - Mulheres Jovens - Idade 20-24";"Oculta";"Intranet";NA;0;0;NA;NA;"OBPMJ2024";"Oculta";"Social"
"13763";"OBPMJ2529";NA;NA;"Ativa";NA;"Saúde";"Óbitos - Mulheres Jovens - Idade 25-29";"Óbitos - Mulheres Jovens - Idade 25-29";"Oculta";"Intranet";NA;0;0;NA;NA;"OBPMJ2529";"Oculta";"Social"
"13764";"OBPMJ";NA;NA;"Ativa";NA;"Saúde";"Óbitos - Mulheres Jovens";"Óbitos - Mulheres Jovens";"Oculta";"Intranet";NA;0;0;NA;NA;"OBPMJ";"Oculta";"Social"
"13765";"OBPJ1519";NA;NA;"Ativa";NA;"Saúde";"Óbitos - Jovens - Idade 15-19";"Óbitos - Jovens - Idade 15-19";"Oculta";"Intranet";NA;0;0;NA;NA;"OBPJ1519";"Oculta";"Social"
"13766";"OBPJ2024";NA;NA;"Ativa";NA;"Saúde";"Óbitos - Jovens - Idade 20-24";"Óbitos - Jovens - Idade 20-24";"Oculta";"Intranet";NA;0;0;NA;NA;"OBPJ2024";"Oculta";"Social"
"13767";"OBPJ2529";NA;NA;"Ativa";NA;"Saúde";"Óbitos - Jovens - Idade 25-29";"Óbitos - Jovens - Idade 25-29";"Oculta";"Intranet";NA;0;0;NA;NA;"OBPJ2529";"Oculta";"Social"
"13768";"OBPJ";NA;NA;"Ativa";NA;"Saúde";"Óbitos - Jovens";"Óbitos - Jovens";"Oculta";"Intranet";NA;0;0;NA;NA;"OBPJ";"Oculta";"Social"
"13769";"OBHJCEXT1519";NA;NA;"Ativa";NA;"Saúde";"Óbitos por causas externas de morbidade e mortalidade - Homens Jovens - Idade 15-19";"Óbitos por causas externas de morbidade e mortalidade - Homens Jovens - Idade 15-19";"Oculta";"Intranet";NA;0;0;NA;NA;"OBHJCEXT1519";"Oculta";"Social"
"13770";"OBHJCEXT2024";NA;NA;"Ativa";NA;"Saúde";"Óbitos por causas externas de morbidade e mortalidade - Homens Jovens - Idade 20-24";"Óbitos por causas externas de morbidade e mortalidade - Homens Jovens - Idade 20-24";"Oculta";"Intranet";NA;0;0;NA;NA;"OBHJCEXT2024";"Oculta";"Social"
"13771";"OBHJCEXT2529";NA;NA;"Ativa";NA;"Saúde";"Óbitos por causas externas de morbidade e mortalidade - Homens Jovens - Idade 25-29";"Óbitos por causas externas de morbidade e mortalidade - Homens Jovens - Idade 25-29";"Oculta";"Intranet";NA;0;0;NA;NA;"OBHJCEXT2529";"Oculta";"Social"
"13772";"OBHJCEXT";NA;NA;"Ativa";NA;"Saúde";"Óbitos por causas externas de morbidade e mortalidade - Homens Jovens";"Óbitos por causas externas de morbidade e mortalidade - Homens Jovens";"Oculta";"Intranet";NA;0;0;NA;NA;"OBHJCEXT";"Oculta";"Social"
"13773";"OBMJCEXT1519";NA;NA;"Ativa";NA;"Saúde";"Óbitos por causas externas de morbidade e mortalidade - Mulheres Jovens - Idade 15-19";"Óbitos por causas externas de morbidade e mortalidade - Mulheres Jovens - Idade 15-19";"Oculta";"Intranet";NA;0;0;NA;NA;"OBMJCEXT1519";"Oculta";"Social"
"13774";"OBMJCEXT2024";NA;NA;"Ativa";NA;"Saúde";"Óbitos por causas externas de morbidade e mortalidade - Mulheres Jovens - Idade 20-24";"Óbitos por causas externas de morbidade e mortalidade - Mulheres Jovens - Idade 20-24";"Oculta";"Intranet";NA;0;0;NA;NA;"OBMJCEXT2024";"Oculta";"Social"
"13775";"OBMJCEXT2529";NA;NA;"Ativa";NA;"Saúde";"Óbitos por causas externas de morbidade e mortalidade - Mulheres Jovens - Idade 25-29";"Óbitos por causas externas de morbidade e mortalidade - Mulheres Jovens - Idade 25-29";"Oculta";"Intranet";NA;0;0;NA;NA;"OBMJCEXT2529";"Oculta";"Social"
"13776";"OBMJCEXT";NA;NA;"Ativa";NA;"Saúde";"Óbitos por causas externas de morbidade e mortalidade - Mulheres Jovens";"Óbitos por causas externas de morbidade e mortalidade - Mulheres Jovens";"Oculta";"Intranet";NA;0;0;NA;NA;"OBMJCEXT";"Oculta";"Social"
"13777";"OBJCEXT1519";NA;NA;"Ativa";NA;"Saúde";"Óbitos por causas externas de morbidade e mortalidade - Jovens - Idade 15-19";"Óbitos por causas externas de morbidade e mortalidade - Jovens - Idade 15-19";"Oculta";"Intranet";NA;0;0;NA;NA;"OBJCEXT1519";"Oculta";"Social"
"13778";"OBJCEXT2024";NA;NA;"Ativa";NA;"Saúde";"Óbitos por causas externas de morbidade e mortalidade - Jovens - Idade 20-24";"Óbitos por causas externas de morbidade e mortalidade - Jovens - Idade 20-24";"Oculta";"Intranet";NA;0;0;NA;NA;"OBJCEXT2024";"Oculta";"Social"
"13779";"OBJCEXT2529";NA;NA;"Ativa";NA;"Saúde";"Óbitos por causas externas de morbidade e mortalidade - Jovens - Idade 25-29";"Óbitos por causas externas de morbidade e mortalidade - Jovens - Idade 25-29";"Oculta";"Intranet";NA;0;0;NA;NA;"OBJCEXT2529";"Oculta";"Social"
"13780";"OBJCEXT";NA;NA;"Ativa";NA;"Saúde";"Óbitos por causas externas de morbidade e mortalidade - Jovens";"Óbitos por causas externas de morbidade e mortalidade - Jovens";"Oculta";"Intranet";NA;0;0;NA;NA;"OBJCEXT";"Oculta";"Social"
"13781";"PHJOCEXT1519";NA;NA;"Ativa";NA;"Saúde";"Óbitos por causas externas de morbidade e mortalidade - Homens Jovens - Idade 15-19 - Percentual";"Óbitos por causas externas de morbidade e mortalidade - Homens Jovens - Idade 15-19 - Percentual";"Oculta";"Intranet";NA;0;0;NA;NA;"PHJOCEXT1519";"Oculta";"Social"
"13782";"PHJOCEXT2024";NA;NA;"Ativa";NA;"Saúde";"Óbitos por causas externas de morbidade e mortalidade - Homens Jovens - Idade 20-24 - Percentual";"Óbitos por causas externas de morbidade e mortalidade - Homens Jovens - Idade 20-24 - Percentual";"Oculta";"Intranet";NA;0;0;NA;NA;"PHJOCEXT2024";"Oculta";"Social"
"13783";"PHJOCEXT2529";NA;NA;"Ativa";NA;"Saúde";"Óbitos por causas externas de morbidade e mortalidade - Homens Jovens - Idade 25-29 - Percentual";"Óbitos por causas externas de morbidade e mortalidade - Homens Jovens - Idade 25-29 - Percentual";"Oculta";"Intranet";NA;0;0;NA;NA;"PHJOCEXT2529";"Oculta";"Social"
"13784";"PHJOCEXT";NA;NA;"Ativa";NA;"Saúde";"Óbitos por causas externas de morbidade e mortalidade - Homens Jovens - Percentual";"Óbitos por causas externas de morbidade e mortalidade - Homens Jovens - Percentual";"Oculta";"Intranet";NA;0;0;NA;NA;"PHJOCEXT";"Oculta";"Social"
"13785";"PMJOCEXT1519";NA;NA;"Ativa";NA;"Saúde";"Óbitos por causas externas de morbidade e mortalidade - Mulheres Jovens - Idade 15-19 - Percentual";"Óbitos por causas externas de morbidade e mortalidade - Mulheres Jovens - Idade 15-19 - Percentual";"Oculta";"Intranet";NA;0;0;NA;NA;"PMJOCEXT1519";"Oculta";"Social"
"13786";"PMJOCEXT2024";NA;NA;"Ativa";NA;"Saúde";"Óbitos por causas externas de morbidade e mortalidade - Mulheres Jovens - Idade 20-24 - Percentual";"Óbitos por causas externas de morbidade e mortalidade - Mulheres Jovens - Idade 20-24 - Percentual";"Oculta";"Intranet";NA;0;0;NA;NA;"PMJOCEXT2024";"Oculta";"Social"
"13787";"PMJOCEXT2529";NA;NA;"Ativa";NA;"Saúde";"Óbitos por causas externas de morbidade e mortalidade - Mulheres Jovens - Idade 25-29 - Percentual";"Óbitos por causas externas de morbidade e mortalidade - Mulheres Jovens - Idade 25-29 - Percentual";"Oculta";"Intranet";NA;0;0;NA;NA;"PMJOCEXT2529";"Oculta";"Social"
"13788";"PMJOCEXT";NA;NA;"Ativa";NA;"Saúde";"Óbitos por causas externas de morbidade e mortalidade - Mulheres Jovens - Percentual";"Óbitos por causas externas de morbidade e mortalidade - Mulheres Jovens - Percentual";"Oculta";"Intranet";NA;0;0;NA;NA;"PMJOCEXT";"Oculta";"Social"
"13789";"PJOCEXT1519";NA;NA;"Ativa";NA;"Saúde";"Óbitos por causas externas de morbidade e mortalidade - Jovens - Idade 15-19 - Percentual";"Óbitos por causas externas de morbidade e mortalidade - Jovens - Idade 15-19 - Percentual";"Oculta";"Intranet";NA;0;0;NA;NA;"PJOCEXT1519";"Oculta";"Social"
"13790";"PJOCEXT2024";NA;NA;"Ativa";NA;"Saúde";"Óbitos por causas externas de morbidade e mortalidade - Jovens - Idade 20-24 - Percentual";"Óbitos por causas externas de morbidade e mortalidade - Jovens - Idade 20-24 - Percentual";"Oculta";"Intranet";NA;0;0;NA;NA;"PJOCEXT2024";"Oculta";"Social"
"13791";"PJOCEXT2529";NA;NA;"Ativa";NA;"Saúde";"Óbitos por causas externas de morbidade e mortalidade - Jovens - Idade 25-29 - Percentual";"Óbitos por causas externas de morbidade e mortalidade - Jovens - Idade 25-29 - Percentual";"Oculta";"Intranet";NA;0;0;NA;NA;"PJOCEXT2529";"Oculta";"Social"
"13792";"PJOCEXT";NA;NA;"Ativa";NA;"Saúde";"Óbitos por causas externas de morbidade e mortalidade - Jovens - Percentual";"Óbitos por causas externas de morbidade e mortalidade - Jovens - Percentual";"Oculta";"Intranet";NA;0;0;NA;NA;"PJOCEXT";"Oculta";"Social"
"13793";"PHJOCOUT1519";NA;NA;"Ativa";NA;"Saúde";"Óbitos por outras causas - Homens Jovens - Idade 15-19 - Percentual";"Óbitos por outras causas - Homens Jovens - Idade 15-19 - Percentual";"Oculta";"Intranet";NA;0;0;NA;NA;"PHJOCOUT1519";"Oculta";"Social"
"13794";"PHJOCOUT2024";NA;NA;"Ativa";NA;"Saúde";"Óbitos por outras causas - Homens Jovens - Idade 20-24 - Percentual";"Óbitos por outras causas - Homens Jovens - Idade 20-24 - Percentual";"Oculta";"Intranet";NA;0;0;NA;NA;"PHJOCOUT2024";"Oculta";"Social"
"13795";"PHJOCOUT2529";NA;NA;"Ativa";NA;"Saúde";"Óbitos por outras causas - Homens Jovens - Idade 25-29 - Percentual";"Óbitos por outras causas - Homens Jovens - Idade 25-29 - Percentual";"Oculta";"Intranet";NA;0;0;NA;NA;"PHJOCOUT2529";"Oculta";"Social"
"13796";"PHJOCOUT";NA;NA;"Ativa";NA;"Saúde";"Óbitos por outras causas - Homens Jovens - Percentual";"Óbitos por outras causas - Homens Jovens - Percentual";"Oculta";"Intranet";NA;0;0;NA;NA;"PHJOCOUT";"Oculta";"Social"
"13797";"PMJOCOUT1519";NA;NA;"Ativa";NA;"Saúde";"Óbitos por outras causas - Mulheres Jovens - Idade 15-19 - Percentual";"Óbitos por outras causas - Mulheres Jovens - Idade 15-19 - Percentual";"Oculta";"Intranet";NA;0;0;NA;NA;"PMJOCOUT1519";"Oculta";"Social"
"13798";"PMJOCOUT2024";NA;NA;"Ativa";NA;"Saúde";"Óbitos por outras causas - Mulheres Jovens - Idade 20-24 - Percentual";"Óbitos por outras causas - Mulheres Jovens - Idade 20-24 - Percentual";"Oculta";"Intranet";NA;0;0;NA;NA;"PMJOCOUT2024";"Oculta";"Social"
"13799";"PMJOCOUT2529";NA;NA;"Ativa";NA;"Saúde";"Óbitos por outras causas - Mulheres Jovens - Idade 25-29 - Percentual";"Óbitos por outras causas - Mulheres Jovens - Idade 25-29 - Percentual";"Oculta";"Intranet";NA;0;0;NA;NA;"PMJOCOUT2529";"Oculta";"Social"
"13800";"PMJOCOUT";NA;NA;"Ativa";NA;"Saúde";"Óbitos por outras causas - Mulheres Jovens - Percentual";"Óbitos por outras causas - Mulheres Jovens - Percentual";"Oculta";"Intranet";NA;0;0;NA;NA;"PMJOCOUT";"Oculta";"Social"
"13801";"PJOCOUT1519";NA;NA;"Ativa";NA;"Saúde";"Óbitos por outras causas - Jovens - Idade 15-19 - Percentual";"Óbitos por outras causas - Jovens - Idade 15-19 - Percentual";"Oculta";"Intranet";NA;0;0;NA;NA;"PJOCOUT1519";"Oculta";"Social"
"13802";"PJOCOUT2024";NA;NA;"Ativa";NA;"Saúde";"Óbitos por outras causas - Jovens - Idade 20-24 - Percentual";"Óbitos por outras causas - Jovens - Idade 20-24 - Percentual";"Oculta";"Intranet";NA;0;0;NA;NA;"PJOCOUT2024";"Oculta";"Social"
"13803";"PJOCOUT2529";NA;NA;"Ativa";NA;"Saúde";"Óbitos por outras causas - Jovens - Idade 25-29 - Percentual";"Óbitos por outras causas - Jovens - Idade 25-29 - Percentual";"Oculta";"Intranet";NA;0;0;NA;NA;"PJOCOUT2529";"Oculta";"Social"
"13804";"PJOCOUT";NA;NA;"Ativa";NA;"Saúde";"Óbitos por outras causas - Jovens - Percentual";"Óbitos por outras causas - Jovens - Percentual";"Oculta";"Intranet";NA;0;0;NA;NA;"PJOCOUT";"Oculta";"Social"
"13805";"PHJOCETRAN1519";NA;NA;"Ativa";NA;"Saúde";"Óbitos por causas externas de morbidade e mortalidade - Acidentes de transporte - Homens Jovens - Id";"Óbitos por causas externas de morbidade e mortalidade - Acidentes de transporte - Homens Jovens - Idade 15-19 - Percentual";"Oculta";"Intranet";NA;0;0;NA;NA;"PHJOCETRAN1519";"Oculta";"Social"
"13806";"PHJOCETRAN2024";NA;NA;"Ativa";NA;"Saúde";"Óbitos por causas externas de morbidade e mortalidade - Acidentes de transporte - Homens Jovens - Id";"Óbitos por causas externas de morbidade e mortalidade - Acidentes de transporte - Homens Jovens - Idade 20-24 - Percentual";"Oculta";"Intranet";NA;0;0;NA;NA;"PHJOCETRAN2024";"Oculta";"Social"
"13807";"PHJOCETRAN2529";NA;NA;"Ativa";NA;"Saúde";"Óbitos por causas externas de morbidade e mortalidade - Acidentes de transporte - Homens Jovens - Id";"Óbitos por causas externas de morbidade e mortalidade - Acidentes de transporte - Homens Jovens - Idade 25-29 - Percentual";"Oculta";"Intranet";NA;0;0;NA;NA;"PHJOCETRAN2529";"Oculta";"Social"
"13808";"PHJOCETRAN";NA;NA;"Ativa";NA;"Saúde";"Óbitos por causas externas de morbidade e mortalidade - Acidentes de transporte - Homens Jovens - Pe";"Óbitos por causas externas de morbidade e mortalidade - Acidentes de transporte - Homens Jovens - Percentual";"Oculta";"Intranet";NA;0;0;NA;NA;"PHJOCETRAN";"Oculta";"Social"
"13809";"PMJOCETRAN1519";NA;NA;"Ativa";NA;"Saúde";"Óbitos por causas externas de morbidade e mortalidade - Acidentes de transporte - Mulheres Jovens -";"Óbitos por causas externas de morbidade e mortalidade - Acidentes de transporte - Mulheres Jovens - Idade 15-19 - Percentual";"Oculta";"Intranet";NA;0;0;NA;NA;"PMJOCETRAN1519";"Oculta";"Social"
"13810";"PMJOCETRAN2024";NA;NA;"Ativa";NA;"Saúde";"Óbitos por causas externas de morbidade e mortalidade - Acidentes de transporte - Mulheres Jovens -";"Óbitos por causas externas de morbidade e mortalidade - Acidentes de transporte - Mulheres Jovens - Idade 20-24 - Percentual";"Oculta";"Intranet";NA;0;0;NA;NA;"PMJOCETRAN2024";"Oculta";"Social"
"13811";"PMJOCETRAN2529";NA;NA;"Ativa";NA;"Saúde";"Óbitos por causas externas de morbidade e mortalidade - Acidentes de transporte - Mulheres Jovens -";"Óbitos por causas externas de morbidade e mortalidade - Acidentes de transporte - Mulheres Jovens - Idade 25-29 - Percentual";"Oculta";"Intranet";NA;0;0;NA;NA;"PMJOCETRAN2529";"Oculta";"Social"
"13812";"PMJOCETRAN";NA;NA;"Ativa";NA;"Saúde";"Óbitos por causas externas de morbidade e mortalidade - Acidentes de transporte - Mulheres Jovens -";"Óbitos por causas externas de morbidade e mortalidade - Acidentes de transporte - Mulheres Jovens - Percentual";"Oculta";"Intranet";NA;0;0;NA;NA;"PMJOCETRAN";"Oculta";"Social"
"13813";"PJOCETRAN1519";NA;NA;"Ativa";NA;"Saúde";"Óbitos por causas externas de morbidade e mortalidade - Acidentes de transporte - Jovens - Idade 15-";"Óbitos por causas externas de morbidade e mortalidade - Acidentes de transporte - Jovens - Idade 15-19 - Percentual";"Oculta";"Intranet";NA;0;0;NA;NA;"PJOCETRAN1519";"Oculta";"Social"
"13814";"PJOCETRAN2024";NA;NA;"Ativa";NA;"Saúde";"Óbitos por causas externas de morbidade e mortalidade - Acidentes de transporte - Jovens - Idade 20-";"Óbitos por causas externas de morbidade e mortalidade - Acidentes de transporte - Jovens - Idade 20-24 - Percentual";"Oculta";"Intranet";NA;0;0;NA;NA;"PJOCETRAN2024";"Oculta";"Social"
"13815";"PJOCETRAN2529";NA;NA;"Ativa";NA;"Saúde";"Óbitos por causas externas de morbidade e mortalidade - Acidentes de transporte - Jovens - Idade 25-";"Óbitos por causas externas de morbidade e mortalidade - Acidentes de transporte - Jovens - Idade 25-29 - Percentual";"Oculta";"Intranet";NA;0;0;NA;NA;"PJOCETRAN2529";"Oculta";"Social"
"13816";"PJTOCETRAN";NA;NA;"Ativa";NA;"Saúde";"Óbitos por causas externas de morbidade e mortalidade - Acidentes de transporte - Jovens - Percentua";"Óbitos por causas externas de morbidade e mortalidade - Acidentes de transporte - Jovens - Percentual";"Oculta";"Intranet";NA;0;0;NA;NA;"PJTOCETRAN";"Oculta";"Social"
"13817";"PHJOCEHOM1519";NA;NA;"Ativa";NA;"Saúde";"Óbitos por causas externas de morbidade e mortalidade - Homicídios - Homens Jovens - Idade 15-19 - P";"Óbitos por causas externas de morbidade e mortalidade - Homicídios - Homens Jovens - Idade 15-19 - Percentual";"Oculta";"Intranet";NA;0;0;NA;NA;"PHJOCEHOM1519";"Oculta";"Social"
"13818";"PHJOCEHOM2024";NA;NA;"Ativa";NA;"Saúde";"Óbitos por causas externas de morbidade e mortalidade - Homicídios - Homens Jovens - Idade 20-24 - P";"Óbitos por causas externas de morbidade e mortalidade - Homicídios - Homens Jovens - Idade 20-24 - Percentual";"Oculta";"Intranet";NA;0;0;NA;NA;"PHJOCEHOM2024";"Oculta";"Social"
"13819";"PHJOCEHOM2529";NA;NA;"Ativa";NA;"Saúde";"Óbitos por causas externas de morbidade e mortalidade - Homicídios - Homens Jovens - Idade 25-29 - P";"Óbitos por causas externas de morbidade e mortalidade - Homicídios - Homens Jovens - Idade 25-29 - Percentual";"Oculta";"Intranet";NA;0;0;NA;NA;"PHJOCEHOM2529";"Oculta";"Social"
"13820";"PHJOCEHOM";NA;NA;"Ativa";NA;"Saúde";"Óbitos por causas externas de morbidade e mortalidade - Homicídios - Homens Jovens - Percentual";"Óbitos por causas externas de morbidade e mortalidade - Homicídios - Homens Jovens - Percentual";"Oculta";"Intranet";NA;0;0;NA;NA;"PHJOCEHOM";"Oculta";"Social"
"13821";"PMJOCEHOM1519";NA;NA;"Ativa";NA;"Saúde";"Óbitos por causas externas de morbidade e mortalidade - Homicídios - Mulheres Jovens - Idade 15-19 -";"Óbitos por causas externas de morbidade e mortalidade - Homicídios - Mulheres Jovens - Idade 15-19 - Percentual";"Oculta";"Intranet";NA;0;0;NA;NA;"PMJOCEHOM1519";"Oculta";"Social"
"13822";"PMJOCEHOM2024";NA;NA;"Ativa";NA;"Saúde";"Óbitos por causas externas de morbidade e mortalidade - Homicídios - Mulheres Jovens - Idade 20-24 -";"Óbitos por causas externas de morbidade e mortalidade - Homicídios - Mulheres Jovens - Idade 20-24 - Percentual";"Oculta";"Intranet";NA;0;0;NA;NA;"PMJOCEHOM2024";"Oculta";"Social"
"13823";"PMJOCEHOM2529";NA;NA;"Ativa";NA;"Saúde";"Óbitos por causas externas de morbidade e mortalidade - Homicídios - Mulheres Jovens - Idade 25-29 -";"Óbitos por causas externas de morbidade e mortalidade - Homicídios - Mulheres Jovens - Idade 25-29 - Percentual";"Oculta";"Intranet";NA;0;0;NA;NA;"PMJOCEHOM2529";"Oculta";"Social"
"13824";"PMJOCEHOM";NA;NA;"Ativa";NA;"Saúde";"Óbitos por causas externas de morbidade e mortalidade - Homicídios - Mulheres Jovens - Percentual";"Óbitos por causas externas de morbidade e mortalidade - Homicídios - Mulheres Jovens - Percentual";"Oculta";"Intranet";NA;0;0;NA;NA;"PMJOCEHOM";"Oculta";"Social"
"13825";"PJOCEHOM1519";NA;NA;"Ativa";NA;"Saúde";"Óbitos por causas externas de morbidade e mortalidade - Homicídios - Jovens - Idade 15-19 - Percentu";"Óbitos por causas externas de morbidade e mortalidade - Homicídios - Jovens - Idade 15-19 - Percentual";"Oculta";"Intranet";NA;0;0;NA;NA;"PJOCEHOM1519";"Oculta";"Social"
"13826";"PJOCEHOM2024";NA;NA;"Ativa";NA;"Saúde";"Óbitos por causas externas de morbidade e mortalidade - Homicídios - Jovens - Idade 20-24 - Percentu";"Óbitos por causas externas de morbidade e mortalidade - Homicídios - Jovens - Idade 20-24 - Percentual";"Oculta";"Intranet";NA;0;0;NA;NA;"PJOCEHOM2024";"Oculta";"Social"
"13827";"PJOCEHOM2529";NA;NA;"Ativa";NA;"Saúde";"Óbitos por causas externas de morbidade e mortalidade - Homicídios - Jovens - Idade 25-29 - Percentu";"Óbitos por causas externas de morbidade e mortalidade - Homicídios - Jovens - Idade 25-29 - Percentual";"Oculta";"Intranet";NA;0;0;NA;NA;"PJOCEHOM2529";"Oculta";"Social"
"13828";"PJOCEHOM";NA;NA;"Ativa";NA;"Saúde";"Óbitos por causas externas de morbidade e mortalidade - Homicídios - Jovens - Percentual";"Óbitos por causas externas de morbidade e mortalidade - Homicídios - Jovens - Percentual";"Oculta";"Intranet";NA;0;0;NA;NA;"PJOCEHOM";"Oculta";"Social"
"13829";"PPJOCUP1519";NA;NA;"Ativa";"IBGE";"Mercado de trabalho";"População Ocupada - Jovens - Idade 15-19  - Percentual";"População Ocupada - Jovens - Idade 15-19  - Percentual";"Oculta";"Intranet";NA;0;0;NA;NA;"PPJOCUP1519";"Oculta";"Social"
"13830";"PPJOCUP2024";NA;NA;"Ativa";"IBGE";"Mercado de trabalho";"População Ocupada - Jovens  - Idade 20-24  - Percentual";"População Ocupada - Jovens  - Idade 20-24  - Percentual";"Oculta";"Intranet";NA;0;0;NA;NA;"PPJOCUP2024";"Oculta";"Social"
"13831";"PPJOCUP2529";NA;NA;"Ativa";"IBGE";"Mercado de trabalho";"População Ocupada - Jovens  - Idade 25-29  - Percentual";"População Ocupada - Jovens  - Idade 25-29  - Percentual";"Oculta";"Intranet";NA;0;0;NA;NA;"PPJOCUP2529";"Oculta";"Social"
"13832";"TXPTCJ1519";NA;NA;"Ativa";"IBGE";"Mercado de trabalho";"Taxa de Participação - Jovens - Idade 15-19";"Taxa de Participação - Jovens - Idade 15-19  ";"Oculta";"Intranet";NA;0;0;NA;NA;"TXPTCJ1519";"Oculta";"Social"
"13833";"TXPTCJ2024";NA;NA;"Ativa";"IBGE";"Mercado de trabalho";"Taxa de Participação - Jovens - Idade 20-24";" Taxa de Participação - Jovens - Idade 20-24 ";"Oculta";"Intranet";NA;0;0;NA;NA;"TXPTCJ2024";"Oculta";"Social"
"13834";"TXPTCJ2529";NA;NA;"Ativa";"IBGE";"Mercado de trabalho";"Taxa de Participação - Jovens - Idade 25-29";"Taxa de Participação - Jovens - Idade 25-29 ";"Oculta";"Intranet";NA;0;0;NA;NA;"TXPTCJ2529";"Oculta";"Social"
"13835";"HIST12_ERVBA12";NA;NA;"Inativa";"Outras fontes";"Câmbio";"Taxa de câmbio - libra esterlina / mil réis - BA";"Taxa de  câmbio média mensal da libra esterlina (réis por pence) na praça de Salvador (BA)";"Não oculta";"Internet";90;0;1;"Incluída em 05/out/2007 .";NA;"HIST12";"Internet";"Macro"
"13836";"HIST12_ERVMA12";NA;NA;"Inativa";"Outras fontes";"Câmbio";"Taxa de câmbio - libra esterlina / mil réis - MA";"Taxa de  câmbio média mensal da libra esterlina (réis por pence) na praça de São Luiz (MA)";"Não oculta";"Internet";90;0;1;"Incluída em 05/out/2007 .";NA;"HIST12";"Internet";"Macro"
"13837";"HIST12_ERVPE12";NA;NA;"Inativa";"Outras fontes";"Câmbio";"Taxa de câmbio - libra esterlina / mil réis - PE";"Taxa de  câmbio média mensal da libra esterlina (réis por pence) na praça de Recife (PE)";"Não oculta";"Internet";90;0;1;"Incluída em 05/out/2007 .";NA;"HIST12";"Internet";"Macro"
"13838";"TMP30MAM";NA;NA;"Ativa";"CRU";"Geográfico";"Estimativas das médias trimestrais de temperatura (°C): outono(mar-mai)";"Estimativas das médias trimestrais de temperatura (°C):outono(mar-mai)";"Não oculta";"Internet";NA;0;0;NA;NA;"TMP30MAM";"Internet";"Regional"
"13839";"TMP30JJA";NA;NA;"Ativa";"CRU";"Geográfico";"Estimativas das médias trimestrais de temperatura (°C): inverno(jun-ago)";"Estimativas das médias trimestrais de temperatura (°C): inverno(jun-ago)";"Não oculta";"Internet";NA;0;0;NA;NA;"TMP30JJA";"Internet";"Regional"
"13840";"TMP30SON";NA;NA;"Ativa";"CRU";"Geográfico";"Estimativas das médias trimestrais de temperatura (°C): primavera(set-nov)";"Estimativas das médias trimestrais de temperatura (°C): primavera(set-nov)";"Não oculta";"Internet";NA;0;0;NA;NA;"TMP30SON";"Internet";"Regional"
"13841";"PRE30DJF";NA;NA;"Ativa";"CRU";"Geográfico";"Estimativas das médias trimestrais precipitação pluviométrica(mm/mês): verão(dez-fev)";"Estimativas das médias trimestrais precipitação pluviométrica(mm/mês): verão(dez-fev)";"Não oculta";"Internet";NA;0;0;NA;NA;"PRE30DJF";"Internet";"Regional"
"13842";"PRE30MAM";NA;NA;"Ativa";"CRU";"Geográfico";"Estimativas das médias trimestrais precipitação pluviométrica(mm/mês): outono(mar-mai)";"Estimativas das médias trimestrais precipitação pluviométrica(mm/mês): outono(mar-mai)";"Não oculta";"Internet";NA;0;0;NA;NA;"PRE30MAM";"Internet";"Regional"
"13843";"PRE30JJA";NA;NA;"Ativa";"CRU";"Geográfico";"Estimativas das médias trimestrais precipitação pluviométrica(mm/mês):  inverno(jun-ago)";"Estimativas das médias trimestrais precipitação pluviométrica(mm/mês):  inverno(jun-ago)";"Não oculta";"Internet";NA;0;0;NA;NA;"PRE30JJA";"Internet";"Regional"
"13844";"PRE30SON";NA;NA;"Ativa";"CRU";"Geográfico";"Estimativas das médias trimestrais precipitação pluviométrica(mm/mês): primavera(set-nov)";"Estimativas das médias trimestrais precipitação pluviométrica(mm/mês): primavera(set-nov)";"Não oculta";"Internet";NA;0;0;NA;NA;"PRE30SON";"Internet";"Regional"
"13845";"TMP30DJF";NA;NA;"Ativa";"CRU";"Geográfico";"Estimativas das médias trimestrais de temperatura (°C): verão(dez-fev)";"Estimativas das médias trimestrais de temperatura (°C): verão(dez-fev)";"Não oculta";"Internet";NA;0;0;NA;NA;"TMP30DJF";"Internet";"Regional"
"13846";"PIBPOP";NA;NA;"Ativa";"IBGE";"Contas Regionais";"População preparada para o PIB Estadual(ponderador)";"População preparada para o PIB Estadual(ponderador)";"Não oculta";"Internet";NA;0;0;NA;NA;"PIBPOP";"Internet";"Regional"
"13847";"SGS_XGASOL";NA;NA;"Ativa";"MDIC/SECEX";"Comércio exterior";"Exportações - Gasolina";"Exportações - Gasolina";"Não oculta";"Internet";30;0;0;NA;NA;"SGS";"Internet";"Macro"
"13848";"SGS_XGASOLKG";NA;NA;"Ativa";"MDIC/SECEX";"Comércio exterior";"Exportações (Kg) - Gasolina";"Exportações (Kg) - Gasolina";"Não oculta";"Internet";370;0;0;NA;NA;"SGS";"Internet";"Macro"
"13849";"MPAS12_ARRBT12";NA;NA;"Ativa";"MPS";"Finanças públicas";"Fluxo de caixa da previdência - Arrecadação Bruta";"Fluxo de caixa da previdência - Arrecadação Bruta";"Não oculta";"Internet";60;0;0;"Incluída em 06/fev/2018";NA;"MPAS12";"Internet";"Macro"
"13850";"MPAS12_ARRLIQ12";NA;NA;"Ativa";"MPS";"Finanças públicas";"Fluxo de caixa da previdência - Arrecadação Líquida";"Fluxo de caixa da previdência - Arrecadação Líquida";"Não oculta";"Internet";60;0;0;"Incluída em 06/fev/2018";NA;"MPAS12";"Internet";"Macro"
"13851";"MPAS12_BENPREV12";NA;NA;"Ativa";"MPS";"Finanças públicas";"Fluxo de caixa da previdência - Benefícios Previdenciários";"Fluxo de caixa da previdência - Benefícios Previdenciários";"Não oculta";"Internet";60;0;0;"Incluída em 06/fev/2018";NA;"MPAS12";"Internet";"Macro"
"13852";"MPAS12_RESPRGPS12";NA;NA;"Ativa";"MPS";"Finanças públicas";"Fluxo de caixa da previdência - Resultado Primário do RGPS";"Fluxo de caixa da previdência - Resultado Primário do RGPS";"Não oculta";"Internet";60;0;0;"Incluída em 06/fev/2018";NA;"MPAS12";"Internet";"Macro"
"13853";"SCN10_PIB10";NA;NA;"Ativa";"IBGE/SCN 2010 Anual";"Contas nacionais";"PIB - preços de mercado - índice (base 2010 = 100)";"Produto interno bruto (PIB) a preços de mercado:  índice (base 2010 = 100)";"Não oculta";"Internet";360;0;0;"Incluída em 19 / março / 2019.";NA;"SCN10";"Internet";"Macro"
"13854";"SCN10_PIBPB10";NA;NA;"Ativa";"IBGE/SCN 2010 Anual";"Contas nacionais";"PIB - preços básicos - índice (base 2010 = 100)";"Produto interno bruto (PIB) a preços básicos:  índice (base 2010 = 100)";"Não oculta";"Internet";360;0;0;"Incluída em 19 / março / 2019.";NA;"SCN10";"Internet";"Macro"
"13855";"SCN10_VAAGRO10";NA;NA;"Ativa";"IBGE/SCN 2010 Anual";"Contas nacionais";"PIB - agropecuária - índice (base 2010 = 100)";"Produto interno bruto (PIB) - agropecuária:  índice (base 2010 = 100)";"Não oculta";"Internet";360;0;0;"Incluída em 19 / março / 2019.";NA;"SCN10";"Internet";"Macro"
"13856";"SCN10_VAEM10";NA;NA;"Ativa";"IBGE/SCN 2010 Anual";"Contas nacionais";"PIB - indústria - extrativa mineral - índice (base 2010 = 100)";"Produto interno bruto (PIB) - indústria extrativa mineral:  índice (base 2010 = 100)";"Não oculta";"Internet";360;0;0;"Incluída em 19 / março / 2019.";NA;"SCN10";"Internet";"Macro"
"13857";"SCN10_VAIT10";NA;NA;"Ativa";"IBGE/SCN 2010 Anual";"Contas nacionais";"PIB - indústria - transformação - índice (base 2010 = 100)";"Produto interno bruto (PIB) - indústria de transformação:  índice (base 2010 = 100)";"Não oculta";"Internet";360;0;0;"Incluída em 19 / março / 2019.";NA;"SCN10";"Internet";"Macro"
"13858";"SCN10_VASUP10";NA;NA;"Ativa";"IBGE/SCN 2010 Anual";"Contas nacionais";"PIB - indústria - eletricidade e gás, água, esgoto e limpeza urbana -  índice (base 2010 = 100)";"Produto interno bruto (PIB) - indústria - produção e distribuição de eletricidade e gás, água, esgoto e limpeza urbana:  índice (base 2010 = 100)";"Não oculta";"Internet";360;0;0;"Incluída em 19 / março / 2019.";NA;"SCN10";"Internet";"Macro"
"13859";"SCN10_VACO10";NA;NA;"Ativa";"IBGE/SCN 2010 Anual";"Contas nacionais";"PIB - indústria - construção civil - índice (base 2010 = 100)";"Produto interno bruto (PIB) - indústria - construção civil:  índice (base 2010 = 100)";"Não oculta";"Internet";360;0;0;"Incluída em 19 / março / 2019.";NA;"SCN10";"Internet";"Macro"
"13860";"SCN10_VAIND10";NA;NA;"Ativa";"IBGE/SCN 2010 Anual";"Contas nacionais";"PIB - indústria - índice (base 2010 = 100)";"Produto interno bruto (PIB) - indústria:  índice (base 2010 = 100)";"Não oculta";"Internet";360;0;0;"Incluída em 19 / março / 2019.";NA;"SCN10";"Internet";"Macro"
"13861";"SCN10_VACOM10";NA;NA;"Ativa";"IBGE/SCN 2010 Anual";"Contas nacionais";"PIB - serviços - comércio - índice (base 2010 = 100)";"Produto interno bruto (PIB) - serviços - comércio:  índice (base 2010 = 100)";"Não oculta";"Internet";360;0;0;"Incluída em 19 / março / 2019.";NA;"SCN10";"Internet";"Macro"
"13862";"SCN10_VATRA10";NA;NA;"Ativa";"IBGE/SCN 2010 Anual";"Contas nacionais";"PIB - serviços - transporte, armazenagem e correio - índice (base 2010 = 100)";"Produto interno bruto (PIB) - serviços - transporte, armazenagem e correios:  índice (base 2010 = 100)";"Não oculta";"Internet";360;0;0;"Incluída em 19 / março / 2019.";NA;"SCN10";"Internet";"Macro"
"13863";"SCN10_VACC10";NA;NA;"Ativa";"IBGE/SCN 2010 Anual";"Contas nacionais";"PIB - serviços - serviços de informação - índice (base 2010 = 100)";"Produto interno bruto (PIB) - serviços - serviços de informação:  índice (base 2010 = 100)";"Não oculta";"Internet";360;0;0;"Incluída em 19 / março / 2019.";NA;"SCN10";"Internet";"Macro"
"13864";"SCN10_VAIF10";NA;NA;"Ativa";"IBGE/SCN 2010 Anual";"Contas nacionais";"PIB - serviços - intermediação financeira - índice (base 2010 = 100)";"Produto interno bruto (PIB) - serviços - intermediação financeira, seguros e previdência complementar e serviços relacionados:  índice (base 2010 = 100)";"Não oculta";"Internet";360;0;0;"Incluída em 19 / março / 2019.";NA;"SCN10";"Internet";"Macro"
"13865";"SCN10_VAAL10";NA;NA;"Ativa";"IBGE/SCN 2010 Anual";"Contas nacionais";"PIB - serviços - atividades imobiliárias - índice (base 2010 = 100)";"Produto interno bruto (PIB) - serviços - atividades imobiliárias:  índice (base 2010 = 100)";"Não oculta";"Internet";360;0;0;"Incluída em 19 / março / 2019.";NA;"SCN10";"Internet";"Macro"
"13866";"SCN10_VAOUTS10";NA;NA;"Ativa";"IBGE/SCN 2010 Anual";"Contas nacionais";"PIB - serviços - outros - índice (base 2010 = 100)";"Produto interno bruto (PIB) - serviços - outros:  índice (base 2010 = 100)";"Não oculta";"Internet";360;0;0;"Incluída em 19 / março / 2019.";NA;"SCN10";"Internet";"Macro"
"13867";"SCN10_VASERV10";NA;NA;"Ativa";"IBGE/SCN 2010 Anual";"Contas nacionais";"PIB - serviços - índice (base 2010 = 100)";"Produto interno bruto (PIB) - serviços:  índice (base 2010 = 100)";"Não oculta";"Internet";360;0;0;"Incluída em 19 / março / 2019.";NA;"SCN10";"Internet";"Macro"
"13868";"SCN10_CT10";NA;NA;"Ativa";"IBGE/SCN 2010 Anual";"Contas nacionais";"Consumo final - índice (base 2010 = 100)";"Consumo final: índice (base 2010 = 100)";"Não oculta";"Internet";720;0;0;"Incluída em 19 / março / 2019.";NA;"SCN10";"Internet";"Macro"
"13869";"SCN10_CFISFLSF10";NA;NA;"Ativa";"IBGE/SCN 2010 Anual";"Contas nacionais";"Consumo final - ISFLSF - índice (base 2010 = 100)";"Consumo final das instituições sem fins de lucro a serviço das famílias (ISFLSF): índice (base 2010 = 100)";"Não oculta";"Internet";720;0;0;"Incluída em 19 / março / 2019.";NA;"SCN10";"Internet";"Macro"
"13870";"SCN10_CFPPNEX10";NA;NA;"Ativa";"IBGE/SCN 2010 Anual";"Contas nacionais";"Consumo final - famílias - exclusive ISFLSF - índice (base 2010 = 100)";"Consumo final das famílias - exclusive instituições sem fins de lucro a serviço das famílias (ISFLSF): índice (base 2010 = 100)";"Não oculta";"Internet";720;0;0;"Incluída em 19 / março / 2019.";NA;"SCN10";"Internet";"Macro"
"13871";"SCN10_CFG10";NA;NA;"Ativa";"IBGE/SCN 2010 Anual";"Contas nacionais";"Consumo final - governo - índice (base 2010 = 100)";"Consumo final do governo: índice (base 2010 = 100)";"Não oculta";"Internet";360;0;0;"Incluída em 19 / março / 2019.";NA;"SCN10";"Internet";"Macro"
"13872";"SCN10_FBKFC10";NA;NA;"Ativa";"IBGE/SCN 2010 Anual";"Contas nacionais";"Capital fixo - formação bruta - construção - índice (base 2010 = 100)";"Formação bruta de capital fixo - construção: índice (base 2010 = 100)";"Não oculta";"Internet";360;0;0;"Incluída em 19 / março / 2019.";NA;"SCN10";"Internet";"Macro"
"13873";"SCN10_FBKFM10";NA;NA;"Ativa";"IBGE/SCN 2010 Anual";"Contas nacionais";"Capital fixo - formação bruta - máquinas e equipamentos -  índice (base 2010 = 100)";"Formação bruta de capital fixo - máquinas e equipamentos: índice (base 2010 = 100)";"Não oculta";"Internet";360;0;0;"Incluída em 19 / março / 2019.";NA;"SCN10";"Internet";"Macro"
"13874";"SCN10_FBKFO10";NA;NA;"Ativa";"IBGE/SCN 2010 Anual";"Contas nacionais";"Capital fixo - formação bruta - outros -  índice (base 2010 = 100)";"Formação bruta de capital fixo - outros: índice (base 2010 = 100)";"Não oculta";"Internet";360;0;0;"Incluída em 19 / março / 2019.";NA;"SCN10";"Internet";"Macro"
"13875";"SCN10_FBKF10";NA;NA;"Ativa";"IBGE/SCN 2010 Anual";"Contas nacionais";"Capital fixo - formação bruta - índice (base 2010 = 100)";"Formação bruta de capital fixo: índice (base 2010 = 100)";"Não oculta";"Internet";360;0;0;"Incluída em 19 / março / 2019.";NA;"SCN10";"Internet";"Macro"
"13876";"SCN10_VESTO10";NA;NA;"Ativa";"IBGE/SCN 2010 Anual";"Contas nacionais";"Capital - formação bruta - variação de estoque - índice (base 2010 = 100)";"Formação bruta de capital - variação de estoque: índice (base 2010 = 100)";"Não oculta";"Internet";720;0;0;"Incluída em 19 / março / 2019.";NA;"SCN10";"Internet";"Macro"
"13877";"SCN10_FBK10";NA;NA;"Ativa";"IBGE/SCN 2010 Anual";"Contas nacionais";"Capital - formação bruta - índice (base 2010 = 100)";"Formação bruta de capital: índice (base 2010 = 100)";"Não oculta";"Internet";720;0;0;"Incluída em 19 / março / 2019.";NA;"SCN10";"Internet";"Macro"
"13878";"SCN10_XBSZ10";NA;NA;"Ativa";"IBGE/SCN 2010 Anual";"Contas nacionais";"Exportações - bens e serviços - índice (base 2010 = 100)";"Exportações de bens e serviços: índice (base 2010 = 100)";"Não oculta";"Internet";360;0;0;"Incluída em 19 / março / 2019.";NA;"SCN10";"Internet";"Macro"
"13879";"SCN10_MBSZ10";NA;NA;"Ativa";"IBGE/SCN 2010 Anual";"Contas nacionais";"Importações - bens e serviços - índice (base 2010 = 100)";"Importações de bens e serviços: índice (base 2010 = 100)";"Não oculta";"Internet";360;0;0;"Incluída em 19 / março / 2019.";NA;"SCN10";"Internet";"Macro"
"13880";"SCN10_PIBP10";NA;NA;"Ativa";"IBGE/SCN 2010 Anual";"Contas nacionais";"PIB - preços de mercado (preços 2010)";"Produto interno bruto (PIB) a preços de mercado (preços 2010)";"Não oculta";"Internet";360;0;0;"Incluída em 19 / março / 2019.";NA;"SCN10";"Internet";"Macro"
"13881";"SCN10_PIBPBP10";NA;NA;"Ativa";"IBGE/SCN 2010 Anual";"Contas nacionais";"PIB - preços básicos (preços 2010)";"Produto interno bruto (PIB) a preços básicos (preços 2010)";"Não oculta";"Internet";360;0;0;"Incluída em 19 / março / 2019.";NA;"SCN10";"Internet";"Macro"
"13882";"SCN10_VAAGROP10";NA;NA;"Ativa";"IBGE/SCN 2010 Anual";"Contas nacionais";"PIB - agropecuária (preços 2010)";"Produto interno bruto (PIB) - agropecuária (preços 2010)";"Não oculta";"Internet";360;0;0;"Incluída em 19 / março / 2019.";NA;"SCN10";"Internet";"Macro"
"13883";"SCN10_VAEMP10";NA;NA;"Ativa";"IBGE/SCN 2010 Anual";"Contas nacionais";"PIB - indústria - extrativa mineral (preços 2010)";"Produto interno bruto (PIB) - indústria extrativa mineral (preços 2010)";"Não oculta";"Internet";360;0;0;"Incluída em 19 / março / 2019.";NA;"SCN10";"Internet";"Macro"
"13884";"SCN10_VAITP10";NA;NA;"Ativa";"IBGE/SCN 2010 Anual";"Contas nacionais";"PIB - indústria - transformação (preços 2010)";"Produto interno bruto (PIB) - indústria de transformação (preços 2010)";"Não oculta";"Internet";360;0;0;"Incluída em 19 / março / 2019.";NA;"SCN10";"Internet";"Macro"
"13885";"SCN10_VASUPP10";NA;NA;"Ativa";"IBGE/SCN 2010 Anual";"Contas nacionais";"PIB - indústria - eletricidade e gás, água, esgoto e limpeza urbana (preços 2010)";"Produto interno bruto (PIB) - indústria - produção e distribuição de eletricidade e gás, água, esgoto e limpeza urbana (preços 2010)";"Não oculta";"Internet";360;0;0;"Incluída em 19 / março / 2019.";NA;"SCN10";"Internet";"Macro"
"13886";"SCN10_VACOP10";NA;NA;"Ativa";"IBGE/SCN 2010 Anual";"Contas nacionais";"PIB - indústria - construção civil (preços 2010)";"Produto interno bruto (PIB) - indústria - construção civil (preços 2010)";"Não oculta";"Internet";360;0;0;"Incluída em 19 / março / 2019.";NA;"SCN10";"Internet";"Macro"
"13887";"SCN10_VAINDP10";NA;NA;"Ativa";"IBGE/SCN 2010 Anual";"Contas nacionais";"PIB - indústria (preços 2010)";"Produto interno bruto (PIB) - indústria (preços 2010)";"Não oculta";"Internet";360;0;0;"Incluída em 19 / março / 2019.";NA;"SCN10";"Internet";"Macro"
"13888";"SCN10_VACOMP10";NA;NA;"Ativa";"IBGE/SCN 2010 Anual";"Contas nacionais";"PIB - serviços - comércio (preços 2010)";"Produto interno bruto (PIB) - serviços - comércio (preços 2010)";"Não oculta";"Internet";360;0;0;"Incluída em 19 / março / 2019.";NA;"SCN10";"Internet";"Macro"
"13889";"SCN10_VATRAP10";NA;NA;"Ativa";"IBGE/SCN 2010 Anual";"Contas nacionais";"PIB - serviços - transporte, armazenagem e correio (preços 2010)";"Produto interno bruto (PIB) - serviços - transporte, armazenagem e correios (preços 2010)";"Não oculta";"Internet";360;0;0;"Incluída em 19 / março / 2019.";NA;"SCN10";"Internet";"Macro"
"13890";"SCN10_VACCP10";NA;NA;"Ativa";"IBGE/SCN 2010 Anual";"Contas nacionais";"PIB - serviços - serviços de informação (preços 2010)";"Produto interno bruto (PIB) - serviços - serviços de informação (preços 2010)";"Não oculta";"Internet";360;0;0;"Incluída em 19 / março / 2019.";NA;"SCN10";"Internet";"Macro"
"13891";"SCN10_VAIFP10";NA;NA;"Ativa";"IBGE/SCN 2010 Anual";"Contas nacionais";"PIB - serviços - intermediação financeira (preços 2010)";"Produto interno bruto (PIB) - serviços - intermediação financeira, seguros e previdência complementar e serviços relacionados (preços 2010)";"Não oculta";"Internet";360;0;0;"Incluída em 19 / março / 2019.";NA;"SCN10";"Internet";"Macro"
"13892";"SCN10_VAALP10";NA;NA;"Ativa";"IBGE/SCN 2010 Anual";"Contas nacionais";"PIB - serviços - atividades imobiliárias (preços 2010)";"Produto interno bruto (PIB) - serviços - atividades imobiliárias (preços 2010)";"Não oculta";"Internet";360;0;0;"Incluída em 19 / março / 2019.";NA;"SCN10";"Internet";"Macro"
"13893";"SCN10_VAOUTSP10";NA;NA;"Ativa";"IBGE/SCN 2010 Anual";"Contas nacionais";"PIB - serviços - outros (preços 2010)";"Produto interno bruto (PIB) - serviços - outros (preços 2010)";"Não oculta";"Internet";360;0;0;"Incluída em 19 / março / 2019.";NA;"SCN10";"Internet";"Macro"
"13894";"SCN10_VAADMP10";NA;NA;"Ativa";"IBGE/SCN 2010 Anual";"Contas nacionais";"PIB - serviços - administração, saúde e educação públicas e seguridade social (preços 2010)";"Produto interno bruto (PIB) - serviços - administração, saúde e educação públicas e seguridade social (preços 2010)";"Não oculta";"Internet";360;0;0;"Incluída em 19 / março / 2019.";NA;"SCN10";"Internet";"Macro"
"13895";"SCN10_VASERVP10";NA;NA;"Ativa";"IBGE/SCN 2010 Anual";"Contas nacionais";"PIB - serviços (preços 2010)";"Produto interno bruto (PIB) - serviços (preços 2010)";"Não oculta";"Internet";360;0;0;"Incluída em 19 / março / 2019.";NA;"SCN10";"Internet";"Macro"
"13896";"SCN10_CTNP10";NA;NA;"Ativa";"IBGE/SCN 2010 Anual";"Contas nacionais";"Consumo final (preços 2010)";"Consumo final:(preços 2010)";"Não oculta";"Internet";720;0;0;"Incluída em 19 / março / 2019.";NA;"SCN10";"Internet";"Macro"
"13897";"SCN10_CFISFLSFNP10";NA;NA;"Ativa";"IBGE/SCN 2010 Anual";"Contas nacionais";"Consumo final - ISFLSF (preços 2010)";"Consumo final das instituições sem fins de lucro a serviço das famílias (ISFLSF) (preços 2010)";"Não oculta";"Internet";720;0;0;"Incluída em 19 / março / 2019.";NA;"SCN10";"Internet";"Macro"
"13898";"SCN10_CFPPNEXCP10";NA;NA;"Ativa";"IBGE/SCN 2010 Anual";"Contas nacionais";"Consumo final - famílias - exclusive ISFLSF (preços 2010)";"Consumo final das famílias - exclusive instituições sem fins de lucro a serviço das famílias (ISFLSF) (preços 2010)";"Não oculta";"Internet";720;0;0;"Incluída em 19 / março / 2019.";NA;"SCN10";"Internet";"Macro"
"13899";"SCN10_CFGP10";NA;NA;"Ativa";"IBGE/SCN 2010 Anual";"Contas nacionais";"Consumo final - governo (preços 2010)";"Consumo final do governo (preços 2010)";"Não oculta";"Internet";360;0;0;"Incluída em 19 / março / 2019.";NA;"SCN10";"Internet";"Macro"
"13900";"SCN10_FBKFCP10";NA;NA;"Ativa";"IBGE/SCN 2010 Anual";"Contas nacionais";"Capital fixo - formação bruta - construção (preços 2010)";"Formação bruta de capital fixo - construção (preços 2010)";"Não oculta";"Internet";360;0;0;"Incluída em 19 / março / 2019.";NA;"SCN10";"Internet";"Macro"
"13901";"SCN10_FBKFMP10";NA;NA;"Ativa";"IBGE/SCN 2010 Anual";"Contas nacionais";"Capital fixo - formação bruta - máquinas e equipamentos  (preços 2010)";"Formação bruta de capital fixo - máquinas e equipamentos (preços 2010)";"Não oculta";"Internet";360;0;0;"Incluída em 19 / março / 2019.";NA;"SCN10";"Internet";"Macro"
"13902";"SCN10_FBKFOP10";NA;NA;"Ativa";"IBGE/SCN 2010 Anual";"Contas nacionais";"Capital fixo - formação bruta - outros (preços 2010)";"Formação bruta de capital fixo - outros (preços 2010)";"Não oculta";"Internet";360;0;0;"Incluída em 19 / março / 2019.";NA;"SCN10";"Internet";"Macro"
"13903";"SCN10_FBKFP10";NA;NA;"Ativa";"IBGE/SCN 2010 Anual";"Contas nacionais";"Capital fixo - formação bruta (preços 2010)";"Formação bruta de capital fixo (preços 2010)";"Não oculta";"Internet";360;0;0;"Incluída em 19 / março / 2019.";NA;"SCN10";"Internet";"Macro"
"13904";"SCN10_VESTOP10";NA;NA;"Ativa";"IBGE/SCN 2010 Anual";"Contas nacionais";"Capital - formação bruta - variação de estoque (preços 2010)";"Formação bruta de capital - variação de estoque (preços 2010)";"Não oculta";"Internet";720;0;0;"Incluída em 19 / março / 2019.";NA;"SCN10";"Internet";"Macro"
"13905";"SCN10_FBKP10";NA;NA;"Ativa";"IBGE/SCN 2010 Anual";"Contas nacionais";"Capital - formação bruta (preços 2010)";"Formação bruta de capital (preços 2010)";"Não oculta";"Internet";720;0;0;"Incluída em 19 / março / 2019.";NA;"SCN10";"Internet";"Macro"
"13906";"SCN10_XBSZP10";NA;NA;"Ativa";"IBGE/SCN 2010 Anual";"Contas nacionais";"Exportações - bens e serviços (preços 2010)";"Exportações de bens e serviços (preços 2010)";"Não oculta";"Internet";360;0;0;"Incluída em 19 / março / 2019.";NA;"SCN10";"Internet";"Macro"
"13907";"SCN10_MBSZP10";NA;NA;"Ativa";"IBGE/SCN 2010 Anual";"Contas nacionais";"Importações - bens e serviços (preços 2010)";"Importações de bens e serviços (preços 2010)";"Não oculta";"Internet";360;0;0;"Incluída em 19 / março / 2019.";NA;"SCN10";"Internet";"Macro"
